0.00783031 6.90709
0.013688 0.106225
0.019231 1.86476
0.0249154 0.245806
0.0312784 1.51533
0.0375637 2.78476
0.0433917 4.63298
0.0492413 3.41964
0.0555754 3.06057
0.0619321 6.69861
0.067871 3.06723
0.0738098 6.70295
0.0800417 8.19716
0.0862327 7.79755
0.0921407 7.92254
0.0982031 8.67033
0.104506 8.86148
0.110769 5.79932
0.116806 9.0182
0.122832 10.3265
0.129052 10.298
0.135211 5.71826
0.141259 7.59757
0.147318 11.5249
0.153489 12.0174
0.159709 15.4447
0.165845 13.0794
0.171974 9.05393
0.178125 11.6889
0.184229 12.4865
0.19034 12.9596
0.196428 8.32398
0.202534 11.3489
0.208729 8.90072
0.214876 12.3625
0.220989 13.5403
0.227147 8.41942
0.23329 8.85461
0.239377 11.4398
0.245482 12.8505
0.251667 7.86525
0.257832 12.6418
0.263955 10.3886
0.270079 9.53933
0.27624 8.36678
0.282372 4.71503
0.28843 6.70107
0.294538 11.5101
0.300721 8.10502
0.30691 10.156
0.313033 7.23491
0.319153 7.18166
0.325316 6.48557
0.33145 5.88371
0.337538 4.40476
0.343633 5.77258
0.349808 1.67106
0.355968 4.34247
0.362074 2.47762
0.368217 3.78107
0.374374 2.90868
0.380519 6.64724
0.386598 3.44348
0.392688 3.15464
0.39888 4.26528
0.405048 -0.801468
0.411186 1.17105
0.417313 -1.30521
0.423458 -1.16339
0.429607 4.99672
0.435692 1.51761
0.441815 -2.13325
0.447964 -1.41165
0.454126 -1.09101
0.460267 -2.85207
0.466387 -2.2464
0.47254 -0.83361
0.478662 -5.64723
0.484765 -5.03872
0.490885 -5.19227
0.497035 -4.8458
0.503198 -5.72544
0.509342 -5.07921
0.515458 -9.00265
0.521598 -6.97668
0.527764 -8.36227
0.533884 -6.49477
0.54 -7.88087
0.546137 -9.17312
0.552299 -7.41194
0.558452 -7.40059
0.564573 -11.4909
0.570708 -8.77332
0.576825 -9.83243
0.582926 -9.02022
0.589034 -10.3301
0.595184 -12.42
0.601379 -10.3633
0.607522 -10.4553
0.613639 -11.199
0.619772 -14.1272
0.625918 -14.9252
0.632068 -14.0938
0.638161 -13.6878
0.6443 -15.1361
0.650464 -14.603
0.656582 -18.1903
0.662703 -13.5055
0.668861 -17.4823
0.675024 -18.0867
0.681124 -21.4664
0.687237 -18.0228
0.693381 -19.3605
0.699536 -18.5568
0.705665 -20.6767
0.711789 -19.8578
0.717957 -20.6886
0.72409 -20.0124
0.730186 -23.4156
0.736317 -21.4371
0.742472 -21.667
0.748622 -21.3162
0.75476 -21.2601
0.760888 -22.6558
0.767043 -22.6666
0.773185 -23.8343
0.779291 -24.6645
0.785407 -25.4023
0.791564 -23.9391
0.797719 -24.4656
0.803834 -25.9627
0.809972 -23.1663
0.816124 -24.9964
0.822261 -25.2529
0.828378 -25.9293
0.834502 -25.8391
0.840667 -25.9125
0.846816 -27.2487
0.852925 -29.2283
0.859047 -28.9276
0.865192 -27.4092
0.871341 -29.894
0.877463 -29.1124
0.883569 -31.1744
0.889708 -31.9212
0.895864 -32.6299
0.902008 -31.1697
0.908149 -30.8738
0.914301 -34.0403
0.920448 -32.5616
0.926574 -30.6338
0.932687 -32.129
0.938823 -33.1282
0.944975 -32.9221
0.951105 -36.7463
0.957225 -34.7394
0.963368 -34.5925
0.969511 -34.0126
0.975621 -34.3351
0.981748 -35.5482
0.987916 -35.552
0.99406 -37.6905
1.00019 -38.0287
1.00632 -38.2556
1.01246 -39.0605
1.01859 -36.0443
1.02471 -40.8022
1.03085 -39.6221
1.03698 -39.2693
1.04314 -39.1584
1.04929 -37.7946
1.05541 -38.966
1.06154 -41.3378
1.06769 -41.0417
1.07382 -39.6675
1.07993 -43.0669
1.08607 -40.9209
1.09222 -41.6836
1.09836 -41.6928
1.10449 -41.8416
1.11063 -42.3495
1.11677 -43.481
1.1229 -43.6323
1.12903 -44.0487
1.13518 -42.755
1.14131 -43.3943
1.14745 -42.9257
1.15359 -45.9713
1.15973 -46.581
1.16584 -45.5041
1.17197 -47.0013
1.17811 -44.9166
1.18424 -46.0195
1.19038 -43.9734
1.19652 -48.7044
1.20267 -46.7899
1.20881 -50.4108
1.21495 -47.2025
1.22108 -48.3245
1.2272 -49.0831
1.23334 -50.0979
1.23949 -50.1716
1.24562 -48.9849
1.25174 -49.1032
1.25789 -49.2391
1.26402 -49.0898
1.27014 -49.5296
1.27628 -51.2242
1.28244 -53.0529
1.28858 -51.2067
1.29471 -51.3965
1.30084 -51.6474
1.30697 -53.0146
1.31312 -52.8433
1.31925 -52.1419
1.32537 -52.8541
1.33151 -55.0617
1.33765 -52.4169
1.34378 -53.8393
1.34992 -53.1482
1.35606 -55.0244
1.3622 -53.5353
1.36833 -52.9114
1.37445 -54.4339
1.38059 -56.8495
1.38675 -56.2331
1.39288 -54.5717
1.39901 -55.4308
1.40515 -55.1448
1.4113 -56.377
1.41742 -56.8931
1.42355 -57.9443
1.4297 -54.5016
1.43585 -56.6969
1.44198 -55.3722
1.44809 -57.1138
1.45423 -58.5988
1.46036 -57.4395
1.46649 -57.2267
1.47263 -57.9453
1.47877 -58.247
1.48491 -59.2065
1.49104 -59.1982
1.49718 -62.7338
1.50333 -59.324
1.50947 -59.4226
1.5156 -59.2821
1.52172 -59.8996
1.52787 -59.0512
1.534 -60.4455
1.54013 -61.9164
1.54627 -61.5542
1.55241 -59.963
1.55855 -59.4702
1.56467 -60.3164
1.5708 -63.1549
