0.00783031 -1876.61
0.013688 115.206
0.019231 158.481
0.0249154 -254.503
0.0312784 318.568
0.0375637 -223.102
0.0433917 -147.163
0.0492413 -151.715
0.0555754 233.862
0.0619321 -257.559
0.067871 68.0104
0.0738098 -12.1376
0.0800417 -104.491
0.0862327 -205.81
0.0921407 -208.611
0.0982031 -229.654
0.104506 -214.397
0.110769 -141.74
0.116806 -112.331
0.122832 -128.206
0.129052 -141.301
0.135211 -108.625
0.141259 -171.979
0.147318 -109.849
0.153489 -138.365
0.159709 -173.735
0.165845 -163.453
0.171974 -154.452
0.178125 -139.128
0.184229 -163.871
0.19034 -165.842
0.196428 -146.413
0.202534 -137.249
0.208729 -133.387
0.214876 -147.74
0.220989 -137.58
0.227147 -134.115
0.23329 -140.352
0.239377 -123.338
0.245482 -142.482
0.251667 -126.391
0.257832 -115.455
0.263955 -140.092
0.270079 -133.37
0.27624 -133.713
0.282372 -129.018
0.28843 -129.69
0.294538 -127.653
0.300721 -131.741
0.30691 -118.738
0.313033 -123.82
0.319153 -106.899
0.325316 -115.676
0.33145 -114.874
0.337538 -118.311
0.343633 -117.647
0.349808 -119.03
0.355968 -115.733
0.362074 -110.589
0.368217 -103.039
0.374374 -104.941
0.380519 -112.557
0.386598 -109.39
0.392688 -109.068
0.39888 -104.732
0.405048 -103.685
0.411186 -105.075
0.417313 -95.9516
0.423458 -101.643
0.429607 -104.926
0.435692 -98.0857
0.441815 -97.8169
0.447964 -100.456
0.454126 -99.0077
0.460267 -95.5814
0.466387 -93.4338
0.47254 -99.7395
0.478662 -94.5992
0.484765 -95.8304
0.490885 -93.0815
0.497035 -93.8087
0.503198 -94.5268
0.509342 -88.8639
0.515458 -93.0889
0.521598 -92.4878
0.527764 -90.4445
0.533884 -91.2989
0.54 -86.4557
0.546137 -89.3812
0.552299 -85.5405
0.558452 -86.5118
0.564573 -88.5587
0.570708 -86.3055
0.576825 -88.7032
0.582926 -87.0262
0.589034 -82.568
0.595184 -86.4791
0.601379 -85.4605
0.607522 -84.2325
0.613639 -86.8089
0.619772 -82.4394
0.625918 -84.0566
0.632068 -82.7363
0.638161 -81.2614
0.6443 -81.7909
0.650464 -80.4625
0.656582 -81.176
0.662703 -79.6942
0.668861 -81.4505
0.675024 -80.1272
0.681124 -79.2049
0.687237 -78.8208
0.693381 -80.881
0.699536 -76.9457
0.705665 -79.6559
0.711789 -78.5978
0.717957 -77.4958
0.72409 -77.8319
0.730186 -74.9145
0.736317 -75.4766
0.742472 -77.2817
0.748622 -75.9406
0.75476 -73.7229
0.760888 -76.8929
0.767043 -75.7652
0.773185 -74.1692
0.779291 -74.0536
0.785407 -73.6668
0.791564 -73.5144
0.797719 -73.5556
0.803834 -74.5344
0.809972 -73.5838
0.816124 -72.8964
0.822261 -72.9997
0.828378 -72.2262
0.834502 -72.125
0.840667 -72.4145
0.846816 -72.1358
0.852925 -72.0633
0.859047 -71.701
0.865192 -71.9137
0.871341 -70.2017
0.877463 -70.7894
0.883569 -70.9804
0.889708 -71.2578
0.895864 -70.4765
0.902008 -68.5245
0.908149 -69.0656
0.914301 -69.7368
0.920448 -69.4589
0.926574 -68.3914
0.932687 -68.5424
0.938823 -69.0025
0.944975 -69.2467
0.951105 -68.7988
0.957225 -68.0653
0.963368 -68.7724
0.969511 -67.8513
0.975621 -67.7155
0.981748 -67.532
0.987916 -66.8515
0.99406 -67.9799
1.00019 -67.5836
1.00632 -67.3963
1.01246 -67.0196
1.01859 -65.9713
1.02471 -66.038
1.03085 -65.9372
1.03698 -65.8904
1.04314 -65.7054
1.04929 -64.502
1.05541 -65.6614
1.06154 -65.5311
1.06769 -65.2812
1.07382 -63.858
1.07993 -65.6959
1.08607 -64.0191
1.09222 -63.8631
1.09836 -63.6256
1.10449 -63.6063
1.11063 -63.2987
1.11677 -63.0651
1.1229 -62.7585
1.12903 -62.4265
1.13518 -61.7722
1.14131 -63.0692
1.14745 -62.0977
1.15359 -62.1141
1.15973 -62.8916
1.16584 -61.7318
1.17197 -61.3642
1.17811 -61.1029
1.18424 -61.0749
1.19038 -61.4233
1.19652 -60.6722
1.20267 -60.272
1.20881 -60.3876
1.21495 -59.8908
1.22108 -59.9667
1.2272 -59.9241
1.23334 -59.2011
1.23949 -59.435
1.24562 -58.7171
1.25174 -59.2465
1.25789 -58.6332
1.26402 -58.6451
1.27014 -58.6154
1.27628 -58.2648
1.28244 -57.9685
1.28858 -57.6661
1.29471 -58.3708
1.30084 -57.4531
1.30697 -57.2149
1.31312 -57.1721
1.31925 -56.8216
1.32537 -57.0879
1.33151 -56.7367
1.33765 -56.6998
1.34378 -56.3751
1.34992 -56.0563
1.35606 -55.9642
1.3622 -55.7053
1.36833 -54.5421
1.37445 -55.1513
1.38059 -55.4251
1.38675 -55.3194
1.39288 -55.0577
1.39901 -54.5158
1.40515 -54.1109
1.4113 -54.1694
1.41742 -54.3372
1.42355 -54.2439
1.4297 -53.5672
1.43585 -53.9018
1.44198 -53.5617
1.44809 -53.2787
1.45423 -53.1616
1.46036 -52.9874
1.46649 -52.4291
1.47263 -52.5677
1.47877 -52.5218
1.48491 -52.0684
1.49104 -52.0781
1.49718 -51.9671
1.50333 -51.4503
1.50947 -51.5329
1.5156 -51.587
1.52172 -51.1195
1.52787 -51.1301
1.534 -50.8543
1.54013 -50.3436
1.54627 -50.3217
1.55241 -49.9739
1.55855 -50.0246
1.56467 -49.9007
1.5708 -50.1902
