0.00783031 3925.72
0.013688 6602.25
0.019231 5126.63
0.0249154 5805.66
0.0312784 5643.7
0.0375637 4853.98
0.0433917 5182.88
0.0492413 4499.95
0.0555754 3903.87
0.0619321 3910.18
0.067871 3775.94
0.0738098 3552.12
0.0800417 3218.59
0.0862327 3216.37
0.0921407 2760.62
0.0982031 2727.24
0.104506 2584.41
0.110769 2423.09
0.116806 2313.13
0.122832 2341.52
0.129052 2091.44
0.135211 1991.81
0.141259 1900.67
0.147318 1906.12
0.153489 1743.69
0.159709 1791.26
0.165845 1631.04
0.171974 1624.36
0.178125 1523.77
0.184229 1449.52
0.19034 1375.35
0.196428 1364.09
0.202534 1288.68
0.208729 1281.15
0.214876 1250.4
0.220989 1197.65
0.227147 1144.33
0.23329 1109.43
0.239377 1083.07
0.245482 1082
0.251667 1011.33
0.257832 1005.38
0.263955 937.368
0.270079 932.595
0.27624 889.429
0.282372 850.405
0.28843 850.114
0.294538 830.253
0.300721 796.122
0.30691 809.2
0.313033 768.414
0.319153 755.267
0.325316 733.761
0.33145 695.931
0.337538 681.984
0.343633 678.239
0.349808 646.99
0.355968 647.043
0.362074 638.126
0.368217 621.95
0.374374 614.724
0.380519 597.934
0.386598 581.043
0.392688 569.85
0.39888 564.225
0.405048 544.991
0.411186 536.608
0.417313 533.276
0.423458 513.28
0.429607 509.335
0.435692 503.225
0.441815 481.998
0.447964 475.48
0.454126 474.981
0.460267 465.535
0.466387 458.223
0.47254 455.82
0.478662 440.256
0.484765 424.77
0.490885 427.982
0.497035 415.52
0.503198 413.915
0.509342 413.496
0.515458 393.665
0.521598 382.915
0.527764 389.223
0.533884 380.177
0.54 373.445
0.546137 367.079
0.552299 363.199
0.558452 360.361
0.564573 350.244
0.570708 345.282
0.576825 338.403
0.582926 335.048
0.589034 333.57
0.595184 327.926
0.601379 321.591
0.607522 317.233
0.613639 311.593
0.619772 309.645
0.625918 301.404
0.632068 294.876
0.638161 298.441
0.6443 287.073
0.650464 291.049
0.656582 283.275
0.662703 284.813
0.668861 271.421
0.675024 269.353
0.681124 267.516
0.687237 268.167
0.693381 259.56
0.699536 261.122
0.705665 251.088
0.711789 253.299
0.717957 245.12
0.72409 244.001
0.730186 244.588
0.736317 238.696
0.742472 235.99
0.748622 229.522
0.75476 233.139
0.760888 222.35
0.767043 223.06
0.773185 217.9
0.779291 214.707
0.785407 211.751
0.791564 212.852
0.797719 208.366
0.803834 206.055
0.809972 205.29
0.816124 203.039
0.822261 201.338
0.828378 194.244
0.834502 195.892
0.840667 190.925
0.846816 190.395
0.852925 183.827
0.859047 180.65
0.865192 181.2
0.871341 179.37
0.877463 178.381
0.883569 172.308
0.889708 169.548
0.895864 169.819
0.902008 169.187
0.908149 165.757
0.914301 161.937
0.920448 160.508
0.926574 160.515
0.932687 159.521
0.938823 154.835
0.944975 151.388
0.951105 149.119
0.957225 149.841
0.963368 146.061
0.969511 143.513
0.975621 143.603
0.981748 140.504
0.987916 140.29
0.99406 136.799
1.00019 134.912
1.00632 130.869
1.01246 131.104
1.01859 131.461
1.02471 127.826
1.03085 126.265
1.03698 124.958
1.04314 122.363
1.04929 124.904
1.05541 118.608
1.06154 116.638
1.06769 115.15
1.07382 116.519
1.07993 111.94
1.08607 114.277
1.09222 111.504
1.09836 109.732
1.10449 106.605
1.11063 106.212
1.11677 105.521
1.1229 103.48
1.12903 102.648
1.13518 101.184
1.14131 99.0325
1.14745 97.5315
1.15359 97.2932
1.15973 93.1873
1.16584 93.2787
1.17197 92.1892
1.17811 92.0658
1.18424 90.753
1.19038 89.1599
1.19652 86.2546
1.20267 86.2288
1.20881 84.0659
1.21495 83.5124
1.22108 82.2783
1.2272 80.2398
1.23334 79.347
1.23949 79.1843
1.24562 77.2846
1.25174 75.4186
1.25789 75.2721
1.26402 73.8924
1.27014 72.8079
1.27628 72.0495
1.28244 69.9297
1.28858 69.9287
1.29471 66.6525
1.30084 67.1885
1.30697 66.7958
1.31312 65.5655
1.31925 65.7785
1.32537 61.7509
1.33151 61.0421
1.33765 60.2652
1.34378 59.4033
1.34992 58.2866
1.35606 57.4037
1.3622 57.7429
1.36833 57.8683
1.37445 55.0942
1.38059 52.3676
1.38675 51.2256
1.39288 50.0238
1.39901 51.1273
1.40515 52.1779
1.4113 48.5124
1.41742 47.8811
1.42355 45.8375
1.4297 46.9842
1.43585 44.492
1.44198 44.461
1.44809 44.2641
1.45423 42.9885
1.46036 41.6809
1.46649 41.7643
1.47263 39.7891
1.47877 39.6087
1.48491 38.2377
1.49104 37.2064
1.49718 35.5797
1.50333 35.1668
1.50947 34.3422
1.5156 33.3298
1.52172 32.816
1.52787 31.6325
1.534 30.7076
1.54013 31.6662
1.54627 29.3606
1.55241 30.2377
1.55855 28.5824
1.56467 27.3821
1.5708 24.7367
