0.00783031 20533.8
0.013688 25341.6
0.019231 26070.7
0.0249154 23079.6
0.0312784 20115.6
0.0375637 17528
0.0433917 15513
0.0492413 13852.9
0.0555754 12544.9
0.0619321 11720.5
0.067871 10973
0.0738098 10494.8
0.0800417 9064.56
0.0862327 8499.06
0.0921407 7916.47
0.0982031 6927.31
0.104506 6729.45
0.110769 6183.96
0.116806 6147.8
0.122832 5708.81
0.129052 5604.8
0.135211 5516.45
0.141259 5164.06
0.147318 4818.13
0.153489 4549.31
0.159709 4377.9
0.165845 4072.87
0.171974 4046.99
0.178125 3866.41
0.184229 3827.57
0.19034 3703.04
0.196428 3649.51
0.202534 3461.25
0.208729 3401.33
0.214876 3320.17
0.220989 3175.63
0.227147 3141.02
0.23329 3137.51
0.239377 3034.41
0.245482 2944.56
0.251667 2897
0.257832 2808.07
0.263955 2819.94
0.270079 2729.96
0.27624 2710.95
0.282372 2668.65
0.28843 2646.6
0.294538 2567.56
0.300721 2525.22
0.30691 2445.13
0.313033 2456.86
0.319153 2440.54
0.325316 2367.62
0.33145 2342.8
0.337538 2307.68
0.343633 2264.72
0.349808 2275.38
0.355968 2231.65
0.362074 2241.25
0.368217 2183.86
0.374374 2167.27
0.380519 2136.14
0.386598 2125.7
0.392688 2088.81
0.39888 2054.24
0.405048 2068.82
0.411186 2038.34
0.417313 2006.73
0.423458 1980.69
0.429607 1959.78
0.435692 1936.93
0.441815 1950.38
0.447964 1924.71
0.454126 1896.57
0.460267 1897.42
0.466387 1869.82
0.47254 1861.24
0.478662 1844.71
0.484765 1828
0.490885 1796.43
0.497035 1794.58
0.503198 1777.75
0.509342 1776.25
0.515458 1770.65
0.521598 1742.05
0.527764 1738.91
0.533884 1706.56
0.54 1716.25
0.546137 1696.78
0.552299 1667.22
0.558452 1667.96
0.564573 1677.32
0.570708 1648.38
0.576825 1650.88
0.582926 1632.69
0.589034 1622.05
0.595184 1620.77
0.601379 1604.45
0.607522 1585.01
0.613639 1583.67
0.619772 1573.14
0.625918 1563.67
0.632068 1553.29
0.638161 1541.86
0.6443 1535.79
0.650464 1529.63
0.656582 1532.28
0.662703 1505.99
0.668861 1506.01
0.675024 1495.45
0.681124 1491.01
0.687237 1479.55
0.693381 1467.93
0.699536 1465.11
0.705665 1455.85
0.711789 1454.87
0.717957 1447.26
0.72409 1440.31
0.730186 1422.97
0.736317 1416.8
0.742472 1416.26
0.748622 1399.34
0.75476 1399.25
0.760888 1387.85
0.767043 1385.19
0.773185 1375.3
0.779291 1367.97
0.785407 1364.77
0.791564 1351.73
0.797719 1343.11
0.803834 1344.53
0.809972 1337.19
0.816124 1324.27
0.822261 1327.81
0.828378 1312
0.834502 1309.01
0.840667 1298.81
0.846816 1291.6
0.852925 1298.31
0.859047 1284.31
0.865192 1271.11
0.871341 1276.77
0.877463 1269.87
0.883569 1262.3
0.889708 1260.4
0.895864 1248.16
0.902008 1241.86
0.908149 1233.27
0.914301 1231.71
0.920448 1224.92
0.926574 1217.25
0.932687 1207.98
0.938823 1208.65
0.944975 1204.98
0.951105 1200.28
0.957225 1193.42
0.963368 1189.19
0.969511 1178.05
0.975621 1173.12
0.981748 1171.75
0.987916 1164.42
0.99406 1161.99
1.00019 1153.31
1.00632 1145.1
1.01246 1145.27
1.01859 1136.72
1.02471 1138.2
1.03085 1126.3
1.03698 1120.32
1.04314 1112.38
1.04929 1106.76
1.05541 1105.99
1.06154 1101.55
1.06769 1092.9
1.07382 1088.92
1.07993 1091.5
1.08607 1078.69
1.09222 1074.97
1.09836 1064.91
1.10449 1062.96
1.11063 1061.92
1.11677 1055.64
1.1229 1044.5
1.12903 1044.23
1.13518 1040.66
1.14131 1031.63
1.14745 1033.57
1.15359 1023.93
1.15973 1023.47
1.16584 1012.49
1.17197 1008.43
1.17811 1005.9
1.18424 1002.22
1.19038 991.989
1.19652 992.284
1.20267 985.074
1.20881 984.262
1.21495 979.452
1.22108 976.48
1.2272 971.464
1.23334 967.049
1.23949 962.497
1.24562 954.307
1.25174 951.099
1.25789 948.525
1.26402 942.895
1.27014 940.42
1.27628 935.893
1.28244 931.436
1.28858 926.689
1.29471 921.317
1.30084 914.299
1.30697 911.026
1.31312 907.845
1.31925 908.504
1.32537 903.18
1.33151 899.496
1.33765 894.166
1.34378 889.566
1.34992 883.686
1.35606 881.766
1.3622 876.882
1.36833 868.534
1.37445 870.362
1.38059 867.992
1.38675 863.146
1.39288 856.937
1.39901 853.493
1.40515 847.394
1.4113 847.031
1.41742 843.21
1.42355 837.03
1.4297 832.513
1.43585 828.965
1.44198 827.466
1.44809 823.836
1.45423 817.471
1.46036 814.88
1.46649 809.246
1.47263 806.276
1.47877 804.968
1.48491 799.734
1.49104 798.301
1.49718 795.776
1.50333 791.107
1.50947 786.302
1.5156 782.23
1.52172 780.17
1.52787 774.618
1.534 772.341
1.54013 767.827
1.54627 765.925
1.55241 762.264
1.55855 757.022
1.56467 752.825
1.5708 753.855
