0.00783031 20272.3
0.013688 25372.7
0.019231 25491.1
0.0249154 22929.8
0.0312784 19847
0.0375637 17064.9
0.0433917 14686.2
0.0492413 13184.1
0.0555754 11986.4
0.0619321 11064.1
0.067871 10275.7
0.0738098 9544.8
0.0800417 8256.25
0.0862327 7789.48
0.0921407 6865.93
0.0982031 6189.53
0.104506 5525.28
0.110769 5075.4
0.116806 4910.51
0.122832 4791.26
0.129052 4424.63
0.135211 4190.61
0.141259 3964.08
0.147318 3747.48
0.153489 3446.88
0.159709 3196.98
0.165845 3085.16
0.171974 2948.57
0.178125 2840.6
0.184229 2661.02
0.19034 2603.61
0.196428 2522.48
0.202534 2372.96
0.208729 2326.95
0.214876 2253.12
0.220989 2103.68
0.227147 2066.19
0.23329 1988.89
0.239377 1920.75
0.245482 1864.76
0.251667 1831.13
0.257832 1736.35
0.263955 1707.67
0.270079 1663.29
0.27624 1651.15
0.282372 1554.26
0.28843 1527.83
0.294538 1480.9
0.300721 1447.48
0.30691 1414.93
0.313033 1375.73
0.319153 1354.07
0.325316 1303.67
0.33145 1308.01
0.337538 1253.32
0.343633 1237.94
0.349808 1219.29
0.355968 1197.34
0.362074 1173.22
0.368217 1149.47
0.374374 1119.29
0.380519 1097.14
0.386598 1078.03
0.392688 1081.86
0.39888 1037.95
0.405048 1029.99
0.411186 1014.33
0.417313 996.277
0.423458 989.682
0.429607 970.514
0.435692 948.473
0.441815 933.681
0.447964 934.741
0.454126 907.836
0.460267 900.567
0.466387 887.332
0.47254 883.851
0.478662 860.57
0.484765 856.647
0.490885 840.287
0.497035 830.99
0.503198 821.501
0.509342 801.787
0.515458 800.191
0.521598 786.842
0.527764 784.323
0.533884 766.569
0.54 762.869
0.546137 753.998
0.552299 739.399
0.558452 737.505
0.564573 730.476
0.570708 722.19
0.576825 712.482
0.582926 703.992
0.589034 698.258
0.595184 691.015
0.601379 680.605
0.607522 675.751
0.613639 670.259
0.619772 658.845
0.625918 651.917
0.632068 651.233
0.638161 646.471
0.6443 636.379
0.650464 632.933
0.656582 620.185
0.662703 624.349
0.668861 611.445
0.675024 600.409
0.681124 601.336
0.687237 599.538
0.693381 591.293
0.699536 586.463
0.705665 580.34
0.711789 576.592
0.717957 570.723
0.72409 564.048
0.730186 560.202
0.736317 556.349
0.742472 551.155
0.748622 544.465
0.75476 542.471
0.760888 538.496
0.767043 531.797
0.773185 529.265
0.779291 521.678
0.785407 523.245
0.791564 512.323
0.797719 511.659
0.803834 506.258
0.809972 501.562
0.816124 495.53
0.822261 493.886
0.828378 492.689
0.834502 488.507
0.840667 478.981
0.846816 478.765
0.852925 475.451
0.859047 474.488
0.865192 467.849
0.871341 462.568
0.877463 459.727
0.883569 458.006
0.889708 454.137
0.895864 448.305
0.902008 445.454
0.908149 442.048
0.914301 438.313
0.920448 436.96
0.926574 428.904
0.932687 428.43
0.938823 423.336
0.944975 422.515
0.951105 421.242
0.957225 414.722
0.963368 412.825
0.969511 411.346
0.975621 407.508
0.981748 403.645
0.987916 401.281
0.99406 398.63
1.00019 395.906
1.00632 393.178
1.01246 388.374
1.01859 388.669
1.02471 383.416
1.03085 381.637
1.03698 378.356
1.04314 373.848
1.04929 371.912
1.05541 370.124
1.06154 367.843
1.06769 363.717
1.07382 362.157
1.07993 360.057
1.08607 356.282
1.09222 354.343
1.09836 351.855
1.10449 348.811
1.11063 347.239
1.11677 344.489
1.1229 340.889
1.12903 340.379
1.13518 336.014
1.14131 335.035
1.14745 333.162
1.15359 329.361
1.15973 326.326
1.16584 326.489
1.17197 323.252
1.17811 319.864
1.18424 318.491
1.19038 316.213
1.19652 313.878
1.20267 312.666
1.20881 309.514
1.21495 307.161
1.22108 305.081
1.2272 302.764
1.23334 300.886
1.23949 298.963
1.24562 297.062
1.25174 294.266
1.25789 293.07
1.26402 290.428
1.27014 288.366
1.27628 286.651
1.28244 284.111
1.28858 281.878
1.29471 279.968
1.30084 278.738
1.30697 276.273
1.31312 275.103
1.31925 272.092
1.32537 271.219
1.33151 269.35
1.33765 266.742
1.34378 264.471
1.34992 263.787
1.35606 261.786
1.3622 259.611
1.36833 257.01
1.37445 255.727
1.38059 254.464
1.38675 252.941
1.39288 251.048
1.39901 248.971
1.40515 246.97
1.4113 245.346
1.41742 244.266
1.42355 241.579
1.4297 240.675
1.43585 238.064
1.44198 237.553
1.44809 235.852
1.45423 233.941
1.46036 232.69
1.46649 230.812
1.47263 229.45
1.47877 227.707
1.48491 225.8
1.49104 223.702
1.49718 222.639
1.50333 220.764
1.50947 219.395
1.5156 217.677
1.52172 217.122
1.52787 215.471
1.534 214.623
1.54013 211.841
1.54627 210.819
1.55241 208.898
1.55855 207.178
1.56467 206.26
1.5708 205.632
