0.00783031 20672.7
0.013688 25866.4
0.019231 25332.6
0.0249154 23469.2
0.0312784 20323
0.0375637 16987.3
0.0433917 15290.3
0.0492413 13366.9
0.0555754 12733.4
0.0619321 11943.8
0.067871 10892.6
0.0738098 9994.98
0.0800417 9136.55
0.0862327 7899.65
0.0921407 7289.29
0.0982031 6690.23
0.104506 6252.47
0.110769 5806.2
0.116806 5364.92
0.122832 5287.68
0.129052 4973.76
0.135211 4784.59
0.141259 4509.73
0.147318 4269.56
0.153489 3936.74
0.159709 3700.06
0.165845 3558.88
0.171974 3404.83
0.178125 3304.92
0.184229 3218.74
0.19034 3038.31
0.196428 2974.57
0.202534 2880.73
0.208729 2760.26
0.214876 2631.61
0.220989 2576.12
0.227147 2476.14
0.23329 2398.49
0.239377 2373.35
0.245482 2303.53
0.251667 2236.13
0.257832 2145.84
0.263955 2088.84
0.270079 2083.17
0.27624 2017.52
0.282372 1968.81
0.28843 1916.92
0.294538 1855.53
0.300721 1832.07
0.30691 1821.95
0.313033 1784.11
0.319153 1734.06
0.325316 1701.9
0.33145 1681.8
0.337538 1645.86
0.343633 1626.07
0.349808 1594.98
0.355968 1560.52
0.362074 1523.4
0.368217 1505.92
0.374374 1499.85
0.380519 1447.43
0.386598 1422.23
0.392688 1420.28
0.39888 1379.43
0.405048 1366.28
0.411186 1354.2
0.417313 1341.29
0.423458 1315.98
0.429607 1292.09
0.435692 1275.02
0.441815 1260.6
0.447964 1247.14
0.454126 1230.42
0.460267 1216.14
0.466387 1195.76
0.47254 1180.11
0.478662 1169.49
0.484765 1142.75
0.490885 1139.94
0.497035 1130.24
0.503198 1110.26
0.509342 1105.47
0.515458 1084.81
0.521598 1076.53
0.527764 1070.59
0.533884 1051.04
0.54 1042.85
0.546137 1031.75
0.552299 1016.52
0.558452 1009.34
0.564573 998.203
0.570708 995.439
0.576825 969.581
0.582926 975.47
0.589034 953.978
0.595184 949.609
0.601379 939.342
0.607522 928.011
0.613639 919.329
0.619772 913.327
0.625918 901.799
0.632068 892.719
0.638161 889.546
0.6443 877.593
0.650464 867.842
0.656582 865.031
0.662703 851.285
0.668861 849.546
0.675024 837.145
0.681124 829.713
0.687237 826.657
0.693381 816.22
0.699536 810.709
0.705665 798.901
0.711789 795.023
0.717957 781.944
0.72409 778.187
0.730186 773.059
0.736317 763.778
0.742472 761.268
0.748622 749.203
0.75476 751.535
0.760888 738.313
0.767043 730.913
0.773185 724.839
0.779291 722.237
0.785407 712.488
0.791564 705.446
0.797719 701.783
0.803834 696.653
0.809972 690.403
0.816124 682.933
0.822261 676.507
0.828378 671.326
0.834502 666.457
0.840667 659.419
0.846816 651.632
0.852925 648.672
0.859047 643.434
0.865192 637.457
0.871341 631.408
0.877463 625.844
0.883569 625.803
0.889708 614.731
0.895864 608.477
0.902008 609.205
0.908149 601.073
0.914301 596.435
0.920448 586.912
0.926574 586.962
0.932687 583.191
0.938823 573.186
0.944975 573.732
0.951105 564.883
0.957225 560.721
0.963368 557.877
0.969511 553.186
0.975621 549.362
0.981748 542.54
0.987916 538.718
0.99406 534.952
1.00019 530.595
1.00632 525.542
1.01246 523.944
1.01859 519.592
1.02471 513.77
1.03085 507.959
1.03698 504.271
1.04314 501.196
1.04929 496.729
1.05541 493.643
1.06154 489.193
1.06769 484.952
1.07382 479.915
1.07993 476.556
1.08607 473.339
1.09222 469.192
1.09836 463.369
1.10449 460.395
1.11063 458.578
1.11677 454.359
1.1229 449.67
1.12903 447.798
1.13518 444.22
1.14131 438.655
1.14745 435.867
1.15359 431.723
1.15973 429.094
1.16584 427.057
1.17197 420.119
1.17811 419.564
1.18424 416.432
1.19038 412.784
1.19652 407.958
1.20267 405.791
1.20881 401.159
1.21495 398.807
1.22108 395.154
1.2272 390.42
1.23334 388.416
1.23949 385.93
1.24562 381.378
1.25174 379.735
1.25789 375.72
1.26402 373.892
1.27014 369.512
1.27628 366.844
1.28244 363.602
1.28858 360.681
1.29471 357.391
1.30084 355.33
1.30697 351.937
1.31312 348.271
1.31925 346.675
1.32537 344.136
1.33151 341.025
1.33765 337.99
1.34378 335.007
1.34992 332.389
1.35606 329.514
1.3622 326.575
1.36833 325.143
1.37445 320.451
1.38059 320.476
1.38675 315.221
1.39288 313.779
1.39901 310.996
1.40515 308.838
1.4113 306.179
1.41742 302.039
1.42355 301.362
1.4297 298.938
1.43585 295.829
1.44198 293.686
1.44809 291.916
1.45423 288.717
1.46036 286.105
1.46649 284.522
1.47263 282.241
1.47877 279.791
1.48491 276.56
1.49104 275.211
1.49718 273.369
1.50333 270.325
1.50947 267.85
1.5156 265.113
1.52172 263.187
1.52787 261.169
1.534 259.798
1.54013 257.293
1.54627 254.956
1.55241 252.589
1.55855 250.767
1.56467 248.997
1.5708 246.546
