0.00783031 63.4513
0.013688 69.2772
0.019231 71.0491
0.0249154 62.419
0.0312784 40.2295
0.0375637 20.3456
0.0433917 9.86482
0.0492413 -1.81765
0.0555754 -17.8008
0.0619321 -21.5261
0.067871 -35.8568
0.0738098 -42.9238
0.0800417 -47.3157
0.0862327 -52.1786
0.0921407 -56.6634
0.0982031 -60.1787
0.104506 -67.016
0.110769 -69.6834
0.116806 -71.4466
0.122832 -73.3094
0.129052 -76.1498
0.135211 -82.9671
0.141259 -86.2176
0.147318 -83.9939
0.153489 -83.8135
0.159709 -82.8732
0.165845 -87.4548
0.171974 -87.9374
0.178125 -89.2482
0.184229 -92.9241
0.19034 -96.6383
0.196428 -92.6146
0.202534 -94.4074
0.208729 -95.6036
0.214876 -94.9049
0.220989 -96.2527
0.227147 -93.5132
0.23329 -96.4456
0.239377 -96.2532
0.245482 -97.7129
0.251667 -99.3364
0.257832 -101.148
0.263955 -98.8708
0.270079 -101.981
0.27624 -100.374
0.282372 -100.505
0.28843 -99.1741
0.294538 -102.944
0.300721 -101.025
0.30691 -99.5871
0.313033 -100.291
0.319153 -100.375
0.325316 -101.192
0.33145 -104.239
0.337538 -101.317
0.343633 -102.243
0.349808 -100.693
0.355968 -101.229
0.362074 -103.788
0.368217 -101.426
0.374374 -99.661
0.380519 -102.023
0.386598 -100.747
0.392688 -101.46
0.39888 -102.843
0.405048 -101.385
0.411186 -101.227
0.417313 -100.487
0.423458 -100.978
0.429607 -101.224
0.435692 -101.809
0.441815 -101.397
0.447964 -100.245
0.454126 -100.291
0.460267 -100.692
0.466387 -100.964
0.47254 -101.391
0.478662 -100.746
0.484765 -101.327
0.490885 -101.049
0.497035 -99.528
0.503198 -99.3417
0.509342 -100.724
0.515458 -100.153
0.521598 -101.76
0.527764 -100.243
0.533884 -99.8423
0.54 -99.4823
0.546137 -98.9051
0.552299 -99.2718
0.558452 -100.086
0.564573 -97.8006
0.570708 -99.477
0.576825 -98.7112
0.582926 -98.3904
0.589034 -97.7206
0.595184 -99.1204
0.601379 -99.9361
0.607522 -97.5973
0.613639 -98.6768
0.619772 -98.7742
0.625918 -96.9657
0.632068 -97.6882
0.638161 -97.82
0.6443 -96.6396
0.650464 -96.7739
0.656582 -97.1365
0.662703 -96.0707
0.668861 -96.7912
0.675024 -97.3419
0.681124 -95.7561
0.687237 -95.6183
0.693381 -96.0579
0.699536 -95.0798
0.705665 -96.5533
0.711789 -95.5251
0.717957 -95.027
0.72409 -94.7736
0.730186 -94.7712
0.736317 -94.6441
0.742472 -94.1346
0.748622 -93.9789
0.75476 -93.5934
0.760888 -93.9542
0.767043 -92.4908
0.773185 -93.0896
0.779291 -92.6389
0.785407 -93.5434
0.791564 -92.6857
0.797719 -92.1278
0.803834 -91.4241
0.809972 -91.9756
0.816124 -91.6697
0.822261 -91.1408
0.828378 -90.792
0.834502 -90.2711
0.840667 -89.4242
0.846816 -89.915
0.852925 -89.9157
0.859047 -88.5665
0.865192 -89.1301
0.871341 -89.846
0.877463 -89.3423
0.883569 -88.1219
0.889708 -87.5227
0.895864 -88.2716
0.902008 -87.6377
0.908149 -87.5993
0.914301 -87.3609
0.920448 -86.1254
0.926574 -86.3435
0.932687 -86.0116
0.938823 -86.7741
0.944975 -85.7485
0.951105 -84.5411
0.957225 -84.7299
0.963368 -83.4282
0.969511 -84.0916
0.975621 -84.4574
0.981748 -83.6544
0.987916 -84.2509
0.99406 -83.1234
1.00019 -83.2642
1.00632 -83.3195
1.01246 -82.383
1.01859 -82.3886
1.02471 -82.9399
1.03085 -81.8112
1.03698 -81.2812
1.04314 -81.4583
1.04929 -80.5584
1.05541 -81.2373
1.06154 -80.1803
1.06769 -79.519
1.07382 -80.0939
1.07993 -80.0152
1.08607 -79.5182
1.09222 -78.4585
1.09836 -78.3759
1.10449 -78.6365
1.11063 -78.0264
1.11677 -77.6843
1.1229 -77.9331
1.12903 -77.2054
1.13518 -77.0872
1.14131 -76.9917
1.14745 -76.56
1.15359 -76.4968
1.15973 -75.4949
1.16584 -76.0924
1.17197 -75.7548
1.17811 -75.4815
1.18424 -75.0941
1.19038 -74.1322
1.19652 -74.5854
1.20267 -73.772
1.20881 -73.9555
1.21495 -73.4158
1.22108 -73.0935
1.2272 -72.5617
1.23334 -72.8512
1.23949 -72.266
1.24562 -71.9109
1.25174 -71.9026
1.25789 -71.7764
1.26402 -71.5278
1.27014 -71.0989
1.27628 -70.4206
1.28244 -70.5675
1.28858 -69.8109
1.29471 -69.8839
1.30084 -69.8905
1.30697 -69.9796
1.31312 -69.6888
1.31925 -69.1846
1.32537 -68.8124
1.33151 -68.005
1.33765 -68.23
1.34378 -67.9861
1.34992 -67.7986
1.35606 -67.2688
1.3622 -67.3504
1.36833 -67.5586
1.37445 -66.4702
1.38059 -66.7067
1.38675 -66.8701
1.39288 -66.634
1.39901 -66.0225
1.40515 -65.4659
1.4113 -65.464
1.41742 -65.3325
1.42355 -64.7076
1.4297 -64.4527
1.43585 -64.7393
1.44198 -64.3829
1.44809 -64.0887
1.45423 -64.0757
1.46036 -63.7387
1.46649 -63.8173
1.47263 -63.1397
1.47877 -63.2837
1.48491 -62.4953
1.49104 -63.0132
1.49718 -62.3138
1.50333 -62.4755
1.50947 -62.0893
1.5156 -61.5188
1.52172 -61.7194
1.52787 -61.1891
1.534 -61.6162
1.54013 -61.0629
1.54627 -60.7012
1.55241 -60.4869
1.55855 -60.2199
1.56467 -60.1887
1.5708 -59.6863
