0.00783031 0.215188
0.013688 0.233129
0.019231 0.310729
0.0249154 0.308959
0.0312784 0.307955
0.0375637 0.312219
0.0433917 0.392019
0.0492413 0.452845
0.0555754 0.534545
0.0619321 0.681335
0.067871 0.832555
0.0738098 0.98142
0.0800417 1.16808
0.0862327 1.40324
0.0921407 1.73678
0.0982031 1.83753
0.104506 2.18152
0.110769 2.56744
0.116806 2.83341
0.122832 3.12801
0.129052 3.55282
0.135211 4.03498
0.141259 4.37176
0.147318 4.80096
0.153489 5.12802
0.159709 5.7129
0.165845 6.35928
0.171974 6.91512
0.178125 7.38379
0.184229 8.00525
0.19034 8.75935
0.196428 9.1639
0.202534 9.76956
0.208729 10.2819
0.214876 11.0726
0.220989 11.679
0.227147 12.1781
0.23329 13.0215
0.239377 13.9272
0.245482 14.3649
0.251667 15.4861
0.257832 16.2677
0.263955 16.9773
0.270079 17.8356
0.27624 18.3393
0.282372 19.4187
0.28843 20.1967
0.294538 21.1445
0.300721 21.9455
0.30691 22.5031
0.313033 23.8374
0.319153 24.622
0.325316 25.3042
0.33145 26.6679
0.337538 27.2959
0.343633 28.5345
0.349808 29.0197
0.355968 30.2468
0.362074 31.516
0.368217 31.9026
0.374374 32.6052
0.380519 34.0174
0.386598 34.9225
0.392688 36.0888
0.39888 37.316
0.405048 38.1309
0.411186 38.9071
0.417313 39.996
0.423458 40.8994
0.429607 42.5627
0.435692 43.4313
0.441815 44.2401
0.447964 45.0606
0.454126 46.487
0.460267 47.2442
0.466387 48.5237
0.47254 50.016
0.478662 51.6175
0.484765 52.1447
0.490885 53.2978
0.497035 53.7382
0.503198 55.2459
0.509342 56.2732
0.515458 57.4113
0.521598 58.9743
0.527764 59.5185
0.533884 60.7937
0.54 61.656
0.546137 62.7023
0.552299 63.8103
0.558452 64.9891
0.564573 65.5819
0.570708 67.2348
0.576825 67.5616
0.582926 68.927
0.589034 70.2326
0.595184 71.2654
0.601379 72.7221
0.607522 73.5305
0.613639 74.1718
0.619772 75.7417
0.625918 76.3084
0.632068 77.8217
0.638161 78.8734
0.6443 79.748
0.650464 80.6737
0.656582 82.1298
0.662703 82.4556
0.668861 83.6282
0.675024 85.3437
0.681124 85.0715
0.687237 86.8003
0.693381 87.5892
0.699536 88.2212
0.705665 89.7625
0.711789 90.6769
0.717957 92.0147
0.72409 92.6083
0.730186 93.2718
0.736317 94.0369
0.742472 94.7939
0.748622 95.991
0.75476 97.1497
0.760888 98.1168
0.767043 98.8787
0.773185 99.8366
0.779291 100.44
0.785407 101.436
0.791564 102.51
0.797719 103.651
0.803834 103.713
0.809972 104.938
0.816124 105.23
0.822261 105.922
0.828378 106.867
0.834502 107.514
0.840667 107.958
0.846816 108.485
0.852925 109.954
0.859047 110.714
0.865192 111.269
0.871341 112.021
0.877463 112.948
0.883569 113.004
0.889708 113.806
0.895864 114.336
0.902008 115.188
0.908149 115.669
0.914301 116.335
0.920448 116.755
0.926574 117.665
0.932687 117.492
0.938823 118.958
0.944975 119.233
0.951105 119.48
0.957225 119.825
0.963368 119.988
0.969511 121.397
0.975621 121.977
0.981748 122.151
0.987916 122.89
0.99406 123.198
1.00019 123.617
1.00632 124.27
1.01246 124.515
1.01859 125.583
1.02471 126.021
1.03085 126.29
1.03698 126.202
1.04314 127.029
1.04929 127.398
1.05541 127.547
1.06154 128.038
1.06769 128.11
1.07382 128.689
1.07993 129.642
1.08607 129.39
1.09222 129.893
1.09836 129.815
1.10449 130.253
1.11063 131.075
1.11677 130.973
1.1229 131.175
1.12903 131.499
1.13518 132.079
1.14131 132.193
1.14745 132.195
1.15359 133.044
1.15973 133.189
1.16584 133.699
1.17197 133.412
1.17811 133.856
1.18424 133.718
1.19038 133.936
1.19652 134.278
1.20267 134.082
1.20881 134.902
1.21495 134.836
1.22108 134.977
1.2272 135.424
1.23334 135.58
1.23949 135.37
1.24562 135.524
1.25174 136.043
1.25789 136.37
1.26402 136.4
1.27014 136.431
1.27628 136.615
1.28244 136.76
1.28858 136.298
1.29471 136.932
1.30084 137.309
1.30697 137.619
1.31312 137.533
1.31925 137.612
1.32537 137.682
1.33151 137.84
1.33765 137.906
1.34378 137.762
1.34992 138.36
1.35606 138.338
1.3622 138.643
1.36833 138.933
1.37445 138.36
1.38059 138.982
1.38675 139.045
1.39288 139.093
1.39901 138.579
1.40515 138.939
1.4113 139.609
1.41742 140.021
1.42355 139.206
1.4297 139.567
1.43585 139.656
1.44198 140.016
1.44809 140.36
1.45423 139.664
1.46036 139.981
1.46649 140.041
1.47263 140.078
1.47877 140.212
1.48491 140.412
1.49104 140.81
1.49718 140.31
1.50333 140.803
1.50947 140.842
1.5156 140.395
1.52172 140.725
1.52787 140.72
1.534 141.063
1.54013 140.984
1.54627 140.826
1.55241 140.931
1.55855 140.802
1.56467 140.985
1.5708 141.014
