0.00783031 1595.69
0.013688 786.071
0.019231 3453.84
0.0249154 1034.08
0.0312784 1544.68
0.0375637 575.898
0.0433917 1047.59
0.0492413 1384.55
0.0555754 702.03
0.0619321 732.771
0.067871 1311.67
0.0738098 1289.67
0.0800417 1302.52
0.0862327 1027.85
0.0921407 1528.38
0.0982031 1790.84
0.104506 1459.28
0.110769 1607.3
0.116806 1518.12
0.122832 1676.71
0.129052 1778.66
0.135211 1791.94
0.141259 1939.72
0.147318 1979.31
0.153489 1884.97
0.159709 1913.01
0.165845 1950.76
0.171974 1900.96
0.178125 1942.89
0.184229 2034.74
0.19034 1896.62
0.196428 1928.24
0.202534 1940.11
0.208729 2029.38
0.214876 2045.68
0.220989 2006.95
0.227147 2022.66
0.23329 2069.83
0.239377 1987.42
0.245482 2050.26
0.251667 2032.1
0.257832 1950.19
0.263955 2027.31
0.270079 1979.7
0.27624 2054.09
0.282372 2078.81
0.28843 2022.09
0.294538 2051.92
0.300721 2046.36
0.30691 2044.82
0.313033 1998.38
0.319153 2024.37
0.325316 2054.91
0.33145 1988.21
0.337538 1998.32
0.343633 2015.42
0.349808 2007.7
0.355968 1985.13
0.362074 1973.19
0.368217 1966.73
0.374374 1990.01
0.380519 1955.37
0.386598 2007.48
0.392688 1968.98
0.39888 1935.87
0.405048 1960.5
0.411186 1943.96
0.417313 1950.32
0.423458 1961.12
0.429607 1951.9
0.435692 1930.66
0.441815 1937.77
0.447964 1938.45
0.454126 1940.82
0.460267 1920.98
0.466387 1907.28
0.47254 1903.21
0.478662 1889.93
0.484765 1907.21
0.490885 1924.83
0.497035 1905.32
0.503198 1891.49
0.509342 1879.71
0.515458 1876.71
0.521598 1888.22
0.527764 1876.86
0.533884 1860.13
0.54 1866.23
0.546137 1865.89
0.552299 1849.64
0.558452 1854.1
0.564573 1838.52
0.570708 1839.52
0.576825 1844.34
0.582926 1836.27
0.589034 1832.27
0.595184 1842.31
0.601379 1832.47
0.607522 1813.34
0.613639 1818.27
0.619772 1803.67
0.625918 1826.52
0.632068 1805.67
0.638161 1790.42
0.6443 1804.77
0.650464 1783.68
0.656582 1780.21
0.662703 1768.73
0.668861 1772.29
0.675024 1769.42
0.681124 1760.06
0.687237 1770.25
0.693381 1763.52
0.699536 1769.3
0.705665 1755.37
0.711789 1757.12
0.717957 1749.56
0.72409 1750.54
0.730186 1741.03
0.736317 1736.7
0.742472 1724.83
0.748622 1726.09
0.75476 1711.18
0.760888 1709.13
0.767043 1697.95
0.773185 1696.3
0.779291 1701.07
0.785407 1691.28
0.791564 1696.23
0.797719 1686.72
0.803834 1674.6
0.809972 1670.22
0.816124 1664.31
0.822261 1668.33
0.828378 1661.94
0.834502 1660.96
0.840667 1661.98
0.846816 1648.9
0.852925 1637.72
0.859047 1645.64
0.865192 1629.41
0.871341 1631.61
0.877463 1628.86
0.883569 1622.2
0.889708 1618.8
0.895864 1616.96
0.902008 1604.8
0.908149 1600.7
0.914301 1600.27
0.920448 1591.21
0.926574 1582.43
0.932687 1588.87
0.938823 1584.92
0.944975 1581.23
0.951105 1570.91
0.957225 1571.16
0.963368 1560.47
0.969511 1563.13
0.975621 1552.84
0.981748 1546.74
0.987916 1548.47
0.99406 1543.21
1.00019 1534.32
1.00632 1537.24
1.01246 1526.99
1.01859 1523.4
1.02471 1517.84
1.03085 1518.15
1.03698 1509.84
1.04314 1505.29
1.04929 1498.69
1.05541 1493.11
1.06154 1488.99
1.06769 1484.89
1.07382 1484.88
1.07993 1477.59
1.08607 1476.14
1.09222 1470.61
1.09836 1460.77
1.10449 1461.7
1.11063 1452.35
1.11677 1450.04
1.1229 1446.31
1.12903 1443.17
1.13518 1438.83
1.14131 1435.36
1.14745 1423
1.15359 1421.42
1.15973 1423
1.16584 1413.81
1.17197 1411.68
1.17811 1404.18
1.18424 1402.7
1.19038 1399.11
1.19652 1394.62
1.20267 1391.96
1.20881 1385.04
1.21495 1375.66
1.22108 1373.19
1.2272 1373.18
1.23334 1363.48
1.23949 1362.25
1.24562 1358.3
1.25174 1349.5
1.25789 1349.76
1.26402 1347.91
1.27014 1343.82
1.27628 1342.67
1.28244 1337.13
1.28858 1328.49
1.29471 1328.76
1.30084 1317.81
1.30697 1322.14
1.31312 1315.79
1.31925 1314.36
1.32537 1307.04
1.33151 1296.07
1.33765 1297.46
1.34378 1293.1
1.34992 1287.97
1.35606 1287.18
1.3622 1280.71
1.36833 1274.62
1.37445 1272.76
1.38059 1268.55
1.38675 1266.07
1.39288 1263.34
1.39901 1256.62
1.40515 1252.93
1.4113 1248.93
1.41742 1245.44
1.42355 1239.91
1.4297 1237.07
1.43585 1230.06
1.44198 1229.99
1.44809 1225.3
1.45423 1219.51
1.46036 1220.06
1.46649 1213.29
1.47263 1208.35
1.47877 1201.02
1.48491 1201.05
1.49104 1195.6
1.49718 1191.14
1.50333 1186.34
1.50947 1186.37
1.5156 1181.07
1.52172 1178.16
1.52787 1172.1
1.534 1169.76
1.54013 1169.81
1.54627 1160.67
1.55241 1158.68
1.55855 1149.75
1.56467 1151.83
1.5708 1148.3
