0.00783031 0.0174046
0.013688 0.0294382
0.019231 0.0445517
0.0249154 0.0550807
0.0312784 0.0838171
0.0375637 0.107992
0.0433917 0.146033
0.0492413 0.1835
0.0555754 0.231859
0.0619321 0.305353
0.067871 0.40703
0.0738098 0.495839
0.0800417 0.602872
0.0862327 0.678125
0.0921407 0.805052
0.0982031 0.910403
0.104506 1.04114
0.110769 1.20966
0.116806 1.3479
0.122832 1.55907
0.129052 1.79579
0.135211 2.0083
0.141259 2.21754
0.147318 2.34651
0.153489 2.5649
0.159709 2.88092
0.165845 3.0639
0.171974 3.40732
0.178125 3.63642
0.184229 3.99746
0.19034 4.29194
0.196428 4.66963
0.202534 4.92156
0.208729 5.15896
0.214876 5.60114
0.220989 5.90748
0.227147 6.27341
0.23329 6.70486
0.239377 7.06295
0.245482 7.2758
0.251667 7.88005
0.257832 8.19277
0.263955 8.76947
0.270079 8.94308
0.27624 9.48794
0.282372 9.95125
0.28843 10.4055
0.294538 10.8045
0.300721 11.3506
0.30691 11.6574
0.313033 12.3676
0.319153 12.6571
0.325316 13.2372
0.33145 13.6962
0.337538 14.1575
0.343633 14.7105
0.349808 15.2638
0.355968 15.6995
0.362074 16.3557
0.368217 16.8177
0.374374 17.3129
0.380519 17.9772
0.386598 18.6627
0.392688 19.2038
0.39888 19.8269
0.405048 20.3802
0.411186 20.7423
0.417313 21.5291
0.423458 21.9878
0.429607 22.6289
0.435692 23.1056
0.441815 23.8535
0.447964 24.4377
0.454126 25.0487
0.460267 25.8589
0.466387 26.6124
0.47254 27.0151
0.478662 27.7
0.484765 28.2839
0.490885 28.8737
0.497035 29.6186
0.503198 30.4636
0.509342 31.1986
0.515458 31.5059
0.521598 32.4853
0.527764 33.29
0.533884 33.7616
0.54 34.4268
0.546137 35.287
0.552299 35.9065
0.558452 36.6205
0.564573 37.6681
0.570708 38.1151
0.576825 38.9941
0.582926 39.6875
0.589034 40.5107
0.595184 41.1342
0.601379 41.7541
0.607522 42.7668
0.613639 43.0803
0.619772 44.042
0.625918 44.8923
0.632068 45.5743
0.638161 46.2225
0.6443 46.912
0.650464 48.0149
0.656582 48.4197
0.662703 49.6127
0.668861 50.1662
0.675024 51.3999
0.681124 51.7783
0.687237 52.682
0.693381 53.3614
0.699536 54.2921
0.705665 54.7698
0.711789 55.6876
0.717957 56.422
0.72409 57.4018
0.730186 58.094
0.736317 58.7702
0.742472 59.9768
0.748622 60.7487
0.75476 61.6301
0.760888 62.0483
0.767043 62.9908
0.773185 63.9325
0.779291 64.6178
0.785407 65.5845
0.791564 65.908
0.797719 67.086
0.803834 67.6144
0.809972 68.1913
0.816124 69.4818
0.822261 70.5964
0.828378 71.1033
0.834502 71.9163
0.840667 72.8464
0.846816 73.4062
0.852925 74.3462
0.859047 75.2434
0.865192 76.012
0.871341 76.7148
0.877463 76.8368
0.883569 78.5172
0.889708 79.0794
0.895864 79.548
0.902008 80.8088
0.908149 81.3014
0.914301 82.6409
0.920448 83.1081
0.926574 83.5523
0.932687 85.1419
0.938823 85.5441
0.944975 85.8717
0.951105 87.2548
0.957225 88.032
0.963368 89.0735
0.969511 89.7246
0.975621 89.943
0.981748 91.0045
0.987916 91.3851
0.99406 92.2627
1.00019 92.6814
1.00632 93.6325
1.01246 93.9429
1.01859 94.6239
1.02471 95.612
1.03085 96.8643
1.03698 97.6398
1.04314 98.0949
1.04929 98.53
1.05541 99.7156
1.06154 100.228
1.06769 101.004
1.07382 101.85
1.07993 102.022
1.08607 103.165
1.09222 103.364
1.09836 104.455
1.10449 104.446
1.11063 105.766
1.11677 106.569
1.1229 107.091
1.12903 107.596
1.13518 108.105
1.14131 108.918
1.14745 109.637
1.15359 110.315
1.15973 110.487
1.16584 111.188
1.17197 111.595
1.17811 112.685
1.18424 113.482
1.19038 113.537
1.19652 114.359
1.20267 114.732
1.20881 115.687
1.21495 115.808
1.22108 117.06
1.2272 116.866
1.23334 117.91
1.23949 117.894
1.24562 118.72
1.25174 119.42
1.25789 120.167
1.26402 120.451
1.27014 121.032
1.27628 120.656
1.28244 121.807
1.28858 122.643
1.29471 123.014
1.30084 123.285
1.30697 123.39
1.31312 124.289
1.31925 124.721
1.32537 124.876
1.33151 125.646
1.33765 125.77
1.34378 126.497
1.34992 126.741
1.35606 127.364
1.3622 128.215
1.36833 127.945
1.37445 128.758
1.38059 129.303
1.38675 129.684
1.39288 129.883
1.39901 130.202
1.40515 130.585
1.4113 131.305
1.41742 131.452
1.42355 131.296
1.4297 132.038
1.43585 132.504
1.44198 132.947
1.44809 133.375
1.45423 133.588
1.46036 133.397
1.46649 133.923
1.47263 134.457
1.47877 135.162
1.48491 135.036
1.49104 135.74
1.49718 135.629
1.50333 135.987
1.50947 136.639
1.5156 136.528
1.52172 136.784
1.52787 137.601
1.534 137.32
1.54013 137.791
1.54627 138.203
1.55241 138.278
1.55855 138.721
1.56467 138.651
1.5708 139.103
