#  k  (h/Mpc)          P(k)  (Mpc/h)^3     P_linear(k)   P_NL(k) (Mpc/h)^3
     0.00783031         20356.1         20513.5           20402 
       0.013688         25156.3         25365.8         25170.4 
       0.019231         25414.9         25635.4         25378.2 
      0.0249154         23102.6         23617.7         23341.1 
      0.0312784         20112.3         20361.8         20072.2 
      0.0375637         17002.6         17287.6         17029.1 
      0.0433917         14597.5         15046.4         14768.3 
      0.0492413         12909.6         13439.5         13172.6 
      0.0555754         11725.2         12280.2         12034.8 
      0.0619321         10591.6         11423.3         11182.2 
       0.067871         10287.2         10674.3         10455.7 
      0.0738098         9368.03         9842.08         9530.37 
      0.0800417         8531.57         8856.08         8604.23 
      0.0862327         7441.11         7841.33          7739.8 
      0.0921407         6596.55         6940.55         6884.81 
      0.0982031         5998.83         6164.83         6243.98 
       0.104506         5416.06         5561.75         5737.32 
       0.110769         4969.92         5155.89         5263.08 
       0.116806         4774.77         4889.47         4964.46 
       0.122832          4378.9         4677.07         4752.13 
       0.129052         4223.13         4453.97         4522.27 
       0.135211         3969.36         4193.92         4269.83 
       0.141259         3643.64         3896.12         4050.54 
       0.147318         3368.71         3576.26         3807.16 
       0.153489         3173.08          3260.5         3472.32 
       0.159709         3053.72         2982.04         3265.67 
       0.165845         2811.79         2764.14         3130.37 
       0.171974         2707.21         2604.93         2961.41 
       0.178125          2517.8          2488.7         2879.78 
       0.184229         2436.61          2396.6         2743.09 
        0.19034         2318.36         2308.28         2640.78 
       0.196428         2218.96         2211.01            2533 
       0.202534         2072.08         2098.34         2448.32 
       0.208729         2003.02         1971.83          2315.9 
       0.214876         1948.11         1845.05         2253.38 
       0.220989         1822.28         1727.42         2179.44 
       0.227147         1785.65          1625.3         2105.71 
        0.23329          1670.3          1542.2         2040.86 
       0.239377         1620.91         1476.79         1962.14 
       0.245482          1537.7         1423.17         1881.11 
       0.251667         1491.43         1374.77          1839.5 
       0.257832         1457.39         1326.38         1781.24 
       0.263955         1409.48         1274.55         1732.73 
       0.270079          1330.3         1218.63         1683.96 
        0.27624         1274.85         1160.63         1632.19 
       0.282372         1242.18         1104.16         1604.22 
        0.28843         1188.51         1052.29         1569.55 
       0.294538         1149.92         1005.98         1521.93 
       0.300721         1134.96         965.772         1476.82 
        0.30691         1073.57         931.185         1457.29 
       0.313033         1062.09         900.669         1412.21 
       0.319153         1023.42         871.904         1373.99 
       0.325316         993.396         843.127         1354.28 
        0.33145         959.666         813.802         1308.65 
       0.337538         933.961         783.968         1289.04 
       0.343633         903.345         754.209         1273.23 
       0.349808         890.071         725.137         1252.72 
       0.355968         859.446         698.007         1228.96 
       0.362074         827.927         673.396         1205.73 
       0.368217         805.347         651.053         1177.75 
       0.374374         794.892         630.664         1155.05 
       0.380519         769.351         611.687         1134.08 
       0.386598         743.969         593.734         1119.14 
       0.392688         731.715         576.093         1099.03 
        0.39888         725.791         558.266         1080.83 
       0.405048         698.577         540.636         1062.65 
       0.411186         670.133         523.443         1045.26 
       0.417313         665.403         506.946         1032.01 
       0.423458          648.89         491.257         1012.47 
       0.429607         633.246         476.511         996.142 
       0.435692         615.332         462.871         974.373 
       0.441815         603.744          450.01         971.353 
       0.447964         590.842         437.712         961.022 
       0.454126         574.003         425.821         934.613 
       0.460267         561.754         414.316         932.964 
       0.466387         553.398         403.106         917.372 
        0.47254         541.755         392.064         904.495 
       0.478662         529.155          381.36         891.387 
       0.484765         519.717         371.082         882.092 
       0.490885         507.998         361.225         865.542 
       0.497035         500.279         351.758         858.122 
       0.503198         492.318         342.709         848.092 
       0.509342         479.279         334.099         833.605 
       0.515458         469.006         325.875         827.949 
       0.521598         460.795         317.898         819.807 
       0.527764          453.73         310.109         812.946 
       0.533884         441.315         302.587         804.268 
           0.54         437.267         295.284         794.874 
       0.546137         427.071         288.166         786.409 
       0.552299         419.232         281.241         775.648 
       0.558452         410.259         274.572         769.557 
       0.564573         403.626         268.183         762.401 
       0.570708         397.505         262.019         752.148 
       0.576825         389.057         256.088         743.076 
       0.582926         385.932         250.362         738.298 
       0.589034         377.933           244.8         728.032 
       0.595184         371.809         239.361         720.603 
       0.601379         364.021         234.048         714.925 
       0.607522         357.964         228.943         704.237 
       0.613639         350.976         224.008         701.679 
       0.619772         346.668         219.199         699.531 
       0.625918         342.331         214.523           690.2 
       0.632068         335.607         209.989         686.291 
       0.638161         330.832          205.63         676.345 
         0.6443         321.165         201.363         670.277 
       0.650464         320.846         197.204         662.339 
       0.656582         314.932         193.195         658.243 
       0.662703         309.844         189.299         653.513 
       0.668861          304.27         185.491         650.291 
       0.675024         299.499         181.786         645.456 
       0.681124          295.37         178.221         636.687 
       0.687237         289.765         174.746         631.235 
       0.693381         287.057         171.349         625.446 
       0.699536         280.245         168.039         621.256 
       0.705665         278.193         164.831         613.993 
       0.711789         271.568         161.707         609.356 
       0.717957         270.497         158.644         608.165 
        0.72409         264.696         155.679         602.232 
       0.730186         260.045          152.81         595.922 
       0.736317         256.731         150.001         592.075 
       0.742472         253.586         147.254         588.343 
       0.748622         249.363         144.576          582.11 
        0.75476         247.244         141.968         582.029 
       0.760888         243.797         139.429           575.8 
       0.767043         240.516         136.944         568.615 
       0.773185         236.886         134.528         565.263 
       0.779291         232.079         132.185         560.659 
       0.785407         228.912         129.892         557.459 
       0.791564         226.395         127.639         555.564 
       0.797719         223.859         125.442         550.541 
       0.803834         221.575         123.312         546.859 
       0.809972         218.342         121.224         543.072 
       0.816124         215.832         119.178         537.397 
       0.822261         209.712         117.186         534.604 
       0.828378         207.696         115.246         530.669 
       0.834502         206.032         113.351         528.875 
       0.840667         202.307         111.487         524.891 
       0.846816         199.675         109.669         520.762 
       0.852925         197.602         107.902         517.784 
       0.859047         194.185          106.17         513.104 
       0.865192         190.993          104.47         510.016 
       0.871341         188.303         102.807         506.384 
       0.877463         186.149         101.188         503.432 
       0.883569          184.09           99.61          501.27 
       0.889708         181.167         98.0585         496.524 
       0.895864         178.798         96.5361         493.723 
       0.902008         176.098         95.0488         490.433 
       0.908149         175.346         93.5935         485.377 
       0.914301         172.476         92.1665         481.772 
       0.920448         169.423         90.7712         480.905 
       0.926574          167.19         89.4101         477.962 
       0.932687         165.256         88.0802         473.294 
       0.938823         163.838         86.7728         471.922 
       0.944975         161.845         85.4889         469.073 
       0.951105          159.06         84.2354         465.903 
       0.957225         157.497          83.009         462.655 
       0.963368         154.621         81.8028         459.815 
       0.969511         152.897         80.6209         456.807 
       0.975621         150.937         79.4694         454.319 
       0.981748         148.927          78.338          451.84 
       0.987916         147.893         77.2216         449.355 
        0.99406         145.324         76.1311         446.431 
        1.00019         143.204         75.0638         442.652 
        1.00632         141.464          74.018         440.061 
        1.01246         140.129         72.9909          437.43 
        1.01859         138.001         71.9852          434.69 
        1.02471         136.458         71.0001         432.302 
        1.03085         134.785         70.0302         430.831 
        1.03698         132.828         69.0805           429.1 
        1.04314         131.469         68.1442         425.571 
        1.04929         130.246          67.227         422.131 
        1.05541         128.142         66.3297         419.711 
        1.06154         126.928         65.4464         417.619 
        1.06769         125.145         64.5783         414.608 
        1.07382         124.022         63.7301         411.904 
        1.07993         122.536         62.9005         410.011 
        1.08607         120.975         62.0832         407.479 
        1.09222         119.844         61.2799         405.191 
        1.09836         118.337         60.4912         403.296 
        1.10449         116.452         59.7167         401.712 
        1.11063         115.509         58.9542         398.537 
        1.11677         114.065         58.2047         396.423 
         1.1229         113.044         57.4691         393.804 
        1.12903         111.391         56.7453          392.03 
        1.13518         109.855         56.0336         388.783 
        1.14131         108.599          55.335         387.644 
        1.14745         107.682         54.6494         384.581 
        1.15359         106.375         53.9759         383.382 
        1.15973         105.106          53.314         381.089 
        1.16584         104.141         52.6667         379.054 
        1.17197         102.825         52.0295         377.377 
        1.17811         101.746         51.4006         374.629 
        1.18424         100.297         50.7833         372.402 
        1.19038          99.216         50.1735          371.22 
        1.19652         98.1592         49.5734         368.291 
        1.20267         97.4036         48.9833         366.436 
        1.20881         96.1594         48.4039         364.926 
        1.21495         94.5759         47.8363         362.286 
        1.22108         93.9359         47.2789         359.992 
         1.2272         93.1083         46.7319         359.043 
        1.23334         91.8215         46.1919         356.657 
        1.23949         90.6518         45.6581         354.756 
        1.24562         89.7211         45.1334         352.657 
        1.25174         88.6949         44.6172         351.084 
        1.25789          87.988         44.1075         348.822 
        1.26402         86.9141         43.6069         347.609 
        1.27014         86.0517         43.1155         345.363 
        1.27628         84.9117         42.6304         344.248 
        1.28244         84.1293         42.1518         342.606 
        1.28858          83.229         41.6809         340.478 
        1.29471         82.0494         41.2183         337.991 
        1.30084           81.54         40.7632         335.917 
        1.30697         80.3875         40.3146         334.856 
        1.31312         79.9986         39.8726         333.135 
        1.31925         78.9055          39.439         331.159 
        1.32537         78.0705         39.0126          329.19 
        1.33151         77.3629         38.5911         327.926 
        1.33765         76.3327         38.1759         326.362 
        1.34378         75.5745         37.7675         324.073 
        1.34992          74.734         37.3645         322.575 
        1.35606         73.9242         36.9663         320.656 
         1.3622         73.3239         36.5745         319.517 
        1.36833         72.5963         36.1891         318.305 
        1.37445         71.8958         35.8094         315.793 
        1.38059         71.1965          35.434         314.721 
        1.38675         70.5152         35.0633         313.396 
        1.39288         69.4279         34.6997         311.251 
        1.39901         69.0488         34.3416         309.548 
        1.40515          68.369          33.988         308.017 
         1.4113         67.3729         33.6394         306.267 
        1.41742         66.6111         33.2967          304.59 
        1.42355         66.0744         32.9578         303.438 
         1.4297          65.433         32.6223         301.328 
        1.43585         64.8377         32.2915         300.584 
        1.44198         64.2482         31.9668         298.765 
        1.44809         63.6026         31.6477         297.196 
        1.45423         62.9273         31.3323         295.329 
        1.46036         62.3902         31.0223         294.105 
        1.46649         61.6829         30.7165         292.844 
        1.47263         61.2144         30.4145         291.054 
        1.47877         60.6661         30.1163         289.253 
        1.48491         60.0023         29.8212         287.663 
        1.49104         59.3429         29.5304         286.676 
        1.49718         58.9123          29.243         285.836 
        1.50333         58.1772         28.9588         283.551 
        1.50947          57.753         28.6791         282.096 
         1.5156         57.0027         28.4036         281.309 
        1.52172         56.6484          28.132         279.836 
        1.52787         56.0707         27.8635         278.436 
          1.534         55.5005         27.5991         276.889 
        1.54013         55.1271         27.3387         275.619 
        1.54627         54.5145         27.0814         274.639 
        1.55241         54.1365         26.8275         273.375 
        1.55855         53.5106         26.5771         271.725 
        1.56467         52.9934         26.3303         270.203 
         1.5708          52.516         26.0858         268.894 
