0.00783031 4282.15
0.013688 -1172.74
0.019231 -1442.23
0.0249154 1269.5
0.0312784 -289.823
0.0375637 -442.676
0.0433917 27.849
0.0492413 242.22
0.0555754 287.576
0.0619321 -117.807
0.067871 561.353
0.0738098 760.242
0.0800417 605.718
0.0862327 1043.79
0.0921407 882.269
0.0982031 750.597
0.104506 835.023
0.110769 856.3
0.116806 1010.18
0.122832 715.856
0.129052 901.057
0.135211 1208.89
0.141259 991.688
0.147318 1072.43
0.153489 1072.43
0.159709 1173.29
0.165845 1177.14
0.171974 1221.31
0.178125 1181.3
0.184229 1178.8
0.19034 1155.43
0.196428 1152.16
0.202534 1122.96
0.208729 1201.34
0.214876 1159.19
0.220989 1177.69
0.227147 1173.8
0.23329 1177.48
0.239377 1195.01
0.245482 1172.43
0.251667 1152.01
0.257832 1197.87
0.263955 1188.84
0.270079 1171.25
0.27624 1149.76
0.282372 1133.07
0.28843 1132.11
0.294538 1140.68
0.300721 1147.65
0.30691 1105.84
0.313033 1131.4
0.319153 1115.49
0.325316 1114.23
0.33145 1115.12
0.337538 1095.07
0.343633 1076.8
0.349808 1097.23
0.355968 1075.69
0.362074 1054.53
0.368217 1041.71
0.374374 1074.02
0.380519 1053.34
0.386598 1029.52
0.392688 1024.53
0.39888 1045.77
0.405048 1023.01
0.411186 1002.05
0.417313 1018
0.423458 992.881
0.429607 994.16
0.435692 974.641
0.441815 970.923
0.447964 965.37
0.454126 955.342
0.460267 945.836
0.466387 944.289
0.47254 942.699
0.478662 932.976
0.484765 927.117
0.490885 922.251
0.497035 915.856
0.503198 906.591
0.509342 897.629
0.515458 893.708
0.521598 884.401
0.527764 879.469
0.533884 868.084
0.54 871.006
0.546137 859.063
0.552299 855.192
0.558452 840.207
0.564573 840.296
0.570708 833.045
0.576825 822.635
0.582926 824.227
0.589034 813.516
0.595184 812.909
0.601379 801.47
0.607522 791.612
0.613639 784.521
0.619772 784.382
0.625918 782.794
0.632068 768.323
0.638161 768.584
0.6443 752.134
0.650464 756.255
0.656582 749.078
0.662703 741.276
0.668861 732.851
0.675024 726.296
0.681124 720.883
0.687237 714.228
0.693381 713.34
0.699536 699.817
0.705665 700.627
0.711789 687.935
0.717957 689.326
0.72409 680.217
0.730186 670.624
0.736317 668.926
0.742472 664.344
0.748622 660.27
0.75476 657.637
0.760888 650.731
0.767043 644.132
0.773185 639.99
0.779291 631.83
0.785407 625.775
0.791564 622.474
0.797719 620.028
0.803834 617.583
0.809972 610.408
0.816124 608.042
0.822261 593.231
0.828378 592.307
0.834502 590.609
0.840667 584.77
0.846816 577.771
0.852925 576.197
0.859047 569.47
0.865192 563.006
0.871341 556.239
0.877463 554.106
0.883569 551.951
0.889708 543.933
0.895864 540.133
0.902008 534.546
0.908149 534.14
0.914301 529.344
0.920448 522.655
0.926574 518.57
0.932687 514.342
0.938823 513.614
0.944975 508.893
0.951105 502.147
0.957225 499.362
0.963368 493.295
0.969511 487.746
0.975621 484.907
0.981748 480.631
0.987916 480.472
0.99406 473.876
1.00019 469.008
1.00632 464.764
1.01246 461.298
1.01859 458.351
1.02471 454.016
1.03085 450.509
1.03698 446.657
1.04314 442.507
1.04929 440.498
1.05541 435.84
1.06154 432.527
1.06769 428.877
1.07382 426.373
1.07993 422.857
1.08607 419.178
1.09222 416.364
1.09836 412.951
1.10449 409.305
1.11063 406.798
1.11677 402.39
1.1229 400.077
1.12903 395.845
1.13518 392.951
1.14131 389.047
1.14745 387.626
1.15359 384.358
1.15973 380.675
1.16584 378.791
1.17197 374.855
1.17811 372.5
1.18424 368.74
1.19038 366.053
1.19652 363.144
1.20267 362.377
1.20881 358.23
1.21495 353.34
1.22108 351.794
1.2272 351.393
1.23334 346.205
1.23949 343.026
1.24562 341.547
1.25174 337.596
1.25789 336.52
1.26402 333.368
1.27014 331.607
1.27628 328.381
1.28244 326.029
1.28858 323.337
1.29471 320.244
1.30084 318.493
1.30697 315.261
1.31312 315.484
1.31925 311.137
1.32537 308.834
1.33151 307.258
1.33765 303.501
1.34378 301.693
1.34992 298.672
1.35606 296.542
1.3622 295.453
1.36833 292.822
1.37445 291.572
1.38059 289.101
1.38675 286.706
1.39288 283.282
1.39901 283.012
1.40515 280.112
1.4113 276.45
1.41742 275.167
1.42355 273.291
1.4297 271.43
1.43585 269.409
1.44198 267.537
1.44809 266.011
1.45423 263.279
1.46036 261.868
1.46649 259.662
1.47263 258.198
1.47877 256.983
1.48491 254.318
1.49104 252.034
1.49718 250.555
1.50333 248.558
1.50947 246.852
1.5156 244.479
1.52172 243.078
1.52787 241.048
1.534 239.479
1.54013 238.503
1.54627 236.358
1.55241 234.403
1.55855 233.08
1.56467 230.218
1.5708 228.794
