0.00783031 -6434.63
0.013688 -2377.48
0.019231 -255.854
0.0249154 -360.735
0.0312784 20.6825
0.0375637 -75.0561
0.0433917 1077.35
0.0492413 907.848
0.0555754 1202.81
0.0619321 1407.62
0.067871 874.061
0.0738098 1443.88
0.0800417 1499.07
0.0862327 1311.99
0.0921407 1396.8
0.0982031 1564.13
0.104506 1483.35
0.110769 1735.56
0.116806 1648.99
0.122832 1611.57
0.129052 1698.2
0.135211 1717.81
0.141259 1779.58
0.147318 1882.19
0.153489 2013.76
0.159709 1957.43
0.165845 1702.38
0.171974 1886.98
0.178125 1869.65
0.184229 1966.45
0.19034 2045.34
0.196428 1959.47
0.202534 1892.82
0.208729 1984.21
0.214876 1983.14
0.220989 1964.97
0.227147 2010.37
0.23329 1970.79
0.239377 1990.9
0.245482 2017.71
0.251667 1989.92
0.257832 2008.57
0.263955 2015.59
0.270079 1998.7
0.27624 1963.83
0.282372 2031.28
0.28843 1988.59
0.294538 1998.05
0.300721 1962.94
0.30691 2005.59
0.313033 1991.59
0.319153 1964.57
0.325316 1990.69
0.33145 1995.46
0.337538 1950.5
0.343633 1992.74
0.349808 1960.28
0.355968 1957.62
0.362074 1966.98
0.368217 1940.77
0.374374 1921.83
0.380519 1937.97
0.386598 1947.14
0.392688 1936.81
0.39888 1945.74
0.405048 1942.32
0.411186 1903.13
0.417313 1919.19
0.423458 1924.43
0.429607 1907.06
0.435692 1930.92
0.441815 1901.46
0.447964 1906.71
0.454126 1906.19
0.460267 1879.71
0.466387 1870.52
0.47254 1865.77
0.478662 1861.86
0.484765 1871.08
0.490885 1856.9
0.497035 1850.33
0.503198 1840.89
0.509342 1858.21
0.515458 1821.61
0.521598 1840.98
0.527764 1819.29
0.533884 1818.14
0.54 1820.74
0.546137 1813.07
0.552299 1817.66
0.558452 1798.18
0.564573 1793.2
0.570708 1795.48
0.576825 1784.08
0.582926 1786.3
0.589034 1775.54
0.595184 1782.46
0.601379 1766.8
0.607522 1760.9
0.613639 1754.59
0.619772 1754.18
0.625918 1754.47
0.632068 1740.61
0.638161 1726.86
0.6443 1731.48
0.650464 1730.76
0.656582 1721.09
0.662703 1712.76
0.668861 1720.32
0.675024 1721.57
0.681124 1702.12
0.687237 1698.51
0.693381 1691.04
0.699536 1681.9
0.705665 1691.07
0.711789 1667.07
0.717957 1670.57
0.72409 1670.17
0.730186 1654.29
0.736317 1644.24
0.742472 1636.85
0.748622 1645.85
0.75476 1633.28
0.760888 1620.79
0.767043 1623.5
0.773185 1603.9
0.779291 1603.39
0.785407 1598.6
0.791564 1595.44
0.797719 1589.37
0.803834 1589.89
0.809972 1577.61
0.816124 1566.36
0.822261 1576.28
0.828378 1566.98
0.834502 1556.87
0.840667 1559.18
0.846816 1549.8
0.852925 1546.18
0.859047 1547.09
0.865192 1531.33
0.871341 1532.6
0.877463 1518.34
0.883569 1522.02
0.889708 1508.82
0.895864 1510.83
0.902008 1499.7
0.908149 1493.63
0.914301 1490.19
0.920448 1488.06
0.926574 1483.81
0.932687 1476.68
0.938823 1466.88
0.944975 1464.06
0.951105 1457.81
0.957225 1450.05
0.963368 1448.38
0.969511 1440.5
0.975621 1437.04
0.981748 1427.47
0.987916 1411.71
0.99406 1419.65
1.00019 1412.02
1.00632 1408.96
1.01246 1400.72
1.01859 1401.85
1.02471 1385.67
1.03085 1388.8
1.03698 1378.94
1.04314 1375.3
1.04929 1362.51
1.05541 1359.93
1.06154 1355.86
1.06769 1347.77
1.07382 1343.89
1.07993 1337.98
1.08607 1342.48
1.09222 1335.28
1.09836 1327.32
1.10449 1320.03
1.11063 1312.79
1.11677 1315.58
1.1229 1306.43
1.12903 1301.88
1.13518 1293.31
1.14131 1287.25
1.14745 1284.02
1.15359 1279.48
1.15973 1269.47
1.16584 1267.04
1.17197 1264.53
1.17811 1251.49
1.18424 1255.74
1.19038 1251.74
1.19652 1245.54
1.20267 1238.63
1.20881 1232.32
1.21495 1227.24
1.22108 1224.26
1.2272 1223.53
1.23334 1211.15
1.23949 1206.23
1.24562 1196.3
1.25174 1199.4
1.25789 1187.11
1.26402 1186.68
1.27014 1180.51
1.27628 1175.64
1.28244 1170.85
1.28858 1165.69
1.29471 1165.28
1.30084 1157.1
1.30697 1154.68
1.31312 1148.69
1.31925 1142.62
1.32537 1136.83
1.33151 1134.14
1.33765 1125.8
1.34378 1124.83
1.34992 1116.73
1.35606 1114.1
1.3622 1108.4
1.36833 1108.11
1.37445 1098.36
1.38059 1095.44
1.38675 1091.17
1.39288 1083.87
1.39901 1079.34
1.40515 1076.05
1.4113 1073.7
1.41742 1064.66
1.42355 1063.92
1.4297 1057.96
1.43585 1052.58
1.44198 1049.09
1.44809 1045.91
1.45423 1039.81
1.46036 1033.75
1.46649 1030.06
1.47263 1028.76
1.47877 1024.72
1.48491 1018.01
1.49104 1015.58
1.49718 1012.4
1.50333 1005.22
1.50947 1002.52
1.5156 995.028
1.52172 994.262
1.52787 990.942
1.534 986.15
1.54013 980.856
1.54627 974.462
1.55241 972.321
1.55855 971.327
1.56467 964.477
1.5708 961.966
