0.00783031 19934.7
0.013688 24942
0.019231 25426.7
0.0249154 23475.4
0.0312784 20223.9
0.0375637 17331.2
0.0433917 14864.8
0.0492413 13075.4
0.0555754 12321.8
0.0619321 11301.7
0.067871 10578.6
0.0738098 9580.44
0.0800417 8662.76
0.0862327 7665
0.0921407 6906.75
0.0982031 6222.33
0.104506 5832.27
0.110769 5290.12
0.116806 5071.48
0.122832 4771.51
0.129052 4664.25
0.135211 4320.97
0.141259 4135.7
0.147318 3776.49
0.153489 3557.41
0.159709 3377.17
0.165845 3168.79
0.171974 3022.49
0.178125 2883.39
0.184229 2834.71
0.19034 2719.5
0.196428 2641.29
0.202534 2525.66
0.208729 2396.24
0.214876 2256.19
0.220989 2243.73
0.227147 2118.03
0.23329 2080.49
0.239377 2018.35
0.245482 1946.43
0.251667 1876.01
0.257832 1834.38
0.263955 1777.49
0.270079 1734.42
0.27624 1705.21
0.282372 1630.85
0.28843 1615.44
0.294538 1560.49
0.300721 1536.68
0.30691 1499.03
0.313033 1475.74
0.319153 1437.72
0.325316 1378.42
0.33145 1368.89
0.337538 1334.75
0.343633 1277.84
0.349808 1281.29
0.355968 1250.23
0.362074 1234.24
0.368217 1203.54
0.374374 1172.41
0.380519 1163.11
0.386598 1148.44
0.392688 1127.04
0.39888 1097.78
0.405048 1093.89
0.411186 1072.24
0.417313 1054.05
0.423458 1038.68
0.429607 1021.99
0.435692 1010.47
0.441815 994.726
0.447964 978.278
0.454126 964.929
0.460267 946.075
0.466387 936.004
0.47254 921.529
0.478662 901.866
0.484765 898.001
0.490885 884.726
0.497035 869.417
0.503198 857.22
0.509342 855.91
0.515458 848.169
0.521598 835.866
0.527764 821.275
0.533884 813.597
0.54 804.039
0.546137 797.532
0.552299 783.801
0.558452 776.627
0.564573 762.629
0.570708 761.198
0.576825 748.044
0.582926 737.672
0.589034 736.204
0.595184 721.322
0.601379 719.376
0.607522 715.814
0.613639 702.5
0.619772 692.99
0.625918 691.271
0.632068 681.073
0.638161 677.034
0.6443 665.364
0.650464 665.483
0.656582 655.114
0.662703 650.646
0.668861 642.147
0.675024 629.742
0.681124 631.135
0.687237 624.899
0.693381 617.321
0.699536 610.426
0.705665 603.262
0.711789 599.929
0.717957 590.179
0.72409 588.284
0.730186 581.033
0.736317 574.593
0.742472 570.863
0.748622 565.231
0.75476 561.314
0.760888 556.11
0.767043 548.558
0.773185 545.749
0.779291 540.945
0.785407 536.019
0.791564 531.053
0.797719 527.894
0.803834 521.787
0.809972 517.963
0.816124 513.298
0.822261 512.717
0.828378 503.203
0.834502 498.548
0.840667 494.867
0.846816 492.768
0.852925 489.063
0.859047 479.798
0.865192 479.356
0.871341 473.539
0.877463 471.375
0.883569 465.834
0.889708 463.777
0.895864 458.846
0.902008 456.229
0.908149 452.142
0.914301 448.69
0.920448 444.199
0.926574 440.641
0.932687 438.574
0.938823 434.366
0.944975 429.713
0.951105 426.484
0.957225 421.515
0.963368 419.346
0.969511 414.054
0.975621 413.862
0.981748 410.126
0.987916 406.583
0.99406 402.394
1.00019 400.16
1.00632 393.009
1.01246 392.39
1.01859 388.231
1.02471 387.535
1.03085 382.869
1.03698 379.928
1.04314 378.085
1.04929 375.005
1.05541 371.163
1.06154 368.595
1.06769 366.873
1.07382 362.063
1.07993 360.344
1.08607 356.158
1.09222 354.737
1.09836 350.714
1.10449 348.128
1.11063 346.157
1.11677 343.285
1.1229 340.354
1.12903 338.564
1.13518 335.961
1.14131 332.124
1.14745 330.895
1.15359 328.204
1.15973 325.196
1.16584 321.529
1.17197 319.966
1.17811 317.724
1.18424 315.241
1.19038 312.181
1.19652 310.001
1.20267 306.347
1.20881 304.901
1.21495 304.205
1.22108 302.066
1.2272 298.755
1.23334 297.545
1.23949 295.185
1.24562 291.33
1.25174 290.018
1.25789 287.013
1.26402 284.4
1.27014 283.1
1.27628 280.974
1.28244 277.229
1.28858 276.577
1.29471 272.934
1.30084 271.146
1.30697 269.565
1.31312 267.91
1.31925 266.676
1.32537 263.662
1.33151 262.397
1.33765 260.769
1.34378 258.57
1.34992 256.341
1.35606 254.15
1.3622 252.727
1.36833 250.465
1.37445 248.932
1.38059 247.32
1.38675 245.156
1.39288 242.611
1.39901 241.619
1.40515 239.424
1.4113 237.889
1.41742 236.075
1.42355 233.794
1.4297 232.941
1.43585 230.385
1.44198 228.854
1.44809 227.407
1.45423 225.88
1.46036 224.08
1.46649 222.318
1.47263 220.861
1.47877 218.741
1.48491 217.67
1.49104 215.623
1.49718 213.524
1.50333 211.676
1.50947 211.084
1.5156 209.412
1.52172 208.103
1.52787 206.415
1.534 204.456
1.54013 203.197
1.54627 201.41
1.55241 200.589
1.55855 198.621
1.56467 197.513
1.5708 196.397
