0.00783031 4434.03
0.013688 3575.19
0.019231 3935.24
0.0249154 3895.85
0.0312784 3263.23
0.0375637 2749.22
0.0433917 2972.58
0.0492413 2385.61
0.0555754 2524.26
0.0619321 2319.1
0.067871 2228.44
0.0738098 2143.92
0.0800417 1947.23
0.0862327 1850.08
0.0921407 1789.91
0.0982031 1730.3
0.104506 1617.09
0.110769 1538.32
0.116806 1516.5
0.122832 1456.24
0.129052 1393.04
0.135211 1333.53
0.141259 1266.91
0.147318 1210.35
0.153489 1177.09
0.159709 1173.79
0.165845 1104.43
0.171974 1056.68
0.178125 1049.3
0.184229 980.806
0.19034 965.001
0.196428 933.521
0.202534 911.146
0.208729 887.653
0.214876 857.466
0.220989 839.221
0.227147 828.423
0.23329 804.039
0.239377 782.693
0.245482 759.251
0.251667 735.298
0.257832 727.367
0.263955 713.089
0.270079 694.657
0.27624 667.851
0.282372 661.552
0.28843 634.845
0.294538 640.659
0.300721 617.636
0.30691 605.498
0.313033 591.832
0.319153 575.385
0.325316 573.485
0.33145 564.392
0.337538 555.175
0.343633 535.165
0.349808 526.855
0.355968 517.729
0.362074 505.864
0.368217 504.479
0.374374 495.535
0.380519 487.183
0.386598 477.513
0.392688 474.598
0.39888 461.03
0.405048 458.872
0.411186 444.494
0.417313 441.696
0.423458 436.222
0.429607 427.793
0.435692 422.028
0.441815 416.67
0.447964 411.951
0.454126 405.225
0.460267 400.076
0.466387 393.642
0.47254 393.675
0.478662 385.977
0.484765 379.966
0.490885 373.984
0.497035 370.372
0.503198 364.956
0.509342 361.431
0.515458 358.11
0.521598 348.81
0.527764 346.635
0.533884 344.635
0.54 340.156
0.546137 335.119
0.552299 332.736
0.558452 329.738
0.564573 325.123
0.570708 322.51
0.576825 319.559
0.582926 313.985
0.589034 311.644
0.595184 310.049
0.601379 304.597
0.607522 301.988
0.613639 299.186
0.619772 295.45
0.625918 292.29
0.632068 290.816
0.638161 287.232
0.6443 282.117
0.650464 282.705
0.656582 280.061
0.662703 277.813
0.668861 272.691
0.675024 272.277
0.681124 269.059
0.687237 266.782
0.693381 265.055
0.699536 262.687
0.705665 259.321
0.711789 256.93
0.717957 256.222
0.72409 253.118
0.730186 251.563
0.736317 248.57
0.742472 246.249
0.748622 247.156
0.75476 244.645
0.760888 241.734
0.767043 239.189
0.773185 238.515
0.779291 235.147
0.785407 234.165
0.791564 233.304
0.797719 230.802
0.803834 229.651
0.809972 227.122
0.816124 226.078
0.822261 224.077
0.828378 223.933
0.834502 221.748
0.840667 218.995
0.846816 217.611
0.852925 217.218
0.859047 215.555
0.865192 213.441
0.871341 211.95
0.877463 211.632
0.883569 209.86
0.889708 207.78
0.895864 207.612
0.902008 204.777
0.908149 204.882
0.914301 203.464
0.920448 202.524
0.926574 201.633
0.932687 199.347
0.938823 199.26
0.944975 196.502
0.951105 196.34
0.957225 195.017
0.963368 194.1
0.969511 193.36
0.975621 191.967
0.981748 190.762
0.987916 190.179
0.99406 188.557
1.00019 186.967
1.00632 187.539
1.01246 185.16
1.01859 185.148
1.02471 183.835
1.03085 182.969
1.03698 182.541
1.04314 181.204
1.04929 180.656
1.05541 179.971
1.06154 177.778
1.06769 178.376
1.07382 177.489
1.07993 176.781
1.08607 175.639
1.09222 174.093
1.09836 173.825
1.10449 172.849
1.11063 172.845
1.11677 171.387
1.1229 170.078
1.12903 169.261
1.13518 168.795
1.14131 167.993
1.14745 167.878
1.15359 166.448
1.15973 166.244
1.16584 165.327
1.17197 164.331
1.17811 163.757
1.18424 163.364
1.19038 163.035
1.19652 161.901
1.20267 161.297
1.20881 160.477
1.21495 159.983
1.22108 159.529
1.2272 158.733
1.23334 158.494
1.23949 157.959
1.24562 157.129
1.25174 156.6
1.25789 155.851
1.26402 155.441
1.27014 154.551
1.27628 153.858
1.28244 153.409
1.28858 152.987
1.29471 152.605
1.30084 152.174
1.30697 151.448
1.31312 150.807
1.31925 150.606
1.32537 149.891
1.33151 149.005
1.33765 149.256
1.34378 148.335
1.34992 148.248
1.35606 147.405
1.3622 146.68
1.36833 146.821
1.37445 146.044
1.38059 145.478
1.38675 144.912
1.39288 144.639
1.39901 144.24
1.40515 143.371
1.4113 143.125
1.41742 142.75
1.42355 142.524
1.4297 141.835
1.43585 141.7
1.44198 141.049
1.44809 140.588
1.45423 140.297
1.46036 139.671
1.46649 138.774
1.47263 138.82
1.47877 138.3
1.48491 137.901
1.49104 137.293
1.49718 137.409
1.50333 137.151
1.50947 136.064
1.5156 136.031
1.52172 135.919
1.52787 135.545
1.534 135.057
1.54013 134.571
1.54627 134.271
1.55241 133.979
1.55855 133.568
1.56467 133.376
1.5708 132.824
