0.00783031 -180.471
0.013688 -228.697
0.019231 -236.128
0.0249154 -223.446
0.0312784 -200.809
0.0375637 -170.759
0.0433917 -162.007
0.0492413 -151.564
0.0555754 -142.663
0.0619321 -139.217
0.067871 -138.998
0.0738098 -139.04
0.0800417 -134.898
0.0862327 -126.734
0.0921407 -121.473
0.0982031 -114.401
0.104506 -110.758
0.110769 -106.745
0.116806 -111.954
0.122832 -110.691
0.129052 -110.411
0.135211 -113.488
0.141259 -111.195
0.147318 -106.883
0.153489 -104.792
0.159709 -105.397
0.165845 -100.932
0.171974 -103.733
0.178125 -102.682
0.184229 -103.041
0.19034 -102.021
0.196428 -104.022
0.202534 -101.949
0.208729 -101.844
0.214876 -101.83
0.220989 -99.3624
0.227147 -99.9356
0.23329 -101.628
0.239377 -98.3999
0.245482 -100.936
0.251667 -99.6485
0.257832 -98.5702
0.263955 -98.4373
0.270079 -98.1338
0.27624 -97.2138
0.282372 -96.9792
0.28843 -94.415
0.294538 -96.93
0.300721 -95.261
0.30691 -94.5947
0.313033 -95.6192
0.319153 -93.0312
0.325316 -95.864
0.33145 -94.3737
0.337538 -93.0198
0.343633 -93.1952
0.349808 -92.2482
0.355968 -93.5305
0.362074 -94.3385
0.368217 -92.2191
0.374374 -91.7486
0.380519 -92.9193
0.386598 -91.3221
0.392688 -91.1275
0.39888 -89.7228
0.405048 -90.6707
0.411186 -90.6296
0.417313 -90.5489
0.423458 -89.1707
0.429607 -89.043
0.435692 -88.4227
0.441815 -87.7518
0.447964 -88.5868
0.454126 -87.0618
0.460267 -87.3069
0.466387 -86.3617
0.47254 -87.3141
0.478662 -87.3475
0.484765 -85.7743
0.490885 -84.681
0.497035 -85.846
0.503198 -84.8944
0.509342 -83.6705
0.515458 -84.8803
0.521598 -84.4859
0.527764 -83.6617
0.533884 -82.7135
0.54 -82.4963
0.546137 -83.092
0.552299 -82.8199
0.558452 -82.1933
0.564573 -82.4394
0.570708 -82.2712
0.576825 -80.3294
0.582926 -80.5463
0.589034 -80.8448
0.595184 -80.9804
0.601379 -79.3461
0.607522 -78.8001
0.613639 -79.1215
0.619772 -79.1971
0.625918 -78.3091
0.632068 -78.2758
0.638161 -77.6896
0.6443 -76.7192
0.650464 -76.6398
0.656582 -76.9816
0.662703 -75.8121
0.668861 -75.6882
0.675024 -76.7088
0.681124 -74.8943
0.687237 -75.1825
0.693381 -74.5825
0.699536 -74.7506
0.705665 -73.9151
0.711789 -73.5474
0.717957 -73.4793
0.72409 -73.3106
0.730186 -71.8911
0.736317 -72.4057
0.742472 -72.5252
0.748622 -72.0943
0.75476 -71.6028
0.760888 -70.2521
0.767043 -69.809
0.773185 -69.9598
0.779291 -69.9548
0.785407 -69.2691
0.791564 -68.9594
0.797719 -68.4579
0.803834 -68.7365
0.809972 -67.6782
0.816124 -67.3339
0.822261 -67.1789
0.828378 -66.5011
0.834502 -66.2913
0.840667 -66.3927
0.846816 -65.8053
0.852925 -65.7746
0.859047 -65.8443
0.865192 -64.5995
0.871341 -64.5365
0.877463 -64.6768
0.883569 -63.5269
0.889708 -63.3319
0.895864 -63.1575
0.902008 -62.855
0.908149 -62.7252
0.914301 -62.106
0.920448 -61.7623
0.926574 -61.0188
0.932687 -60.9649
0.938823 -60.807
0.944975 -60.7731
0.951105 -59.6906
0.957225 -59.5339
0.963368 -59.4713
0.969511 -59.0822
0.975621 -58.8312
0.981748 -58.5774
0.987916 -58.2826
0.99406 -57.8687
1.00019 -57.2661
1.00632 -56.595
1.01246 -57.239
1.01859 -56.609
1.02471 -55.7056
1.03085 -56.2274
1.03698 -55.8967
1.04314 -55.3001
1.04929 -54.5179
1.05541 -54.6892
1.06154 -54.5854
1.06769 -54.0357
1.07382 -53.4086
1.07993 -53.5592
1.08607 -53.1755
1.09222 -52.6977
1.09836 -52.1774
1.10449 -52.156
1.11063 -51.8234
1.11677 -51.2731
1.1229 -50.7424
1.12903 -50.7806
1.13518 -50.6366
1.14131 -50.0404
1.14745 -49.8565
1.15359 -49.3356
1.15973 -49.2298
1.16584 -48.9997
1.17197 -48.7008
1.17811 -48.4621
1.18424 -47.8374
1.19038 -48.0785
1.19652 -47.6968
1.20267 -47.0857
1.20881 -46.7862
1.21495 -46.2981
1.22108 -46.4409
1.2272 -45.4212
1.23334 -46.2947
1.23949 -45.4152
1.24562 -45.2817
1.25174 -45.0533
1.25789 -44.6506
1.26402 -44.3205
1.27014 -44.0617
1.27628 -44.1416
1.28244 -43.6475
1.28858 -43.1996
1.29471 -42.7279
1.30084 -42.6693
1.30697 -42.7011
1.31312 -42.169
1.31925 -42.174
1.32537 -41.9337
1.33151 -41.4436
1.33765 -41.6193
1.34378 -40.9196
1.34992 -40.9449
1.35606 -40.2579
1.3622 -39.712
1.36833 -40.1323
1.37445 -39.5956
1.38059 -39.412
1.38675 -39.3573
1.39288 -38.8359
1.39901 -38.909
1.40515 -38.6416
1.4113 -38.1119
1.41742 -37.9932
1.42355 -37.7765
1.4297 -37.8132
1.43585 -37.5404
1.44198 -37.2168
1.44809 -36.7927
1.45423 -36.6563
1.46036 -36.7148
1.46649 -36.0681
1.47263 -35.7092
1.47877 -35.8484
1.48491 -35.7404
1.49104 -35.2386
1.49718 -35.2105
1.50333 -34.5869
1.50947 -34.7539
1.5156 -34.3867
1.52172 -34.4396
1.52787 -34.2163
1.534 -33.7384
1.54013 -33.7958
1.54627 -33.4888
1.55241 -33.2611
1.55855 -33.3456
1.56467 -32.8912
1.5708 -32.6838
