0.00783031 -1589.64
0.013688 -813.331
0.019231 1011.98
0.0249154 842.575
0.0312784 1104.52
0.0375637 651.124
0.0433917 1080.75
0.0492413 932.815
0.0555754 792.115
0.0619321 845.344
0.067871 891.858
0.0738098 1421.54
0.0800417 1746.05
0.0862327 1478.51
0.0921407 1637.45
0.0982031 1692.12
0.104506 1872.3
0.110769 1722.5
0.116806 1688.31
0.122832 1832.34
0.129052 1813.17
0.135211 1858.76
0.141259 1895.45
0.147318 1877.96
0.153489 2003.83
0.159709 2040.91
0.165845 1954.71
0.171974 2076.67
0.178125 2130.35
0.184229 2033.58
0.19034 2065.26
0.196428 2073.2
0.202534 2022.28
0.208729 2134.96
0.214876 2085.93
0.220989 2019.07
0.227147 2033.8
0.23329 2116.78
0.239377 2086.86
0.245482 2093.77
0.251667 2101.9
0.257832 2090.39
0.263955 2056.59
0.270079 2045.28
0.27624 2086.03
0.282372 2056.12
0.28843 2056.64
0.294538 2051.89
0.300721 2035.02
0.30691 2067.44
0.313033 2067.87
0.319153 2012.53
0.325316 2039.84
0.33145 2063.09
0.337538 2034.87
0.343633 1996.81
0.349808 2018.9
0.355968 2037.9
0.362074 2035.65
0.368217 1985.92
0.374374 1999.64
0.380519 2006.78
0.386598 2013.91
0.392688 1959.13
0.39888 1989.07
0.405048 1944.06
0.411186 1986.39
0.417313 1974.44
0.423458 1944.56
0.429607 1954.28
0.435692 1978.39
0.441815 1933.03
0.447964 1954.11
0.454126 1926.78
0.460267 1939.18
0.466387 1921.45
0.47254 1907.99
0.478662 1931.58
0.484765 1906.59
0.490885 1908.24
0.497035 1891.84
0.503198 1870.17
0.509342 1893.28
0.515458 1895.95
0.521598 1876.03
0.527764 1874.7
0.533884 1884.59
0.54 1845.35
0.546137 1871.78
0.552299 1873.66
0.558452 1842.84
0.564573 1849.08
0.570708 1830.08
0.576825 1820.88
0.582926 1820.45
0.589034 1824.64
0.595184 1797.07
0.601379 1809.91
0.607522 1796.2
0.613639 1796.93
0.619772 1792.48
0.625918 1794.78
0.632068 1783.8
0.638161 1772.04
0.6443 1769.79
0.650464 1764.38
0.656582 1752.78
0.662703 1743.39
0.668861 1753.76
0.675024 1733.41
0.681124 1728.86
0.687237 1732.02
0.693381 1715.56
0.699536 1716.31
0.705665 1714.48
0.711789 1712.81
0.717957 1703.59
0.72409 1695.95
0.730186 1678.25
0.736317 1671.86
0.742472 1681.32
0.748622 1664.43
0.75476 1655.22
0.760888 1653.83
0.767043 1649.23
0.773185 1637.76
0.779291 1637.8
0.785407 1634.8
0.791564 1627.38
0.797719 1628.85
0.803834 1612.47
0.809972 1593.32
0.816124 1592.72
0.822261 1594.12
0.828378 1590.08
0.834502 1586.21
0.840667 1578.78
0.846816 1562.42
0.852925 1565.73
0.859047 1559.48
0.865192 1543.05
0.871341 1540.25
0.877463 1538.14
0.883569 1530.89
0.889708 1524.36
0.895864 1517.47
0.902008 1507.77
0.908149 1510.45
0.914301 1499.5
0.920448 1496.15
0.926574 1489.23
0.932687 1480.2
0.938823 1477.27
0.944975 1476.73
0.951105 1449.11
0.957225 1460.13
0.963368 1454.05
0.969511 1439.07
0.975621 1434.5
0.981748 1434.07
0.987916 1435.43
0.99406 1420.98
1.00019 1410.88
1.00632 1407.77
1.01246 1406.53
1.01859 1402.84
1.02471 1387.71
1.03085 1386.43
1.03698 1376.04
1.04314 1368.88
1.04929 1366.98
1.05541 1361.37
1.06154 1349.52
1.06769 1346
1.07382 1340.69
1.07993 1342.03
1.08607 1335.42
1.09222 1321.74
1.09836 1321.29
1.10449 1311.28
1.11063 1301.1
1.11677 1302.06
1.1229 1291.42
1.12903 1291.28
1.13518 1286.97
1.14131 1274.72
1.14745 1268.45
1.15359 1266.34
1.15973 1264.3
1.16584 1252.55
1.17197 1251.27
1.17811 1242.87
1.18424 1230.41
1.19038 1235.28
1.19652 1228.33
1.20267 1221.86
1.20881 1220.55
1.21495 1208.35
1.22108 1206.02
1.2272 1194.48
1.23334 1191.23
1.23949 1189.57
1.24562 1179.75
1.25174 1177.75
1.25789 1167.13
1.26402 1168.44
1.27014 1160.01
1.27628 1156.84
1.28244 1148.5
1.28858 1141.6
1.29471 1139.68
1.30084 1131.51
1.30697 1130.08
1.31312 1118.09
1.31925 1116.85
1.32537 1111.84
1.33151 1109.53
1.33765 1104.12
1.34378 1096.76
1.34992 1091.91
1.35606 1086.53
1.3622 1077.75
1.36833 1077.3
1.37445 1069.55
1.38059 1068.41
1.38675 1062.75
1.39288 1055.46
1.39901 1048.21
1.40515 1044.29
1.4113 1040
1.41742 1040.45
1.42355 1033.21
1.4297 1028.73
1.43585 1019.55
1.44198 1019.2
1.44809 1011.26
1.45423 1009.07
1.46036 1005.55
1.46649 1002.33
1.47263 993.445
1.47877 993.061
1.48491 985.202
1.49104 982.783
1.49718 977.331
1.50333 971.481
1.50947 965.868
1.5156 961.535
1.52172 962.514
1.52787 956.988
1.534 947.023
1.54013 943.985
1.54627 941.313
1.55241 938.052
1.55855 930.844
1.56467 931.366
1.5708 923.767
