0.00783031 5725.51
0.013688 11295.3
0.019231 9537.55
0.0249154 10006.8
0.0312784 9285.5
0.0375637 9052.42
0.0433917 8907.32
0.0492413 8137.7
0.0555754 8788.99
0.0619321 9128.95
0.067871 8380.93
0.0738098 8303.82
0.0800417 8066.84
0.0862327 8181.65
0.0921407 7947.54
0.0982031 7975.03
0.104506 7815.92
0.110769 7754.95
0.116806 7138.1
0.122832 7157.79
0.129052 7107.09
0.135211 6947.99
0.141259 6769.07
0.147318 6914.55
0.153489 6659.67
0.159709 6557.27
0.165845 6425.15
0.171974 6368.49
0.178125 6291.21
0.184229 6086.48
0.19034 6042.65
0.196428 6148.54
0.202534 5954.06
0.208729 5866.21
0.214876 5794.3
0.220989 5642.68
0.227147 5594.94
0.23329 5542
0.239377 5546.43
0.245482 5518.5
0.251667 5319.09
0.257832 5313.21
0.263955 5255.6
0.270079 5132.45
0.27624 5147.34
0.282372 5092.02
0.28843 5054.02
0.294538 4976.99
0.300721 4936.69
0.30691 4909.5
0.313033 4841.08
0.319153 4843.22
0.325316 4766.2
0.33145 4675.66
0.337538 4700.27
0.343633 4625.55
0.349808 4608.32
0.355968 4557.18
0.362074 4541.01
0.368217 4503.09
0.374374 4511.63
0.380519 4447.88
0.386598 4438.68
0.392688 4380.73
0.39888 4361.37
0.405048 4327.5
0.411186 4306.68
0.417313 4262.98
0.423458 4227.48
0.429607 4283.91
0.435692 4226.23
0.441815 4193.68
0.447964 4159.9
0.454126 4172.17
0.460267 4103.45
0.466387 4105.31
0.47254 4107.1
0.478662 4092.18
0.484765 4021.7
0.490885 4018.19
0.497035 4057.8
0.503198 3972.81
0.509342 3965.6
0.515458 3987.85
0.521598 3946.14
0.527764 3924.97
0.533884 3942.78
0.54 3946.82
0.546137 3914.71
0.552299 3921.92
0.558452 3863.23
0.564573 3884.17
0.570708 3834.7
0.576825 3833
0.582926 3825.65
0.589034 3802.16
0.595184 3809.1
0.601379 3799.96
0.607522 3797.03
0.613639 3749.08
0.619772 3755.94
0.625918 3767.38
0.632068 3721.78
0.638161 3710.61
0.6443 3728.73
0.650464 3708.04
0.656582 3713.68
0.662703 3697.03
0.668861 3697.84
0.675024 3694.68
0.681124 3639.18
0.687237 3649.32
0.693381 3648.23
0.699536 3612.64
0.705665 3620.44
0.711789 3615.05
0.717957 3618.72
0.72409 3597.12
0.730186 3594.14
0.736317 3588.71
0.742472 3582.58
0.748622 3567.88
0.75476 3584.77
0.760888 3547.34
0.767043 3563.97
0.773185 3545.58
0.779291 3522.62
0.785407 3525.89
0.791564 3524.63
0.797719 3497.3
0.803834 3517.65
0.809972 3475.3
0.816124 3496.42
0.822261 3494.11
0.828378 3469.27
0.834502 3478.34
0.840667 3448.96
0.846816 3449.36
0.852925 3450.29
0.859047 3461.12
0.865192 3451.42
0.871341 3447.85
0.877463 3433.86
0.883569 3427.14
0.889708 3411.85
0.895864 3423.29
0.902008 3413.3
0.908149 3405.96
0.914301 3406.8
0.920448 3397.8
0.926574 3393.99
0.932687 3402.6
0.938823 3390.16
0.944975 3370.05
0.951105 3371.09
0.957225 3377.36
0.963368 3357.15
0.969511 3362.73
0.975621 3356.61
0.981748 3360.3
0.987916 3363.03
0.99406 3346.61
1.00019 3349.76
1.00632 3350.77
1.01246 3340.68
1.01859 3342.09
1.02471 3340.15
1.03085 3336.11
1.03698 3326.53
1.04314 3325.55
1.04929 3312.42
1.05541 3306.15
1.06154 3323.05
1.06769 3306.14
1.07382 3309.24
1.07993 3297.31
1.08607 3294.08
1.09222 3293.41
1.09836 3292.2
1.10449 3286.41
1.11063 3286.09
1.11677 3276.98
1.1229 3281.07
1.12903 3270
1.13518 3286.29
1.14131 3263.01
1.14745 3264.28
1.15359 3261.54
1.15973 3256.61
1.16584 3257.88
1.17197 3253.47
1.17811 3241.06
1.18424 3247.61
1.19038 3238.36
1.19652 3234.41
1.20267 3238.49
1.20881 3233.59
1.21495 3225.05
1.22108 3234.86
1.2272 3224.92
1.23334 3217.12
1.23949 3224.53
1.24562 3217.78
1.25174 3211.74
1.25789 3208.59
1.26402 3200.95
1.27014 3204.49
1.27628 3198.74
1.28244 3191.9
1.28858 3194.81
1.29471 3180.07
1.30084 3188.4
1.30697 3179.88
1.31312 3180.17
1.31925 3163.27
1.32537 3168.65
1.33151 3161.58
1.33765 3162.72
1.34378 3142.69
1.34992 3153.55
1.35606 3158.05
1.3622 3136.93
1.36833 3141.09
1.37445 3137.81
1.38059 3135.31
1.38675 3117.52
1.39288 3123.59
1.39901 3116.31
1.40515 3116.71
1.4113 3106.97
1.41742 3108.76
1.42355 3106.08
1.4297 3099.78
1.43585 3099.29
1.44198 3091.01
1.44809 3083.09
1.45423 3080.69
1.46036 3084.77
1.46649 3074.29
1.47263 3076.12
1.47877 3074.29
1.48491 3066.12
1.49104 3063.25
1.49718 3057.87
1.50333 3056.1
1.50947 3050.87
1.5156 3043.79
1.52172 3043.27
1.52787 3035.94
1.534 3041.76
1.54013 3033.72
1.54627 3032.65
1.55241 3030.24
1.55855 3021.75
1.56467 3026.32
1.5708 3015.15
