0.00783031 7.91241
0.013688 14.7195
0.019231 5.51149
0.0249154 0.993806
0.0312784 2.15737
0.0375637 -1.57587
0.0433917 6.44283
0.0492413 3.80784
0.0555754 5.26214
0.0619321 8.17523
0.067871 4.73161
0.0738098 8.7547
0.0800417 9.07295
0.0862327 11.4187
0.0921407 10.2672
0.0982031 13.8825
0.104506 13.938
0.110769 13.7239
0.116806 15.4405
0.122832 15.235
0.129052 20.705
0.135211 20.5266
0.141259 20.3645
0.147318 22.7668
0.153489 23.6726
0.159709 24.4961
0.165845 25.3752
0.171974 26.3146
0.178125 26.1453
0.184229 27.015
0.19034 28.2814
0.196428 28.9439
0.202534 29.1061
0.208729 31.8852
0.214876 31.8839
0.220989 32.7254
0.227147 34.3806
0.23329 34.1415
0.239377 34.979
0.245482 36.5869
0.251667 37.0966
0.257832 37.3591
0.263955 39.0979
0.270079 38.1304
0.27624 39.0706
0.282372 39.9197
0.28843 40.233
0.294538 40.9682
0.300721 41.8824
0.30691 43.4386
0.313033 42.9806
0.319153 43.7427
0.325316 44.1739
0.33145 44.2381
0.337538 45.6663
0.343633 45.9185
0.349808 46.8515
0.355968 47.1664
0.362074 47.6617
0.368217 46.6762
0.374374 48.4068
0.380519 48.4347
0.386598 48.9286
0.392688 48.7131
0.39888 49.3172
0.405048 49.9344
0.411186 50.4365
0.417313 50.2455
0.423458 50.82
0.429607 51.4469
0.435692 52.1517
0.441815 51.9158
0.447964 52.7156
0.454126 53.0863
0.460267 53.2411
0.466387 52.9996
0.47254 54.0254
0.478662 53.8275
0.484765 54.056
0.490885 54.862
0.497035 53.4233
0.503198 54.5425
0.509342 55.8288
0.515458 55.809
0.521598 55.8722
0.527764 56.0212
0.533884 56.1736
0.54 56.027
0.546137 55.7774
0.552299 56.4402
0.558452 56.7073
0.564573 56.4583
0.570708 57.0708
0.576825 57.1856
0.582926 57.0453
0.589034 57.8242
0.595184 58.2304
0.601379 57.5711
0.607522 57.3414
0.613639 58.8538
0.619772 58.3696
0.625918 58.0938
0.632068 58.9894
0.638161 57.7846
0.6443 57.5042
0.650464 58.1093
0.656582 58.0662
0.662703 57.6781
0.668861 58.1524
0.675024 58.305
0.681124 58.5964
0.687237 58.4852
0.693381 58.415
0.699536 57.8944
0.705665 57.5537
0.711789 58.0493
0.717957 57.5579
0.72409 57.6926
0.730186 58.1364
0.736317 58.0207
0.742472 57.7733
0.748622 58.2044
0.75476 57.2378
0.760888 57.4145
0.767043 57.9096
0.773185 57.1373
0.779291 57.0131
0.785407 57.3464
0.791564 56.5773
0.797719 56.7681
0.803834 56.1268
0.809972 56.6657
0.816124 55.7879
0.822261 55.5627
0.828378 56.5046
0.834502 55.504
0.840667 55.5988
0.846816 55.3572
0.852925 54.8438
0.859047 55.2037
0.865192 54.6422
0.871341 54.0027
0.877463 54.489
0.883569 54.8973
0.889708 53.883
0.895864 54.106
0.902008 52.9962
0.908149 53.0907
0.914301 53.2172
0.920448 52.7716
0.926574 52.4909
0.932687 52.0658
0.938823 51.9155
0.944975 51.8697
0.951105 52.3757
0.957225 51.5671
0.963368 51.4405
0.969511 50.6647
0.975621 50.2331
0.981748 49.9657
0.987916 50.006
0.99406 49.5691
1.00019 49.4954
1.00632 49.5781
1.01246 48.9163
1.01859 48.4548
1.02471 48.5053
1.03085 47.8185
1.03698 48.0562
1.04314 47.4594
1.04929 46.4381
1.05541 47.0767
1.06154 46.9863
1.06769 46.363
1.07382 46.3495
1.07993 46.2361
1.08607 45.3429
1.09222 45.4098
1.09836 44.7809
1.10449 44.9588
1.11063 44.4391
1.11677 44.4345
1.1229 44.0139
1.12903 43.5685
1.13518 43.5625
1.14131 42.8747
1.14745 42.9666
1.15359 42.3719
1.15973 42.1225
1.16584 41.6087
1.17197 42.0028
1.17811 41.5983
1.18424 41.2261
1.19038 41.1397
1.19652 40.6343
1.20267 40.3266
1.20881 40.1536
1.21495 40.3709
1.22108 39.7919
1.2272 39.2308
1.23334 39.0601
1.23949 38.9761
1.24562 38.7025
1.25174 38.3104
1.25789 38.0285
1.26402 37.8398
1.27014 37.8649
1.27628 37.4095
1.28244 37.6988
1.28858 36.6657
1.29471 36.8784
1.30084 36.2687
1.30697 36.1001
1.31312 35.7758
1.31925 35.6499
1.32537 35.7132
1.33151 35.3493
1.33765 35.0503
1.34378 34.8218
1.34992 34.5981
1.35606 34.4521
1.3622 34.1702
1.36833 33.8405
1.37445 33.7492
1.38059 33.5625
1.38675 33.4862
1.39288 33.4303
1.39901 32.9855
1.40515 32.5771
1.4113 32.8592
1.41742 32.6093
1.42355 32.2048
1.4297 32.1195
1.43585 32.0155
1.44198 31.3052
1.44809 31.4187
1.45423 31.2044
1.46036 31.3902
1.46649 30.8183
1.47263 30.7142
1.47877 30.4092
1.48491 30.4467
1.49104 29.9905
1.49718 29.7766
1.50333 29.8096
1.50947 29.5027
1.5156 29.2482
1.52172 29.4641
1.52787 29.1382
1.534 29.0999
1.54013 28.7168
1.54627 28.3588
1.55241 28.6156
1.55855 28.1708
1.56467 28.0821
1.5708 27.9929
