0.00783031 -1241.32
0.013688 -2404.9
0.019231 -966.73
0.0249154 -432.076
0.0312784 -312.488
0.0375637 681.483
0.0433917 -312.8
0.0492413 94.5108
0.0555754 195.655
0.0619321 432.916
0.067871 550.355
0.0738098 470.696
0.0800417 609.876
0.0862327 475.536
0.0921407 737.538
0.0982031 483.914
0.104506 586.747
0.110769 922.77
0.116806 932.04
0.122832 1074.14
0.129052 922.186
0.135211 888.992
0.141259 1031.07
0.147318 965.151
0.153489 942.641
0.159709 1070.86
0.165845 1044.47
0.171974 1046.32
0.178125 1136.26
0.184229 1079.42
0.19034 1072.49
0.196428 1082.17
0.202534 1133.11
0.208729 1157.59
0.214876 1105.66
0.220989 1165.5
0.227147 1132.19
0.23329 1135.78
0.239377 1121.02
0.245482 1145.92
0.251667 1104.72
0.257832 1166.21
0.263955 1142.62
0.270079 1151.62
0.27624 1135.14
0.282372 1192.34
0.28843 1159.1
0.294538 1137
0.300721 1194.82
0.30691 1155.24
0.313033 1126.7
0.319153 1134.75
0.325316 1151.69
0.33145 1147.27
0.337538 1131.65
0.343633 1136.6
0.349808 1139.18
0.355968 1137.6
0.362074 1117.99
0.368217 1119.19
0.374374 1114.5
0.380519 1125.22
0.386598 1131.15
0.392688 1125.11
0.39888 1112.44
0.405048 1092.27
0.411186 1109.45
0.417313 1102.43
0.423458 1098.46
0.429607 1111.77
0.435692 1098.34
0.441815 1105.27
0.447964 1089.89
0.454126 1074.77
0.460267 1070.02
0.466387 1074.46
0.47254 1064.98
0.478662 1058.79
0.484765 1069.98
0.490885 1067.71
0.497035 1044.1
0.503198 1053.8
0.509342 1048.08
0.515458 1037.25
0.521598 1030.83
0.527764 1047.71
0.533884 1031.84
0.54 1025.16
0.546137 1015.59
0.552299 1011.48
0.558452 1010.46
0.564573 1012.55
0.570708 1004.91
0.576825 998.193
0.582926 991.19
0.589034 987.92
0.595184 984.108
0.601379 977.812
0.607522 970.653
0.613639 973.54
0.619772 968.202
0.625918 962.565
0.632068 967.193
0.638161 947.151
0.6443 958.751
0.650464 948.351
0.656582 951.278
0.662703 936.332
0.668861 931.059
0.675024 931.2
0.681124 926.38
0.687237 926.564
0.693381 915.837
0.699536 917.318
0.705665 906.82
0.711789 903.953
0.717957 905.722
0.72409 901.219
0.730186 896.492
0.736317 893.316
0.742472 883.625
0.748622 881.903
0.75476 876.332
0.760888 874.263
0.767043 867.241
0.773185 867.104
0.779291 858.985
0.785407 858.997
0.791564 860.295
0.797719 846.995
0.803834 841.578
0.809972 847.002
0.816124 838.174
0.822261 836.226
0.828378 829.026
0.834502 828.159
0.840667 818.227
0.846816 816.943
0.852925 816.174
0.859047 812.702
0.865192 803.215
0.871341 798.184
0.877463 798.136
0.883569 792.34
0.889708 792.162
0.895864 785.485
0.902008 775.876
0.908149 778.749
0.914301 770.799
0.920448 768.585
0.926574 765.856
0.932687 761.024
0.938823 754.965
0.944975 747.909
0.951105 748.291
0.957225 743.914
0.963368 740.272
0.969511 738.421
0.975621 732.117
0.981748 731.591
0.987916 721.441
0.99406 721.891
1.00019 715.742
1.00632 716.739
1.01246 707.797
1.01859 708.507
1.02471 704.697
1.03085 697.669
1.03698 692.817
1.04314 689.172
1.04929 691.512
1.05541 682.483
1.06154 675.559
1.06769 675.562
1.07382 668.67
1.07993 670.99
1.08607 665.816
1.09222 660.83
1.09836 655.405
1.10449 654.382
1.11063 651.972
1.11677 648.776
1.1229 641.262
1.12903 640.3
1.13518 636.393
1.14131 628.502
1.14745 628.04
1.15359 620.335
1.15973 618.736
1.16584 617.27
1.17197 614.992
1.17811 608.579
1.18424 605.324
1.19038 603.908
1.19652 600.549
1.20267 595.747
1.20881 590.742
1.21495 586.741
1.22108 586.119
1.2272 579.604
1.23334 576.628
1.23949 577.082
1.24562 570.481
1.25174 569.66
1.25789 567.022
1.26402 560.586
1.27014 558.21
1.27628 552.02
1.28244 552.258
1.28858 546.529
1.29471 543.631
1.30084 540.887
1.30697 537.951
1.31312 535.403
1.31925 529.821
1.32537 531.3
1.33151 524.075
1.33765 522.267
1.34378 519.649
1.34992 516.079
1.35606 513.665
1.3622 509.003
1.36833 506.096
1.37445 503.964
1.38059 501.191
1.38675 497.191
1.39288 495.807
1.39901 491.516
1.40515 489.725
1.4113 486.978
1.41742 483.077
1.42355 479.93
1.4297 477.888
1.43585 472.415
1.44198 469.258
1.44809 469.094
1.45423 463.521
1.46036 463.153
1.46649 459.957
1.47263 456.149
1.47877 452.878
1.48491 452.18
1.49104 448.727
1.49718 445.372
1.50333 441.716
1.50947 439.728
1.5156 437.648
1.52172 434.082
1.52787 432.192
1.534 428.623
1.54013 427.053
1.54627 422.971
1.55241 421.506
1.55855 417.949
1.56467 415.059
1.5708 412.643
