0.00783031 21062.9
0.013688 26055.4
0.019231 26301.4
0.0249154 24278.4
0.0312784 20832.1
0.0375637 17961.6
0.0433917 15820.7
0.0492413 14248.9
0.0555754 13003.1
0.0619321 12294.9
0.067871 11416.3
0.0738098 10715.9
0.0800417 9710.22
0.0862327 9051.74
0.0921407 8159.19
0.0982031 7257.26
0.104506 6726.06
0.110769 6282.26
0.116806 6174.5
0.122832 6033.13
0.129052 5741.32
0.135211 5513.23
0.141259 5300.88
0.147318 5018.52
0.153489 4593.8
0.159709 4471.18
0.165845 4329.27
0.171974 4089.78
0.178125 4032.7
0.184229 3847.15
0.19034 3832.88
0.196428 3661.9
0.202534 3582.86
0.208729 3500.41
0.214876 3402.55
0.220989 3333.18
0.227147 3253.16
0.23329 3119.08
0.239377 3035.98
0.245482 3010.36
0.251667 2933.27
0.257832 2892
0.263955 2807.51
0.270079 2737.07
0.27624 2684.49
0.282372 2701.38
0.28843 2621.82
0.294538 2583.32
0.300721 2574.29
0.30691 2484.05
0.313033 2425.61
0.319153 2383.07
0.325316 2384.55
0.33145 2344.99
0.337538 2290.69
0.343633 2282.79
0.349808 2257.36
0.355968 2208.54
0.362074 2188.08
0.368217 2145.89
0.374374 2126.07
0.380519 2119.97
0.386598 2100.84
0.392688 2063.67
0.39888 2040.15
0.405048 2007.46
0.411186 2002.35
0.417313 1948.72
0.423458 1950.45
0.429607 1939.17
0.435692 1921.65
0.441815 1908.36
0.447964 1887.84
0.454126 1846.19
0.460267 1827.2
0.466387 1819.84
0.47254 1802.67
0.478662 1781.27
0.484765 1784.25
0.490885 1769.79
0.497035 1729.39
0.503198 1726.09
0.509342 1714.71
0.515458 1693.05
0.521598 1676
0.527764 1685.98
0.533884 1654.04
0.54 1634.13
0.546137 1625.73
0.552299 1605.92
0.558452 1595.83
0.564573 1594.46
0.570708 1575.48
0.576825 1566
0.582926 1543.22
0.589034 1535.19
0.595184 1523.9
0.601379 1509.83
0.607522 1495.97
0.613639 1498.4
0.619772 1482.51
0.625918 1468.34
0.632068 1465.82
0.638161 1443.27
0.6443 1440.95
0.650464 1421.45
0.656582 1429.46
0.662703 1402.92
0.668861 1387.66
0.675024 1386.06
0.681124 1375.93
0.687237 1370.87
0.693381 1356.44
0.699536 1352.4
0.705665 1335.4
0.711789 1330.01
0.717957 1328.02
0.72409 1319.34
0.730186 1310.38
0.736317 1301.83
0.742472 1285.48
0.748622 1281.61
0.75476 1270.21
0.760888 1264.58
0.767043 1254.11
0.773185 1251.79
0.779291 1238.34
0.785407 1232.88
0.791564 1233.06
0.797719 1213.03
0.803834 1205.55
0.809972 1205.52
0.816124 1195.61
0.822261 1189.69
0.828378 1179.96
0.834502 1173.38
0.840667 1158.4
0.846816 1156.41
0.852925 1154.82
0.859047 1144.13
0.865192 1132.99
0.871341 1126.93
0.877463 1125.45
0.883569 1116.62
0.889708 1110.94
0.895864 1103.54
0.902008 1086.52
0.908149 1091.71
0.914301 1077.1
0.920448 1071.35
0.926574 1069.15
0.932687 1060.24
0.938823 1054.37
0.944975 1042.67
0.951105 1044.18
0.957225 1035.14
0.963368 1030.46
0.969511 1022.93
0.975621 1014.99
0.981748 1011.23
0.987916 997.847
0.99406 996.778
1.00019 989.713
1.00632 988.251
1.01246 978.177
1.01859 978.881
1.02471 970.965
1.03085 961.922
1.03698 954.746
1.04314 950.118
1.04929 947.611
1.05541 940.396
1.06154 929.052
1.06769 927.053
1.07382 919.251
1.07993 920.685
1.08607 913.844
1.09222 905.796
1.09836 898.717
1.10449 898.566
1.11063 893.653
1.11677 887.81
1.1229 879.915
1.12903 876.226
1.13518 871.836
1.14131 859.999
1.14745 858.929
1.15359 849.867
1.15973 846.616
1.16584 844.657
1.17197 840.07
1.17811 831.665
1.18424 826.734
1.19038 826.051
1.19652 820.233
1.20267 813.482
1.20881 808.371
1.21495 803.246
1.22108 800.689
1.2272 791.294
1.23334 787.409
1.23949 787.865
1.24562 779.655
1.25174 777.627
1.25789 773.807
1.26402 765.749
1.27014 762.793
1.27628 754.092
1.28244 754.057
1.28858 746.447
1.29471 742.987
1.30084 739.613
1.30697 735.884
1.31312 730.398
1.31925 725.473
1.32537 724.528
1.33151 718.169
1.33765 713.137
1.34378 710.867
1.34992 706.908
1.35606 702.64
1.3622 696.901
1.36833 693.616
1.37445 689.396
1.38059 686.225
1.38675 682.996
1.39288 678.466
1.39901 673.89
1.40515 671.991
1.4113 668.738
1.41742 663.744
1.42355 659.11
1.4297 656.515
1.43585 651.925
1.44198 647.107
1.44809 645.613
1.45423 638.883
1.46036 637.54
1.46649 633.271
1.47263 628.677
1.47877 623.856
1.48491 623.419
1.49104 618.446
1.49718 614.727
1.50333 611.681
1.50947 607.316
1.5156 604.808
1.52172 600.662
1.52787 597.072
1.534 593.416
1.54013 591.637
1.54627 586.408
1.55241 585.397
1.55855 580.226
1.56467 577.381
1.5708 574.05
