0.00783031 3851.03
0.013688 3665.25
0.019231 3151.19
0.0249154 4095.18
0.0312784 3761.93
0.0375637 3270.95
0.0433917 2905.16
0.0492413 2790.46
0.0555754 2758.63
0.0619321 2181.22
0.067871 2033.23
0.0738098 2164.06
0.0800417 2093.09
0.0862327 1922.95
0.0921407 1882.05
0.0982031 1689.25
0.104506 1684.56
0.110769 1639.69
0.116806 1577.97
0.122832 1455.15
0.129052 1385.6
0.135211 1399.61
0.141259 1305.88
0.147318 1240.57
0.153489 1201.6
0.159709 1169.04
0.165845 1143.72
0.171974 1098.13
0.178125 1048.59
0.184229 1000.94
0.19034 990.713
0.196428 960.567
0.202534 919.756
0.208729 908.012
0.214876 861.061
0.220989 849.125
0.227147 836.969
0.23329 804.59
0.239377 804.603
0.245482 764.994
0.251667 750.027
0.257832 724.344
0.263955 737.731
0.270079 701.294
0.27624 695.921
0.282372 679.883
0.28843 662.778
0.294538 645.781
0.300721 624.148
0.30691 614.337
0.313033 611.788
0.319153 600.26
0.325316 582.029
0.33145 573.055
0.337538 569.8
0.343633 554.855
0.349808 544.782
0.355968 529.395
0.362074 532.351
0.368217 514.535
0.374374 508.341
0.380519 495.513
0.386598 492.147
0.392688 487.607
0.39888 477.483
0.405048 466.706
0.411186 463.43
0.417313 455.85
0.423458 446.484
0.429607 442.872
0.435692 440.206
0.441815 428.692
0.447964 420.856
0.454126 418.841
0.460267 417.08
0.466387 409.977
0.47254 404.156
0.478662 400.753
0.484765 393.807
0.490885 390.043
0.497035 385.394
0.503198 378.712
0.509342 375.874
0.515458 371.755
0.521598 363.68
0.527764 361.26
0.533884 357.006
0.54 352.24
0.546137 348.35
0.552299 345.766
0.558452 342.124
0.564573 337.72
0.570708 335.953
0.576825 330.623
0.582926 329.947
0.589034 325.522
0.595184 320.824
0.601379 319.9
0.607522 316.375
0.613639 313.586
0.619772 309.781
0.625918 308.863
0.632068 305.947
0.638161 300.916
0.6443 297.22
0.650464 297.032
0.656582 297.35
0.662703 292.48
0.668861 288.659
0.675024 286.716
0.681124 284.641
0.687237 280.797
0.693381 278.908
0.699536 276.745
0.705665 275.398
0.711789 272.293
0.717957 270.258
0.72409 268.741
0.730186 267.463
0.736317 265.282
0.742472 262.74
0.748622 259.449
0.75476 257.913
0.760888 257.058
0.767043 254.278
0.773185 253.546
0.779291 251.36
0.785407 248.544
0.791564 248.683
0.797719 245.727
0.803834 244.719
0.809972 241.813
0.816124 240.91
0.822261 240.097
0.828378 237.917
0.834502 235.756
0.840667 233.199
0.846816 230.876
0.852925 231.15
0.859047 230.001
0.865192 227.735
0.871341 226.953
0.877463 225.494
0.883569 222.435
0.889708 222.219
0.895864 221.581
0.902008 219.821
0.908149 218.566
0.914301 216.44
0.920448 216.109
0.926574 214.968
0.932687 212.509
0.938823 211.329
0.944975 210.377
0.951105 210.103
0.957225 207.724
0.963368 206.408
0.969511 205.097
0.975621 204.561
0.981748 203.453
0.987916 202.35
0.99406 201.379
1.00019 200.548
1.00632 198.047
1.01246 197.082
1.01859 196.659
1.02471 195.839
1.03085 194.199
1.03698 193.819
1.04314 192.678
1.04929 191.681
1.05541 190.157
1.06154 190.015
1.06769 187.788
1.07382 186.529
1.07993 186.858
1.08607 185.939
1.09222 183.9
1.09836 183.775
1.10449 182.68
1.11063 182.09
1.11677 181.167
1.1229 180.134
1.12903 178.545
1.13518 179.028
1.14131 177.279
1.14745 176.347
1.15359 175.702
1.15973 174.683
1.16584 173.907
1.17197 173.082
1.17811 172.207
1.18424 171.237
1.19038 170.55
1.19652 170.758
1.20267 168.635
1.20881 168.538
1.21495 168.143
1.22108 166.921
1.2272 166.471
1.23334 165.339
1.23949 164.89
1.24562 163.891
1.25174 163.102
1.25789 162.571
1.26402 161.705
1.27014 161.338
1.27628 160.234
1.28244 159.279
1.28858 159.024
1.29471 158.942
1.30084 157.918
1.30697 156.739
1.31312 156.319
1.31925 155.33
1.32537 154.598
1.33151 154.521
1.33765 153.722
1.34378 153.312
1.34992 152.965
1.35606 151.99
1.3622 151.289
1.36833 150.251
1.37445 150.453
1.38059 149.134
1.38675 148.531
1.39288 148.44
1.39901 147.633
1.40515 146.358
1.4113 146.296
1.41742 145.709
1.42355 145.266
1.4297 144.764
1.43585 144.095
1.44198 143.56
1.44809 142.93
1.45423 142.334
1.46036 141.736
1.46649 141.307
1.47263 140.652
1.47877 139.96
1.48491 139.989
1.49104 138.598
1.49718 138.706
1.50333 138.298
1.50947 137.697
1.5156 137.276
1.52172 136.485
1.52787 135.859
1.534 135.688
1.54013 134.925
1.54627 134.962
1.55241 134.243
1.55855 133.491
1.56467 133.407
1.5708 132.669
