0.00783031 3632.96
0.013688 -202.104
0.019231 563.158
0.0249154 -851.494
0.0312784 -1100.86
0.0375637 907.539
0.0433917 1148.49
0.0492413 752.473
0.0555754 641.249
0.0619321 588.563
0.067871 924.066
0.0738098 1102.3
0.0800417 1610.23
0.0862327 1260.1
0.0921407 1348.82
0.0982031 1655.59
0.104506 1511.24
0.110769 1509.24
0.116806 1600.78
0.122832 1663.98
0.129052 1738.14
0.135211 1685.76
0.141259 1840.05
0.147318 1762.34
0.153489 1943.92
0.159709 1826.44
0.165845 1931.27
0.171974 1875.07
0.178125 1936.37
0.184229 1908.04
0.19034 1994.5
0.196428 1921.75
0.202534 2042.62
0.208729 1918.41
0.214876 1982.67
0.220989 1987.56
0.227147 1991.92
0.23329 2063.31
0.239377 1965.7
0.245482 1983.24
0.251667 2068.7
0.257832 2037.63
0.263955 2000.99
0.270079 1977.29
0.27624 2043.14
0.282372 1994.9
0.28843 1996.32
0.294538 1996.69
0.300721 1998.54
0.30691 1996.56
0.313033 1979.31
0.319153 1977.32
0.325316 1995.75
0.33145 1993.57
0.337538 1969.91
0.343633 1986.8
0.349808 1945.89
0.355968 1996.66
0.362074 1967.67
0.368217 1953.3
0.374374 1981.58
0.380519 1989.75
0.386598 1954.14
0.392688 1980.62
0.39888 1979.83
0.405048 1952.86
0.411186 1942.46
0.417313 1953.9
0.423458 1939.23
0.429607 1930.1
0.435692 1953.82
0.441815 1928.96
0.447964 1937.4
0.454126 1924.39
0.460267 1937.25
0.466387 1929.06
0.47254 1893.46
0.478662 1916.07
0.484765 1899.57
0.490885 1889.92
0.497035 1888.28
0.503198 1890.55
0.509342 1887.82
0.515458 1887.59
0.521598 1869.49
0.527764 1887
0.533884 1862.07
0.54 1879.57
0.546137 1856.27
0.552299 1857.76
0.558452 1862.05
0.564573 1846.37
0.570708 1848.59
0.576825 1833.61
0.582926 1846.25
0.589034 1850.42
0.595184 1835.3
0.601379 1826.17
0.607522 1819.19
0.613639 1824.58
0.619772 1817.51
0.625918 1796.5
0.632068 1807.66
0.638161 1803.62
0.6443 1792.8
0.650464 1793.67
0.656582 1786.21
0.662703 1786.97
0.668861 1784.95
0.675024 1788.07
0.681124 1766.33
0.687237 1771.26
0.693381 1749.74
0.699536 1762.69
0.705665 1758.87
0.711789 1747.86
0.717957 1747.17
0.72409 1735.98
0.730186 1745.01
0.736317 1722.83
0.742472 1737.3
0.748622 1724.75
0.75476 1717.6
0.760888 1718.16
0.767043 1716.81
0.773185 1704.24
0.779291 1705.88
0.785407 1704.88
0.791564 1694.13
0.797719 1682.01
0.803834 1679
0.809972 1675.31
0.816124 1670.63
0.822261 1661.85
0.828378 1655.9
0.834502 1661.52
0.840667 1648.2
0.846816 1649.72
0.852925 1648.93
0.859047 1639.61
0.865192 1642.44
0.871341 1634.22
0.877463 1625.94
0.883569 1618.5
0.889708 1605.97
0.895864 1609.95
0.902008 1599.49
0.908149 1602.29
0.914301 1596.83
0.920448 1591.66
0.926574 1582.49
0.932687 1581.94
0.938823 1577.03
0.944975 1564.85
0.951105 1562.04
0.957225 1566.02
0.963368 1552.96
0.969511 1548.78
0.975621 1555.55
0.981748 1540.92
0.987916 1544.87
0.99406 1540.98
1.00019 1532.11
1.00632 1528.01
1.01246 1522.64
1.01859 1512.6
1.02471 1517.16
1.03085 1504.05
1.03698 1507.77
1.04314 1498.04
1.04929 1483.17
1.05541 1494.62
1.06154 1487.64
1.06769 1475.55
1.07382 1482.24
1.07993 1478.1
1.08607 1467.35
1.09222 1466.43
1.09836 1461.03
1.10449 1460.03
1.11063 1460.76
1.11677 1448.3
1.1229 1446.55
1.12903 1444.93
1.13518 1432.21
1.14131 1429.61
1.14745 1426.66
1.15359 1423.66
1.15973 1414.39
1.16584 1418.86
1.17197 1402.49
1.17811 1409.36
1.18424 1404.21
1.19038 1394.18
1.19652 1389.89
1.20267 1389.77
1.20881 1385.98
1.21495 1381.34
1.22108 1378.08
1.2272 1372.22
1.23334 1362
1.23949 1364.08
1.24562 1362.09
1.25174 1354.38
1.25789 1350.28
1.26402 1342.86
1.27014 1340.64
1.27628 1335.64
1.28244 1334.56
1.28858 1327.02
1.29471 1323.28
1.30084 1318.07
1.30697 1317.05
1.31312 1312.67
1.31925 1309.01
1.32537 1302.1
1.33151 1293.24
1.33765 1295.68
1.34378 1289.5
1.34992 1284.02
1.35606 1282.8
1.3622 1276.45
1.36833 1272.41
1.37445 1267.85
1.38059 1266.28
1.38675 1259.64
1.39288 1258.55
1.39901 1254.94
1.40515 1247.27
1.4113 1247.97
1.41742 1236.19
1.42355 1232.64
1.4297 1232.55
1.43585 1228.99
1.44198 1224.24
1.44809 1219.1
1.45423 1221.42
1.46036 1217.91
1.46649 1208.74
1.47263 1205.52
1.47877 1205.72
1.48491 1198.56
1.49104 1196.78
1.49718 1192.41
1.50333 1189.14
1.50947 1181.62
1.5156 1178.36
1.52172 1175.1
1.52787 1173.66
1.534 1169.25
1.54013 1160.15
1.54627 1159.87
1.55241 1152.11
1.55855 1156.81
1.56467 1147.27
1.5708 1142.05
