0.00783031 9317.95
0.013688 9084.04
0.019231 8159.28
0.0249154 11151.3
0.0312784 10596.3
0.0375637 9791.38
0.0433917 9405.91
0.0492413 9301.4
0.0555754 9689.05
0.0619321 8527.69
0.067871 7697.49
0.0738098 8640.78
0.0800417 8768.03
0.0862327 8427.03
0.0921407 8391.62
0.0982031 7996.81
0.104506 7823.73
0.110769 7690.6
0.116806 7618.57
0.122832 7276.43
0.129052 7248.66
0.135211 7142.55
0.141259 7020.36
0.147318 6599
0.153489 6713.05
0.159709 6642.18
0.165845 6687.65
0.171974 6536.65
0.178125 6313.81
0.184229 6195.78
0.19034 6215.8
0.196428 6015.79
0.202534 6057.63
0.208729 5835.12
0.214876 5831.36
0.220989 5675.04
0.227147 5710.96
0.23329 5718.4
0.239377 5565.52
0.245482 5471.28
0.251667 5518.78
0.257832 5378.46
0.263955 5405.58
0.270079 5161.26
0.27624 5286.93
0.282372 5089.74
0.28843 5117.12
0.294538 5040.24
0.300721 5057.2
0.30691 4973.93
0.313033 4880.01
0.319153 4885.75
0.325316 4855.84
0.33145 4783.57
0.337538 4781.47
0.343633 4738.79
0.349808 4670.83
0.355968 4689.75
0.362074 4617.46
0.368217 4558.4
0.374374 4565.67
0.380519 4566.33
0.386598 4490.59
0.392688 4522.03
0.39888 4474.45
0.405048 4423.3
0.411186 4368.29
0.417313 4383.82
0.423458 4329.61
0.429607 4333.54
0.435692 4328.98
0.441815 4268.9
0.447964 4246.97
0.454126 4233.3
0.460267 4248.14
0.466387 4183.35
0.47254 4127.58
0.478662 4145.82
0.484765 4107.17
0.490885 4067.14
0.497035 4074.01
0.503198 4059.51
0.509342 4027.02
0.515458 4035.56
0.521598 3966.27
0.527764 4008.44
0.533884 3954.96
0.54 3962.9
0.546137 3931.58
0.552299 3913.45
0.558452 3897.63
0.564573 3878.13
0.570708 3878.88
0.576825 3848.27
0.582926 3859.21
0.589034 3844.87
0.595184 3820.11
0.601379 3792.83
0.607522 3776.26
0.613639 3791.03
0.619772 3758.19
0.625918 3737.7
0.632068 3741.26
0.638161 3709.04
0.6443 3698.58
0.650464 3703.16
0.656582 3694
0.662703 3692.17
0.668861 3671.06
0.675024 3664.69
0.681124 3637.34
0.687237 3642.66
0.693381 3599.8
0.699536 3616.35
0.705665 3592.9
0.711789 3576.65
0.717957 3576.65
0.72409 3561.14
0.730186 3569
0.736317 3532.97
0.742472 3542.84
0.748622 3526.37
0.75476 3512.85
0.760888 3503.98
0.767043 3508.47
0.773185 3480.91
0.779291 3489.8
0.785407 3470.32
0.791564 3468.08
0.797719 3434.42
0.803834 3436.2
0.809972 3421.04
0.816124 3407.88
0.822261 3395.84
0.828378 3388.81
0.834502 3394.32
0.840667 3379.76
0.846816 3372.65
0.852925 3364.52
0.859047 3358.45
0.865192 3353.69
0.871341 3336.48
0.877463 3321.67
0.883569 3316.17
0.889708 3290.33
0.895864 3300.95
0.902008 3276.35
0.908149 3283.26
0.914301 3266.61
0.920448 3270.07
0.926574 3249.15
0.932687 3237.84
0.938823 3232.14
0.944975 3221.54
0.951105 3221.42
0.957225 3215.14
0.963368 3192.86
0.969511 3185.63
0.975621 3199.41
0.981748 3177.54
0.987916 3186.51
0.99406 3180.78
1.00019 3165.28
1.00632 3155.17
1.01246 3151.53
1.01859 3129.47
1.02471 3135.38
1.03085 3120.81
1.03698 3121
1.04314 3107.66
1.04929 3076.11
1.05541 3103.67
1.06154 3089.4
1.06769 3074.86
1.07382 3081.1
1.07993 3075.24
1.08607 3055.46
1.09222 3059.74
1.09836 3047.72
1.10449 3043.9
1.11063 3049.62
1.11677 3032.23
1.1229 3026.24
1.12903 3023.14
1.13518 3004.16
1.14131 3001.88
1.14745 2997.45
1.15359 2987.63
1.15973 2977.97
1.16584 2995.38
1.17197 2962.2
1.17811 2974.57
1.18424 2966.12
1.19038 2950.79
1.19652 2948.32
1.20267 2942.63
1.20881 2939.48
1.21495 2934.38
1.22108 2931.95
1.2272 2916.52
1.23334 2901.27
1.23949 2912.1
1.24562 2907.79
1.25174 2894.49
1.25789 2888.62
1.26402 2877.15
1.27014 2872.43
1.27628 2866.82
1.28244 2865.89
1.28858 2855.54
1.29471 2849.73
1.30084 2843.27
1.30697 2841.14
1.31312 2833.95
1.31925 2828.41
1.32537 2819.16
1.33151 2806.13
1.33765 2812.16
1.34378 2800.83
1.34992 2795.83
1.35606 2794.97
1.3622 2782.75
1.36833 2778.71
1.37445 2773.9
1.38059 2773.03
1.38675 2763.2
1.39288 2763.34
1.39901 2755.08
1.40515 2745.61
1.4113 2747.79
1.41742 2726.81
1.42355 2726.68
1.4297 2727.63
1.43585 2721.9
1.44198 2714.72
1.44809 2706.62
1.45423 2714.28
1.46036 2711.42
1.46649 2695.71
1.47263 2691.26
1.47877 2691.5
1.48491 2683.94
1.49104 2679.07
1.49718 2675.68
1.50333 2669.21
1.50947 2661.87
1.5156 2652.42
1.52172 2650.67
1.52787 2649.08
1.534 2646.55
1.54013 2630.15
1.54627 2630.49
1.55241 2620.72
1.55855 2630.37
1.56467 2612.49
1.5708 2606.52
