0.00783031 20086.7
0.013688 24881.9
0.019231 25073.5
0.0249154 23060.1
0.0312784 19688.7
0.0375637 17054.9
0.0433917 15058.3
0.0492413 13206.2
0.0555754 11926
0.0619321 11157.9
0.067871 10200.5
0.0738098 9594.1
0.0800417 8553.93
0.0862327 7562.33
0.0921407 6995.57
0.0982031 6102.01
0.104506 5622.56
0.110769 5148.14
0.116806 4745.91
0.122832 4675.72
0.129052 4327.39
0.135211 4249.34
0.141259 3997.65
0.147318 3796.37
0.153489 3523.19
0.159709 3342.95
0.165845 3079.49
0.171974 2962.75
0.178125 2828.17
0.184229 2701.29
0.19034 2609.07
0.196428 2476.01
0.202534 2397.86
0.208729 2343.45
0.214876 2228.27
0.220989 2151.87
0.227147 2042.77
0.23329 2014.36
0.239377 1971.03
0.245482 1848.66
0.251667 1798.29
0.257832 1784.95
0.263955 1721.62
0.270079 1662.13
0.27624 1632.24
0.282372 1586.05
0.28843 1549.47
0.294538 1490.93
0.300721 1467.8
0.30691 1439.84
0.313033 1382.58
0.319153 1356.18
0.325316 1330.17
0.33145 1315.76
0.337538 1290.9
0.343633 1237.26
0.349808 1191.63
0.355968 1194.43
0.362074 1171.51
0.368217 1155.63
0.374374 1124.62
0.380519 1116.23
0.386598 1091.04
0.392688 1071.33
0.39888 1040.21
0.405048 1037.6
0.411186 1023.24
0.417313 1004.69
0.423458 985.651
0.429607 978.812
0.435692 971.034
0.441815 944.605
0.447964 931.719
0.454126 909.782
0.460267 903.775
0.466387 888.498
0.47254 871.859
0.478662 869.576
0.484765 861.265
0.490885 840.63
0.497035 833.97
0.503198 817.491
0.509342 804.53
0.515458 808.453
0.521598 792.309
0.527764 783.978
0.533884 771.668
0.54 762.867
0.546137 755.252
0.552299 749.197
0.558452 738.201
0.564573 725.737
0.570708 727.257
0.576825 717.484
0.582926 705.541
0.589034 696.944
0.595184 694.636
0.601379 684.792
0.607522 678.622
0.613639 672.254
0.619772 661.211
0.625918 659.321
0.632068 650.908
0.638161 647.427
0.6443 637.029
0.650464 629.436
0.656582 627.013
0.662703 620.266
0.668861 612.618
0.675024 614.699
0.681124 601.517
0.687237 594.207
0.693381 590.953
0.699536 586.277
0.705665 582.533
0.711789 577.001
0.717957 568.454
0.72409 566.662
0.730186 561.046
0.736317 557.208
0.742472 551.817
0.748622 544.245
0.75476 541.876
0.760888 540.347
0.767043 535.02
0.773185 522.524
0.779291 523.605
0.785407 519.999
0.791564 514.407
0.797719 512.545
0.803834 506.03
0.809972 500.335
0.816124 502.168
0.822261 495.926
0.828378 493.595
0.834502 488.602
0.840667 484.566
0.846816 478.25
0.852925 477.14
0.859047 469.813
0.865192 468.097
0.871341 465.906
0.877463 462.298
0.883569 458.618
0.889708 456.138
0.895864 451.061
0.902008 445.195
0.908149 444.486
0.914301 440.257
0.920448 437.631
0.926574 434.193
0.932687 431.918
0.938823 428.377
0.944975 423.107
0.951105 422.262
0.957225 418.564
0.963368 416.129
0.969511 413.081
0.975621 408.823
0.981748 404.158
0.987916 402.547
0.99406 399.246
1.00019 397.884
1.00632 393.621
1.01246 390.97
1.01859 389.048
1.02471 384.934
1.03085 383.505
1.03698 378.095
1.04314 376.438
1.04929 372.367
1.05541 371.66
1.06154 369.251
1.06769 365.92
1.07382 363.247
1.07993 362.333
1.08607 357.466
1.09222 354.761
1.09836 354.59
1.10449 349.782
1.11063 349.072
1.11677 346.493
1.1229 342.797
1.12903 340.544
1.13518 338.288
1.14131 334.425
1.14745 333.769
1.15359 330.713
1.15973 328.021
1.16584 324.96
1.17197 323.795
1.17811 320.383
1.18424 319.617
1.19038 317.258
1.19652 314.996
1.20267 312.382
1.20881 310.178
1.21495 307.441
1.22108 304.831
1.2272 302.967
1.23334 300.944
1.23949 299.427
1.24562 296.724
1.25174 294.544
1.25789 293.145
1.26402 291.221
1.27014 288.253
1.27628 286.291
1.28244 284.266
1.28858 282.489
1.29471 280.969
1.30084 278.925
1.30697 276.785
1.31312 275.626
1.31925 273.335
1.32537 272.015
1.33151 269.094
1.33765 268.132
1.34378 265.329
1.34992 262.959
1.35606 261.111
1.3622 260.143
1.36833 258.144
1.37445 256.056
1.38059 255.091
1.38675 253.418
1.39288 251.271
1.39901 249.082
1.40515 247.602
1.4113 245.832
1.41742 244.274
1.42355 242.824
1.4297 240.427
1.43585 239.458
1.44198 237.454
1.44809 235.753
1.45423 234.842
1.46036 232.764
1.46649 230.764
1.47263 228.32
1.47877 227.714
1.48491 225.914
1.49104 224.699
1.49718 223.34
1.50333 220.747
1.50947 220.053
1.5156 217.553
1.52172 216.543
1.52787 215.247
1.534 213.472
1.54013 212.198
1.54627 210.874
1.55241 209.355
1.55855 207.618
1.56467 207.019
1.5708 204.956
