0.00783031 -1039.42
0.013688 504.752
0.019231 -580.128
0.0249154 126.343
0.0312784 101.601
0.0375637 22.1862
0.0433917 -283.107
0.0492413 -415.022
0.0555754 50.2871
0.0619321 -149.728
0.067871 -253.741
0.0738098 -89.8665
0.0800417 -67.3904
0.0862327 16.0164
0.0921407 -115.03
0.0982031 -109.485
0.104506 -216.462
0.110769 -179.301
0.116806 -89.6268
0.122832 -133.849
0.129052 -124.822
0.135211 -213.706
0.141259 -173.099
0.147318 -152.982
0.153489 -215.919
0.159709 -183.366
0.165845 -185.432
0.171974 -179.076
0.178125 -179.843
0.184229 -165.756
0.19034 -198.933
0.196428 -180.881
0.202534 -184.162
0.208729 -174.799
0.214876 -160.53
0.220989 -180.104
0.227147 -178.681
0.23329 -181.554
0.239377 -168.798
0.245482 -151.671
0.251667 -181.712
0.257832 -163.12
0.263955 -169.545
0.270079 -172.56
0.27624 -164.51
0.282372 -179.887
0.28843 -168.097
0.294538 -161.965
0.300721 -159.43
0.30691 -178.051
0.313033 -153.79
0.319153 -173.226
0.325316 -170.952
0.33145 -155.741
0.337538 -162.675
0.343633 -151.988
0.349808 -155.903
0.355968 -148.755
0.362074 -158.865
0.368217 -149.103
0.374374 -154.239
0.380519 -143.77
0.386598 -144.833
0.392688 -152.138
0.39888 -151.848
0.405048 -148.099
0.411186 -143.522
0.417313 -146.205
0.423458 -141.473
0.429607 -140.772
0.435692 -143.834
0.441815 -146.782
0.447964 -137.776
0.454126 -138.845
0.460267 -139.301
0.466387 -136.696
0.47254 -134.997
0.478662 -138.598
0.484765 -133.834
0.490885 -127.564
0.497035 -130.691
0.503198 -138.145
0.509342 -129.348
0.515458 -134.66
0.521598 -135.084
0.527764 -134.795
0.533884 -129.719
0.54 -131.027
0.546137 -131.167
0.552299 -129.451
0.558452 -128.024
0.564573 -125.899
0.570708 -128.501
0.576825 -133.973
0.582926 -128.972
0.589034 -127.743
0.595184 -126.183
0.601379 -123.844
0.607522 -125.795
0.613639 -127.257
0.619772 -121.471
0.625918 -126.541
0.632068 -126.581
0.638161 -125.717
0.6443 -124.36
0.650464 -124.039
0.656582 -122.664
0.662703 -122.667
0.668861 -122.74
0.675024 -121.927
0.681124 -120.38
0.687237 -121.414
0.693381 -120.216
0.699536 -119.687
0.705665 -121.959
0.711789 -119.999
0.717957 -117.032
0.72409 -118.084
0.730186 -117.421
0.736317 -119.973
0.742472 -120.342
0.748622 -118.786
0.75476 -115.947
0.760888 -117.025
0.767043 -117.312
0.773185 -117.515
0.779291 -118.696
0.785407 -117.634
0.791564 -113.521
0.797719 -117.354
0.803834 -114.302
0.809972 -116.087
0.816124 -115.231
0.822261 -115.254
0.828378 -116.154
0.834502 -114.724
0.840667 -116.774
0.846816 -113.507
0.852925 -114.556
0.859047 -112.951
0.865192 -114.012
0.871341 -113.179
0.877463 -114.959
0.883569 -113.56
0.889708 -113.951
0.895864 -112.872
0.902008 -110.311
0.908149 -114.785
0.914301 -112.626
0.920448 -112.576
0.926574 -113.967
0.932687 -111.896
0.938823 -112.503
0.944975 -110.648
0.951105 -112.637
0.957225 -110.235
0.963368 -111.252
0.969511 -111.024
0.975621 -111.519
0.981748 -111.581
0.987916 -110.744
0.99406 -112.102
1.00019 -110.43
1.00632 -108.904
1.01246 -110.394
1.01859 -111.208
1.02471 -109.056
1.03085 -112.074
1.03698 -109.308
1.04314 -109.966
1.04929 -108.935
1.05541 -108.778
1.06154 -110.62
1.06769 -109.424
1.07382 -108.892
1.07993 -109.088
1.08607 -108.667
1.09222 -108.371
1.09836 -107.175
1.10449 -106.689
1.11063 -108.082
1.11677 -107.833
1.1229 -106.599
1.12903 -108.529
1.13518 -106.504
1.14131 -106.945
1.14745 -106.942
1.15359 -106.538
1.15973 -106.074
1.16584 -106.79
1.17197 -106.302
1.17811 -106.773
1.18424 -105.033
1.19038 -105.552
1.19652 -105.622
1.20267 -105.41
1.20881 -105.476
1.21495 -104.467
1.22108 -104.343
1.2272 -103.516
1.23334 -103.82
1.23949 -105.418
1.24562 -103.333
1.25174 -103.883
1.25789 -103.678
1.26402 -103.104
1.27014 -102.713
1.27628 -102.59
1.28244 -102.907
1.28858 -103.674
1.29471 -104.296
1.30084 -103.004
1.30697 -102.058
1.31312 -102.508
1.31925 -102.106
1.32537 -102.614
1.33151 -102.046
1.33765 -101.963
1.34378 -101.357
1.34992 -101.373
1.35606 -101.403
1.3622 -100.927
1.36833 -100.522
1.37445 -100.456
1.38059 -101.278
1.38675 -100.139
1.39288 -100.05
1.39901 -99.6982
1.40515 -100.298
1.4113 -99.5611
1.41742 -99.7535
1.42355 -99.0988
1.4297 -98.8486
1.43585 -98.4425
1.44198 -98.8339
1.44809 -99.0445
1.45423 -99.1523
1.46036 -97.8923
1.46649 -98.4888
1.47263 -97.3472
1.47877 -98.8003
1.48491 -97.2787
1.49104 -97.6018
1.49718 -97.7338
1.50333 -96.789
1.50947 -97.1086
1.5156 -96.612
1.52172 -96.0202
1.52787 -96.5776
1.534 -96.1031
1.54013 -96.0718
1.54627 -96.5747
1.55241 -95.8438
1.55855 -95.3563
1.56467 -95.508
1.5708 -95.0978
