0.00783031 0.0179952
0.013688 0.0348719
0.019231 0.0935172
0.0249154 0.103799
0.0312784 0.202082
0.0375637 0.262196
0.0433917 0.322667
0.0492413 0.473529
0.0555754 0.565803
0.0619321 0.77187
0.067871 1.00343
0.0738098 1.16829
0.0800417 1.40011
0.0862327 1.62206
0.0921407 1.81231
0.0982031 2.05162
0.104506 2.36145
0.110769 2.66457
0.116806 3.0279
0.122832 3.4244
0.129052 3.76399
0.135211 4.31104
0.141259 4.67834
0.147318 5.11314
0.153489 5.58338
0.159709 6.1767
0.165845 6.63937
0.171974 6.92952
0.178125 7.48344
0.184229 8.13888
0.19034 8.53734
0.196428 9.34117
0.202534 9.70738
0.208729 10.6491
0.214876 11.2692
0.220989 12.0168
0.227147 12.4841
0.23329 13.2215
0.239377 13.9448
0.245482 14.4369
0.251667 15.2497
0.257832 16.515
0.263955 16.9426
0.270079 17.6426
0.27624 18.435
0.282372 19.4278
0.28843 20.2956
0.294538 20.7916
0.300721 22.1578
0.30691 22.8467
0.313033 23.3503
0.319153 24.7324
0.325316 25.6379
0.33145 26.7641
0.337538 27.7202
0.343633 28.527
0.349808 28.734
0.355968 30.1639
0.362074 31.5196
0.368217 32.7337
0.374374 33.2968
0.380519 34.4241
0.386598 35.5489
0.392688 36.5904
0.39888 37.654
0.405048 38.8106
0.411186 39.8243
0.417313 41.3064
0.423458 42.0416
0.429607 43.1367
0.435692 44.2773
0.441815 45.9423
0.447964 47.055
0.454126 47.6707
0.460267 49.3776
0.466387 49.739
0.47254 51.0218
0.478662 52.4467
0.484765 53.8747
0.490885 55.0315
0.497035 56.5257
0.503198 57.5086
0.509342 58.8628
0.515458 60.2806
0.521598 61.474
0.527764 63.2429
0.533884 64.2942
0.54 65.6866
0.546137 67.2742
0.552299 67.6256
0.558452 69.6751
0.564573 71.2177
0.570708 72.3617
0.576825 73.5487
0.582926 75.3701
0.589034 75.4958
0.595184 77.4673
0.601379 78.7488
0.607522 79.8588
0.613639 81.8194
0.619772 82.5682
0.625918 84.2861
0.632068 86.2458
0.638161 87.6044
0.6443 89.2792
0.650464 90.1546
0.656582 91.7243
0.662703 93.3894
0.668861 94.3571
0.675024 95.5326
0.681124 97.3438
0.687237 99.2081
0.693381 100.258
0.699536 101.891
0.705665 103.024
0.711789 104.866
0.717957 106.075
0.72409 107.87
0.730186 109.019
0.736317 111.364
0.742472 112.995
0.748622 113.996
0.75476 115.513
0.760888 116.879
0.767043 119.157
0.773185 120.074
0.779291 122.226
0.785407 123.356
0.791564 124.668
0.797719 126.555
0.803834 127.423
0.809972 130.07
0.816124 130.807
0.822261 132.383
0.828378 134.146
0.834502 135.943
0.840667 137.915
0.846816 139.021
0.852925 140.673
0.859047 142.455
0.865192 144.328
0.871341 145.417
0.877463 147.913
0.883569 148.358
0.889708 149.536
0.895864 151.49
0.902008 152.789
0.908149 155.381
0.914301 156.627
0.920448 158.418
0.926574 159.122
0.932687 161.399
0.938823 162.997
0.944975 164.318
0.951105 166.543
0.957225 168.194
0.963368 169.522
0.969511 171.129
0.975621 172.424
0.981748 174.444
0.987916 175.259
0.99406 178.698
1.00019 178.487
1.00632 180.498
1.01246 182.584
1.01859 185.152
1.02471 185.294
1.03085 188.166
1.03698 188.611
1.04314 190.185
1.04929 191.382
1.05541 193.959
1.06154 195.498
1.06769 198.479
1.07382 198.27
1.07993 200.782
1.08607 201.81
1.09222 203.627
1.09836 204.84
1.10449 206.055
1.11063 209.21
1.11677 209.619
1.1229 212.358
1.12903 212.767
1.13518 214.612
1.14131 216.921
1.14745 218.537
1.15359 219.903
1.15973 221.804
1.16584 223.075
1.17197 224.098
1.17811 225.789
1.18424 227.539
1.19038 228.745
1.19652 230.66
1.20267 232.407
1.20881 233.73
1.21495 235.768
1.22108 237.624
1.2272 238.457
1.23334 241.327
1.23949 241.848
1.24562 243.689
1.25174 244.787
1.25789 247.3
1.26402 248.31
1.27014 249.88
1.27628 250.672
1.28244 253.411
1.28858 256.127
1.29471 256.117
1.30084 258.279
1.30697 259.204
1.31312 260.062
1.31925 262.317
1.32537 263.934
1.33151 265.747
1.33765 266.624
1.34378 268.754
1.34992 269.047
1.35606 271.392
1.3622 273.289
1.36833 274.075
1.37445 276.734
1.38059 277.735
1.38675 279.039
1.39288 280.95
1.39901 282.02
1.40515 283.19
1.4113 285.482
1.41742 286.605
1.42355 287.571
1.4297 289.903
1.43585 290.923
1.44198 292.71
1.44809 294.581
1.45423 295.959
1.46036 296.4
1.46649 298.103
1.47263 299.595
1.47877 301.137
1.48491 302.205
1.49104 303.687
1.49718 305.974
1.50333 307.725
1.50947 307.954
1.5156 309.744
1.52172 311.057
1.52787 312.499
1.534 313.59
1.54013 315.834
1.54627 317.124
1.55241 317.508
1.55855 319.17
1.56467 320.21
1.5708 322.593
