#  k  (h/Mpc)          P(k)  (Mpc/h)^3     P_linear(k)   P_NL(k) (Mpc/h)^3
     0.00783031         20378.8         20513.5           20402 
       0.013688         25179.2         25365.8         25170.4 
       0.019231         25195.7         25635.4         25378.2 
      0.0249154           23425         23617.7         23341.1 
      0.0312784         20232.1         20361.8         20072.2 
      0.0375637         17088.4         17287.6         17029.1 
      0.0433917         14970.7         15046.4         14768.3 
      0.0492413         13312.4         13439.5         13172.6 
      0.0555754         11623.5         12280.2         12034.8 
      0.0619321         11282.4         11423.3         11182.2 
       0.067871         10283.4         10674.3         10455.7 
      0.0738098         9400.52         9842.08         9530.37 
      0.0800417         8445.48         8856.08         8604.23 
      0.0862327         7804.43         7841.33          7739.8 
      0.0921407         6956.68         6940.55         6884.81 
      0.0982031         6411.75         6164.83         6243.98 
       0.104506         5588.14         5561.75         5737.32 
       0.110769         5303.79         5155.89         5263.08 
       0.116806         5022.84         4889.47         4964.46 
       0.122832          4691.4         4677.07         4752.13 
       0.129052         4492.11         4453.97         4522.27 
       0.135211         4324.64         4193.92         4269.83 
       0.141259          4022.4         3896.12         4050.54 
       0.147318         3769.15         3576.26         3807.16 
       0.153489         3436.37          3260.5         3472.32 
       0.159709         3263.78         2982.04         3265.67 
       0.165845         3090.35         2764.14         3130.37 
       0.171974         2983.91         2604.93         2961.41 
       0.178125         2924.95          2488.7         2879.78 
       0.184229          2723.3          2396.6         2743.09 
        0.19034         2650.88         2308.28         2640.78 
       0.196428         2547.12         2211.01            2533 
       0.202534          2469.5         2098.34         2448.32 
       0.208729         2312.57         1971.83          2315.9 
       0.214876         2246.68         1845.05         2253.38 
       0.220989         2160.66         1727.42         2179.44 
       0.227147         2062.67          1625.3         2105.71 
        0.23329         2012.11          1542.2         2040.86 
       0.239377         1929.64         1476.79         1962.14 
       0.245482         1892.35         1423.17         1881.11 
       0.251667         1842.84         1374.77          1839.5 
       0.257832         1762.86         1326.38         1781.24 
       0.263955         1704.92         1274.55         1732.73 
       0.270079         1693.23         1218.63         1683.96 
        0.27624          1653.9         1160.63         1632.19 
       0.282372         1546.52         1104.16         1604.22 
        0.28843         1556.88         1052.29         1569.55 
       0.294538         1511.23         1005.98         1521.93 
       0.300721         1466.04         965.772         1476.82 
        0.30691         1418.22         931.185         1457.29 
       0.313033          1393.8         900.669         1412.21 
       0.319153         1368.81         871.904         1373.99 
       0.325316         1329.03         843.127         1354.28 
        0.33145         1301.37         813.802         1308.65 
       0.337538         1295.47         783.968         1289.04 
       0.343633         1259.42         754.209         1273.23 
       0.349808         1235.47         725.137         1252.72 
       0.355968         1192.72         698.007         1228.96 
       0.362074         1178.84         673.396         1205.73 
       0.368217          1161.6         651.053         1177.75 
       0.374374         1131.35         630.664         1155.05 
       0.380519         1108.23         611.687         1134.08 
       0.386598         1084.42         593.734         1119.14 
       0.392688         1072.24         576.093         1099.03 
        0.39888          1067.9         558.266         1080.83 
       0.405048          1037.4         540.636         1062.65 
       0.411186         1017.68         523.443         1045.26 
       0.417313         1010.21         506.946         1032.01 
       0.423458         993.002         491.257         1012.47 
       0.429607         974.407         476.511         996.142 
       0.435692         955.226         462.871         974.373 
       0.441815         949.538          450.01         971.353 
       0.447964         925.306         437.712         961.022 
       0.454126         912.918         425.821         934.613 
       0.460267         906.491         414.316         932.964 
       0.466387         883.854         403.106         917.372 
        0.47254         869.953         392.064         904.495 
       0.478662         867.673          381.36         891.387 
       0.484765         860.239         371.082         882.092 
       0.490885         837.831         361.225         865.542 
       0.497035         824.823         351.758         858.122 
       0.503198         820.167         342.709         848.092 
       0.509342         808.889         334.099         833.605 
       0.515458          797.44         325.875         827.949 
       0.521598         797.512         317.898         819.807 
       0.527764         777.715         310.109         812.946 
       0.533884         773.812         302.587         804.268 
           0.54         759.557         295.284         794.874 
       0.546137         760.111         288.166         786.409 
       0.552299         741.137         281.241         775.648 
       0.558452         734.037         274.572         769.557 
       0.564573         740.291         268.183         762.401 
       0.570708         719.912         262.019         752.148 
       0.576825         709.427         256.088         743.076 
       0.582926         706.881         250.362         738.298 
       0.589034         695.471           244.8         728.032 
       0.595184         687.968         239.361         720.603 
       0.601379         684.318         234.048         714.925 
       0.607522         672.006         228.943         704.237 
       0.613639         671.268         224.008         701.679 
       0.619772          660.01         219.199         699.531 
       0.625918         656.821         214.523           690.2 
       0.632068         643.828         209.989         686.291 
       0.638161         643.484          205.63         676.345 
         0.6443         638.248         201.363         670.277 
       0.650464         631.101         197.204         662.339 
       0.656582         618.671         193.195         658.243 
       0.662703         614.366         189.299         653.513 
       0.668861         608.932         185.491         650.291 
       0.675024          601.54         181.786         645.456 
       0.681124         596.259         178.221         636.687 
       0.687237         592.336         174.746         631.235 
       0.693381         587.612         171.349         625.446 
       0.699536         580.777         168.039         621.256 
       0.705665         575.757         164.831         613.993 
       0.711789         568.442         161.707         609.356 
       0.717957          564.15         158.644         608.165 
        0.72409         560.561         155.679         602.232 
       0.730186         555.049          152.81         595.922 
       0.736317         552.693         150.001         592.075 
       0.742472         543.985         147.254         588.343 
       0.748622         538.031         144.576          582.11 
        0.75476         536.277         141.968         582.029 
       0.760888          528.99         139.429           575.8 
       0.767043         526.824         136.944         568.615 
       0.773185         520.321         134.528         565.263 
       0.779291         516.414         132.185         560.659 
       0.785407         515.385         129.892         557.459 
       0.791564         504.539         127.639         555.564 
       0.797719         503.051         125.442         550.541 
       0.803834         496.473         123.312         546.859 
       0.809972         497.712         121.224         543.072 
       0.816124         489.104         119.178         537.397 
       0.822261         486.594         117.186         534.604 
       0.828378         483.605         115.246         530.669 
       0.834502         479.205         113.351         528.875 
       0.840667         473.926         111.487         524.891 
       0.846816         470.354         109.669         520.762 
       0.852925         463.478         107.902         517.784 
       0.859047         463.741          106.17         513.104 
       0.865192         457.498          104.47         510.016 
       0.871341         456.462         102.807         506.384 
       0.877463         452.708         101.188         503.432 
       0.883569         447.343           99.61          501.27 
       0.889708         444.505         98.0585         496.524 
       0.895864          439.89         96.5361         493.723 
       0.902008         436.699         95.0488         490.433 
       0.908149         433.921         93.5935         485.377 
       0.914301         428.192         92.1665         481.772 
       0.920448             427         90.7712         480.905 
       0.926574         421.607         89.4101         477.962 
       0.932687         420.427         88.0802         473.294 
       0.938823         415.139         86.7728         471.922 
       0.944975         412.966         85.4889         469.073 
       0.951105         408.471         84.2354         465.903 
       0.957225         406.891          83.009         462.655 
       0.963368         402.508         81.8028         459.815 
       0.969511         399.954         80.6209         456.807 
       0.975621         396.275         79.4694         454.319 
       0.981748         393.852          78.338          451.84 
       0.987916         389.755         77.2216         449.355 
        0.99406         387.844         76.1311         446.431 
        1.00019         384.967         75.0638         442.652 
        1.00632         381.331          74.018         440.061 
        1.01246         378.173         72.9909          437.43 
        1.01859         375.166         71.9852          434.69 
        1.02471         374.299         71.0001         432.302 
        1.03085         368.969         70.0302         430.831 
        1.03698         366.269         69.0805           429.1 
        1.04314         363.829         68.1442         425.571 
        1.04929         361.853          67.227         422.131 
        1.05541         357.731         66.3297         419.711 
        1.06154         355.128         65.4464         417.619 
        1.06769         351.764         64.5783         414.608 
        1.07382         348.805         63.7301         411.904 
        1.07993         347.316         62.9005         410.011 
        1.08607         343.819         62.0832         407.479 
        1.09222         342.896         61.2799         405.191 
        1.09836         339.211         60.4912         403.296 
        1.10449         335.924         59.7167         401.712 
        1.11063         334.441         58.9542         398.537 
        1.11677         331.456         58.2047         396.423 
         1.1229         328.192         57.4691         393.804 
        1.12903         325.173         56.7453          392.03 
        1.13518         325.021         56.0336         388.783 
        1.14131         321.523          55.335         387.644 
        1.14745         317.664         54.6494         384.581 
        1.15359         317.079         53.9759         383.382 
        1.15973         313.547          53.314         381.089 
        1.16584         312.672         52.6667         379.054 
        1.17197          310.19         52.0295         377.377 
        1.17811         306.608         51.4006         374.629 
        1.18424         303.695         50.7833         372.402 
        1.19038         301.309         50.1735          371.22 
        1.19652         300.121         49.5734         368.291 
        1.20267         297.833         48.9833         366.436 
        1.20881          295.35         48.4039         364.926 
        1.21495         293.822         47.8363         362.286 
        1.22108         290.685         47.2789         359.992 
         1.2272         289.598         46.7319         359.043 
        1.23334         287.042         46.1919         356.657 
        1.23949          284.83         45.6581         354.756 
        1.24562           281.5         45.1334         352.657 
        1.25174         280.094         44.6172         351.084 
        1.25789         278.043         44.1075         348.822 
        1.26402         274.849         43.6069         347.609 
        1.27014         273.955         43.1155         345.363 
        1.27628         271.711         42.6304         344.248 
        1.28244         269.746         42.1518         342.606 
        1.28858         267.057         41.6809         340.478 
        1.29471         265.265         41.2183         337.991 
        1.30084         262.886         40.7632         335.917 
        1.30697         261.219         40.3146         334.856 
        1.31312         258.943         39.8726         333.135 
        1.31925         257.519          39.439         331.159 
        1.32537         256.043         39.0126          329.19 
        1.33151         254.275         38.5911         327.926 
        1.33765         251.238         38.1759         326.362 
        1.34378         249.127         37.7675         324.073 
        1.34992         247.851         37.3645         322.575 
        1.35606          245.92         36.9663         320.656 
         1.3622         243.465         36.5745         319.517 
        1.36833         242.441         36.1891         318.305 
        1.37445         240.391         35.8094         315.793 
        1.38059         238.562          35.434         314.721 
        1.38675         236.074         35.0633         313.396 
        1.39288         235.148         34.6997         311.251 
        1.39901         233.664         34.3416         309.548 
        1.40515         232.021          33.988         308.017 
         1.4113         229.254         33.6394         306.267 
        1.41742         228.263         33.2967          304.59 
        1.42355         226.523         32.9578         303.438 
         1.4297         224.665         32.6223         301.328 
        1.43585         223.388         32.2915         300.584 
        1.44198         221.538         31.9668         298.765 
        1.44809         219.101         31.6477         297.196 
        1.45423         218.078         31.3323         295.329 
        1.46036         216.372         31.0223         294.105 
        1.46649         214.588         30.7165         292.844 
        1.47263         212.588         30.4145         291.054 
        1.47877         211.417         30.1163         289.253 
        1.48491         209.667         29.8212         287.663 
        1.49104         208.076         29.5304         286.676 
        1.49718         206.024          29.243         285.836 
        1.50333         205.116         28.9588         283.551 
        1.50947         203.811         28.6791         282.096 
         1.5156         201.608         28.4036         281.309 
        1.52172          200.58          28.132         279.836 
        1.52787         198.924         27.8635         278.436 
          1.534         197.698         27.5991         276.889 
        1.54013         196.179         27.3387         275.619 
        1.54627         194.224         27.0814         274.639 
        1.55241           193.2         26.8275         273.375 
        1.55855         191.249         26.5771         271.725 
        1.56467          189.99         26.3303         270.203 
         1.5708         188.687         26.0858         268.894 
