0.00783031 20513.8
0.013688 25324.2
0.019231 25408.6
0.0249154 23924.7
0.0312784 20752.9
0.0375637 17526.8
0.0433917 15602.2
0.0492413 13980
0.0555754 12209.5
0.0619321 12057.6
0.067871 11109.7
0.0738098 10308.3
0.0800417 9330.62
0.0862327 8769.5
0.0921407 7921.22
0.0982031 7457.15
0.104506 6599.99
0.110769 6358.28
0.116806 6099.29
0.122832 5729.98
0.129052 5567.73
0.135211 5458.11
0.141259 5148.86
0.147318 4882.55
0.153489 4521.69
0.159709 4361.37
0.165845 4190.22
0.171974 4092.03
0.178125 4098.55
0.184229 3811
0.19034 3763.88
0.196428 3675.76
0.202534 3603.67
0.208729 3410.86
0.214876 3362.58
0.220989 3273.55
0.227147 3158.82
0.23329 3126.25
0.239377 3036.27
0.245482 3001.38
0.251667 2963.69
0.257832 2854.59
0.263955 2785.96
0.270079 2790.8
0.27624 2757.82
0.282372 2608.03
0.28843 2646
0.294538 2598.88
0.300721 2543.2
0.30691 2482.63
0.313033 2458.43
0.319153 2434.77
0.325316 2383.65
0.33145 2368.34
0.337538 2366.35
0.343633 2321.82
0.349808 2291.95
0.355968 2225.98
0.362074 2219.07
0.368217 2209.13
0.374374 2162.99
0.380519 2142.12
0.386598 2115.58
0.392688 2098.53
0.39888 2098.54
0.405048 2064.1
0.411186 2032.99
0.417313 2031.06
0.423458 2008.22
0.429607 1990.96
0.435692 1963.12
0.441815 1963.66
0.447964 1919.88
0.454126 1906.89
0.460267 1907.18
0.466387 1872.89
0.47254 1854.01
0.478662 1853.05
0.484765 1845.86
0.490885 1817.8
0.497035 1798.34
0.503198 1799
0.509342 1779.63
0.515458 1770.39
0.521598 1774.6
0.527764 1738.15
0.533884 1742.32
0.54 1714.35
0.546137 1722.66
0.552299 1687.54
0.558452 1682.92
0.564573 1706.17
0.570708 1668.1
0.576825 1653.71
0.582926 1651.5
0.589034 1632.77
0.595184 1624.55
0.601379 1624.1
0.607522 1601.65
0.613639 1606.67
0.619772 1588.34
0.625918 1587.01
0.632068 1561.9
0.638161 1566.28
0.6443 1561.96
0.650464 1554.33
0.656582 1529.06
0.662703 1521.56
0.668861 1517.7
0.675024 1499.78
0.681124 1494.57
0.687237 1492.21
0.693381 1487.29
0.699536 1478.91
0.705665 1469.24
0.711789 1455.54
0.717957 1450.33
0.72409 1443.36
0.730186 1438.32
0.736317 1438.3
0.742472 1420.49
0.748622 1410.77
0.75476 1410.81
0.760888 1397.44
0.767043 1396.13
0.773185 1384.38
0.779291 1378.26
0.785407 1380.87
0.791564 1358.43
0.797719 1357.51
0.803834 1346.18
0.809972 1353.29
0.816124 1334.99
0.822261 1332.16
0.828378 1329.5
0.834502 1321.77
0.840667 1314.57
0.846816 1308.22
0.852925 1293.74
0.859047 1297.3
0.865192 1283.56
0.871341 1285.33
0.877463 1277.31
0.883569 1267.32
0.889708 1264.77
0.895864 1255.41
0.902008 1249.81
0.908149 1247.4
0.914301 1234.94
0.920448 1235.28
0.926574 1224.71
0.932687 1224.6
0.938823 1211.75
0.944975 1210.29
0.951105 1201.45
0.957225 1200.57
0.963368 1190.54
0.969511 1190.16
0.975621 1181.09
0.981748 1178.2
0.987916 1168.97
0.99406 1168.12
1.00019 1160.79
1.00632 1153.86
1.01246 1149.02
1.01859 1142.95
1.02471 1143.91
1.03085 1131.67
1.03698 1126.56
1.04314 1123.61
1.04929 1121.23
1.05541 1109.98
1.06154 1106.75
1.06769 1099.28
1.07382 1093.85
1.07993 1092.7
1.08607 1084.63
1.09222 1085.25
1.09836 1075.22
1.10449 1069.45
1.11063 1068.45
1.11677 1062.05
1.1229 1054.16
1.12903 1047.53
1.13518 1050.3
1.14131 1042.13
1.14745 1033.33
1.15359 1034.95
1.15973 1026.02
1.16584 1026.26
1.17197 1020.83
1.17811 1012.5
1.18424 1006.44
1.19038 1002.18
1.19652 1000.2
1.20267 996.005
1.20881 990.317
1.21495 988.402
1.22108 981.284
1.2272 979.253
1.23334 973.515
1.23949 970.017
1.24562 960.812
1.25174 959.765
1.25789 955.206
1.26402 947.145
1.27014 946.376
1.27628 941.893
1.28244 938.79
1.28858 931.175
1.29471 927.897
1.30084 922.39
1.30697 919.642
1.31312 914.502
1.31925 911.473
1.32537 908.732
1.33151 905.429
1.33765 897.567
1.34378 892.14
1.34992 890.762
1.35606 886.278
1.3622 880.124
1.36833 878.374
1.37445 874.644
1.38059 869.293
1.38675 863.627
1.39288 861.808
1.39901 859.439
1.40515 855.15
1.4113 848.037
1.41742 847.42
1.42355 843.421
1.4297 838.915
1.43585 836.97
1.44198 832.751
1.44809 825.148
1.45423 824.147
1.46036 819.4
1.46649 816.032
1.47263 810.264
1.47877 808.243
1.48491 804.447
1.49104 800.822
1.49718 794.778
1.50333 793.925
1.50947 790.9
1.5156 784.042
1.52172 783.215
1.52787 779.01
1.534 776.021
1.54013 772.209
1.54627 766.824
1.55241 765.093
1.55855 759.891
1.56467 757.208
1.5708 754.187
