0.00783031 3976.47
0.013688 3427.74
0.019231 3890.13
0.0249154 3647.54
0.0312784 3347.39
0.0375637 3009.13
0.0433917 2806.64
0.0492413 2560.93
0.0555754 2694.71
0.0619321 2377.54
0.067871 2457.15
0.0738098 2179.55
0.0800417 1898.05
0.0862327 2036.01
0.0921407 1906.9
0.0982031 1704.72
0.104506 1650.76
0.110769 1581.76
0.116806 1525.15
0.122832 1416.4
0.129052 1408.68
0.135211 1338.42
0.141259 1324.33
0.147318 1278.56
0.153489 1217.75
0.159709 1147.35
0.165845 1124.9
0.171974 1103.66
0.178125 1044.34
0.184229 1010.06
0.19034 977.621
0.196428 955.794
0.202534 901.523
0.208729 886.531
0.214876 852.043
0.220989 850.409
0.227147 828.448
0.23329 809.648
0.239377 775.793
0.245482 777.402
0.251667 753.693
0.257832 725.866
0.263955 717.765
0.270079 698.021
0.27624 686.184
0.282372 678.554
0.28843 648.568
0.294538 645.23
0.300721 624.558
0.30691 622.249
0.313033 604.022
0.319153 598.898
0.325316 578.731
0.33145 577.495
0.337538 563.44
0.343633 550.545
0.349808 538.998
0.355968 534.758
0.362074 516.426
0.368217 518.391
0.374374 501.239
0.380519 505.861
0.386598 488.928
0.392688 483.639
0.39888 475.484
0.405048 469.185
0.411186 462.745
0.417313 455.522
0.423458 448.465
0.429607 442.414
0.435692 432.356
0.441815 432.579
0.447964 424.835
0.454126 414.492
0.460267 412.371
0.466387 411.206
0.47254 402.577
0.478662 393.487
0.484765 396.217
0.490885 388.132
0.497035 382.574
0.503198 378.455
0.509342 371.643
0.515458 367.291
0.521598 362.635
0.527764 362.773
0.533884 358.11
0.54 354.269
0.546137 352.161
0.552299 343.761
0.558452 343.85
0.564573 340.766
0.570708 333.503
0.576825 334.345
0.582926 330.268
0.589034 325.003
0.595184 323.152
0.601379 317.417
0.607522 318.229
0.613639 317.426
0.619772 312.969
0.625918 308.838
0.632068 305.78
0.638161 301.425
0.6443 300.612
0.650464 298.477
0.656582 295.491
0.662703 292.17
0.668861 287.891
0.675024 286.136
0.681124 284.587
0.687237 283.023
0.693381 280.815
0.699536 277.004
0.705665 275.528
0.711789 271.966
0.717957 270.175
0.72409 267.47
0.730186 266.753
0.736317 263.188
0.742472 261.671
0.748622 261.392
0.75476 258.504
0.760888 255.882
0.767043 255.034
0.773185 252.059
0.779291 249.586
0.785407 250.029
0.791564 248.607
0.797719 245.423
0.803834 244.379
0.809972 241.354
0.816124 239.597
0.822261 239.158
0.828378 239.257
0.834502 237.167
0.840667 234.206
0.846816 233.436
0.852925 231.46
0.859047 229.771
0.865192 227.784
0.871341 226.72
0.877463 225.359
0.883569 223.147
0.889708 222.939
0.895864 221.869
0.902008 220.477
0.908149 219.104
0.914301 219.054
0.920448 216.053
0.926574 215.018
0.932687 214.092
0.938823 212.965
0.944975 211.687
0.951105 209.835
0.957225 209.457
0.963368 207.843
0.969511 206.612
0.975621 205.232
0.981748 203.946
0.987916 203.162
0.99406 201.356
1.00019 200.67
1.00632 199.85
1.01246 198.634
1.01859 196.479
1.02471 196.231
1.03085 195
1.03698 195.132
1.04314 193.241
1.04929 192.144
1.05541 191.13
1.06154 189.951
1.06769 189.41
1.07382 188.489
1.07993 188.084
1.08607 186.443
1.09222 185.224
1.09836 185.497
1.10449 183.485
1.11063 182.734
1.11677 182.474
1.1229 180.984
1.12903 179.591
1.13518 178.762
1.14131 178.091
1.14745 177.485
1.15359 177.114
1.15973 176.232
1.16584 175.295
1.17197 174.377
1.17811 173.254
1.18424 172.444
1.19038 171.804
1.19652 171.148
1.20267 170.165
1.20881 169.984
1.21495 168.263
1.22108 168.063
1.2272 167.138
1.23334 166.495
1.23949 165.73
1.24562 164.888
1.25174 164.247
1.25789 163.526
1.26402 162.841
1.27014 162.078
1.27628 161.737
1.28244 160.885
1.28858 159.782
1.29471 159.632
1.30084 158.356
1.30697 158.27
1.31312 156.959
1.31925 156.664
1.32537 156.181
1.33151 155.878
1.33765 154.631
1.34378 153.904
1.34992 153.591
1.35606 152.736
1.3622 151.971
1.36833 151.436
1.37445 151.213
1.38059 150.247
1.38675 149.583
1.39288 149.481
1.39901 148.322
1.40515 148.017
1.4113 147.07
1.41742 146.745
1.42355 146.137
1.4297 145.925
1.43585 145.232
1.44198 144.442
1.44809 144.256
1.45423 143.359
1.46036 143.035
1.46649 142.323
1.47263 141.926
1.47877 141.473
1.48491 140.462
1.49104 140.172
1.49718 139.694
1.50333 138.701
1.50947 138.691
1.5156 138.517
1.52172 137.503
1.52787 137.278
1.534 136.9
1.54013 136.199
1.54627 135.579
1.55241 135.125
1.55855 134.58
1.56467 133.796
1.5708 133.924
