0.00783031 -172.682
0.013688 -222.36
0.019231 -238.05
0.0249154 -231.19
0.0312784 -200.51
0.0375637 -183.669
0.0433917 -169.078
0.0492413 -162.24
0.0555754 -156.696
0.0619321 -157.142
0.067871 -150.778
0.0738098 -147.573
0.0800417 -144.561
0.0862327 -137.797
0.0921407 -131.135
0.0982031 -127.91
0.104506 -125.734
0.110769 -122.351
0.116806 -127.421
0.122832 -122.3
0.129052 -125.259
0.135211 -126.462
0.141259 -129.005
0.147318 -128.378
0.153489 -122.981
0.159709 -121.007
0.165845 -121.563
0.171974 -122.047
0.178125 -120.519
0.184229 -124.102
0.19034 -119.41
0.196428 -121.084
0.202534 -124.165
0.208729 -124.92
0.214876 -124.94
0.220989 -123.141
0.227147 -123.824
0.23329 -124.719
0.239377 -124.31
0.245482 -124.78
0.251667 -124.081
0.257832 -125.711
0.263955 -126.359
0.270079 -127.251
0.27624 -126.671
0.282372 -128.313
0.28843 -126.157
0.294538 -125.42
0.300721 -125.537
0.30691 -124.95
0.313033 -126.235
0.319153 -128.677
0.325316 -127.072
0.33145 -127.484
0.337538 -125.37
0.343633 -127.266
0.349808 -125.353
0.355968 -128.263
0.362074 -127.549
0.368217 -127.937
0.374374 -128.454
0.380519 -128.383
0.386598 -130.084
0.392688 -129.147
0.39888 -129.814
0.405048 -128.553
0.411186 -129.628
0.417313 -131.058
0.423458 -130.017
0.429607 -129.172
0.435692 -129.51
0.441815 -128.893
0.447964 -130.82
0.454126 -129.802
0.460267 -131.242
0.466387 -128.589
0.47254 -129.539
0.478662 -131.882
0.484765 -129.478
0.490885 -129.334
0.497035 -130.358
0.503198 -130.853
0.509342 -130.204
0.515458 -131.705
0.521598 -131.544
0.527764 -131.012
0.533884 -131.537
0.54 -130.105
0.546137 -131.693
0.552299 -132.256
0.558452 -131.765
0.564573 -132.219
0.570708 -131.303
0.576825 -131.268
0.582926 -129.951
0.589034 -129.901
0.595184 -131.715
0.601379 -132.013
0.607522 -133.035
0.613639 -131.48
0.619772 -132.423
0.625918 -130.329
0.632068 -131.731
0.638161 -131.441
0.6443 -131.23
0.650464 -132.12
0.656582 -131.923
0.662703 -131.708
0.668861 -130.785
0.675024 -130.428
0.681124 -132.204
0.687237 -131.047
0.693381 -131.312
0.699536 -130.922
0.705665 -132.219
0.711789 -131.787
0.717957 -131.143
0.72409 -131.716
0.730186 -133.071
0.736317 -131.819
0.742472 -131.551
0.748622 -134.179
0.75476 -131.598
0.760888 -130.719
0.767043 -131.708
0.773185 -133.393
0.779291 -131.072
0.785407 -131.203
0.791564 -131.333
0.797719 -130.861
0.803834 -133.419
0.809972 -130.463
0.816124 -131.954
0.822261 -131.64
0.828378 -133.085
0.834502 -131.505
0.840667 -131.687
0.846816 -131.425
0.852925 -130.841
0.859047 -130.2
0.865192 -130.275
0.871341 -131.287
0.877463 -131.413
0.883569 -132.074
0.889708 -130.269
0.895864 -131.541
0.902008 -132.697
0.908149 -130.642
0.914301 -130.491
0.920448 -130.11
0.926574 -131.15
0.932687 -130.427
0.938823 -129.514
0.944975 -131.073
0.951105 -130.689
0.957225 -129.872
0.963368 -130.839
0.969511 -129.235
0.975621 -130.796
0.981748 -129.647
0.987916 -130.136
0.99406 -129.544
1.00019 -129.615
1.00632 -129.665
1.01246 -129.974
1.01859 -130.312
1.02471 -130.191
1.03085 -129.717
1.03698 -129.766
1.04314 -129.538
1.04929 -129.445
1.05541 -129.755
1.06154 -130.163
1.06769 -129.667
1.07382 -130.354
1.07993 -130.974
1.08607 -128.881
1.09222 -128.295
1.09836 -129.157
1.10449 -129.528
1.11063 -129.658
1.11677 -128.966
1.1229 -128.254
1.12903 -129.205
1.13518 -129.1
1.14131 -129.065
1.14745 -129.106
1.15359 -128.608
1.15973 -128.589
1.16584 -129.003
1.17197 -128.202
1.17811 -127.346
1.18424 -127.349
1.19038 -128.675
1.19652 -127.909
1.20267 -128.334
1.20881 -126.933
1.21495 -127.11
1.22108 -127.482
1.2272 -127.568
1.23334 -127.567
1.23949 -127.468
1.24562 -126.979
1.25174 -126.84
1.25789 -125.314
1.26402 -126.26
1.27014 -126.556
1.27628 -126.551
1.28244 -126.761
1.28858 -125.993
1.29471 -126.294
1.30084 -125.735
1.30697 -126.076
1.31312 -126.478
1.31925 -125.987
1.32537 -125.316
1.33151 -125.026
1.33765 -124.93
1.34378 -124.657
1.34992 -124.092
1.35606 -124.962
1.3622 -124.598
1.36833 -124.083
1.37445 -124.473
1.38059 -123.557
1.38675 -124.096
1.39288 -123.408
1.39901 -123.503
1.40515 -123.621
1.4113 -123.311
1.41742 -122.79
1.42355 -122.457
1.4297 -122.691
1.43585 -121.989
1.44198 -122.147
1.44809 -122.189
1.45423 -122.69
1.46036 -122.231
1.46649 -122.108
1.47263 -121.476
1.47877 -122.083
1.48491 -121.553
1.49104 -120.808
1.49718 -120.92
1.50333 -120.45
1.50947 -121.048
1.5156 -120.31
1.52172 -120.799
1.52787 -120.377
1.534 -120.555
1.54013 -119.629
1.54627 -119.831
1.55241 -119.857
1.55855 -119.498
1.56467 -118.926
1.5708 -119.646
