0.00783031 5382.48
0.013688 1233.94
0.019231 1014.02
0.0249154 303.09
0.0312784 -222.544
0.0375637 -625.361
0.0433917 83.466
0.0492413 276.685
0.0555754 512.225
0.0619321 658.991
0.067871 534.091
0.0738098 532.823
0.0800417 628.46
0.0862327 646.312
0.0921407 691.968
0.0982031 722.524
0.104506 963.345
0.110769 971.226
0.116806 995.67
0.122832 943.506
0.129052 937.521
0.135211 980.187
0.141259 1059.63
0.147318 1188.57
0.153489 1087.45
0.159709 1141.09
0.165845 1115.11
0.171974 1119.72
0.178125 1119.68
0.184229 1132.68
0.19034 1201.2
0.196428 1174.23
0.202534 1138.02
0.208729 1191.63
0.214876 1182.42
0.220989 1220.48
0.227147 1204.2
0.23329 1182.39
0.239377 1218.12
0.245482 1197.37
0.251667 1274.36
0.257832 1222.89
0.263955 1211.26
0.270079 1208.65
0.27624 1224.12
0.282372 1206.54
0.28843 1159.33
0.294538 1200.34
0.300721 1198.39
0.30691 1168.64
0.313033 1181.91
0.319153 1205.72
0.325316 1172.58
0.33145 1205.13
0.337538 1209.96
0.343633 1208.49
0.349808 1200.81
0.355968 1171.08
0.362074 1159.16
0.368217 1148.98
0.374374 1167.82
0.380519 1166.13
0.386598 1162.88
0.392688 1146.13
0.39888 1138.7
0.405048 1136.05
0.411186 1160.06
0.417313 1150.97
0.423458 1123.2
0.429607 1122.09
0.435692 1128.31
0.441815 1135.79
0.447964 1106.89
0.454126 1118.27
0.460267 1104.69
0.466387 1090.11
0.47254 1100.15
0.478662 1093.23
0.484765 1106.26
0.490885 1109.62
0.497035 1087.8
0.503198 1080.05
0.509342 1067.72
0.515458 1075.13
0.521598 1080.73
0.527764 1072.71
0.533884 1065.99
0.54 1066.08
0.546137 1052.83
0.552299 1046.42
0.558452 1042.6
0.564573 1040.87
0.570708 1023.84
0.576825 1040.06
0.582926 1026.23
0.589034 1019.51
0.595184 1011.09
0.601379 1012.78
0.607522 1003.89
0.613639 994.943
0.619772 995.846
0.625918 987.433
0.632068 992.699
0.638161 993.971
0.6443 973.264
0.650464 973.379
0.656582 973.77
0.662703 961.793
0.668861 955.293
0.675024 961.46
0.681124 950.84
0.687237 950.414
0.693381 940.699
0.699536 940.417
0.705665 939.628
0.711789 927.334
0.717957 923.916
0.72409 924.57
0.730186 919.681
0.736317 916.795
0.742472 900.189
0.748622 898.253
0.75476 895.347
0.760888 895.168
0.767043 890.753
0.773185 885.548
0.779291 880.823
0.785407 875.956
0.791564 877.606
0.797719 870.141
0.803834 865.655
0.809972 861.595
0.816124 855.782
0.822261 857.358
0.828378 845.522
0.834502 842.125
0.840667 844.452
0.846816 828.501
0.852925 829.364
0.859047 832.376
0.865192 820.33
0.871341 811.169
0.877463 808.264
0.883569 805.734
0.889708 804.541
0.895864 800.822
0.902008 797.84
0.908149 789.496
0.914301 787.921
0.920448 779.28
0.926574 776.989
0.932687 771.501
0.938823 765.908
0.944975 765.713
0.951105 756.368
0.957225 759.239
0.963368 752.713
0.969511 748.525
0.975621 739.913
0.981748 731.648
0.987916 734.579
0.99406 728.397
1.00019 724.755
1.00632 724.036
1.01246 718.513
1.01859 710.161
1.02471 708.254
1.03085 705.918
1.03698 703.664
1.04314 697.182
1.04929 694.558
1.05541 692.235
1.06154 687.798
1.06769 687.686
1.07382 679.3
1.07993 673.243
1.08607 669.285
1.09222 667.236
1.09836 661.647
1.10449 658.985
1.11063 654.175
1.11677 652.111
1.1229 644.5
1.12903 643.462
1.13518 636.271
1.14131 635.831
1.14745 630.683
1.15359 628.864
1.15973 627.486
1.16584 622.236
1.17197 615.842
1.17811 613.401
1.18424 610.287
1.19038 608.144
1.19652 603.29
1.20267 597.727
1.20881 595.622
1.21495 591.155
1.22108 588.895
1.2272 585.415
1.23334 582.827
1.23949 577.587
1.24562 573.707
1.25174 569.029
1.25789 568.019
1.26402 561.511
1.27014 559.261
1.27628 555.691
1.28244 553.975
1.28858 549.317
1.29471 543.657
1.30084 542.573
1.30697 538.245
1.31312 535.191
1.31925 532.099
1.32537 528.115
1.33151 526.247
1.33765 521.966
1.34378 519.844
1.34992 515.563
1.35606 512.672
1.3622 509.311
1.36833 505.701
1.37445 503.138
1.38059 500.443
1.38675 497.452
1.39288 492.821
1.39901 489.691
1.40515 486.135
1.4113 481.831
1.41742 480.979
1.42355 479.904
1.4297 474.105
1.43585 472.888
1.44198 467.96
1.44809 464.911
1.45423 461.5
1.46036 458.239
1.46649 457.623
1.47263 454.407
1.47877 451.021
1.48491 447.11
1.49104 444.125
1.49718 442.825
1.50333 440.127
1.50947 437.748
1.5156 433.064
1.52172 430.816
1.52787 428.11
1.534 425.442
1.54013 424.764
1.54627 418.967
1.55241 415.969
1.55855 415.412
1.56467 412.915
1.5708 408.549
