0.00783031 3592.1
0.013688 469.346
0.019231 700.201
0.0249154 117.472
0.0312784 -20.0579
0.0375637 -438.316
0.0433917 5.34461
0.0492413 -59.2745
0.0555754 5.99767
0.0619321 -31.0977
0.067871 -65.4914
0.0738098 -132.011
0.0800417 -11.6857
0.0862327 -246.589
0.0921407 -163.681
0.0982031 -180.8
0.104506 -63.1785
0.110769 -87.2971
0.116806 -184.811
0.122832 -171.571
0.129052 -225.973
0.135211 -223.174
0.141259 -184.385
0.147318 -179.499
0.153489 -217.843
0.159709 -169.168
0.165845 -218.539
0.171974 -158.037
0.178125 -168.484
0.184229 -213.817
0.19034 -184.996
0.196428 -186.255
0.202534 -190.913
0.208729 -205.691
0.214876 -194.805
0.220989 -206.965
0.227147 -180.532
0.23329 -190.558
0.239377 -201.048
0.245482 -172.2
0.251667 -186.005
0.257832 -199.556
0.263955 -189.653
0.270079 -205.658
0.27624 -190.623
0.282372 -188.812
0.28843 -200.749
0.294538 -191.033
0.300721 -205.606
0.30691 -187.287
0.313033 -190.831
0.319153 -183.459
0.325316 -186.305
0.33145 -197.942
0.337538 -184.357
0.343633 -186.624
0.349808 -177.106
0.355968 -191.365
0.362074 -183.682
0.368217 -185.337
0.374374 -181.82
0.380519 -178.564
0.386598 -175.371
0.392688 -177.837
0.39888 -182.039
0.405048 -176.68
0.411186 -170.009
0.417313 -171.693
0.423458 -169.136
0.429607 -171.169
0.435692 -172.942
0.441815 -169.445
0.447964 -167.204
0.454126 -159.752
0.460267 -161.466
0.466387 -168.017
0.47254 -171.024
0.478662 -164.853
0.484765 -165.974
0.490885 -159.708
0.497035 -163.742
0.503198 -160.572
0.509342 -160.946
0.515458 -160.822
0.521598 -154.482
0.527764 -157.174
0.533884 -155.49
0.54 -160.821
0.546137 -158.334
0.552299 -156.441
0.558452 -151.789
0.564573 -150.291
0.570708 -152.395
0.576825 -155.665
0.582926 -152.717
0.589034 -150.352
0.595184 -155.758
0.601379 -149.547
0.607522 -152.807
0.613639 -147.959
0.619772 -147.146
0.625918 -147.419
0.632068 -147.261
0.638161 -147.543
0.6443 -145.694
0.650464 -144.103
0.656582 -146.056
0.662703 -146.719
0.668861 -143.686
0.675024 -145.439
0.681124 -141.536
0.687237 -145.193
0.693381 -143.57
0.699536 -140.244
0.705665 -141.314
0.711789 -140.765
0.717957 -141.153
0.72409 -140.018
0.730186 -136.711
0.736317 -139.143
0.742472 -137.797
0.748622 -136.2
0.75476 -137.065
0.760888 -136.205
0.767043 -138.058
0.773185 -135.496
0.779291 -135.118
0.785407 -133.726
0.791564 -134.146
0.797719 -132.47
0.803834 -132.212
0.809972 -133.816
0.816124 -131.71
0.822261 -134.821
0.828378 -132.236
0.834502 -129.224
0.840667 -131.224
0.846816 -129.667
0.852925 -129.578
0.859047 -131.885
0.865192 -129.911
0.871341 -128.669
0.877463 -128.99
0.883569 -127.109
0.889708 -126.314
0.895864 -128.2
0.902008 -126.014
0.908149 -126.384
0.914301 -124.845
0.920448 -123.979
0.926574 -124.477
0.932687 -124.509
0.938823 -123.044
0.944975 -124.316
0.951105 -120.998
0.957225 -122.523
0.963368 -121.21
0.969511 -120.995
0.975621 -119.89
0.981748 -120.883
0.987916 -118.955
0.99406 -119.155
1.00019 -118.103
1.00632 -117.974
1.01246 -118.788
1.01859 -117.862
1.02471 -116.432
1.03085 -118.343
1.03698 -116.179
1.04314 -115.57
1.04929 -116.685
1.05541 -115.081
1.06154 -115.214
1.06769 -115.099
1.07382 -114.082
1.07993 -113.344
1.08607 -114.633
1.09222 -112.076
1.09836 -112.155
1.10449 -112.401
1.11063 -110.842
1.11677 -111.772
1.1229 -110.404
1.12903 -109.934
1.13518 -110.715
1.14131 -109.322
1.14745 -108.665
1.15359 -109.678
1.15973 -108.608
1.16584 -107.726
1.17197 -108.214
1.17811 -107.225
1.18424 -106.831
1.19038 -106.924
1.19652 -106.897
1.20267 -105.826
1.20881 -104.656
1.21495 -104.436
1.22108 -104.457
1.2272 -104.097
1.23334 -104.485
1.23949 -104.045
1.24562 -102.609
1.25174 -102.209
1.25789 -103.124
1.26402 -101.865
1.27014 -101.252
1.27628 -100.462
1.28244 -100.825
1.28858 -100.567
1.29471 -99.7318
1.30084 -99.6659
1.30697 -98.6799
1.31312 -98.2126
1.31925 -98.5732
1.32537 -98.0164
1.33151 -97.6252
1.33765 -96.7051
1.34378 -96.7186
1.34992 -95.7892
1.35606 -95.393
1.3622 -96.4817
1.36833 -95.6041
1.37445 -94.6016
1.38059 -93.3469
1.38675 -94.3879
1.39288 -93.6474
1.39901 -92.7524
1.40515 -92.9543
1.4113 -92.087
1.41742 -91.5372
1.42355 -92.3315
1.4297 -91.3386
1.43585 -91.4788
1.44198 -90.8863
1.44809 -90.1856
1.45423 -90.4218
1.46036 -89.7958
1.46649 -89.2454
1.47263 -88.4927
1.47877 -88.114
1.48491 -88.0986
1.49104 -87.6787
1.49718 -87.0023
1.50333 -86.6839
1.50947 -87.2915
1.5156 -86.3832
1.52172 -86.1353
1.52787 -85.5795
1.534 -86.0689
1.54013 -85.7933
1.54627 -84.11
1.55241 -84.1957
1.55855 -84.1229
1.56467 -83.8702
1.5708 -83.053
