0.00783031 5412.98
0.013688 1321.49
0.019231 1209.55
0.0249154 498.888
0.0312784 17.8228
0.0375637 -295.268
0.0433917 496.077
0.0492413 786.967
0.0555754 1004.36
0.0619321 1217.88
0.067871 1113.08
0.0738098 1160.55
0.0800417 1260.55
0.0862327 1313.65
0.0921407 1372.12
0.0982031 1436.77
0.104506 1723.56
0.110769 1724.65
0.116806 1759.12
0.122832 1729.66
0.129052 1704.75
0.135211 1772.92
0.141259 1861.09
0.147318 2019.5
0.153489 1907.2
0.159709 1964.33
0.165845 1941.82
0.171974 1944.95
0.178125 1935.78
0.184229 1955.29
0.19034 2038.52
0.196428 1997.43
0.202534 1954.31
0.208729 2029.93
0.214876 2010.58
0.220989 2041.68
0.227147 2040.15
0.23329 2011.9
0.239377 2045.78
0.245482 2028.69
0.251667 2123.15
0.257832 2059.1
0.263955 2046.79
0.270079 2029.79
0.27624 2058.51
0.282372 2027.81
0.28843 1965.6
0.294538 2023.16
0.300721 2028.56
0.30691 1986.54
0.313033 1998.94
0.319153 2029.56
0.325316 1979.01
0.33145 2034.5
0.337538 2041.06
0.343633 2037.84
0.349808 2029.15
0.355968 1987.08
0.362074 1968.86
0.368217 1950.28
0.374374 1989
0.380519 1978.72
0.386598 1979.19
0.392688 1949.01
0.39888 1942.37
0.405048 1937.97
0.411186 1971.83
0.417313 1963.49
0.423458 1925.52
0.429607 1922.39
0.435692 1931.43
0.441815 1943.34
0.447964 1902.24
0.454126 1923.45
0.460267 1901.99
0.466387 1880.34
0.47254 1897.94
0.478662 1890.11
0.484765 1910.93
0.490885 1917.83
0.497035 1887.3
0.503198 1875.5
0.509342 1858.07
0.515458 1869.37
0.521598 1879.18
0.527764 1867.12
0.533884 1859.82
0.54 1862.44
0.546137 1842.84
0.552299 1833.9
0.558452 1826.22
0.564573 1827.44
0.570708 1802.82
0.576825 1829.14
0.582926 1809.17
0.589034 1800
0.595184 1787.72
0.601379 1790.8
0.607522 1779.28
0.613639 1765.6
0.619772 1769.13
0.625918 1756.77
0.632068 1767.2
0.638161 1771.65
0.6443 1740.45
0.650464 1741.45
0.656582 1743.82
0.662703 1724.83
0.668861 1717.84
0.675024 1728.68
0.681124 1712.16
0.687237 1713.04
0.693381 1699.38
0.699536 1701.64
0.705665 1702.08
0.711789 1683.03
0.717957 1680.93
0.72409 1680.94
0.730186 1676.19
0.736317 1673.85
0.742472 1644.67
0.748622 1647.51
0.75476 1641.81
0.760888 1644.16
0.767043 1639.01
0.773185 1631.04
0.779291 1626.42
0.785407 1619.08
0.791564 1623.91
0.797719 1612.51
0.803834 1607.63
0.809972 1600.97
0.816124 1594.32
0.822261 1598.8
0.828378 1579.9
0.834502 1576.14
0.840667 1583.43
0.846816 1557.42
0.852925 1559.86
0.859047 1566.95
0.865192 1547.55
0.871341 1534.14
0.877463 1530.03
0.883569 1528.43
0.889708 1527.66
0.895864 1524.09
0.902008 1520.72
0.908149 1508.62
0.914301 1507.21
0.920448 1493.45
0.926574 1491.21
0.932687 1483.65
0.938823 1474.92
0.944975 1477.15
0.951105 1463.53
0.957225 1470.12
0.963368 1460.27
0.969511 1454.05
0.975621 1439.64
0.981748 1427.91
0.987916 1434.6
0.99406 1424.31
1.00019 1420.03
1.00632 1421.18
1.01246 1413.07
1.01859 1399.24
1.02471 1397.24
1.03085 1396.25
1.03698 1394.18
1.04314 1383.79
1.04929 1380.47
1.05541 1378.16
1.06154 1372.86
1.06769 1373.94
1.07382 1359.63
1.07993 1350.94
1.08607 1345.76
1.09222 1343.53
1.09836 1335.89
1.10449 1331.04
1.11063 1325.07
1.11677 1323.55
1.1229 1310.65
1.12903 1310.81
1.13518 1299.19
1.14131 1299.85
1.14745 1292.27
1.15359 1290.1
1.15973 1289.79
1.16584 1281.72
1.17197 1272.04
1.17811 1268.32
1.18424 1264.62
1.19038 1261.57
1.19652 1254.33
1.20267 1245.8
1.20881 1242.88
1.21495 1236.56
1.22108 1233.98
1.2272 1228.88
1.23334 1226.16
1.23949 1217.74
1.24562 1211.67
1.25174 1204.04
1.25789 1204.46
1.26402 1193.36
1.27014 1190.39
1.27628 1184.71
1.28244 1184.02
1.28858 1176.09
1.29471 1166.94
1.30084 1166.61
1.30697 1159.49
1.31312 1154.56
1.31925 1150.64
1.32537 1144.58
1.33151 1142.52
1.33765 1135.69
1.34378 1133.4
1.34992 1125.68
1.35606 1122.16
1.3622 1116.76
1.36833 1112.08
1.37445 1107.3
1.38059 1103.59
1.38675 1099.31
1.39288 1091.42
1.39901 1087.47
1.40515 1081.66
1.4113 1074.16
1.41742 1074.46
1.42355 1073.62
1.4297 1063.27
1.43585 1062.95
1.44198 1054.52
1.44809 1048.82
1.45423 1043.91
1.46036 1038.68
1.46649 1038.94
1.47263 1033.81
1.47877 1028.24
1.48491 1021.52
1.49104 1016.67
1.49718 1015.07
1.50333 1010.82
1.50947 1008.55
1.5156 999.429
1.52172 996.818
1.52787 992.132
1.534 988.296
1.54013 988.102
1.54627 977.051
1.55241 971.822
1.55855 972.416
1.56467 968.694
1.5708 960.968
