0.00783031 8780.96
0.013688 5920.17
0.019231 4559.78
0.0249154 5716.85
0.0312784 4772.25
0.0375637 4916.19
0.0433917 4274.32
0.0492413 3893.5
0.0555754 4386.36
0.0619321 3779.66
0.067871 3548.21
0.0738098 3553.93
0.0800417 3117.9
0.0862327 2842.83
0.0921407 2658.97
0.0982031 2551.01
0.104506 2253.58
0.110769 2208.31
0.116806 2045.9
0.122832 1910.19
0.129052 1843.11
0.135211 1752.51
0.141259 1671.11
0.147318 1591.55
0.153489 1495.12
0.159709 1442.04
0.165845 1363.93
0.171974 1324.96
0.178125 1209.95
0.184229 1193.87
0.19034 1133.94
0.196428 1040.61
0.202534 972.784
0.208729 982.518
0.214876 910.174
0.220989 857.913
0.227147 827.964
0.23329 803.513
0.239377 763.72
0.245482 697.362
0.251667 672.549
0.257832 651.254
0.263955 623.173
0.270079 590.623
0.27624 550.72
0.282372 524.168
0.28843 501.427
0.294538 461.045
0.300721 470.825
0.30691 437.907
0.313033 428.591
0.319153 397.854
0.325316 377.108
0.33145 350.874
0.337538 339.42
0.343633 325.015
0.349808 302.193
0.355968 287.111
0.362074 272.573
0.368217 274.135
0.374374 244.302
0.380519 223.97
0.386598 220.246
0.392688 199.602
0.39888 193.533
0.405048 178.066
0.411186 151.769
0.417313 158.86
0.423458 132.739
0.429607 135.324
0.435692 119.016
0.441815 103.564
0.447964 94.1022
0.454126 89.1369
0.460267 84.6048
0.466387 73.7685
0.47254 60.6806
0.478662 50.646
0.484765 38.7553
0.490885 27.2544
0.497035 25.0839
0.503198 19.4089
0.509342 14.5842
0.515458 -0.25001
0.521598 -3.08585
0.527764 -11.9423
0.533884 -14.604
0.54 -15.3287
0.546137 -25.166
0.552299 -29.7956
0.558452 -37.5655
0.564573 -42.5901
0.570708 -43.5638
0.576825 -52.1694
0.582926 -60.0559
0.589034 -56.2369
0.595184 -68.7575
0.601379 -74.2633
0.607522 -66.7973
0.613639 -76.4308
0.619772 -81.7317
0.625918 -85.3439
0.632068 -81.1621
0.638161 -91.8046
0.6443 -93.5632
0.650464 -94.114
0.656582 -102.674
0.662703 -99.6574
0.668861 -104.91
0.675024 -108.982
0.681124 -109.464
0.687237 -112.524
0.693381 -112.537
0.699536 -112.179
0.705665 -115.692
0.711789 -116.075
0.717957 -118.56
0.72409 -114.757
0.730186 -123.995
0.736317 -123.968
0.742472 -120.453
0.748622 -126.351
0.75476 -122.696
0.760888 -123.57
0.767043 -129.866
0.773185 -125.362
0.779291 -128.487
0.785407 -132.621
0.791564 -129.57
0.797719 -132.064
0.803834 -130.863
0.809972 -126.648
0.816124 -132.872
0.822261 -132.5
0.828378 -134.139
0.834502 -131.58
0.840667 -130.312
0.846816 -131.014
0.852925 -132.742
0.859047 -133.652
0.865192 -133.245
0.871341 -134.331
0.877463 -136.23
0.883569 -132.612
0.889708 -132.08
0.895864 -133.782
0.902008 -132.193
0.908149 -130.519
0.914301 -130.502
0.920448 -127.953
0.926574 -128.509
0.932687 -130.864
0.938823 -130.712
0.944975 -129.847
0.951105 -127.73
0.957225 -125.257
0.963368 -126.237
0.969511 -124.817
0.975621 -127.316
0.981748 -123.536
0.987916 -126.718
0.99406 -124.943
1.00019 -124.612
1.00632 -121.988
1.01246 -119.565
1.01859 -121.725
1.02471 -117.612
1.03085 -119.895
1.03698 -119.236
1.04314 -116.533
1.04929 -113.675
1.05541 -116.156
1.06154 -115.521
1.06769 -113.47
1.07382 -112.338
1.07993 -111.777
1.08607 -112.904
1.09222 -109.997
1.09836 -109.501
1.10449 -107.951
1.11063 -106.688
1.11677 -105.031
1.1229 -107.776
1.12903 -106.339
1.13518 -105.924
1.14131 -101.998
1.14745 -103.112
1.15359 -103.49
1.15973 -98.9383
1.16584 -99.7742
1.17197 -99.2799
1.17811 -98.5881
1.18424 -98.037
1.19038 -96.6834
1.19652 -94.9118
1.20267 -94.8258
1.20881 -93.2691
1.21495 -94.0147
1.22108 -94.2729
1.2272 -92.2198
1.23334 -90.303
1.23949 -88.6691
1.24562 -88.574
1.25174 -90.2846
1.25789 -88.3353
1.26402 -84.8557
1.27014 -84.9125
1.27628 -84.9322
1.28244 -86.2718
1.28858 -83.7117
1.29471 -83.0968
1.30084 -81.4785
1.30697 -79.8756
1.31312 -80.0313
1.31925 -79.6456
1.32537 -79.2026
1.33151 -79.0157
1.33765 -78.5327
1.34378 -77.1176
1.34992 -76.3287
1.35606 -74.7606
1.3622 -73.8216
1.36833 -71.0888
1.37445 -71.6053
1.38059 -72.7296
1.38675 -71.6109
1.39288 -70.3917
1.39901 -70.1802
1.40515 -69.1832
1.4113 -69.0851
1.41742 -67.3675
1.42355 -66.8961
1.4297 -67.1654
1.43585 -66.6721
1.44198 -66.0059
1.44809 -64.6919
1.45423 -64.289
1.46036 -64.7146
1.46649 -62.9228
1.47263 -61.2719
1.47877 -61.5673
1.48491 -63.0606
1.49104 -61.8981
1.49718 -60.6298
1.50333 -60.484
1.50947 -59.7101
1.5156 -59.0295
1.52172 -58.3119
1.52787 -56.4316
1.534 -57.6765
1.54013 -56.4788
1.54627 -54.7269
1.55241 -55.026
1.55855 -54.4598
1.56467 -54.1421
1.5708 -54.6074
