0.00783031 3294.06
0.013688 3115.62
0.019231 3694.28
0.0249154 4023.68
0.0312784 3307.8
0.0375637 3092.42
0.0433917 2855.65
0.0492413 2696.53
0.0555754 2538.24
0.0619321 2202.55
0.067871 2303.59
0.0738098 2099.24
0.0800417 2080.47
0.0862327 1851.92
0.0921407 1782.14
0.0982031 1677.52
0.104506 1702.35
0.110769 1528.56
0.116806 1526.89
0.122832 1461.35
0.129052 1385.28
0.135211 1320.24
0.141259 1300.45
0.147318 1183.49
0.153489 1185.5
0.159709 1144.15
0.165845 1094.66
0.171974 1049.55
0.178125 1061.71
0.184229 990.348
0.19034 986.716
0.196428 946.705
0.202534 930.611
0.208729 882.605
0.214876 862.792
0.220989 820.318
0.227147 823.555
0.23329 805.341
0.239377 767.304
0.245482 748.592
0.251667 730.313
0.257832 712.632
0.263955 697.132
0.270079 687.711
0.27624 674.192
0.282372 661.55
0.28843 647.344
0.294538 627.834
0.300721 617.916
0.30691 603.384
0.313033 587.51
0.319153 585.238
0.325316 567.66
0.33145 549.929
0.337538 547.321
0.343633 533.263
0.349808 528.832
0.355968 518.582
0.362074 512.857
0.368217 500.503
0.374374 490.202
0.380519 485.233
0.386598 474.385
0.392688 466.093
0.39888 461.31
0.405048 448.856
0.411186 448.619
0.417313 440.609
0.423458 435.6
0.429607 426.016
0.435692 423.145
0.441815 412.694
0.447964 409.704
0.454126 404.184
0.460267 395.003
0.466387 391.38
0.47254 389.497
0.478662 379.586
0.484765 375.492
0.490885 373.206
0.497035 366.846
0.503198 362.711
0.509342 356.639
0.515458 351.655
0.521598 348.747
0.527764 344.545
0.533884 340.99
0.54 338.551
0.546137 332.236
0.552299 330.041
0.558452 323.837
0.564573 321.687
0.570708 319.149
0.576825 315.919
0.582926 310.885
0.589034 310.058
0.595184 307.622
0.601379 301.126
0.607522 300.511
0.613639 296.475
0.619772 293.424
0.625918 290.815
0.632068 288.202
0.638161 283.543
0.6443 282.516
0.650464 280.324
0.656582 276.961
0.662703 273.828
0.668861 270.991
0.675024 270.14
0.681124 267.493
0.687237 263.489
0.693381 263.379
0.699536 261.326
0.705665 258.834
0.711789 255.476
0.717957 254.166
0.72409 251.421
0.730186 249.605
0.736317 246.395
0.742472 245.575
0.748622 244.084
0.75476 241.828
0.760888 239.204
0.767043 237.652
0.773185 236.549
0.779291 234.24
0.785407 231.892
0.791564 228.959
0.797719 230.303
0.803834 227.426
0.809972 225.366
0.816124 224.98
0.822261 222.114
0.828378 221.432
0.834502 219.109
0.840667 217.751
0.846816 215.868
0.852925 214.831
0.859047 213.529
0.865192 211.969
0.871341 211.64
0.877463 209.16
0.883569 208.006
0.889708 206.811
0.895864 207.204
0.902008 203.884
0.908149 203.508
0.914301 202.963
0.920448 201.197
0.926574 199.115
0.932687 197.836
0.938823 196.939
0.944975 195.706
0.951105 194.824
0.957225 193.28
0.963368 192.597
0.969511 191.743
0.975621 190.496
0.981748 190.502
0.987916 188.856
0.99406 187.798
1.00019 186.885
1.00632 185.658
1.01246 184.199
1.01859 184.178
1.02471 182.664
1.03085 182.632
1.03698 180.942
1.04314 180.902
1.04929 178.71
1.05541 178.921
1.06154 176.933
1.06769 177.053
1.07382 175.579
1.07993 175.319
1.08607 173.81
1.09222 174.055
1.09836 172.346
1.10449 171.852
1.11063 170.961
1.11677 170.46
1.1229 169.539
1.12903 168.504
1.13518 168.214
1.14131 167.652
1.14745 166.2
1.15359 166.414
1.15973 165.914
1.16584 164.305
1.17197 164.454
1.17811 162.502
1.18424 162.641
1.19038 161.622
1.19652 161.155
1.20267 160.925
1.20881 159.596
1.21495 159.174
1.22108 158.988
1.2272 158.229
1.23334 157.585
1.23949 156.47
1.24562 156.55
1.25174 155.742
1.25789 155.592
1.26402 155.32
1.27014 154.624
1.27628 153.446
1.28244 152.834
1.28858 152.464
1.29471 152.161
1.30084 151.104
1.30697 150.95
1.31312 150.264
1.31925 150.205
1.32537 149.43
1.33151 148.968
1.33765 148.124
1.34378 148.045
1.34992 147.553
1.35606 147.005
1.3622 146.473
1.36833 145.804
1.37445 145.494
1.38059 145.442
1.38675 145.055
1.39288 144.328
1.39901 143.83
1.40515 142.997
1.4113 142.987
1.41742 142.27
1.42355 141.631
1.4297 141.755
1.43585 140.62
1.44198 140.342
1.44809 139.852
1.45423 140.042
1.46036 139.241
1.46649 139.496
1.47263 138.784
1.47877 138.644
1.48491 137.821
1.49104 137.58
1.49718 137.148
1.50333 137.002
1.50947 136.347
1.5156 136.211
1.52172 135.905
1.52787 135.472
1.534 134.403
1.54013 134.578
1.54627 133.851
1.55241 133.622
1.55855 133.466
1.56467 133.049
1.5708 132.225
