0.00783031 1.71674
0.013688 2.02618
0.019231 2.38199
0.0249154 2.30345
0.0312784 2.08157
0.0375637 1.89178
0.0433917 1.97288
0.0492413 1.99448
0.0555754 2.18071
0.0619321 2.33843
0.067871 2.44238
0.0738098 2.50501
0.0800417 2.55206
0.0862327 2.69427
0.0921407 2.75346
0.0982031 2.85432
0.104506 3.07308
0.110769 3.17949
0.116806 3.48871
0.122832 3.72706
0.129052 4.01046
0.135211 4.29318
0.141259 4.44459
0.147318 4.81284
0.153489 4.96297
0.159709 5.26512
0.165845 5.67319
0.171974 5.76502
0.178125 6.18219
0.184229 6.40421
0.19034 7.15315
0.196428 7.30591
0.202534 7.71077
0.208729 8.13768
0.214876 8.32161
0.220989 8.89652
0.227147 9.51541
0.23329 9.81797
0.239377 10.3065
0.245482 10.6445
0.251667 11.4211
0.257832 11.6152
0.263955 12.1263
0.270079 12.8145
0.27624 13.4977
0.282372 13.6458
0.28843 14.2597
0.294538 14.7367
0.300721 15.5683
0.30691 15.793
0.313033 16.534
0.319153 17.1532
0.325316 17.7485
0.33145 18.2923
0.337538 19.0263
0.343633 19.4968
0.349808 20.2055
0.355968 21.2226
0.362074 21.5728
0.368217 22.1414
0.374374 22.8253
0.380519 23.7021
0.386598 24.2878
0.392688 25.0029
0.39888 25.3807
0.405048 26.4221
0.411186 26.8372
0.417313 27.6351
0.423458 28.3565
0.429607 29.255
0.435692 29.8866
0.441815 30.8682
0.447964 31.433
0.454126 32.4176
0.460267 33.065
0.466387 33.6008
0.47254 34.6298
0.478662 35.3499
0.484765 36.0017
0.490885 36.8291
0.497035 37.5786
0.503198 38.2578
0.509342 39.2537
0.515458 40.0345
0.521598 40.6651
0.527764 41.8604
0.533884 42.7863
0.54 43.6037
0.546137 44.4216
0.552299 45.0854
0.558452 45.9555
0.564573 46.4197
0.570708 48.0516
0.576825 48.4076
0.582926 49.0036
0.589034 50.2049
0.595184 51.1185
0.601379 52.2881
0.607522 52.8229
0.613639 53.1843
0.619772 54.437
0.625918 55.3812
0.632068 56.2487
0.638161 56.7721
0.6443 57.84
0.650464 58.9813
0.656582 59.6891
0.662703 60.7112
0.668861 61.9211
0.675024 62.6842
0.681124 63.1931
0.687237 64.1244
0.693381 64.7233
0.699536 65.864
0.705665 66.9473
0.711789 67.6132
0.717957 68.7745
0.72409 69.1878
0.730186 70.489
0.736317 70.9171
0.742472 72.0499
0.748622 72.1032
0.75476 73.6775
0.760888 74.4688
0.767043 75.0783
0.773185 76.4873
0.779291 77.262
0.785407 77.5511
0.791564 78.7288
0.797719 79.3072
0.803834 80.5083
0.809972 80.8094
0.816124 81.8963
0.822261 82.2607
0.828378 83.4047
0.834502 84.1675
0.840667 85.369
0.846816 85.6839
0.852925 86.5678
0.859047 87.9988
0.865192 88.1788
0.871341 89.4441
0.877463 89.6632
0.883569 89.8885
0.889708 91.4984
0.895864 92.2859
0.902008 92.9159
0.908149 93.29
0.914301 94.3272
0.920448 94.9539
0.926574 95.6553
0.932687 96.5427
0.938823 96.6705
0.944975 97.7619
0.951105 98.759
0.957225 98.5646
0.963368 100.367
0.969511 100.413
0.975621 101.862
0.981748 101.92
0.987916 102.301
0.99406 103
1.00019 103.79
1.00632 104.295
1.01246 105.205
1.01859 105.207
1.02471 106.118
1.03085 106.788
1.03698 107.652
1.04314 107.704
1.04929 108.796
1.05541 109.07
1.06154 109.883
1.06769 110.529
1.07382 110.502
1.07993 111.175
1.08607 111.765
1.09222 111.985
1.09836 112.932
1.10449 113.355
1.11063 114.182
1.11677 114.981
1.1229 114.628
1.12903 115.403
1.13518 115.937
1.14131 116.088
1.14745 116.715
1.15359 117.438
1.15973 118.132
1.16584 118.453
1.17197 118.998
1.17811 118.922
1.18424 119.293
1.19038 119.843
1.19652 120.565
1.20267 120.609
1.20881 121.848
1.21495 121.643
1.22108 122.477
1.2272 122.499
1.23334 122.719
1.23949 123.213
1.24562 123.41
1.25174 123.635
1.25789 123.912
1.26402 124.812
1.27014 124.702
1.27628 125.213
1.28244 125.894
1.28858 125.764
1.29471 126.072
1.30084 126.832
1.30697 126.831
1.31312 127.375
1.31925 128.03
1.32537 127.98
1.33151 128.097
1.33765 128.577
1.34378 128.328
1.34992 128.495
1.35606 129.067
1.3622 129.62
1.36833 129.684
1.37445 130.04
1.38059 130.051
1.38675 130.908
1.39288 130.797
1.39901 130.69
1.40515 131.263
1.4113 131.369
1.41742 131.911
1.42355 131.888
1.4297 132.018
1.43585 132.146
1.44198 132.793
1.44809 132.566
1.45423 132.804
1.46036 133.022
1.46649 133.393
1.47263 134.143
1.47877 133.676
1.48491 133.76
1.49104 134.281
1.49718 134.412
1.50333 134.544
1.50947 134.305
1.5156 134.741
1.52172 134.808
1.52787 135
1.534 135.557
1.54013 135.816
1.54627 135.493
1.55241 135.76
1.55855 135.726
1.56467 135.994
1.5708 136.175
