0.00783031 7642.86
0.013688 5133.46
0.019231 7009.85
0.0249154 5404.26
0.0312784 5079.94
0.0375637 4943.81
0.0433917 4469.7
0.0492413 3967.78
0.0555754 3844.45
0.0619321 3875.47
0.067871 3384.21
0.0738098 3384.46
0.0800417 3054.48
0.0862327 3020.34
0.0921407 2796.64
0.0982031 2666.99
0.104506 2630.98
0.110769 2418.94
0.116806 2278.89
0.122832 2200.96
0.129052 2026.1
0.135211 1971.86
0.141259 1893.15
0.147318 1710.93
0.153489 1690.77
0.159709 1658.03
0.165845 1641.02
0.171974 1485.34
0.178125 1442
0.184229 1400.84
0.19034 1325.48
0.196428 1254.08
0.202534 1248.27
0.208729 1214.77
0.214876 1138.86
0.220989 1112.08
0.227147 1075.52
0.23329 1005.71
0.239377 984.587
0.245482 971.126
0.251667 922.058
0.257832 892.888
0.263955 853.635
0.270079 834.429
0.27624 780.706
0.282372 757.9
0.28843 734.347
0.294538 704.479
0.300721 686.328
0.30691 668.589
0.313033 642.948
0.319153 625.667
0.325316 603.377
0.33145 583.967
0.337538 557.729
0.343633 534.568
0.349808 521.352
0.355968 504.43
0.362074 493.024
0.368217 490.45
0.374374 458.801
0.380519 444.13
0.386598 422.44
0.392688 418.143
0.39888 408.582
0.405048 390.07
0.411186 381.727
0.417313 366.952
0.423458 356.877
0.429607 330.455
0.435692 326.759
0.441815 329.286
0.447964 307.489
0.454126 300.904
0.460267 287.74
0.466387 276.025
0.47254 276.742
0.478662 262.055
0.484765 241.294
0.490885 248.788
0.497035 227.674
0.503198 226.48
0.509342 217.587
0.515458 205.838
0.521598 203.791
0.527764 193.225
0.533884 183.15
0.54 178.188
0.546137 173.325
0.552299 169.96
0.558452 158.422
0.564573 152.632
0.570708 145.852
0.576825 139.549
0.582926 134.981
0.589034 128.612
0.595184 119.695
0.601379 112.833
0.607522 110.059
0.613639 105.312
0.619772 93.4005
0.625918 97.9513
0.632068 86.3659
0.638161 89.9847
0.6443 76.348
0.650464 78.8832
0.656582 73.6005
0.662703 68.6554
0.668861 64.0612
0.675024 61.2631
0.681124 59.3817
0.687237 53.0127
0.693381 45.0044
0.699536 43.5336
0.705665 40.1794
0.711789 33.8858
0.717957 34.6153
0.72409 31.5511
0.730186 29.7339
0.736317 23.3942
0.742472 17.957
0.748622 21.1505
0.75476 16.0016
0.760888 14.3418
0.767043 8.48649
0.773185 5.30425
0.779291 7.39117
0.785407 2.57008
0.791564 -2.02825
0.797719 -2.70366
0.803834 -8.23974
0.809972 -6.62851
0.816124 -10.1639
0.822261 -13.7088
0.828378 -13.7066
0.834502 -18.2212
0.840667 -20.7515
0.846816 -18.7375
0.852925 -23.1287
0.859047 -24.8429
0.865192 -28.6027
0.871341 -30.0425
0.877463 -31.5591
0.883569 -31.1813
0.889708 -34.3363
0.895864 -37.2714
0.902008 -41.727
0.908149 -42.8701
0.914301 -43.2718
0.920448 -45.0238
0.926574 -46.4431
0.932687 -46.7566
0.938823 -49.269
0.944975 -48.2908
0.951105 -50.9261
0.957225 -51.2489
0.963368 -52.3527
0.969511 -54.9542
0.975621 -55.3006
0.981748 -56.5117
0.987916 -60.9308
0.99406 -61.3987
1.00019 -62.3737
1.00632 -62.5601
1.01246 -61.7085
1.01859 -61.8458
1.02471 -66.1893
1.03085 -66.7002
1.03698 -66.0394
1.04314 -68.9652
1.04929 -69.1728
1.05541 -71.2556
1.06154 -72.4415
1.06769 -71.2993
1.07382 -71.5258
1.07993 -71.8105
1.08607 -74.7945
1.09222 -75.9448
1.09836 -75.7664
1.10449 -75.6909
1.11063 -78.2791
1.11677 -79.4807
1.1229 -78.4722
1.12903 -77.2287
1.13518 -77.8532
1.14131 -81.8561
1.14745 -78.9306
1.15359 -80.767
1.15973 -81.8491
1.16584 -80.8837
1.17197 -82.1937
1.17811 -83.1039
1.18424 -84.0221
1.19038 -82.8595
1.19652 -82.5947
1.20267 -84.6989
1.20881 -84.705
1.21495 -85.2557
1.22108 -87.2004
1.2272 -85.9962
1.23334 -88.4543
1.23949 -85.6846
1.24562 -87.2921
1.25174 -87.0262
1.25789 -87.2356
1.26402 -88.3605
1.27014 -87.0035
1.27628 -88.5371
1.28244 -87.7758
1.28858 -87.5383
1.29471 -89.1706
1.30084 -89.6192
1.30697 -88.482
1.31312 -89.1747
1.31925 -89.8692
1.32537 -90.3451
1.33151 -89.4807
1.33765 -90.1092
1.34378 -89.486
1.34992 -90.3312
1.35606 -90.2331
1.3622 -89.8471
1.36833 -90.6944
1.37445 -90.9254
1.38059 -89.135
1.38675 -90.3579
1.39288 -90.1437
1.39901 -89.7799
1.40515 -90.6154
1.4113 -90.2496
1.41742 -89.9664
1.42355 -91.9079
1.4297 -91.2252
1.43585 -89.8642
1.44198 -90.5003
1.44809 -91.5908
1.45423 -90.4861
1.46036 -90.3955
1.46649 -90.0853
1.47263 -91.2494
1.47877 -90.0458
1.48491 -90.6676
1.49104 -89.75
1.49718 -89.5468
1.50333 -89.7656
1.50947 -90.7466
1.5156 -89.5393
1.52172 -89.6642
1.52787 -89.0673
1.534 -89.0708
1.54013 -89.365
1.54627 -88.2162
1.55241 -88.8646
1.55855 -87.2644
1.56467 -88.5003
1.5708 -89.352
