0.00783031 0.0174095
0.013688 0.029497
0.019231 0.0431194
0.0249154 0.0596991
0.0312784 0.078091
0.0375637 0.108841
0.0433917 0.140531
0.0492413 0.177211
0.0555754 0.236782
0.0619321 0.298012
0.067871 0.398783
0.0738098 0.493442
0.0800417 0.581695
0.0862327 0.710128
0.0921407 0.797423
0.0982031 0.901639
0.104506 1.00681
0.110769 1.16097
0.116806 1.38806
0.122832 1.56766
0.129052 1.79863
0.135211 1.96184
0.141259 2.28982
0.147318 2.40568
0.153489 2.66607
0.159709 2.88276
0.165845 3.06802
0.171974 3.41462
0.178125 3.6727
0.184229 3.93109
0.19034 4.22849
0.196428 4.65603
0.202534 4.87652
0.208729 5.30017
0.214876 5.58178
0.220989 5.85835
0.227147 6.2845
0.23329 6.69423
0.239377 7.05258
0.245482 7.32729
0.251667 7.73183
0.257832 8.14441
0.263955 8.58974
0.270079 9.07443
0.27624 9.58571
0.282372 9.76857
0.28843 10.3773
0.294538 10.8303
0.300721 11.0716
0.30691 11.7142
0.313033 12.1878
0.319153 12.7622
0.325316 13.1637
0.33145 13.8456
0.337538 14.1826
0.343633 14.8487
0.349808 15.2447
0.355968 15.6835
0.362074 16.0685
0.368217 17.0484
0.374374 17.3047
0.380519 18.1008
0.386598 18.4911
0.392688 19.2048
0.39888 19.7165
0.405048 20.3646
0.411186 20.8359
0.417313 21.4937
0.423458 22.2129
0.429607 22.895
0.435692 23.122
0.441815 23.901
0.447964 24.6204
0.454126 25.2784
0.460267 25.8331
0.466387 26.3158
0.47254 27.0965
0.478662 27.7349
0.484765 28.5242
0.490885 29.0307
0.497035 29.917
0.503198 30.3865
0.509342 30.9289
0.515458 31.8688
0.521598 32.4178
0.527764 32.9387
0.533884 33.6883
0.54 34.5069
0.546137 35.126
0.552299 36.0251
0.558452 36.6178
0.564573 37.5324
0.570708 38.0373
0.576825 39.12
0.582926 39.7936
0.589034 40.3033
0.595184 41.0204
0.601379 41.565
0.607522 42.6175
0.613639 43.5435
0.619772 44.0935
0.625918 44.5757
0.632068 45.5988
0.638161 46.594
0.6443 47.3482
0.650464 47.6383
0.656582 48.5998
0.662703 48.9992
0.668861 50.2302
0.675024 51.0875
0.681124 51.7293
0.687237 52.8837
0.693381 53.2241
0.699536 53.8399
0.705665 54.7131
0.711789 55.6798
0.717957 56.6681
0.72409 57.3133
0.730186 58.285
0.736317 58.8833
0.742472 59.6179
0.748622 60.4094
0.75476 61.1565
0.760888 62.4663
0.767043 62.4149
0.773185 63.7216
0.779291 64.3639
0.785407 65.6256
0.791564 66.6178
0.797719 66.7825
0.803834 67.9437
0.809972 68.6456
0.816124 69.5781
0.822261 70.1296
0.828378 71.2451
0.834502 71.5664
0.840667 72.4565
0.846816 73.3462
0.852925 74.28
0.859047 74.6881
0.865192 75.9847
0.871341 76.3066
0.877463 77.4905
0.883569 77.8809
0.889708 78.8878
0.895864 79.682
0.902008 80.5935
0.908149 81.7461
0.914301 82.424
0.920448 82.701
0.926574 84.14
0.932687 84.5349
0.938823 85.2977
0.944975 85.7548
0.951105 87.3141
0.957225 87.6453
0.963368 88.4456
0.969511 89.3508
0.975621 89.7257
0.981748 90.6292
0.987916 90.9322
0.99406 92.3309
1.00019 92.8905
1.00632 93.7738
1.01246 94.3362
1.01859 94.8997
1.02471 96.0666
1.03085 97.2761
1.03698 97.1165
1.04314 98.3086
1.04929 98.9542
1.05541 99.2666
1.06154 100.008
1.06769 100.924
1.07382 101.679
1.07993 102.268
1.08607 102.887
1.09222 103.513
1.09836 104.211
1.10449 104.752
1.11063 105.669
1.11677 106.071
1.1229 107.079
1.12903 107.394
1.13518 108.009
1.14131 108.863
1.14745 109.856
1.15359 110.129
1.15973 110.432
1.16584 111.828
1.17197 111.519
1.17811 112.729
1.18424 113.534
1.19038 113.864
1.19652 113.644
1.20267 114.823
1.20881 115.294
1.21495 115.979
1.22108 116.849
1.2272 117.057
1.23334 117.69
1.23949 118.473
1.24562 118.526
1.25174 118.924
1.25789 119.943
1.26402 120.795
1.27014 120.448
1.27628 121.295
1.28244 121.739
1.28858 122.504
1.29471 122.917
1.30084 122.99
1.30697 123.541
1.31312 124.199
1.31925 124.692
1.32537 125.043
1.33151 125.637
1.33765 125.646
1.34378 126.175
1.34992 126.721
1.35606 127.501
1.3622 127.945
1.36833 128.137
1.37445 128.42
1.38059 128.744
1.38675 129.654
1.39288 130.141
1.39901 130.049
1.40515 130.558
1.4113 130.868
1.41742 130.953
1.42355 131.588
1.4297 132.046
1.43585 132.216
1.44198 132.639
1.44809 132.448
1.45423 133.702
1.46036 134.01
1.46649 134.098
1.47263 134.504
1.47877 134.691
1.48491 134.765
1.49104 135.2
1.49718 135.776
1.50333 135.97
1.50947 136.248
1.5156 136.61
1.52172 136.752
1.52787 137.196
1.534 137.46
1.54013 137.744
1.54627 138.107
1.55241 138.47
1.55855 138.817
1.56467 139.258
1.5708 139.218
