0.00783031 -18.6415
0.013688 -26.5414
0.019231 -32.1022
0.0249154 -36.291
0.0312784 -37.9304
0.0375637 -40.2554
0.0433917 -42.968
0.0492413 -44.4764
0.0555754 -48.6097
0.0619321 -51.6426
0.067871 -57.3809
0.0738098 -61.0183
0.0800417 -62.2096
0.0862327 -65.8619
0.0921407 -64.344
0.0982031 -64.5508
0.104506 -62.6691
0.110769 -65.7041
0.116806 -69.316
0.122832 -71.1222
0.129052 -73.334
0.135211 -72.5557
0.141259 -76.4101
0.147318 -74.3455
0.153489 -74.1254
0.159709 -73.5846
0.165845 -71.8651
0.171974 -74.7495
0.178125 -73.438
0.184229 -73.6084
0.19034 -74.3501
0.196428 -75.5964
0.202534 -74.2237
0.208729 -75.3611
0.214876 -74.7065
0.220989 -73.4557
0.227147 -73.8989
0.23329 -73.8515
0.239377 -73.6278
0.245482 -72.7237
0.251667 -72.0986
0.257832 -71.8911
0.263955 -72.5994
0.270079 -71.8536
0.27624 -71.8411
0.282372 -70.4406
0.28843 -71.9498
0.294538 -69.8009
0.300721 -68.9093
0.30691 -68.4189
0.313033 -68.8873
0.319153 -68.9048
0.325316 -67.7259
0.33145 -68.5766
0.337538 -67.1683
0.343633 -67.3838
0.349808 -65.8248
0.355968 -64.949
0.362074 -63.9504
0.368217 -64.0395
0.374374 -63.1391
0.380519 -63.5963
0.386598 -62.4826
0.392688 -62.9628
0.39888 -61.5012
0.405048 -61.0831
0.411186 -60.4979
0.417313 -60.661
0.423458 -59.8339
0.429607 -59.4714
0.435692 -58.2094
0.441815 -57.8521
0.447964 -56.983
0.454126 -57.6348
0.460267 -56.0953
0.466387 -55.4793
0.47254 -54.4573
0.478662 -54.5305
0.484765 -54.9344
0.490885 -53.5324
0.497035 -53.7181
0.503198 -52.9309
0.509342 -52.0458
0.515458 -51.8335
0.521598 -51.0107
0.527764 -50.8265
0.533884 -50.2629
0.54 -49.6772
0.546137 -49.3628
0.552299 -49.6687
0.558452 -48.5085
0.564573 -48.2693
0.570708 -46.9195
0.576825 -47.57
0.582926 -46.3314
0.589034 -46.5756
0.595184 -46.2878
0.601379 -45.1532
0.607522 -44.9526
0.613639 -45.3259
0.619772 -44.5557
0.625918 -43.0586
0.632068 -43.8925
0.638161 -42.8584
0.6443 -43.3786
0.650464 -42.0559
0.656582 -42.0267
0.662703 -41.8428
0.668861 -41.175
0.675024 -40.9763
0.681124 -40.5585
0.687237 -40.7528
0.693381 -40.1285
0.699536 -39.4906
0.705665 -38.9932
0.711789 -38.9117
0.717957 -38.0214
0.72409 -37.916
0.730186 -37.6392
0.736317 -37.5339
0.742472 -37.3046
0.748622 -36.75
0.75476 -36.745
0.760888 -36.0223
0.767043 -35.4372
0.773185 -35.317
0.779291 -34.501
0.785407 -34.6663
0.791564 -35.189
0.797719 -33.5569
0.803834 -34.2362
0.809972 -32.968
0.816124 -33.3847
0.822261 -33.1274
0.828378 -32.5956
0.834502 -32.2831
0.840667 -31.6107
0.846816 -31.4143
0.852925 -30.7151
0.859047 -30.9331
0.865192 -30.7772
0.871341 -30.549
0.877463 -30.8224
0.883569 -29.6658
0.889708 -29.8725
0.895864 -29.3925
0.902008 -29.6815
0.908149 -29.3507
0.914301 -29.2935
0.920448 -28.5307
0.926574 -28.1267
0.932687 -28.4532
0.938823 -27.9619
0.944975 -27.5547
0.951105 -27.4837
0.957225 -27.2663
0.963368 -26.7797
0.969511 -27.0907
0.975621 -26.4602
0.981748 -26.2475
0.987916 -26.1135
0.99406 -26.0436
1.00019 -25.9233
1.00632 -25.4095
1.01246 -25.1436
1.01859 -25.0083
1.02471 -24.9599
1.03085 -24.6955
1.03698 -24.1204
1.04314 -24.6408
1.04929 -24.1707
1.05541 -24.0806
1.06154 -23.7923
1.06769 -23.6051
1.07382 -23.5975
1.07993 -23.306
1.08607 -23.3032
1.09222 -22.9985
1.09836 -22.9541
1.10449 -22.3098
1.11063 -22.6691
1.11677 -22.2906
1.1229 -22.0322
1.12903 -21.8946
1.13518 -21.5808
1.14131 -21.7857
1.14745 -21.1914
1.15359 -21.2189
1.15973 -20.9267
1.16584 -21.186
1.17197 -20.5664
1.17811 -20.4899
1.18424 -20.3208
1.19038 -20.3825
1.19652 -20.1896
1.20267 -19.8051
1.20881 -19.5744
1.21495 -19.6068
1.22108 -19.3499
1.2272 -19.1474
1.23334 -19.1582
1.23949 -18.993
1.24562 -18.6739
1.25174 -18.6171
1.25789 -18.6762
1.26402 -18.1998
1.27014 -17.7358
1.27628 -18.014
1.28244 -17.9824
1.28858 -17.7473
1.29471 -17.6003
1.30084 -17.2786
1.30697 -17.1281
1.31312 -17.1269
1.31925 -16.934
1.32537 -16.8868
1.33151 -16.6282
1.33765 -16.4177
1.34378 -16.3659
1.34992 -16.2526
1.35606 -16.1774
1.3622 -16.0438
1.36833 -15.9271
1.37445 -15.7204
1.38059 -15.5621
1.38675 -15.5359
1.39288 -15.4268
1.39901 -15.159
1.40515 -15.114
1.4113 -15.1703
1.41742 -14.8563
1.42355 -14.8368
1.4297 -14.8507
1.43585 -14.3738
1.44198 -14.3347
1.44809 -14.2583
1.45423 -14.3443
1.46036 -13.952
1.46649 -13.9853
1.47263 -13.8903
1.47877 -13.7369
1.48491 -13.3548
1.49104 -13.3517
1.49718 -13.2403
1.50333 -13.2617
1.50947 -13.0806
1.5156 -12.9575
1.52172 -12.8643
1.52787 -12.7673
1.534 -12.7899
1.54013 -12.5306
1.54627 -12.4236
1.55241 -12.4911
1.55855 -12.1962
1.56467 -12.1433
1.5708 -12.1954
