0.00783031 -2384.06
0.013688 -555.975
0.019231 469.243
0.0249154 1114.39
0.0312784 497.475
0.0375637 -89.5759
0.0433917 351.971
0.0492413 349.015
0.0555754 50.6523
0.0619321 -21.8858
0.067871 50.0476
0.0738098 74.9046
0.0800417 -87.103
0.0862327 -29.5666
0.0921407 100.356
0.0982031 84.849
0.104506 -28.5858
0.110769 -29.9203
0.116806 -17.0327
0.122832 -88.0508
0.129052 -42.7531
0.135211 -81.2951
0.141259 -70.2149
0.147318 -31.5323
0.153489 -110.426
0.159709 -106.13
0.165845 -99.6069
0.171974 -59.1001
0.178125 -81.2615
0.184229 -120.451
0.19034 -75.4521
0.196428 -89.7117
0.202534 -91.0462
0.208729 -81.3697
0.214876 -88.3233
0.220989 -97.9956
0.227147 -91.9389
0.23329 -95.0042
0.239377 -101.187
0.245482 -95.6863
0.251667 -98.0789
0.257832 -80.8659
0.263955 -93.6497
0.270079 -96.2966
0.27624 -90.303
0.282372 -95.5216
0.28843 -95.5808
0.294538 -99.5069
0.300721 -101.559
0.30691 -98.8583
0.313033 -99.5853
0.319153 -87.875
0.325316 -85.8028
0.33145 -96.3354
0.337538 -92.8736
0.343633 -88.1056
0.349808 -91.2726
0.355968 -87.1273
0.362074 -90.0041
0.368217 -88.6295
0.374374 -87.2061
0.380519 -87.592
0.386598 -79.2196
0.392688 -87.802
0.39888 -87.6642
0.405048 -85.7179
0.411186 -82.9757
0.417313 -77.0749
0.423458 -84.6844
0.429607 -81.6134
0.435692 -79.5289
0.441815 -81.4292
0.447964 -82.0339
0.454126 -76.5422
0.460267 -80.4338
0.466387 -75.7709
0.47254 -73.8482
0.478662 -75.391
0.484765 -70.9558
0.490885 -69.5065
0.497035 -72.3566
0.503198 -68.8456
0.509342 -72.2022
0.515458 -70.2823
0.521598 -70.0796
0.527764 -70.8952
0.533884 -67.5791
0.54 -63.6832
0.546137 -62.7462
0.552299 -61.7277
0.558452 -61.3739
0.564573 -63.383
0.570708 -60.896
0.576825 -61.4423
0.582926 -59.4121
0.589034 -60.212
0.595184 -60.0303
0.601379 -58.9673
0.607522 -55.7999
0.613639 -56.5373
0.619772 -55.3126
0.625918 -57.0736
0.632068 -54.8762
0.638161 -53.6445
0.6443 -54.5568
0.650464 -53.6301
0.656582 -51.5382
0.662703 -53.0809
0.668861 -51.3886
0.675024 -51.8791
0.681124 -49.7916
0.687237 -49.8713
0.693381 -49.2274
0.699536 -49.5661
0.705665 -48.815
0.711789 -48.509
0.717957 -47.774
0.72409 -48.9073
0.730186 -46.2808
0.736317 -48.3892
0.742472 -46.6248
0.748622 -44.7611
0.75476 -45.6647
0.760888 -46.1665
0.767043 -44.7434
0.773185 -45.9017
0.779291 -43.8174
0.785407 -44.0216
0.791564 -45.0199
0.797719 -42.9979
0.803834 -43.4895
0.809972 -45.124
0.816124 -45.6404
0.822261 -42.7752
0.828378 -44.8795
0.834502 -42.2277
0.840667 -42.1455
0.846816 -43.3418
0.852925 -42.0281
0.859047 -43.4655
0.865192 -42.0244
0.871341 -43.2705
0.877463 -41.8948
0.883569 -41.448
0.889708 -42.0579
0.895864 -41.4844
0.902008 -41.8969
0.908149 -42.4132
0.914301 -40.4608
0.920448 -41.2662
0.926574 -41.505
0.932687 -41.1054
0.938823 -41.2565
0.944975 -41.8232
0.951105 -40.4624
0.957225 -41.1983
0.963368 -40.6273
0.969511 -40.3993
0.975621 -40.1271
0.981748 -41.0019
0.987916 -40.353
0.99406 -40.1158
1.00019 -41.0349
1.00632 -40.6041
1.01246 -40.463
1.01859 -40.3288
1.02471 -40.3105
1.03085 -40.2478
1.03698 -40.8249
1.04314 -40.0096
1.04929 -39.6502
1.05541 -39.1485
1.06154 -39.6298
1.06769 -39.0521
1.07382 -39.8753
1.07993 -39.3452
1.08607 -39.87
1.09222 -38.9952
1.09836 -39.1246
1.10449 -39.608
1.11063 -38.7194
1.11677 -38.9861
1.1229 -38.4058
1.12903 -38.5781
1.13518 -38.0535
1.14131 -39.188
1.14745 -37.9911
1.15359 -37.9645
1.15973 -38.9914
1.16584 -37.7291
1.17197 -37.1398
1.17811 -37.7002
1.18424 -37.6226
1.19038 -36.7722
1.19652 -36.5292
1.20267 -37.0343
1.20881 -36.4484
1.21495 -36.1817
1.22108 -35.8994
1.2272 -36.332
1.23334 -36.4133
1.23949 -36.0461
1.24562 -35.5951
1.25174 -35.5879
1.25789 -35.4194
1.26402 -35.661
1.27014 -35.2056
1.27628 -34.9895
1.28244 -34.8328
1.28858 -34.1476
1.29471 -34.647
1.30084 -34.248
1.30697 -34.1573
1.31312 -33.8887
1.31925 -34.0742
1.32537 -33.559
1.33151 -33.6887
1.33765 -33.8495
1.34378 -33.2791
1.34992 -33.1452
1.35606 -32.5696
1.3622 -32.2987
1.36833 -32.7611
1.37445 -32.1267
1.38059 -31.9129
1.38675 -31.9842
1.39288 -31.5267
1.39901 -31.2706
1.40515 -31.1062
1.4113 -30.7766
1.41742 -31.1805
1.42355 -31.0116
1.4297 -30.3532
1.43585 -30.0474
1.44198 -30.3823
1.44809 -29.232
1.45423 -29.2981
1.46036 -29.4652
1.46649 -29.1387
1.47263 -28.9783
1.47877 -28.6931
1.48491 -28.9893
1.49104 -27.911
1.49718 -28.7777
1.50333 -28.2336
1.50947 -28.2154
1.5156 -27.8971
1.52172 -27.3651
1.52787 -27.5106
1.534 -27.0214
1.54013 -27.1658
1.54627 -26.7851
1.55241 -26.987
1.55855 -26.4752
1.56467 -26.8238
1.5708 -26.1042
