0.00783031 169.056
0.013688 204.167
0.019231 209.332
0.0249154 194.362
0.0312784 148.114
0.0375637 118.504
0.0433917 96.5223
0.0492413 75.5647
0.0555754 58.0636
0.0619321 45.9196
0.067871 29.7945
0.0738098 18.668
0.0800417 5.70332
0.0862327 -2.79748
0.0921407 -10.8785
0.0982031 -16.9671
0.104506 -24.939
0.110769 -30.6848
0.116806 -39.3267
0.122832 -42.0956
0.129052 -51.7677
0.135211 -57.3315
0.141259 -57.7014
0.147318 -62.8274
0.153489 -64.8675
0.159709 -69.6093
0.165845 -66.3425
0.171974 -70.0438
0.178125 -74.2787
0.184229 -77.6902
0.19034 -80.083
0.196428 -81.3616
0.202534 -86.5838
0.208729 -85.8485
0.214876 -86.9255
0.220989 -89.1324
0.227147 -90.5937
0.23329 -93.5632
0.239377 -93.5027
0.245482 -95.5046
0.251667 -98.3447
0.257832 -98.2201
0.263955 -98.6637
0.270079 -102.576
0.27624 -102.125
0.282372 -104.956
0.28843 -105.063
0.294538 -105.034
0.300721 -107.496
0.30691 -108.923
0.313033 -109.989
0.319153 -109.279
0.325316 -109.366
0.33145 -111.897
0.337538 -112.232
0.343633 -113.741
0.349808 -113.564
0.355968 -113.72
0.362074 -116.997
0.368217 -115.814
0.374374 -115.407
0.380519 -118.821
0.386598 -120.211
0.392688 -120.64
0.39888 -121.377
0.405048 -118.792
0.411186 -121.964
0.417313 -124.006
0.423458 -122.779
0.429607 -123.988
0.435692 -124.444
0.441815 -123.616
0.447964 -126.749
0.454126 -124.828
0.460267 -127.462
0.466387 -127.629
0.47254 -127.974
0.478662 -128.162
0.484765 -127.834
0.490885 -128.116
0.497035 -128.297
0.503198 -130.731
0.509342 -131.033
0.515458 -130.822
0.521598 -132.649
0.527764 -131.655
0.533884 -132.206
0.54 -132.476
0.546137 -131.38
0.552299 -131.646
0.558452 -131.676
0.564573 -132.251
0.570708 -132.96
0.576825 -134.267
0.582926 -134.081
0.589034 -134.591
0.595184 -133.617
0.601379 -135.385
0.607522 -134.626
0.613639 -134.99
0.619772 -136.109
0.625918 -134.933
0.632068 -135.05
0.638161 -134.14
0.6443 -135.026
0.650464 -135.84
0.656582 -136.511
0.662703 -135.598
0.668861 -136.053
0.675024 -135.93
0.681124 -136.104
0.687237 -136.571
0.693381 -135.404
0.699536 -135.132
0.705665 -136.626
0.711789 -136.702
0.717957 -136.341
0.72409 -137.159
0.730186 -136.228
0.736317 -136.928
0.742472 -136.898
0.748622 -136.094
0.75476 -135.004
0.760888 -136.394
0.767043 -136.41
0.773185 -136.017
0.779291 -136.11
0.785407 -135.989
0.791564 -134.679
0.797719 -135.234
0.803834 -136.411
0.809972 -135.176
0.816124 -136.762
0.822261 -135.073
0.828378 -135.852
0.834502 -135.969
0.840667 -135.238
0.846816 -135.633
0.852925 -134.179
0.859047 -135.77
0.865192 -135.099
0.871341 -134.33
0.877463 -135.096
0.883569 -134.665
0.889708 -134.323
0.895864 -134.312
0.902008 -133.659
0.908149 -134.104
0.914301 -133.133
0.920448 -133.143
0.926574 -134.423
0.932687 -132.208
0.938823 -133.156
0.944975 -132.623
0.951105 -132.667
0.957225 -132.233
0.963368 -131.693
0.969511 -132.756
0.975621 -131.621
0.981748 -131.404
0.987916 -130.386
0.99406 -131.314
1.00019 -130.97
1.00632 -131.486
1.01246 -131
1.01859 -130.54
1.02471 -131.253
1.03085 -130.107
1.03698 -129.242
1.04314 -129.64
1.04929 -128.399
1.05541 -129.492
1.06154 -129.84
1.06769 -129.2
1.07382 -129.535
1.07993 -128.651
1.08607 -128.642
1.09222 -128.744
1.09836 -128.869
1.10449 -127.945
1.11063 -127.34
1.11677 -127.859
1.1229 -127.735
1.12903 -127.403
1.13518 -127.025
1.14131 -126.906
1.14745 -126.444
1.15359 -126.278
1.15973 -126.37
1.16584 -125.398
1.17197 -125.319
1.17811 -125.838
1.18424 -125.627
1.19038 -125.595
1.19652 -124.378
1.20267 -124.939
1.20881 -124.935
1.21495 -125.024
1.22108 -124.491
1.2272 -124.428
1.23334 -124.21
1.23949 -123.854
1.24562 -123.618
1.25174 -123.738
1.25789 -123.234
1.26402 -123.102
1.27014 -122.754
1.27628 -122.872
1.28244 -122.787
1.28858 -122.543
1.29471 -122.198
1.30084 -121.563
1.30697 -121.518
1.31312 -121.646
1.31925 -121.665
1.32537 -120.821
1.33151 -121.091
1.33765 -121.112
1.34378 -120.74
1.34992 -120.34
1.35606 -120.38
1.3622 -119.318
1.36833 -119.759
1.37445 -119.428
1.38059 -119.567
1.38675 -119.429
1.39288 -119.69
1.39901 -119.438
1.40515 -119.216
1.4113 -118.394
1.41742 -118.581
1.42355 -118.353
1.4297 -118.538
1.43585 -117.883
1.44198 -118.512
1.44809 -118.292
1.45423 -118.107
1.46036 -117.416
1.46649 -117.296
1.47263 -116.57
1.47877 -116.798
1.48491 -116.486
1.49104 -116.513
1.49718 -116.618
1.50333 -116.479
1.50947 -116.234
1.5156 -116.261
1.52172 -115.629
1.52787 -115.588
1.534 -115.347
1.54013 -115.237
1.54627 -115.439
1.55241 -115.213
1.55855 -114.526
1.56467 -115.241
1.5708 -114.365
