0.00783031 10367.8
0.013688 9403.25
0.019231 9340.68
0.0249154 9664.76
0.0312784 9497.64
0.0375637 8851.36
0.0433917 7962.64
0.0492413 8516.78
0.0555754 7787.41
0.0619321 8213.55
0.067871 8073.99
0.0738098 7592.72
0.0800417 7491.22
0.0862327 7330.14
0.0921407 7314.03
0.0982031 7369.87
0.104506 7244.75
0.110769 7102.78
0.116806 6497.4
0.122832 6664.06
0.129052 6568.67
0.135211 6505.91
0.141259 6446.73
0.147318 6249.86
0.153489 6046.38
0.159709 6000.93
0.165845 5832.69
0.171974 5935.48
0.178125 5711.34
0.184229 5740.14
0.19034 5622.3
0.196428 5419.79
0.202534 5482.51
0.208729 5422.55
0.214876 5364.43
0.220989 5266.8
0.227147 5106.63
0.23329 5098.37
0.239377 5010.23
0.245482 5002.14
0.251667 4991.66
0.257832 4912.04
0.263955 4777.42
0.270079 4735.78
0.27624 4670.63
0.282372 4709.57
0.28843 4694.73
0.294538 4599.34
0.300721 4615.83
0.30691 4535.43
0.313033 4479.19
0.319153 4523.99
0.325316 4438.12
0.33145 4399.71
0.337538 4389.41
0.343633 4350.77
0.349808 4311.15
0.355968 4316.8
0.362074 4288.9
0.368217 4296.9
0.374374 4220.38
0.380519 4239.79
0.386598 4209.64
0.392688 4136.9
0.39888 4124.96
0.405048 4142.07
0.411186 4110.99
0.417313 4117.87
0.423458 4051.94
0.429607 4083.36
0.435692 4064.21
0.441815 4034.34
0.447964 3977.89
0.454126 4022.08
0.460267 3990.88
0.466387 3939.62
0.47254 3963.98
0.478662 4005.39
0.484765 3975.24
0.490885 3990.17
0.497035 3935.76
0.503198 3928.48
0.509342 3909.27
0.515458 3893.56
0.521598 3872.97
0.527764 3887.27
0.533884 3913.26
0.54 3867.92
0.546137 3878.2
0.552299 3852.81
0.558452 3886.74
0.564573 3858.36
0.570708 3875.53
0.576825 3860.15
0.582926 3843.25
0.589034 3831.22
0.595184 3835.52
0.601379 3823.05
0.607522 3836.01
0.613639 3813.74
0.619772 3817.73
0.625918 3800.17
0.632068 3811.57
0.638161 3824.78
0.6443 3799.09
0.650464 3821.38
0.656582 3780.02
0.662703 3805.99
0.668861 3814.54
0.675024 3782.42
0.681124 3784.41
0.687237 3770.76
0.693381 3801.78
0.699536 3804.49
0.705665 3756.32
0.711789 3768.68
0.717957 3772.33
0.72409 3778.12
0.730186 3772.08
0.736317 3765.76
0.742472 3752.61
0.748622 3758.79
0.75476 3762.77
0.760888 3743.44
0.767043 3737.68
0.773185 3743.7
0.779291 3732.85
0.785407 3748.36
0.791564 3754.93
0.797719 3732.47
0.803834 3729.49
0.809972 3728.31
0.816124 3712.77
0.822261 3720.79
0.828378 3690.09
0.834502 3713.34
0.840667 3706.96
0.846816 3700.77
0.852925 3702.16
0.859047 3690.98
0.865192 3684.15
0.871341 3694.03
0.877463 3674.54
0.883569 3671.18
0.889708 3662.11
0.895864 3664.85
0.902008 3639.52
0.908149 3644.03
0.914301 3656.03
0.920448 3647.89
0.926574 3645.32
0.932687 3631.32
0.938823 3623.74
0.944975 3617.27
0.951105 3620.54
0.957225 3613.3
0.963368 3616.51
0.969511 3614.59
0.975621 3598.3
0.981748 3596.49
0.987916 3580.48
0.99406 3586.19
1.00019 3586.52
1.00632 3582.87
1.01246 3564.98
1.01859 3568.97
1.02471 3570.76
1.03085 3550.81
1.03698 3557.01
1.04314 3531.59
1.04929 3536.76
1.05541 3536.85
1.06154 3536.29
1.06769 3522.57
1.07382 3522.1
1.07993 3518.45
1.08607 3507.65
1.09222 3515.56
1.09836 3484.01
1.10449 3483.49
1.11063 3489.2
1.11677 3473.95
1.1229 3482.5
1.12903 3476.46
1.13518 3454.67
1.14131 3460.17
1.14745 3456.59
1.15359 3421.55
1.15973 3425.21
1.16584 3427.59
1.17197 3426.7
1.17811 3423.43
1.18424 3413.54
1.19038 3397.76
1.19652 3410.93
1.20267 3407.21
1.20881 3391.49
1.21495 3387.82
1.22108 3384.58
1.2272 3378.01
1.23334 3358.31
1.23949 3355.19
1.24562 3370.2
1.25174 3359.79
1.25789 3344.81
1.26402 3348.8
1.27014 3343.75
1.27628 3327.76
1.28244 3331.08
1.28858 3333.19
1.29471 3315.79
1.30084 3310.66
1.30697 3305.02
1.31312 3306.85
1.31925 3283.17
1.32537 3289.4
1.33151 3284.14
1.33765 3272.92
1.34378 3267.73
1.34992 3278.41
1.35606 3260.94
1.3622 3265.78
1.36833 3255.07
1.37445 3243.32
1.38059 3250.31
1.38675 3239.94
1.39288 3237.54
1.39901 3234.36
1.40515 3221.52
1.4113 3211.83
1.41742 3220.34
1.42355 3203.59
1.4297 3193.6
1.43585 3205.74
1.44198 3188.23
1.44809 3184.47
1.45423 3184.49
1.46036 3171.09
1.46649 3169.39
1.47263 3153.76
1.47877 3156.88
1.48491 3152.74
1.49104 3146.99
1.49718 3151.23
1.50333 3139.66
1.50947 3130.55
1.5156 3126.67
1.52172 3130.41
1.52787 3113.89
1.534 3110.46
1.54013 3110.73
1.54627 3107.83
1.55241 3100.71
1.55855 3101.4
1.56467 3098.14
1.5708 3088.04
