0.00783031 4436.64
0.013688 3967.47
0.019231 3602.53
0.0249154 3559.26
0.0312784 3315.27
0.0375637 2912.61
0.0433917 2583.46
0.0492413 2552.02
0.0555754 2245.48
0.0619321 2387.45
0.067871 2077.61
0.0738098 1965.45
0.0800417 1831.59
0.0862327 1781.91
0.0921407 1712.89
0.0982031 1624.59
0.104506 1507.41
0.110769 1463.91
0.116806 1334.35
0.122832 1285.46
0.129052 1244.55
0.135211 1227.06
0.141259 1147.85
0.147318 1068.89
0.153489 1060.48
0.159709 1001.84
0.165845 962.554
0.171974 959.068
0.178125 890.805
0.184229 881.854
0.19034 844.755
0.196428 814.368
0.202534 783.791
0.208729 767.486
0.214876 736.39
0.220989 715.067
0.227147 707.702
0.23329 678.779
0.239377 661.053
0.245482 637.911
0.251667 610.325
0.257832 595.796
0.263955 583.808
0.270079 576.071
0.27624 555.177
0.282372 538.812
0.28843 538.942
0.294538 516.313
0.300721 509.273
0.30691 501.735
0.313033 490.087
0.319153 479.609
0.325316 464.187
0.33145 460.195
0.337538 455.344
0.343633 438.229
0.349808 430.754
0.355968 427.732
0.362074 424.625
0.368217 404.817
0.374374 407.249
0.380519 395.847
0.386598 392.354
0.392688 386.433
0.39888 378.75
0.405048 373.64
0.411186 369.506
0.417313 367.933
0.423458 358.489
0.429607 359.259
0.435692 347.445
0.441815 348.149
0.447964 343.162
0.454126 339.79
0.460267 338.359
0.466387 335.297
0.47254 329.835
0.478662 325.762
0.484765 327.71
0.490885 318.773
0.497035 320.306
0.503198 316.932
0.509342 312.633
0.515458 311.732
0.521598 308.056
0.527764 306.146
0.533884 305.031
0.54 300.98
0.546137 299.909
0.552299 298.802
0.558452 296.373
0.564573 295.745
0.570708 294.258
0.576825 291.944
0.582926 288.912
0.589034 285.172
0.595184 285.549
0.601379 284.364
0.607522 284.002
0.613639 282.376
0.619772 281.088
0.625918 279.276
0.632068 279.562
0.638161 275.936
0.6443 274.55
0.650464 273.187
0.656582 271.822
0.662703 273.077
0.668861 270.173
0.675024 269.965
0.681124 270.16
0.687237 268.112
0.693381 265.978
0.699536 266.811
0.705665 266.276
0.711789 263.715
0.717957 263.155
0.72409 262.736
0.730186 261.313
0.736317 263.175
0.742472 261.225
0.748622 260.196
0.75476 259.008
0.760888 257.752
0.767043 257.562
0.773185 256.924
0.779291 255.509
0.785407 255.064
0.791564 255.176
0.797719 252.92
0.803834 253.792
0.809972 253.369
0.816124 252.904
0.822261 252.646
0.828378 251.359
0.834502 250.224
0.840667 250.363
0.846816 248.918
0.852925 248.433
0.859047 247.623
0.865192 246.871
0.871341 248.689
0.877463 247.258
0.883569 246.464
0.889708 246.134
0.895864 245.634
0.902008 244.796
0.908149 243.591
0.914301 245.304
0.920448 242.956
0.926574 243.263
0.932687 243.469
0.938823 242.753
0.944975 241.396
0.951105 240.945
0.957225 240.083
0.963368 239.585
0.969511 240.178
0.975621 238.465
0.981748 239.081
0.987916 238.12
0.99406 237.623
1.00019 238.335
1.00632 235.557
1.01246 236.194
1.01859 235.783
1.02471 235.391
1.03085 235.517
1.03698 235.206
1.04314 232.755
1.04929 233.503
1.05541 233.147
1.06154 233.901
1.06769 232.513
1.07382 231.706
1.07993 231.808
1.08607 231.469
1.09222 230.477
1.09836 229.971
1.10449 229.786
1.11063 228.872
1.11677 229.633
1.1229 228.474
1.12903 228.678
1.13518 228.103
1.14131 227.274
1.14745 226.939
1.15359 226.215
1.15973 227.038
1.16584 225.242
1.17197 225.04
1.17811 225.161
1.18424 224.27
1.19038 222.897
1.19652 222.794
1.20267 223.468
1.20881 222.527
1.21495 222.6
1.22108 221.858
1.2272 222.107
1.23334 221.793
1.23949 220.944
1.24562 220.082
1.25174 219.492
1.25789 219.404
1.26402 219.86
1.27014 219.36
1.27628 218.673
1.28244 218.23
1.28858 217.854
1.29471 217.71
1.30084 216.112
1.30697 216.415
1.31312 215.488
1.31925 216.338
1.32537 215.963
1.33151 215.252
1.33765 215.042
1.34378 214.688
1.34992 213.989
1.35606 213.949
1.3622 213.578
1.36833 213.172
1.37445 212.134
1.38059 212.362
1.38675 211.285
1.39288 211.963
1.39901 210.754
1.40515 210.797
1.4113 209.82
1.41742 209.988
1.42355 209.739
1.4297 209.557
1.43585 208.607
1.44198 208.755
1.44809 207.424
1.45423 208.114
1.46036 208.3
1.46649 206.943
1.47263 206.765
1.47877 206.068
1.48491 206.856
1.49104 205.632
1.49718 206.134
1.50333 205.101
1.50947 204.988
1.5156 205.249
1.52172 204.413
1.52787 204.273
1.534 203.767
1.54013 203.33
1.54627 203.065
1.55241 202.586
1.55855 202.638
1.56467 202.387
1.5708 201.435
