0.00783031 16372
0.013688 19974.8
0.019231 20901.9
0.0249154 19964.6
0.0312784 16720.1
0.0375637 14950.3
0.0433917 12902.1
0.0492413 11712.8
0.0555754 10876.3
0.0619321 10378
0.067871 9550.93
0.0738098 8540.11
0.0800417 8438.57
0.0862327 7915.8
0.0921407 6966.48
0.0982031 6433.78
0.104506 6059.57
0.110769 5654.52
0.116806 5561.12
0.122832 5290.55
0.129052 5262.61
0.135211 5093.66
0.141259 4799.32
0.147318 4622.33
0.153489 4445.47
0.159709 4249.93
0.165845 3830.1
0.171974 3743.32
0.178125 3707.94
0.184229 3675.12
0.19034 3576.65
0.196428 3425.89
0.202534 3453.49
0.208729 3266.88
0.214876 3181.98
0.220989 3080.2
0.227147 3028.66
0.23329 3014.18
0.239377 2905.35
0.245482 2881.57
0.251667 2832.65
0.257832 2751.17
0.263955 2670.9
0.270079 2671.89
0.27624 2603.72
0.282372 2597.2
0.28843 2533.88
0.294538 2489.31
0.300721 2470.68
0.30691 2445.41
0.313033 2418.34
0.319153 2364.34
0.325316 2331.79
0.33145 2288.19
0.337538 2265.67
0.343633 2244.25
0.349808 2199.95
0.355968 2170.92
0.362074 2179.19
0.368217 2147.58
0.374374 2094.23
0.380519 2112.07
0.386598 2095.39
0.392688 2061.32
0.39888 2032.97
0.405048 2011.21
0.411186 1992.48
0.417313 2004.7
0.423458 1957.64
0.429607 1952.29
0.435692 1935.86
0.441815 1902.05
0.447964 1885.4
0.454126 1886.71
0.460267 1875.68
0.466387 1854.71
0.47254 1844.25
0.478662 1833.44
0.484765 1817.6
0.490885 1806.43
0.497035 1782.59
0.503198 1769.26
0.509342 1760.79
0.515458 1754.45
0.521598 1737.35
0.527764 1729.31
0.533884 1721.35
0.54 1707.34
0.546137 1688.44
0.552299 1665.9
0.558452 1670.5
0.564573 1648.76
0.570708 1651.25
0.576825 1648.4
0.582926 1614.15
0.589034 1622.8
0.595184 1602.22
0.601379 1605.77
0.607522 1592.74
0.613639 1578.72
0.619772 1579.92
0.625918 1554.57
0.632068 1554.88
0.638161 1551.93
0.6443 1538.57
0.650464 1533.41
0.656582 1526.6
0.662703 1513.69
0.668861 1511.1
0.675024 1502.19
0.681124 1488.05
0.687237 1486.47
0.693381 1474.6
0.699536 1462.33
0.705665 1460.45
0.711789 1457.55
0.717957 1445.71
0.72409 1447.49
0.730186 1435.7
0.736317 1434.05
0.742472 1422.3
0.748622 1416.2
0.75476 1398.41
0.760888 1391.51
0.767043 1389.8
0.773185 1379.05
0.779291 1378.5
0.785407 1371.26
0.791564 1359.06
0.797719 1354.28
0.803834 1356.13
0.809972 1345.08
0.816124 1340.16
0.822261 1328.3
0.828378 1324.34
0.834502 1321.61
0.840667 1309.04
0.846816 1304.41
0.852925 1295.05
0.859047 1294.48
0.865192 1286.64
0.871341 1277.24
0.877463 1272.35
0.883569 1266.79
0.889708 1257.93
0.895864 1252.86
0.902008 1242.75
0.908149 1235.07
0.914301 1226.95
0.920448 1225.76
0.926574 1227.81
0.932687 1207.06
0.938823 1209.6
0.944975 1197.5
0.951105 1195.33
0.957225 1187.25
0.963368 1178.89
0.969511 1183.52
0.975621 1166.7
0.981748 1162.34
0.987916 1157.67
0.99406 1153.86
1.00019 1143.84
1.00632 1144.36
1.01246 1136.69
1.01859 1130.32
1.02471 1129.23
1.03085 1115.45
1.03698 1106.48
1.04314 1103.82
1.04929 1095.7
1.05541 1093.48
1.06154 1091.86
1.06769 1082.61
1.07382 1077.66
1.07993 1074.29
1.08607 1064.65
1.09222 1059.99
1.09836 1057.42
1.10449 1049.72
1.11063 1042.16
1.11677 1038.48
1.1229 1030.61
1.12903 1030.91
1.13518 1019.13
1.14131 1017.93
1.14745 1012.24
1.15359 1002.48
1.15973 997.398
1.16584 991.967
1.17197 986.548
1.17811 982.763
1.18424 979.615
1.19038 969.669
1.19652 964.846
1.20267 963.754
1.20881 956.115
1.21495 953.748
1.22108 948.054
1.2272 942.126
1.23334 935.035
1.23949 930.508
1.24562 927.349
1.25174 923.716
1.25789 916.433
1.26402 913.656
1.27014 906.516
1.27628 902.244
1.28244 897.849
1.28858 895.481
1.29471 889.347
1.30084 882.065
1.30697 877.896
1.31312 876.229
1.31925 869.002
1.32537 861.881
1.33151 859.702
1.33765 857.158
1.34378 851.118
1.34992 848.916
1.35606 841.064
1.3622 835.46
1.36833 833.42
1.37445 826.874
1.38059 825.113
1.38675 819.157
1.39288 816.921
1.39901 813.294
1.40515 810.083
1.4113 799.571
1.41742 798.546
1.42355 793.674
1.4297 790.581
1.43585 786.224
1.44198 785.123
1.44809 779.066
1.45423 776.961
1.46036 769.397
1.46649 767.141
1.47263 760.106
1.47877 759.469
1.48491 753.764
1.49104 750.046
1.49718 748.075
1.50333 742.96
1.50947 739.724
1.5156 737.102
1.52172 731.148
1.52787 726.728
1.534 724.735
1.54013 721.052
1.54627 719.172
1.55241 715.389
1.55855 710.152
1.56467 710.543
1.5708 704.041
