0.00783031 20303.9
0.013688 24968.5
0.019231 25296.8
0.0249154 23995.4
0.0312784 19880.7
0.0375637 16396.6
0.0433917 14784.5
0.0492413 12886.9
0.0555754 12010.1
0.0619321 11050.1
0.067871 10126.4
0.0738098 9403.02
0.0800417 8630.12
0.0862327 7423.72
0.0921407 6630.5
0.0982031 6018.98
0.104506 5604.13
0.110769 5064.07
0.116806 4782.57
0.122832 4547.01
0.129052 4173.99
0.135211 4060.31
0.141259 3753.91
0.147318 3517.63
0.153489 3269.6
0.159709 3074.6
0.165845 2807.16
0.171974 2669.98
0.178125 2559.61
0.184229 2422.51
0.19034 2314.16
0.196428 2224.64
0.202534 2084.15
0.208729 2025.93
0.214876 1900.85
0.220989 1831.51
0.227147 1766.47
0.23329 1674.06
0.239377 1598.96
0.245482 1532.22
0.251667 1479.51
0.257832 1445
0.263955 1362.52
0.270079 1327.78
0.27624 1280.69
0.282372 1232.85
0.28843 1196.83
0.294538 1139.83
0.300721 1135.18
0.30691 1078.47
0.313033 1038.61
0.319153 1022.76
0.325316 990.074
0.33145 954.137
0.337538 929.175
0.343633 915.151
0.349808 884.133
0.355968 854.737
0.362074 827.907
0.368217 798.729
0.374374 790.052
0.380519 764.423
0.386598 748.412
0.392688 732.481
0.39888 708.371
0.405048 698.97
0.411186 670.932
0.417313 663.925
0.423458 641.921
0.429607 633.351
0.435692 618.521
0.441815 596.693
0.447964 585.618
0.454126 577.661
0.460267 562.914
0.466387 548.343
0.47254 538.735
0.478662 525.361
0.484765 514.314
0.490885 504.784
0.497035 492.105
0.503198 485.792
0.509342 472.367
0.515458 462.679
0.521598 456.792
0.527764 451.685
0.533884 437.936
0.54 433.997
0.546137 421.151
0.552299 416.786
0.558452 408.764
0.564573 401.651
0.570708 391.083
0.576825 388.122
0.582926 379.701
0.589034 370.971
0.595184 364.193
0.601379 361.629
0.607522 354.156
0.613639 347.591
0.619772 343.191
0.625918 335.79
0.632068 332.569
0.638161 325.505
0.6443 321.1
0.650464 313.875
0.656582 310.927
0.662703 306.576
0.668861 300.847
0.675024 294.368
0.681124 289.674
0.687237 288.23
0.693381 281.237
0.699536 277.031
0.705665 272.94
0.711789 270.068
0.717957 264.687
0.72409 262.423
0.730186 258.103
0.736317 253.241
0.742472 251.097
0.748622 246.631
0.75476 243.728
0.760888 240.439
0.767043 235.423
0.773185 233.67
0.779291 229.69
0.785407 226.489
0.791564 222.807
0.797719 219.555
0.803834 217.562
0.809972 213.272
0.816124 210.963
0.822261 207.991
0.828378 204.341
0.834502 201.364
0.840667 198.485
0.846816 196.133
0.852925 193.736
0.859047 190.458
0.865192 188.752
0.871341 185.789
0.877463 184.029
0.883569 180.418
0.889708 179.057
0.895864 176.163
0.902008 173.427
0.908149 171.03
0.914301 169.597
0.920448 166.635
0.926574 164.032
0.932687 161.977
0.938823 160.631
0.944975 157.644
0.951105 156.049
0.957225 154.537
0.963368 152.546
0.969511 150.094
0.975621 147.99
0.981748 146.104
0.987916 144.623
0.99406 142.503
1.00019 140.778
1.00632 139.08
1.01246 136.768
1.01859 135.835
1.02471 134.408
1.03085 133.341
1.03698 131.118
1.04314 128.677
1.04929 127.436
1.05541 126.029
1.06154 124.668
1.06769 122.973
1.07382 120.878
1.07993 120.627
1.08607 118.507
1.09222 116.846
1.09836 116.002
1.10449 114.272
1.11063 113.171
1.11677 111.835
1.1229 110.372
1.12903 109.206
1.13518 107.802
1.14131 106.145
1.14745 104.846
1.15359 103.876
1.15973 102.53
1.16584 101.411
1.17197 100.478
1.17811 99.6015
1.18424 98.3455
1.19038 96.7557
1.19652 96.1008
1.20267 95.0473
1.20881 94.0645
1.21495 92.9444
1.22108 91.5822
1.2272 90.6654
1.23334 89.7527
1.23949 89.035
1.24562 87.5239
1.25174 86.8794
1.25789 85.7365
1.26402 84.7235
1.27014 83.8258
1.27628 83.062
1.28244 82.2324
1.28858 81.1709
1.29471 79.9167
1.30084 79.4556
1.30697 78.3222
1.31312 77.7382
1.31925 76.9871
1.32537 76.0779
1.33151 75.2832
1.33765 74.1663
1.34378 73.597
1.34992 72.9381
1.35606 71.9151
1.3622 71.2138
1.36833 70.3286
1.37445 69.702
1.38059 68.7699
1.38675 68.2657
1.39288 67.6734
1.39901 66.7009
1.40515 66.094
1.4113 65.4031
1.41742 64.8413
1.42355 64.03
1.4297 63.5888
1.43585 62.8343
1.44198 62.2646
1.44809 61.4453
1.45423 60.7286
1.46036 60.1724
1.46649 59.6584
1.47263 59.0006
1.47877 58.2614
1.48491 57.8091
1.49104 57.1833
1.49718 56.6845
1.50333 56.0967
1.50947 55.4967
1.5156 55.0843
1.52172 54.379
1.52787 53.9912
1.534 53.2427
1.54013 52.7667
1.54627 52.256
1.55241 51.7401
1.55855 51.2145
1.56467 50.8293
1.5708 50.3877
