0.00783031 2551.46
0.013688 2528.38
0.019231 -441.73
0.0249154 388.488
0.0312784 250.226
0.0375637 875.142
0.0433917 483.951
0.0492413 482.985
0.0555754 755.604
0.0619321 1053.04
0.067871 840.34
0.0738098 989.006
0.0800417 912.325
0.0862327 1226.1
0.0921407 748.425
0.0982031 1154.95
0.104506 1134.95
0.110769 1053.59
0.116806 1009.76
0.122832 933.527
0.129052 1141.24
0.135211 1090.34
0.141259 1092.85
0.147318 1195.8
0.153489 1172.44
0.159709 1160.47
0.165845 1273.76
0.171974 1147.32
0.178125 1219.44
0.184229 1180.7
0.19034 1093.13
0.196428 1166.59
0.202534 1178
0.208729 1203
0.214876 1182.21
0.220989 1193.91
0.227147 1201.45
0.23329 1181.2
0.239377 1196.49
0.245482 1157.43
0.251667 1149.64
0.257832 1213.17
0.263955 1144.89
0.270079 1154.53
0.27624 1167.08
0.282372 1170.67
0.28843 1139.91
0.294538 1124.32
0.300721 1166.05
0.30691 1136.52
0.313033 1105.85
0.319153 1128.91
0.325316 1128.24
0.33145 1114.49
0.337538 1100.05
0.343633 1118.4
0.349808 1100.34
0.355968 1079.78
0.362074 1076.19
0.368217 1074.8
0.374374 1071.83
0.380519 1050.77
0.386598 1038.79
0.392688 1057.92
0.39888 1038.62
0.405048 1021.9
0.411186 1014.08
0.417313 1016.34
0.423458 999.572
0.429607 1007.75
0.435692 1005.21
0.441815 968.417
0.447964 967.699
0.454126 978.181
0.460267 965.123
0.466387 942.631
0.47254 946.535
0.478662 934.954
0.484765 927.744
0.490885 916.572
0.497035 908.929
0.503198 910.997
0.509342 896.107
0.515458 882.694
0.521598 881.408
0.527764 887.312
0.533884 871.245
0.54 879.647
0.546137 855.853
0.552299 850.262
0.558452 849.401
0.564573 836.726
0.570708 824.781
0.576825 827.027
0.582926 817.807
0.589034 806.907
0.595184 798.628
0.601379 802.317
0.607522 789.472
0.613639 787.485
0.619772 782.262
0.625918 771.327
0.632068 772.019
0.638161 757.334
0.6443 755.082
0.650464 748.583
0.656582 744.914
0.662703 739.328
0.668861 730.174
0.675024 720.939
0.681124 714.054
0.687237 715.186
0.693381 704.824
0.699536 701.962
0.705665 691.092
0.711789 690.751
0.717957 679.687
0.72409 681.215
0.730186 669.395
0.736317 665.953
0.742472 664.726
0.748622 657.768
0.75476 653.908
0.760888 645.374
0.767043 638.253
0.773185 634.211
0.779291 627.181
0.785407 621.013
0.791564 618.438
0.797719 612.918
0.803834 613.305
0.809972 602.082
0.816124 599.046
0.822261 592.3
0.828378 587.508
0.834502 580.057
0.840667 577.35
0.846816 571.364
0.852925 569.194
0.859047 562.145
0.865192 561.425
0.871341 556.281
0.877463 549.652
0.883569 546.324
0.889708 543.774
0.895864 536.72
0.902008 530.464
0.908149 526.803
0.914301 523.093
0.920448 517.641
0.926574 512.679
0.932687 506.843
0.938823 504.446
0.944975 499.438
0.951105 496.4
0.957225 494.369
0.963368 488.987
0.969511 483.13
0.975621 478.68
0.981748 474.686
0.987916 472.397
0.99406 466.908
1.00019 463.758
1.00632 458.254
1.01246 453.054
1.01859 453.428
1.02471 449.936
1.03085 446.742
1.03698 441.163
1.04314 436.677
1.04929 433.636
1.05541 431.132
1.06154 428.648
1.06769 423.139
1.07382 418.036
1.07993 417.941
1.08607 411.76
1.09222 407.241
1.09836 406.411
1.10449 401.735
1.11063 400.041
1.11677 396.532
1.1229 392.943
1.12903 389.632
1.13518 386.134
1.14131 382.102
1.14745 377.484
1.15359 375.508
1.15973 372.322
1.16584 370.036
1.17197 367.893
1.17811 365.214
1.18424 361.658
1.19038 357.218
1.19652 356.088
1.20267 353.476
1.20881 351.372
1.21495 348.104
1.22108 344.122
1.2272 342.586
1.23334 338.711
1.23949 337.894
1.24562 332.979
1.25174 331.148
1.25789 327.843
1.26402 325.068
1.27014 323.665
1.27628 320.563
1.28244 318.6
1.28858 315.196
1.29471 311.475
1.30084 310.723
1.30697 306.647
1.31312 305.871
1.31925 303.736
1.32537 301.17
1.33151 299.132
1.33765 295.145
1.34378 293.862
1.34992 291.598
1.35606 288.609
1.3622 287
1.36833 284.162
1.37445 281.924
1.38059 278.978
1.38675 278.153
1.39288 275.995
1.39901 273.562
1.40515 271.058
1.4113 268.373
1.41742 267.729
1.42355 265.007
1.4297 264.252
1.43585 261.202
1.44198 259.556
1.44809 256.891
1.45423 254.867
1.46036 253.252
1.46649 250.926
1.47263 249.212
1.47877 246.934
1.48491 245.922
1.49104 243.256
1.49718 241.544
1.50333 239.866
1.50947 238.406
1.5156 237.278
1.52172 234.262
1.52787 233.566
1.534 230.523
1.54013 228.913
1.54627 227.613
1.55241 225.428
1.55855 224.385
1.56467 223.026
1.5708 221.448
