0.00783031 -307.311
0.013688 550.231
0.019231 297.377
0.0249154 90.8057
0.0312784 -463.791
0.0375637 257.6
0.0433917 542.862
0.0492413 739.388
0.0555754 743.296
0.0619321 778.617
0.067871 932.876
0.0738098 1069.98
0.0800417 1272.68
0.0862327 1330.95
0.0921407 1110.44
0.0982031 1245.1
0.104506 1491.37
0.110769 1388.94
0.116806 1637.73
0.122832 1832.19
0.129052 1739.9
0.135211 1647.47
0.141259 1724.18
0.147318 1788.51
0.153489 1772.36
0.159709 1771.65
0.165845 1809.89
0.171974 1901.83
0.178125 1834.29
0.184229 1880.26
0.19034 1778.57
0.196428 1969.65
0.202534 1915.63
0.208729 1860.91
0.214876 1887.92
0.220989 1798.54
0.227147 1892.86
0.23329 1919.92
0.239377 1894.08
0.245482 1936.22
0.251667 1950.02
0.257832 1943.68
0.263955 1973.49
0.270079 1983.29
0.27624 1897.28
0.282372 1954.49
0.28843 1964.46
0.294538 1920.68
0.300721 1928.71
0.30691 1932.35
0.313033 2000.27
0.319153 2000.87
0.325316 1927.59
0.33145 1961.95
0.337538 1952.54
0.343633 1958.05
0.349808 1967.91
0.355968 1977.17
0.362074 1926.14
0.368217 1956.61
0.374374 1929.58
0.380519 1937.31
0.386598 1945.78
0.392688 1952.27
0.39888 1931.24
0.405048 1934.91
0.411186 1929.19
0.417313 1938.58
0.423458 1903.75
0.429607 1914.51
0.435692 1885.83
0.441815 1909.75
0.447964 1906.18
0.454126 1898.35
0.460267 1924.01
0.466387 1896.64
0.47254 1879.32
0.478662 1879.5
0.484765 1889.62
0.490885 1866.93
0.497035 1873.64
0.503198 1871.37
0.509342 1852.79
0.515458 1887.06
0.521598 1858.09
0.527764 1869.04
0.533884 1828.66
0.54 1839.68
0.546137 1845.91
0.552299 1848.28
0.558452 1826.19
0.564573 1822.15
0.570708 1838.7
0.576825 1814.57
0.582926 1797.42
0.589034 1792.64
0.595184 1814.21
0.601379 1789.74
0.607522 1774.13
0.613639 1794.24
0.619772 1773.69
0.625918 1777.24
0.632068 1781.15
0.638161 1744.82
0.6443 1748.47
0.650464 1720.47
0.656582 1745.31
0.662703 1757.29
0.668861 1739.47
0.675024 1726.68
0.681124 1723.46
0.687237 1715.67
0.693381 1694.67
0.699536 1694.52
0.705665 1689.82
0.711789 1700.82
0.717957 1689.22
0.72409 1666.71
0.730186 1664.31
0.736317 1666.44
0.742472 1654.13
0.748622 1660.64
0.75476 1643.44
0.760888 1634.05
0.767043 1622.45
0.773185 1618.94
0.779291 1602.25
0.785407 1611.38
0.791564 1597
0.797719 1601.31
0.803834 1599.6
0.809972 1577.59
0.816124 1569.93
0.822261 1577.87
0.828378 1562.86
0.834502 1552.09
0.840667 1557.98
0.846816 1556.98
0.852925 1531.11
0.859047 1522.46
0.865192 1530.74
0.871341 1523.38
0.877463 1517.21
0.883569 1509.38
0.889708 1495.57
0.895864 1484.96
0.902008 1479.19
0.908149 1477.6
0.914301 1479.77
0.920448 1469.94
0.926574 1459.62
0.932687 1446.14
0.938823 1447.31
0.944975 1431.96
0.951105 1430.05
0.957225 1437.48
0.963368 1420.22
0.969511 1408.73
0.975621 1413.13
0.981748 1401.69
0.987916 1385.79
0.99406 1385.09
1.00019 1389.03
1.00632 1371.77
1.01246 1363.58
1.01859 1364.17
1.02471 1355
1.03085 1350.41
1.03698 1340.38
1.04314 1341.27
1.04929 1318
1.05541 1332.05
1.06154 1323.02
1.06769 1310.58
1.07382 1304.89
1.07993 1302.55
1.08607 1294.63
1.09222 1287.61
1.09836 1283.3
1.10449 1286.51
1.11063 1262.92
1.11677 1272.15
1.1229 1254.72
1.12903 1247.78
1.13518 1250.37
1.14131 1241.75
1.14745 1240.22
1.15359 1235.89
1.15973 1230.33
1.16584 1223.47
1.17197 1216.68
1.17811 1212.35
1.18424 1209.62
1.19038 1205.59
1.19652 1194.99
1.20267 1188.5
1.20881 1184.71
1.21495 1179.1
1.22108 1177.56
1.2272 1167.1
1.23334 1168.71
1.23949 1161.42
1.24562 1151.57
1.25174 1149.56
1.25789 1141.2
1.26402 1140.97
1.27014 1136.55
1.27628 1136.89
1.28244 1132.71
1.28858 1120.23
1.29471 1113.87
1.30084 1116.26
1.30697 1109.19
1.31312 1108.26
1.31925 1095.92
1.32537 1091.94
1.33151 1088.66
1.33765 1088.07
1.34378 1083.22
1.34992 1075.8
1.35606 1071.93
1.3622 1069.15
1.36833 1064.92
1.37445 1055.22
1.38059 1051.46
1.38675 1049.59
1.39288 1044.3
1.39901 1035.78
1.40515 1036.49
1.4113 1029.77
1.41742 1027.7
1.42355 1023
1.4297 1017.07
1.43585 1013.44
1.44198 1007.26
1.44809 1004.19
1.45423 1001.54
1.46036 993.418
1.46649 987.97
1.47263 987.517
1.47877 984.272
1.48491 977.552
1.49104 972.941
1.49718 970.091
1.50333 962.553
1.50947 955.416
1.5156 952.182
1.52172 954.579
1.52787 951.795
1.534 944.126
1.54013 939.14
1.54627 939.537
1.55241 930.524
1.55855 929.833
1.56467 922.834
1.5708 919.107
