0.00783031 -118.276
0.013688 23.2553
0.019231 218.538
0.0249154 1.77974
0.0312784 -603.032
0.0375637 -106.668
0.0433917 -31.0647
0.0492413 231.793
0.0555754 -78.3585
0.0619321 -95.0546
0.067871 -113.169
0.0738098 -71.2551
0.0800417 -130.129
0.0862327 -142.959
0.0921407 -144.839
0.0982031 -190.426
0.104506 -148.488
0.110769 -211.688
0.116806 -153.177
0.122832 -124.057
0.129052 -109.352
0.135211 -175.063
0.141259 -218.115
0.147318 -211.945
0.153489 -185.556
0.159709 -220.969
0.165845 -190.548
0.171974 -208.219
0.178125 -211.845
0.184229 -199.931
0.19034 -227.309
0.196428 -196.584
0.202534 -211.904
0.208729 -189.257
0.214876 -192.677
0.220989 -219.801
0.227147 -207.067
0.23329 -212.319
0.239377 -207.929
0.245482 -202.038
0.251667 -191.471
0.257832 -202.341
0.263955 -192.108
0.270079 -198.485
0.27624 -190.461
0.282372 -185.614
0.28843 -186.941
0.294538 -198.275
0.300721 -178.139
0.30691 -191.559
0.313033 -173.489
0.319153 -179.007
0.325316 -175.457
0.33145 -173.557
0.337538 -170.122
0.343633 -169.802
0.349808 -166.38
0.355968 -164.708
0.362074 -158.892
0.368217 -161.467
0.374374 -159.491
0.380519 -158.101
0.386598 -159.981
0.392688 -155.534
0.39888 -157.204
0.405048 -153.63
0.411186 -157.138
0.417313 -154.574
0.423458 -147.061
0.429607 -152.992
0.435692 -145.817
0.441815 -144.619
0.447964 -139.615
0.454126 -145.637
0.460267 -145.954
0.466387 -136.714
0.47254 -143.426
0.478662 -135.604
0.484765 -135.718
0.490885 -131.829
0.497035 -135.113
0.503198 -127.586
0.509342 -137.585
0.515458 -131.144
0.521598 -126.023
0.527764 -128.362
0.533884 -122.41
0.54 -125.031
0.546137 -121.411
0.552299 -120.511
0.558452 -116.989
0.564573 -118.742
0.570708 -115.658
0.576825 -113.884
0.582926 -115.707
0.589034 -111.359
0.595184 -111.672
0.601379 -114.591
0.607522 -109.14
0.613639 -106.78
0.619772 -108.861
0.625918 -104.233
0.632068 -103.252
0.638161 -102.822
0.6443 -104.06
0.650464 -102.955
0.656582 -100.379
0.662703 -100.909
0.668861 -103.3
0.675024 -99.7494
0.681124 -96.7009
0.687237 -97.0146
0.693381 -95.3015
0.699536 -95.3117
0.705665 -92.53
0.711789 -93.6531
0.717957 -95.4883
0.72409 -94.5155
0.730186 -90.3294
0.736317 -90.4166
0.742472 -90.013
0.748622 -89.8238
0.75476 -89.2243
0.760888 -89.8718
0.767043 -89.1845
0.773185 -90.1099
0.779291 -85.4131
0.785407 -86.9279
0.791564 -85.4502
0.797719 -85.6261
0.803834 -84.6375
0.809972 -83.1119
0.816124 -84.0783
0.822261 -83.8927
0.828378 -85.4685
0.834502 -82.9159
0.840667 -80.2669
0.846816 -80.1855
0.852925 -83.0351
0.859047 -81.2994
0.865192 -81.0238
0.871341 -80.4189
0.877463 -78.9661
0.883569 -78.2396
0.889708 -79.705
0.895864 -78.2076
0.902008 -79.0337
0.908149 -81.1662
0.914301 -78.5546
0.920448 -77.0536
0.926574 -80.3751
0.932687 -74.3368
0.938823 -76.6033
0.944975 -79.0464
0.951105 -76.8387
0.957225 -78.1728
0.963368 -75.4989
0.969511 -76.7301
0.975621 -77.0064
0.981748 -75.2288
0.987916 -76.276
0.99406 -75.4301
1.00019 -76.517
1.00632 -75.9582
1.01246 -75.0891
1.01859 -76.0994
1.02471 -74.074
1.03085 -75.6591
1.03698 -76.229
1.04314 -73.0671
1.04929 -74.2454
1.05541 -74.3547
1.06154 -73.8029
1.06769 -74.7861
1.07382 -73.5801
1.07993 -74.2212
1.08607 -72.0012
1.09222 -73.3827
1.09836 -71.4819
1.10449 -72.0239
1.11063 -72.6379
1.11677 -72.3034
1.1229 -73.4554
1.12903 -72.0637
1.13518 -71.2099
1.14131 -71.722
1.14745 -71.478
1.15359 -70.4668
1.15973 -69.5988
1.16584 -71.129
1.17197 -70.3449
1.17811 -70.5339
1.18424 -69.7153
1.19038 -69.7343
1.19652 -70.9145
1.20267 -71.2162
1.20881 -69.5115
1.21495 -70.0834
1.22108 -70.0303
1.2272 -70.4216
1.23334 -70.0551
1.23949 -69.235
1.24562 -69.0472
1.25174 -68.0317
1.25789 -67.7305
1.26402 -68.1933
1.27014 -66.9396
1.27628 -68.1032
1.28244 -67.0938
1.28858 -67.2684
1.29471 -66.6271
1.30084 -66.0773
1.30697 -65.9287
1.31312 -66.3258
1.31925 -64.2156
1.32537 -65.3518
1.33151 -65.2024
1.33765 -66.6254
1.34378 -65.6652
1.34992 -65.8864
1.35606 -64.4479
1.3622 -65.0409
1.36833 -65.2241
1.37445 -64.2406
1.38059 -64.8155
1.38675 -64.8771
1.39288 -63.5425
1.39901 -63.452
1.40515 -64.0146
1.4113 -64.6119
1.41742 -62.7274
1.42355 -63.0355
1.4297 -63.4564
1.43585 -63.0813
1.44198 -62.762
1.44809 -62.2474
1.45423 -62.2482
1.46036 -60.9744
1.46649 -61.3896
1.47263 -62.1244
1.47877 -60.1992
1.48491 -60.7648
1.49104 -60.3694
1.49718 -60.4622
1.50333 -60.2226
1.50947 -59.5554
1.5156 -59.6346
1.52172 -59.3096
1.52787 -59.6702
1.534 -58.3829
1.54013 -59.1329
1.54627 -58.0667
1.55241 -57.8466
1.55855 -58.0426
1.56467 -57.4717
1.5708 -57.6419
