0.00783031 4066.91
0.013688 4855.86
0.019231 4133.29
0.0249154 2742.88
0.0312784 3239.26
0.0375637 2957.73
0.0433917 2529.52
0.0492413 3121.78
0.0555754 2294.26
0.0619321 2472.1
0.067871 2275.51
0.0738098 2129.19
0.0800417 1969.05
0.0862327 1837.48
0.0921407 1847.88
0.0982031 1772.24
0.104506 1601.37
0.110769 1568.12
0.116806 1512.88
0.122832 1423.56
0.129052 1341.81
0.135211 1341.86
0.141259 1268.48
0.147318 1218.76
0.153489 1182.53
0.159709 1177.05
0.165845 1101.58
0.171974 1044.68
0.178125 1043.76
0.184229 1024.33
0.19034 964.514
0.196428 930.497
0.202534 902.004
0.208729 878.199
0.214876 875.629
0.220989 836.946
0.227147 823.75
0.23329 803.986
0.239377 762.786
0.245482 749.249
0.251667 727.993
0.257832 712.137
0.263955 701.474
0.270079 686.964
0.27624 679.534
0.282372 654.644
0.28843 643.362
0.294538 644.862
0.300721 617.142
0.30691 598.915
0.313033 588.199
0.319153 585.398
0.325316 563.052
0.33145 550.151
0.337538 544.932
0.343633 540.204
0.349808 529.273
0.355968 520.781
0.362074 511.702
0.368217 503.634
0.374374 494.68
0.380519 490.249
0.386598 479.334
0.392688 462.331
0.39888 462.386
0.405048 457.659
0.411186 448.682
0.417313 443.151
0.423458 428.493
0.429607 426.561
0.435692 422.272
0.441815 416.338
0.447964 410.434
0.454126 400.996
0.460267 396.033
0.466387 391.878
0.47254 385.006
0.478662 381.871
0.484765 375.95
0.490885 372.775
0.497035 370.139
0.503198 364.1
0.509342 357.479
0.515458 355.439
0.521598 352.084
0.527764 345.655
0.533884 343.596
0.54 339.769
0.546137 334.428
0.552299 334.171
0.558452 325.879
0.564573 322.664
0.570708 319.981
0.576825 317.267
0.582926 313.882
0.589034 310.368
0.595184 306.703
0.601379 302.954
0.607522 302.506
0.613639 296.076
0.619772 295.097
0.625918 292.251
0.632068 290.168
0.638161 286.251
0.6443 284.048
0.650464 280.792
0.656582 279.222
0.662703 275.372
0.668861 272.166
0.675024 271.152
0.681124 268.537
0.687237 266.103
0.693381 261.674
0.699536 260.214
0.705665 258.346
0.711789 257.692
0.717957 253.929
0.72409 251.732
0.730186 250.663
0.736317 248.171
0.742472 247.2
0.748622 244.421
0.75476 243.17
0.760888 241.958
0.767043 238.89
0.773185 237.585
0.779291 234.79
0.785407 233.064
0.791564 230.276
0.797719 229.111
0.803834 227.867
0.809972 227.614
0.816124 224.758
0.822261 223.638
0.828378 221.303
0.834502 219.511
0.840667 219.833
0.846816 216.623
0.852925 214.922
0.859047 213.912
0.865192 213.22
0.871341 211.744
0.877463 209.522
0.883569 208.567
0.889708 207.839
0.895864 205.918
0.902008 204.733
0.908149 203.387
0.914301 202.218
0.920448 201.554
0.926574 199.31
0.932687 198.893
0.938823 197.68
0.944975 195.272
0.951105 194.842
0.957225 193.581
0.963368 192.304
0.969511 191.33
0.975621 190.209
0.981748 189.445
0.987916 188.561
0.99406 188.659
1.00019 185.922
1.00632 184.939
1.01246 184.356
1.01859 183.726
1.02471 183.071
1.03085 182.052
1.03698 180.807
1.04314 179.339
1.04929 179.542
1.05541 177.508
1.06154 176.965
1.06769 176.295
1.07382 176.197
1.07993 174.763
1.08607 174.071
1.09222 173.527
1.09836 172.345
1.10449 171.095
1.11063 170.689
1.11677 168.979
1.1229 168.825
1.12903 168.503
1.13518 167.192
1.14131 166.395
1.14745 166.186
1.15359 165.501
1.15973 164.405
1.16584 163.512
1.17197 163.347
1.17811 163.157
1.18424 161.914
1.19038 161.142
1.19652 160.421
1.20267 160.293
1.20881 158.753
1.21495 158.692
1.22108 157.506
1.2272 157.713
1.23334 156.306
1.23949 157
1.24562 155.678
1.25174 154.906
1.25789 154.689
1.26402 153.52
1.27014 153.58
1.27628 152.274
1.28244 152.375
1.28858 151.441
1.29471 150.961
1.30084 150.794
1.30697 149.522
1.31312 149.506
1.31925 149.161
1.32537 148.595
1.33151 147.696
1.33765 147.019
1.34378 146.86
1.34992 146.56
1.35606 146.4
1.3622 145.587
1.36833 144.806
1.37445 144.742
1.38059 143.854
1.38675 143.794
1.39288 143.25
1.39901 142.575
1.40515 142.63
1.4113 141.911
1.41742 141.137
1.42355 141.449
1.4297 140.182
1.43585 140.247
1.44198 139.914
1.44809 139.058
1.45423 138.458
1.46036 138.069
1.46649 137.814
1.47263 137.362
1.47877 136.967
1.48491 137.105
1.49104 136.269
1.49718 135.7
1.50333 135.876
1.50947 134.654
1.5156 134.825
1.52172 134.531
1.52787 133.789
1.534 133.394
1.54013 133.354
1.54627 132.393
1.55241 132.896
1.55855 132.161
1.56467 131.755
1.5708 131.64
