0.00783031 1598.31
0.013688 -3935.35
0.019231 -1510.05
0.0249154 -1618.96
0.0312784 -747.936
0.0375637 213.899
0.0433917 263.379
0.0492413 779.692
0.0555754 1333.7
0.0619321 961.052
0.067871 980.318
0.0738098 1281.25
0.0800417 1324.93
0.0862327 1465.42
0.0921407 1438.77
0.0982031 1377.85
0.104506 1617.01
0.110769 1517.83
0.116806 1670.25
0.122832 1734.26
0.129052 1777.28
0.135211 1805.2
0.141259 1847.66
0.147318 2107.54
0.153489 1993.12
0.159709 2115.78
0.165845 2061.54
0.171974 2124.13
0.178125 2082.72
0.184229 2020.22
0.19034 2033.37
0.196428 2065.29
0.202534 2091.7
0.208729 2058.37
0.214876 2014.78
0.220989 2098.17
0.227147 2060.17
0.23329 2110.54
0.239377 2057.95
0.245482 2115.19
0.251667 2092.11
0.257832 2077.31
0.263955 2087.73
0.270079 2067.54
0.27624 2102.97
0.282372 2094.71
0.28843 2061.6
0.294538 2112.48
0.300721 2035.02
0.30691 2075.73
0.313033 2094.78
0.319153 2061.32
0.325316 2029.37
0.33145 2041.49
0.337538 2043.5
0.343633 2060.94
0.349808 2067.87
0.355968 2016.19
0.362074 2084.56
0.368217 2027.25
0.374374 2044.91
0.380519 2034.78
0.386598 2049.42
0.392688 2018.56
0.39888 2028.64
0.405048 2027.41
0.411186 2021.92
0.417313 2005.07
0.423458 2005.12
0.429607 1964.91
0.435692 1982.16
0.441815 1993.59
0.447964 1959.36
0.454126 1991.02
0.460267 1982.9
0.466387 1973.73
0.47254 1975.29
0.478662 1936.56
0.484765 1959.18
0.490885 1957.73
0.497035 1920.22
0.503198 1932.92
0.509342 1921.41
0.515458 1919.27
0.521598 1898.38
0.527764 1891.15
0.533884 1893.53
0.54 1907.2
0.546137 1875.55
0.552299 1898.13
0.558452 1869.79
0.564573 1864.56
0.570708 1846.71
0.576825 1876.9
0.582926 1863.11
0.589034 1855.74
0.595184 1824.78
0.601379 1845.78
0.607522 1823.17
0.613639 1816.68
0.619772 1835.06
0.625918 1820.25
0.632068 1819.87
0.638161 1806.65
0.6443 1793.04
0.650464 1785.85
0.656582 1777.02
0.662703 1784.46
0.668861 1782.48
0.675024 1762.76
0.681124 1753.04
0.687237 1753.91
0.693381 1744.49
0.699536 1743.47
0.705665 1734.09
0.711789 1716.61
0.717957 1722.8
0.72409 1709.12
0.730186 1714.59
0.736317 1698.89
0.742472 1693.9
0.748622 1691.55
0.75476 1678.94
0.760888 1660.52
0.767043 1665.95
0.773185 1658.09
0.779291 1666.87
0.785407 1651.57
0.791564 1645.21
0.797719 1641.35
0.803834 1640.73
0.809972 1620.39
0.816124 1619.38
0.822261 1612.03
0.828378 1618.81
0.834502 1603.56
0.840667 1600.46
0.846816 1588.59
0.852925 1575.2
0.859047 1585.99
0.865192 1568.6
0.871341 1557.59
0.877463 1554.49
0.883569 1542.99
0.889708 1542.66
0.895864 1534.47
0.902008 1530.11
0.908149 1524.3
0.914301 1516.81
0.920448 1515.43
0.926574 1498.83
0.932687 1502.33
0.938823 1495.86
0.944975 1483.29
0.951105 1482.65
0.957225 1469.18
0.963368 1459.01
0.969511 1461.66
0.975621 1449.07
0.981748 1442.71
0.987916 1446.29
0.99406 1434.37
1.00019 1428.71
1.00632 1417.38
1.01246 1414.09
1.01859 1408.27
1.02471 1400.26
1.03085 1395.51
1.03698 1383.08
1.04314 1376.63
1.04929 1373.62
1.05541 1365.99
1.06154 1363.83
1.06769 1358.3
1.07382 1344.72
1.07993 1344.01
1.08607 1338.67
1.09222 1333.49
1.09836 1326.71
1.10449 1315.75
1.11063 1313.6
1.11677 1305.74
1.1229 1299.54
1.12903 1299.49
1.13518 1291.42
1.14131 1285.06
1.14745 1277.52
1.15359 1273.83
1.15973 1261.14
1.16584 1262.83
1.17197 1256.62
1.17811 1247.11
1.18424 1245.7
1.19038 1234.97
1.19652 1229.84
1.20267 1233.71
1.20881 1221.98
1.21495 1218.83
1.22108 1210.96
1.2272 1210.49
1.23334 1200.23
1.23949 1194.58
1.24562 1188.8
1.25174 1184.83
1.25789 1176.19
1.26402 1173.35
1.27014 1166.74
1.27628 1163.76
1.28244 1155.85
1.28858 1152
1.29471 1139.16
1.30084 1142.28
1.30697 1127.73
1.31312 1131.29
1.31925 1126.84
1.32537 1123.46
1.33151 1118.83
1.33765 1109.48
1.34378 1098.78
1.34992 1095.35
1.35606 1094.31
1.3622 1087.69
1.36833 1080.41
1.37445 1075.7
1.38059 1071.85
1.38675 1067.56
1.39288 1060.68
1.39901 1053.57
1.40515 1056.85
1.4113 1047.94
1.41742 1044.95
1.42355 1037.47
1.4297 1030.76
1.43585 1022.46
1.44198 1019.75
1.44809 1018.38
1.45423 1014.73
1.46036 1005.7
1.46649 1002.48
1.47263 1000.46
1.47877 991.944
1.48491 989.456
1.49104 983.532
1.49718 980.045
1.50333 976.618
1.50947 971.73
1.5156 969.404
1.52172 964.009
1.52787 957.403
1.534 954.65
1.54013 947.123
1.54627 943.309
1.55241 941.452
1.55855 934.244
1.56467 928.905
1.5708 932.085
