0.00783031 -182.999
0.013688 -238.616
0.019231 -239.905
0.0249154 -228.634
0.0312784 -199.513
0.0375637 -166.903
0.0433917 -159.264
0.0492413 -152.717
0.0555754 -156.2
0.0619321 -147.811
0.067871 -150.042
0.0738098 -151.004
0.0800417 -142.254
0.0862327 -133.864
0.0921407 -123.812
0.0982031 -125.287
0.104506 -124.032
0.110769 -119.336
0.116806 -124.446
0.122832 -123.926
0.129052 -130.657
0.135211 -128.484
0.141259 -124.264
0.147318 -125.792
0.153489 -125.104
0.159709 -125.209
0.165845 -122.381
0.171974 -120.429
0.178125 -122.957
0.184229 -126.095
0.19034 -123.765
0.196428 -126.49
0.202534 -125.071
0.208729 -126.533
0.214876 -124.082
0.220989 -124.791
0.227147 -124.207
0.23329 -124.653
0.239377 -123.939
0.245482 -127.358
0.251667 -126.021
0.257832 -125.101
0.263955 -124.764
0.270079 -125.853
0.27624 -127.857
0.282372 -126.858
0.28843 -126.652
0.294538 -126.455
0.300721 -124.786
0.30691 -128.387
0.313033 -127.548
0.319153 -127.187
0.325316 -127.448
0.33145 -128.508
0.337538 -128.588
0.343633 -128.539
0.349808 -130.031
0.355968 -126.918
0.362074 -129.443
0.368217 -127.789
0.374374 -130.499
0.380519 -128.575
0.386598 -129.292
0.392688 -130.227
0.39888 -128.855
0.405048 -130.413
0.411186 -130.611
0.417313 -130.424
0.423458 -130.435
0.429607 -129.643
0.435692 -131.32
0.441815 -132.494
0.447964 -127.587
0.454126 -132.264
0.460267 -130.807
0.466387 -132.879
0.47254 -131.243
0.478662 -130.362
0.484765 -132.866
0.490885 -131.906
0.497035 -131.661
0.503198 -131.136
0.509342 -131.688
0.515458 -130.772
0.521598 -134.912
0.527764 -132.49
0.533884 -133.918
0.54 -132.465
0.546137 -131.945
0.552299 -133.964
0.558452 -133.11
0.564573 -132.533
0.570708 -131.848
0.576825 -135.386
0.582926 -133.736
0.589034 -133.456
0.595184 -131.66
0.601379 -133.963
0.607522 -133.718
0.613639 -132.515
0.619772 -134.246
0.625918 -134.123
0.632068 -133.793
0.638161 -133.633
0.6443 -132.89
0.650464 -133.122
0.656582 -133.051
0.662703 -133.598
0.668861 -132.589
0.675024 -133.459
0.681124 -133.826
0.687237 -134.133
0.693381 -132.545
0.699536 -133.008
0.705665 -133.03
0.711789 -133.099
0.717957 -134.046
0.72409 -134.366
0.730186 -134.11
0.736317 -133.112
0.742472 -132.747
0.748622 -132.901
0.75476 -133.993
0.760888 -132.712
0.767043 -133.771
0.773185 -134.777
0.779291 -133.105
0.785407 -132.704
0.791564 -133.056
0.797719 -133.251
0.803834 -133.462
0.809972 -132.503
0.816124 -133.095
0.822261 -133.674
0.828378 -132.904
0.834502 -132.257
0.840667 -133.37
0.846816 -133.207
0.852925 -133.084
0.859047 -134.255
0.865192 -131.802
0.871341 -132.875
0.877463 -133.174
0.883569 -132.552
0.889708 -132.573
0.895864 -131.967
0.902008 -131.463
0.908149 -131.679
0.914301 -133.023
0.920448 -132.78
0.926574 -131.674
0.932687 -132.239
0.938823 -131.554
0.944975 -132.228
0.951105 -131.762
0.957225 -132.037
0.963368 -131.478
0.969511 -131.191
0.975621 -131.717
0.981748 -131.211
0.987916 -131.236
0.99406 -132.628
1.00019 -132.552
1.00632 -130.617
1.01246 -131.261
1.01859 -130.86
1.02471 -131.657
1.03085 -130.565
1.03698 -131.206
1.04314 -130.722
1.04929 -129.977
1.05541 -130.258
1.06154 -129.954
1.06769 -130.625
1.07382 -130.821
1.07993 -130.29
1.08607 -130.194
1.09222 -129.281
1.09836 -129.743
1.10449 -130.072
1.11063 -128.371
1.11677 -129.546
1.1229 -128.847
1.12903 -129.901
1.13518 -128.704
1.14131 -128.793
1.14745 -128.624
1.15359 -129.419
1.15973 -128.788
1.16584 -129.529
1.17197 -128.346
1.17811 -128.337
1.18424 -128.47
1.19038 -128.078
1.19652 -128.03
1.20267 -127.984
1.20881 -127.689
1.21495 -127.697
1.22108 -127.028
1.2272 -128.095
1.23334 -128.272
1.23949 -127.173
1.24562 -127.811
1.25174 -126.753
1.25789 -127.078
1.26402 -127.252
1.27014 -126.924
1.27628 -126.63
1.28244 -126.624
1.28858 -126.493
1.29471 -125.936
1.30084 -126.318
1.30697 -125.258
1.31312 -125.437
1.31925 -125.592
1.32537 -125.611
1.33151 -125.446
1.33765 -125.215
1.34378 -125.265
1.34992 -125.006
1.35606 -124.047
1.3622 -124.623
1.36833 -124.38
1.37445 -124.575
1.38059 -124.279
1.38675 -124.363
1.39288 -124.661
1.39901 -123.592
1.40515 -124.106
1.4113 -122.679
1.41742 -123.3
1.42355 -123.499
1.4297 -123.071
1.43585 -122.532
1.44198 -122.516
1.44809 -122.651
1.45423 -122.755
1.46036 -122.066
1.46649 -122.08
1.47263 -122.689
1.47877 -121.926
1.48491 -121.582
1.49104 -121.481
1.49718 -121.815
1.50333 -121.378
1.50947 -120.94
1.5156 -121.586
1.52172 -120.34
1.52787 -120.28
1.534 -120.815
1.54013 -120.402
1.54627 -119.578
1.55241 -119.937
1.55855 -119.285
1.56467 -119.58
1.5708 -119.862
