#  k  (h/Mpc)          P(k)  (Mpc/h)^3     P_linear(k)   P_NL(k) (Mpc/h)^3
     0.00783031         20048.7         20513.5           20402 
       0.013688         25326.8         25365.8         25170.4 
       0.019231         25419.4         25635.4         25378.2 
      0.0249154           23397         23617.7         23341.1 
      0.0312784         20030.2         20361.8         20072.2 
      0.0375637         16710.5         17287.6         17029.1 
      0.0433917         14286.6         15046.4         14768.3 
      0.0492413         12845.2         13439.5         13172.6 
      0.0555754         12114.4         12280.2         12034.8 
      0.0619321         10922.1         11423.3         11182.2 
       0.067871         10278.6         10674.3         10455.7 
      0.0738098         9478.19         9842.08         9530.37 
      0.0800417         8515.27         8856.08         8604.23 
      0.0862327         7520.73         7841.33          7739.8 
      0.0921407         6631.17         6940.55         6884.81 
      0.0982031          6178.2         6164.83         6243.98 
       0.104506         5649.03         5561.75         5737.32 
       0.110769         5117.21         5155.89         5263.08 
       0.116806         4945.32         4889.47         4964.46 
       0.122832         4639.43         4677.07         4752.13 
       0.129052         4528.65         4453.97         4522.27 
       0.135211         4234.65         4193.92         4269.83 
       0.141259         3884.12         3896.12         4050.54 
       0.147318         3696.89         3576.26         3807.16 
       0.153489         3496.83          3260.5         3472.32 
       0.159709         3350.24         2982.04         3265.67 
       0.165845         3085.94         2764.14         3130.37 
       0.171974         2917.55         2604.93         2961.41 
       0.178125         2816.82          2488.7         2879.78 
       0.184229         2736.96          2396.6         2743.09 
        0.19034         2583.59         2308.28         2640.78 
       0.196428         2489.96         2211.01            2533 
       0.202534         2408.24         2098.34         2448.32 
       0.208729          2324.6         1971.83          2315.9 
       0.214876         2191.93         1845.05         2253.38 
       0.220989         2150.86         1727.42         2179.44 
       0.227147         2025.84          1625.3         2105.71 
        0.23329         1934.54          1542.2         2040.86 
       0.239377         1885.33         1476.79         1962.14 
       0.245482         1861.11         1423.17         1881.11 
       0.251667          1779.1         1374.77          1839.5 
       0.257832         1711.07         1326.38         1781.24 
       0.263955         1660.99         1274.55         1732.73 
       0.270079          1612.3         1218.63         1683.96 
        0.27624         1582.35         1160.63         1632.19 
       0.282372         1534.29         1104.16         1604.22 
        0.28843         1497.13         1052.29         1569.55 
       0.294538          1451.8         1005.98         1521.93 
       0.300721         1393.78         965.772         1476.82 
        0.30691         1379.37         931.185         1457.29 
       0.313033         1343.06         900.669         1412.21 
       0.319153         1299.97         871.904         1373.99 
       0.325316         1279.48         843.127         1354.28 
        0.33145         1249.91         813.802         1308.65 
       0.337538         1222.57         783.968         1289.04 
       0.343633         1199.69         754.209         1273.23 
       0.349808         1185.28         725.137         1252.72 
       0.355968         1126.23         698.007         1228.96 
       0.362074         1130.81         673.396         1205.73 
       0.368217         1093.42         651.053         1177.75 
       0.374374         1086.56         630.664         1155.05 
       0.380519         1050.58         611.687         1134.08 
       0.386598         1038.42         593.734         1119.14 
       0.392688         1016.47         576.093         1099.03 
        0.39888         1002.84         558.266         1080.83 
       0.405048         976.204         540.636         1062.65 
       0.411186         960.589         523.443         1045.26 
       0.417313         946.094         506.946         1032.01 
       0.423458           930.1         491.257         1012.47 
       0.429607         901.364         476.511         996.142 
       0.435692         895.252         462.871         974.373 
       0.441815          885.91          450.01         971.353 
       0.447964         854.342         437.712         961.022 
       0.454126         864.006         425.821         934.613 
       0.460267         839.915         414.316         932.964 
       0.466387          828.23         403.106         917.372 
        0.47254         813.025         392.064         904.495 
       0.478662         798.573          381.36         891.387 
       0.484765         793.169         371.082         882.092 
       0.490885         780.386         361.225         865.542 
       0.497035         761.972         351.758         858.122 
       0.503198         753.898         342.709         848.092 
       0.509342         742.249         334.099         833.605 
       0.515458         731.212         325.875         827.949 
       0.521598         726.248         317.898         819.807 
       0.527764         711.434         310.109         812.946 
       0.533884         701.661         302.587         804.268 
           0.54         699.879         295.284         794.874 
       0.546137         677.508         288.166         786.409 
       0.552299         680.177         281.241         775.648 
       0.558452         665.794         274.572         769.557 
       0.564573           653.7         268.183         762.401 
       0.570708         642.907         262.019         752.148 
       0.576825         646.386         256.088         743.076 
       0.582926         635.547         250.362         738.298 
       0.589034         628.663           244.8         728.032 
       0.595184           610.9         239.361         720.603 
       0.601379         612.851         234.048         714.925 
       0.607522         601.608         228.943         704.237 
       0.613639         593.637         224.008         701.679 
       0.619772         590.437         219.199         699.531 
       0.625918         580.763         214.523           690.2 
       0.632068         576.699         209.989         686.291 
       0.638161         567.655          205.63         676.345 
         0.6443         559.008         201.363         670.277 
       0.650464         554.246         197.204         662.339 
       0.656582         544.191         193.195         658.243 
       0.662703         542.799         189.299         653.513 
       0.668861         535.433         185.491         650.291 
       0.675024         530.509         181.786         645.456 
       0.681124         521.759         178.221         636.687 
       0.687237          515.86         174.746         631.235 
       0.693381         510.782         171.349         625.446 
       0.699536         504.975         168.039         621.256 
       0.705665         500.565         164.831         613.993 
       0.711789         492.087         161.707         609.356 
       0.717957         488.135         158.644         608.165 
        0.72409         481.939         155.679         602.232 
       0.730186         479.302          152.81         595.922 
       0.736317         472.009         150.001         592.075 
       0.742472         467.093         147.254         588.343 
       0.748622         462.827         144.576          582.11 
        0.75476         457.051         141.968         582.029 
       0.760888          450.05         139.429           575.8 
       0.767043          446.36         136.944         568.615 
       0.773185         442.748         134.528         565.263 
       0.779291         438.934         132.185         560.659 
       0.785407         433.053         129.892         557.459 
       0.791564         428.246         127.639         555.564 
       0.797719         424.722         125.442         550.541 
       0.803834         419.764         123.312         546.859 
       0.809972         413.903         121.224         543.072 
       0.816124         410.471         119.178         537.397 
       0.822261         405.499         117.186         534.604 
       0.828378         403.605         115.246         530.669 
       0.834502         398.202         113.351         528.875 
       0.840667         394.776         111.487         524.891 
       0.846816         389.739         109.669         520.762 
       0.852925          384.96         107.902         517.784 
       0.859047         383.418          106.17         513.104 
       0.865192         376.901          104.47         510.016 
       0.871341         372.695         102.807         506.384 
       0.877463         370.271         101.188         503.432 
       0.883569         366.029           99.61          501.27 
       0.889708         363.227         98.0585         496.524 
       0.895864         358.416         96.5361         493.723 
       0.902008         354.579         95.0488         490.433 
       0.908149         350.916         93.5935         485.377 
       0.914301         347.354         92.1665         481.772 
       0.920448          344.93         90.7712         480.905 
       0.926574         339.889         89.4101         477.962 
       0.932687         338.028         88.0802         473.294 
       0.938823          334.64         86.7728         471.922 
       0.944975         330.121         85.4889         469.073 
       0.951105         328.465         84.2354         465.903 
       0.957225          324.17          83.009         462.655 
       0.963368         319.841         81.8028         459.815 
       0.969511         317.768         80.6209         456.807 
       0.975621         313.863         79.4694         454.319 
       0.981748         310.672          78.338          451.84 
       0.987916         308.917         77.2216         449.355 
        0.99406         305.099         76.1311         446.431 
        1.00019         302.601         75.0638         442.652 
        1.00632         298.315          74.018         440.061 
        1.01246         295.526         72.9909          437.43 
        1.01859         293.181         71.9852          434.69 
        1.02471         289.645         71.0001         432.302 
        1.03085         287.268         70.0302         430.831 
        1.03698         283.362         69.0805           429.1 
        1.04314         280.813         68.1442         425.571 
        1.04929         278.504          67.227         422.131 
        1.05541         275.061         66.3297         419.711 
        1.06154          273.39         65.4464         417.619 
        1.06769         270.842         64.5783         414.608 
        1.07382         267.399         63.7301         411.904 
        1.07993         265.743         62.9005         410.011 
        1.08607         262.438         62.0832         407.479 
        1.09222         259.985         61.2799         405.191 
        1.09836         257.398         60.4912         403.296 
        1.10449         254.118         59.7167         401.712 
        1.11063          252.11         58.9542         398.537 
        1.11677         249.458         58.2047         396.423 
         1.1229         246.827         57.4691         393.804 
        1.12903         245.598         56.7453          392.03 
        1.13518         243.137         56.0336         388.783 
        1.14131         239.913          55.335         387.644 
        1.14745         237.764         54.6494         384.581 
        1.15359          236.18         53.9759         383.382 
        1.15973         232.201          53.314         381.089 
        1.16584         231.161         52.6667         379.054 
        1.17197         228.782         52.0295         377.377 
        1.17811         226.414         51.4006         374.629 
        1.18424          224.78         50.7833         372.402 
        1.19038           221.7         50.1735          371.22 
        1.19652         220.627         49.5734         368.291 
        1.20267         218.702         48.9833         366.436 
        1.20881         215.848         48.4039         364.926 
        1.21495         213.943         47.8363         362.286 
        1.22108           211.7         47.2789         359.992 
         1.2272         210.712         46.7319         359.043 
        1.23334         208.095         46.1919         356.657 
        1.23949         205.716         45.6581         354.756 
        1.24562         204.321         45.1334         352.657 
        1.25174         202.148         44.6172         351.084 
        1.25789         199.822         44.1075         348.822 
        1.26402           198.1         43.6069         347.609 
        1.27014         196.238         43.1155         345.363 
        1.27628         194.372         42.6304         344.248 
        1.28244         192.358         42.1518         342.606 
        1.28858         190.919         41.6809         340.478 
        1.29471         187.587         41.2183         337.991 
        1.30084         187.242         40.7632         335.917 
        1.30697          184.12         40.3146         334.856 
        1.31312         184.089         39.8726         333.135 
        1.31925         182.187          39.439         331.159 
        1.32537         180.154         39.0126          329.19 
        1.33151         179.163         38.5911         327.926 
        1.33765         176.662         38.1759         326.362 
        1.34378         174.189         37.7675         324.073 
        1.34992         172.818         37.3645         322.575 
        1.35606         171.501         36.9663         320.656 
         1.3622         170.034         36.5745         319.517 
        1.36833         168.193         36.1891         318.305 
        1.37445         166.454         35.8094         315.793 
        1.38059         165.152          35.434         314.721 
        1.38675         163.799         35.0633         313.396 
        1.39288         161.477         34.6997         311.251 
        1.39901         160.064         34.3416         309.548 
        1.40515         159.458          33.988         308.017 
         1.4113          157.52         33.6394         306.267 
        1.41742         156.058         33.2967          304.59 
        1.42355          154.62         32.9578         303.438 
         1.4297         153.005         32.6223         301.328 
        1.43585         151.149         32.2915         300.584 
        1.44198         149.931         31.9668         298.765 
        1.44809         149.029         31.6477         297.196 
        1.45423         147.655         31.3323         295.329 
        1.46036         145.716         31.0223         294.105 
        1.46649         144.631         30.7165         292.844 
        1.47263         143.469         30.4145         291.054 
        1.47877         141.827         30.1163         289.253 
        1.48491         140.797         29.8212         287.663 
        1.49104         139.526         29.5304         286.676 
        1.49718         138.147          29.243         285.836 
        1.50333         137.013         28.9588         283.551 
        1.50947         135.853         28.6791         282.096 
         1.5156         134.746         28.4036         281.309 
        1.52172         133.147          28.132         279.836 
        1.52787         131.884         27.8635         278.436 
          1.534         131.033         27.5991         276.889 
        1.54013         129.431         27.3387         275.619 
        1.54627         128.318         27.0814         274.639 
        1.55241         127.402         26.8275         273.375 
        1.55855         125.845         26.5771         271.725 
        1.56467         124.675         26.3303         270.203 
         1.5708         124.322         26.0858         268.894 
