0.00783031 -183.024
0.013688 -227.691
0.019231 -233.711
0.0249154 -221.24
0.0312784 -205.221
0.0375637 -185.455
0.0433917 -161.293
0.0492413 -150.917
0.0555754 -148.547
0.0619321 -141.828
0.067871 -138.401
0.0738098 -134.444
0.0800417 -133.255
0.0862327 -123.666
0.0921407 -115.774
0.0982031 -115.965
0.104506 -112.47
0.110769 -109.317
0.116806 -107.174
0.122832 -112.779
0.129052 -111.91
0.135211 -112.241
0.141259 -111.316
0.147318 -108.976
0.153489 -105.131
0.159709 -102.517
0.165845 -106.055
0.171974 -99.5203
0.178125 -101.75
0.184229 -98.6804
0.19034 -103.637
0.196428 -101.039
0.202534 -105.002
0.208729 -102.85
0.214876 -101.598
0.220989 -99.7873
0.227147 -99.4942
0.23329 -100.942
0.239377 -97.7291
0.245482 -98.1823
0.251667 -99.8844
0.257832 -98.4287
0.263955 -96.9997
0.270079 -99.4024
0.27624 -98.9875
0.282372 -94.7203
0.28843 -95.2738
0.294538 -96.8309
0.300721 -97.3145
0.30691 -95.4762
0.313033 -95.2168
0.319153 -94.5582
0.325316 -92.9694
0.33145 -93.7312
0.337538 -94.9869
0.343633 -94.792
0.349808 -91.8445
0.355968 -92.3575
0.362074 -92.2947
0.368217 -90.9471
0.374374 -92.4738
0.380519 -91.7828
0.386598 -91.1915
0.392688 -90.8159
0.39888 -91.1158
0.405048 -89.5864
0.411186 -91.0503
0.417313 -91.1704
0.423458 -89.4937
0.429607 -89.7482
0.435692 -89.6759
0.441815 -87.379
0.447964 -87.6948
0.454126 -87.4975
0.460267 -87.8613
0.466387 -86.972
0.47254 -88.1708
0.478662 -86.9738
0.484765 -85.7291
0.490885 -85.7182
0.497035 -86.0157
0.503198 -85.6206
0.509342 -85.2037
0.515458 -84.4426
0.521598 -84.5958
0.527764 -84.0643
0.533884 -84.2453
0.54 -83.1697
0.546137 -81.998
0.552299 -83.8827
0.558452 -82.9952
0.564573 -81.1467
0.570708 -82.6287
0.576825 -81.079
0.582926 -81.6321
0.589034 -79.6313
0.595184 -80.5109
0.601379 -79.9923
0.607522 -79.2752
0.613639 -78.5139
0.619772 -78.3497
0.625918 -77.6641
0.632068 -77.3597
0.638161 -78.2034
0.6443 -77.5527
0.650464 -77.3936
0.656582 -76.8306
0.662703 -76.6066
0.668861 -75.5183
0.675024 -74.7823
0.681124 -74.4617
0.687237 -75.071
0.693381 -74.4787
0.699536 -74.1272
0.705665 -73.7914
0.711789 -74.2871
0.717957 -74.1626
0.72409 -72.5371
0.730186 -72.5438
0.736317 -71.3205
0.742472 -72.1251
0.748622 -70.9181
0.75476 -71.2777
0.760888 -70.3406
0.767043 -70.6496
0.773185 -70.2425
0.779291 -69.4769
0.785407 -68.9917
0.791564 -68.5504
0.797719 -68.7378
0.803834 -68.0523
0.809972 -67.3321
0.816124 -67.8486
0.822261 -67.3449
0.828378 -66.776
0.834502 -66.1639
0.840667 -66.5744
0.846816 -65.2237
0.852925 -64.787
0.859047 -64.9569
0.865192 -64.9456
0.871341 -64.1801
0.877463 -64.409
0.883569 -63.2705
0.889708 -63.0377
0.895864 -62.9142
0.902008 -63.4646
0.908149 -61.7836
0.914301 -62.06
0.920448 -61.4788
0.926574 -61.3543
0.932687 -61.0327
0.938823 -60.6215
0.944975 -60.0525
0.951105 -60.1527
0.957225 -59.0528
0.963368 -59.0196
0.969511 -58.8798
0.975621 -58.8532
0.981748 -58.6881
0.987916 -57.9132
0.99406 -57.8984
1.00019 -57.0003
1.00632 -57.2874
1.01246 -56.893
1.01859 -56.2025
1.02471 -55.9914
1.03085 -55.898
1.03698 -55.371
1.04314 -55.2874
1.04929 -54.9474
1.05541 -54.8205
1.06154 -53.857
1.06769 -53.6623
1.07382 -53.3765
1.07993 -52.5537
1.08607 -52.5701
1.09222 -53.0105
1.09836 -52.6806
1.10449 -51.9656
1.11063 -51.8131
1.11677 -51.5469
1.1229 -50.4511
1.12903 -50.3101
1.13518 -50.3747
1.14131 -50.2065
1.14745 -49.9529
1.15359 -49.0998
1.15973 -48.9932
1.16584 -49.2073
1.17197 -48.657
1.17811 -48.1657
1.18424 -47.6942
1.19038 -47.6289
1.19652 -47.2613
1.20267 -47.0361
1.20881 -47.1614
1.21495 -46.8023
1.22108 -46.4213
1.2272 -46.0675
1.23334 -45.6334
1.23949 -45.3178
1.24562 -45.2251
1.25174 -45.2856
1.25789 -44.3086
1.26402 -44.4237
1.27014 -44.0096
1.27628 -43.9599
1.28244 -43.733
1.28858 -43.6668
1.29471 -42.7956
1.30084 -42.6758
1.30697 -42.6195
1.31312 -42.068
1.31925 -42.0026
1.32537 -41.1203
1.33151 -41.42
1.33765 -41.4665
1.34378 -40.4435
1.34992 -40.2283
1.35606 -40.0702
1.3622 -39.8143
1.36833 -39.978
1.37445 -39.5028
1.38059 -39.3773
1.38675 -39.2535
1.39288 -38.7044
1.39901 -38.4898
1.40515 -38.3354
1.4113 -38.3401
1.41742 -38.2487
1.42355 -37.7948
1.4297 -37.7473
1.43585 -37.0028
1.44198 -36.9747
1.44809 -36.9152
1.45423 -36.5667
1.46036 -36.3799
1.46649 -36.2371
1.47263 -35.8322
1.47877 -35.89
1.48491 -35.4949
1.49104 -34.8345
1.49718 -34.6558
1.50333 -34.9558
1.50947 -34.5339
1.5156 -34.4679
1.52172 -34.0901
1.52787 -34.1721
1.534 -34.0714
1.54013 -33.4238
1.54627 -33.2192
1.55241 -33.2637
1.55855 -33.0651
1.56467 -33.0277
1.5708 -32.2041
