0.00783031 1.65758
0.013688 2.07697
0.019231 2.24016
0.0249154 2.17476
0.0312784 2.24874
0.0375637 2.22913
0.0433917 1.96138
0.0492413 2.01316
0.0555754 2.17387
0.0619321 2.23131
0.067871 2.40899
0.0738098 2.45481
0.0800417 2.61169
0.0862327 2.65981
0.0921407 2.74589
0.0982031 2.91474
0.104506 3.08775
0.110769 3.1674
0.116806 3.33224
0.122832 3.78521
0.129052 4.01538
0.135211 4.34316
0.141259 4.54983
0.147318 4.78089
0.153489 4.96761
0.159709 5.26121
0.165845 5.66246
0.171974 5.77608
0.178125 6.12713
0.184229 6.45918
0.19034 7.02596
0.196428 7.23715
0.202534 7.96816
0.208729 8.257
0.214876 8.54292
0.220989 8.92762
0.227147 9.34983
0.23329 9.80825
0.239377 10.1016
0.245482 10.589
0.251667 11.3011
0.257832 11.6943
0.263955 12.1592
0.270079 12.8779
0.27624 13.4089
0.282372 13.5425
0.28843 14.1244
0.294538 14.9348
0.300721 15.5372
0.30691 16.0049
0.313033 16.6465
0.319153 17.1071
0.325316 17.5274
0.33145 18.3764
0.337538 19.0292
0.343633 19.7873
0.349808 20.1287
0.355968 20.7164
0.362074 21.5097
0.368217 22.2751
0.374374 22.9355
0.380519 23.5193
0.386598 24.1988
0.392688 24.912
0.39888 25.5392
0.405048 26.3916
0.411186 27.1757
0.417313 27.9219
0.423458 28.3549
0.429607 29.2404
0.435692 30.2423
0.441815 30.5742
0.447964 31.3611
0.454126 32.3536
0.460267 32.8705
0.466387 33.7582
0.47254 34.7958
0.478662 35.4168
0.484765 36.0738
0.490885 37.1038
0.497035 37.7681
0.503198 38.4057
0.509342 39.2955
0.515458 40.1381
0.521598 41.1335
0.527764 41.7738
0.533884 42.5401
0.54 43.4666
0.546137 44.0015
0.552299 45.3946
0.558452 46.3909
0.564573 46.9007
0.570708 48.0602
0.576825 48.5473
0.582926 49.5062
0.589034 49.9375
0.595184 51.3274
0.601379 52.1848
0.607522 52.8874
0.613639 53.3915
0.619772 54.4141
0.625918 55.0812
0.632068 55.7779
0.638161 57.5862
0.6443 57.9365
0.650464 59.3906
0.656582 59.7804
0.662703 60.7051
0.668861 61.554
0.675024 62.2002
0.681124 62.9818
0.687237 64.1434
0.693381 65.0109
0.699536 65.4276
0.705665 66.7572
0.711789 67.9973
0.717957 68.5138
0.72409 68.9964
0.730186 70.106
0.736317 70.916
0.742472 71.9456
0.748622 72.1781
0.75476 73.8824
0.760888 74.311
0.767043 75.1916
0.773185 76.1198
0.779291 76.81
0.785407 77.5539
0.791564 78.695
0.797719 79.0404
0.803834 80.3453
0.809972 80.6903
0.816124 81.7681
0.822261 82.7108
0.828378 83.0635
0.834502 84.0204
0.840667 85.0175
0.846816 85.4138
0.852925 85.9629
0.859047 87.7755
0.865192 88.0096
0.871341 88.7975
0.877463 89.8835
0.883569 90.2846
0.889708 90.8698
0.895864 92.0015
0.902008 92.7163
0.908149 92.8418
0.914301 94.3446
0.920448 94.9941
0.926574 95.3291
0.932687 96.4102
0.938823 96.9631
0.944975 97.155
0.951105 98.4693
0.957225 98.9326
0.963368 99.4413
0.969511 100.927
0.975621 101.262
0.981748 102.244
0.987916 102.328
0.99406 103.128
1.00019 103.81
1.00632 104.237
1.01246 104.843
1.01859 105.186
1.02471 106.221
1.03085 106.744
1.03698 107.278
1.04314 108.096
1.04929 108.625
1.05541 108.761
1.06154 109.662
1.06769 110.266
1.07382 110.797
1.07993 111.282
1.08607 111.824
1.09222 112.863
1.09836 112.965
1.10449 113.023
1.11063 113.995
1.11677 114.604
1.1229 114.814
1.12903 115.33
1.13518 116.145
1.14131 116.588
1.14745 117.077
1.15359 117.03
1.15973 117.968
1.16584 118.211
1.17197 118.715
1.17811 119.104
1.18424 118.971
1.19038 119.9
1.19652 120.494
1.20267 119.904
1.20881 121.264
1.21495 121.89
1.22108 122.554
1.2272 122.431
1.23334 122.854
1.23949 123.31
1.24562 123.859
1.25174 123.928
1.25789 123.636
1.26402 124.876
1.27014 125.206
1.27628 125.286
1.28244 125.526
1.28858 126.496
1.29471 125.652
1.30084 126.827
1.30697 127.176
1.31312 126.944
1.31925 127.219
1.32537 127.692
1.33151 128.284
1.33765 128.593
1.34378 128.379
1.34992 129.133
1.35606 129.088
1.3622 129.322
1.36833 129.715
1.37445 130.375
1.38059 130.387
1.38675 130.758
1.39288 130.573
1.39901 130.838
1.40515 131.426
1.4113 131.326
1.41742 131.641
1.42355 131.728
1.4297 132.423
1.43585 132.364
1.44198 132.603
1.44809 132.66
1.45423 133.171
1.46036 133.462
1.46649 133.532
1.47263 133.594
1.47877 133.939
1.48491 134.227
1.49104 134.025
1.49718 133.606
1.50333 134.283
1.50947 134.962
1.5156 135.203
1.52172 134.714
1.52787 135.423
1.534 135.019
1.54013 135.268
1.54627 135.597
1.55241 135.828
1.55855 135.631
1.56467 136.194
1.5708 135.705
