0.00783031 5293.79
0.013688 -2095.03
0.019231 -67.2861
0.0249154 -1628.84
0.0312784 546.169
0.0375637 -453.323
0.0433917 1129.4
0.0492413 557.628
0.0555754 -222.056
0.0619321 499.691
0.067871 1612.54
0.0738098 1377.84
0.0800417 985.209
0.0862327 1349.33
0.0921407 1153.27
0.0982031 1540.11
0.104506 1533.58
0.110769 1522.08
0.116806 1671.14
0.122832 1643.65
0.129052 1531.29
0.135211 1781.1
0.141259 1769.33
0.147318 1806.59
0.153489 1801.99
0.159709 1826.56
0.165845 1939.68
0.171974 1890.15
0.178125 1898.75
0.184229 1945.3
0.19034 1898.24
0.196428 1926.08
0.202534 1919.51
0.208729 1949.44
0.214876 1875.12
0.220989 1931.08
0.227147 1924.05
0.23329 1978.47
0.239377 1895.26
0.245482 1958.16
0.251667 1902.97
0.257832 1923.87
0.263955 1905.08
0.270079 1922.09
0.27624 1872.09
0.282372 1887.49
0.28843 1923.13
0.294538 1843.53
0.300721 1833.39
0.30691 1873.34
0.313033 1860.82
0.319153 1818.8
0.325316 1840.4
0.33145 1846.82
0.337538 1830.7
0.343633 1825.74
0.349808 1799.15
0.355968 1824.53
0.362074 1815.51
0.368217 1793.13
0.374374 1776.36
0.380519 1769.48
0.386598 1768.45
0.392688 1766.32
0.39888 1729.51
0.405048 1720.45
0.411186 1739.68
0.417313 1732.25
0.423458 1718.73
0.429607 1717.95
0.435692 1710.39
0.441815 1713.38
0.447964 1688.56
0.454126 1682.32
0.460267 1674.38
0.466387 1642.11
0.47254 1632.85
0.478662 1624.96
0.484765 1614.76
0.490885 1589.7
0.497035 1603.13
0.503198 1578.57
0.509342 1593.99
0.515458 1551.46
0.521598 1570.75
0.527764 1567.14
0.533884 1535.59
0.54 1530.52
0.546137 1508.74
0.552299 1515.21
0.558452 1501.09
0.564573 1486.1
0.570708 1486.09
0.576825 1465.58
0.582926 1460.74
0.589034 1459.13
0.595184 1433.89
0.601379 1419.23
0.607522 1416.19
0.613639 1401.97
0.619772 1392.34
0.625918 1380.67
0.632068 1378.16
0.638161 1365.84
0.6443 1359.66
0.650464 1336.32
0.656582 1338.78
0.662703 1317.24
0.668861 1311.72
0.675024 1295.61
0.681124 1294.94
0.687237 1273.43
0.693381 1269.35
0.699536 1250.39
0.705665 1245.95
0.711789 1238.05
0.717957 1225.21
0.72409 1216.91
0.730186 1207.31
0.736317 1198.73
0.742472 1187.5
0.748622 1174.91
0.75476 1171.81
0.760888 1157.36
0.767043 1148.72
0.773185 1139.27
0.779291 1125.89
0.785407 1114.79
0.791564 1122.29
0.797719 1095.2
0.803834 1110.87
0.809972 1087.92
0.816124 1084.52
0.822261 1076.67
0.828378 1064.95
0.834502 1048.64
0.840667 1042.08
0.846816 1040.31
0.852925 1021.27
0.859047 1014.35
0.865192 1009.05
0.871341 997.33
0.877463 994.351
0.883569 987.392
0.889708 977.871
0.895864 976.081
0.902008 970.881
0.908149 956.573
0.914301 953.291
0.920448 945.061
0.926574 936.951
0.932687 926.617
0.938823 926.621
0.944975 920.832
0.951105 910.559
0.957225 896.781
0.963368 897.856
0.969511 891.685
0.975621 881.22
0.981748 881.892
0.987916 866.129
0.99406 861.665
1.00019 855.819
1.00632 855.332
1.01246 842.984
1.01859 835.86
1.02471 823.894
1.03085 819.511
1.03698 819.6
1.04314 814.492
1.04929 809.301
1.05541 806.154
1.06154 800.491
1.06769 791.342
1.07382 782.998
1.07993 779.144
1.08607 771.518
1.09222 762.815
1.09836 759.265
1.10449 756.742
1.11063 749.953
1.11677 743.904
1.1229 735.099
1.12903 732.039
1.13518 725.607
1.14131 721.834
1.14745 719.365
1.15359 712.189
1.15973 708.455
1.16584 702.423
1.17197 699.492
1.17811 695.764
1.18424 688.042
1.19038 683.302
1.19652 676.226
1.20267 674.232
1.20881 666.906
1.21495 665.323
1.22108 660.089
1.2272 651.935
1.23334 648.029
1.23949 647.101
1.24562 641.757
1.25174 635.055
1.25789 630.6
1.26402 626.064
1.27014 620.783
1.27628 616.046
1.28244 618.008
1.28858 611.787
1.29471 603.67
1.30084 601.038
1.30697 598.696
1.31312 589.359
1.31925 587.798
1.32537 581.94
1.33151 581.454
1.33765 574.476
1.34378 569.792
1.34992 568.24
1.35606 561.656
1.3622 558.35
1.36833 555.593
1.37445 552.36
1.38059 552.027
1.38675 545.172
1.39288 543.702
1.39901 536.398
1.40515 530.689
1.4113 528.873
1.41742 526.594
1.42355 520.624
1.4297 517.406
1.43585 513.937
1.44198 508.88
1.44809 505.766
1.45423 503.212
1.46036 499.766
1.46649 494.316
1.47263 494.946
1.47877 486.84
1.48491 483.715
1.49104 482.388
1.49718 477.543
1.50333 473.389
1.50947 470.186
1.5156 465.741
1.52172 463.5
1.52787 460.503
1.534 458.82
1.54013 454.262
1.54627 451.805
1.55241 446.379
1.55855 443.503
1.56467 442.454
1.5708 439.171
