0.00783031 -20.1852
0.013688 7.60013
0.019231 -2.22736
0.0249154 9.82037
0.0312784 -1.13159
0.0375637 6.13375
0.0433917 2.56778
0.0492413 2.85017
0.0555754 8.80562
0.0619321 6.63015
0.067871 4.32838
0.0738098 7.47414
0.0800417 8.8006
0.0862327 10.4529
0.0921407 11.6793
0.0982031 10.4574
0.104506 10.6338
0.110769 12.9392
0.116806 14.3453
0.122832 15.1428
0.129052 17.1029
0.135211 17.4694
0.141259 17.3426
0.147318 18.8863
0.153489 19.5648
0.159709 21.3319
0.165845 21.7461
0.171974 22.0051
0.178125 22.7848
0.184229 23.9365
0.19034 25.91
0.196428 24.7939
0.202534 24.8263
0.208729 26.9956
0.214876 26.7561
0.220989 26.8975
0.227147 28.6848
0.23329 29.444
0.239377 29.322
0.245482 29.4992
0.251667 30.9166
0.257832 31.3395
0.263955 31.6313
0.270079 32.5754
0.27624 32.7658
0.282372 33.3917
0.28843 33.5759
0.294538 33.4746
0.300721 34.6315
0.30691 35.3288
0.313033 34.9926
0.319153 35.5946
0.325316 35.7202
0.33145 36.442
0.337538 35.5456
0.343633 37.9931
0.349808 36.6881
0.355968 37.0707
0.362074 38.0478
0.368217 37.7534
0.374374 38.0379
0.380519 37.5947
0.386598 37.7584
0.392688 37.8545
0.39888 38.3188
0.405048 38.5852
0.411186 38.9439
0.417313 38.9184
0.423458 38.2882
0.429607 38.0864
0.435692 38.8967
0.441815 38.4072
0.447964 38.134
0.454126 37.8506
0.460267 38.3647
0.466387 37.7175
0.47254 37.4638
0.478662 38.0005
0.484765 36.9182
0.490885 37.0448
0.497035 37.2158
0.503198 36.4336
0.509342 36.4501
0.515458 36.5936
0.521598 36.6846
0.527764 36.0063
0.533884 34.8192
0.54 35.2478
0.546137 34.7557
0.552299 34.7307
0.558452 34.0067
0.564573 34.0439
0.570708 33.26
0.576825 33.0319
0.582926 32.7853
0.589034 32.0294
0.595184 31.6272
0.601379 31.4849
0.607522 30.7714
0.613639 30.1653
0.619772 30.0705
0.625918 29.5746
0.632068 29.0018
0.638161 28.6123
0.6443 28.4369
0.650464 27.9596
0.656582 27.07
0.662703 26.8431
0.668861 26.4931
0.675024 25.9599
0.681124 25.4072
0.687237 25.1392
0.693381 24.939
0.699536 24.375
0.705665 23.5799
0.711789 23.0352
0.717957 22.8928
0.72409 22.2535
0.730186 22.4498
0.736317 21.7325
0.742472 21.534
0.748622 20.7838
0.75476 20.5551
0.760888 20.0164
0.767043 19.8475
0.773185 19.1457
0.779291 18.6768
0.785407 18.3572
0.791564 18.3804
0.797719 17.9289
0.803834 17.6286
0.809972 17.3248
0.816124 17.2155
0.822261 16.2599
0.828378 16.1293
0.834502 15.6788
0.840667 15.6723
0.846816 15.2406
0.852925 15.1852
0.859047 14.9848
0.865192 14.5755
0.871341 14.0041
0.877463 14.1587
0.883569 13.6495
0.889708 13.3543
0.895864 13.2924
0.902008 12.9472
0.908149 12.8076
0.914301 12.9272
0.920448 12.0557
0.926574 12.0737
0.932687 11.935
0.938823 11.757
0.944975 11.3645
0.951105 11.4051
0.957225 11.2537
0.963368 11.3025
0.969511 10.7443
0.975621 10.3113
0.981748 10.7267
0.987916 10.0471
0.99406 9.98071
1.00019 9.63071
1.00632 9.69824
1.01246 9.49683
1.01859 9.33303
1.02471 8.98845
1.03085 9.15257
1.03698 8.96375
1.04314 8.89301
1.04929 8.49809
1.05541 8.19407
1.06154 8.37527
1.06769 7.96245
1.07382 8.18768
1.07993 7.63022
1.08607 7.78559
1.09222 7.58869
1.09836 7.30446
1.10449 7.29879
1.11063 7.0467
1.11677 7.24336
1.1229 6.98022
1.12903 7.18526
1.13518 6.66484
1.14131 6.91429
1.14745 6.3765
1.15359 6.51973
1.15973 6.47167
1.16584 6.42046
1.17197 5.92059
1.17811 6.17686
1.18424 6.08926
1.19038 5.9152
1.19652 5.85488
1.20267 5.82669
1.20881 5.62002
1.21495 5.7584
1.22108 5.36159
1.2272 5.60773
1.23334 5.4859
1.23949 5.38163
1.24562 5.45806
1.25174 5.03749
1.25789 5.10459
1.26402 4.97079
1.27014 5.00275
1.27628 5.04284
1.28244 4.8587
1.28858 4.61311
1.29471 4.71469
1.30084 4.7485
1.30697 4.48224
1.31312 4.73648
1.31925 4.826
1.32537 4.61366
1.33151 4.2502
1.33765 4.34632
1.34378 4.52675
1.34992 4.45811
1.35606 4.42422
1.3622 4.19718
1.36833 4.2315
1.37445 4.25821
1.38059 4.11364
1.38675 4.02756
1.39288 4.12714
1.39901 3.84158
1.40515 4.21399
1.4113 4.10848
1.41742 4.09257
1.42355 3.97579
1.4297 4.20936
1.43585 4.06706
1.44198 3.92555
1.44809 3.95101
1.45423 3.74702
1.46036 3.6354
1.46649 3.83708
1.47263 3.74586
1.47877 3.87112
1.48491 3.98029
1.49104 3.72641
1.49718 3.74691
1.50333 3.78479
1.50947 3.63532
1.5156 3.73885
1.52172 3.66757
1.52787 3.58128
1.534 3.60511
1.54013 3.46934
1.54627 3.48866
1.55241 3.62014
1.55855 3.49346
1.56467 3.71621
1.5708 3.45133
