#  k  (h/Mpc)          P(k)  (Mpc/h)^3     P_linear(k)   P_NL(k) (Mpc/h)^3
     0.00783031         20432.7         20513.5           20402 
       0.013688         25190.5         25365.8         25170.4 
       0.019231         25026.4         25635.4         25378.2 
      0.0249154         23219.1         23617.7         23341.1 
      0.0312784         19730.6         20361.8         20072.2 
      0.0375637         16466.8         17287.6         17029.1 
      0.0433917         14271.4         15046.4         14768.3 
      0.0492413         13241.8         13439.5         13172.6 
      0.0555754         11920.4         12280.2         12034.8 
      0.0619321         10950.9         11423.3         11182.2 
       0.067871         10074.6         10674.3         10455.7 
      0.0738098         9261.18         9842.08         9530.37 
      0.0800417         8057.64         8856.08         8604.23 
      0.0862327         7361.95         7841.33          7739.8 
      0.0921407         6480.91         6940.55         6884.81 
      0.0982031         5822.74         6164.83         6243.98 
       0.104506         5237.11         5561.75         5737.32 
       0.110769         4972.39         5155.89         5263.08 
       0.116806         4748.12         4889.47         4964.46 
       0.122832         4329.19         4677.07         4752.13 
       0.129052         4293.48         4453.97         4522.27 
       0.135211         3964.17         4193.92         4269.83 
       0.141259         3672.59         3896.12         4050.54 
       0.147318         3421.31         3576.26         3807.16 
       0.153489         3131.72          3260.5         3472.32 
       0.159709         2982.62         2982.04         3265.67 
       0.165845         2857.09         2764.14         3130.37 
       0.171974          2682.8         2604.93         2961.41 
       0.178125         2582.19          2488.7         2879.78 
       0.184229         2463.03          2396.6         2743.09 
        0.19034          2305.3         2308.28         2640.78 
       0.196428         2227.23         2211.01            2533 
       0.202534         2082.01         2098.34         2448.32 
       0.208729         2031.52         1971.83          2315.9 
       0.214876         1876.14         1845.05         2253.38 
       0.220989         1829.36         1727.42         2179.44 
       0.227147         1750.27          1625.3         2105.71 
        0.23329         1710.78          1542.2         2040.86 
       0.239377         1607.53         1476.79         1962.14 
       0.245482         1561.74         1423.17         1881.11 
       0.251667          1488.1         1374.77          1839.5 
       0.257832         1452.29         1326.38         1781.24 
       0.263955          1395.3         1274.55         1732.73 
       0.270079          1357.6         1218.63         1683.96 
        0.27624         1285.78         1160.63         1632.19 
       0.282372         1251.92         1104.16         1604.22 
        0.28843          1236.9         1052.29         1569.55 
       0.294538         1165.49         1005.98         1521.93 
       0.300721         1133.75         965.772         1476.82 
        0.30691         1108.58         931.185         1457.29 
       0.313033         1072.94         900.669         1412.21 
       0.319153         1029.82         871.904         1373.99 
       0.325316         996.786         843.127         1354.28 
        0.33145         973.946         813.802         1308.65 
       0.337538         945.304         783.968         1289.04 
       0.343633         924.649         754.209         1273.23 
       0.349808         896.062         725.137         1252.72 
       0.355968         877.087         698.007         1228.96 
       0.362074         864.577         673.396         1205.73 
       0.368217         826.639         651.053         1177.75 
       0.374374         812.947         630.664         1155.05 
       0.380519         789.037         611.687         1134.08 
       0.386598          768.92         593.734         1119.14 
       0.392688         746.935         576.093         1099.03 
        0.39888         731.334         558.266         1080.83 
       0.405048         712.342         540.636         1062.65 
       0.411186         696.754         523.443         1045.26 
       0.417313         686.059         506.946         1032.01 
       0.423458         667.845         491.257         1012.47 
       0.429607         656.518         476.511         996.142 
       0.435692         639.457         462.871         974.373 
       0.441815         631.392          450.01         971.353 
       0.447964         613.477         437.712         961.022 
       0.454126         600.951         425.821         934.613 
       0.460267         589.725         414.316         932.964 
       0.466387         574.341         403.106         917.372 
        0.47254         557.828         392.064         904.495 
       0.478662         550.568          381.36         891.387 
       0.484765         538.548         371.082         882.092 
       0.490885         524.184         361.225         865.542 
       0.497035         518.309         351.758         858.122 
       0.503198         506.138         342.709         848.092 
       0.509342         503.028         334.099         833.605 
       0.515458         484.178         325.875         827.949 
       0.521598         481.915         317.898         819.807 
       0.527764         474.597         310.109         812.946 
       0.533884         462.016         302.587         804.268 
           0.54         453.662         295.284         794.874 
       0.546137          443.45         288.166         786.409 
       0.552299         439.623         281.241         775.648 
       0.558452         431.037         274.572         769.557 
       0.564573         423.612         268.183         762.401 
       0.570708          416.33         262.019         752.148 
       0.576825         407.028         256.088         743.076 
       0.582926         402.142         250.362         738.298 
       0.589034         395.794           244.8         728.032 
       0.595184         387.739         239.361         720.603 
       0.601379          381.58         234.048         714.925 
       0.607522          374.51         228.943         704.237 
       0.613639         370.207         224.008         701.679 
       0.619772         364.188         219.199         699.531 
       0.625918         358.729         214.523           690.2 
       0.632068         353.628         209.989         686.291 
       0.638161         349.428          205.63         676.345 
         0.6443          343.14         201.363         670.277 
       0.650464         338.339         197.204         662.339 
       0.656582         331.557         193.195         658.243 
       0.662703         326.855         189.299         653.513 
       0.668861         323.024         185.491         650.291 
       0.675024         316.526         181.786         645.456 
       0.681124         314.265         178.221         636.687 
       0.687237         306.946         174.746         631.235 
       0.693381         305.558         171.349         625.446 
       0.699536         299.738         168.039         621.256 
       0.705665         294.543         164.831         613.993 
       0.711789         292.192         161.707         609.356 
       0.717957         287.532         158.644         608.165 
        0.72409         283.542         155.679         602.232 
       0.730186         280.866          152.81         595.922 
       0.736317          276.23         150.001         592.075 
       0.742472         273.477         147.254         588.343 
       0.748622         270.022         144.576          582.11 
        0.75476         267.337         141.968         582.029 
       0.760888         262.589         139.429           575.8 
       0.767043         260.088         136.944         568.615 
       0.773185         256.761         134.528         565.263 
       0.779291         253.201         132.185         560.659 
       0.785407             250         129.892         557.459 
       0.791564         248.448         127.639         555.564 
       0.797719         243.111         125.442         550.541 
       0.803834         242.698         123.312         546.859 
       0.809972         237.399         121.224         543.072 
       0.816124         235.864         119.178         537.397 
       0.822261          233.33         117.186         534.604 
       0.828378          230.55         115.246         530.669 
       0.834502         226.971         113.351         528.875 
       0.840667         224.178         111.487         524.891 
       0.846816         222.169         109.669         520.762 
       0.852925         218.383         107.902         517.784 
       0.859047         217.312          106.17         513.104 
       0.865192         214.329          104.47         510.016 
       0.871341         211.901         102.807         506.384 
       0.877463         209.807         101.188         503.432 
       0.883569         207.977           99.61          501.27 
       0.889708         206.004         98.0585         496.524 
       0.895864         204.719         96.5361         493.723 
       0.902008         202.871         95.0488         490.433 
       0.908149         199.621         93.5935         485.377 
       0.914301         198.267         92.1665         481.772 
       0.920448         195.827         90.7712         480.905 
       0.926574         194.207         89.4101         477.962 
       0.932687         192.913         88.0802         473.294 
       0.938823         191.457         86.7728         471.922 
       0.944975         189.845         85.4889         469.073 
       0.951105         187.739         84.2354         465.903 
       0.957225          185.55          83.009         462.655 
       0.963368         184.446         81.8028         459.815 
       0.969511         182.935         80.6209         456.807 
       0.975621         181.154         79.4694         454.319 
       0.981748         180.798          78.338          451.84 
       0.987916         177.164         77.2216         449.355 
        0.99406         176.853         76.1311         446.431 
        1.00019          175.71         75.0638         442.652 
        1.00632         174.575          74.018         440.061 
        1.01246          172.51         72.9909          437.43 
        1.01859         171.471         71.9852          434.69 
        1.02471         169.603         71.0001         432.302 
        1.03085         168.465         70.0302         430.831 
        1.03698         167.522         69.0805           429.1 
        1.04314           167.1         68.1442         425.571 
        1.04929         166.492          67.227         422.131 
        1.05541         164.766         66.3297         419.711 
        1.06154         163.503         65.4464         417.619 
        1.06769         162.076         64.5783         414.608 
        1.07382         160.728         63.7301         411.904 
        1.07993         159.879         62.9005         410.011 
        1.08607         158.937         62.0832         407.479 
        1.09222         157.272         61.2799         405.191 
        1.09836         156.464         60.4912         403.296 
        1.10449         155.066         59.7167         401.712 
        1.11063         154.329         58.9542         398.537 
        1.11677         153.341         58.2047         396.423 
         1.1229         151.809         57.4691         393.804 
        1.12903         151.527         56.7453          392.03 
        1.13518         150.658         56.0336         388.783 
        1.14131         149.538          55.335         387.644 
        1.14745         148.993         54.6494         384.581 
        1.15359         147.562         53.9759         383.382 
        1.15973         147.054          53.314         381.089 
        1.16584         146.054         52.6667         379.054 
        1.17197         145.395         52.0295         377.377 
        1.17811         144.524         51.4006         374.629 
        1.18424         144.005         50.7833         372.402 
        1.19038         142.572         50.1735          371.22 
        1.19652         141.952         49.5734         368.291 
        1.20267         141.006         48.9833         366.436 
        1.20881         139.921         48.4039         364.926 
        1.21495         139.239         47.8363         362.286 
        1.22108         139.021         47.2789         359.992 
         1.2272         137.418         46.7319         359.043 
        1.23334         137.151         46.1919         356.657 
        1.23949         136.068         45.6581         354.756 
        1.24562         135.192         45.1334         352.657 
        1.25174         135.011         44.6172         351.084 
        1.25789         133.471         44.1075         348.822 
        1.26402         133.046         43.6069         347.609 
        1.27014         132.305         43.1155         345.363 
        1.27628         131.617         42.6304         344.248 
        1.28244         131.254         42.1518         342.606 
        1.28858         130.181         41.6809         340.478 
        1.29471         129.784         41.2183         337.991 
        1.30084          129.34         40.7632         335.917 
        1.30697         128.604         40.3146         334.856 
        1.31312         127.446         39.8726         333.135 
        1.31925         126.995          39.439         331.159 
        1.32537         126.036         39.0126          329.19 
        1.33151         125.309         38.5911         327.926 
        1.33765         124.534         38.1759         326.362 
        1.34378          124.08         37.7675         324.073 
        1.34992         123.494         37.3645         322.575 
        1.35606          123.09         36.9663         320.656 
         1.3622         122.156         36.5745         319.517 
        1.36833         121.964         36.1891         318.305 
        1.37445         121.035         35.8094         315.793 
        1.38059          120.34          35.434         314.721 
        1.38675         119.887         35.0633         313.396 
        1.39288         119.168         34.6997         311.251 
        1.39901         118.582         34.3416         309.548 
        1.40515         118.248          33.988         308.017 
         1.4113         117.426         33.6394         306.267 
        1.41742         116.947         33.2967          304.59 
        1.42355         116.392         32.9578         303.438 
         1.4297         115.516         32.6223         301.328 
        1.43585         115.092         32.2915         300.584 
        1.44198         114.513         31.9668         298.765 
        1.44809         114.315         31.6477         297.196 
        1.45423          113.71         31.3323         295.329 
        1.46036         113.075         31.0223         294.105 
        1.46649         112.219         30.7165         292.844 
        1.47263         112.218         30.4145         291.054 
        1.47877         111.768         30.1163         289.253 
        1.48491         110.835         29.8212         287.663 
        1.49104          110.35         29.5304         286.676 
        1.49718         110.001          29.243         285.836 
        1.50333         109.587         28.9588         283.551 
        1.50947         109.216         28.6791         282.096 
         1.5156         108.777         28.4036         281.309 
        1.52172         108.036          28.132         279.836 
        1.52787         107.296         27.8635         278.436 
          1.534         107.361         27.5991         276.889 
        1.54013         106.338         27.3387         275.619 
        1.54627         106.669         27.0814         274.639 
        1.55241         105.488         26.8275         273.375 
        1.55855         105.452         26.5771         271.725 
        1.56467         105.259         26.3303         270.203 
         1.5708         104.404         26.0858         268.894 
