0.00783031 3183.65
0.013688 -1232.85
0.019231 58.9441
0.0249154 -1185.69
0.0312784 304.135
0.0375637 -695.535
0.0433917 35.1336
0.0492413 -159.506
0.0555754 -683.017
0.0619321 -401.873
0.067871 17.3151
0.0738098 -176.538
0.0800417 -217.537
0.0862327 -242.465
0.0921407 -283.146
0.0982031 -165.36
0.104506 -158.539
0.110769 -242.933
0.116806 -246.524
0.122832 -233.154
0.129052 -268.56
0.135211 -228.645
0.141259 -203.712
0.147318 -236.535
0.153489 -220.768
0.159709 -240.003
0.165845 -214.546
0.171974 -220.825
0.178125 -222.445
0.184229 -213.202
0.19034 -213.95
0.196428 -174.267
0.202534 -175.142
0.208729 -196.62
0.214876 -171.784
0.220989 -166.551
0.227147 -172.602
0.23329 -177.439
0.239377 -158.329
0.245482 -150.33
0.251667 -159.545
0.257832 -156.879
0.263955 -145.745
0.270079 -147.13
0.27624 -151.657
0.282372 -135.065
0.28843 -135.61
0.294538 -133.715
0.300721 -130.402
0.30691 -132.716
0.313033 -130.189
0.319153 -128.891
0.325316 -121.812
0.33145 -122.074
0.337538 -118.319
0.343633 -124.158
0.349808 -117.063
0.355968 -111.455
0.362074 -116.588
0.368217 -110.337
0.374374 -108.678
0.380519 -104.193
0.386598 -102.187
0.392688 -100.366
0.39888 -99.5768
0.405048 -98.8076
0.411186 -98.7191
0.417313 -96.4488
0.423458 -90.7477
0.429607 -93.9974
0.435692 -91.2475
0.441815 -89.5345
0.447964 -88.9828
0.454126 -84.614
0.460267 -84.568
0.466387 -82.6568
0.47254 -78.2733
0.478662 -81.3194
0.484765 -76.6598
0.490885 -76.0157
0.497035 -75.6019
0.503198 -72.113
0.509342 -74.011
0.515458 -72.2526
0.521598 -71.1986
0.527764 -71.9173
0.533884 -64.7724
0.54 -66.2484
0.546137 -65.6579
0.552299 -66.0789
0.558452 -64.3604
0.564573 -63.383
0.570708 -60.6887
0.576825 -61.3311
0.582926 -59.2947
0.589034 -58.7055
0.595184 -58.6052
0.601379 -56.6722
0.607522 -54.3131
0.613639 -55.132
0.619772 -54.1542
0.625918 -51.1154
0.632068 -51.6411
0.638161 -52.2542
0.6443 -52.1406
0.650464 -50.3367
0.656582 -48.3129
0.662703 -48.5169
0.668861 -48.5595
0.675024 -46.5288
0.681124 -45.4565
0.687237 -45.2908
0.693381 -44.5093
0.699536 -42.7848
0.705665 -43.0115
0.711789 -41.8315
0.717957 -41.1018
0.72409 -40.5659
0.730186 -40.3483
0.736317 -39.998
0.742472 -39.0009
0.748622 -38.9895
0.75476 -37.4914
0.760888 -36.7039
0.767043 -37.0802
0.773185 -35.6729
0.779291 -35.3837
0.785407 -34.3881
0.791564 -34.8264
0.797719 -34.0076
0.803834 -33.891
0.809972 -33.1236
0.816124 -32.2703
0.822261 -32.052
0.828378 -31.2341
0.834502 -29.9477
0.840667 -29.7614
0.846816 -29.7816
0.852925 -29.4825
0.859047 -28.4965
0.865192 -28.3207
0.871341 -27.4038
0.877463 -27.2129
0.883569 -27.0436
0.889708 -26.781
0.895864 -26.4755
0.902008 -25.9032
0.908149 -25.6517
0.914301 -25.998
0.920448 -24.7393
0.926574 -24.8313
0.932687 -25.0208
0.938823 -24.0258
0.944975 -23.9735
0.951105 -22.9362
0.957225 -23.5723
0.963368 -23.176
0.969511 -22.5962
0.975621 -22.2374
0.981748 -22.9331
0.987916 -22.1572
0.99406 -21.7874
1.00019 -20.7591
1.00632 -21.59
1.01246 -21.1023
1.01859 -20.0446
1.02471 -19.9068
1.03085 -20.3121
1.03698 -20.2415
1.04314 -19.6854
1.04929 -20.065
1.05541 -19.4792
1.06154 -19.3045
1.06769 -19.2576
1.07382 -19.2744
1.07993 -18.6258
1.08607 -18.574
1.09222 -18.1912
1.09836 -17.8391
1.10449 -18.137
1.11063 -17.7243
1.11677 -17.4378
1.1229 -17.5958
1.12903 -17.0811
1.13518 -17.0641
1.14131 -17.3163
1.14745 -16.815
1.15359 -16.5794
1.15973 -16.4729
1.16584 -16.6348
1.17197 -16.1678
1.17811 -16.7297
1.18424 -17.0137
1.19038 -16.0243
1.19652 -15.918
1.20267 -15.5258
1.20881 -15.508
1.21495 -16.0163
1.22108 -15.1939
1.2272 -15.649
1.23334 -15.0028
1.23949 -15.1581
1.24562 -15.0765
1.25174 -14.9462
1.25789 -14.5685
1.26402 -14.3238
1.27014 -14.4545
1.27628 -14.848
1.28244 -14.6863
1.28858 -14.1331
1.29471 -13.923
1.30084 -14.1049
1.30697 -14.0462
1.31312 -14.2761
1.31925 -13.8561
1.32537 -13.9881
1.33151 -13.4248
1.33765 -13.3629
1.34378 -13.3782
1.34992 -13.3327
1.35606 -13.4958
1.3622 -13.1027
1.36833 -13.4522
1.37445 -13.1626
1.38059 -13.1336
1.38675 -13.1822
1.39288 -12.7973
1.39901 -12.811
1.40515 -12.717
1.4113 -12.6617
1.41742 -12.8766
1.42355 -12.0633
1.4297 -12.4366
1.43585 -12.0505
1.44198 -12.4471
1.44809 -12.2692
1.45423 -12.1689
1.46036 -12.2444
1.46649 -11.7441
1.47263 -12.0162
1.47877 -11.9791
1.48491 -11.6156
1.49104 -11.619
1.49718 -11.9374
1.50333 -11.3427
1.50947 -11.8067
1.5156 -11.5164
1.52172 -11.4393
1.52787 -11.2172
1.534 -11.5331
1.54013 -11.211
1.54627 -11.237
1.55241 -11.1235
1.55855 -11.0212
1.56467 -10.7732
1.5708 -10.5551
