0.00783031 -1242.83
0.013688 -2477.17
0.019231 640.776
0.0249154 -62.2341
0.0312784 -259.695
0.0375637 -601.985
0.0433917 -712.791
0.0492413 -532.325
0.0555754 -106.086
0.0619321 -217.944
0.067871 -256.949
0.0738098 -174.763
0.0800417 -217.797
0.0862327 -156.617
0.0921407 -127.573
0.0982031 -249.864
0.104506 -230.847
0.110769 -229.378
0.116806 -233.919
0.122832 -227.568
0.129052 -237.137
0.135211 -211.504
0.141259 -201.593
0.147318 -185.47
0.153489 -212.326
0.159709 -126.542
0.165845 -221.065
0.171974 -183.492
0.178125 -204.829
0.184229 -178.796
0.19034 -179.177
0.196428 -203.375
0.202534 -167.476
0.208729 -166.661
0.214876 -167.44
0.220989 -167.285
0.227147 -173.091
0.23329 -170.313
0.239377 -169.898
0.245482 -137.119
0.251667 -154.077
0.257832 -147.366
0.263955 -149.632
0.270079 -148.558
0.27624 -158.505
0.282372 -153.403
0.28843 -136.358
0.294538 -146.625
0.300721 -142.588
0.30691 -141.354
0.313033 -142.209
0.319153 -142.209
0.325316 -134.162
0.33145 -135.57
0.337538 -137.486
0.343633 -137.658
0.349808 -131.299
0.355968 -136.989
0.362074 -128.168
0.368217 -128.281
0.374374 -122.246
0.380519 -130.619
0.386598 -123.861
0.392688 -124.51
0.39888 -118.179
0.405048 -119.158
0.411186 -117.631
0.417313 -112.829
0.423458 -118.862
0.429607 -117.585
0.435692 -113.973
0.441815 -114.214
0.447964 -112.651
0.454126 -112.601
0.460267 -108.156
0.466387 -111.842
0.47254 -108.048
0.478662 -108.356
0.484765 -107.613
0.490885 -106.436
0.497035 -103.412
0.503198 -103.095
0.509342 -105.205
0.515458 -104.386
0.521598 -101.914
0.527764 -102.979
0.533884 -99.1353
0.54 -100.799
0.546137 -97.9918
0.552299 -95.9083
0.558452 -96.9254
0.564573 -96.3273
0.570708 -93.9556
0.576825 -97.0953
0.582926 -94.1985
0.589034 -94.3699
0.595184 -93.6838
0.601379 -92.1692
0.607522 -90.4781
0.613639 -89.22
0.619772 -88.4243
0.625918 -89.1456
0.632068 -88.5556
0.638161 -87.0054
0.6443 -86.9508
0.650464 -88.8978
0.656582 -85.2871
0.662703 -83.8354
0.668861 -85.3017
0.675024 -84.5653
0.681124 -83.5487
0.687237 -82.0211
0.693381 -82.0422
0.699536 -81.2921
0.705665 -82.0153
0.711789 -80.1511
0.717957 -82.453
0.72409 -80.3756
0.730186 -78.8187
0.736317 -81.4475
0.742472 -79.7192
0.748622 -78.1249
0.75476 -78.1088
0.760888 -78.6176
0.767043 -77.4481
0.773185 -75.0722
0.779291 -75.5971
0.785407 -75.4004
0.791564 -74.7401
0.797719 -75.0058
0.803834 -73.1438
0.809972 -73.9055
0.816124 -73.0705
0.822261 -72.6105
0.828378 -71.3296
0.834502 -71.3762
0.840667 -71.3942
0.846816 -71.9014
0.852925 -70.367
0.859047 -69.8503
0.865192 -70
0.871341 -70.0893
0.877463 -68.6223
0.883569 -68.5854
0.889708 -68.2422
0.895864 -67.4397
0.902008 -66.7976
0.908149 -66.7316
0.914301 -65.789
0.920448 -65.8957
0.926574 -65.061
0.932687 -65.273
0.938823 -64.291
0.944975 -64.2682
0.951105 -63.6563
0.957225 -63.7797
0.963368 -62.9534
0.969511 -63.127
0.975621 -62.3967
0.981748 -61.7959
0.987916 -61.3171
0.99406 -60.761
1.00019 -61.2255
1.00632 -61.0486
1.01246 -60.5958
1.01859 -60.1326
1.02471 -59.6521
1.03085 -58.8163
1.03698 -59.0393
1.04314 -58.742
1.04929 -58.161
1.05541 -57.5444
1.06154 -57.4192
1.06769 -57.4839
1.07382 -56.4693
1.07993 -56.9137
1.08607 -55.6429
1.09222 -55.5856
1.09836 -54.8892
1.10449 -54.5726
1.11063 -54.4825
1.11677 -54.1758
1.1229 -54.0619
1.12903 -53.4875
1.13518 -53.806
1.14131 -52.2031
1.14745 -52.4461
1.15359 -52.197
1.15973 -51.9947
1.16584 -52.1796
1.17197 -51.4145
1.17811 -51.2978
1.18424 -50.5238
1.19038 -50.7337
1.19652 -50.1443
1.20267 -49.8956
1.20881 -49.7364
1.21495 -49.1098
1.22108 -49.0305
1.2272 -49.2707
1.23334 -48.2096
1.23949 -48.2207
1.24562 -47.6634
1.25174 -47.5324
1.25789 -47.5316
1.26402 -46.8496
1.27014 -46.4605
1.27628 -46.2198
1.28244 -46.4284
1.28858 -46.1712
1.29471 -45.6069
1.30084 -45.2935
1.30697 -44.8461
1.31312 -44.8533
1.31925 -44.4907
1.32537 -44.3224
1.33151 -43.7565
1.33765 -44.1233
1.34378 -43.678
1.34992 -43.4149
1.35606 -42.8081
1.3622 -42.9325
1.36833 -42.1902
1.37445 -42.2239
1.38059 -41.9445
1.38675 -41.4651
1.39288 -41.2127
1.39901 -41.3702
1.40515 -41.1843
1.4113 -40.792
1.41742 -40.5691
1.42355 -40.3672
1.4297 -40.1496
1.43585 -39.4348
1.44198 -39.7024
1.44809 -39.0209
1.45423 -38.9112
1.46036 -38.6969
1.46649 -38.2408
1.47263 -38.5434
1.47877 -37.9803
1.48491 -38.03
1.49104 -37.6508
1.49718 -37.4897
1.50333 -37.3009
1.50947 -37.0479
1.5156 -36.7584
1.52172 -36.7541
1.52787 -36.4048
1.534 -36.1656
1.54013 -35.8057
1.54627 -35.8448
1.55241 -35.5538
1.55855 -35.2631
1.56467 -35.2768
1.5708 -34.8039
