#  k  (h/Mpc)          P(k)  (Mpc/h)^3     P_linear(k)   P_NL(k) (Mpc/h)^3
     0.00783031         20383.6         20513.5           20402 
       0.013688           25159         25365.8         25170.4 
       0.019231         25570.5         25635.4         25378.2 
      0.0249154         23183.8         23617.7         23341.1 
      0.0312784         19867.7         20361.8         20072.2 
      0.0375637         16863.2         17287.6         17029.1 
      0.0433917         14839.9         15046.4         14768.3 
      0.0492413         13218.5         13439.5         13172.6 
      0.0555754         12034.9         12280.2         12034.8 
      0.0619321           10935         11423.3         11182.2 
       0.067871         10257.4         10674.3         10455.7 
      0.0738098         9250.65         9842.08         9530.37 
      0.0800417         8534.87         8856.08         8604.23 
      0.0862327         7643.76         7841.33          7739.8 
      0.0921407         6741.29         6940.55         6884.81 
      0.0982031         6164.09         6164.83         6243.98 
       0.104506          5620.6         5561.75         5737.32 
       0.110769            5241         5155.89         5263.08 
       0.116806         4893.14         4889.47         4964.46 
       0.122832         4728.73         4677.07         4752.13 
       0.129052         4446.17         4453.97         4522.27 
       0.135211         4234.67         4193.92         4269.83 
       0.141259         3979.89         3896.12         4050.54 
       0.147318         3593.01         3576.26         3807.16 
       0.153489         3449.71          3260.5         3472.32 
       0.159709         3260.85         2982.04         3265.67 
       0.165845         3029.14         2764.14         3130.37 
       0.171974         2846.29         2604.93         2961.41 
       0.178125         2782.04          2488.7         2879.78 
       0.184229         2657.92          2396.6         2743.09 
        0.19034          2548.8         2308.28         2640.78 
       0.196428         2470.43         2211.01            2533 
       0.202534         2395.12         2098.34         2448.32 
       0.208729         2291.18         1971.83          2315.9 
       0.214876         2165.06         1845.05         2253.38 
       0.220989         2100.68         1727.42         2179.44 
       0.227147         1992.88          1625.3         2105.71 
        0.23329         1916.72          1542.2         2040.86 
       0.239377         1903.41         1476.79         1962.14 
       0.245482         1790.26         1423.17         1881.11 
       0.251667         1741.59         1374.77          1839.5 
       0.257832         1717.27         1326.38         1781.24 
       0.263955         1638.25         1274.55         1732.73 
       0.270079          1603.7         1218.63         1683.96 
        0.27624         1576.19         1160.63         1632.19 
       0.282372         1510.32         1104.16         1604.22 
        0.28843         1465.04         1052.29         1569.55 
       0.294538          1441.2         1005.98         1521.93 
       0.300721         1388.76         965.772         1476.82 
        0.30691         1375.37         931.185         1457.29 
       0.313033          1316.8         900.669         1412.21 
       0.319153         1294.36         871.904         1373.99 
       0.325316         1262.56         843.127         1354.28 
        0.33145         1244.84         813.802         1308.65 
       0.337538         1213.07         783.968         1289.04 
       0.343633         1194.27         754.209         1273.23 
       0.349808         1157.45         725.137         1252.72 
       0.355968         1136.77         698.007         1228.96 
       0.362074         1106.64         673.396         1205.73 
       0.368217         1097.94         651.053         1177.75 
       0.374374         1055.59         630.664         1155.05 
       0.380519         1048.01         611.687         1134.08 
       0.386598         1027.45         593.734         1119.14 
       0.392688         1005.13         576.093         1099.03 
        0.39888          987.79         558.266         1080.83 
       0.405048         961.584         540.636         1062.65 
       0.411186         956.467         523.443         1045.26 
       0.417313         933.207         506.946         1032.01 
       0.423458         914.432         491.257         1012.47 
       0.429607         902.338         476.511         996.142 
       0.435692         885.278         462.871         974.373 
       0.441815         879.248          450.01         971.353 
       0.447964         858.926         437.712         961.022 
       0.454126         843.813         425.821         934.613 
       0.460267         828.271         414.316         932.964 
       0.466387         815.673         403.106         917.372 
        0.47254         801.081         392.064         904.495 
       0.478662         797.317          381.36         891.387 
       0.484765         784.111         371.082         882.092 
       0.490885         770.199         361.225         865.542 
       0.497035         760.731         351.758         858.122 
       0.503198         749.171         342.709         848.092 
       0.509342         730.078         334.099         833.605 
       0.515458         726.964         325.875         827.949 
       0.521598         720.161         317.898         819.807 
       0.527764         702.758         310.109         812.946 
       0.533884         694.776         302.587         804.268 
           0.54         687.482         295.284         794.874 
       0.546137         679.681         288.166         786.409 
       0.552299         665.549         281.241         775.648 
       0.558452         660.622         274.572         769.557 
       0.564573         655.289         268.183         762.401 
       0.570708         641.379         262.019         752.148 
       0.576825         635.863         256.088         743.076 
       0.582926         620.001         250.362         738.298 
       0.589034         621.727           244.8         728.032 
       0.595184         610.512         239.361         720.603 
       0.601379         603.244         234.048         714.925 
       0.607522         599.534         228.943         704.237 
       0.613639         586.397         224.008         701.679 
       0.619772         581.586         219.199         699.531 
       0.625918          571.08         214.523           690.2 
       0.632068         563.358         209.989         686.291 
       0.638161          560.85          205.63         676.345 
         0.6443         552.175         201.363         670.277 
       0.650464         546.648         197.204         662.339 
       0.656582         540.154         193.195         658.243 
       0.662703         531.273         189.299         653.513 
       0.668861         527.325         185.491         650.291 
       0.675024         522.628         181.786         645.456 
       0.681124         517.057         178.221         636.687 
       0.687237         511.423         174.746         631.235 
       0.693381          503.95         171.349         625.446 
       0.699536         497.708         168.039         621.256 
       0.705665         495.173         164.831         613.993 
       0.711789         486.787         161.707         609.356 
       0.717957         483.529         158.644         608.165 
        0.72409         478.173         155.679         602.232 
       0.730186         469.764          152.81         595.922 
       0.736317         468.507         150.001         592.075 
       0.742472         463.341         147.254         588.343 
       0.748622         458.969         144.576          582.11 
        0.75476         453.888         141.968         582.029 
       0.760888         448.323         139.429           575.8 
       0.767043         441.582         136.944         568.615 
       0.773185         434.857         134.528         565.263 
       0.779291         431.499         132.185         560.659 
       0.785407         430.249         129.892         557.459 
       0.791564          423.92         127.639         555.564 
       0.797719         419.249         125.442         550.541 
       0.803834         414.987         123.312         546.859 
       0.809972         408.417         121.224         543.072 
       0.816124         405.982         119.178         537.397 
       0.822261         402.368         117.186         534.604 
       0.828378         397.545         115.246         530.669 
       0.834502          394.84         113.351         528.875 
       0.840667         388.943         111.487         524.891 
       0.846816         386.938         109.669         520.762 
       0.852925         381.217         107.902         517.784 
       0.859047         376.666          106.17         513.104 
       0.865192          375.06          104.47         510.016 
       0.871341         368.742         102.807         506.384 
       0.877463         366.343         101.188         503.432 
       0.883569         362.116           99.61          501.27 
       0.889708         357.928         98.0585         496.524 
       0.895864         355.792         96.5361         493.723 
       0.902008         350.316         95.0488         490.433 
       0.908149         346.708         93.5935         485.377 
       0.914301         343.803         92.1665         481.772 
       0.920448         342.088         90.7712         480.905 
       0.926574         336.688         89.4101         477.962 
       0.932687         336.206         88.0802         473.294 
       0.938823         329.208         86.7728         471.922 
       0.944975         326.367         85.4889         469.073 
       0.951105         324.064         84.2354         465.903 
       0.957225         321.578          83.009         462.655 
       0.963368         318.043         81.8028         459.815 
       0.969511         314.625         80.6209         456.807 
       0.975621         311.439         79.4694         454.319 
       0.981748         308.446          78.338          451.84 
       0.987916          304.94         77.2216         449.355 
        0.99406           301.2         76.1311         446.431 
        1.00019         299.029         75.0638         442.652 
        1.00632         296.218          74.018         440.061 
        1.01246         294.847         72.9909          437.43 
        1.01859         290.423         71.9852          434.69 
        1.02471         288.548         71.0001         432.302 
        1.03085         284.391         70.0302         430.831 
        1.03698         282.364         69.0805           429.1 
        1.04314         279.141         68.1442         425.571 
        1.04929         277.016          67.227         422.131 
        1.05541         272.719         66.3297         419.711 
        1.06154         271.028         65.4464         417.619 
        1.06769         269.619         64.5783         414.608 
        1.07382         265.581         63.7301         411.904 
        1.07993         262.754         62.9005         410.011 
        1.08607         260.371         62.0832         407.479 
        1.09222         258.534         61.2799         405.191 
        1.09836         255.493         60.4912         403.296 
        1.10449         251.996         59.7167         401.712 
        1.11063         251.054         58.9542         398.537 
        1.11677         248.845         58.2047         396.423 
         1.1229         244.922         57.4691         393.804 
        1.12903         243.656         56.7453          392.03 
        1.13518         241.554         56.0336         388.783 
        1.14131         239.319          55.335         387.644 
        1.14745         235.464         54.6494         384.581 
        1.15359         233.827         53.9759         383.382 
        1.15973         231.439          53.314         381.089 
        1.16584         230.024         52.6667         379.054 
        1.17197         227.539         52.0295         377.377 
        1.17811         226.502         51.4006         374.629 
        1.18424         222.631         50.7833         372.402 
        1.19038         221.156         50.1735          371.22 
        1.19652         217.696         49.5734         368.291 
        1.20267         216.434         48.9833         366.436 
        1.20881         214.713         48.4039         364.926 
        1.21495         212.161         47.8363         362.286 
        1.22108         209.457         47.2789         359.992 
         1.2272         208.445         46.7319         359.043 
        1.23334         206.366         46.1919         356.657 
        1.23949         204.915         45.6581         354.756 
        1.24562         202.773         45.1334         352.657 
        1.25174         200.075         44.6172         351.084 
        1.25789         199.206         44.1075         348.822 
        1.26402         197.194         43.6069         347.609 
        1.27014         195.055         43.1155         345.363 
        1.27628         193.117         42.6304         344.248 
        1.28244         191.525         42.1518         342.606 
        1.28858         189.955         41.6809         340.478 
        1.29471         187.875         41.2183         337.991 
        1.30084          185.85         40.7632         335.917 
        1.30697         183.915         40.3146         334.856 
        1.31312         182.236         39.8726         333.135 
        1.31925          180.88          39.439         331.159 
        1.32537         178.628         39.0126          329.19 
        1.33151         177.008         38.5911         327.926 
        1.33765         175.254         38.1759         326.362 
        1.34378         174.191         37.7675         324.073 
        1.34992          172.28         37.3645         322.575 
        1.35606         170.723         36.9663         320.656 
         1.3622         169.477         36.5745         319.517 
        1.36833         167.105         36.1891         318.305 
        1.37445         165.768         35.8094         315.793 
        1.38059         164.049          35.434         314.721 
        1.38675         163.272         35.0633         313.396 
        1.39288         161.161         34.6997         311.251 
        1.39901          159.69         34.3416         309.548 
        1.40515         158.486          33.988         308.017 
         1.4113         156.939         33.6394         306.267 
        1.41742         155.246         33.2967          304.59 
        1.42355         154.124         32.9578         303.438 
         1.4297         152.469         32.6223         301.328 
        1.43585         151.383         32.2915         300.584 
        1.44198         149.828         31.9668         298.765 
        1.44809         148.075         31.6477         297.196 
        1.45423         146.684         31.3323         295.329 
        1.46036         145.547         31.0223         294.105 
        1.46649         143.942         30.7165         292.844 
        1.47263         142.881         30.4145         291.054 
        1.47877         141.345         30.1163         289.253 
        1.48491         140.265         29.8212         287.663 
        1.49104         139.181         29.5304         286.676 
        1.49718         137.476          29.243         285.836 
        1.50333         136.608         28.9588         283.551 
        1.50947           135.1         28.6791         282.096 
         1.5156         134.058         28.4036         281.309 
        1.52172         133.031          28.132         279.836 
        1.52787         131.404         27.8635         278.436 
          1.534         130.579         27.5991         276.889 
        1.54013           129.4         27.3387         275.619 
        1.54627         128.342         27.0814         274.639 
        1.55241         127.145         26.8275         273.375 
        1.55855         126.063         26.5771         271.725 
        1.56467         124.539         26.3303         270.203 
         1.5708         123.291         26.0858         268.894 
