0.00783031 -184.415
0.013688 -230.431
0.019231 -239.297
0.0249154 -221.955
0.0312784 -203.906
0.0375637 -178.313
0.0433917 -166.335
0.0492413 -153.368
0.0555754 -153.415
0.0619321 -149.5
0.067871 -147.681
0.0738098 -143.68
0.0800417 -142.02
0.0862327 -136.271
0.0921407 -128.588
0.0982031 -127.495
0.104506 -124.43
0.110769 -122.06
0.116806 -123.238
0.122832 -126.882
0.129052 -128.601
0.135211 -126.846
0.141259 -126.564
0.147318 -121.209
0.153489 -124.103
0.159709 -120.345
0.165845 -120.587
0.171974 -120.019
0.178125 -122.171
0.184229 -122.073
0.19034 -123.234
0.196428 -124.546
0.202534 -125.485
0.208729 -125.764
0.214876 -123.319
0.220989 -124.19
0.227147 -122.335
0.23329 -121.457
0.239377 -125.847
0.245482 -122.254
0.251667 -122.909
0.257832 -124.941
0.263955 -123.834
0.270079 -125.477
0.27624 -126.345
0.282372 -125.757
0.28843 -124.065
0.294538 -126.482
0.300721 -124.693
0.30691 -126.546
0.313033 -127.9
0.319153 -128.204
0.325316 -127.004
0.33145 -128.204
0.337538 -128.899
0.343633 -130.267
0.349808 -127.497
0.355968 -130.107
0.362074 -128.728
0.368217 -128.937
0.374374 -128.003
0.380519 -129.419
0.386598 -129.117
0.392688 -128.588
0.39888 -131.133
0.405048 -129.387
0.411186 -131.499
0.417313 -130.69
0.423458 -129.564
0.429607 -131.384
0.435692 -130.328
0.441815 -131.331
0.447964 -130.234
0.454126 -131.703
0.460267 -131.422
0.466387 -131.728
0.47254 -130.194
0.478662 -132.7
0.484765 -132.25
0.490885 -132.243
0.497035 -131.525
0.503198 -132.377
0.509342 -131.641
0.515458 -131.941
0.521598 -131.753
0.527764 -131.694
0.533884 -130.999
0.54 -131.087
0.546137 -132.447
0.552299 -132.284
0.558452 -133.881
0.564573 -133.548
0.570708 -132.93
0.576825 -133.751
0.582926 -132.047
0.589034 -134.676
0.595184 -133.63
0.601379 -133.893
0.607522 -133.394
0.613639 -129.91
0.619772 -132.83
0.625918 -132.288
0.632068 -133.64
0.638161 -132.285
0.6443 -132.397
0.650464 -133.481
0.656582 -133.341
0.662703 -133.187
0.668861 -133.755
0.675024 -132.162
0.681124 -132.355
0.687237 -132.985
0.693381 -131.92
0.699536 -132.994
0.705665 -132.894
0.711789 -131.793
0.717957 -133.138
0.72409 -133.111
0.730186 -132.863
0.736317 -134.76
0.742472 -133.652
0.748622 -134.179
0.75476 -134.716
0.760888 -134.163
0.767043 -133.431
0.773185 -131.721
0.779291 -132.478
0.785407 -134.264
0.791564 -133.032
0.797719 -133.137
0.803834 -133.523
0.809972 -132.678
0.816124 -130.842
0.822261 -132.935
0.828378 -133.656
0.834502 -132.193
0.840667 -132.137
0.846816 -133.582
0.852925 -132.328
0.859047 -132.485
0.865192 -132.903
0.871341 -132.496
0.877463 -131.66
0.883569 -132.588
0.889708 -132.13
0.895864 -132.791
0.902008 -131.812
0.908149 -130.791
0.914301 -132.122
0.920448 -132.682
0.926574 -130.803
0.932687 -132.304
0.938823 -131.297
0.944975 -132.167
0.951105 -131.205
0.957225 -132.115
0.963368 -132.462
0.969511 -132.85
0.975621 -130.785
0.981748 -131.925
0.987916 -130.807
0.99406 -131.084
1.00019 -131.126
1.00632 -131.514
1.01246 -131.285
1.01859 -131.781
1.02471 -130.79
1.03085 -131.06
1.03698 -130.692
1.04314 -131.503
1.04929 -130.623
1.05541 -129.955
1.06154 -130.678
1.06769 -130.866
1.07382 -130.59
1.07993 -130.11
1.08607 -129.821
1.09222 -130.218
1.09836 -129.783
1.10449 -129.073
1.11063 -129.971
1.11677 -130.175
1.1229 -128.822
1.12903 -129.897
1.13518 -129.905
1.14131 -128.932
1.14745 -128.59
1.15359 -128.581
1.15973 -128.703
1.16584 -128.899
1.17197 -129.291
1.17811 -128.654
1.18424 -127.351
1.19038 -128.354
1.19652 -127.427
1.20267 -128.091
1.20881 -128.697
1.21495 -128.119
1.22108 -127.279
1.2272 -127.985
1.23334 -127.319
1.23949 -127.752
1.24562 -127.705
1.25174 -127.191
1.25789 -127.58
1.26402 -127.639
1.27014 -127.296
1.27628 -127.192
1.28244 -126.593
1.28858 -126.598
1.29471 -127.127
1.30084 -126.538
1.30697 -126.401
1.31312 -126.433
1.31925 -126.812
1.32537 -125.94
1.33151 -125.288
1.33765 -125.542
1.34378 -125.84
1.34992 -125.667
1.35606 -125.364
1.3622 -125.806
1.36833 -125.18
1.37445 -125.354
1.38059 -124.54
1.38675 -124.356
1.39288 -124.109
1.39901 -124.168
1.40515 -124.525
1.4113 -123.841
1.41742 -123.17
1.42355 -123.972
1.4297 -123.722
1.43585 -123.334
1.44198 -122.836
1.44809 -122.758
1.45423 -122.549
1.46036 -122.334
1.46649 -122.243
1.47263 -122.944
1.47877 -121.894
1.48491 -121.547
1.49104 -121.573
1.49718 -121.159
1.50333 -122.592
1.50947 -121.46
1.5156 -121.214
1.52172 -121.02
1.52787 -120.621
1.534 -121.108
1.54013 -120.807
1.54627 -120.422
1.55241 -120.605
1.55855 -120.395
1.56467 -120.019
1.5708 -119.349
