0.00783031 20785
0.013688 25645
0.019231 26073.5
0.0249154 23689.4
0.0312784 20372
0.0375637 17334.2
0.0433917 15338.4
0.0492413 13706.8
0.0555754 12592.8
0.0619321 11477.6
0.067871 10801.3
0.0738098 9798.69
0.0800417 9107.95
0.0862327 8191.84
0.0921407 7289.24
0.0982031 6722.13
0.104506 6183.78
0.110769 5804.09
0.116806 5428.91
0.122832 5283
0.129052 4993.46
0.135211 4790.58
0.141259 4536
0.147318 4130.68
0.153489 3993.27
0.159709 3805.02
0.165845 3546.54
0.171974 3356.38
0.178125 3309.41
0.184229 3179.78
0.19034 3069.02
0.196428 2985.99
0.202534 2905.03
0.208729 2800.17
0.214876 2658.98
0.220989 2596.14
0.227147 2485.54
0.23329 2392.82
0.239377 2390.44
0.245482 2266.71
0.251667 2216.53
0.257832 2200.92
0.263955 2108.68
0.270079 2073.64
0.27624 2051.14
0.282372 1974.26
0.28843 1921.58
0.294538 1904.96
0.300721 1842.49
0.30691 1832.44
0.313033 1765.35
0.319153 1739.55
0.325316 1704.97
0.33145 1690.58
0.337538 1655.24
0.343633 1636.19
0.349808 1587.69
0.355968 1569.46
0.362074 1535.69
0.368217 1527.53
0.374374 1472.94
0.380519 1469.4
0.386598 1445.42
0.392688 1420.99
0.39888 1401.48
0.405048 1371.59
0.411186 1368.03
0.417313 1339.55
0.423458 1316.79
0.429607 1305.5
0.435692 1281.46
0.441815 1281.42
0.447964 1255.17
0.454126 1237.88
0.460267 1217.8
0.466387 1203.79
0.47254 1185.61
0.478662 1183.69
0.484765 1166.97
0.490885 1150.07
0.497035 1139.88
0.503198 1126.04
0.509342 1100.3
0.515458 1098.95
0.521598 1092.45
0.527764 1067.95
0.533884 1059.12
0.54 1050.46
0.546137 1042.45
0.552299 1024.46
0.558452 1018.57
0.564573 1013.3
0.570708 993.476
0.576825 989.042
0.582926 966.291
0.589034 971.12
0.595184 955.45
0.601379 947.507
0.607522 943.505
0.613639 924.833
0.619772 920.522
0.625918 905.469
0.632068 895.759
0.638161 892.771
0.6443 881.679
0.650464 874.908
0.656582 865.971
0.662703 854.136
0.668861 849.849
0.675024 844.301
0.681124 837.758
0.687237 829.427
0.693381 819.742
0.699536 811.5
0.705665 808.408
0.711789 796.895
0.717957 793.531
0.72409 786.131
0.730186 774.058
0.736317 773.425
0.742472 766.761
0.748622 760.78
0.75476 754.379
0.760888 746.572
0.767043 736.681
0.773185 726.614
0.779291 722.511
0.785407 722.153
0.791564 713.517
0.797719 706.527
0.803834 700.903
0.809972 690.827
0.816124 687.641
0.822261 683.105
0.828378 676.233
0.834502 672.136
0.840667 664.367
0.846816 661.903
0.852925 653.192
0.859047 646.65
0.865192 645.036
0.871341 635.438
0.877463 632.478
0.883569 626.305
0.889708 619.676
0.895864 617.068
0.902008 609.293
0.908149 603.586
0.914301 599.77
0.920448 597.809
0.926574 589.168
0.932687 589.841
0.938823 578.235
0.944975 574.181
0.951105 571.044
0.957225 567.804
0.963368 562.593
0.969511 557.742
0.975621 552.691
0.981748 548.348
0.987916 542.966
0.99406 537.128
1.00019 534.106
1.00632 530.009
1.01246 528.232
1.01859 521.296
1.02471 518.687
1.03085 512.023
1.03698 509.111
1.04314 504.385
1.04929 501.273
1.05541 494.092
1.06154 491.826
1.06769 490.264
1.07382 483.365
1.07993 478.672
1.08607 475.202
1.09222 472.572
1.09836 467.624
1.10449 462.086
1.11063 460.853
1.11677 457.773
1.1229 450.985
1.12903 449.389
1.13518 446.129
1.14131 442.479
1.14745 436.19
1.15359 433.838
1.15973 429.704
1.16584 428.079
1.17197 423.912
1.17811 422.549
1.18424 415.704
1.19038 413.803
1.19652 407.846
1.20267 405.708
1.20881 403.288
1.21495 398.893
1.22108 394.431
1.2272 393.129
1.23334 389.532
1.23949 387.584
1.24562 384.104
1.25174 379.524
1.25789 378.281
1.26402 374.853
1.27014 371.104
1.27628 368.208
1.28244 365.404
1.28858 362.952
1.29471 359.488
1.30084 356.171
1.30697 352.647
1.31312 350.064
1.31925 348.118
1.32537 343.969
1.33151 341.1
1.33765 338.3
1.34378 336.484
1.34992 333.107
1.35606 330.684
1.3622 328.544
1.36833 324.346
1.37445 321.999
1.38059 319.222
1.38675 317.772
1.39288 314.181
1.39901 311.772
1.40515 309.757
1.4113 307.108
1.41742 303.882
1.42355 302.151
1.4297 299.193
1.43585 297.239
1.44198 294.377
1.44809 291.352
1.45423 288.902
1.46036 286.824
1.46649 284.089
1.47263 282.438
1.47877 279.438
1.48491 277.468
1.49104 275.696
1.49718 272.777
1.50333 271.494
1.50947 268.488
1.5156 266.698
1.52172 264.753
1.52787 261.959
1.534 260.524
1.54013 258.308
1.54627 256.192
1.55241 254.371
1.55855 252.234
1.56467 249.538
1.5708 247.209
