0.00783031 32.1479
0.013688 28.8841
0.019231 33.4986
0.0249154 16.5262
0.0312784 4.93428
0.0375637 -5.21318
0.0433917 -16.1164
0.0492413 -25.5696
0.0555754 -31.6964
0.0619321 -40.1119
0.067871 -48.4279
0.0738098 -62.0514
0.0800417 -63.62
0.0862327 -66.7137
0.0921407 -73.4248
0.0982031 -72.648
0.104506 -76.7342
0.110769 -83.0072
0.116806 -90.2027
0.122832 -89.2677
0.129052 -95.879
0.135211 -100.233
0.141259 -101.453
0.147318 -103.838
0.153489 -105.7
0.159709 -103.05
0.165845 -109.901
0.171974 -110.811
0.178125 -112.544
0.184229 -113.074
0.19034 -113.831
0.196428 -114.757
0.202534 -117.83
0.208729 -118.61
0.214876 -121.459
0.220989 -123.073
0.227147 -123.295
0.23329 -123.624
0.239377 -123.948
0.245482 -124.639
0.251667 -126.511
0.257832 -128.557
0.263955 -129.756
0.270079 -128.925
0.27624 -128.61
0.282372 -133.129
0.28843 -132.117
0.294538 -132.73
0.300721 -131.783
0.30691 -132.641
0.313033 -135.574
0.319153 -138.757
0.325316 -137.204
0.33145 -140.13
0.337538 -139.167
0.343633 -137.12
0.349808 -139.166
0.355968 -140.083
0.362074 -140.547
0.368217 -141.183
0.374374 -141.417
0.380519 -140.642
0.386598 -143.391
0.392688 -144.28
0.39888 -144.303
0.405048 -144.993
0.411186 -144.041
0.417313 -145.154
0.423458 -144.848
0.429607 -146.993
0.435692 -146.465
0.441815 -145.566
0.447964 -144.782
0.454126 -146.939
0.460267 -150.016
0.466387 -148.542
0.47254 -145.882
0.478662 -148.467
0.484765 -150.466
0.490885 -148.073
0.497035 -148.448
0.503198 -150.316
0.509342 -151.522
0.515458 -151.897
0.521598 -151.427
0.527764 -150.6
0.533884 -152.964
0.54 -152.107
0.546137 -151.797
0.552299 -155.072
0.558452 -151.91
0.564573 -153.645
0.570708 -154.064
0.576825 -154.398
0.582926 -153.343
0.589034 -152.633
0.595184 -154.048
0.601379 -153.734
0.607522 -154.741
0.613639 -155.017
0.619772 -155.994
0.625918 -156.954
0.632068 -154.478
0.638161 -155.184
0.6443 -154.943
0.650464 -156.33
0.656582 -156.459
0.662703 -156.002
0.668861 -157.797
0.675024 -157.111
0.681124 -158.74
0.687237 -158.485
0.693381 -158.561
0.699536 -159.533
0.705665 -157.038
0.711789 -158.6
0.717957 -158.434
0.72409 -158.346
0.730186 -158.077
0.736317 -159.371
0.742472 -160.087
0.748622 -159.912
0.75476 -158.427
0.760888 -160.301
0.767043 -160.968
0.773185 -160.596
0.779291 -159.917
0.785407 -160.204
0.791564 -159.463
0.797719 -161.097
0.803834 -162.164
0.809972 -161.784
0.816124 -160.854
0.822261 -160.376
0.828378 -161.322
0.834502 -162.854
0.840667 -161.203
0.846816 -161.181
0.852925 -160.904
0.859047 -161.639
0.865192 -162.612
0.871341 -164.302
0.877463 -161.505
0.883569 -164.348
0.889708 -161.583
0.895864 -162.03
0.902008 -162.428
0.908149 -164.204
0.914301 -162.31
0.920448 -163.951
0.926574 -164.37
0.932687 -164.022
0.938823 -163.615
0.944975 -162.714
0.951105 -165.044
0.957225 -165.261
0.963368 -164.545
0.969511 -163.012
0.975621 -164.659
0.981748 -164.233
0.987916 -164.762
0.99406 -165.532
1.00019 -162.227
1.00632 -163.598
1.01246 -164.508
1.01859 -163.626
1.02471 -163.681
1.03085 -163.259
1.03698 -164.103
1.04314 -163.891
1.04929 -164.358
1.05541 -164.459
1.06154 -164.93
1.06769 -164.948
1.07382 -164.716
1.07993 -164.049
1.08607 -164.304
1.09222 -164.728
1.09836 -164.951
1.10449 -164.63
1.11063 -163.554
1.11677 -164.434
1.1229 -165.575
1.12903 -163.484
1.13518 -164.195
1.14131 -163.982
1.14745 -164.464
1.15359 -164.906
1.15973 -164.559
1.16584 -163.246
1.17197 -163.458
1.17811 -162.94
1.18424 -165.212
1.19038 -164.355
1.19652 -163.783
1.20267 -163.236
1.20881 -163.974
1.21495 -163.173
1.22108 -163.761
1.2272 -163.885
1.23334 -162.769
1.23949 -163.504
1.24562 -162.531
1.25174 -164.113
1.25789 -162.735
1.26402 -164.269
1.27014 -163.481
1.27628 -163.324
1.28244 -162.469
1.28858 -162.558
1.29471 -164.558
1.30084 -161.584
1.30697 -162.524
1.31312 -162.867
1.31925 -161.707
1.32537 -162.502
1.33151 -162.998
1.33765 -162.891
1.34378 -162.698
1.34992 -162.538
1.35606 -161.384
1.3622 -162.328
1.36833 -161.785
1.37445 -162.46
1.38059 -162.126
1.38675 -161.482
1.39288 -161.534
1.39901 -161.285
1.40515 -161.056
1.4113 -161.793
1.41742 -161.519
1.42355 -161.06
1.4297 -160.007
1.43585 -160.522
1.44198 -160.458
1.44809 -160.959
1.45423 -160.468
1.46036 -160.36
1.46649 -160.081
1.47263 -159.781
1.47877 -159.788
1.48491 -160.431
1.49104 -159.543
1.49718 -159.183
1.50333 -159.256
1.50947 -159.097
1.5156 -158.124
1.52172 -158.826
1.52787 -158.476
1.534 -159.171
1.54013 -158.272
1.54627 -158.053
1.55241 -157.833
1.55855 -158.658
1.56467 -157.735
1.5708 -157.693
