0.00783031 1533.07
0.013688 2175.34
0.019231 1456.85
0.0249154 321.93
0.0312784 -21.0709
0.0375637 453.691
0.0433917 406.715
0.0492413 516.665
0.0555754 816.741
0.0619321 -90.6068
0.067871 407.523
0.0738098 785.319
0.0800417 453.189
0.0862327 669.921
0.0921407 847.49
0.0982031 770.813
0.104506 830.186
0.110769 894.912
0.116806 997.773
0.122832 856.745
0.129052 991.254
0.135211 956.875
0.141259 855.64
0.147318 1048.38
0.153489 1079.62
0.159709 1088.77
0.165845 1078.62
0.171974 1020.59
0.178125 1057.87
0.184229 1134.63
0.19034 1111.49
0.196428 1085.68
0.202534 1166.49
0.208729 1146.03
0.214876 1142.58
0.220989 1135.3
0.227147 1220.82
0.23329 1213.4
0.239377 1178.13
0.245482 1208.98
0.251667 1213.72
0.257832 1202.38
0.263955 1224.87
0.270079 1226.27
0.27624 1160.38
0.282372 1203.52
0.28843 1192.62
0.294538 1178.74
0.300721 1193.07
0.30691 1167.93
0.313033 1186.96
0.319153 1208.7
0.325316 1180.5
0.33145 1220.23
0.337538 1236.12
0.343633 1190.81
0.349808 1175.84
0.355968 1194.83
0.362074 1179.58
0.368217 1163.52
0.374374 1154.47
0.380519 1165.24
0.386598 1179.98
0.392688 1179.99
0.39888 1181.45
0.405048 1175.16
0.411186 1162.65
0.417313 1188.2
0.423458 1146.53
0.429607 1140.57
0.435692 1146.29
0.441815 1145.92
0.447964 1149.43
0.454126 1146.97
0.460267 1150.04
0.466387 1143.51
0.47254 1127.87
0.478662 1131.42
0.484765 1137.47
0.490885 1135.2
0.497035 1118.8
0.503198 1136.57
0.509342 1132.48
0.515458 1115.71
0.521598 1128.51
0.527764 1107.46
0.533884 1119.17
0.54 1101.03
0.546137 1105.25
0.552299 1109.02
0.558452 1105.06
0.564573 1097.51
0.570708 1085.48
0.576825 1086.37
0.582926 1084.69
0.589034 1075.94
0.595184 1075.11
0.601379 1074.08
0.607522 1068.24
0.613639 1064.65
0.619772 1063.41
0.625918 1066.39
0.632068 1048.66
0.638161 1054.81
0.6443 1058.5
0.650464 1052.68
0.656582 1045.78
0.662703 1047.98
0.668861 1042.37
0.675024 1040.9
0.681124 1037.51
0.687237 1035.8
0.693381 1030.97
0.699536 1022.63
0.705665 1019.25
0.711789 1017.09
0.717957 1010.97
0.72409 1015.96
0.730186 1008.95
0.736317 1001.84
0.742472 1006.56
0.748622 1001.01
0.75476 993.227
0.760888 995.949
0.767043 988.649
0.773185 982.577
0.779291 979.775
0.785407 980.994
0.791564 968.387
0.797719 968.799
0.803834 976.557
0.809972 958.175
0.816124 957.29
0.822261 953.14
0.828378 957.337
0.834502 952.282
0.840667 948.693
0.846816 945.691
0.852925 942.09
0.859047 936.431
0.865192 936.464
0.871341 932.159
0.877463 925.227
0.883569 926.85
0.889708 923.941
0.895864 915.366
0.902008 914.078
0.908149 911.327
0.914301 904.547
0.920448 905.334
0.926574 902.017
0.932687 902.297
0.938823 894.871
0.944975 887.015
0.951105 890.038
0.957225 886.951
0.963368 880.77
0.969511 878.314
0.975621 875.375
0.981748 870.967
0.987916 864.872
0.99406 870.64
1.00019 862.348
1.00632 855.371
1.01246 857.228
1.01859 853.783
1.02471 844.697
1.03085 838.564
1.03698 836.738
1.04314 837.393
1.04929 835.795
1.05541 833.822
1.06154 828.838
1.06769 825.125
1.07382 820.97
1.07993 816.743
1.08607 813.752
1.09222 818.03
1.09836 812.445
1.10449 802.799
1.11063 804.217
1.11677 799.069
1.1229 799.427
1.12903 791.968
1.13518 783.457
1.14131 785.623
1.14745 780.014
1.15359 780.069
1.15973 774.722
1.16584 770.769
1.17197 771.316
1.17811 763.193
1.18424 762.805
1.19038 761.889
1.19652 752.794
1.20267 752.927
1.20881 748.414
1.21495 744.477
1.22108 745.446
1.2272 737.752
1.23334 735.816
1.23949 731.481
1.24562 728.997
1.25174 727.572
1.25789 725.638
1.26402 723.627
1.27014 716.792
1.27628 712.926
1.28244 712.843
1.28858 706.335
1.29471 705.74
1.30084 701.785
1.30697 699.039
1.31312 697.005
1.31925 693.231
1.32537 689.318
1.33151 685.851
1.33765 682.769
1.34378 681.188
1.34992 679.001
1.35606 673.749
1.3622 674.294
1.36833 666.45
1.37445 666.043
1.38059 664.572
1.38675 660.85
1.39288 657.332
1.39901 653.285
1.40515 651.349
1.4113 646.376
1.41742 645.018
1.42355 641.331
1.4297 636.376
1.43585 635.35
1.44198 633.503
1.44809 629.99
1.45423 625.661
1.46036 626.405
1.46649 619.16
1.47263 616.546
1.47877 615.854
1.48491 612.846
1.49104 607.889
1.49718 607.088
1.50333 606.229
1.50947 603.026
1.5156 596.179
1.52172 595.647
1.52787 593.694
1.534 590.959
1.54013 584.946
1.54627 585.056
1.55241 582.015
1.55855 578.75
1.56467 575.81
1.5708 572.117
