0.00783031 20113.2
0.013688 24599
0.019231 25003
0.0249154 23367.2
0.0312784 20084.9
0.0375637 17592.5
0.0433917 15079.9
0.0492413 13315
0.0555754 12418.8
0.0619321 12270.3
0.067871 11395.6
0.0738098 10620.6
0.0800417 9536.91
0.0862327 8694.48
0.0921407 7827.12
0.0982031 7431.9
0.104506 6787.67
0.110769 6459.14
0.116806 6048.61
0.122832 5805.04
0.129052 5373.16
0.135211 5539.84
0.141259 5160.55
0.147318 4890.45
0.153489 4633.18
0.159709 4437.61
0.165845 4209.15
0.171974 4319.57
0.178125 3979.37
0.184229 3966.59
0.19034 3878.71
0.196428 3707.32
0.202534 3599.91
0.208729 3555.06
0.214876 3433.02
0.220989 3311.7
0.227147 3186.34
0.23329 3115.4
0.239377 3069.79
0.245482 3020.32
0.251667 2975.67
0.257832 2877.89
0.263955 2947.92
0.270079 2832.7
0.27624 2754.95
0.282372 2739.19
0.28843 2674.21
0.294538 2636.79
0.300721 2619.33
0.30691 2527.24
0.313033 2517.74
0.319153 2483.67
0.325316 2472.01
0.33145 2412.25
0.337538 2358.12
0.343633 2362.9
0.349808 2351.52
0.355968 2296.92
0.362074 2279.58
0.368217 2245.56
0.374374 2231.53
0.380519 2229.23
0.386598 2206.03
0.392688 2142.78
0.39888 2155.07
0.405048 2115.83
0.411186 2100.24
0.417313 2073.81
0.423458 2059.93
0.429607 2051.78
0.435692 2046.27
0.441815 2013.89
0.447964 1991.78
0.454126 1985.78
0.460267 1962.88
0.466387 1941.47
0.47254 1938.19
0.478662 1920.33
0.484765 1906.24
0.490885 1895.78
0.497035 1878.11
0.503198 1878.38
0.509342 1852.45
0.515458 1841.07
0.521598 1817.16
0.527764 1828.61
0.533884 1800.98
0.54 1798.25
0.546137 1777.17
0.552299 1773.31
0.558452 1756.6
0.564573 1739.02
0.570708 1737.6
0.576825 1728.42
0.582926 1707.94
0.589034 1705.57
0.595184 1702.4
0.601379 1678.68
0.607522 1680.17
0.613639 1663.3
0.619772 1655.87
0.625918 1640.9
0.632068 1642.3
0.638161 1615.5
0.6443 1611.06
0.650464 1610.44
0.656582 1596.32
0.662703 1593.92
0.668861 1588.91
0.675024 1573.6
0.681124 1561.84
0.687237 1567.09
0.693381 1558.26
0.699536 1544.07
0.705665 1531.59
0.711789 1528.27
0.717957 1521.93
0.72409 1511.66
0.730186 1503.24
0.736317 1494.83
0.742472 1495.22
0.748622 1479.98
0.75476 1461.67
0.760888 1465.93
0.767043 1453.75
0.773185 1442.2
0.779291 1445.41
0.785407 1440.63
0.791564 1433.44
0.797719 1417.33
0.803834 1408.59
0.809972 1407.32
0.816124 1404.67
0.822261 1393.32
0.828378 1389.31
0.834502 1378.67
0.840667 1380.09
0.846816 1365.9
0.852925 1371.73
0.859047 1358.07
0.865192 1354.78
0.871341 1344.69
0.877463 1342.41
0.883569 1330.24
0.889708 1329.33
0.895864 1316.88
0.902008 1313
0.908149 1304.57
0.914301 1299.14
0.920448 1293.95
0.926574 1288.17
0.932687 1285.17
0.938823 1282.04
0.944975 1273.43
0.951105 1263.38
0.957225 1257.82
0.963368 1261.65
0.969511 1251.49
0.975621 1248.51
0.981748 1241.19
0.987916 1235.38
0.99406 1230.31
1.00019 1220.92
1.00632 1213.85
1.01246 1206.96
1.01859 1204.53
1.02471 1201.79
1.03085 1195.11
1.03698 1188.73
1.04314 1183.81
1.04929 1178.55
1.05541 1178.53
1.06154 1172.72
1.06769 1165.47
1.07382 1161.22
1.07993 1152.09
1.08607 1147.85
1.09222 1139.95
1.09836 1137.96
1.10449 1137.78
1.11063 1125.96
1.11677 1124.18
1.1229 1115.47
1.12903 1111.26
1.13518 1107.29
1.14131 1103.05
1.14745 1099.72
1.15359 1089.43
1.15973 1090.82
1.16584 1082.91
1.17197 1080.64
1.17811 1074.74
1.18424 1071.2
1.19038 1064.47
1.19652 1063.84
1.20267 1057.29
1.20881 1052.84
1.21495 1047.82
1.22108 1042.41
1.2272 1038.47
1.23334 1035.07
1.23949 1029.84
1.24562 1024.2
1.25174 1020.15
1.25789 1018.76
1.26402 1012.35
1.27014 1007.5
1.27628 1001.81
1.28244 998.209
1.28858 991.647
1.29471 986.342
1.30084 984.396
1.30697 979.556
1.31312 974.216
1.31925 976.816
1.32537 968.649
1.33151 964.32
1.33765 954.995
1.34378 954.52
1.34992 949.35
1.35606 943.118
1.3622 943.283
1.36833 937.298
1.37445 931.616
1.38059 927.516
1.38675 922.118
1.39288 919.598
1.39901 917.875
1.40515 913.495
1.4113 910.853
1.41742 907.752
1.42355 902.27
1.4297 898.258
1.43585 892.663
1.44198 889.261
1.44809 886.168
1.45423 878.538
1.46036 875.396
1.46649 873.324
1.47263 870.835
1.47877 865.434
1.48491 862.041
1.49104 858.045
1.49718 855.695
1.50333 852.928
1.50947 849.286
1.5156 843.412
1.52172 839.855
1.52787 836.347
1.534 831.965
1.54013 830.38
1.54627 825.435
1.55241 821.703
1.55855 817.368
1.56467 816.058
1.5708 810.698
