0.00783031 -3471.41
0.013688 -676.91
0.019231 66.1682
0.0249154 -1229.71
0.0312784 604.301
0.0375637 611.77
0.0433917 1376.9
0.0492413 926.135
0.0555754 506.669
0.0619321 311.717
0.067871 420.581
0.0738098 388.671
0.0800417 628.215
0.0862327 750.357
0.0921407 966.581
0.0982031 845.367
0.104506 820.777
0.110769 637.389
0.116806 920.576
0.122832 956.45
0.129052 1086.27
0.135211 1092.06
0.141259 1109.51
0.147318 1052.44
0.153489 1060.01
0.159709 1157.24
0.165845 1231.54
0.171974 1063.85
0.178125 1105.02
0.184229 1177.21
0.19034 1168.69
0.196428 1163.32
0.202534 1166.26
0.208729 1107.85
0.214876 1216.73
0.220989 1188.02
0.227147 1180.1
0.23329 1220.36
0.239377 1144.71
0.245482 1214.96
0.251667 1221.66
0.257832 1211.78
0.263955 1224.08
0.270079 1159.96
0.27624 1187.31
0.282372 1206.69
0.28843 1210.52
0.294538 1178.11
0.300721 1214.86
0.30691 1194.24
0.313033 1177.37
0.319153 1183.75
0.325316 1174.53
0.33145 1180.86
0.337538 1205.29
0.343633 1175.13
0.349808 1169.38
0.355968 1168.96
0.362074 1166.38
0.368217 1153.44
0.374374 1148.31
0.380519 1145.92
0.386598 1139.24
0.392688 1168.93
0.39888 1167.92
0.405048 1149.57
0.411186 1151.71
0.417313 1135.76
0.423458 1132.66
0.429607 1140.16
0.435692 1151.4
0.441815 1132.02
0.447964 1123.62
0.454126 1118.18
0.460267 1105.97
0.466387 1104.92
0.47254 1110.49
0.478662 1101.97
0.484765 1092.04
0.490885 1098.84
0.497035 1087.78
0.503198 1078.88
0.509342 1094.54
0.515458 1071.09
0.521598 1073.33
0.527764 1055.58
0.533884 1073.16
0.54 1050.79
0.546137 1054.24
0.552299 1044.24
0.558452 1046.13
0.564573 1038.91
0.570708 1030.38
0.576825 1029.53
0.582926 1034.73
0.589034 1026.94
0.595184 1014.47
0.601379 1014.19
0.607522 1008.93
0.613639 1011.76
0.619772 1005.29
0.625918 986.544
0.632068 984.222
0.638161 988.583
0.6443 986.945
0.650464 980.688
0.656582 966.51
0.662703 961.436
0.668861 968.145
0.675024 964.896
0.681124 962.715
0.687237 952.084
0.693381 946.893
0.699536 946.155
0.705665 942.208
0.711789 931.73
0.717957 938.546
0.72409 923.616
0.730186 923.903
0.736317 920.633
0.742472 914.066
0.748622 906.47
0.75476 906.531
0.760888 900.542
0.767043 893.318
0.773185 888.432
0.779291 882.912
0.785407 875.194
0.791564 882.267
0.797719 873.782
0.803834 861.424
0.809972 865.642
0.816124 864.447
0.822261 854.686
0.828378 854.529
0.834502 844.766
0.840667 843.609
0.846816 838.812
0.852925 838.342
0.859047 829.516
0.865192 823.093
0.871341 813.587
0.877463 814.186
0.883569 812.06
0.889708 809.064
0.895864 806.275
0.902008 804.315
0.908149 792.689
0.914301 793.585
0.920448 788.045
0.926574 780.28
0.932687 776.485
0.938823 771.932
0.944975 764.761
0.951105 764.011
0.957225 761.225
0.963368 757.585
0.969511 752.62
0.975621 748.05
0.981748 746.981
0.987916 739.703
0.99406 735.067
1.00019 730.403
1.00632 728.22
1.01246 724.385
1.01859 718.946
1.02471 715.987
1.03085 711.68
1.03698 710.041
1.04314 701.234
1.04929 698.052
1.05541 697.308
1.06154 693.63
1.06769 686.739
1.07382 683.602
1.07993 682.776
1.08607 674.808
1.09222 671.189
1.09836 667.249
1.10449 666.155
1.11063 661.521
1.11677 657.126
1.1229 654.831
1.12903 648.889
1.13518 646.712
1.14131 639.996
1.14745 638.35
1.15359 632.431
1.15973 628.353
1.16584 626.981
1.17197 621.189
1.17811 618.699
1.18424 616.86
1.19038 614.658
1.19652 607.348
1.20267 605.466
1.20881 599.895
1.21495 598.527
1.22108 593.856
1.2272 592.936
1.23334 588.18
1.23949 583.553
1.24562 580.469
1.25174 578.066
1.25789 573.666
1.26402 567.998
1.27014 565.927
1.27628 562.453
1.28244 560.601
1.28858 557.558
1.29471 554.224
1.30084 547.471
1.30697 544.171
1.31312 542.573
1.31925 539.271
1.32537 534.696
1.33151 534.104
1.33765 529.521
1.34378 526.664
1.34992 522.015
1.35606 520.952
1.3622 517.229
1.36833 513.116
1.37445 513.137
1.38059 508.017
1.38675 503.983
1.39288 500.26
1.39901 499.876
1.40515 495.564
1.4113 492.47
1.41742 488.181
1.42355 485.045
1.4297 481.887
1.43585 480.227
1.44198 476.429
1.44809 473.261
1.45423 469.954
1.46036 467.293
1.46649 465.022
1.47263 462.902
1.47877 458.772
1.48491 454.265
1.49104 452.474
1.49718 450.206
1.50333 446.244
1.50947 445.76
1.5156 441.44
1.52172 438.263
1.52787 436.713
1.534 433.928
1.54013 430.655
1.54627 427.381
1.55241 425.147
1.55855 424.268
1.56467 419.117
1.5708 417.825
