0.00783031 -61.7514
0.013688 -93.0755
0.019231 -97.98
0.0249154 -93.0867
0.0312784 -90.2132
0.0375637 -89.221
0.0433917 -81.2131
0.0492413 -85.3957
0.0555754 -85.7513
0.0619321 -94.0932
0.067871 -93.8241
0.0738098 -102.039
0.0800417 -98.0362
0.0862327 -100.735
0.0921407 -96.0947
0.0982031 -92.4041
0.104506 -96.3128
0.110769 -99.4871
0.116806 -99.035
0.122832 -106.85
0.129052 -104.353
0.135211 -111.009
0.141259 -114.192
0.147318 -106.636
0.153489 -108.845
0.159709 -108.528
0.165845 -109.11
0.171974 -110.682
0.178125 -111.858
0.184229 -113.291
0.19034 -119.012
0.196428 -117.824
0.202534 -120.321
0.208729 -118.711
0.214876 -120.626
0.220989 -117.855
0.227147 -118.931
0.23329 -116.438
0.239377 -119.489
0.245482 -123.209
0.251667 -123.9
0.257832 -120.625
0.263955 -123.726
0.270079 -121.349
0.27624 -125.237
0.282372 -123.736
0.28843 -124.666
0.294538 -125.737
0.300721 -126.021
0.30691 -126.492
0.313033 -126.798
0.319153 -128.64
0.325316 -129.557
0.33145 -129.296
0.337538 -126.968
0.343633 -128.703
0.349808 -130.951
0.355968 -132.166
0.362074 -131.865
0.368217 -132.669
0.374374 -131.562
0.380519 -132.538
0.386598 -133.29
0.392688 -132.534
0.39888 -133.523
0.405048 -133.884
0.411186 -135.293
0.417313 -135.36
0.423458 -131.561
0.429607 -137.921
0.435692 -135.182
0.441815 -135.379
0.447964 -135.708
0.454126 -138.222
0.460267 -135.1
0.466387 -138.674
0.47254 -137.568
0.478662 -137.39
0.484765 -137.061
0.490885 -139.807
0.497035 -136.725
0.503198 -136.816
0.509342 -139.122
0.515458 -138.536
0.521598 -138.299
0.527764 -139.321
0.533884 -139.047
0.54 -141.58
0.546137 -141.705
0.552299 -138.972
0.558452 -141.074
0.564573 -143.067
0.570708 -142.25
0.576825 -140.618
0.582926 -141.176
0.589034 -142.019
0.595184 -141.151
0.601379 -140.98
0.607522 -143.029
0.613639 -143.095
0.619772 -142.518
0.625918 -142.106
0.632068 -141.996
0.638161 -144.604
0.6443 -142.963
0.650464 -145.258
0.656582 -143.466
0.662703 -142.431
0.668861 -144.382
0.675024 -144.917
0.681124 -144.408
0.687237 -144.977
0.693381 -145.602
0.699536 -145.223
0.705665 -144.49
0.711789 -144.17
0.717957 -144.789
0.72409 -144.801
0.730186 -145.047
0.736317 -144.425
0.742472 -144.432
0.748622 -146.212
0.75476 -144.784
0.760888 -146.608
0.767043 -145.233
0.773185 -146.196
0.779291 -144.011
0.785407 -147.662
0.791564 -144.842
0.797719 -147.816
0.803834 -146.717
0.809972 -147.658
0.816124 -147.034
0.822261 -147.67
0.828378 -147.03
0.834502 -145.105
0.840667 -147.44
0.846816 -146.003
0.852925 -147.804
0.859047 -148.336
0.865192 -147.613
0.871341 -148.578
0.877463 -147.524
0.883569 -147.517
0.889708 -146.47
0.895864 -147.657
0.902008 -146.089
0.908149 -149.432
0.914301 -147.211
0.920448 -148.2
0.926574 -148.444
0.932687 -147.379
0.938823 -148.909
0.944975 -148.091
0.951105 -148.034
0.957225 -146.389
0.963368 -148.137
0.969511 -147.721
0.975621 -146.222
0.981748 -149.485
0.987916 -146.74
0.99406 -147.587
1.00019 -147.471
1.00632 -149.483
1.01246 -147.917
1.01859 -146.531
1.02471 -149.947
1.03085 -148.494
1.03698 -149.142
1.04314 -147.28
1.04929 -147.564
1.05541 -147.011
1.06154 -147.968
1.06769 -147.903
1.07382 -149.197
1.07993 -146.755
1.08607 -147.438
1.09222 -146.694
1.09836 -148.332
1.10449 -148.244
1.11063 -147.801
1.11677 -147.758
1.1229 -148.729
1.12903 -147.295
1.13518 -148.227
1.14131 -147.57
1.14745 -148.555
1.15359 -147.09
1.15973 -147.483
1.16584 -148.535
1.17197 -148.294
1.17811 -148.544
1.18424 -147.81
1.19038 -147.336
1.19652 -148.231
1.20267 -147.005
1.20881 -147.241
1.21495 -147.329
1.22108 -148.278
1.2272 -147.394
1.23334 -147.584
1.23949 -147.156
1.24562 -147.637
1.25174 -146.901
1.25789 -147.386
1.26402 -147.644
1.27014 -147.269
1.27628 -147.892
1.28244 -146.9
1.28858 -147.349
1.29471 -147.45
1.30084 -146.415
1.30697 -146.353
1.31312 -146.29
1.31925 -146.955
1.32537 -146.209
1.33151 -146.57
1.33765 -145.768
1.34378 -146.461
1.34992 -146.779
1.35606 -146.14
1.3622 -145.583
1.36833 -146.154
1.37445 -147.507
1.38059 -145.57
1.38675 -146.21
1.39288 -146.352
1.39901 -146.298
1.40515 -146.094
1.4113 -145.96
1.41742 -145.291
1.42355 -145.382
1.4297 -146.088
1.43585 -146.075
1.44198 -145.382
1.44809 -144.215
1.45423 -145.048
1.46036 -145.609
1.46649 -144.819
1.47263 -144.805
1.47877 -144.773
1.48491 -144.678
1.49104 -144.681
1.49718 -144.46
1.50333 -145.236
1.50947 -145.07
1.5156 -144.493
1.52172 -144.301
1.52787 -144.366
1.534 -144.302
1.54013 -144.257
1.54627 -144.322
1.55241 -143.961
1.55855 -143.249
1.56467 -143.295
1.5708 -143.895
