0.00783031 4785.65
0.013688 3255.55
0.019231 3747.47
0.0249154 3786.99
0.0312784 3008.55
0.0375637 2897.29
0.0433917 2838.85
0.0492413 2699.64
0.0555754 2622.75
0.0619321 2481.28
0.067871 2266.53
0.0738098 2257.54
0.0800417 2041.34
0.0862327 1894.72
0.0921407 1816.57
0.0982031 1736.58
0.104506 1656.89
0.110769 1538.05
0.116806 1564.64
0.122832 1469.87
0.129052 1378.92
0.135211 1340.04
0.141259 1315.33
0.147318 1231.17
0.153489 1205.72
0.159709 1187.57
0.165845 1125.1
0.171974 1070.25
0.178125 1045.49
0.184229 1021.5
0.19034 1001.57
0.196428 942.518
0.202534 927.706
0.208729 887.142
0.214876 873.105
0.220989 872.834
0.227147 841.79
0.23329 817.932
0.239377 783.564
0.245482 770.088
0.251667 740.743
0.257832 739.667
0.263955 728.339
0.270079 693.205
0.27624 682.654
0.282372 670.095
0.28843 660.005
0.294538 642.311
0.300721 641.115
0.30691 622.974
0.313033 606.614
0.319153 588.388
0.325316 584.519
0.33145 577.364
0.337538 560.371
0.343633 555.921
0.349808 545.286
0.355968 530.311
0.362074 522.038
0.368217 510.778
0.374374 508.194
0.380519 501.206
0.386598 501.127
0.392688 479.758
0.39888 478.698
0.405048 465.376
0.411186 461.259
0.417313 451.69
0.423458 449.825
0.429607 443.207
0.435692 435.501
0.441815 430.336
0.447964 423.462
0.454126 421.5
0.460267 412.071
0.466387 410.319
0.47254 403.806
0.478662 399.633
0.484765 395.978
0.490885 389.899
0.497035 384.187
0.503198 380.216
0.509342 374.986
0.515458 368.297
0.521598 365.15
0.527764 361.781
0.533884 357.819
0.54 356.008
0.546137 350.124
0.552299 347.938
0.558452 344.69
0.564573 339.002
0.570708 338.433
0.576825 331.9
0.582926 329.076
0.589034 327.369
0.595184 321.632
0.601379 320.503
0.607522 317.831
0.613639 312.94
0.619772 309.955
0.625918 306.973
0.632068 303.614
0.638161 305.376
0.6443 301.306
0.650464 297.53
0.656582 294.51
0.662703 292.177
0.668861 288.801
0.675024 287.189
0.681124 285.651
0.687237 283.313
0.693381 279.713
0.699536 277.341
0.705665 274.151
0.711789 273.528
0.717957 271.783
0.72409 268.09
0.730186 266.322
0.736317 265.137
0.742472 264.174
0.748622 261.835
0.75476 259.228
0.760888 256.997
0.767043 253.911
0.773185 254.536
0.779291 252.807
0.785407 249.92
0.791564 247.817
0.797719 245.835
0.803834 243.195
0.809972 242.744
0.816124 241.48
0.822261 239.999
0.828378 238.463
0.834502 236.537
0.840667 234.53
0.846816 233.713
0.852925 232.257
0.859047 230.175
0.865192 228.329
0.871341 226.911
0.877463 227.163
0.883569 224.647
0.889708 223.444
0.895864 222.354
0.902008 219.693
0.908149 219.282
0.914301 217.166
0.920448 217.947
0.926574 215.354
0.932687 213.944
0.938823 213.566
0.944975 212.215
0.951105 210.275
0.957225 209.666
0.963368 209.086
0.969511 206.554
0.975621 205.76
0.981748 204.798
0.987916 202.987
0.99406 201.796
1.00019 200.984
1.00632 199.222
1.01246 198.364
1.01859 197.671
1.02471 197.465
1.03085 196.374
1.03698 194.908
1.04314 193.915
1.04929 192.501
1.05541 191.104
1.06154 190.104
1.06769 189.623
1.07382 188.872
1.07993 186.998
1.08607 186.785
1.09222 186.304
1.09836 185.664
1.10449 183.905
1.11063 183.091
1.11677 182.401
1.1229 181.613
1.12903 181.363
1.13518 180.17
1.14131 178.15
1.14745 177.885
1.15359 177.481
1.15973 175.917
1.16584 175.488
1.17197 174
1.17811 173.906
1.18424 173.101
1.19038 172.206
1.19652 170.525
1.20267 170.433
1.20881 169.85
1.21495 168.835
1.22108 168.234
1.2272 168.244
1.23334 166.829
1.23949 165.527
1.24562 164.993
1.25174 164.468
1.25789 164.072
1.26402 162.212
1.27014 162.507
1.27628 161.913
1.28244 161.052
1.28858 160.176
1.29471 159.448
1.30084 159.525
1.30697 157.99
1.31312 156.836
1.31925 157.065
1.32537 156.027
1.33151 155.608
1.33765 154.841
1.34378 154.426
1.34992 154.052
1.35606 153.064
1.3622 152.534
1.36833 151.51
1.37445 151.449
1.38059 150.429
1.38675 150.155
1.39288 148.917
1.39901 148.743
1.40515 148.38
1.4113 147.801
1.41742 147.42
1.42355 146.79
1.4297 146.169
1.43585 145.576
1.44198 145.093
1.44809 144.373
1.45423 143.474
1.46036 142.936
1.46649 142.277
1.47263 141.865
1.47877 141.356
1.48491 140.521
1.49104 140.331
1.49718 139.795
1.50333 139.423
1.50947 138.88
1.5156 138.246
1.52172 137.487
1.52787 137.102
1.534 136.785
1.54013 136.077
1.54627 135.965
1.55241 135.141
1.55855 134.174
1.56467 133.927
1.5708 133.945
