0.00783031 64.525
0.013688 64.5789
0.019231 68.3511
0.0249154 55.7627
0.0312784 31.8811
0.0375637 21.2632
0.0433917 1.91193
0.0492413 -0.0196274
0.0555754 -7.09101
0.0619321 -17.8045
0.067871 -33.9724
0.0738098 -39.8178
0.0800417 -45.9683
0.0862327 -52.1504
0.0921407 -57.1824
0.0982031 -60.2425
0.104506 -61.8511
0.110769 -64.2738
0.116806 -70.2325
0.122832 -73.0531
0.129052 -76.7546
0.135211 -79.9261
0.141259 -82.8345
0.147318 -85.1762
0.153489 -84.3157
0.159709 -84.6197
0.165845 -85.3735
0.171974 -87.0697
0.178125 -89.3639
0.184229 -88.8966
0.19034 -94.4716
0.196428 -93.0522
0.202534 -94.9281
0.208729 -97.6481
0.214876 -97.5948
0.220989 -94.9856
0.227147 -97.3349
0.23329 -97.0757
0.239377 -98.2618
0.245482 -97.8165
0.251667 -99.7303
0.257832 -98.6585
0.263955 -100.456
0.270079 -100.511
0.27624 -103.643
0.282372 -99.9513
0.28843 -100.189
0.294538 -99.929
0.300721 -98.6737
0.30691 -99.6039
0.313033 -100.35
0.319153 -100.934
0.325316 -99.0191
0.33145 -101.711
0.337538 -100.666
0.343633 -101.139
0.349808 -101.516
0.355968 -101.561
0.362074 -103.983
0.368217 -102.059
0.374374 -101.029
0.380519 -100.402
0.386598 -100.246
0.392688 -101.886
0.39888 -100.58
0.405048 -101.946
0.411186 -99.7622
0.417313 -100.845
0.423458 -102.957
0.429607 -101.517
0.435692 -101.383
0.441815 -101.687
0.447964 -103.326
0.454126 -100.86
0.460267 -100.15
0.466387 -101.744
0.47254 -102.363
0.478662 -101.699
0.484765 -102.204
0.490885 -101.058
0.497035 -99.6578
0.503198 -100.649
0.509342 -99.4743
0.515458 -101.756
0.521598 -99.3325
0.527764 -100.983
0.533884 -99.413
0.54 -99.2603
0.546137 -100.053
0.552299 -98.9894
0.558452 -99.5648
0.564573 -99.5515
0.570708 -99.0893
0.576825 -98.8126
0.582926 -97.8195
0.589034 -98.3701
0.595184 -99.5776
0.601379 -97.394
0.607522 -97.9869
0.613639 -98.382
0.619772 -98.2078
0.625918 -96.882
0.632068 -98.4299
0.638161 -98.6015
0.6443 -97.1841
0.650464 -96.9656
0.656582 -96.2217
0.662703 -96.3066
0.668861 -96.4149
0.675024 -94.7483
0.681124 -96.1186
0.687237 -96.1139
0.693381 -95.5234
0.699536 -95.8346
0.705665 -95.1235
0.711789 -95.1316
0.717957 -94.6597
0.72409 -94.5798
0.730186 -94.7478
0.736317 -94.9496
0.742472 -94.448
0.748622 -92.4596
0.75476 -93.9878
0.760888 -94.0274
0.767043 -92.97
0.773185 -92.5256
0.779291 -92.6754
0.785407 -93.3687
0.791564 -92.0859
0.797719 -91.4671
0.803834 -91.5719
0.809972 -90.7743
0.816124 -91.3156
0.822261 -90.7663
0.828378 -91.3427
0.834502 -90.593
0.840667 -89.8699
0.846816 -89.9167
0.852925 -90.3683
0.859047 -89.7819
0.865192 -89.8412
0.871341 -88.4568
0.877463 -87.7641
0.883569 -88.895
0.889708 -87.8728
0.895864 -87.7199
0.902008 -87.6312
0.908149 -87.1709
0.914301 -85.8797
0.920448 -86.7581
0.926574 -84.9958
0.932687 -85.8232
0.938823 -85.2252
0.944975 -84.9899
0.951105 -85.8135
0.957225 -84.8451
0.963368 -84.2766
0.969511 -84.5731
0.975621 -83.9744
0.981748 -84.0277
0.987916 -84.4092
0.99406 -83.2638
1.00019 -83.615
1.00632 -83.5431
1.01246 -82.6757
1.01859 -82.4156
1.02471 -81.9167
1.03085 -82.1823
1.03698 -81.0091
1.04314 -80.9466
1.04929 -80.5931
1.05541 -80.2833
1.06154 -80.6286
1.06769 -79.4369
1.07382 -80.07
1.07993 -79.7754
1.08607 -79.3904
1.09222 -79.0088
1.09836 -79.4124
1.10449 -78.3059
1.11063 -78.1575
1.11677 -77.7133
1.1229 -77.2696
1.12903 -77.3634
1.13518 -76.1958
1.14131 -76.9362
1.14745 -76.7604
1.15359 -76.0293
1.15973 -75.3349
1.16584 -75.9029
1.17197 -75.2783
1.17811 -74.9494
1.18424 -74.9017
1.19038 -74.8595
1.19652 -73.9325
1.20267 -74.006
1.20881 -73.4367
1.21495 -73.3034
1.22108 -73.2331
1.2272 -72.5899
1.23334 -72.8714
1.23949 -72.0798
1.24562 -71.9489
1.25174 -72.0646
1.25789 -71.2456
1.26402 -71.3624
1.27014 -70.6576
1.27628 -70.723
1.28244 -70.4892
1.28858 -69.9369
1.29471 -69.7004
1.30084 -70.2441
1.30697 -69.6753
1.31312 -69.4
1.31925 -69.0393
1.32537 -68.9034
1.33151 -68.9284
1.33765 -67.7336
1.34378 -67.9985
1.34992 -67.6579
1.35606 -67.9229
1.3622 -67.0612
1.36833 -67.143
1.37445 -66.7074
1.38059 -66.7693
1.38675 -66.7723
1.39288 -66.2337
1.39901 -65.6774
1.40515 -65.7993
1.4113 -65.2896
1.41742 -65.4252
1.42355 -65.1404
1.4297 -65.0607
1.43585 -64.6276
1.44198 -64.4488
1.44809 -64.2901
1.45423 -63.8021
1.46036 -63.6807
1.46649 -63.8361
1.47263 -63.5649
1.47877 -63.1156
1.48491 -62.7469
1.49104 -62.5855
1.49718 -62.0074
1.50333 -62.3182
1.50947 -62.2602
1.5156 -61.7186
1.52172 -61.705
1.52787 -61.5476
1.534 -61.119
1.54013 -60.8503
1.54627 -60.785
1.55241 -60.5068
1.55855 -60.1965
1.56467 -60.2304
1.5708 -60.1317
