0.00783031 -2001.68
0.013688 -787.372
0.019231 884.753
0.0249154 -493.123
0.0312784 518.576
0.0375637 43.4301
0.0433917 841.844
0.0492413 -204.455
0.0555754 894.635
0.0619321 1119.5
0.067871 1218.21
0.0738098 944.911
0.0800417 1371.66
0.0862327 1024.67
0.0921407 1465.45
0.0982031 1291.68
0.104506 1320.79
0.110769 1550.37
0.116806 1607.47
0.122832 1693.53
0.129052 1743.2
0.135211 1858.78
0.141259 1901.39
0.147318 1880.53
0.153489 1819.95
0.159709 1870.67
0.165845 1896.75
0.171974 1941.19
0.178125 1969.77
0.184229 1930.84
0.19034 1958.61
0.196428 2001.62
0.202534 1996.31
0.208729 1941.44
0.214876 1987.31
0.220989 1976.81
0.227147 1994.6
0.23329 1923.38
0.239377 1978.07
0.245482 2037.42
0.251667 1963.2
0.257832 1999.13
0.263955 2005.01
0.270079 2013.16
0.27624 1963.4
0.282372 2012.48
0.28843 1960.94
0.294538 2026.19
0.300721 1997.94
0.30691 1960.63
0.313033 1997.51
0.319153 1994.55
0.325316 1991.7
0.33145 2000.49
0.337538 1980.83
0.343633 1950.86
0.349808 1955.01
0.355968 1947.05
0.362074 1929.21
0.368217 1945.04
0.374374 1960.03
0.380519 1954.33
0.386598 1945.72
0.392688 1956.69
0.39888 1944.61
0.405048 1939.34
0.411186 1928.85
0.417313 1916.14
0.423458 1901.03
0.429607 1896.94
0.435692 1886.52
0.441815 1891.93
0.447964 1896.07
0.454126 1894.42
0.460267 1884.89
0.466387 1871.38
0.47254 1864.05
0.478662 1876.28
0.484765 1861.53
0.490885 1858.31
0.497035 1864.64
0.503198 1842.63
0.509342 1846.56
0.515458 1852.91
0.521598 1833.54
0.527764 1851.31
0.533884 1814.27
0.54 1808.6
0.546137 1836.37
0.552299 1818.94
0.558452 1819.7
0.564573 1793.4
0.570708 1799.92
0.576825 1788.94
0.582926 1790.91
0.589034 1783.17
0.595184 1744.88
0.601379 1772.36
0.607522 1768.34
0.613639 1760.83
0.619772 1749.06
0.625918 1742.47
0.632068 1730.97
0.638161 1733.32
0.6443 1734.04
0.650464 1731.36
0.656582 1727.5
0.662703 1703.54
0.668861 1709.56
0.675024 1709.38
0.681124 1700.75
0.687237 1697.2
0.693381 1689.68
0.699536 1677.33
0.705665 1666.05
0.711789 1668.36
0.717957 1659.13
0.72409 1648.97
0.730186 1650.64
0.736317 1641.5
0.742472 1638.06
0.748622 1637.75
0.75476 1630.55
0.760888 1623.69
0.767043 1618.6
0.773185 1595.22
0.779291 1603.13
0.785407 1598.96
0.791564 1593.6
0.797719 1578.57
0.803834 1580.58
0.809972 1563.24
0.816124 1572.89
0.822261 1565.93
0.828378 1559.03
0.834502 1555.28
0.840667 1547.37
0.846816 1535.56
0.852925 1543.33
0.859047 1522.62
0.865192 1523.2
0.871341 1512.62
0.877463 1504.91
0.883569 1509.72
0.889708 1495.5
0.895864 1491.66
0.902008 1490.22
0.908149 1480.76
0.914301 1474.54
0.920448 1468.43
0.926574 1461.3
0.932687 1461.35
0.938823 1453.2
0.944975 1445.24
0.951105 1446
0.957225 1441.66
0.963368 1430.81
0.969511 1424.87
0.975621 1421.78
0.981748 1411.44
0.987916 1412.37
0.99406 1397.98
1.00019 1391.1
1.00632 1392.45
1.01246 1382.07
1.01859 1384.76
1.02471 1373.85
1.03085 1369.05
1.03698 1370.86
1.04314 1355.29
1.04929 1346.62
1.05541 1349.52
1.06154 1341.18
1.06769 1335.16
1.07382 1331.1
1.07993 1317.34
1.08607 1318.43
1.09222 1314.61
1.09836 1306.43
1.10449 1302.89
1.11063 1295.92
1.11677 1288.5
1.1229 1293.2
1.12903 1280.67
1.13518 1274.83
1.14131 1270.75
1.14745 1255.55
1.15359 1256.53
1.15973 1251.51
1.16584 1247.08
1.17197 1241.53
1.17811 1238.19
1.18424 1230.81
1.19038 1223.32
1.19652 1216.1
1.20267 1215.67
1.20881 1210.89
1.21495 1198.53
1.22108 1196.92
1.2272 1192.86
1.23334 1181.13
1.23949 1186.7
1.24562 1177.09
1.25174 1169
1.25789 1167.23
1.26402 1161.66
1.27014 1152.15
1.27628 1151.57
1.28244 1147.34
1.28858 1137.25
1.29471 1127.23
1.30084 1128.22
1.30697 1121.24
1.31312 1117.39
1.31925 1113.19
1.32537 1103.6
1.33151 1101.8
1.33765 1096.86
1.34378 1091.86
1.34992 1087.64
1.35606 1080.26
1.3622 1079.47
1.36833 1076.4
1.37445 1063.48
1.38059 1065.66
1.38675 1060.19
1.39288 1052.29
1.39901 1049.58
1.40515 1046.65
1.4113 1040.8
1.41742 1034.02
1.42355 1026.04
1.4297 1023.93
1.43585 1019.46
1.44198 1013.27
1.44809 1011.45
1.45423 1003.78
1.46036 1000.85
1.46649 996.278
1.47263 990.618
1.47877 988.373
1.48491 984.503
1.49104 975.886
1.49718 970.756
1.50333 965.158
1.50947 963.07
1.5156 961.467
1.52172 954.204
1.52787 952.32
1.534 948.353
1.54013 943.677
1.54627 934.56
1.55241 935.322
1.55855 929.944
1.56467 924.843
1.5708 923.128
