0.00783031 20669.1
0.013688 25882.7
0.019231 26096.8
0.0249154 24180
0.0312784 20263.4
0.0375637 17349.9
0.0433917 15207.5
0.0492413 13707.2
0.0555754 12326.5
0.0619321 11989.2
0.067871 10928.2
0.0738098 9934.52
0.0800417 9341.76
0.0862327 8197.6
0.0921407 7317.96
0.0982031 6620.34
0.104506 6086.16
0.110769 5524.41
0.116806 5478.63
0.122832 5188.61
0.129052 5047.42
0.135211 4759.4
0.141259 4407.58
0.147318 4170.95
0.153489 3948.87
0.159709 3729.52
0.165845 3557.81
0.171974 3468.01
0.178125 3278.85
0.184229 3209.81
0.19034 3026.59
0.196428 3042.65
0.202534 2883.86
0.208729 2736.99
0.214876 2643.72
0.220989 2586.08
0.227147 2498.27
0.23329 2370.91
0.239377 2366.94
0.245482 2310.25
0.251667 2217.13
0.257832 2156.36
0.263955 2123.29
0.270079 2074.94
0.27624 2000.54
0.282372 1992.07
0.28843 1886.83
0.294538 1894.72
0.300721 1829.49
0.30691 1800.16
0.313033 1787.01
0.319153 1731.06
0.325316 1705.35
0.33145 1672.64
0.337538 1641.96
0.343633 1623.32
0.349808 1575.14
0.355968 1547.66
0.362074 1521.84
0.368217 1486.95
0.374374 1483.44
0.380519 1448.38
0.386598 1423.25
0.392688 1411.3
0.39888 1392.34
0.405048 1373.4
0.411186 1345.89
0.417313 1313.64
0.423458 1306.67
0.429607 1289.26
0.435692 1267.8
0.441815 1251.07
0.447964 1233.1
0.454126 1229.32
0.460267 1207.29
0.466387 1191.58
0.47254 1170.86
0.478662 1162.04
0.484765 1150.99
0.490885 1140.85
0.497035 1128.77
0.503198 1102.63
0.509342 1101.33
0.515458 1084.51
0.521598 1071.17
0.527764 1068.18
0.533884 1044.43
0.54 1030.87
0.546137 1042.58
0.552299 1020.12
0.558452 1014.14
0.564573 992.893
0.570708 984.143
0.576825 973.43
0.582926 966.463
0.589034 956.287
0.595184 934.776
0.601379 940.382
0.607522 926.057
0.613639 918.706
0.619772 910.05
0.625918 900.725
0.632068 888.919
0.638161 883.807
0.6443 876.373
0.650464 868.047
0.656582 861.854
0.662703 851.599
0.668861 845.52
0.675024 835.147
0.681124 833.132
0.687237 819.2
0.693381 813.601
0.699536 803.394
0.705665 796.451
0.711789 791.578
0.717957 783.212
0.72409 772.899
0.730186 767.291
0.736317 761.912
0.742472 759.042
0.748622 751.08
0.75476 743.614
0.760888 737.005
0.767043 731.043
0.773185 717.079
0.779291 717.726
0.785407 711.895
0.791564 704.612
0.797719 696.81
0.803834 692.172
0.809972 685.752
0.816124 682.844
0.822261 676.017
0.828378 670.857
0.834502 664.638
0.840667 659.634
0.846816 651.413
0.852925 651.336
0.859047 641.157
0.865192 635.766
0.871341 630.407
0.877463 625.455
0.883569 622.626
0.889708 615.204
0.895864 609.687
0.902008 606.789
0.908149 600.33
0.914301 596.026
0.920448 590.652
0.926574 585.559
0.932687 581.86
0.938823 576.914
0.944975 572.601
0.951105 567.632
0.957225 564.914
0.963368 559.14
0.969511 552.027
0.975621 549.294
0.981748 543.052
0.987916 540.563
0.99406 533.935
1.00019 530.366
1.00632 527.378
1.01246 521.968
1.01859 519.822
1.02471 514.415
1.03085 510.561
1.03698 507.068
1.04314 502.27
1.04929 495.944
1.05541 494.778
1.06154 490.353
1.06769 484.93
1.07382 482.136
1.07993 475.812
1.08607 474.007
1.09222 471.111
1.09836 466.116
1.10449 463.324
1.11063 457.924
1.11677 454.74
1.1229 453.431
1.12903 447.427
1.13518 443.403
1.14131 440.851
1.14745 434.837
1.15359 432.994
1.15973 430.087
1.16584 426.076
1.17197 423.752
1.17811 419.71
1.18424 416.259
1.19038 411.931
1.19652 408.633
1.20267 406.798
1.20881 402.65
1.21495 398.071
1.22108 395.842
1.2272 393.378
1.23334 388.808
1.23949 387.333
1.24562 382.877
1.25174 379.2
1.25789 377.713
1.26402 374.282
1.27014 369.211
1.27628 368.378
1.28244 365.294
1.28858 361.409
1.29471 356.432
1.30084 355.441
1.30697 352.248
1.31312 349.429
1.31925 346.963
1.32537 342.97
1.33151 340.798
1.33765 338.149
1.34378 334.711
1.34992 332.855
1.35606 329.819
1.3622 327.614
1.36833 325.641
1.37445 320.77
1.38059 319.872
1.38675 317.239
1.39288 313.453
1.39901 311.704
1.40515 309.033
1.4113 306.58
1.41742 303.847
1.42355 300.578
1.4297 298.671
1.43585 296.932
1.44198 293.443
1.44809 291.807
1.45423 288.502
1.46036 286.809
1.46649 284.981
1.47263 281.612
1.47877 279.83
1.48491 277.315
1.49104 275.133
1.49718 272.542
1.50333 269.551
1.50947 267.75
1.5156 266.287
1.52172 263.658
1.52787 261.736
1.534 260.007
1.54013 257.474
1.54627 254.609
1.55241 253.294
1.55855 251.322
1.56467 249.221
1.5708 247.733
