0.00783031 -1162.79
0.013688 -118.833
0.019231 -211.275
0.0249154 -629.207
0.0312784 -249.119
0.0375637 359.278
0.0433917 -310.162
0.0492413 75.038
0.0555754 -152.195
0.0619321 -253.654
0.067871 -204.416
0.0738098 -255.911
0.0800417 -287.385
0.0862327 -136.796
0.0921407 -216.564
0.0982031 -72.3373
0.104506 -174.099
0.110769 -169.201
0.116806 -190.509
0.122832 -215.354
0.129052 -207.363
0.135211 -163.927
0.141259 -170.889
0.147318 -140.925
0.153489 -144.121
0.159709 -172.253
0.165845 -158.383
0.171974 -201.21
0.178125 -152.929
0.184229 -161.202
0.19034 -163.907
0.196428 -145.824
0.202534 -172.074
0.208729 -150.336
0.214876 -151.635
0.220989 -136.091
0.227147 -145.999
0.23329 -134.061
0.239377 -153.316
0.245482 -142.124
0.251667 -130.956
0.257832 -152.808
0.263955 -139.627
0.270079 -134.908
0.27624 -135.839
0.282372 -120.685
0.28843 -117.68
0.294538 -141.119
0.300721 -129.493
0.30691 -133.981
0.313033 -121.969
0.319153 -129.001
0.325316 -118.071
0.33145 -122.547
0.337538 -123.215
0.343633 -120.409
0.349808 -119.889
0.355968 -118.081
0.362074 -119.929
0.368217 -110.945
0.374374 -110.437
0.380519 -111.548
0.386598 -115.723
0.392688 -115.759
0.39888 -107.852
0.405048 -107.965
0.411186 -110.27
0.417313 -107.019
0.423458 -105.49
0.429607 -101.096
0.435692 -100.516
0.441815 -99.3076
0.447964 -104.024
0.454126 -98.6177
0.460267 -100.095
0.466387 -97.5245
0.47254 -104.198
0.478662 -97.4589
0.484765 -97.594
0.490885 -96.6502
0.497035 -98.1867
0.503198 -97.2847
0.509342 -94.48
0.515458 -95.9762
0.521598 -92.6671
0.527764 -88.4778
0.533884 -92.7197
0.54 -92.1199
0.546137 -89.7016
0.552299 -91.3866
0.558452 -92.2229
0.564573 -90.6284
0.570708 -88.4762
0.576825 -92.5489
0.582926 -89.544
0.589034 -86.3188
0.595184 -89.0178
0.601379 -86.266
0.607522 -86.0004
0.613639 -88.4927
0.619772 -85.4365
0.625918 -86.9266
0.632068 -81.8742
0.638161 -86.8686
0.6443 -84.4721
0.650464 -84.2748
0.656582 -83.3709
0.662703 -85.3334
0.668861 -82.0994
0.675024 -83.6709
0.681124 -83.6445
0.687237 -84.0039
0.693381 -82.2934
0.699536 -80.3406
0.705665 -82.5512
0.711789 -79.9199
0.717957 -80.4232
0.72409 -78.8586
0.730186 -78.165
0.736317 -79.0382
0.742472 -79.3314
0.748622 -79.0472
0.75476 -78.745
0.760888 -77.5787
0.767043 -79.1892
0.773185 -77.3955
0.779291 -76.3241
0.785407 -75.7295
0.791564 -76.0102
0.797719 -75.2766
0.803834 -76.013
0.809972 -76.829
0.816124 -76.1986
0.822261 -73.7827
0.828378 -75.0232
0.834502 -73.8624
0.840667 -71.6066
0.846816 -72.8631
0.852925 -73.5394
0.859047 -74.1514
0.865192 -73.9056
0.871341 -72.512
0.877463 -73.553
0.883569 -73.3782
0.889708 -72.4784
0.895864 -72.0578
0.902008 -72.1709
0.908149 -71.0667
0.914301 -71.7078
0.920448 -71.5349
0.926574 -70.4617
0.932687 -71.147
0.938823 -70.6106
0.944975 -69.7474
0.951105 -69.6399
0.957225 -69.8103
0.963368 -69.231
0.969511 -70.0813
0.975621 -69.4212
0.981748 -69.06
0.987916 -67.9294
0.99406 -68.1906
1.00019 -67.8146
1.00632 -67.5909
1.01246 -68.8497
1.01859 -67.9534
1.02471 -67.4003
1.03085 -67.3021
1.03698 -66.5501
1.04314 -66.5706
1.04929 -66.6053
1.05541 -65.4456
1.06154 -65.6583
1.06769 -65.8249
1.07382 -65.1246
1.07993 -65.8225
1.08607 -65.0758
1.09222 -64.6713
1.09836 -64.8929
1.10449 -64.2884
1.11063 -64.2946
1.11677 -64.5664
1.1229 -64.3315
1.12903 -64.3405
1.13518 -63.8579
1.14131 -63.0601
1.14745 -62.9384
1.15359 -62.9526
1.15973 -62.8945
1.16584 -62.183
1.17197 -63.2945
1.17811 -61.7161
1.18424 -61.9583
1.19038 -61.9028
1.19652 -61.9035
1.20267 -61.7284
1.20881 -61.3312
1.21495 -61.1549
1.22108 -61.1342
1.2272 -61.0751
1.23334 -60.6575
1.23949 -60.3092
1.24562 -59.8649
1.25174 -59.7311
1.25789 -59.4132
1.26402 -59.6922
1.27014 -58.8737
1.27628 -59.2801
1.28244 -59.1654
1.28858 -58.2535
1.29471 -59.0071
1.30084 -57.597
1.30697 -58.633
1.31312 -57.8719
1.31925 -57.9497
1.32537 -57.314
1.33151 -57.193
1.33765 -56.9187
1.34378 -57.1421
1.34992 -57.0376
1.35606 -56.9838
1.3622 -55.9335
1.36833 -56.3138
1.37445 -56.4677
1.38059 -55.4723
1.38675 -55.6675
1.39288 -55.6369
1.39901 -55.4411
1.40515 -55.1309
1.4113 -54.7526
1.41742 -54.7385
1.42355 -54.6028
1.4297 -54.4935
1.43585 -54.1822
1.44198 -54.2752
1.44809 -53.7419
1.45423 -53.5178
1.46036 -53.1801
1.46649 -53.5869
1.47263 -53.2286
1.47877 -52.9147
1.48491 -52.3591
1.49104 -52.288
1.49718 -52.3789
1.50333 -52.3707
1.50947 -52.0373
1.5156 -51.9149
1.52172 -51.7197
1.52787 -51.4627
1.534 -51.4235
1.54013 -51.1543
1.54627 -50.72
1.55241 -50.9421
1.55855 -50.2416
1.56467 -50.337
1.5708 -50.0609
