0.00783031 5428.74
0.013688 4242.81
0.019231 5681.72
0.0249154 4529.2
0.0312784 4924.29
0.0375637 4459.01
0.0433917 4498.45
0.0492413 3703.08
0.0555754 3815.33
0.0619321 3606.61
0.067871 3270.5
0.0738098 3177.97
0.0800417 2891.61
0.0862327 2946.12
0.0921407 2502.02
0.0982031 2420.99
0.104506 2231.77
0.110769 2222.82
0.116806 2051.6
0.122832 2003.57
0.129052 1829.95
0.135211 1700.06
0.141259 1614.51
0.147318 1576.57
0.153489 1489.49
0.159709 1435.76
0.165845 1334.32
0.171974 1283.63
0.178125 1215.95
0.184229 1148.96
0.19034 1058.13
0.196428 1086.1
0.202534 1018.55
0.208729 943.833
0.214876 894.094
0.220989 869.193
0.227147 839.053
0.23329 770.245
0.239377 725.12
0.245482 713.434
0.251667 659.276
0.257832 643.984
0.263955 595.426
0.270079 607.231
0.27624 564.057
0.282372 527.288
0.28843 479.716
0.294538 453.828
0.300721 467.947
0.30691 430.964
0.313033 398.268
0.319153 364.385
0.325316 370.568
0.33145 339.706
0.337538 312.033
0.343633 304.102
0.349808 286.027
0.355968 271.955
0.362074 266.927
0.368217 245.421
0.374374 229.989
0.380519 209.791
0.386598 197.65
0.392688 189.177
0.39888 174.661
0.405048 162.891
0.411186 142.362
0.417313 140.415
0.423458 124.66
0.429607 118.419
0.435692 111.453
0.441815 95.896
0.447964 92.7741
0.454126 76.3814
0.460267 67.9586
0.466387 55.3786
0.47254 52.8121
0.478662 43.7954
0.484765 29.8021
0.490885 24.0189
0.497035 12.5021
0.503198 7.299
0.509342 7.23982
0.515458 -6.29065
0.521598 -10.0132
0.527764 -8.42355
0.533884 -21.1667
0.54 -24.1079
0.546137 -31.4004
0.552299 -42.6732
0.558452 -42.4
0.564573 -49.6293
0.570708 -52.7559
0.576825 -58.9487
0.582926 -66.2844
0.589034 -71.2919
0.595184 -76.7235
0.601379 -78.8427
0.607522 -78.9234
0.613639 -81.4191
0.619772 -85.5316
0.625918 -86.6798
0.632068 -93.9035
0.638161 -97.4464
0.6443 -99.0845
0.650464 -100.045
0.656582 -104.339
0.662703 -105.57
0.668861 -107.863
0.675024 -110.474
0.681124 -113.247
0.687237 -115.854
0.693381 -114.156
0.699536 -119.518
0.705665 -120.669
0.711789 -122.275
0.717957 -121.545
0.72409 -126.021
0.730186 -124.097
0.736317 -125.2
0.742472 -127.956
0.748622 -131.938
0.75476 -130.271
0.760888 -129.799
0.767043 -136.489
0.773185 -135.99
0.779291 -135.979
0.785407 -134.435
0.791564 -137.541
0.797719 -131.704
0.803834 -139.731
0.809972 -136.091
0.816124 -138.716
0.822261 -134.03
0.828378 -138.069
0.834502 -138.218
0.840667 -139.148
0.846816 -138.4
0.852925 -137.872
0.859047 -137.729
0.865192 -138.161
0.871341 -136.238
0.877463 -135.123
0.883569 -136.04
0.889708 -135.426
0.895864 -134.914
0.902008 -138.217
0.908149 -133.788
0.914301 -135.939
0.920448 -132.875
0.926574 -135.605
0.932687 -131.449
0.938823 -134.559
0.944975 -131.183
0.951105 -131.866
0.957225 -132.657
0.963368 -127.843
0.969511 -131.439
0.975621 -129.2
0.981748 -127.042
0.987916 -128.07
0.99406 -126.669
1.00019 -125.038
1.00632 -125.805
1.01246 -124.362
1.01859 -123.908
1.02471 -124.835
1.03085 -121.697
1.03698 -121.472
1.04314 -118.085
1.04929 -117.978
1.05541 -119.192
1.06154 -120.723
1.06769 -118.693
1.07382 -117.898
1.07993 -116.684
1.08607 -115.022
1.09222 -114.346
1.09836 -114.187
1.10449 -114.603
1.11063 -112.757
1.11677 -111.344
1.1229 -108.554
1.12903 -107.006
1.13518 -110.647
1.14131 -108.966
1.14745 -106.06
1.15359 -106.062
1.15973 -103.651
1.16584 -102.121
1.17197 -102.079
1.17811 -102.672
1.18424 -102.216
1.19038 -101.107
1.19652 -97.4412
1.20267 -98.6
1.20881 -97.3943
1.21495 -95.8324
1.22108 -94.4543
1.2272 -96.2661
1.23334 -93.7969
1.23949 -92.9096
1.24562 -90.7721
1.25174 -89.4942
1.25789 -89.7912
1.26402 -89.7443
1.27014 -88.4717
1.27628 -87.3933
1.28244 -87.2757
1.28858 -85.7235
1.29471 -85.0803
1.30084 -86.6616
1.30697 -84.8198
1.31312 -82.9036
1.31925 -82.4066
1.32537 -81.1796
1.33151 -81.2714
1.33765 -81.4954
1.34378 -79.1143
1.34992 -76.9219
1.35606 -77.5074
1.3622 -77.9086
1.36833 -75.1131
1.37445 -74.9043
1.38059 -74.1276
1.38675 -72.8597
1.39288 -72.5045
1.39901 -72.274
1.40515 -71.0501
1.4113 -70.7005
1.41742 -71.4486
1.42355 -70.4152
1.4297 -67.1727
1.43585 -69.0283
1.44198 -67.845
1.44809 -67.6828
1.45423 -66.3113
1.46036 -65.8215
1.46649 -65.6114
1.47263 -63.7858
1.47877 -62.4733
1.48491 -61.9278
1.49104 -62.143
1.49718 -61.8375
1.50333 -60.725
1.50947 -61.1174
1.5156 -59.9322
1.52172 -59.1074
1.52787 -58.4072
1.534 -56.4125
1.54013 -59.1572
1.54627 -56.2128
1.55241 -55.5447
1.55855 -54.5453
1.56467 -54.9906
1.5708 -54.8995
