0.00783031 -3103.59
0.013688 57.5709
0.019231 -754.42
0.0249154 -547.879
0.0312784 -210.853
0.0375637 -172.869
0.0433917 -726.595
0.0492413 -84.8129
0.0555754 -615.727
0.0619321 -45.2602
0.067871 -221.522
0.0738098 -465.98
0.0800417 -315.6
0.0862327 -79.867
0.0921407 -189.063
0.0982031 -181.106
0.104506 -179.118
0.110769 -293.34
0.116806 -279.302
0.122832 -240.962
0.129052 -256.993
0.135211 -243.768
0.141259 -257.041
0.147318 -172.047
0.153489 -239.363
0.159709 -190.27
0.165845 -230.005
0.171974 -174.745
0.178125 -198.332
0.184229 -174.878
0.19034 -186.754
0.196428 -188.65
0.202534 -182.032
0.208729 -174.887
0.214876 -163.152
0.220989 -195.896
0.227147 -165.146
0.23329 -170.03
0.239377 -149.156
0.245482 -149.951
0.251667 -144.792
0.257832 -151.342
0.263955 -142.248
0.270079 -147.218
0.27624 -132.856
0.282372 -144.106
0.28843 -143.87
0.294538 -140.167
0.300721 -132.008
0.30691 -126.319
0.313033 -128.931
0.319153 -127.609
0.325316 -123.089
0.33145 -121.367
0.337538 -120.667
0.343633 -117.908
0.349808 -120.973
0.355968 -109.092
0.362074 -108.616
0.368217 -105.625
0.374374 -106.907
0.380519 -107.651
0.386598 -101.04
0.392688 -100.793
0.39888 -96.8573
0.405048 -97.3579
0.411186 -95.405
0.417313 -91.1303
0.423458 -95.0565
0.429607 -88.786
0.435692 -87.5359
0.441815 -88.6527
0.447964 -85.4524
0.454126 -84.5563
0.460267 -82.8239
0.466387 -79.7276
0.47254 -79.1896
0.478662 -79.3809
0.484765 -79.3892
0.490885 -77.5167
0.497035 -75.8703
0.503198 -74.3336
0.509342 -72.9137
0.515458 -68.8067
0.521598 -67.3827
0.527764 -67.0799
0.533884 -67.8236
0.54 -65.329
0.546137 -64.7496
0.552299 -64.5994
0.558452 -63.0497
0.564573 -62.0691
0.570708 -61.0364
0.576825 -60.5062
0.582926 -59.3589
0.589034 -58.0356
0.595184 -59.1934
0.601379 -56.9565
0.607522 -55.1788
0.613639 -53.8544
0.619772 -53.2059
0.625918 -51.4576
0.632068 -51.9562
0.638161 -51.27
0.6443 -50.4281
0.650464 -49.6082
0.656582 -49.6029
0.662703 -47.4188
0.668861 -47.0964
0.675024 -45.7281
0.681124 -44.781
0.687237 -44.4071
0.693381 -43.5568
0.699536 -43.1065
0.705665 -43.3236
0.711789 -41.3839
0.717957 -40.5393
0.72409 -41.3382
0.730186 -39.03
0.736317 -38.2621
0.742472 -38.5389
0.748622 -38.0007
0.75476 -37.234
0.760888 -36.8087
0.767043 -36.8524
0.773185 -35.6974
0.779291 -35.5773
0.785407 -34.5071
0.791564 -34.6134
0.797719 -32.425
0.803834 -33.5666
0.809972 -32.5193
0.816124 -32.4345
0.822261 -30.8137
0.828378 -30.9353
0.834502 -31.3955
0.840667 -30.7273
0.846816 -29.6741
0.852925 -29.3088
0.859047 -28.8957
0.865192 -28.3369
0.871341 -28.0749
0.877463 -26.8128
0.883569 -27.0678
0.889708 -26.5903
0.895864 -26.3081
0.902008 -26.8652
0.908149 -25.433
0.914301 -25.3877
0.920448 -25.8121
0.926574 -25.0002
0.932687 -24.4922
0.938823 -24.2438
0.944975 -23.4716
0.951105 -23.8625
0.957225 -24.1195
0.963368 -22.4562
0.969511 -23.1121
0.975621 -22.7069
0.981748 -21.905
0.987916 -22.03
0.99406 -21.7235
1.00019 -21.1364
1.00632 -21.7274
1.01246 -21.0831
1.01859 -21.0491
1.02471 -20.9585
1.03085 -20.141
1.03698 -20.3371
1.04314 -19.5713
1.04929 -19.7062
1.05541 -19.1828
1.06154 -20.2741
1.06769 -19.654
1.07382 -19.5479
1.07993 -18.6573
1.08607 -18.7599
1.09222 -18.8585
1.09836 -18.2582
1.10449 -18.1636
1.11063 -18.0288
1.11677 -18.2329
1.1229 -17.5604
1.12903 -17.638
1.13518 -17.5539
1.14131 -17.2993
1.14745 -17.388
1.15359 -17.1895
1.15973 -17.2397
1.16584 -16.8661
1.17197 -16.9325
1.17811 -16.7568
1.18424 -16.9375
1.19038 -16.6905
1.19652 -16.1272
1.20267 -16.2187
1.20881 -16.0129
1.21495 -15.8164
1.22108 -15.8668
1.2272 -16.0294
1.23334 -15.1202
1.23949 -15.1337
1.24562 -15.0185
1.25174 -15.0084
1.25789 -14.8974
1.26402 -15.265
1.27014 -14.8667
1.27628 -15.0156
1.28244 -14.8765
1.28858 -14.3452
1.29471 -14.6163
1.30084 -14.5358
1.30697 -14.68
1.31312 -14.4373
1.31925 -14.1625
1.32537 -14.0403
1.33151 -14.3032
1.33765 -14.3506
1.34378 -13.8418
1.34992 -13.702
1.35606 -13.5774
1.3622 -13.7034
1.36833 -13.5773
1.37445 -13.5926
1.38059 -12.8984
1.38675 -13.2628
1.39288 -13.2118
1.39901 -13.1962
1.40515 -13.0009
1.4113 -12.65
1.41742 -13.3956
1.42355 -12.9046
1.4297 -12.4742
1.43585 -12.7473
1.44198 -12.6886
1.44809 -12.7403
1.45423 -12.4183
1.46036 -12.5199
1.46649 -12.3279
1.47263 -12.3624
1.47877 -11.9885
1.48491 -12.1358
1.49104 -12.0962
1.49718 -11.8152
1.50333 -12.0808
1.50947 -12.0749
1.5156 -11.5797
1.52172 -11.701
1.52787 -11.7856
1.534 -11.6826
1.54013 -11.6459
1.54627 -11.3276
1.55241 -11.377
1.55855 -10.9806
1.56467 -11.1517
1.5708 -10.8465
