0.00783031 413.493
0.013688 -335.836
0.019231 -472.98
0.0249154 156.858
0.0312784 -376.924
0.0375637 114.288
0.0433917 -198.76
0.0492413 -419.865
0.0555754 -395.431
0.0619321 -138.262
0.067871 -176.189
0.0738098 -255.458
0.0800417 -150.221
0.0862327 -300.071
0.0921407 -257.431
0.0982031 -130.668
0.104506 -172.858
0.110769 -235.024
0.116806 -160.923
0.122832 -190.859
0.129052 -189.565
0.135211 -243.683
0.141259 -194.333
0.147318 -219.829
0.153489 -136.908
0.159709 -163.693
0.165845 -191.623
0.171974 -177.346
0.178125 -178.255
0.184229 -175.275
0.19034 -168.943
0.196428 -157.237
0.202534 -165.694
0.208729 -159.578
0.214876 -171.471
0.220989 -155.436
0.227147 -154.203
0.23329 -150.6
0.239377 -160.397
0.245482 -155.319
0.251667 -158.817
0.257832 -156.824
0.263955 -157.305
0.270079 -146.391
0.27624 -144.374
0.282372 -142.743
0.28843 -130.196
0.294538 -141.03
0.300721 -144.341
0.30691 -135.447
0.313033 -134.618
0.319153 -127.111
0.325316 -131.48
0.33145 -126.067
0.337538 -131.796
0.343633 -131.811
0.349808 -124.583
0.355968 -128.647
0.362074 -122.549
0.368217 -119.253
0.374374 -118.638
0.380519 -117.792
0.386598 -118.105
0.392688 -116.239
0.39888 -110.846
0.405048 -111.091
0.411186 -113.717
0.417313 -111.61
0.423458 -106.84
0.429607 -105.203
0.435692 -109.676
0.441815 -100.01
0.447964 -108.268
0.454126 -107.749
0.460267 -106.091
0.466387 -102.929
0.47254 -103.201
0.478662 -102.899
0.484765 -98.983
0.490885 -101.072
0.497035 -97.1556
0.503198 -98.9007
0.509342 -100.534
0.515458 -94.1493
0.521598 -97.6287
0.527764 -94.95
0.533884 -94.5103
0.54 -92.8797
0.546137 -94.7372
0.552299 -92.0256
0.558452 -91.0976
0.564573 -90.2496
0.570708 -91.8791
0.576825 -87.7952
0.582926 -87.8563
0.589034 -86.6745
0.595184 -87.2607
0.601379 -85.9622
0.607522 -87.6778
0.613639 -85.5208
0.619772 -88.0346
0.625918 -85.5024
0.632068 -84.1462
0.638161 -84.092
0.6443 -82.5884
0.650464 -82.7964
0.656582 -82.8711
0.662703 -80.4873
0.668861 -81.621
0.675024 -80.4475
0.681124 -78.5769
0.687237 -77.8084
0.693381 -77.9304
0.699536 -77.801
0.705665 -76.8903
0.711789 -75.8815
0.717957 -77.0476
0.72409 -76.5433
0.730186 -76.251
0.736317 -74.8704
0.742472 -75.8552
0.748622 -73.567
0.75476 -73.2833
0.760888 -73.6458
0.767043 -74.4931
0.773185 -73.3946
0.779291 -71.9312
0.785407 -70.9837
0.791564 -71.0095
0.797719 -71.8796
0.803834 -70.0891
0.809972 -69.3858
0.816124 -69.5676
0.822261 -69.287
0.828378 -69.6201
0.834502 -68.6428
0.840667 -68.2293
0.846816 -66.6057
0.852925 -67.2776
0.859047 -66.4422
0.865192 -66.853
0.871341 -66.8605
0.877463 -66.1212
0.883569 -65.879
0.889708 -64.3586
0.895864 -64.3936
0.902008 -62.9773
0.908149 -63.453
0.914301 -63.1975
0.920448 -63.5056
0.926574 -61.993
0.932687 -62.0502
0.938823 -61.547
0.944975 -60.3941
0.951105 -60.5951
0.957225 -60.9658
0.963368 -59.1467
0.969511 -60.0929
0.975621 -59.933
0.981748 -59.3378
0.987916 -58.1177
0.99406 -58.7497
1.00019 -57.9154
1.00632 -57.2897
1.01246 -57.5754
1.01859 -57.1781
1.02471 -56.4217
1.03085 -56.1709
1.03698 -56.018
1.04314 -54.5522
1.04929 -55.2321
1.05541 -55.2803
1.06154 -55.1217
1.06769 -54.5165
1.07382 -53.8609
1.07993 -54.6159
1.08607 -53.4259
1.09222 -53.8191
1.09836 -52.7082
1.10449 -52.2497
1.11063 -51.9584
1.11677 -52.1645
1.1229 -51.8083
1.12903 -51.6295
1.13518 -51.2053
1.14131 -51.2042
1.14745 -50.2011
1.15359 -50.0424
1.15973 -49.5002
1.16584 -49.9568
1.17197 -49.422
1.17811 -49.147
1.18424 -48.5838
1.19038 -48.2559
1.19652 -47.8735
1.20267 -48.2472
1.20881 -47.4282
1.21495 -47.5093
1.22108 -47.0943
1.2272 -47.26
1.23334 -46.3147
1.23949 -45.8313
1.24562 -45.8653
1.25174 -45.6348
1.25789 -45.247
1.26402 -45.0528
1.27014 -44.5593
1.27628 -44.3504
1.28244 -44.1175
1.28858 -43.7653
1.29471 -43.4478
1.30084 -43.2856
1.30697 -43.2483
1.31312 -42.4389
1.31925 -42.7446
1.32537 -42.4287
1.33151 -42.2259
1.33765 -42.1854
1.34378 -41.8243
1.34992 -41.6793
1.35606 -41.2843
1.3622 -40.7424
1.36833 -40.933
1.37445 -40.6155
1.38059 -40.4592
1.38675 -39.7638
1.39288 -39.5041
1.39901 -39.5556
1.40515 -39.5389
1.4113 -39.1869
1.41742 -38.9444
1.42355 -38.7254
1.4297 -38.4859
1.43585 -38.3429
1.44198 -38.0677
1.44809 -37.6022
1.45423 -37.5473
1.46036 -37.4783
1.46649 -36.6494
1.47263 -36.9078
1.47877 -36.7532
1.48491 -36.4197
1.49104 -36.1312
1.49718 -35.7763
1.50333 -35.6047
1.50947 -35.4113
1.5156 -34.9449
1.52172 -35.1095
1.52787 -34.9471
1.534 -34.5717
1.54013 -34.1872
1.54627 -34.3212
1.55241 -33.9612
1.55855 -33.6962
1.56467 -33.7706
1.5708 -33.2401
