0.00783031 20348.2
0.013688 25488.4
0.019231 26289.4
0.0249154 23865.5
0.0312784 19942.9
0.0375637 17639.7
0.0433917 14963.1
0.0492413 13872.6
0.0555754 12626.1
0.0619321 11722.7
0.067871 11024.7
0.0738098 10274.6
0.0800417 9004.6
0.0862327 8232.69
0.0921407 7500.49
0.0982031 6723.64
0.104506 6116.62
0.110769 5733.75
0.116806 5439.4
0.122832 5414.75
0.129052 4942.35
0.135211 4797.99
0.141259 4470.33
0.147318 4193.22
0.153489 3954.45
0.159709 3799.05
0.165845 3620.84
0.171974 3440.07
0.178125 3278.13
0.184229 3182.07
0.19034 3087.96
0.196428 2986.47
0.202534 2890.87
0.208729 2737.5
0.214876 2660.9
0.220989 2588.27
0.227147 2542.32
0.23329 2444.62
0.239377 2393.41
0.245482 2335.36
0.251667 2237.23
0.257832 2167.75
0.263955 2137.31
0.270079 2080.23
0.27624 2013.53
0.282372 1990.84
0.28843 1927.88
0.294538 1909.77
0.300721 1879.3
0.30691 1827.16
0.313033 1776.25
0.319153 1741.08
0.325316 1722.82
0.33145 1665.91
0.337538 1646.29
0.343633 1625.14
0.349808 1581.81
0.355968 1581.33
0.362074 1532.07
0.368217 1505.1
0.374374 1484.31
0.380519 1454.25
0.386598 1437.16
0.392688 1425.96
0.39888 1393.65
0.405048 1371.16
0.411186 1369.96
0.417313 1343.46
0.423458 1325.43
0.429607 1304.05
0.435692 1283.29
0.441815 1273
0.447964 1258.54
0.454126 1224.71
0.460267 1224.92
0.466387 1204.62
0.47254 1194.32
0.478662 1178.25
0.484765 1162.18
0.490885 1152.45
0.497035 1138.91
0.503198 1116.08
0.509342 1125.52
0.515458 1081.8
0.521598 1079.57
0.527764 1072.85
0.533884 1059.08
0.54 1055.43
0.546137 1038.43
0.552299 1025.23
0.558452 1018.23
0.564573 1000.15
0.570708 989.745
0.576825 974.024
0.582926 974.044
0.589034 959.26
0.595184 952.221
0.601379 945.17
0.607522 935.86
0.613639 921.974
0.619772 922.411
0.625918 906.432
0.632068 898.372
0.638161 890.781
0.6443 881.777
0.650464 876.198
0.656582 871.211
0.662703 853.148
0.668861 845.168
0.675024 837.077
0.681124 833.048
0.687237 826.916
0.693381 816.855
0.699536 808.59
0.705665 802.955
0.711789 797.986
0.717957 786.51
0.72409 779.973
0.730186 775.75
0.736317 766.605
0.742472 764.32
0.748622 750.895
0.75476 746.054
0.760888 744.774
0.767043 736.262
0.773185 730.974
0.779291 722.308
0.785407 716.486
0.791564 709.932
0.797719 704.329
0.803834 699.465
0.809972 689.607
0.816124 683.427
0.822261 681.777
0.828378 674.835
0.834502 668.899
0.840667 662.11
0.846816 655.566
0.852925 655.031
0.859047 645.51
0.865192 640.128
0.871341 638.322
0.877463 631.755
0.883569 623.447
0.889708 619.251
0.895864 613.313
0.902008 608.033
0.908149 602.605
0.914301 595.666
0.920448 592.949
0.926574 587.186
0.932687 582.544
0.938823 578.362
0.944975 572.282
0.951105 568.875
0.957225 567.065
0.963368 559.779
0.969511 554.719
0.975621 552.227
0.981748 546.629
0.987916 540.658
0.99406 535.539
1.00019 532.193
1.00632 527.131
1.01246 522.995
1.01859 517.162
1.02471 514.295
1.03085 509.919
1.03698 509.125
1.04314 500.122
1.04929 498.636
1.05541 495.077
1.06154 491.472
1.06769 486.145
1.07382 480.016
1.07993 479.283
1.08607 473.153
1.09222 471.658
1.09836 465.361
1.10449 460.924
1.11063 456.374
1.11677 453.272
1.1229 450.354
1.12903 447.38
1.13518 443.798
1.14131 439.345
1.14745 435.169
1.15359 431.383
1.15973 427.195
1.16584 424.129
1.17197 420.923
1.17811 417.324
1.18424 413.762
1.19038 410.15
1.19652 407.593
1.20267 404.91
1.20881 400.733
1.21495 399.213
1.22108 394.748
1.2272 390.473
1.23334 388.36
1.23949 383.95
1.24562 381.173
1.25174 377.995
1.25789 374.613
1.26402 372.794
1.27014 369.047
1.27628 366.763
1.28244 361.956
1.28858 359.289
1.29471 356.761
1.30084 353.742
1.30697 350.406
1.31312 347.206
1.31925 344.636
1.32537 342.739
1.33151 339.095
1.33765 336.772
1.34378 333.712
1.34992 330.536
1.35606 328.139
1.3622 325.172
1.36833 323.132
1.37445 320.34
1.38059 316.673
1.38675 315.309
1.39288 313.16
1.39901 309.978
1.40515 306.85
1.4113 304.141
1.41742 302.002
1.42355 299.814
1.4297 297.588
1.43585 293.772
1.44198 292.598
1.44809 289.857
1.45423 286.897
1.46036 285.601
1.46649 282.272
1.47263 279.531
1.47877 278.12
1.48491 275.053
1.49104 273.08
1.49718 270.727
1.50333 268.828
1.50947 266.637
1.5156 264.203
1.52172 261.967
1.52787 260.196
1.534 257.066
1.54013 255.045
1.54627 254.181
1.55241 251.238
1.55855 249.148
1.56467 247.772
1.5708 244.798
