0.00783031 36.2149
0.013688 35.0266
0.019231 30.7227
0.0249154 20.6881
0.0312784 7.35621
0.0375637 -7.31613
0.0433917 -13.7442
0.0492413 -24.0442
0.0555754 -28.8303
0.0619321 -42.9709
0.067871 -49.4708
0.0738098 -58.9556
0.0800417 -60.3676
0.0862327 -66.722
0.0921407 -64.1735
0.0982031 -68.3861
0.104506 -70.3066
0.110769 -74.0351
0.116806 -77.0668
0.122832 -82.4191
0.129052 -85.4189
0.135211 -89.843
0.141259 -86.5071
0.147318 -90.4036
0.153489 -91.84
0.159709 -95.0331
0.165845 -92.4553
0.171974 -92.7605
0.178125 -91.7992
0.184229 -93.9846
0.19034 -94.7971
0.196428 -96.3586
0.202534 -95.9598
0.208729 -103.167
0.214876 -97.6652
0.220989 -96.8968
0.227147 -98.3073
0.23329 -97.1814
0.239377 -99.0486
0.245482 -100.92
0.251667 -101.225
0.257832 -98.1775
0.263955 -100.348
0.270079 -101.709
0.27624 -101.697
0.282372 -102.766
0.28843 -103.138
0.294538 -99.4546
0.300721 -101.11
0.30691 -102.992
0.313033 -104.021
0.319153 -103.688
0.325316 -102.391
0.33145 -104.318
0.337538 -102.947
0.343633 -102.753
0.349808 -103.626
0.355968 -102.744
0.362074 -103.409
0.368217 -101.91
0.374374 -104.256
0.380519 -102.143
0.386598 -101.439
0.392688 -102.893
0.39888 -103.455
0.405048 -103.157
0.411186 -101.789
0.417313 -102.221
0.423458 -102.755
0.429607 -102.367
0.435692 -102.789
0.441815 -102.51
0.447964 -102.986
0.454126 -102.726
0.460267 -101.835
0.466387 -102.6
0.47254 -103.041
0.478662 -102.962
0.484765 -101.941
0.490885 -101.727
0.497035 -101.983
0.503198 -101.124
0.509342 -101.9
0.515458 -102.224
0.521598 -102.582
0.527764 -101.424
0.533884 -101.247
0.54 -101.041
0.546137 -100.268
0.552299 -99.9029
0.558452 -100.016
0.564573 -100.493
0.570708 -100.485
0.576825 -99.157
0.582926 -100.453
0.589034 -100.095
0.595184 -100.951
0.601379 -100.248
0.607522 -100.28
0.613639 -99.0096
0.619772 -97.8267
0.625918 -100.022
0.632068 -99.1067
0.638161 -98.2553
0.6443 -97.3971
0.650464 -98.0209
0.656582 -98.5227
0.662703 -98.3713
0.668861 -99.6085
0.675024 -98.7163
0.681124 -97.9557
0.687237 -96.5098
0.693381 -96.0732
0.699536 -96.8759
0.705665 -97.2114
0.711789 -97.7346
0.717957 -94.9764
0.72409 -96.6956
0.730186 -96.51
0.736317 -94.8024
0.742472 -94.921
0.748622 -94.6313
0.75476 -94.0112
0.760888 -94.8943
0.767043 -93.7149
0.773185 -93.5504
0.779291 -93.1137
0.785407 -93.0171
0.791564 -93.3701
0.797719 -93.0451
0.803834 -92.8948
0.809972 -92.0707
0.816124 -91.9928
0.822261 -91.0994
0.828378 -91.6004
0.834502 -92.4593
0.840667 -90.848
0.846816 -90.4071
0.852925 -90.3694
0.859047 -90.9716
0.865192 -90.1511
0.871341 -88.578
0.877463 -88.5922
0.883569 -89.727
0.889708 -89.9981
0.895864 -88.7126
0.902008 -88.4896
0.908149 -88.9684
0.914301 -87.5141
0.920448 -87.9869
0.926574 -87.9596
0.932687 -87.2797
0.938823 -86.6779
0.944975 -86.7725
0.951105 -86.1005
0.957225 -86.7045
0.963368 -86.0913
0.969511 -85.4201
0.975621 -84.9869
0.981748 -84.9363
0.987916 -84.2633
0.99406 -85.0114
1.00019 -84.0065
1.00632 -83.969
1.01246 -84.0282
1.01859 -83.5706
1.02471 -83.2978
1.03085 -83.0981
1.03698 -82.3535
1.04314 -82.0992
1.04929 -81.9988
1.05541 -81.2122
1.06154 -81.003
1.06769 -80.1372
1.07382 -81.1492
1.07993 -80.1286
1.08607 -80.192
1.09222 -78.9799
1.09836 -79.316
1.10449 -79.219
1.11063 -78.6547
1.11677 -79.0482
1.1229 -77.8909
1.12903 -77.5454
1.13518 -77.4235
1.14131 -77.5161
1.14745 -77.5664
1.15359 -77.0146
1.15973 -76.6533
1.16584 -76.3782
1.17197 -76.0624
1.17811 -75.566
1.18424 -75.5505
1.19038 -76.0095
1.19652 -75.1022
1.20267 -74.8626
1.20881 -73.7482
1.21495 -74.4382
1.22108 -74.0378
1.2272 -73.8191
1.23334 -73.464
1.23949 -73.1843
1.24562 -72.7812
1.25174 -72.3689
1.25789 -72.6351
1.26402 -71.9011
1.27014 -72.1383
1.27628 -71.5302
1.28244 -71.3927
1.28858 -70.6523
1.29471 -70.6314
1.30084 -70.5003
1.30697 -70.4139
1.31312 -70.4384
1.31925 -69.691
1.32537 -69.8212
1.33151 -69.2893
1.33765 -69.1412
1.34378 -68.7752
1.34992 -68.3166
1.35606 -68.0757
1.3622 -68.0319
1.36833 -68.1673
1.37445 -67.5278
1.38059 -67.1799
1.38675 -67.1556
1.39288 -67.6096
1.39901 -66.6948
1.40515 -66.5585
1.4113 -66.4244
1.41742 -65.9499
1.42355 -65.7487
1.4297 -65.7391
1.43585 -65.4219
1.44198 -65.3919
1.44809 -64.7603
1.45423 -64.7828
1.46036 -64.4087
1.46649 -64.282
1.47263 -63.9944
1.47877 -63.6616
1.48491 -63.3598
1.49104 -63.0987
1.49718 -63.2634
1.50333 -63.0312
1.50947 -62.8673
1.5156 -62.7511
1.52172 -62.3086
1.52787 -61.3799
1.534 -61.9434
1.54013 -61.7607
1.54627 -60.8971
1.55241 -61.1578
1.55855 -60.6133
1.56467 -60.5641
1.5708 -60.1915
