0.00783031 9502.08
0.013688 8736.27
0.019231 11673.9
0.0249154 8860.56
0.0312784 9240.88
0.0375637 9607.49
0.0433917 9957.96
0.0492413 9001.93
0.0555754 9056.29
0.0619321 8445.36
0.067871 8511.92
0.0738098 8721.22
0.0800417 8137.89
0.0862327 8156.34
0.0921407 8017.94
0.0982031 7791.62
0.104506 8083.37
0.110769 7470.18
0.116806 7770.41
0.122832 7449.71
0.129052 7334.65
0.135211 7220.77
0.141259 7044.11
0.147318 7030.31
0.153489 6820.89
0.159709 6866.59
0.165845 6693.14
0.171974 6428.65
0.178125 6485.21
0.184229 6427.21
0.19034 6142.02
0.196428 6164.63
0.202534 6059.33
0.208729 6054.96
0.214876 5940.46
0.220989 5761.7
0.227147 5892.68
0.23329 5744.61
0.239377 5685.4
0.245482 5570.84
0.251667 5537.19
0.257832 5490
0.263955 5309.88
0.270079 5315.68
0.27624 5223.98
0.282372 5243.55
0.28843 5209.79
0.294538 5212.58
0.300721 5091.47
0.30691 5081.53
0.313033 4953.37
0.319153 5024.94
0.325316 4970.27
0.33145 4947.33
0.337538 4889.88
0.343633 4829.44
0.349808 4758.13
0.355968 4745.63
0.362074 4694.29
0.368217 4711.94
0.374374 4595.49
0.380519 4605.35
0.386598 4542.52
0.392688 4516.78
0.39888 4486.9
0.405048 4454.65
0.411186 4420.91
0.417313 4416.81
0.423458 4382.14
0.429607 4364.88
0.435692 4371.83
0.441815 4319.57
0.447964 4342.68
0.454126 4261.4
0.460267 4280.25
0.466387 4230.57
0.47254 4184.33
0.478662 4156.77
0.484765 4181.5
0.490885 4156.31
0.497035 4125.6
0.503198 4084.48
0.509342 4091.52
0.515458 4035.86
0.521598 4040.63
0.527764 4034.13
0.533884 4001.55
0.54 4003.69
0.546137 3927.24
0.552299 3936.47
0.558452 3936.9
0.564573 3890.49
0.570708 3912.09
0.576825 3848.15
0.582926 3851.9
0.589034 3872.12
0.595184 3883.73
0.601379 3855.3
0.607522 3807.85
0.613639 3813.21
0.619772 3786.59
0.625918 3783.11
0.632068 3761.62
0.638161 3762.77
0.6443 3753.63
0.650464 3719.42
0.656582 3709.06
0.662703 3717.19
0.668861 3681.51
0.675024 3677.25
0.681124 3663.24
0.687237 3636.21
0.693381 3646.83
0.699536 3640.98
0.705665 3621.56
0.711789 3607.37
0.717957 3619.45
0.72409 3576.55
0.730186 3592.99
0.736317 3565.98
0.742472 3545.37
0.748622 3534.53
0.75476 3529.04
0.760888 3522.77
0.767043 3533.99
0.773185 3501.05
0.779291 3498.95
0.785407 3499.59
0.791564 3471.24
0.797719 3467.7
0.803834 3453.11
0.809972 3449.24
0.816124 3422.11
0.822261 3414.68
0.828378 3420.31
0.834502 3397.8
0.840667 3404.07
0.846816 3374.84
0.852925 3378.81
0.859047 3359.54
0.865192 3362.84
0.871341 3354.41
0.877463 3335.31
0.883569 3344.74
0.889708 3352.25
0.895864 3335.54
0.902008 3308.9
0.908149 3321.75
0.914301 3306.15
0.920448 3289.46
0.926574 3270.22
0.932687 3267.88
0.938823 3276.02
0.944975 3287.26
0.951105 3249.4
0.957225 3245.8
0.963368 3228.6
0.969511 3239.97
0.975621 3230.79
0.981748 3224.45
0.987916 3206.02
0.99406 3205.1
1.00019 3219.06
1.00632 3197.82
1.01246 3181.16
1.01859 3183.26
1.02471 3173.19
1.03085 3175
1.03698 3164.15
1.04314 3151.88
1.04929 3146.65
1.05541 3148.16
1.06154 3134.49
1.06769 3133.67
1.07382 3132.23
1.07993 3108.33
1.08607 3111.24
1.09222 3102.26
1.09836 3103.69
1.10449 3083.82
1.11063 3096.33
1.11677 3092.28
1.1229 3075.27
1.12903 3063.1
1.13518 3062.75
1.14131 3055.78
1.14745 3051.25
1.15359 3049.25
1.15973 3031.58
1.16584 3035.14
1.17197 3025.69
1.17811 3029.31
1.18424 3011.52
1.19038 3004.41
1.19652 2999.46
1.20267 2988.94
1.20881 2990.23
1.21495 2984.74
1.22108 2977.3
1.2272 2973.68
1.23334 2961.73
1.23949 2963.56
1.24562 2960.87
1.25174 2948.25
1.25789 2931.19
1.26402 2936.78
1.27014 2922.84
1.27628 2936.82
1.28244 2924.76
1.28858 2919.13
1.29471 2911.97
1.30084 2896.53
1.30697 2894.54
1.31312 2895.42
1.31925 2874.7
1.32537 2875.18
1.33151 2873.78
1.33765 2867.82
1.34378 2863.39
1.34992 2861.09
1.35606 2844.45
1.3622 2846.51
1.36833 2835.54
1.37445 2828.31
1.38059 2824.51
1.38675 2822.69
1.39288 2820.68
1.39901 2810.08
1.40515 2799.8
1.4113 2795.39
1.41742 2792.63
1.42355 2782.98
1.4297 2781.45
1.43585 2773.22
1.44198 2771.47
1.44809 2765.73
1.45423 2766.1
1.46036 2754.35
1.46649 2750.17
1.47263 2749.44
1.47877 2736
1.48491 2741.8
1.49104 2731.29
1.49718 2720.4
1.50333 2717.92
1.50947 2714.22
1.5156 2709
1.52172 2706.57
1.52787 2699.95
1.534 2699.29
1.54013 2688.54
1.54627 2675.25
1.55241 2681.03
1.55855 2675.63
1.56467 2666.63
1.5708 2662.02
