0.00783031 0.881466
0.013688 1.21174
0.019231 1.2416
0.0249154 1.3359
0.0312784 1.31262
0.0375637 1.29492
0.0433917 1.33444
0.0492413 1.37879
0.0555754 1.5389
0.0619321 1.72824
0.067871 1.7981
0.0738098 2.00213
0.0800417 2.11372
0.0862327 2.17492
0.0921407 2.26814
0.0982031 2.38777
0.104506 2.63022
0.110769 2.87145
0.116806 3.1261
0.122832 3.33597
0.129052 3.59536
0.135211 3.84298
0.141259 4.01779
0.147318 4.26499
0.153489 4.52123
0.159709 4.76773
0.165845 4.87973
0.171974 5.37515
0.178125 5.82049
0.184229 6.12737
0.19034 6.4334
0.196428 6.83531
0.202534 7.17781
0.208729 7.81356
0.214876 7.83597
0.220989 8.24846
0.227147 8.74178
0.23329 8.98341
0.239377 9.56348
0.245482 10.224
0.251667 10.7659
0.257832 11.0705
0.263955 11.5521
0.270079 12.0394
0.27624 12.6703
0.282372 13.0945
0.28843 13.5788
0.294538 14.2259
0.300721 14.7215
0.30691 15.4407
0.313033 16.0146
0.319153 16.4349
0.325316 17.3143
0.33145 17.8551
0.337538 18.1992
0.343633 19.1577
0.349808 19.5854
0.355968 20.1587
0.362074 20.9966
0.368217 21.8466
0.374374 22.3288
0.380519 22.9306
0.386598 23.6178
0.392688 24.1645
0.39888 24.9225
0.405048 25.5903
0.411186 26.5576
0.417313 26.9885
0.423458 27.7923
0.429607 28.7595
0.435692 29.3401
0.441815 29.7275
0.447964 30.6985
0.454126 31.4975
0.460267 32.2979
0.466387 33.1341
0.47254 33.8068
0.478662 34.4653
0.484765 35.7712
0.490885 36.2581
0.497035 37.2458
0.503198 38.0901
0.509342 38.8683
0.515458 39.4469
0.521598 40.2412
0.527764 40.5553
0.533884 41.7092
0.54 42.4284
0.546137 43.2645
0.552299 44.5948
0.558452 45.0369
0.564573 46.0627
0.570708 47.0991
0.576825 47.6442
0.582926 48.809
0.589034 49.9241
0.595184 50.2725
0.601379 51.1593
0.607522 52.1024
0.613639 52.7984
0.619772 53.7303
0.625918 54.2475
0.632068 55.5626
0.638161 56.1073
0.6443 57.0832
0.650464 58.0625
0.656582 59.3646
0.662703 60.1436
0.668861 60.8735
0.675024 61.5772
0.681124 62.0945
0.687237 63.1727
0.693381 63.5695
0.699536 65.0589
0.705665 66.0892
0.711789 67.0988
0.717957 67.531
0.72409 68.2993
0.730186 69.4497
0.736317 70.4681
0.742472 71.237
0.748622 72.1435
0.75476 72.6741
0.760888 73.8526
0.767043 74.7248
0.773185 75.0809
0.779291 76.7064
0.785407 77.0303
0.791564 78.2738
0.797719 78.6643
0.803834 79.4582
0.809972 80.3074
0.816124 81.3652
0.822261 81.8992
0.828378 83.011
0.834502 83.4234
0.840667 84.266
0.846816 85.0509
0.852925 85.7752
0.859047 87.1178
0.865192 87.187
0.871341 88.1851
0.877463 88.5483
0.883569 90.0182
0.889708 90.6622
0.895864 91.2582
0.902008 92.0027
0.908149 92.8629
0.914301 93.3974
0.920448 94.4695
0.926574 95.0984
0.932687 95.8522
0.938823 96.6903
0.944975 97.1132
0.951105 98.0315
0.957225 98.1432
0.963368 99.3287
0.969511 99.4975
0.975621 100.54
0.981748 100.848
0.987916 101.776
0.99406 102.07
1.00019 103.26
1.00632 104.138
1.01246 104.425
1.01859 105.06
1.02471 105.805
1.03085 106.11
1.03698 107.292
1.04314 107.508
1.04929 108.15
1.05541 109.078
1.06154 109.206
1.06769 110.007
1.07382 110.208
1.07993 110.854
1.08607 111.303
1.09222 112.188
1.09836 112.2
1.10449 112.502
1.11063 113.121
1.11677 113.79
1.1229 114.405
1.12903 114.96
1.13518 114.84
1.14131 116.052
1.14745 116.167
1.15359 116.771
1.15973 117.173
1.16584 117.818
1.17197 117.97
1.17811 118.198
1.18424 119.151
1.19038 119.426
1.19652 119.869
1.20267 120.296
1.20881 120.833
1.21495 121.207
1.22108 121.397
1.2272 121.969
1.23334 122.531
1.23949 122.748
1.24562 123.046
1.25174 123.614
1.25789 124.128
1.26402 124.289
1.27014 124.653
1.27628 124.813
1.28244 125.306
1.28858 124.951
1.29471 125.358
1.30084 126.332
1.30697 126.197
1.31312 127.098
1.31925 127.563
1.32537 127.42
1.33151 127.566
1.33765 127.921
1.34378 128.318
1.34992 128.567
1.35606 128.543
1.3622 128.954
1.36833 128.991
1.37445 129.411
1.38059 129.781
1.38675 130.124
1.39288 130.574
1.39901 130.336
1.40515 130.494
1.4113 131.431
1.41742 131.237
1.42355 131.583
1.4297 132.08
1.43585 131.883
1.44198 131.675
1.44809 132.309
1.45423 132.786
1.46036 132.491
1.46649 132.836
1.47263 133.127
1.47877 133.161
1.48491 133.241
1.49104 133.545
1.49718 133.785
1.50333 133.786
1.50947 134.024
1.5156 134.54
1.52172 134.759
1.52787 134.78
1.534 134.97
1.54013 134.963
1.54627 135.428
1.55241 135.241
1.55855 135.869
1.56467 135.622
1.5708 136.163
