0.00783031 1518.54
0.013688 -507.414
0.019231 317.688
0.0249154 -1355.14
0.0312784 219.175
0.0375637 -421.931
0.0433917 -217.651
0.0492413 -41.0602
0.0555754 59.8059
0.0619321 -6.52174
0.067871 -78.6437
0.0738098 -81.9733
0.0800417 13.7458
0.0862327 -194.128
0.0921407 -113.476
0.0982031 -239.094
0.104506 -206.117
0.110769 -190.892
0.116806 -189.51
0.122832 -199.663
0.129052 -201.566
0.135211 -162.863
0.141259 -151.948
0.147318 -139.462
0.153489 -213.59
0.159709 -162.436
0.165845 -166.243
0.171974 -169.475
0.178125 -176.974
0.184229 -169.367
0.19034 -164.408
0.196428 -165.047
0.202534 -158.702
0.208729 -158.404
0.214876 -146.846
0.220989 -137.641
0.227147 -149.015
0.23329 -157.793
0.239377 -152.388
0.245482 -153.742
0.251667 -145.442
0.257832 -136.98
0.263955 -152.745
0.270079 -140.65
0.27624 -153.255
0.282372 -140.094
0.28843 -131.308
0.294538 -133.993
0.300721 -136.392
0.30691 -139.305
0.313033 -137.287
0.319153 -121.727
0.325316 -133.143
0.33145 -125.358
0.337538 -124.062
0.343633 -127.876
0.349808 -115.541
0.355968 -123.004
0.362074 -124.404
0.368217 -120.928
0.374374 -118.379
0.380519 -119.369
0.386598 -117.54
0.392688 -116.95
0.39888 -115.484
0.405048 -114.849
0.411186 -112.839
0.417313 -108.327
0.423458 -108.491
0.429607 -112.347
0.435692 -109.479
0.441815 -102.795
0.447964 -100.154
0.454126 -105.785
0.460267 -104.654
0.466387 -104.391
0.47254 -101.78
0.478662 -102.081
0.484765 -101.581
0.490885 -99.7761
0.497035 -100.365
0.503198 -97.5388
0.509342 -99.2599
0.515458 -98.6367
0.521598 -95.4047
0.527764 -92.8174
0.533884 -95.091
0.54 -93.8445
0.546137 -90.9411
0.552299 -95.2494
0.558452 -91.645
0.564573 -90.3308
0.570708 -90.0287
0.576825 -90.5473
0.582926 -89.4781
0.589034 -88.3183
0.595184 -88.9869
0.601379 -84.892
0.607522 -87.2957
0.613639 -83.5513
0.619772 -84.874
0.625918 -84.1411
0.632068 -86.8285
0.638161 -81.4574
0.6443 -84.1284
0.650464 -80.1681
0.656582 -81.1584
0.662703 -81.902
0.668861 -79.4564
0.675024 -79.8286
0.681124 -79.7484
0.687237 -78.0608
0.693381 -76.5129
0.699536 -78.5236
0.705665 -76.8542
0.711789 -76.9531
0.717957 -74.6959
0.72409 -73.9235
0.730186 -74.2126
0.736317 -75.9413
0.742472 -74.3352
0.748622 -74.9003
0.75476 -73.9784
0.760888 -72.1475
0.767043 -74.6338
0.773185 -71.6486
0.779291 -72.0506
0.785407 -71.6595
0.791564 -69.7481
0.797719 -72.0528
0.803834 -70.0181
0.809972 -69.3726
0.816124 -70.1781
0.822261 -67.8274
0.828378 -67.9384
0.834502 -67.4995
0.840667 -66.714
0.846816 -68.0705
0.852925 -65.9153
0.859047 -66.8417
0.865192 -65.1627
0.871341 -66.7662
0.877463 -65.2449
0.883569 -66.2913
0.889708 -64.4035
0.895864 -63.185
0.902008 -63.1923
0.908149 -63.5631
0.914301 -63.0112
0.920448 -62.7539
0.926574 -62.0332
0.932687 -61.2747
0.938823 -61.4842
0.944975 -61.0168
0.951105 -60.3517
0.957225 -59.944
0.963368 -60.8443
0.969511 -60.3373
0.975621 -58.1174
0.981748 -59.0041
0.987916 -58.4532
0.99406 -59.2102
1.00019 -57.2727
1.00632 -57.5546
1.01246 -57.594
1.01859 -56.6061
1.02471 -56.6774
1.03085 -55.8694
1.03698 -55.4804
1.04314 -55.2522
1.04929 -55.4171
1.05541 -55.3979
1.06154 -54.6433
1.06769 -53.8337
1.07382 -53.6747
1.07993 -53.9493
1.08607 -53.3739
1.09222 -53.0884
1.09836 -52.9796
1.10449 -51.7935
1.11063 -51.9015
1.11677 -51.9968
1.1229 -51.3993
1.12903 -50.1428
1.13518 -50.9181
1.14131 -50.6847
1.14745 -50.6075
1.15359 -49.7923
1.15973 -49.2559
1.16584 -49.5124
1.17197 -49.5277
1.17811 -48.8827
1.18424 -48.9657
1.19038 -48.3865
1.19652 -47.6759
1.20267 -48.0823
1.20881 -47.3583
1.21495 -47.2453
1.22108 -47.0328
1.2272 -46.8352
1.23334 -46.8201
1.23949 -45.9795
1.24562 -45.8689
1.25174 -45.2197
1.25789 -45.1008
1.26402 -44.9144
1.27014 -45.0106
1.27628 -44.7638
1.28244 -44.5757
1.28858 -43.4396
1.29471 -43.3823
1.30084 -43.4456
1.30697 -43.1478
1.31312 -42.6872
1.31925 -42.5705
1.32537 -42.3843
1.33151 -41.8511
1.33765 -41.928
1.34378 -41.4002
1.34992 -41.4191
1.35606 -40.8862
1.3622 -40.6749
1.36833 -40.7481
1.37445 -40.132
1.38059 -40.3521
1.38675 -39.6761
1.39288 -39.5707
1.39901 -39.046
1.40515 -39.1019
1.4113 -39.1002
1.41742 -38.6502
1.42355 -38.0416
1.4297 -38.2418
1.43585 -37.9681
1.44198 -37.7895
1.44809 -37.6138
1.45423 -37.307
1.46036 -36.9839
1.46649 -36.9094
1.47263 -36.5942
1.47877 -36.7184
1.48491 -36.1442
1.49104 -35.9481
1.49718 -35.8121
1.50333 -35.5841
1.50947 -35.5862
1.5156 -34.9467
1.52172 -34.9397
1.52787 -34.6823
1.534 -34.7319
1.54013 -34.288
1.54627 -34.1423
1.55241 -33.8383
1.55855 -33.5128
1.56467 -33.6158
1.5708 -33.3741
