0.00783031 86.6093
0.013688 2313.49
0.019231 -285.685
0.0249154 -455.266
0.0312784 -789.029
0.0375637 36.2837
0.0433917 438.177
0.0492413 -131.628
0.0555754 -119.252
0.0619321 253.815
0.067871 -156.47
0.0738098 49.7847
0.0800417 -313.753
0.0862327 -42.0733
0.0921407 -31.9241
0.0982031 -124.09
0.104506 -89.5364
0.110769 -118.524
0.116806 -237.794
0.122832 -220.783
0.129052 -112.884
0.135211 -190.048
0.141259 -257.832
0.147318 -199.024
0.153489 -201.104
0.159709 -213.513
0.165845 -221.332
0.171974 -233.151
0.178125 -195.376
0.184229 -207.642
0.19034 -215.096
0.196428 -215.948
0.202534 -205.181
0.208729 -212.627
0.214876 -216.824
0.220989 -220.778
0.227147 -213.351
0.23329 -205.34
0.239377 -197.602
0.245482 -205.251
0.251667 -204.627
0.257832 -206.917
0.263955 -212.951
0.270079 -212.65
0.27624 -203.349
0.282372 -190.636
0.28843 -188.531
0.294538 -195.961
0.300721 -178.079
0.30691 -187.236
0.313033 -172.63
0.319153 -190.191
0.325316 -184.477
0.33145 -187.032
0.337538 -194.479
0.343633 -186.415
0.349808 -199.957
0.355968 -182.459
0.362074 -183.653
0.368217 -183.059
0.374374 -178.385
0.380519 -177.713
0.386598 -185.161
0.392688 -174.973
0.39888 -171.791
0.405048 -176.798
0.411186 -178.467
0.417313 -180.169
0.423458 -172.448
0.429607 -169.062
0.435692 -171.762
0.441815 -172.121
0.447964 -173.035
0.454126 -164.624
0.460267 -176.759
0.466387 -163.462
0.47254 -163.054
0.478662 -168.233
0.484765 -160.423
0.490885 -165.874
0.497035 -165.383
0.503198 -167.617
0.509342 -163.925
0.515458 -164.829
0.521598 -162.236
0.527764 -158.349
0.533884 -164.236
0.54 -157.014
0.546137 -160.576
0.552299 -158.237
0.558452 -156.977
0.564573 -157.372
0.570708 -158.031
0.576825 -156.382
0.582926 -151.732
0.589034 -156.145
0.595184 -153.11
0.601379 -153.78
0.607522 -155.767
0.613639 -148.843
0.619772 -150.102
0.625918 -151.215
0.632068 -151.016
0.638161 -148.249
0.6443 -143.981
0.650464 -150.902
0.656582 -144.624
0.662703 -144.289
0.668861 -144.221
0.675024 -145.592
0.681124 -145.474
0.687237 -143.394
0.693381 -143.849
0.699536 -142.78
0.705665 -140.688
0.711789 -141.105
0.717957 -139.901
0.72409 -140.079
0.730186 -138.663
0.736317 -140.03
0.742472 -139.937
0.748622 -136.809
0.75476 -137.427
0.760888 -141.764
0.767043 -134.85
0.773185 -139.293
0.779291 -134.624
0.785407 -132.819
0.791564 -134.327
0.797719 -136.284
0.803834 -132.085
0.809972 -132.432
0.816124 -131.613
0.822261 -131.589
0.828378 -132.761
0.834502 -130.464
0.840667 -129.971
0.846816 -129.092
0.852925 -127.738
0.859047 -129.016
0.865192 -130.017
0.871341 -129.17
0.877463 -127.795
0.883569 -127.395
0.889708 -128.948
0.895864 -126.326
0.902008 -123.13
0.908149 -124.331
0.914301 -125.555
0.920448 -124.184
0.926574 -123.485
0.932687 -124.838
0.938823 -123.253
0.944975 -123.217
0.951105 -122.053
0.957225 -121.882
0.963368 -120.819
0.969511 -118.739
0.975621 -120.164
0.981748 -119.875
0.987916 -119.273
0.99406 -119.681
1.00019 -117.546
1.00632 -117.994
1.01246 -119.025
1.01859 -118.721
1.02471 -118.176
1.03085 -117.689
1.03698 -116.012
1.04314 -115.642
1.04929 -117.238
1.05541 -113.967
1.06154 -115.399
1.06769 -114.716
1.07382 -115.244
1.07993 -113.133
1.08607 -113.534
1.09222 -112.967
1.09836 -110.895
1.10449 -112.03
1.11063 -111.584
1.11677 -110.63
1.1229 -109.611
1.12903 -109.685
1.13518 -109.452
1.14131 -108.841
1.14745 -107.77
1.15359 -108.096
1.15973 -108.309
1.16584 -108.16
1.17197 -107.815
1.17811 -107.854
1.18424 -106.308
1.19038 -105.785
1.19652 -106.194
1.20267 -106.573
1.20881 -104.836
1.21495 -104.683
1.22108 -104.274
1.2272 -104.995
1.23334 -102.922
1.23949 -103.525
1.24562 -102.724
1.25174 -102.074
1.25789 -102.486
1.26402 -100.975
1.27014 -101.608
1.27628 -100.52
1.28244 -99.8958
1.28858 -100.404
1.29471 -100.269
1.30084 -99.3264
1.30697 -99.3524
1.31312 -99.1391
1.31925 -98.6545
1.32537 -98.0766
1.33151 -98.0714
1.33765 -97.0311
1.34378 -96.2633
1.34992 -97.101
1.35606 -95.6224
1.3622 -95.5213
1.36833 -95.7846
1.37445 -95.6715
1.38059 -94.2092
1.38675 -94.1206
1.39288 -93.6388
1.39901 -93.3963
1.40515 -92.7684
1.4113 -92.7407
1.41742 -92.5013
1.42355 -91.9382
1.4297 -91.0873
1.43585 -91.318
1.44198 -90.5284
1.44809 -90.3141
1.45423 -89.9135
1.46036 -90.0721
1.46649 -89.3849
1.47263 -88.8173
1.47877 -88.7024
1.48491 -88.503
1.49104 -87.95
1.49718 -87.4454
1.50333 -87.4774
1.50947 -86.9558
1.5156 -86.5615
1.52172 -86.1865
1.52787 -85.3543
1.534 -85.4087
1.54013 -85.0956
1.54627 -84.4363
1.55241 -84.7005
1.55855 -84.4701
1.56467 -83.5951
1.5708 -83.2932
