0.00783031 20338.6
0.013688 26318.9
0.019231 25862
0.0249154 24032
0.0312784 21403.2
0.0375637 17747.9
0.0433917 15240.5
0.0492413 14037.6
0.0555754 13171
0.0619321 12106.8
0.067871 11419.3
0.0738098 10454.6
0.0800417 9478.59
0.0862327 8806.32
0.0921407 7970.53
0.0982031 7431.03
0.104506 6571.81
0.110769 6367.87
0.116806 6273.86
0.122832 5887.49
0.129052 5478.02
0.135211 5400.51
0.141259 5136.64
0.147318 4802.45
0.153489 4520.34
0.159709 4337.01
0.165845 4205.55
0.171974 4020.41
0.178125 3933.35
0.184229 3753.47
0.19034 3693.56
0.196428 3619.42
0.202534 3501.92
0.208729 3367.19
0.214876 3290.35
0.220989 3156.91
0.227147 3111.43
0.23329 2984.73
0.239377 2902.08
0.245482 2915.99
0.251667 2775.35
0.257832 2705.47
0.263955 2665.56
0.270079 2623.73
0.27624 2584.46
0.282372 2501.78
0.28843 2435.49
0.294538 2383.72
0.300721 2354.48
0.30691 2339.04
0.313033 2239.68
0.319153 2215.21
0.325316 2200.73
0.33145 2159.36
0.337538 2092.1
0.343633 2094.03
0.349808 2055.61
0.355968 2007.31
0.362074 1989.26
0.368217 1973.72
0.374374 1910.97
0.380519 1883.35
0.386598 1872.59
0.392688 1836.53
0.39888 1833.74
0.405048 1787.27
0.411186 1772.02
0.417313 1756.63
0.423458 1717.27
0.429607 1682.03
0.435692 1668.56
0.441815 1639.33
0.447964 1622.22
0.454126 1606.57
0.460267 1573.32
0.466387 1556.84
0.47254 1546.62
0.478662 1531.29
0.484765 1517.29
0.490885 1505.42
0.497035 1479.46
0.503198 1451.07
0.509342 1431.6
0.515458 1411.53
0.521598 1398.54
0.527764 1381.48
0.533884 1370.28
0.54 1355.51
0.546137 1350.69
0.552299 1324.53
0.558452 1306.5
0.564573 1284.34
0.570708 1276.18
0.576825 1260.92
0.582926 1251.54
0.589034 1246.8
0.595184 1230.91
0.601379 1216.44
0.607522 1208.4
0.613639 1185.39
0.619772 1175.92
0.625918 1167.37
0.632068 1154.58
0.638161 1132.53
0.6443 1120.46
0.650464 1123.13
0.656582 1100.93
0.662703 1099.32
0.668861 1082.89
0.675024 1069.94
0.681124 1058.56
0.687237 1045.4
0.693381 1032.95
0.699536 1029.48
0.705665 1025.8
0.711789 1012.11
0.717957 1003.91
0.72409 989.763
0.730186 976.966
0.736317 974.037
0.742472 962.28
0.748622 954.434
0.75476 946.76
0.760888 938.787
0.767043 932.848
0.773185 916.917
0.779291 910.917
0.785407 904.955
0.791564 895.282
0.797719 882.331
0.803834 877.276
0.809972 869.891
0.816124 861.36
0.822261 855.244
0.828378 847.997
0.834502 839.026
0.840667 829.813
0.846816 825.251
0.852925 817.651
0.859047 808.384
0.865192 800.76
0.871341 791.854
0.877463 785.881
0.883569 777.14
0.889708 773.922
0.895864 764.395
0.902008 759.453
0.908149 752.307
0.914301 744.069
0.920448 740.754
0.926574 735.561
0.932687 728.613
0.938823 721.043
0.944975 712.696
0.951105 709.41
0.957225 704.405
0.963368 697.623
0.969511 690.976
0.975621 684.611
0.981748 676.511
0.987916 675.176
0.99406 665.453
1.00019 663.88
1.00632 654.956
1.01246 649.663
1.01859 645.667
1.02471 639.472
1.03085 633.708
1.03698 631.882
1.04314 623.574
1.04929 619.614
1.05541 613.768
1.06154 610.314
1.06769 605.337
1.07382 601.021
1.07993 592.347
1.08607 589.741
1.09222 586.693
1.09836 579.617
1.10449 574.17
1.11063 570.626
1.11677 565.507
1.1229 562.385
1.12903 555.824
1.13518 554.14
1.14131 548.491
1.14745 542.821
1.15359 540.457
1.15973 536.348
1.16584 532.106
1.17197 527.927
1.17811 522.698
1.18424 519.701
1.19038 515.379
1.19652 511.763
1.20267 507.052
1.20881 505.497
1.21495 500.637
1.22108 496.205
1.2272 493.76
1.23334 488.361
1.23949 485.187
1.24562 481.428
1.25174 478.405
1.25789 474.539
1.26402 471.113
1.27014 468.027
1.27628 464.312
1.28244 461.109
1.28858 459.102
1.29471 455.304
1.30084 452.416
1.30697 447.374
1.31312 444.584
1.31925 441.701
1.32537 438.567
1.33151 436.447
1.33765 432.457
1.34378 430.004
1.34992 427.238
1.35606 422.738
1.3622 420.344
1.36833 416.72
1.37445 414.687
1.38059 410.969
1.38675 408.369
1.39288 405.509
1.39901 402.924
1.40515 399.234
1.4113 397.301
1.41742 394.177
1.42355 392.956
1.4297 388.616
1.43585 386.781
1.44198 385.221
1.44809 382.311
1.45423 379.441
1.46036 376.46
1.46649 374.201
1.47263 371.145
1.47877 369.52
1.48491 367.407
1.49104 363.809
1.49718 362.658
1.50333 358.839
1.50947 357.545
1.5156 355.257
1.52172 352.566
1.52787 350.383
1.534 346.924
1.54013 346.191
1.54627 343.66
1.55241 342.961
1.55855 338.828
1.56467 337.601
1.5708 335.256
