0.00783031 9596.55
0.013688 9118.46
0.019231 10615.4
0.0249154 10363.6
0.0312784 9846.38
0.0375637 7659.81
0.0433917 10005.2
0.0492413 9771.01
0.0555754 9044.78
0.0619321 8758.89
0.067871 7996.03
0.0738098 8601.67
0.0800417 8302.14
0.0862327 8404.76
0.0921407 8070.89
0.0982031 7916.97
0.104506 7319.27
0.110769 7436.3
0.116806 7531.65
0.122832 7180.83
0.129052 7147.05
0.135211 7006.6
0.141259 6696.52
0.147318 6654.01
0.153489 6636.6
0.159709 6526.12
0.165845 6559.86
0.171974 6467.09
0.178125 6367.71
0.184229 6175.61
0.19034 6222.57
0.196428 5992.43
0.202534 5892.78
0.208729 5849.7
0.214876 6030.79
0.220989 5762.19
0.227147 5617.12
0.23329 5654.18
0.239377 5535.46
0.245482 5427.24
0.251667 5353.86
0.257832 5430.86
0.263955 5322.95
0.270079 5225.72
0.27624 5223.46
0.282372 5150.17
0.28843 5010.58
0.294538 5058.04
0.300721 5032.08
0.30691 4978.72
0.313033 4901.65
0.319153 4861.28
0.325316 4799.06
0.33145 4859.34
0.337538 4765.45
0.343633 4787
0.349808 4659.95
0.355968 4694.01
0.362074 4622.73
0.368217 4583.28
0.374374 4514.24
0.380519 4486.25
0.386598 4536.81
0.392688 4371.21
0.39888 4458.5
0.405048 4376.03
0.411186 4357.86
0.417313 4348.02
0.423458 4327.23
0.429607 4283.83
0.435692 4232.57
0.441815 4237.18
0.447964 4203.92
0.454126 4179.03
0.460267 4115.82
0.466387 4117.27
0.47254 4042.07
0.478662 4080.98
0.484765 4062.13
0.490885 4035.26
0.497035 4024.96
0.503198 3937.28
0.509342 3947.51
0.515458 3922.04
0.521598 3901.81
0.527764 3883.82
0.533884 3862.4
0.54 3872.64
0.546137 3804.09
0.552299 3805.28
0.558452 3774.15
0.564573 3755.35
0.570708 3734.98
0.576825 3706.22
0.582926 3697.97
0.589034 3704.19
0.595184 3668.17
0.601379 3648.41
0.607522 3653.19
0.613639 3605.81
0.619772 3605.91
0.625918 3582.28
0.632068 3569.11
0.638161 3512.96
0.6443 3512.75
0.650464 3519.76
0.656582 3498.02
0.662703 3482.88
0.668861 3463.99
0.675024 3440.87
0.681124 3415.53
0.687237 3406.03
0.693381 3367.95
0.699536 3389.63
0.705665 3373.14
0.711789 3352.97
0.717957 3355.25
0.72409 3317.84
0.730186 3294.33
0.736317 3295.47
0.742472 3288.25
0.748622 3269.22
0.75476 3246.97
0.760888 3243.18
0.767043 3233.12
0.773185 3202.04
0.779291 3204.23
0.785407 3183.97
0.791564 3186.59
0.797719 3149.31
0.803834 3143.41
0.809972 3140.77
0.816124 3112.57
0.822261 3119.82
0.828378 3102.93
0.834502 3089.14
0.840667 3061.38
0.846816 3059.56
0.852925 3048.99
0.859047 3045.56
0.865192 3018.21
0.871341 3005.53
0.877463 2993.37
0.883569 2983.81
0.889708 2970.78
0.895864 2962.32
0.902008 2954.69
0.908149 2960.19
0.914301 2920.71
0.920448 2933.05
0.926574 2921.42
0.932687 2899.31
0.938823 2890.33
0.944975 2882.46
0.951105 2875.63
0.957225 2865.33
0.963368 2851.54
0.969511 2844.5
0.975621 2826.49
0.981748 2817.76
0.987916 2818.83
0.99406 2791.24
1.00019 2789
1.00632 2777.2
1.01246 2771.33
1.01859 2764.12
1.02471 2751.79
1.03085 2743.69
1.03698 2728.68
1.04314 2722.55
1.04929 2717.05
1.05541 2702.66
1.06154 2703.6
1.06769 2686.49
1.07382 2677.24
1.07993 2666.85
1.08607 2661.02
1.09222 2657.88
1.09836 2645.82
1.10449 2638.43
1.11063 2632.72
1.11677 2612.79
1.1229 2611.62
1.12903 2595.34
1.13518 2597.22
1.14131 2589.32
1.14745 2574.98
1.15359 2565.82
1.15973 2555.42
1.16584 2562.7
1.17197 2557.06
1.17811 2532.75
1.18424 2533.68
1.19038 2522.44
1.19652 2510.28
1.20267 2512.61
1.20881 2505.73
1.21495 2493.16
1.22108 2476.58
1.2272 2488.71
1.23334 2472.48
1.23949 2466.25
1.24562 2454.82
1.25174 2447.98
1.25789 2442.44
1.26402 2434.93
1.27014 2426.89
1.27628 2419.43
1.28244 2416.53
1.28858 2412.44
1.29471 2404.16
1.30084 2398.87
1.30697 2377.79
1.31312 2378.92
1.31925 2378.1
1.32537 2367.07
1.33151 2365.71
1.33765 2350.17
1.34378 2358.91
1.34992 2345.21
1.35606 2334.46
1.3622 2324.55
1.36833 2326.6
1.37445 2315.82
1.38059 2308.27
1.38675 2294.59
1.39288 2288.28
1.39901 2288.81
1.40515 2284.07
1.4113 2276.92
1.41742 2263.73
1.42355 2260.82
1.4297 2253.5
1.43585 2250.32
1.44198 2250.03
1.44809 2240.55
1.45423 2236.05
1.46036 2225.24
1.46649 2221.09
1.47263 2215.54
1.47877 2210.1
1.48491 2204.13
1.49104 2198.68
1.49718 2195.57
1.50333 2184.28
1.50947 2181.29
1.5156 2168.97
1.52172 2165.4
1.52787 2161.03
1.534 2145.17
1.54013 2151.12
1.54627 2136.84
1.55241 2144.98
1.55855 2134.86
1.56467 2127.05
1.5708 2116.68
