0.00783031 0.961902
0.013688 1.33805
0.019231 1.468
0.0249154 1.46796
0.0312784 1.51751
0.0375637 1.52634
0.0433917 1.48855
0.0492413 1.48215
0.0555754 1.55435
0.0619321 1.90662
0.067871 1.92953
0.0738098 2.02858
0.0800417 2.18634
0.0862327 2.4364
0.0921407 2.3993
0.0982031 2.55593
0.104506 2.65576
0.110769 2.92958
0.116806 3.15714
0.122832 3.36756
0.129052 3.61892
0.135211 3.87697
0.141259 4.23702
0.147318 4.33887
0.153489 4.53421
0.159709 4.97742
0.165845 5.02179
0.171974 5.54906
0.178125 5.87153
0.184229 6.10181
0.19034 6.55518
0.196428 6.94724
0.202534 7.23454
0.208729 7.65616
0.214876 8.13011
0.220989 8.4396
0.227147 8.88618
0.23329 9.38255
0.239377 9.7358
0.245482 10.297
0.251667 10.9803
0.257832 11.3507
0.263955 11.7027
0.270079 12.201
0.27624 12.9027
0.282372 13.3107
0.28843 13.6767
0.294538 14.1541
0.300721 14.7594
0.30691 15.6049
0.313033 15.6316
0.319153 16.6382
0.325316 17.2023
0.33145 17.7864
0.337538 18.3964
0.343633 18.9723
0.349808 19.7893
0.355968 20.4403
0.362074 21.0503
0.368217 21.7615
0.374374 22.1077
0.380519 23.2899
0.386598 23.7254
0.392688 24.5474
0.39888 25.4929
0.405048 25.7831
0.411186 26.4448
0.417313 27.2273
0.423458 28.0413
0.429607 28.9656
0.435692 29.3331
0.441815 30.1965
0.447964 31.1015
0.454126 31.7684
0.460267 32.7815
0.466387 33.1084
0.47254 34.1362
0.478662 34.8301
0.484765 35.7699
0.490885 36.5077
0.497035 37.1689
0.503198 37.8521
0.509342 38.9095
0.515458 39.5229
0.521598 40.4528
0.527764 41.273
0.533884 42.028
0.54 43.2659
0.546137 43.5083
0.552299 44.768
0.558452 45.3496
0.564573 46.1043
0.570708 47.309
0.576825 47.8946
0.582926 49.021
0.589034 49.6075
0.595184 50.7225
0.601379 51.2311
0.607522 52.3912
0.613639 53.1592
0.619772 53.7567
0.625918 54.7414
0.632068 55.7214
0.638161 56.9531
0.6443 57.1499
0.650464 58.6057
0.656582 59.3243
0.662703 59.92
0.668861 60.5753
0.675024 61.6877
0.681124 62.3507
0.687237 63.93
0.693381 64.1816
0.699536 65.3282
0.705665 65.8287
0.711789 66.6546
0.717957 67.8461
0.72409 68.3934
0.730186 69.3863
0.736317 70.233
0.742472 71.1677
0.748622 72.2373
0.75476 72.6555
0.760888 73.8667
0.767043 74.4989
0.773185 74.7177
0.779291 76.3784
0.785407 77.6514
0.791564 77.9362
0.797719 78.3966
0.803834 79.3922
0.809972 80.0963
0.816124 80.8909
0.822261 82.1967
0.828378 83.3532
0.834502 83.5802
0.840667 84.311
0.846816 85.2397
0.852925 85.8311
0.859047 86.6264
0.865192 87.6912
0.871341 88.1681
0.877463 89.0181
0.883569 89.841
0.889708 90.7011
0.895864 91.4822
0.902008 92.022
0.908149 92.9755
0.914301 93.6815
0.920448 94.3032
0.926574 94.9929
0.932687 95.3925
0.938823 96.8114
0.944975 97.5825
0.951105 98.1231
0.957225 98.7716
0.963368 99.5345
0.969511 99.9437
0.975621 100.291
0.981748 101.307
0.987916 102.016
0.99406 102.66
1.00019 103.062
1.00632 103.609
1.01246 104.281
1.01859 104.588
1.02471 105.9
1.03085 106.38
1.03698 106.886
1.04314 107.687
1.04929 107.705
1.05541 108.222
1.06154 109.371
1.06769 109.552
1.07382 110.527
1.07993 111.166
1.08607 111.714
1.09222 111.8
1.09836 112.669
1.10449 113.11
1.11063 112.983
1.11677 114.025
1.1229 114.45
1.12903 115.059
1.13518 115.594
1.14131 116.116
1.14745 116.385
1.15359 117.023
1.15973 117.688
1.16584 117.552
1.17197 117.654
1.17811 118.765
1.18424 118.83
1.19038 119.331
1.19652 120.2
1.20267 120.008
1.20881 121.065
1.21495 120.927
1.22108 121.624
1.2272 122.061
1.23334 122.316
1.23949 122.633
1.24562 123.265
1.25174 123.302
1.25789 123.307
1.26402 124.312
1.27014 124.146
1.27628 124.649
1.28244 125.24
1.28858 125.239
1.29471 125.389
1.30084 126.199
1.30697 126.115
1.31312 126.823
1.31925 127.12
1.32537 127.252
1.33151 127.579
1.33765 127.866
1.34378 128.753
1.34992 128.408
1.35606 129.004
1.3622 129.161
1.36833 129.528
1.37445 129.588
1.38059 129.816
1.38675 130.399
1.39288 130.136
1.39901 130.536
1.40515 131.133
1.4113 131.116
1.41742 131.39
1.42355 131.435
1.4297 131.664
1.43585 132.037
1.44198 132.142
1.44809 131.93
1.45423 132.077
1.46036 132.665
1.46649 132.742
1.47263 133.234
1.47877 133.229
1.48491 134.115
1.49104 133.572
1.49718 133.623
1.50333 134.36
1.50947 133.987
1.5156 134.209
1.52172 134.554
1.52787 134.602
1.534 135.091
1.54013 135.231
1.54627 135.273
1.55241 135.263
1.55855 135.55
1.56467 135.332
1.5708 135.826
