0.00783031 2884.82
0.013688 4849.72
0.019231 3314.91
0.0249154 3117.46
0.0312784 3192.11
0.0375637 3429.06
0.0433917 2910.89
0.0492413 2658.65
0.0555754 2355.77
0.0619321 2600.17
0.067871 2377.74
0.0738098 2171.65
0.0800417 1972.52
0.0862327 1894.6
0.0921407 1837.49
0.0982031 1731.78
0.104506 1658.9
0.110769 1518.9
0.116806 1524.5
0.122832 1424.52
0.129052 1409.74
0.135211 1340.24
0.141259 1278.29
0.147318 1224.06
0.153489 1213.61
0.159709 1168.19
0.165845 1095.11
0.171974 1053.93
0.178125 1038.96
0.184229 1003.5
0.19034 984.055
0.196428 926.992
0.202534 918.557
0.208729 900.678
0.214876 874.786
0.220989 852.115
0.227147 825.601
0.23329 800.524
0.239377 778.546
0.245482 760.272
0.251667 744.24
0.257832 724.282
0.263955 708.332
0.270079 690.137
0.27624 686.422
0.282372 651.964
0.28843 642.496
0.294538 638.123
0.300721 625.167
0.30691 605.711
0.313033 590.314
0.319153 582.823
0.325316 573.048
0.33145 563.061
0.337538 550.816
0.343633 544.741
0.349808 533.783
0.355968 518.001
0.362074 512.551
0.368217 507.013
0.374374 494.306
0.380519 483.255
0.386598 474.526
0.392688 476.703
0.39888 460.454
0.405048 459.108
0.411186 446.552
0.417313 443.908
0.423458 433.973
0.429607 432.014
0.435692 422.547
0.441815 413.883
0.447964 413.585
0.454126 403.132
0.460267 401.633
0.466387 392.079
0.47254 386.619
0.478662 384.133
0.484765 377.58
0.490885 374.345
0.497035 365.873
0.503198 365.263
0.509342 359.416
0.515458 353.076
0.521598 354.391
0.527764 345.797
0.533884 344.903
0.54 341.829
0.546137 335.722
0.552299 331.434
0.558452 327.249
0.564573 324.23
0.570708 321.815
0.576825 319.228
0.582926 310.447
0.589034 310.403
0.595184 306.324
0.601379 303.064
0.607522 301.22
0.613639 298.236
0.619772 295.484
0.625918 292.887
0.632068 288.796
0.638161 286.694
0.6443 284.333
0.650464 281.642
0.656582 279.241
0.662703 273.869
0.668861 272.522
0.675024 271.381
0.681124 270.495
0.687237 266.676
0.693381 263.421
0.699536 262.644
0.705665 259.339
0.711789 257.399
0.717957 256.878
0.72409 253.368
0.730186 250.663
0.736317 249.835
0.742472 246.542
0.748622 245.857
0.75476 242.748
0.760888 239.857
0.767043 239.427
0.773185 237.522
0.779291 236.446
0.785407 234.59
0.791564 233.248
0.797719 231.499
0.803834 228.916
0.809972 227.122
0.816124 226.268
0.822261 223.848
0.828378 223.192
0.834502 219.807
0.840667 219.909
0.846816 217.04
0.852925 217.375
0.859047 215.318
0.865192 214.45
0.871341 213.212
0.877463 211.599
0.883569 210.208
0.889708 207.028
0.895864 206.626
0.902008 205.372
0.908149 205.406
0.914301 202.512
0.920448 201.649
0.926574 200.446
0.932687 199.746
0.938823 199.121
0.944975 197.197
0.951105 195.997
0.957225 195.183
0.963368 193.441
0.969511 193.307
0.975621 191.517
0.981748 190.752
0.987916 190.26
0.99406 188.888
1.00019 187.833
1.00632 186.291
1.01246 185.376
1.01859 185.358
1.02471 183.795
1.03085 182.782
1.03698 181.978
1.04314 181.118
1.04929 179.896
1.05541 178.968
1.06154 178.296
1.06769 176.869
1.07382 176.526
1.07993 176.656
1.08607 174.243
1.09222 174.377
1.09836 173.084
1.10449 172.333
1.11063 172.32
1.11677 171.067
1.1229 170.052
1.12903 168.906
1.13518 167.738
1.14131 167.978
1.14745 167.072
1.15359 166.428
1.15973 165.305
1.16584 164.713
1.17197 164.498
1.17811 164.088
1.18424 163.146
1.19038 162.16
1.19652 161.466
1.20267 161.202
1.20881 160.805
1.21495 159.377
1.22108 158.844
1.2272 158.858
1.23334 158.218
1.23949 157.937
1.24562 156.824
1.25174 156.719
1.25789 156.074
1.26402 155.001
1.27014 153.884
1.27628 153.985
1.28244 153.295
1.28858 152.81
1.29471 152.359
1.30084 152.041
1.30697 151.14
1.31312 150.419
1.31925 150.01
1.32537 149.584
1.33151 149.664
1.33765 148.798
1.34378 148.213
1.34992 147.456
1.35606 147.405
1.3622 146.188
1.36833 146.633
1.37445 145.65
1.38059 145.403
1.38675 145.067
1.39288 144.165
1.39901 143.922
1.40515 143.674
1.4113 143.387
1.41742 142.633
1.42355 141.927
1.4297 141.502
1.43585 141.636
1.44198 140.914
1.44809 140.576
1.45423 140.19
1.46036 139.562
1.46649 139.305
1.47263 138.838
1.47877 138.799
1.48491 138.255
1.49104 137.759
1.49718 137.149
1.50333 136.486
1.50947 135.831
1.5156 136.167
1.52172 135.702
1.52787 135.4
1.534 135.051
1.54013 134.176
1.54627 134.274
1.55241 133.724
1.55855 133.229
1.56467 133.161
1.5708 132.664
