0.00783031 -464.686
0.013688 1519.34
0.019231 539.206
0.0249154 -291.51
0.0312784 435.786
0.0375637 -364.961
0.0433917 -185.436
0.0492413 -440.185
0.0555754 -71.4981
0.0619321 -237.744
0.067871 -215.71
0.0738098 -39.0686
0.0800417 -94.0865
0.0862327 -220.967
0.0921407 -222.015
0.0982031 -176.732
0.104506 -135.058
0.110769 -139.113
0.116806 -175.921
0.122832 -247.06
0.129052 -253.942
0.135211 -240.075
0.141259 -230.911
0.147318 -232.631
0.153489 -266.066
0.159709 -261.113
0.165845 -229.984
0.171974 -244.318
0.178125 -232.07
0.184229 -229.186
0.19034 -245.562
0.196428 -230.42
0.202534 -230.037
0.208729 -226.579
0.214876 -255.549
0.220989 -230.073
0.227147 -224.874
0.23329 -248.764
0.239377 -221.394
0.245482 -230.402
0.251667 -233.457
0.257832 -208.502
0.263955 -223.474
0.270079 -231.026
0.27624 -226.212
0.282372 -224.074
0.28843 -220.064
0.294538 -222.992
0.300721 -211.994
0.30691 -215.162
0.313033 -206.497
0.319153 -206.847
0.325316 -215.917
0.33145 -213.455
0.337538 -209.937
0.343633 -212.663
0.349808 -209.917
0.355968 -202.073
0.362074 -202.983
0.368217 -206.088
0.374374 -201.652
0.380519 -200.655
0.386598 -196.167
0.392688 -200.329
0.39888 -192.141
0.405048 -198.88
0.411186 -190.88
0.417313 -190.274
0.423458 -192.06
0.429607 -194.59
0.435692 -189.963
0.441815 -181.272
0.447964 -188.277
0.454126 -191.901
0.460267 -188.961
0.466387 -180.789
0.47254 -180.722
0.478662 -184.367
0.484765 -183.056
0.490885 -183.043
0.497035 -176.472
0.503198 -174.702
0.509342 -175.742
0.515458 -173.719
0.521598 -178.101
0.527764 -176.714
0.533884 -172.874
0.54 -171.923
0.546137 -175.478
0.552299 -167.112
0.558452 -172.683
0.564573 -171.212
0.570708 -166.109
0.576825 -169.376
0.582926 -167.674
0.589034 -163.036
0.595184 -164.448
0.601379 -163.952
0.607522 -161.94
0.613639 -163.848
0.619772 -163.333
0.625918 -159.448
0.632068 -161.056
0.638161 -162.975
0.6443 -161.803
0.650464 -158.587
0.656582 -159.483
0.662703 -156.128
0.668861 -156.46
0.675024 -157.47
0.681124 -157.948
0.687237 -153.658
0.693381 -155.655
0.699536 -153.048
0.705665 -154.005
0.711789 -151.593
0.717957 -151.79
0.72409 -152.344
0.730186 -150.91
0.736317 -149.32
0.742472 -150.04
0.748622 -148.606
0.75476 -148.763
0.760888 -145.991
0.767043 -146.963
0.773185 -146.753
0.779291 -147.97
0.785407 -142.886
0.791564 -144.65
0.797719 -145.056
0.803834 -143.197
0.809972 -141.996
0.816124 -141.053
0.822261 -140.54
0.828378 -143.096
0.834502 -139.51
0.840667 -139.419
0.846816 -138.579
0.852925 -138.654
0.859047 -135.905
0.865192 -137.291
0.871341 -137.419
0.877463 -135.609
0.883569 -135.993
0.889708 -132.321
0.895864 -132.996
0.902008 -132.044
0.908149 -132.668
0.914301 -131.34
0.920448 -131.28
0.926574 -130.572
0.932687 -129.375
0.938823 -130.149
0.944975 -129.265
0.951105 -128.706
0.957225 -128.594
0.963368 -127.182
0.969511 -126.431
0.975621 -125.42
0.981748 -126.748
0.987916 -125.231
0.99406 -123.655
1.00019 -124.699
1.00632 -123.7
1.01246 -123.289
1.01859 -122.606
1.02471 -121.921
1.03085 -119.632
1.03698 -119.669
1.04314 -120.78
1.04929 -119.776
1.05541 -118.473
1.06154 -118.959
1.06769 -117.434
1.07382 -117.673
1.07993 -117.705
1.08607 -114.959
1.09222 -116.499
1.09836 -115.068
1.10449 -114.7
1.11063 -114.72
1.11677 -113.218
1.1229 -113.499
1.12903 -112.493
1.13518 -111.935
1.14131 -112.026
1.14745 -111.35
1.15359 -110.037
1.15973 -110.046
1.16584 -109.303
1.17197 -108.797
1.17811 -108.758
1.18424 -107.831
1.19038 -106.708
1.19652 -106.518
1.20267 -106.744
1.20881 -106.021
1.21495 -104.869
1.22108 -104.291
1.2272 -104.33
1.23334 -104.464
1.23949 -103.938
1.24562 -103.692
1.25174 -103.317
1.25789 -102.614
1.26402 -102.217
1.27014 -99.9965
1.27628 -101.282
1.28244 -100.442
1.28858 -99.8909
1.29471 -99.3304
1.30084 -98.7694
1.30697 -97.9134
1.31312 -98.2005
1.31925 -95.7958
1.32537 -96.2143
1.33151 -96.7792
1.33765 -95.8894
1.34378 -95.5551
1.34992 -95.5929
1.35606 -94.8114
1.3622 -93.1271
1.36833 -94.1591
1.37445 -92.8094
1.38059 -92.5152
1.38675 -92.1402
1.39288 -91.8727
1.39901 -92.1439
1.40515 -90.508
1.4113 -91.2437
1.41742 -89.3285
1.42355 -88.7722
1.4297 -89.0474
1.43585 -89.3298
1.44198 -88.5594
1.44809 -88.4503
1.45423 -86.6842
1.46036 -87.2753
1.46649 -86.3264
1.47263 -85.7345
1.47877 -85.9695
1.48491 -85.6834
1.49104 -85.2812
1.49718 -84.3378
1.50333 -84.5905
1.50947 -83.0318
1.5156 -83.9462
1.52172 -82.9048
1.52787 -83.0339
1.534 -82.0093
1.54013 -81.6159
1.54627 -81.6206
1.55241 -80.5108
1.55855 -79.9677
1.56467 -80.7263
1.5708 -79.7951
