0.00783031 -172.486
0.013688 -224.009
0.019231 -234.354
0.0249154 -219.234
0.0312784 -195.859
0.0375637 -175.388
0.0433917 -161.122
0.0492413 -151.001
0.0555754 -146.937
0.0619321 -150.833
0.067871 -143.55
0.0738098 -141.149
0.0800417 -133.891
0.0862327 -127.05
0.0921407 -123.65
0.0982031 -116.092
0.104506 -109.938
0.110769 -106.108
0.116806 -113.249
0.122832 -109.47
0.129052 -115.015
0.135211 -113.23
0.141259 -110.348
0.147318 -112.972
0.153489 -109.793
0.159709 -105.281
0.165845 -104.51
0.171974 -101.525
0.178125 -102.422
0.184229 -102.739
0.19034 -105.965
0.196428 -105.042
0.202534 -100.597
0.208729 -100.28
0.214876 -102.504
0.220989 -99.1227
0.227147 -100.407
0.23329 -100.195
0.239377 -99.8893
0.245482 -100.3
0.251667 -99.6788
0.257832 -99.1308
0.263955 -99.126
0.270079 -98.6593
0.27624 -98.1981
0.282372 -97.8757
0.28843 -96.7498
0.294538 -96.155
0.300721 -96.2809
0.30691 -96.0789
0.313033 -95.6077
0.319153 -95.3006
0.325316 -96.0712
0.33145 -95.4391
0.337538 -96.2732
0.343633 -93.6348
0.349808 -95.366
0.355968 -94.6841
0.362074 -92.3685
0.368217 -91.9924
0.374374 -93.5318
0.380519 -92.5755
0.386598 -91.9876
0.392688 -91.7546
0.39888 -91.0138
0.405048 -90.9705
0.411186 -89.6056
0.417313 -91.4006
0.423458 -89.8976
0.429607 -90.346
0.435692 -89.66
0.441815 -87.4703
0.447964 -88.9431
0.454126 -88.2158
0.460267 -88.7756
0.466387 -86.0041
0.47254 -87.1643
0.478662 -87.9312
0.484765 -86.8244
0.490885 -86.3882
0.497035 -86.1444
0.503198 -85.2021
0.509342 -84.0719
0.515458 -84.431
0.521598 -85.2726
0.527764 -85.3356
0.533884 -83.4711
0.54 -83.8312
0.546137 -83.5463
0.552299 -82.1955
0.558452 -82.792
0.564573 -82.3787
0.570708 -80.6168
0.576825 -80.8525
0.582926 -81.299
0.589034 -80.6169
0.595184 -80.3539
0.601379 -80.3836
0.607522 -79.9449
0.613639 -80.6227
0.619772 -79.1928
0.625918 -77.5742
0.632068 -78.5638
0.638161 -79.1591
0.6443 -77.4855
0.650464 -77.9922
0.656582 -76.2715
0.662703 -76.8023
0.668861 -76.0306
0.675024 -76.1119
0.681124 -76.6238
0.687237 -75.5712
0.693381 -74.7025
0.699536 -74.476
0.705665 -73.8404
0.711789 -73.9492
0.717957 -74.0544
0.72409 -73.2935
0.730186 -73.4007
0.736317 -71.8183
0.742472 -72.8865
0.748622 -72.1393
0.75476 -71.5967
0.760888 -71.1446
0.767043 -70.5517
0.773185 -71.0896
0.779291 -70.8595
0.785407 -69.4174
0.791564 -69.1747
0.797719 -69.3539
0.803834 -68.6131
0.809972 -68.7692
0.816124 -67.8905
0.822261 -66.9865
0.828378 -67.813
0.834502 -65.9896
0.840667 -66.3075
0.846816 -66.055
0.852925 -65.519
0.859047 -66.2697
0.865192 -66.0314
0.871341 -64.8758
0.877463 -64.946
0.883569 -64.3399
0.889708 -63.8277
0.895864 -63.1617
0.902008 -63.0047
0.908149 -62.7391
0.914301 -62.3335
0.920448 -62.5145
0.926574 -61.4058
0.932687 -61.6828
0.938823 -60.7381
0.944975 -61.0062
0.951105 -60.3181
0.957225 -60.0493
0.963368 -60.0756
0.969511 -60.1366
0.975621 -59.0232
0.981748 -58.6131
0.987916 -58.1706
0.99406 -57.9393
1.00019 -57.8772
1.00632 -57.4116
1.01246 -57.0754
1.01859 -56.5575
1.02471 -56.5934
1.03085 -55.9653
1.03698 -55.2678
1.04314 -55.3697
1.04929 -54.8959
1.05541 -54.9642
1.06154 -54.3312
1.06769 -53.745
1.07382 -54.387
1.07993 -53.8655
1.08607 -53.059
1.09222 -53.2278
1.09836 -52.7154
1.10449 -52.1946
1.11063 -52.2198
1.11677 -51.9362
1.1229 -51.3977
1.12903 -51.0181
1.13518 -50.5764
1.14131 -50.1774
1.14745 -50.4957
1.15359 -49.5184
1.15973 -49.3999
1.16584 -49.1818
1.17197 -48.7487
1.17811 -48.6124
1.18424 -48.1798
1.19038 -47.8226
1.19652 -47.5957
1.20267 -47.135
1.20881 -47.035
1.21495 -46.7731
1.22108 -46.7361
1.2272 -46.3702
1.23334 -45.7664
1.23949 -45.7083
1.24562 -45.6844
1.25174 -45.255
1.25789 -45.1669
1.26402 -44.9035
1.27014 -43.9183
1.27628 -44.058
1.28244 -43.8284
1.28858 -43.6409
1.29471 -43.0692
1.30084 -43.1451
1.30697 -42.6539
1.31312 -42.5608
1.31925 -41.9362
1.32537 -41.8538
1.33151 -41.5815
1.33765 -41.361
1.34378 -41.088
1.34992 -41.0578
1.35606 -40.615
1.3622 -40.165
1.36833 -40.3322
1.37445 -39.8604
1.38059 -39.5571
1.38675 -39.3483
1.39288 -39.0279
1.39901 -38.7794
1.40515 -38.6645
1.4113 -38.439
1.41742 -37.7444
1.42355 -37.8635
1.4297 -37.7203
1.43585 -37.2355
1.44198 -37.474
1.44809 -37.4285
1.45423 -36.5625
1.46036 -36.6818
1.46649 -36.0941
1.47263 -36.1143
1.47877 -35.9848
1.48491 -35.4713
1.49104 -35.6263
1.49718 -35.3499
1.50333 -35.0273
1.50947 -34.7999
1.5156 -34.6442
1.52172 -34.2775
1.52787 -34.3867
1.534 -34.2672
1.54013 -33.6138
1.54627 -33.5914
1.55241 -33.2692
1.55855 -33.0723
1.56467 -33.1742
1.5708 -32.6202
