0.00783031 -476.227
0.013688 1477.52
0.019231 460.32
0.0249154 -334.345
0.0312784 357.762
0.0375637 -423.465
0.0433917 -257.821
0.0492413 -469.65
0.0555754 -108.968
0.0619321 -287.219
0.067871 -242.08
0.0738098 -78.1491
0.0800417 -121.263
0.0862327 -237.253
0.0921407 -221.787
0.0982031 -176.162
0.104506 -124.663
0.110769 -130.017
0.116806 -162.729
0.122832 -214.598
0.129052 -213.844
0.135211 -202.465
0.141259 -196.572
0.147318 -190.78
0.153489 -210.167
0.159709 -207.994
0.165845 -173.954
0.171974 -184.681
0.178125 -178.817
0.184229 -174.102
0.19034 -184.302
0.196428 -170.579
0.202534 -163.355
0.208729 -166.275
0.214876 -183.265
0.220989 -161.15
0.227147 -155.289
0.23329 -175.631
0.239377 -151.613
0.245482 -155.721
0.251667 -158.369
0.257832 -139.438
0.263955 -150.687
0.270079 -155.217
0.27624 -150.163
0.282372 -147.579
0.28843 -143.664
0.294538 -146.249
0.300721 -135.86
0.30691 -136.526
0.313033 -131.361
0.319153 -131.006
0.325316 -138.213
0.33145 -135.116
0.337538 -132.603
0.343633 -132.803
0.349808 -130.509
0.355968 -124
0.362074 -124.203
0.368217 -127.073
0.374374 -123.591
0.380519 -121.757
0.386598 -120.254
0.392688 -120.869
0.39888 -115.995
0.405048 -120.097
0.411186 -113.223
0.417313 -112.903
0.423458 -113.623
0.429607 -114.613
0.435692 -111.514
0.441815 -105.191
0.447964 -110.392
0.454126 -112.32
0.460267 -109.433
0.466387 -104.452
0.47254 -103.772
0.478662 -106.137
0.484765 -104.45
0.490885 -104.404
0.497035 -99.7714
0.503198 -98.9128
0.509342 -98.7894
0.515458 -98.242
0.521598 -100.318
0.527764 -99.3181
0.533884 -96.0383
0.54 -95.6308
0.546137 -97.7114
0.552299 -92.214
0.558452 -95.4957
0.564573 -94.2651
0.570708 -90.6724
0.576825 -93.0381
0.582926 -91.9563
0.589034 -88.9197
0.595184 -89.5138
0.601379 -89.183
0.607522 -87.5802
0.613639 -88.6609
0.619772 -88.0976
0.625918 -85.6302
0.632068 -86.649
0.638161 -87.5644
0.6443 -86.6481
0.650464 -84.4684
0.656582 -85.134
0.662703 -82.8196
0.668861 -82.9342
0.675024 -83.2573
0.681124 -83.7691
0.687237 -80.7152
0.693381 -81.6931
0.699536 -80.2942
0.705665 -80.927
0.711789 -79.1383
0.717957 -79.011
0.72409 -79.5065
0.730186 -78.4657
0.736317 -77.1967
0.742472 -77.8725
0.748622 -76.8789
0.75476 -76.7021
0.760888 -74.8151
0.767043 -75.4619
0.773185 -75.4489
0.779291 -75.9341
0.785407 -72.8049
0.791564 -73.6444
0.797719 -73.8923
0.803834 -72.7668
0.809972 -71.8629
0.816124 -71.2239
0.822261 -71.1268
0.828378 -72.2128
0.834502 -70.1926
0.840667 -70.0262
0.846816 -69.6937
0.852925 -69.5112
0.859047 -67.7937
0.865192 -68.6443
0.871341 -68.4149
0.877463 -67.6238
0.883569 -67.5604
0.889708 -65.4257
0.895864 -65.6901
0.902008 -65.1617
0.908149 -65.4303
0.914301 -64.6883
0.920448 -64.5228
0.926574 -64.0171
0.932687 -63.2165
0.938823 -63.823
0.944975 -63.0232
0.951105 -62.7988
0.957225 -62.6765
0.963368 -62.0333
0.969511 -61.3063
0.975621 -60.7823
0.981748 -61.3785
0.987916 -60.5878
0.99406 -59.5589
1.00019 -59.9523
1.00632 -59.6347
1.01246 -59.2936
1.01859 -58.8268
1.02471 -58.4153
1.03085 -57.182
1.03698 -57.055
1.04314 -57.6653
1.04929 -57.102
1.05541 -56.2667
1.06154 -56.5174
1.06769 -55.8165
1.07382 -55.713
1.07993 -55.6488
1.08607 -54.2191
1.09222 -54.9579
1.09836 -54.1179
1.10449 -53.9844
1.11063 -53.8725
1.11677 -53.0747
1.1229 -53.1201
1.12903 -52.6843
1.13518 -52.3386
1.14131 -52.3052
1.14745 -51.9348
1.15359 -51.199
1.15973 -51.1768
1.16584 -50.8326
1.17197 -50.4136
1.17811 -50.5582
1.18424 -49.8273
1.19038 -49.2225
1.19652 -49.026
1.20267 -49.2644
1.20881 -48.7958
1.21495 -48.1821
1.22108 -47.9255
1.2272 -47.7897
1.23334 -47.8199
1.23949 -47.5551
1.24562 -47.4163
1.25174 -47.1475
1.25789 -46.808
1.26402 -46.6256
1.27014 -45.4257
1.27628 -46.0097
1.28244 -45.6452
1.28858 -45.2926
1.29471 -45.009
1.30084 -44.7719
1.30697 -44.3024
1.31312 -44.3473
1.31925 -43.1163
1.32537 -43.2855
1.33151 -43.5574
1.33765 -43.0244
1.34378 -42.893
1.34992 -42.9271
1.35606 -42.293
1.3622 -41.5704
1.36833 -41.8601
1.37445 -41.3412
1.38059 -41.1516
1.38675 -41.025
1.39288 -40.8487
1.39901 -40.9094
1.40515 -40.2235
1.4113 -40.4048
1.41742 -39.4997
1.42355 -39.2392
1.4297 -39.3782
1.43585 -39.4048
1.44198 -38.9527
1.44809 -38.9845
1.45423 -37.9803
1.46036 -38.3165
1.46649 -37.9007
1.47263 -37.5988
1.47877 -37.6015
1.48491 -37.3579
1.49104 -37.3301
1.49718 -36.772
1.50333 -36.9295
1.50947 -36.2003
1.5156 -36.58
1.52172 -36.0885
1.52787 -36.1303
1.534 -35.5045
1.54013 -35.3086
1.54627 -35.2994
1.55241 -34.8127
1.55855 -34.6135
1.56467 -34.915
1.5708 -34.3502
