0.00783031 1053.75
0.013688 53.2141
0.019231 -328.058
0.0249154 516.619
0.0312784 258.368
0.0375637 -730.823
0.0433917 -127.899
0.0492413 -27.4159
0.0555754 -10.1355
0.0619321 160.279
0.067871 -242.849
0.0738098 -95.8167
0.0800417 -75.4619
0.0862327 -190.526
0.0921407 -112.34
0.0982031 -11.5846
0.104506 -166.323
0.110769 -83.7794
0.116806 -123.21
0.122832 -218.909
0.129052 -190.203
0.135211 -177.417
0.141259 -162.939
0.147318 -179.145
0.153489 -148.152
0.159709 -172.568
0.165845 -180.262
0.171974 -198.63
0.178125 -190.727
0.184229 -178.267
0.19034 -169.229
0.196428 -168.038
0.202534 -215.87
0.208729 -182.508
0.214876 -195.459
0.220989 -174.321
0.227147 -177.496
0.23329 -199.818
0.239377 -186.119
0.245482 -184.526
0.251667 -184.134
0.257832 -172.814
0.263955 -172.301
0.270079 -174.773
0.27624 -176.448
0.282372 -168.821
0.28843 -179.783
0.294538 -171.891
0.300721 -168.736
0.30691 -160.322
0.313033 -179.164
0.319153 -165.482
0.325316 -158.453
0.33145 -162.87
0.337538 -154.075
0.343633 -157.577
0.349808 -159.493
0.355968 -166.646
0.362074 -161.977
0.368217 -154.955
0.374374 -150.092
0.380519 -156.566
0.386598 -159.905
0.392688 -158.75
0.39888 -159.638
0.405048 -152.825
0.411186 -148.718
0.417313 -150.7
0.423458 -141.365
0.429607 -148.182
0.435692 -146.947
0.441815 -146.482
0.447964 -140.352
0.454126 -142.771
0.460267 -148.851
0.466387 -143.27
0.47254 -140.197
0.478662 -140.041
0.484765 -133.464
0.490885 -142.05
0.497035 -138.034
0.503198 -136.666
0.509342 -137.403
0.515458 -139.817
0.521598 -135.431
0.527764 -133.601
0.533884 -136.018
0.54 -128.993
0.546137 -134.593
0.552299 -131.827
0.558452 -132.42
0.564573 -132.197
0.570708 -133.356
0.576825 -131.312
0.582926 -130.76
0.589034 -131.379
0.595184 -126.218
0.601379 -128.547
0.607522 -127.05
0.613639 -125.865
0.619772 -127.952
0.625918 -128.996
0.632068 -124.463
0.638161 -129.667
0.6443 -129.551
0.650464 -126.054
0.656582 -127.882
0.662703 -123.832
0.668861 -127.902
0.675024 -124.41
0.681124 -123.424
0.687237 -123
0.693381 -124.308
0.699536 -122.15
0.705665 -120.288
0.711789 -121.899
0.717957 -122.083
0.72409 -121.456
0.730186 -124.348
0.736317 -119.698
0.742472 -118.701
0.748622 -118.21
0.75476 -119.685
0.760888 -118.691
0.767043 -117.822
0.773185 -118.777
0.779291 -116.834
0.785407 -115.704
0.791564 -117.311
0.797719 -117.957
0.803834 -115.487
0.809972 -116.441
0.816124 -115.297
0.822261 -116.248
0.828378 -116.134
0.834502 -115.706
0.840667 -113.993
0.846816 -114.64
0.852925 -113.371
0.859047 -112.325
0.865192 -112.515
0.871341 -112.698
0.877463 -112.272
0.883569 -110.664
0.889708 -108.517
0.895864 -111.126
0.902008 -112.851
0.908149 -110.76
0.914301 -110.175
0.920448 -110.52
0.926574 -107.504
0.932687 -107.476
0.938823 -109.424
0.944975 -110.06
0.951105 -109.485
0.957225 -107.498
0.963368 -107.545
0.969511 -108.215
0.975621 -107.791
0.981748 -106.955
0.987916 -106.873
0.99406 -106.911
1.00019 -107.216
1.00632 -107
1.01246 -107.063
1.01859 -105.704
1.02471 -104.279
1.03085 -103.851
1.03698 -103.522
1.04314 -103.859
1.04929 -104.232
1.05541 -103.64
1.06154 -102.841
1.06769 -104.048
1.07382 -103.252
1.07993 -102.884
1.08607 -101.821
1.09222 -102.627
1.09836 -102.385
1.10449 -100.781
1.11063 -102.433
1.11677 -100.763
1.1229 -100.526
1.12903 -101.143
1.13518 -99.6132
1.14131 -99.7607
1.14745 -99.0151
1.15359 -100.139
1.15973 -99.4521
1.16584 -98.7375
1.17197 -96.8523
1.17811 -98.0944
1.18424 -96.9193
1.19038 -98.1956
1.19652 -96.6433
1.20267 -96.7821
1.20881 -96.7646
1.21495 -96.6942
1.22108 -95.9517
1.2272 -95.9717
1.23334 -96.3105
1.23949 -96.8834
1.24562 -93.9424
1.25174 -95.5438
1.25789 -94.7415
1.26402 -93.9665
1.27014 -94.2649
1.27628 -94.1075
1.28244 -93.936
1.28858 -92.4475
1.29471 -93.5265
1.30084 -92.8549
1.30697 -92.9853
1.31312 -92.0981
1.31925 -90.7734
1.32537 -91.5035
1.33151 -90.5623
1.33765 -91.0835
1.34378 -91.6203
1.34992 -90.5112
1.35606 -89.6545
1.3622 -89.5207
1.36833 -89.3109
1.37445 -89.5627
1.38059 -88.7381
1.38675 -89.0597
1.39288 -89.3962
1.39901 -88.3345
1.40515 -88.3587
1.4113 -87.4823
1.41742 -88.6586
1.42355 -87.5713
1.4297 -87.7197
1.43585 -86.9964
1.44198 -86.892
1.44809 -87.3066
1.45423 -86.2391
1.46036 -86.2013
1.46649 -86.5734
1.47263 -85.1203
1.47877 -85.6884
1.48491 -85.1027
1.49104 -84.4029
1.49718 -84.8458
1.50333 -83.8746
1.50947 -83.786
1.5156 -83.6875
1.52172 -83.6802
1.52787 -83.3288
1.534 -83.1222
1.54013 -82.93
1.54627 -82.3897
1.55241 -81.9995
1.55855 -82.0839
1.56467 -81.4049
1.5708 -81.368
