0.00783031 1756.66
0.013688 295.017
0.019231 -383.162
0.0249154 828.277
0.0312784 1006.72
0.0375637 -566.768
0.0433917 893.524
0.0492413 1313.26
0.0555754 1067.3
0.0619321 1585.04
0.067871 1156.88
0.0738098 1380.22
0.0800417 1337.66
0.0862327 1133.44
0.0921407 1344.51
0.0982031 1633.73
0.104506 1564.52
0.110769 1695.62
0.116806 1635.6
0.122832 1652.81
0.129052 1569.01
0.135211 1851.02
0.141259 1693.13
0.147318 1841.6
0.153489 1895.31
0.159709 1837.27
0.165845 1862.3
0.171974 1767.44
0.178125 1901.47
0.184229 1889.52
0.19034 1915.43
0.196428 1891.72
0.202534 1909.09
0.208729 1925.55
0.214876 1866.47
0.220989 2017.05
0.227147 2000.74
0.23329 1912.8
0.239377 1951.85
0.245482 2002.06
0.251667 1969.94
0.257832 1987.15
0.263955 1963.47
0.270079 1977
0.27624 1963.41
0.282372 2005.62
0.28843 2020.26
0.294538 1959.73
0.300721 1993.37
0.30691 1978.03
0.313033 1979.87
0.319153 1980.49
0.325316 1988.51
0.33145 2008.89
0.337538 1990.03
0.343633 2020.4
0.349808 1991.63
0.355968 1989.72
0.362074 1994.7
0.368217 1970.84
0.374374 1984.72
0.380519 1947.86
0.386598 1933.47
0.392688 1937.86
0.39888 1973.77
0.405048 1972.71
0.411186 1975.59
0.417313 1956.07
0.423458 1972.48
0.429607 1953.84
0.435692 1948.24
0.441815 1961.47
0.447964 1931.19
0.454126 1919.77
0.460267 1945.38
0.466387 1944.59
0.47254 1933.36
0.478662 1901.64
0.484765 1936.45
0.490885 1887.05
0.497035 1909.81
0.503198 1897.3
0.509342 1900.1
0.515458 1887.09
0.521598 1877.82
0.527764 1874.02
0.533884 1878.58
0.54 1879.23
0.546137 1873.4
0.552299 1874.75
0.558452 1870.02
0.564573 1849.53
0.570708 1845.86
0.576825 1833.7
0.582926 1854.01
0.589034 1843.38
0.595184 1830.07
0.601379 1820.75
0.607522 1845.17
0.613639 1826.4
0.619772 1812.61
0.625918 1801.87
0.632068 1802.69
0.638161 1804.63
0.6443 1798.41
0.650464 1796.49
0.656582 1795.82
0.662703 1800.07
0.668861 1768.4
0.675024 1769.43
0.681124 1764.31
0.687237 1759.81
0.693381 1770.45
0.699536 1755.82
0.705665 1762.72
0.711789 1744.64
0.717957 1748.22
0.72409 1734.31
0.730186 1724.37
0.736317 1725.73
0.742472 1722.11
0.748622 1720.07
0.75476 1721.92
0.760888 1703.24
0.767043 1706.53
0.773185 1699.16
0.779291 1703.35
0.785407 1693.24
0.791564 1688.21
0.797719 1673.88
0.803834 1659.99
0.809972 1662.54
0.816124 1656.69
0.822261 1648.54
0.828378 1652.75
0.834502 1638.4
0.840667 1638.45
0.846816 1636.45
0.852925 1634.39
0.859047 1614.39
0.865192 1620.2
0.871341 1619.2
0.877463 1612.18
0.883569 1610.35
0.889708 1604.58
0.895864 1603.46
0.902008 1597.24
0.908149 1582.36
0.914301 1588.23
0.920448 1582.82
0.926574 1573.79
0.932687 1569
0.938823 1557.67
0.944975 1545.94
0.951105 1555.54
0.957225 1538.92
0.963368 1536.33
0.969511 1534.3
0.975621 1528.58
0.981748 1520.05
0.987916 1517.71
0.99406 1511.3
1.00019 1501.22
1.00632 1501.2
1.01246 1507.81
1.01859 1492.98
1.02471 1490.58
1.03085 1482.31
1.03698 1481.35
1.04314 1474.23
1.04929 1466.61
1.05541 1462.63
1.06154 1456.95
1.06769 1455.77
1.07382 1447.61
1.07993 1438.9
1.08607 1438.19
1.09222 1427.51
1.09836 1431.54
1.10449 1420.13
1.11063 1422.82
1.11677 1411.07
1.1229 1409.56
1.12903 1399.87
1.13518 1398.91
1.14131 1392.51
1.14745 1390.21
1.15359 1384.39
1.15973 1379.17
1.16584 1378.74
1.17197 1369.75
1.17811 1369.66
1.18424 1360.87
1.19038 1349.66
1.19652 1349.99
1.20267 1343.28
1.20881 1338.68
1.21495 1328.9
1.22108 1330.86
1.2272 1322
1.23334 1322.62
1.23949 1313.72
1.24562 1311.49
1.25174 1310.21
1.25789 1301.09
1.26402 1298.75
1.27014 1287.51
1.27628 1289.04
1.28244 1281.06
1.28858 1280.94
1.29471 1274.45
1.30084 1266.89
1.30697 1261.6
1.31312 1254.18
1.31925 1257.8
1.32537 1253.88
1.33151 1248.5
1.33765 1241.08
1.34378 1237.09
1.34992 1234.84
1.35606 1228.78
1.3622 1225.64
1.36833 1219.33
1.37445 1218.12
1.38059 1213.18
1.38675 1209.52
1.39288 1198.86
1.39901 1190.09
1.40515 1194.56
1.4113 1188.64
1.41742 1182.74
1.42355 1181.68
1.4297 1177.13
1.43585 1170.83
1.44198 1163.46
1.44809 1160.85
1.45423 1161
1.46036 1151.57
1.46649 1152.22
1.47263 1145
1.47877 1142.13
1.48491 1140.28
1.49104 1136.29
1.49718 1129.47
1.50333 1122.29
1.50947 1122.18
1.5156 1115.03
1.52172 1113.35
1.52787 1110.26
1.534 1106.83
1.54013 1102.08
1.54627 1095.94
1.55241 1091.77
1.55855 1090.23
1.56467 1084.6
1.5708 1081.18
