0.00783031 5514.67
0.013688 7432.36
0.019231 7958.98
0.0249154 9605.39
0.0312784 8750.45
0.0375637 8646.46
0.0433917 8001.82
0.0492413 8830.13
0.0555754 8660.92
0.0619321 8273.43
0.067871 8557.87
0.0738098 8076.23
0.0800417 7719.56
0.0862327 7941.47
0.0921407 7693.83
0.0982031 7139.57
0.104506 7685.67
0.110769 7235.9
0.116806 7039.97
0.122832 7180.71
0.129052 6890.77
0.135211 6794.74
0.141259 6754.54
0.147318 6817.16
0.153489 6708.48
0.159709 6415.84
0.165845 6508.38
0.171974 6281.43
0.178125 6058.13
0.184229 6120.24
0.19034 5900.03
0.196428 5882.02
0.202534 5995.88
0.208729 5936.07
0.214876 5782.01
0.220989 5619.64
0.227147 5693.9
0.23329 5572.43
0.239377 5483.87
0.245482 5403.45
0.251667 5470.09
0.257832 5270.7
0.263955 5371.92
0.270079 5314.8
0.27624 5233.07
0.282372 5147.39
0.28843 5018.2
0.294538 5129.1
0.300721 5073.22
0.30691 5000.37
0.313033 4956.07
0.319153 4955.2
0.325316 4830.59
0.33145 4867.04
0.337538 4799.36
0.343633 4685.38
0.349808 4747.71
0.355968 4705.29
0.362074 4645.99
0.368217 4638.87
0.374374 4639.58
0.380519 4580.13
0.386598 4525.54
0.392688 4562.13
0.39888 4537.66
0.405048 4512.99
0.411186 4480.74
0.417313 4479.17
0.423458 4458.31
0.429607 4421.55
0.435692 4444.36
0.441815 4449.43
0.447964 4421.96
0.454126 4406.18
0.460267 4350.04
0.466387 4335.79
0.47254 4349.41
0.478662 4342.38
0.484765 4279.66
0.490885 4311.19
0.497035 4303.69
0.503198 4228.43
0.509342 4241.16
0.515458 4235.02
0.521598 4203.11
0.527764 4223.56
0.533884 4197.51
0.54 4178.11
0.546137 4205.8
0.552299 4162.37
0.558452 4127.66
0.564573 4201.9
0.570708 4151.43
0.576825 4139.92
0.582926 4122.41
0.589034 4119.42
0.595184 4123.76
0.601379 4092.09
0.607522 4094.08
0.613639 4101.55
0.619772 4112.15
0.625918 4075.52
0.632068 4102.63
0.638161 4071.42
0.6443 4064.87
0.650464 4102.97
0.656582 4075.67
0.662703 4054.42
0.668861 4067.89
0.675024 4065.7
0.681124 4070.05
0.687237 4032.67
0.693381 4036
0.699536 4027.51
0.705665 4005.01
0.711789 4030
0.717957 4016.28
0.72409 4022.17
0.730186 4001.76
0.736317 3997.17
0.742472 3993.42
0.748622 4005.03
0.75476 3985.32
0.760888 3988.95
0.767043 3981.51
0.773185 3965.63
0.779291 3974.27
0.785407 3956.36
0.791564 3981.74
0.797719 3970.64
0.803834 3979.73
0.809972 3958.95
0.816124 3947.36
0.822261 3946.64
0.828378 3968.25
0.834502 3961.11
0.840667 3952.65
0.846816 3954.04
0.852925 3949.56
0.859047 3950.15
0.865192 3955.31
0.871341 3957.5
0.877463 3924.31
0.883569 3951.06
0.889708 3934.5
0.895864 3929.33
0.902008 3932.47
0.908149 3929.91
0.914301 3902.61
0.920448 3929.71
0.926574 3907.32
0.932687 3923.39
0.938823 3899.72
0.944975 3919.86
0.951105 3891.89
0.957225 3905.02
0.963368 3879.68
0.969511 3895.45
0.975621 3883.94
0.981748 3891.35
0.987916 3894.22
0.99406 3883.71
1.00019 3887.01
1.00632 3881.86
1.01246 3851.76
1.01859 3875.24
1.02471 3863.85
1.03085 3862.71
1.03698 3840.37
1.04314 3847.43
1.04929 3846.25
1.05541 3861.06
1.06154 3853.46
1.06769 3844.73
1.07382 3845.94
1.07993 3838.57
1.08607 3834.99
1.09222 3846.44
1.09836 3813.51
1.10449 3815.46
1.11063 3834.46
1.11677 3823.54
1.1229 3829.39
1.12903 3789.85
1.13518 3809.32
1.14131 3802.28
1.14745 3797.87
1.15359 3775.36
1.15973 3777.54
1.16584 3789.53
1.17197 3786.29
1.17811 3777.3
1.18424 3764.38
1.19038 3760.07
1.19652 3776.02
1.20267 3753.22
1.20881 3751.38
1.21495 3755.03
1.22108 3748.77
1.2272 3746.13
1.23334 3734.1
1.23949 3729.92
1.24562 3732.54
1.25174 3737.22
1.25789 3721.78
1.26402 3720.13
1.27014 3712.32
1.27628 3701
1.28244 3687.62
1.28858 3703.06
1.29471 3699.69
1.30084 3677.05
1.30697 3679.62
1.31312 3680.09
1.31925 3666.05
1.32537 3662.06
1.33151 3647.85
1.33765 3644.94
1.34378 3647.75
1.34992 3636.56
1.35606 3638.08
1.3622 3629.09
1.36833 3609.93
1.37445 3616.9
1.38059 3598
1.38675 3607.02
1.39288 3598.52
1.39901 3581.04
1.40515 3588.16
1.4113 3584.76
1.41742 3578.57
1.42355 3575.04
1.4297 3560.28
1.43585 3546.11
1.44198 3540.47
1.44809 3549.76
1.45423 3544.24
1.46036 3528.4
1.46649 3533.24
1.47263 3523.54
1.47877 3513.92
1.48491 3509.08
1.49104 3509.23
1.49718 3498.31
1.50333 3503.6
1.50947 3487.93
1.5156 3483.65
1.52172 3474.7
1.52787 3475.45
1.534 3464.58
1.54013 3448.02
1.54627 3455.32
1.55241 3447.91
1.55855 3435.16
1.56467 3423.36
1.5708 3425.02
