0.00783031 20400.3
0.013688 25134.3
0.019231 25583.6
0.0249154 23015.3
0.0312784 20297.2
0.0375637 16908.3
0.0433917 15034
0.0492413 13462.6
0.0555754 11564.1
0.0619321 11052.4
0.067871 10286.3
0.0738098 9511.93
0.0800417 8505.11
0.0862327 7628.59
0.0921407 6833.01
0.0982031 6275.48
0.104506 5635.45
0.110769 5201.05
0.116806 4999.17
0.122832 4788.92
0.129052 4675.21
0.135211 4297.43
0.141259 3997.1
0.147318 3838.14
0.153489 3546.05
0.159709 3312.11
0.165845 3150.84
0.171974 2998.28
0.178125 2873.25
0.184229 2817.85
0.19034 2662.08
0.196428 2632.6
0.202534 2475.1
0.208729 2374.68
0.214876 2310.86
0.220989 2247.18
0.227147 2157.9
0.23329 2093.38
0.239377 1991.44
0.245482 1980.36
0.251667 1919.6
0.257832 1814.13
0.263955 1825.05
0.270079 1757.29
0.27624 1719.22
0.282372 1649.67
0.28843 1641.57
0.294538 1582.34
0.300721 1571.5
0.30691 1523.26
0.313033 1489.94
0.319153 1469.15
0.325316 1427.49
0.33145 1399.72
0.337538 1383.93
0.343633 1328.5
0.349808 1321.22
0.355968 1298.68
0.362074 1262.62
0.368217 1256.49
0.374374 1238.29
0.380519 1205.82
0.386598 1197.57
0.392688 1170.21
0.39888 1142.47
0.405048 1137.78
0.411186 1112.2
0.417313 1105.72
0.423458 1088.99
0.429607 1072.11
0.435692 1060.08
0.441815 1040.45
0.447964 1023.44
0.454126 1005.23
0.460267 986.673
0.466387 987.127
0.47254 966.273
0.478662 967.091
0.484765 951.349
0.490885 940.815
0.497035 936.288
0.503198 912.16
0.509342 904.344
0.515458 899.808
0.521598 881.259
0.527764 875.622
0.533884 865.753
0.54 860.883
0.546137 855.01
0.552299 843.137
0.558452 826.234
0.564573 828.642
0.570708 812.841
0.576825 808.77
0.582926 795.383
0.589034 794.87
0.595184 786.715
0.601379 771.853
0.607522 768.772
0.613639 757.516
0.619772 756.263
0.625918 747.987
0.632068 740.954
0.638161 736.883
0.6443 727.767
0.650464 730.146
0.656582 720.904
0.662703 713.171
0.668861 704.755
0.675024 702.814
0.681124 693.283
0.687237 688.529
0.693381 685.277
0.699536 677.845
0.705665 669.372
0.711789 666.672
0.717957 665.302
0.72409 658.634
0.730186 654.694
0.736317 648.655
0.742472 643.066
0.748622 639.997
0.75476 633.108
0.760888 631.332
0.767043 624.236
0.773185 621.357
0.779291 616.374
0.785407 612.002
0.791564 610.293
0.797719 604.592
0.803834 600.274
0.809972 596.965
0.816124 595.134
0.822261 586.777
0.828378 588.766
0.834502 580.302
0.840667 574.536
0.846816 575.256
0.852925 572.755
0.859047 569.538
0.865192 563.359
0.871341 563.256
0.877463 557.482
0.883569 554.552
0.889708 548.996
0.895864 548.669
0.902008 544.557
0.908149 543.497
0.914301 536.704
0.920448 536.581
0.926574 533.343
0.932687 529.773
0.938823 524.674
0.944975 522.517
0.951105 521.083
0.957225 516.582
0.963368 515.94
0.969511 512.439
0.975621 509.725
0.981748 505.633
0.987916 503.614
0.99406 502.377
1.00019 499.814
1.00632 495.479
1.01246 491.718
1.01859 491.657
1.02471 487.364
1.03085 488.717
1.03698 482.112
1.04314 476.355
1.04929 475.176
1.05541 473.218
1.06154 473.234
1.06769 470.55
1.07382 465.789
1.07993 462.186
1.08607 461.225
1.09222 462.03
1.09836 455.66
1.10449 452.079
1.11063 452.092
1.11677 451.092
1.1229 447.871
1.12903 443.891
1.13518 441.924
1.14131 440.566
1.14745 436.782
1.15359 433.26
1.15973 431.19
1.16584 431.147
1.17197 429.124
1.17811 425.903
1.18424 422.513
1.19038 421.96
1.19652 418.215
1.20267 415.38
1.20881 411.212
1.21495 410.075
1.22108 409.039
1.2272 406.004
1.23334 402.67
1.23949 399.39
1.24562 397.468
1.25174 397.189
1.25789 393.107
1.26402 391.215
1.27014 388.006
1.27628 386.232
1.28244 384.131
1.28858 381.27
1.29471 377.322
1.30084 376.413
1.30697 375.348
1.31312 372.846
1.31925 369.936
1.32537 365.032
1.33151 363.471
1.33765 362.606
1.34378 359.274
1.34992 356.53
1.35606 354.14
1.3622 353.881
1.36833 348.83
1.37445 347.343
1.38059 343.946
1.38675 343.327
1.39288 340.391
1.39901 336.986
1.40515 335.967
1.4113 334.205
1.41742 331.814
1.42355 329.113
1.4297 326.844
1.43585 323.63
1.44198 322.917
1.44809 320.419
1.45423 317.846
1.46036 315.855
1.46649 312.355
1.47263 312.269
1.47877 309.34
1.48491 306.663
1.49104 305.273
1.49718 303.32
1.50333 301.476
1.50947 298.504
1.5156 296.707
1.52172 294.768
1.52787 293.385
1.534 291.146
1.54013 289.26
1.54627 287.99
1.55241 285.515
1.55855 283.105
1.56467 282.321
1.5708 279.626
