0.00783031 -2.08681
0.013688 3.40036
0.019231 -0.631809
0.0249154 0.12565
0.0312784 2.9746
0.0375637 3.97733
0.0433917 -0.382553
0.0492413 1.26201
0.0555754 5.54059
0.0619321 6.33164
0.067871 8.85122
0.0738098 5.79177
0.0800417 8.027
0.0862327 7.93273
0.0921407 6.41077
0.0982031 7.16364
0.104506 7.29174
0.110769 11.145
0.116806 10.2308
0.122832 10.0141
0.129052 5.73454
0.135211 11.453
0.141259 8.45358
0.147318 8.19747
0.153489 15.5274
0.159709 13.4535
0.165845 13.1233
0.171974 15.1728
0.178125 11.2211
0.184229 11.0901
0.19034 15.8755
0.196428 11.5226
0.202534 10.3614
0.208729 16.428
0.214876 14.132
0.220989 10.3217
0.227147 11.3752
0.23329 13.2362
0.239377 14.2159
0.245482 15.0785
0.251667 13.9554
0.257832 12.9323
0.263955 10.5873
0.270079 13.6296
0.27624 12.8517
0.282372 11.4452
0.28843 6.29958
0.294538 12.9117
0.300721 6.97645
0.30691 9.877
0.313033 8.35678
0.319153 11.5535
0.325316 5.44118
0.33145 9.65743
0.337538 7.3714
0.343633 7.44995
0.349808 7.6486
0.355968 9.1077
0.362074 9.53078
0.368217 5.441
0.374374 2.85328
0.380519 4.42025
0.386598 1.01022
0.392688 3.09583
0.39888 3.00711
0.405048 1.63511
0.411186 2.2033
0.417313 1.27548
0.423458 0.177028
0.429607 2.63457
0.435692 -3.02347
0.441815 0.693524
0.447964 -1.17968
0.454126 -0.692106
0.460267 -2.53678
0.466387 -0.318669
0.47254 -1.01436
0.478662 -4.71598
0.484765 -5.16306
0.490885 -6.36131
0.497035 -6.35371
0.503198 -5.49081
0.509342 -9.80396
0.515458 -7.51442
0.521598 -7.30761
0.527764 -8.13179
0.533884 -7.38158
0.54 -8.81793
0.546137 -10.4926
0.552299 -14.1288
0.558452 -11.3278
0.564573 -12.6348
0.570708 -14.1361
0.576825 -12.5808
0.582926 -13.6175
0.589034 -13.9303
0.595184 -16.071
0.601379 -14.1813
0.607522 -16.1586
0.613639 -16.3548
0.619772 -18.106
0.625918 -19.2509
0.632068 -18.0711
0.638161 -19.2018
0.6443 -20.0355
0.650464 -20.5368
0.656582 -21.2547
0.662703 -23.202
0.668861 -23.1216
0.675024 -22.4865
0.681124 -25.1644
0.687237 -22.3413
0.693381 -24.2042
0.699536 -25.9483
0.705665 -26.4626
0.711789 -25.7823
0.717957 -28.4742
0.72409 -29.6774
0.730186 -28.0172
0.736317 -30.687
0.742472 -28.757
0.748622 -28.9585
0.75476 -30.1991
0.760888 -30.0879
0.767043 -31.7632
0.773185 -31.7954
0.779291 -31.565
0.785407 -31.4534
0.791564 -32.4734
0.797719 -31.9309
0.803834 -33.8959
0.809972 -33.5145
0.816124 -33.6352
0.822261 -33.3937
0.828378 -35.3049
0.834502 -34.6027
0.840667 -35.4317
0.846816 -36.7583
0.852925 -36.9206
0.859047 -36.0747
0.865192 -36.5642
0.871341 -35.9014
0.877463 -36.2844
0.883569 -37.7703
0.889708 -37.7463
0.895864 -37.7457
0.902008 -37.9568
0.908149 -39.2897
0.914301 -37.4803
0.920448 -37.4755
0.926574 -39.483
0.932687 -39.2464
0.938823 -38.5137
0.944975 -39.3223
0.951105 -39.5155
0.957225 -38.618
0.963368 -40.4125
0.969511 -39.5617
0.975621 -40.1375
0.981748 -40.0901
0.987916 -40.2876
0.99406 -41.0154
1.00019 -38.9461
1.00632 -38.9435
1.01246 -39.898
1.01859 -40.6312
1.02471 -39.7408
1.03085 -40.8462
1.03698 -41.9174
1.04314 -39.2268
1.04929 -40.9686
1.05541 -40.1904
1.06154 -40.9745
1.06769 -40.9504
1.07382 -39.0479
1.07993 -39.0772
1.08607 -40.5986
1.09222 -40.4749
1.09836 -41.0085
1.10449 -40.2478
1.11063 -40.9301
1.11677 -41.6971
1.1229 -41.3478
1.12903 -40.9851
1.13518 -40.6943
1.14131 -41.3579
1.14745 -41.1796
1.15359 -39.699
1.15973 -40.6725
1.16584 -40.5448
1.17197 -41.2472
1.17811 -41.5199
1.18424 -40.6446
1.19038 -41.7893
1.19652 -40.9146
1.20267 -39.7173
1.20881 -41.4515
1.21495 -41.0388
1.22108 -41.1587
1.2272 -40.7592
1.23334 -40.2529
1.23949 -40.5167
1.24562 -40.6563
1.25174 -40.8167
1.25789 -42.0785
1.26402 -40.4521
1.27014 -41.1742
1.27628 -40.7036
1.28244 -41.601
1.28858 -39.8443
1.29471 -40.752
1.30084 -40.5452
1.30697 -41.1668
1.31312 -40.9286
1.31925 -40.5535
1.32537 -40.1991
1.33151 -39.6987
1.33765 -40.9198
1.34378 -40.6779
1.34992 -40.2723
1.35606 -40.6137
1.3622 -41.2456
1.36833 -40.5559
1.37445 -39.8796
1.38059 -39.6308
1.38675 -40.9016
1.39288 -39.936
1.39901 -39.9271
1.40515 -40.3771
1.4113 -39.3925
1.41742 -40.427
1.42355 -39.465
1.4297 -40.8502
1.43585 -41.0637
1.44198 -39.9437
1.44809 -39.9571
1.45423 -41.1124
1.46036 -40.8662
1.46649 -40.1916
1.47263 -40.4346
1.47877 -40.5462
1.48491 -40.6765
1.49104 -40.6193
1.49718 -40.5312
1.50333 -40.5409
1.50947 -39.1762
1.5156 -40.0124
1.52172 -41.0209
1.52787 -40.8286
1.534 -40.3452
1.54013 -40.2375
1.54627 -40.4955
1.55241 -39.2404
1.55855 -40.1052
1.56467 -39.9719
1.5708 -39.7296
