0.00783031 419.209
0.013688 1471.03
0.019231 345.36
0.0249154 -24.1661
0.0312784 1098.45
0.0375637 -491.535
0.0433917 885.261
0.0492413 398.023
0.0555754 84.6885
0.0619321 868.7
0.067871 583.471
0.0738098 692.635
0.0800417 673.183
0.0862327 814.332
0.0921407 1212.68
0.0982031 1135.22
0.104506 1157.57
0.110769 1014.52
0.116806 1069.54
0.122832 1188.27
0.129052 1303.45
0.135211 1179.14
0.141259 1323.95
0.147318 1335.4
0.153489 1244.37
0.159709 1300.88
0.165845 1301.99
0.171974 1302.63
0.178125 1282.63
0.184229 1402.51
0.19034 1289.91
0.196428 1355.04
0.202534 1393.48
0.208729 1361.79
0.214876 1328.43
0.220989 1375.14
0.227147 1403.06
0.23329 1393.16
0.239377 1354.67
0.245482 1358.69
0.251667 1377.6
0.257832 1340.03
0.263955 1432.98
0.270079 1370.14
0.27624 1368.47
0.282372 1344.84
0.28843 1363.08
0.294538 1357.37
0.300721 1394.24
0.30691 1346.89
0.313033 1345.38
0.319153 1364.65
0.325316 1349.41
0.33145 1344.65
0.337538 1326.41
0.343633 1307.47
0.349808 1319.21
0.355968 1317.75
0.362074 1287.68
0.368217 1313.78
0.374374 1311.72
0.380519 1306.31
0.386598 1298.23
0.392688 1296.97
0.39888 1283.36
0.405048 1291.69
0.411186 1281.3
0.417313 1290.02
0.423458 1288.13
0.429607 1263.94
0.435692 1271.91
0.441815 1263.91
0.447964 1263.76
0.454126 1255.53
0.460267 1237.5
0.466387 1242.64
0.47254 1234.07
0.478662 1241.81
0.484765 1222.38
0.490885 1229.17
0.497035 1240.55
0.503198 1203.02
0.509342 1217.04
0.515458 1208.55
0.521598 1187.53
0.527764 1195.49
0.533884 1185.46
0.54 1181.55
0.546137 1192.18
0.552299 1179.99
0.558452 1159.71
0.564573 1178.85
0.570708 1163.71
0.576825 1159.13
0.582926 1140.78
0.589034 1143.29
0.595184 1145.84
0.601379 1128.72
0.607522 1129.46
0.613639 1125.12
0.619772 1132.46
0.625918 1121.5
0.632068 1116.34
0.638161 1106.89
0.6443 1100.61
0.650464 1110.73
0.656582 1098.15
0.662703 1094.09
0.668861 1087.39
0.675024 1086.69
0.681124 1084.96
0.687237 1068.44
0.693381 1069.7
0.699536 1059.44
0.705665 1052
0.711789 1051.97
0.717957 1049.34
0.72409 1045.37
0.730186 1039.09
0.736317 1032.12
0.742472 1027.62
0.748622 1026.42
0.75476 1015.63
0.760888 1012.53
0.767043 1005.91
0.773185 999.799
0.779291 995.208
0.785407 988.212
0.791564 989.572
0.797719 983.711
0.803834 977.868
0.809972 972.429
0.816124 967.291
0.822261 957.74
0.828378 963.808
0.834502 953.012
0.840667 943.679
0.846816 946.335
0.852925 940.059
0.859047 934.432
0.865192 929.498
0.871341 927.014
0.877463 919.204
0.883569 917.691
0.889708 906.495
0.895864 904.094
0.902008 899.268
0.908149 896.265
0.914301 886.289
0.920448 888.691
0.926574 878.54
0.932687 875.917
0.938823 862.554
0.944975 866.277
0.951105 858.955
0.957225 852.184
0.963368 846.871
0.969511 846.602
0.975621 839.497
0.981748 833.849
0.987916 832.107
0.99406 826.395
1.00019 824.375
1.00632 815.877
1.01246 805.456
1.01859 808.681
1.02471 800.66
1.03085 803.689
1.03698 788.745
1.04314 779.114
1.04929 779.562
1.05541 779.294
1.06154 775.855
1.06769 771.231
1.07382 764.063
1.07993 759.387
1.08607 753.765
1.09222 754.268
1.09836 742.329
1.10449 735.745
1.11063 740.143
1.11677 733.485
1.1229 730.548
1.12903 720.028
1.13518 718.147
1.14131 716.476
1.14745 711.911
1.15359 700.128
1.15973 695.357
1.16584 697.701
1.17197 693.343
1.17811 689.117
1.18424 682.897
1.19038 679.57
1.19652 675.343
1.20267 670.87
1.20881 664.927
1.21495 664.473
1.22108 659.643
1.2272 656.222
1.23334 648.552
1.23949 644.288
1.24562 644.523
1.25174 641.281
1.25789 634.274
1.26402 629.715
1.27014 625.69
1.27628 622.866
1.28244 618.019
1.28858 614.921
1.29471 610.628
1.30084 604.653
1.30697 604.323
1.31312 602.187
1.31925 596.248
1.32537 589.72
1.33151 584.498
1.33765 582.991
1.34378 580.507
1.34992 574.887
1.35606 573.797
1.3622 572.422
1.36833 563.785
1.37445 562.776
1.38059 556.03
1.38675 556.926
1.39288 551.756
1.39901 547.244
1.40515 546.531
1.4113 543.132
1.41742 539.867
1.42355 536.483
1.4297 533.195
1.43585 527.428
1.44198 525.832
1.44809 522.133
1.45423 519.606
1.46036 516.168
1.46649 513.172
1.47263 511.576
1.47877 507.382
1.48491 503.993
1.49104 503.436
1.49718 499.479
1.50333 496.406
1.50947 491.368
1.5156 489.262
1.52172 487.291
1.52787 484.604
1.534 480.699
1.54013 476.253
1.54627 475.735
1.55241 471.664
1.55855 468.088
1.56467 465.467
1.5708 462.257
