0.00783031 1921.45
0.013688 954.801
0.019231 -34.4253
0.0249154 -297.885
0.0312784 727.195
0.0375637 -268.276
0.0433917 363.341
0.0492413 120.025
0.0555754 -254.087
0.0619321 -135.495
0.067871 91.7184
0.0738098 168.464
0.0800417 -192.032
0.0862327 -27.213
0.0921407 -108.598
0.0982031 -324.918
0.104506 -190.359
0.110769 -166.171
0.116806 -127.86
0.122832 -159.298
0.129052 -221.076
0.135211 -124.924
0.141259 -200.386
0.147318 -217.245
0.153489 -218.817
0.159709 -241.424
0.165845 -192.166
0.171974 -214.73
0.178125 -226.301
0.184229 -246.295
0.19034 -178.526
0.196428 -216.525
0.202534 -220.225
0.208729 -235.444
0.214876 -211.284
0.220989 -226.923
0.227147 -218.576
0.23329 -197.726
0.239377 -198.023
0.245482 -219.08
0.251667 -192.277
0.257832 -192.48
0.263955 -218.949
0.270079 -201.487
0.27624 -191.59
0.282372 -189.482
0.28843 -193.196
0.294538 -195.801
0.300721 -195.068
0.30691 -199.921
0.313033 -197.867
0.319153 -191.718
0.325316 -187.62
0.33145 -188.053
0.337538 -183.651
0.343633 -180.074
0.349808 -191.133
0.355968 -182.829
0.362074 -177.999
0.368217 -169.385
0.374374 -189.532
0.380519 -179.711
0.386598 -183.837
0.392688 -171.669
0.39888 -177.798
0.405048 -174.316
0.411186 -180.329
0.417313 -169.471
0.423458 -171.82
0.429607 -167.357
0.435692 -172.398
0.441815 -179.991
0.447964 -168.871
0.454126 -169.427
0.460267 -164.16
0.466387 -170.546
0.47254 -165.173
0.478662 -163.869
0.484765 -168.281
0.490885 -164.907
0.497035 -163.151
0.503198 -165.46
0.509342 -160.494
0.515458 -163.193
0.521598 -163.889
0.527764 -162.555
0.533884 -164.835
0.54 -158.733
0.546137 -158.07
0.552299 -155.732
0.558452 -154.585
0.564573 -158.763
0.570708 -156.198
0.576825 -159.311
0.582926 -155.493
0.589034 -156.077
0.595184 -150.912
0.601379 -154.855
0.607522 -151.938
0.613639 -150.779
0.619772 -146.323
0.625918 -150.404
0.632068 -150.714
0.638161 -148.619
0.6443 -146.044
0.650464 -145.755
0.656582 -148.387
0.662703 -146.656
0.668861 -146.752
0.675024 -146.334
0.681124 -148.362
0.687237 -145.731
0.693381 -144.231
0.699536 -142.263
0.705665 -142.574
0.711789 -142.812
0.717957 -141.347
0.72409 -140.837
0.730186 -142.561
0.736317 -140.046
0.742472 -140.985
0.748622 -139.084
0.75476 -141.997
0.760888 -137.564
0.767043 -142.683
0.773185 -134.94
0.779291 -139.212
0.785407 -136.278
0.791564 -136.096
0.797719 -135.615
0.803834 -134.499
0.809972 -132.835
0.816124 -134.89
0.822261 -133.827
0.828378 -133.242
0.834502 -131.43
0.840667 -129.397
0.846816 -131.447
0.852925 -131.904
0.859047 -130.302
0.865192 -129.642
0.871341 -128.815
0.877463 -131.378
0.883569 -127.181
0.889708 -127.308
0.895864 -127.745
0.902008 -128.33
0.908149 -128.092
0.914301 -126.439
0.920448 -126.316
0.926574 -124.966
0.932687 -123.226
0.938823 -126.372
0.944975 -124.759
0.951105 -125.261
0.957225 -123.414
0.963368 -122.448
0.969511 -122.648
0.975621 -121.951
0.981748 -121.757
0.987916 -121.447
0.99406 -119.272
1.00019 -119.913
1.00632 -120.593
1.01246 -119.825
1.01859 -119.148
1.02471 -117.63
1.03085 -117.402
1.03698 -118.155
1.04314 -118.265
1.04929 -118.064
1.05541 -116.379
1.06154 -116.455
1.06769 -115.192
1.07382 -114.708
1.07993 -113.142
1.08607 -113.983
1.09222 -114.646
1.09836 -113.228
1.10449 -112.369
1.11063 -112.026
1.11677 -111.423
1.1229 -112.021
1.12903 -111.551
1.13518 -109.523
1.14131 -111.035
1.14745 -109.427
1.15359 -110.461
1.15973 -109.725
1.16584 -109.616
1.17197 -108.479
1.17811 -107.548
1.18424 -107.526
1.19038 -107.414
1.19652 -105.605
1.20267 -106.659
1.20881 -105.336
1.21495 -106.1
1.22108 -105.072
1.2272 -104.433
1.23334 -103.568
1.23949 -103.579
1.24562 -103.986
1.25174 -103.204
1.25789 -102.425
1.26402 -102.306
1.27014 -101.725
1.27628 -101.135
1.28244 -101.021
1.28858 -100.634
1.29471 -100.068
1.30084 -100.018
1.30697 -98.335
1.31312 -99.2964
1.31925 -98.4401
1.32537 -97.1216
1.33151 -98.5297
1.33765 -97.303
1.34378 -97.6287
1.34992 -96.1515
1.35606 -97.0322
1.3622 -96.4762
1.36833 -94.759
1.37445 -95.2835
1.38059 -94.9127
1.38675 -94.9636
1.39288 -93.7621
1.39901 -93.7252
1.40515 -93.4131
1.4113 -92.3527
1.41742 -93.1955
1.42355 -91.338
1.4297 -91.3785
1.43585 -92.6189
1.44198 -90.8301
1.44809 -91.0359
1.45423 -90.5356
1.46036 -90.2552
1.46649 -89.6287
1.47263 -89.3977
1.47877 -88.6748
1.48491 -88.542
1.49104 -88.7694
1.49718 -88.0156
1.50333 -87.8852
1.50947 -87.1279
1.5156 -87.1441
1.52172 -86.6874
1.52787 -85.8503
1.534 -85.8717
1.54013 -85.6463
1.54627 -84.871
1.55241 -84.6573
1.55855 -84.4118
1.56467 -84.0308
1.5708 -84.2509
