0.00783031 -11.9745
0.013688 -15.8849
0.019231 -20.8531
0.0249154 -26.9551
0.0312784 -31.4501
0.0375637 -37.9581
0.0433917 -38.7169
0.0492413 -43.2583
0.0555754 -49.5841
0.0619321 -55.3366
0.067871 -60.5618
0.0738098 -62.5446
0.0800417 -69.834
0.0862327 -72.275
0.0921407 -73.4774
0.0982031 -73.4743
0.104506 -70.0181
0.110769 -78.324
0.116806 -80.2382
0.122832 -83.0508
0.129052 -86.0018
0.135211 -88.5292
0.141259 -89.0565
0.147318 -89.5388
0.153489 -89.5294
0.159709 -94.6618
0.165845 -94.8861
0.171974 -94.3456
0.178125 -97.3612
0.184229 -99.3519
0.19034 -99.4761
0.196428 -100.54
0.202534 -101.579
0.208729 -104.98
0.214876 -99.861
0.220989 -102.124
0.227147 -103.415
0.23329 -103.535
0.239377 -103.811
0.245482 -105.796
0.251667 -103.684
0.257832 -106.478
0.263955 -109.532
0.270079 -107.67
0.27624 -107.947
0.282372 -108.848
0.28843 -109.741
0.294538 -111.267
0.300721 -112.411
0.30691 -112.424
0.313033 -113.364
0.319153 -114.015
0.325316 -114.272
0.33145 -116.201
0.337538 -113.902
0.343633 -113.489
0.349808 -116.694
0.355968 -115.791
0.362074 -115.334
0.368217 -114.227
0.374374 -117.243
0.380519 -117.881
0.386598 -119.287
0.392688 -118.069
0.39888 -118.344
0.405048 -119.771
0.411186 -119.871
0.417313 -117.823
0.423458 -119.239
0.429607 -118.786
0.435692 -120.896
0.441815 -120.397
0.447964 -119.66
0.454126 -118.829
0.460267 -120.634
0.466387 -122.224
0.47254 -120.264
0.478662 -121.687
0.484765 -123.855
0.490885 -122.724
0.497035 -121.425
0.503198 -123.323
0.509342 -120.46
0.515458 -123.299
0.521598 -122.786
0.527764 -123.275
0.533884 -122.228
0.54 -122.973
0.546137 -124.032
0.552299 -123.121
0.558452 -123.25
0.564573 -124.919
0.570708 -124.22
0.576825 -123.195
0.582926 -124.03
0.589034 -122.959
0.595184 -124.042
0.601379 -125.752
0.607522 -123.329
0.613639 -122.939
0.619772 -125.099
0.625918 -124.795
0.632068 -124.478
0.638161 -124.676
0.6443 -124.736
0.650464 -124.327
0.656582 -124.207
0.662703 -124.436
0.668861 -124.619
0.675024 -125.355
0.681124 -126.408
0.687237 -124.891
0.693381 -125.304
0.699536 -124.885
0.705665 -125.343
0.711789 -125.712
0.717957 -125.701
0.72409 -125.967
0.730186 -127.135
0.736317 -126.021
0.742472 -126.691
0.748622 -125.771
0.75476 -127.383
0.760888 -124.595
0.767043 -127.021
0.773185 -125.965
0.779291 -125.959
0.785407 -125.83
0.791564 -126.692
0.797719 -125.845
0.803834 -125.977
0.809972 -124.444
0.816124 -126.285
0.822261 -125.14
0.828378 -126.49
0.834502 -125.837
0.840667 -125.673
0.846816 -124.798
0.852925 -124.835
0.859047 -124.637
0.865192 -123.462
0.871341 -125.138
0.877463 -125.954
0.883569 -123.892
0.889708 -124.767
0.895864 -123.72
0.902008 -125.569
0.908149 -125.241
0.914301 -124.13
0.920448 -124.616
0.926574 -125.007
0.932687 -122.808
0.938823 -124.375
0.944975 -123.869
0.951105 -124.92
0.957225 -123.76
0.963368 -123.301
0.969511 -124.504
0.975621 -123.564
0.981748 -123.383
0.987916 -124.271
0.99406 -122.825
1.00019 -122.71
1.00632 -122.964
1.01246 -123.476
1.01859 -123.52
1.02471 -122.096
1.03085 -121.722
1.03698 -122.279
1.04314 -123.306
1.04929 -123.267
1.05541 -121.999
1.06154 -122.564
1.06769 -121.539
1.07382 -121.538
1.07993 -120.466
1.08607 -119.958
1.09222 -121.393
1.09836 -120.804
1.10449 -120.444
1.11063 -120.764
1.11677 -120.595
1.1229 -120.961
1.12903 -120.353
1.13518 -119.103
1.14131 -120.54
1.14745 -120.471
1.15359 -120.555
1.15973 -120.024
1.16584 -119.946
1.17197 -119.177
1.17811 -119.019
1.18424 -119.089
1.19038 -119.144
1.19652 -117.498
1.20267 -118.944
1.20881 -117.929
1.21495 -118.477
1.22108 -117.738
1.2272 -117.601
1.23334 -116.811
1.23949 -116.921
1.24562 -117.015
1.25174 -117.182
1.25789 -117.33
1.26402 -116.753
1.27014 -116.411
1.27628 -116.891
1.28244 -116.776
1.28858 -116.92
1.29471 -116.717
1.30084 -116.139
1.30697 -115.584
1.31312 -115.457
1.31925 -115.652
1.32537 -115.003
1.33151 -115.263
1.33765 -114.265
1.34378 -114.714
1.34992 -114.915
1.35606 -114.644
1.3622 -114.78
1.36833 -114.023
1.37445 -113.297
1.38059 -113.681
1.38675 -114.194
1.39288 -113.72
1.39901 -113.442
1.40515 -113.311
1.4113 -112.863
1.41742 -112.817
1.42355 -113.222
1.4297 -112.181
1.43585 -113.738
1.44198 -112.237
1.44809 -112.282
1.45423 -112.627
1.46036 -112.109
1.46649 -110.966
1.47263 -111.065
1.47877 -110.668
1.48491 -111.339
1.49104 -110.604
1.49718 -110.118
1.50333 -110.55
1.50947 -109.49
1.5156 -110.112
1.52172 -110.177
1.52787 -109.35
1.534 -109.444
1.54013 -109.802
1.54627 -109.332
1.55241 -108.902
1.55855 -108.874
1.56467 -108.865
1.5708 -108.596
