0.00783031 20331.5
0.013688 25103.9
0.019231 25453.4
0.0249154 23276.3
0.0312784 20571.8
0.0375637 16971.6
0.0433917 14767
0.0492413 13215.5
0.0555754 12036
0.0619321 11458.1
0.067871 10502.5
0.0738098 9743.45
0.0800417 9116.05
0.0862327 8207.24
0.0921407 7348.8
0.0982031 6605.14
0.104506 5736.11
0.110769 5756.87
0.116806 5361.36
0.122832 5125.29
0.129052 4948.85
0.135211 4775.72
0.141259 4423.84
0.147318 4054.89
0.153489 3848.94
0.159709 3785.03
0.165845 3605.71
0.171974 3383.97
0.178125 3314.48
0.184229 3189.05
0.19034 3051.31
0.196428 2955.84
0.202534 2837.23
0.208729 2780.08
0.214876 2596.67
0.220989 2516.2
0.227147 2454.21
0.23329 2408.67
0.239377 2315.45
0.245482 2261.43
0.251667 2168.07
0.257832 2139.22
0.263955 2098.73
0.270079 2035.66
0.27624 1955.69
0.282372 1945.98
0.28843 1915.56
0.294538 1869.12
0.300721 1821.34
0.30691 1778.36
0.313033 1753.17
0.319153 1716.23
0.325316 1696.11
0.33145 1656.63
0.337538 1605.45
0.343633 1589.41
0.349808 1567.56
0.355968 1534.28
0.362074 1509.73
0.368217 1482.47
0.374374 1465.26
0.380519 1440.34
0.386598 1419.28
0.392688 1396.4
0.39888 1376.18
0.405048 1354.99
0.411186 1341.76
0.417313 1309.01
0.423458 1304.39
0.429607 1280.4
0.435692 1270.5
0.441815 1237.05
0.447964 1232.07
0.454126 1207.84
0.460267 1205.76
0.466387 1193.88
0.47254 1173.26
0.478662 1157.93
0.484765 1143.36
0.490885 1121.56
0.497035 1114.53
0.503198 1100.35
0.509342 1082.96
0.515458 1069.2
0.521598 1068.05
0.527764 1045.98
0.533884 1039.3
0.54 1023.2
0.546137 1022.05
0.552299 1009.57
0.558452 999.281
0.564573 998.325
0.570708 973.381
0.576825 966.359
0.582926 959.17
0.589034 942.085
0.595184 939.546
0.601379 933.926
0.607522 916.122
0.613639 902.371
0.619772 901.99
0.625918 886.702
0.632068 882.136
0.638161 872.941
0.6443 864.616
0.650464 855.459
0.656582 851.853
0.662703 839.449
0.668861 834.8
0.675024 827.115
0.681124 818.773
0.687237 813.105
0.693381 801.754
0.699536 795.773
0.705665 786.966
0.711789 785.914
0.717957 774.347
0.72409 770.551
0.730186 765.095
0.736317 753.195
0.742472 749.138
0.748622 743.31
0.75476 739.046
0.760888 728.225
0.767043 725.277
0.773185 713.255
0.779291 715.887
0.785407 705.998
0.791564 698.483
0.797719 689.411
0.803834 687.706
0.809972 681.592
0.816124 673.176
0.822261 668.543
0.828378 664.238
0.834502 660.331
0.840667 655.07
0.846816 647.231
0.852925 644.234
0.859047 636.486
0.865192 630.601
0.871341 626.15
0.877463 621.083
0.883569 616.175
0.889708 611.493
0.895864 606.883
0.902008 603.213
0.908149 599.165
0.914301 589.599
0.920448 586.421
0.926574 581.075
0.932687 575.639
0.938823 572.24
0.944975 569.316
0.951105 567.186
0.957225 556.463
0.963368 553.782
0.969511 549.975
0.975621 546.168
0.981748 539.758
0.987916 535.998
0.99406 531.23
1.00019 526.459
1.00632 521.293
1.01246 519.197
1.01859 516.692
1.02471 507.297
1.03085 505.086
1.03698 501.926
1.04314 499.42
1.04929 496.085
1.05541 488.509
1.06154 487.6
1.06769 480.151
1.07382 477.868
1.07993 475.635
1.08607 470.222
1.09222 464.687
1.09836 463.582
1.10449 458.314
1.11063 452.753
1.11677 451.716
1.1229 449.319
1.12903 444.002
1.13518 438.783
1.14131 435.517
1.14745 433.192
1.15359 430.765
1.15973 426.437
1.16584 424.265
1.17197 420.407
1.17811 416.795
1.18424 413.551
1.19038 409.517
1.19652 406.538
1.20267 403.236
1.20881 398.381
1.21495 396.395
1.22108 393.169
1.2272 390.725
1.23334 386.336
1.23949 382.802
1.24562 382.226
1.25174 377.575
1.25789 374.364
1.26402 372.581
1.27014 369.001
1.27628 365.813
1.28244 363.194
1.28858 360.07
1.29471 356.189
1.30084 353.711
1.30697 351.83
1.31312 347.177
1.31925 345.854
1.32537 342.612
1.33151 339.459
1.33765 336.666
1.34378 334.323
1.34992 331.351
1.35606 329.248
1.3622 326.491
1.36833 323.231
1.37445 320.932
1.38059 318.762
1.38675 316.126
1.39288 312.036
1.39901 311.18
1.40515 309.215
1.4113 305.341
1.41742 303.746
1.42355 301.669
1.4297 297.76
1.43585 296.871
1.44198 293.92
1.44809 291.907
1.45423 288.95
1.46036 286.391
1.46649 283.898
1.47263 282.978
1.47877 279.904
1.48491 277.627
1.49104 275.545
1.49718 273.184
1.50333 271.491
1.50947 268.787
1.5156 266.983
1.52172 265.144
1.52787 263.176
1.534 259.461
1.54013 258.516
1.54627 256.444
1.55241 254.989
1.55855 253.212
1.56467 250.314
1.5708 248.827
