0.00783031 1465.73
0.013688 -70.1914
0.019231 -792.494
0.0249154 533.934
0.0312784 756.036
0.0375637 -857.282
0.0433917 374.648
0.0492413 775.273
0.0555754 465.44
0.0619321 993.251
0.067871 554.402
0.0738098 801.535
0.0800417 671.062
0.0862327 540.759
0.0921407 710.721
0.0982031 995.147
0.104506 877.416
0.110769 971.698
0.116806 924.505
0.122832 943.402
0.129052 831.663
0.135211 1108.3
0.141259 975.349
0.147318 1100.91
0.153489 1136.55
0.159709 1083.62
0.165845 1103.69
0.171974 1048.84
0.178125 1132.06
0.184229 1120.42
0.19034 1139.36
0.196428 1141.27
0.202534 1152.59
0.208729 1160.43
0.214876 1101.76
0.220989 1222.1
0.227147 1220.31
0.23329 1135.53
0.239377 1173.8
0.245482 1217.91
0.251667 1172.1
0.257832 1188.89
0.263955 1174.33
0.270079 1188.6
0.27624 1171.98
0.282372 1208.69
0.28843 1210.35
0.294538 1175.53
0.300721 1188.31
0.30691 1179.64
0.313033 1170.35
0.319153 1181.28
0.325316 1185.59
0.33145 1187.38
0.337538 1175.66
0.343633 1194.16
0.349808 1175.37
0.355968 1172.37
0.362074 1167.92
0.368217 1161.8
0.374374 1166.79
0.380519 1139.3
0.386598 1129.48
0.392688 1130.18
0.39888 1145.1
0.405048 1142.57
0.411186 1146.65
0.417313 1127.42
0.423458 1138.98
0.429607 1131.58
0.435692 1120
0.441815 1131.42
0.447964 1107.63
0.454126 1094.03
0.460267 1116.54
0.466387 1108.95
0.47254 1104.29
0.478662 1086.49
0.484765 1099.98
0.490885 1065.63
0.497035 1080.67
0.503198 1069.52
0.509342 1071.17
0.515458 1064.6
0.521598 1055.46
0.527764 1056.5
0.533884 1051.8
0.54 1050.79
0.546137 1044.2
0.552299 1050.22
0.558452 1038.95
0.564573 1028.82
0.570708 1022.86
0.576825 1013.99
0.582926 1027.21
0.589034 1017.97
0.595184 1007.41
0.601379 1002.62
0.607522 1012.5
0.613639 1001.21
0.619772 987.946
0.625918 981.912
0.632068 980.385
0.638161 978.058
0.6443 971.003
0.650464 969.247
0.656582 966.893
0.662703 968.638
0.668861 949.879
0.675024 948.569
0.681124 944.301
0.687237 937.799
0.693381 945.085
0.699536 931.265
0.705665 933.828
0.711789 924.118
0.717957 922.494
0.72409 915.662
0.730186 908.07
0.736317 904.334
0.742472 902.713
0.748622 898.295
0.75476 899.401
0.760888 886.998
0.767043 887.593
0.773185 878.27
0.779291 880.526
0.785407 870.31
0.791564 866.195
0.797719 861.31
0.803834 854.94
0.809972 852.283
0.816124 846.111
0.822261 842.275
0.828378 842.027
0.834502 833.463
0.840667 832.219
0.846816 825.32
0.852925 823.037
0.859047 812.114
0.865192 813.016
0.871341 811.717
0.877463 808.99
0.883569 803.424
0.889708 799.156
0.895864 795.298
0.902008 789.459
0.908149 782.423
0.914301 785.369
0.920448 779.856
0.926574 772.957
0.932687 770.431
0.938823 764.796
0.944975 758.517
0.951105 761.201
0.957225 749.13
0.963368 745.032
0.969511 741.356
0.975621 740.815
0.981748 731.835
0.987916 730.121
0.99406 723.289
1.00019 719.067
1.00632 716.527
1.01246 717.313
1.01859 710.641
1.02471 707.531
1.03085 700.601
1.03698 697.789
1.04314 697.266
1.04929 689.646
1.05541 687.773
1.06154 681.366
1.06769 678.869
1.07382 676.112
1.07993 670.309
1.08607 666.835
1.09222 661.184
1.09836 663.9
1.10449 655.538
1.11063 654.532
1.11677 648.708
1.1229 644.054
1.12903 638.985
1.13518 636.901
1.14131 633.941
1.14745 628.558
1.15359 623.991
1.15973 621.729
1.16584 620.034
1.17197 615.502
1.17811 613.669
1.18424 606.419
1.19038 600.715
1.19652 599.308
1.20267 596.351
1.20881 592.888
1.21495 587.351
1.22108 586.825
1.2272 582.027
1.23334 577.862
1.23949 573.475
1.24562 570.823
1.25174 569.513
1.25789 562.664
1.26402 562.963
1.27014 556.252
1.27628 554.46
1.28244 549.776
1.28858 549.154
1.29471 544.313
1.30084 540.13
1.30697 536.188
1.31312 532.417
1.31925 529.799
1.32537 529.061
1.33151 525.044
1.33765 521.901
1.34378 517.581
1.34992 514.342
1.35606 511.387
1.3622 508.166
1.36833 504.305
1.37445 503.013
1.38059 499.742
1.38675 496.761
1.39288 491.641
1.39901 487.584
1.40515 486.697
1.4113 482.899
1.41742 479.941
1.42355 478.308
1.4297 475.135
1.43585 471.693
1.44198 468.574
1.44809 465.551
1.45423 464.006
1.46036 459.494
1.46649 458.776
1.47263 453.227
1.47877 449.74
1.48491 449.653
1.49104 445.997
1.49718 443.208
1.50333 438.86
1.50947 437.956
1.5156 434.98
1.52172 432.546
1.52787 430.559
1.534 427.193
1.54013 425.045
1.54627 420.412
1.55241 419.273
1.55855 415.966
1.56467 413.029
1.5708 409.175
