0.00783031 5704.52
0.013688 7123.88
0.019231 9543.84
0.0249154 10183
0.0312784 8419.04
0.0375637 8436.02
0.0433917 9584.85
0.0492413 9611.97
0.0555754 9589.56
0.0619321 8852.21
0.067871 8817.46
0.0738098 8333.94
0.0800417 8562.23
0.0862327 7977.62
0.0921407 8355.74
0.0982031 7885.13
0.104506 7652.63
0.110769 7868.08
0.116806 7478.41
0.122832 7251.02
0.129052 7354.58
0.135211 7215.51
0.141259 6954.67
0.147318 6838.75
0.153489 6890.84
0.159709 6688.93
0.165845 6683.3
0.171974 6337.25
0.178125 6522.68
0.184229 6317.29
0.19034 6305.67
0.196428 5972.83
0.202534 5934.6
0.208729 5899.44
0.214876 5920.46
0.220989 5915.55
0.227147 5793.27
0.23329 5637.35
0.239377 5689.14
0.245482 5538.82
0.251667 5537.32
0.257832 5454.84
0.263955 5381.01
0.270079 5399.06
0.27624 5291.84
0.282372 5232.92
0.28843 5237.47
0.294538 5103.22
0.300721 5145.15
0.30691 5028.51
0.313033 5012.08
0.319153 4992.3
0.325316 4935.42
0.33145 4943.74
0.337538 4930.49
0.343633 4805.49
0.349808 4827.71
0.355968 4741.38
0.362074 4727.72
0.368217 4648.67
0.374374 4684.12
0.380519 4569.63
0.386598 4557.22
0.392688 4531.46
0.39888 4543.32
0.405048 4504.59
0.411186 4516.65
0.417313 4464.88
0.423458 4456.14
0.429607 4417.33
0.435692 4402.82
0.441815 4403.08
0.447964 4336.53
0.454126 4305.31
0.460267 4290.79
0.466387 4295.67
0.47254 4260.23
0.478662 4192.58
0.484765 4262.59
0.490885 4131.53
0.497035 4168.09
0.503198 4136.96
0.509342 4128.01
0.515458 4051.77
0.521598 4055.05
0.527764 4019.16
0.533884 4032.78
0.54 4016.48
0.546137 4017.59
0.552299 3999.7
0.558452 3980.44
0.564573 3935.88
0.570708 3911.75
0.576825 3878.9
0.582926 3924.11
0.589034 3889.7
0.595184 3865.69
0.601379 3844.62
0.607522 3867.75
0.613639 3832.7
0.619772 3793.68
0.625918 3753.03
0.632068 3777.18
0.638161 3752.39
0.6443 3733.97
0.650464 3734.42
0.656582 3731.16
0.662703 3715.72
0.668861 3675.21
0.675024 3669.66
0.681124 3658.6
0.687237 3635.4
0.693381 3651.01
0.699536 3626.44
0.705665 3632.56
0.711789 3599.67
0.717957 3588.64
0.72409 3570.31
0.730186 3552.92
0.736317 3549.89
0.742472 3552.15
0.748622 3523.64
0.75476 3532.49
0.760888 3492.89
0.767043 3501.37
0.773185 3473.77
0.779291 3492.62
0.785407 3460.48
0.791564 3448.86
0.797719 3428.27
0.803834 3417.88
0.809972 3415.88
0.816124 3387.03
0.822261 3378.29
0.828378 3379.72
0.834502 3347.93
0.840667 3356.05
0.846816 3350.18
0.852925 3333.89
0.859047 3300.88
0.865192 3310.84
0.871341 3303.39
0.877463 3308.35
0.883569 3298.41
0.889708 3295.55
0.895864 3272.16
0.902008 3257.12
0.908149 3239.34
0.914301 3261.45
0.920448 3234.87
0.926574 3218.57
0.932687 3215.61
0.938823 3206.55
0.944975 3186.03
0.951105 3199.17
0.957225 3166.69
0.963368 3146.67
0.969511 3147.24
0.975621 3144.3
0.981748 3128.52
0.987916 3122.26
0.99406 3111.27
1.00019 3092.11
1.00632 3094.3
1.01246 3098.57
1.01859 3071.04
1.02471 3072.31
1.03085 3054.89
1.03698 3050.94
1.04314 3053.13
1.04929 3032.17
1.05541 3029.16
1.06154 3012.87
1.06769 3007.34
1.07382 3008.73
1.07993 2996.05
1.08607 2983.39
1.09222 2969.02
1.09836 2985.01
1.10449 2959.64
1.11063 2960.5
1.11677 2943.22
1.1229 2936.73
1.12903 2913.52
1.13518 2916.55
1.14131 2912.21
1.14745 2903.33
1.15359 2890.31
1.15973 2883.11
1.16584 2881.97
1.17197 2875.27
1.17811 2874.63
1.18424 2855.62
1.19038 2833.59
1.19652 2833.47
1.20267 2835.99
1.20881 2824.53
1.21495 2813.21
1.22108 2816.56
1.2272 2806.18
1.23334 2788.5
1.23949 2780.41
1.24562 2775.45
1.25174 2774.41
1.25789 2754.77
1.26402 2762.18
1.27014 2741.17
1.27628 2739.78
1.28244 2732.66
1.28858 2730.73
1.29471 2717.27
1.30084 2708.58
1.30697 2695.17
1.31312 2691.85
1.31925 2683.87
1.32537 2685.27
1.33151 2681.14
1.33765 2673.01
1.34378 2661.49
1.34992 2651.19
1.35606 2648.4
1.3622 2642.41
1.36833 2628.97
1.37445 2631.02
1.38059 2622.91
1.38675 2615.03
1.39288 2597.3
1.39901 2592.37
1.40515 2593.57
1.4113 2582.67
1.41742 2576.06
1.42355 2577.32
1.4297 2564.51
1.43585 2559.71
1.44198 2551.02
1.44809 2543.32
1.45423 2543.94
1.46036 2529.87
1.46649 2527.12
1.47263 2514.73
1.47877 2507.16
1.48491 2510.76
1.49104 2499.64
1.49718 2497.93
1.50333 2482.56
1.50947 2484.56
1.5156 2478.86
1.52172 2473.74
1.52787 2467.25
1.534 2458.36
1.54013 2455.75
1.54627 2440.64
1.55241 2442.06
1.55855 2432.28
1.56467 2422.9
1.5708 2411.16
