#  k  (h/Mpc)          P(k)  (Mpc/h)^3     P_linear(k)   P_NL(k) (Mpc/h)^3
     0.00783031         20270.5         20513.5           20402 
       0.013688           25368         25365.8         25170.4 
       0.019231         25481.7         25635.4         25378.2 
      0.0249154         22915.4         23617.7         23341.1 
      0.0312784         19828.3         20361.8         20072.2 
      0.0375637         17042.5         17287.6         17029.1 
      0.0433917         14659.7         15046.4         14768.3 
      0.0492413         13155.3         13439.5         13172.6 
      0.0555754         11953.1         12280.2         12034.8 
      0.0619321         11026.7         11423.3         11182.2 
       0.067871         10234.5         10674.3         10455.7 
      0.0738098         9501.01         9842.08         9530.37 
      0.0800417         8211.59         8856.08         8604.23 
      0.0862327         7742.65         7841.33          7739.8 
      0.0921407         6818.63         6940.55         6884.81 
      0.0982031         6141.97         6164.83         6243.98 
       0.104506         5478.21         5561.75         5737.32 
       0.110769         5027.47         5155.89         5263.08 
       0.116806          4859.4         4889.47         4964.46 
       0.122832         4737.66         4677.07         4752.13 
       0.129052         4369.66         4453.97         4522.27 
       0.135211         4134.46         4193.92         4269.83 
       0.141259         3906.35         3896.12         4050.54 
       0.147318         3688.55         3576.26         3807.16 
       0.153489         3389.86          3260.5         3472.32 
       0.159709         3140.37         2982.04         3265.67 
       0.165845         3027.19         2764.14         3130.37 
       0.171974         2888.55         2604.93         2961.41 
       0.178125         2779.61          2488.7         2879.78 
       0.184229         2600.79          2396.6         2743.09 
        0.19034         2540.37         2308.28         2640.78 
       0.196428         2459.24         2211.01            2533 
       0.202534         2309.46         2098.34         2448.32 
       0.208729         2261.65         1971.83          2315.9 
       0.214876         2186.54         1845.05         2253.38 
       0.220989         2038.85         1727.42         2179.44 
       0.227147         2000.15          1625.3         2105.71 
        0.23329         1922.42          1542.2         2040.86 
       0.239377         1853.36         1476.79         1962.14 
       0.245482         1797.12         1423.17         1881.11 
       0.251667         1761.83         1374.77          1839.5 
       0.257832         1668.16         1326.38         1781.24 
       0.263955         1637.96         1274.55         1732.73 
       0.270079         1592.42         1218.63         1683.96 
        0.27624         1578.62         1160.63         1632.19 
       0.282372         1483.59         1104.16         1604.22 
        0.28843          1455.9         1052.29         1569.55 
       0.294538         1408.72         1005.98         1521.93 
       0.300721         1375.43         965.772         1476.82 
        0.30691         1342.07         931.185         1457.29 
       0.313033         1302.44         900.669         1412.21 
       0.319153         1279.62         871.904         1373.99 
       0.325316         1230.37         843.127         1354.28 
        0.33145         1232.23         813.802         1308.65 
       0.337538         1178.36         783.968         1289.04 
       0.343633         1161.63         754.209         1273.23 
       0.349808         1142.07         725.137         1252.72 
       0.355968         1120.23         698.007         1228.96 
       0.362074         1095.08         673.396         1205.73 
       0.368217         1070.67         651.053         1177.75 
       0.374374         1041.06         630.664         1155.05 
       0.380519         1018.81         611.687         1134.08 
       0.386598         998.539         593.734         1119.14 
       0.392688         1000.92         576.093         1099.03 
        0.39888         958.007         558.266         1080.83 
       0.405048         948.722         540.636         1062.65 
       0.411186         933.448         523.443         1045.26 
       0.417313         915.085         506.946         1032.01 
       0.423458         906.356         491.257         1012.47 
       0.429607         887.003         476.511         996.142 
       0.435692         865.498         462.871         974.373 
       0.441815         850.122          450.01         971.353 
       0.447964         849.193         437.712         961.022 
       0.454126         823.448         425.821         934.613 
       0.460267         815.413         414.316         932.964 
       0.466387         801.634         403.106         917.372 
        0.47254          797.63         392.064         904.495 
       0.478662         774.399          381.36         891.387 
       0.484765         769.701         371.082         882.092 
       0.490885         753.464         361.225         865.542 
       0.497035         743.931         351.758         858.122 
       0.503198         733.451         342.709         848.092 
       0.509342         714.814         334.099         833.605 
       0.515458         711.442         325.875         827.949 
       0.521598          698.89         317.898         819.807 
       0.527764          694.44         310.109         812.946 
       0.533884          676.93         302.587         804.268 
           0.54         673.282         295.284         794.874 
       0.546137         663.865         288.166         786.409 
       0.552299         648.968         281.241         775.648 
       0.558452         646.681         274.572         769.557 
       0.564573         638.785         268.183         762.401 
       0.570708         630.538         262.019         752.148 
       0.576825         620.862         256.088         743.076 
       0.582926         612.134         250.362         738.298 
       0.589034         605.515           244.8         728.032 
       0.595184          597.77         239.361         720.603 
       0.601379         588.282         234.048         714.925 
       0.607522         582.438         228.943         704.237 
       0.613639         576.346         224.008         701.679 
       0.619772          565.28         219.199         699.531 
       0.625918         558.231         214.523           690.2 
       0.632068         555.911         209.989         686.291 
       0.638161         551.164          205.63         676.345 
         0.6443         541.248         201.363         670.277 
       0.650464         537.399         197.204         662.339 
       0.656582         525.391         193.195         658.243 
       0.662703         527.653         189.299         653.513 
       0.668861         515.869         185.491         650.291 
       0.675024         505.092         181.786         645.456 
       0.681124         504.576         178.221         636.687 
       0.687237         502.127         174.746         631.235 
       0.693381         493.975         171.349         625.446 
       0.699536         488.487         168.039         621.256 
       0.705665         482.776         164.831         613.993 
       0.711789         478.821         161.707         609.356 
       0.717957         472.346         158.644         608.165 
        0.72409         466.325         155.679         602.232 
       0.730186         461.613          152.81         595.922 
       0.736317         457.241         150.001         592.075 
       0.742472         451.928         147.254         588.343 
       0.748622         445.979         144.576          582.11 
        0.75476         443.224         141.968         582.029 
       0.760888         438.848         139.429           575.8 
       0.767043         432.493         136.944         568.615 
       0.773185         428.754         134.528         565.263 
       0.779291         422.035         132.185         560.659 
       0.785407         422.298         129.892         557.459 
       0.791564         412.752         127.639         555.564 
       0.797719         411.118         125.442         550.541 
       0.803834         405.981         123.312         546.859 
       0.809972         401.452         121.224         543.072 
       0.816124         395.226         119.178         537.397 
       0.822261         393.229         117.186         534.604 
       0.828378         391.178         115.246         530.669 
       0.834502          386.94         113.351         528.875 
       0.840667         379.082         111.487         524.891 
       0.846816         377.362         109.669         520.762 
       0.852925         373.852         107.902         517.784 
       0.859047         372.189          106.17         513.104 
       0.865192         366.127          104.47         510.016 
       0.871341         361.769         102.807         506.384 
       0.877463         358.203         101.188         503.432 
       0.883569         356.375           99.61          501.27 
       0.889708         351.958         98.0585         496.524 
       0.895864         346.986         96.5361         493.723 
       0.902008         343.874         95.0488         490.433 
       0.908149          340.48         93.5935         485.377 
       0.914301         336.759         92.1665         481.772 
       0.920448         334.523         90.7712         480.905 
       0.926574         327.727         89.4101         477.962 
       0.932687         326.399         88.0802         473.294 
       0.938823         322.337         86.7728         471.922 
       0.944975         320.855         85.4889         469.073 
       0.951105         318.818         84.2354         465.903 
       0.957225         313.397          83.009         462.655 
       0.963368         311.035         81.8028         459.815 
       0.969511         308.499         80.6209         456.807 
       0.975621         305.193         79.4694         454.319 
       0.981748         301.541          78.338          451.84 
       0.987916          298.94         77.2216         449.355 
        0.99406         296.486         76.1311         446.431 
        1.00019         294.123         75.0638         442.652 
        1.00632          291.08          74.018         440.061 
        1.01246         286.808         72.9909          437.43 
        1.01859         286.455         71.9852          434.69 
        1.02471         281.445         71.0001         432.302 
        1.03085         279.553         70.0302         430.831 
        1.03698         276.643         69.0805           429.1 
        1.04314         272.646         68.1442         425.571 
        1.04929         270.672          67.227         422.131 
        1.05541         268.496         66.3297         419.711 
        1.06154         265.983         65.4464         417.619 
        1.06769         262.628         64.5783         414.608 
        1.07382         260.639         63.7301         411.904 
        1.07993         258.579         62.9005         410.011 
        1.08607         254.777         62.0832         407.479 
        1.09222         253.009         61.2799         405.191 
        1.09836         250.912         60.4912         403.296 
        1.10449         247.938         59.7167         401.712 
        1.11063          246.38         58.9542         398.537 
        1.11677         243.765         58.2047         396.423 
         1.1229         240.473         57.4691         393.804 
        1.12903         239.278         56.7453          392.03 
        1.13518         236.212         56.0336         388.783 
        1.14131         234.532          55.335         387.644 
        1.14745         232.477         54.6494         384.581 
        1.15359         229.323         53.9759         383.382 
        1.15973         226.621          53.314         381.089 
        1.16584         226.197         52.6667         379.054 
        1.17197         223.397         52.0295         377.377 
        1.17811         220.431         51.4006         374.629 
        1.18424          219.05         50.7833         372.402 
        1.19038         216.824         50.1735          371.22 
        1.19652         214.695         49.5734         368.291 
        1.20267         213.254         48.9833         366.436 
        1.20881         210.512         48.4039         364.926 
        1.21495          208.71         47.8363         362.286 
        1.22108         206.504         47.2789         359.992 
         1.2272         204.243         46.7319         359.043 
        1.23334         202.589         46.1919         356.657 
        1.23949         200.849         45.6581         354.756 
        1.24562          199.22         45.1334         352.657 
        1.25174         196.643         44.6172         351.084 
        1.25789         195.485         44.1075         348.822 
        1.26402         192.881         43.6069         347.609 
        1.27014         191.298         43.1155         345.363 
        1.27628         189.564         42.6304         344.248 
        1.28244         187.434         42.1518         342.606 
        1.28858         185.494         41.6809         340.478 
        1.29471         183.684         41.2183         337.991 
        1.30084         182.405         40.7632         335.917 
        1.30697          180.45         40.3146         334.856 
        1.31312         178.946         39.8726         333.135 
        1.31925         176.635          39.439         331.159 
        1.32537          175.62         39.0126          329.19 
        1.33151         173.976         38.5911         327.926 
        1.33765         171.683         38.1759         326.362 
        1.34378         170.065         37.7675         324.073 
        1.34992         169.066         37.3645         322.575 
        1.35606         167.554         36.9663         320.656 
         1.3622           165.6         36.5745         319.517 
        1.36833         163.563         36.1891         318.305 
        1.37445         162.215         35.8094         315.793 
        1.38059         161.039          35.434         314.721 
        1.38675         159.434         35.0633         313.396 
        1.39288         158.073         34.6997         311.251 
        1.39901          156.26         34.3416         309.548 
        1.40515         154.621          33.988         308.017 
         1.4113         153.249         33.6394         306.267 
        1.41742         152.008         33.2967          304.59 
        1.42355         150.081         32.9578         303.438 
         1.4297         149.074         32.6223         301.328 
        1.43585         147.218         32.2915         300.584 
        1.44198         146.342         31.9668         298.765 
        1.44809         145.149         31.6477         297.196 
        1.45423          143.52         31.3323         295.329 
        1.46036         142.369         31.0223         294.105 
        1.46649         140.889         30.7165         292.844 
        1.47263          139.55         30.4145         291.054 
        1.47877         138.268         30.1163         289.253 
        1.48491         136.813         29.8212         287.663 
        1.49104         135.269         29.5304         286.676 
        1.49718         134.164          29.243         285.836 
        1.50333         132.685         28.9588         283.551 
        1.50947         131.542         28.6791         282.096 
         1.5156         130.237         28.4036         281.309 
        1.52172         129.593          28.132         279.836 
        1.52787         128.094         27.8635         278.436 
          1.534         127.298         27.5991         276.889 
        1.54013         125.542         27.3387         275.619 
        1.54627         124.628         27.0814         274.639 
        1.55241         123.167         26.8275         273.375 
        1.55855         121.907         26.5771         271.725 
        1.56467         121.007         26.3303         270.203 
         1.5708          120.13         26.0858         268.894 
