0.00783031 6530.38
0.013688 8407.07
0.019231 8443.68
0.0249154 8685.19
0.0312784 10184.5
0.0375637 8764.56
0.0433917 8900
0.0492413 8410.91
0.0555754 8540.87
0.0619321 8742.15
0.067871 8077.05
0.0738098 8258.83
0.0800417 8281.79
0.0862327 7947.22
0.0921407 7763.86
0.0982031 7527.46
0.104506 7564.66
0.110769 7344.46
0.116806 7517.29
0.122832 7237.99
0.129052 7289.48
0.135211 7008.58
0.141259 6878.38
0.147318 6729.57
0.153489 6631.62
0.159709 6513.9
0.165845 6411.71
0.171974 6446.47
0.178125 6309.89
0.184229 6042.29
0.19034 6092.98
0.196428 6012.71
0.202534 5864.55
0.208729 5723.58
0.214876 5757.26
0.220989 5536.04
0.227147 5584.62
0.23329 5602.18
0.239377 5455.91
0.245482 5400.69
0.251667 5358.26
0.257832 5392.88
0.263955 5235.46
0.270079 5159.09
0.27624 5164.46
0.282372 5015.05
0.28843 5065.51
0.294538 5016.79
0.300721 4983.35
0.30691 4929.78
0.313033 4878.84
0.319153 4812.39
0.325316 4741.46
0.33145 4749.97
0.337538 4630.49
0.343633 4694.94
0.349808 4620.95
0.355968 4617.44
0.362074 4576.81
0.368217 4534
0.374374 4462.63
0.380519 4455.93
0.386598 4457.27
0.392688 4375.44
0.39888 4376.37
0.405048 4357.44
0.411186 4336.82
0.417313 4275.96
0.423458 4267.75
0.429607 4242.98
0.435692 4230.22
0.441815 4150.88
0.447964 4169.58
0.454126 4122.32
0.460267 4158.96
0.466387 4097.63
0.47254 4109.77
0.478662 4067.83
0.484765 4068.68
0.490885 4059.06
0.497035 4030.4
0.503198 4008.36
0.509342 3947.93
0.515458 3948.71
0.521598 3950.41
0.527764 3923.14
0.533884 3902.3
0.54 3905.19
0.546137 3846.34
0.552299 3866.46
0.558452 3814.98
0.564573 3825.46
0.570708 3815.06
0.576825 3789.31
0.582926 3769.54
0.589034 3788.51
0.595184 3766.01
0.601379 3727.91
0.607522 3710.69
0.613639 3707.16
0.619772 3663.89
0.625918 3657.33
0.632068 3635.17
0.638161 3658.48
0.6443 3653.31
0.650464 3632.32
0.656582 3586.55
0.662703 3590.72
0.668861 3569.01
0.675024 3545.78
0.681124 3552.74
0.687237 3540.86
0.693381 3519.75
0.699536 3522.91
0.705665 3502.82
0.711789 3486.2
0.717957 3488.34
0.72409 3462.12
0.730186 3452.42
0.736317 3436.98
0.742472 3433.97
0.748622 3413.99
0.75476 3413.82
0.760888 3396.5
0.767043 3391.87
0.773185 3382.31
0.779291 3350.61
0.785407 3356.33
0.791564 3323.45
0.797719 3353.48
0.803834 3333.46
0.809972 3301.28
0.816124 3291.22
0.822261 3308.63
0.828378 3290.6
0.834502 3271.76
0.840667 3252.64
0.846816 3260.28
0.852925 3256.65
0.859047 3257.61
0.865192 3221.72
0.871341 3206.54
0.877463 3210.33
0.883569 3191.14
0.889708 3190.15
0.895864 3176.53
0.902008 3169.94
0.908149 3162.23
0.914301 3132.15
0.920448 3152.07
0.926574 3120.05
0.932687 3111.08
0.938823 3098.44
0.944975 3101.73
0.951105 3079.55
0.957225 3066.83
0.963368 3075.26
0.969511 3077.35
0.975621 3057.54
0.981748 3030.82
0.987916 3032.44
0.99406 3034.52
1.00019 3016.8
1.00632 3015.91
1.01246 2997.28
1.01859 2999.63
1.02471 2973.81
1.03085 2978.81
1.03698 2967.88
1.04314 2951.65
1.04929 2951.54
1.05541 2945.29
1.06154 2941.43
1.06769 2929.21
1.07382 2918.25
1.07993 2915.56
1.08607 2904.34
1.09222 2897.09
1.09836 2885.54
1.10449 2884.62
1.11063 2875.21
1.11677 2870.52
1.1229 2853.98
1.12903 2869.18
1.13518 2845.42
1.14131 2839.07
1.14745 2832.57
1.15359 2818.66
1.15973 2806.39
1.16584 2820
1.17197 2803.78
1.17811 2782.36
1.18424 2785.79
1.19038 2779.75
1.19652 2760.78
1.20267 2766.77
1.20881 2755.2
1.21495 2749.63
1.22108 2744.76
1.2272 2739.62
1.23334 2731.96
1.23949 2721.34
1.24562 2719.49
1.25174 2705.34
1.25789 2697.2
1.26402 2687.39
1.27014 2690.64
1.27628 2677.9
1.28244 2669.94
1.28858 2671.74
1.29471 2646.62
1.30084 2654.93
1.30697 2644.39
1.31312 2638.78
1.31925 2628.06
1.32537 2620.25
1.33151 2627.43
1.33765 2614.48
1.34378 2602.01
1.34992 2604.45
1.35606 2591.43
1.3622 2589.15
1.36833 2574.61
1.37445 2571.32
1.38059 2561.09
1.38675 2558.37
1.39288 2554.54
1.39901 2549.77
1.40515 2539.31
1.4113 2534.94
1.41742 2531.31
1.42355 2520.57
1.4297 2515.93
1.43585 2500.57
1.44198 2506.04
1.44809 2500.69
1.45423 2491.35
1.46036 2487.09
1.46649 2481.54
1.47263 2475.18
1.47877 2465.6
1.48491 2457.98
1.49104 2447.97
1.49718 2447.54
1.50333 2443.81
1.50947 2439.81
1.5156 2427.74
1.52172 2425.19
1.52787 2422.27
1.534 2419.17
1.54013 2406.98
1.54627 2401.91
1.55241 2390.02
1.55855 2388.83
1.56467 2382.22
1.5708 2385.49
