0.00783031 0.0161046
0.013688 0.0283452
0.019231 0.0441446
0.0249154 0.0709116
0.0312784 0.104215
0.0375637 0.140213
0.0433917 0.190579
0.0492413 0.236986
0.0555754 0.334807
0.0619321 0.421333
0.067871 0.560508
0.0738098 0.627508
0.0800417 0.757163
0.0862327 0.926662
0.0921407 1.08855
0.0982031 1.20056
0.104506 1.36045
0.110769 1.58707
0.116806 1.81695
0.122832 2.05914
0.129052 2.33102
0.135211 2.61093
0.141259 2.87467
0.147318 3.15715
0.153489 3.36373
0.159709 3.68148
0.165845 3.98047
0.171974 4.40671
0.178125 4.73021
0.184229 5.05548
0.19034 5.62637
0.196428 5.89271
0.202534 6.31862
0.208729 6.93019
0.214876 7.2867
0.220989 7.64364
0.227147 8.16618
0.23329 8.54102
0.239377 9.05782
0.245482 9.63485
0.251667 10.2471
0.257832 10.5966
0.263955 11.1824
0.270079 11.6263
0.27624 12.5338
0.282372 12.8371
0.28843 13.2748
0.294538 13.8889
0.300721 14.5157
0.30691 15.1816
0.313033 15.8454
0.319153 16.5625
0.325316 16.7973
0.33145 17.9733
0.337538 18.4832
0.343633 19.1128
0.349808 19.8948
0.355968 20.5771
0.362074 21.4057
0.368217 21.9259
0.374374 22.6865
0.380519 23.1996
0.386598 23.8988
0.392688 24.9738
0.39888 25.6032
0.405048 26.4814
0.411186 26.8661
0.417313 27.9137
0.423458 28.6172
0.429607 29.3601
0.435692 30.155
0.441815 31.164
0.447964 32.3631
0.454126 32.7408
0.460267 33.2032
0.466387 34.6656
0.47254 35.4372
0.478662 36.1757
0.484765 37.5011
0.490885 38.0065
0.497035 39.0153
0.503198 39.6259
0.509342 40.8172
0.515458 41.6355
0.521598 42.1526
0.527764 43.0829
0.533884 44.0109
0.54 44.9022
0.546137 46.2851
0.552299 47.1421
0.558452 48.1416
0.564573 48.9278
0.570708 49.4385
0.576825 50.5608
0.582926 51.6742
0.589034 52.6174
0.595184 54.3111
0.601379 54.4343
0.607522 55.5505
0.613639 56.6361
0.619772 57.7963
0.625918 58.6828
0.632068 60.0155
0.638161 60.9814
0.6443 61.7055
0.650464 62.8007
0.656582 63.5176
0.662703 65.2663
0.668861 66.1357
0.675024 66.9613
0.681124 68.3016
0.687237 69.3761
0.693381 70.6343
0.699536 71.579
0.705665 72.9934
0.711789 73.4574
0.717957 74.371
0.72409 75.5203
0.730186 77.1072
0.736317 78.2846
0.742472 79.0898
0.748622 79.6708
0.75476 81.2006
0.760888 82.6444
0.767043 83.4288
0.773185 84.8461
0.779291 86.2742
0.785407 87.0627
0.791564 88.5269
0.797719 89.0025
0.803834 89.8201
0.809972 91.146
0.816124 92.8514
0.822261 94.4046
0.828378 95.3548
0.834502 96.0811
0.840667 97.4736
0.846816 97.9756
0.852925 99.7466
0.859047 100.569
0.865192 102.009
0.871341 102.655
0.877463 104.837
0.883569 105.289
0.889708 106.529
0.895864 108.083
0.902008 108.502
0.908149 110.144
0.914301 111.095
0.920448 112.966
0.926574 113.432
0.932687 115.253
0.938823 116.367
0.944975 116.51
0.951105 118.99
0.957225 120.014
0.963368 120.847
0.969511 121.971
0.975621 123.452
0.981748 124.446
0.987916 126.051
0.99406 127.212
1.00019 128.76
1.00632 129.617
1.01246 130.334
1.01859 132.471
1.02471 133.228
1.03085 134.669
1.03698 135.356
1.04314 137.042
1.04929 138.056
1.05541 138.724
1.06154 140.804
1.06769 141.823
1.07382 142.815
1.07993 144.546
1.08607 145.391
1.09222 146.529
1.09836 148.125
1.10449 149.797
1.11063 150.41
1.11677 151.983
1.1229 152.607
1.12903 154.496
1.13518 154.831
1.14131 156.814
1.14745 158.542
1.15359 159.034
1.15973 160.587
1.16584 161.543
1.17197 163.072
1.17811 163.641
1.18424 165.208
1.19038 166.924
1.19652 167.924
1.20267 169.117
1.20881 170.345
1.21495 172.221
1.22108 172.745
1.2272 173.845
1.23334 174.571
1.23949 176.482
1.24562 177.507
1.25174 179.284
1.25789 180.104
1.26402 181.432
1.27014 182.581
1.27628 184.014
1.28244 185.229
1.28858 186.195
1.29471 187.803
1.30084 189.232
1.30697 189.927
1.31312 191.012
1.31925 192.244
1.32537 193.434
1.33151 195.224
1.33765 196.401
1.34378 197.136
1.34992 198.331
1.35606 199.691
1.3622 200.908
1.36833 202.246
1.37445 203.37
1.38059 204.591
1.38675 205.877
1.39288 206.978
1.39901 208.207
1.40515 208.936
1.4113 210.213
1.41742 212.033
1.42355 212.591
1.4297 214.061
1.43585 214.342
1.44198 216.326
1.44809 217.637
1.45423 218.61
1.46036 220.224
1.46649 221.584
1.47263 222.524
1.47877 224.03
1.48491 223.959
1.49104 225.532
1.49718 226.856
1.50333 227.178
1.50947 229.154
1.5156 230.53
1.52172 231.186
1.52787 232.115
1.534 234.092
1.54013 235.482
1.54627 235.766
1.55241 236.995
1.55855 238.223
1.56467 238.971
1.5708 240.06
