0.00783031 338.489
0.013688 -4415.59
0.019231 884.34
0.0249154 -904.343
0.0312784 -358.276
0.0375637 324.761
0.0433917 -347.313
0.0492413 13.5783
0.0555754 -100.822
0.0619321 -364.166
0.067871 -185.101
0.0738098 -345.588
0.0800417 -340.51
0.0862327 -345.278
0.0921407 -167.084
0.0982031 -265.108
0.104506 -245.883
0.110769 -105.333
0.116806 -285.117
0.122832 -182.254
0.129052 -205.657
0.135211 -221.932
0.141259 -161.81
0.147318 -189.191
0.153489 -191.089
0.159709 -223.354
0.165845 -174.836
0.171974 -185.903
0.178125 -178.106
0.184229 -202.732
0.19034 -176.055
0.196428 -177.83
0.202534 -181.806
0.208729 -179.745
0.214876 -179.243
0.220989 -173.022
0.227147 -143.609
0.23329 -155.983
0.239377 -143.89
0.245482 -142.886
0.251667 -160.898
0.257832 -146.545
0.263955 -136.599
0.270079 -155.073
0.27624 -143.304
0.282372 -144.143
0.28843 -143.55
0.294538 -142.191
0.300721 -129.75
0.30691 -133.004
0.313033 -140.311
0.319153 -137.812
0.325316 -131.786
0.33145 -127.206
0.337538 -132.903
0.343633 -122.518
0.349808 -125.13
0.355968 -122.42
0.362074 -131.471
0.368217 -126.141
0.374374 -122.394
0.380519 -122.417
0.386598 -124.42
0.392688 -110.892
0.39888 -112.705
0.405048 -117.861
0.411186 -112.459
0.417313 -111.356
0.423458 -114.025
0.429607 -115.325
0.435692 -111.454
0.441815 -107.275
0.447964 -111.26
0.454126 -109.204
0.460267 -103.121
0.466387 -108.816
0.47254 -104.45
0.478662 -103.855
0.484765 -105.249
0.490885 -102.702
0.497035 -98.9463
0.503198 -100.625
0.509342 -98.4042
0.515458 -101.368
0.521598 -97.3319
0.527764 -95.9904
0.533884 -96.4499
0.54 -95.8891
0.546137 -97.144
0.552299 -94.8673
0.558452 -92.5821
0.564573 -96.4441
0.570708 -89.9015
0.576825 -92.2498
0.582926 -89.0374
0.589034 -88.6904
0.595184 -89.518
0.601379 -88.2531
0.607522 -88.6552
0.613639 -86.2118
0.619772 -90.5258
0.625918 -85.6901
0.632068 -82.5419
0.638161 -84.2314
0.6443 -83.2031
0.650464 -84.4765
0.656582 -84.8955
0.662703 -83.1211
0.668861 -82.1124
0.675024 -82.5081
0.681124 -80.4685
0.687237 -81.725
0.693381 -79.4976
0.699536 -78.7863
0.705665 -78.933
0.711789 -77.642
0.717957 -78.8487
0.72409 -79.076
0.730186 -78.0628
0.736317 -76.5624
0.742472 -76.7327
0.748622 -74.0901
0.75476 -75.4176
0.760888 -76.2801
0.767043 -73.7118
0.773185 -73.7554
0.779291 -72.0399
0.785407 -73.3922
0.791564 -71.5902
0.797719 -72.7967
0.803834 -71.9156
0.809972 -70.1978
0.816124 -71.9418
0.822261 -70.7059
0.828378 -69.8951
0.834502 -69.5545
0.840667 -68.434
0.846816 -69.3227
0.852925 -68.2723
0.859047 -68.6723
0.865192 -68.4033
0.871341 -66.188
0.877463 -66.9695
0.883569 -66.4189
0.889708 -65.6288
0.895864 -66.2949
0.902008 -64.9239
0.908149 -65.8188
0.914301 -64.2356
0.920448 -64.0341
0.926574 -64.6912
0.932687 -63.2684
0.938823 -63.3992
0.944975 -62.8634
0.951105 -62.8497
0.957225 -62.067
0.963368 -61.4206
0.969511 -61.0761
0.975621 -61.0269
0.981748 -60.8511
0.987916 -60.1231
0.99406 -59.9929
1.00019 -59.8851
1.00632 -58.8168
1.01246 -58.0827
1.01859 -57.7835
1.02471 -57.655
1.03085 -57.4162
1.03698 -57.7428
1.04314 -56.7875
1.04929 -56.7173
1.05541 -56.7229
1.06154 -55.7432
1.06769 -55.8469
1.07382 -55.8146
1.07993 -54.8933
1.08607 -54.1636
1.09222 -54.411
1.09836 -54.1414
1.10449 -53.6489
1.11063 -53.0601
1.11677 -52.7643
1.1229 -52.3418
1.12903 -52.5577
1.13518 -52.182
1.14131 -51.5964
1.14745 -51.4791
1.15359 -51.0676
1.15973 -50.8955
1.16584 -50.5772
1.17197 -49.964
1.17811 -50.4096
1.18424 -49.5769
1.19038 -49.3851
1.19652 -49.2914
1.20267 -48.5871
1.20881 -48.0656
1.21495 -48.1857
1.22108 -47.9799
1.2272 -47.7394
1.23334 -47.6821
1.23949 -46.947
1.24562 -46.7555
1.25174 -46.8262
1.25789 -46.7941
1.26402 -46.3023
1.27014 -45.6516
1.27628 -45.3345
1.28244 -45.1842
1.28858 -44.3764
1.29471 -44.7202
1.30084 -44.3361
1.30697 -44.1719
1.31312 -43.5479
1.31925 -43.2537
1.32537 -43.3333
1.33151 -43.0153
1.33765 -42.6733
1.34378 -42.6539
1.34992 -42.215
1.35606 -41.7812
1.3622 -41.871
1.36833 -41.8059
1.37445 -41.3373
1.38059 -40.9628
1.38675 -40.8375
1.39288 -40.7192
1.39901 -40.2667
1.40515 -40.3411
1.4113 -39.7016
1.41742 -39.6184
1.42355 -39.3567
1.4297 -39.3432
1.43585 -39.09
1.44198 -38.3486
1.44809 -38.3657
1.45423 -38.335
1.46036 -37.94
1.46649 -37.9145
1.47263 -37.5077
1.47877 -37.2424
1.48491 -36.8416
1.49104 -36.7377
1.49718 -36.5869
1.50333 -36.5115
1.50947 -36.2494
1.5156 -35.8951
1.52172 -35.8692
1.52787 -35.5429
1.534 -35.2121
1.54013 -35.3015
1.54627 -34.7212
1.55241 -34.997
1.55855 -34.4204
1.56467 -34.2276
1.5708 -34.1736
