0.00783031 0.112096
0.013688 0.189459
0.019231 0.221111
0.0249154 0.177891
0.0312784 0.202621
0.0375637 0.233723
0.0433917 0.266412
0.0492413 0.329787
0.0555754 0.399799
0.0619321 0.5474
0.067871 0.664522
0.0738098 0.724838
0.0800417 0.964326
0.0862327 1.09871
0.0921407 1.23968
0.0982031 1.55215
0.104506 1.71973
0.110769 2.05624
0.116806 2.37878
0.122832 2.66775
0.129052 2.97613
0.135211 3.40906
0.141259 3.81632
0.147318 4.16311
0.153489 4.52613
0.159709 4.93014
0.165845 5.42019
0.171974 5.78525
0.178125 6.56495
0.184229 6.74518
0.19034 7.38107
0.196428 7.98046
0.202534 8.47934
0.208729 9.00812
0.214876 9.82765
0.220989 10.1219
0.227147 10.9024
0.23329 11.3773
0.239377 11.9686
0.245482 12.5989
0.251667 13.6307
0.257832 13.9698
0.263955 14.2877
0.270079 15.1311
0.27624 15.6984
0.282372 16.6926
0.28843 17.1897
0.294538 17.8511
0.300721 18.3929
0.30691 19.3942
0.313033 19.7913
0.319153 20.6793
0.325316 21.0165
0.33145 22.0573
0.337538 22.6697
0.343633 23.1694
0.349808 24.2856
0.355968 24.6657
0.362074 25.1802
0.368217 26.3332
0.374374 26.8322
0.380519 27.3167
0.386598 27.8432
0.392688 28.6349
0.39888 29.5686
0.405048 29.9258
0.411186 30.4746
0.417313 31.3779
0.423458 31.965
0.429607 32.4989
0.435692 33.3543
0.441815 33.8512
0.447964 34.4422
0.454126 34.8778
0.460267 35.5816
0.466387 35.7525
0.47254 36.6092
0.478662 36.8069
0.484765 37.9053
0.490885 37.4662
0.497035 38.808
0.503198 39.0077
0.509342 39.5486
0.515458 39.6472
0.521598 39.9956
0.527764 40.5886
0.533884 40.7504
0.54 41.593
0.546137 41.595
0.552299 42.2081
0.558452 42.592
0.564573 42.8592
0.570708 43.0246
0.576825 43.5593
0.582926 43.7166
0.589034 44.0398
0.595184 44.1996
0.601379 44.4766
0.607522 44.4953
0.613639 45.1554
0.619772 45.2973
0.625918 45.2378
0.632068 45.5505
0.638161 45.5234
0.6443 46.0074
0.650464 46.0399
0.656582 45.9774
0.662703 46.1269
0.668861 46.2857
0.675024 46.1133
0.681124 46.3406
0.687237 46.6122
0.693381 46.6639
0.699536 46.8228
0.705665 46.9384
0.711789 46.9337
0.717957 46.9857
0.72409 47.2885
0.730186 47.1337
0.736317 47.1213
0.742472 46.9985
0.748622 47.1209
0.75476 46.8072
0.760888 46.997
0.767043 47.5772
0.773185 47.1632
0.779291 47.2443
0.785407 47.2288
0.791564 47.1183
0.797719 47.0058
0.803834 47.1383
0.809972 47.1805
0.816124 47.0517
0.822261 47.1641
0.828378 47.1502
0.834502 47.1505
0.840667 47.1081
0.846816 47.0816
0.852925 46.9977
0.859047 46.8818
0.865192 46.9409
0.871341 47.0021
0.877463 46.9533
0.883569 46.7202
0.889708 46.6437
0.895864 46.8516
0.902008 47.0277
0.908149 46.8307
0.914301 46.6955
0.920448 46.6884
0.926574 46.8529
0.932687 46.6809
0.938823 46.6517
0.944975 46.5717
0.951105 46.446
0.957225 46.5671
0.963368 46.7916
0.969511 46.4159
0.975621 46.2264
0.981748 46.4804
0.987916 46.4378
0.99406 46.4639
1.00019 46.3133
1.00632 46.3911
1.01246 46.3699
1.01859 46.3256
1.02471 46.2319
1.03085 46.1949
1.03698 46.3164
1.04314 46.234
1.04929 46.2582
1.05541 46.1534
1.06154 45.9578
1.06769 46.0069
1.07382 46.2719
1.07993 46.2835
1.08607 46.1392
1.09222 46.0069
1.09836 46.1792
1.10449 46.1018
1.11063 45.961
1.11677 45.9902
1.1229 46.1779
1.12903 45.9347
1.13518 45.9727
1.14131 46.0068
1.14745 46.0366
1.15359 45.9343
1.15973 45.8405
1.16584 45.832
1.17197 45.9433
1.17811 46.0862
1.18424 46.115
1.19038 46.2756
1.19652 45.9763
1.20267 46.0637
1.20881 45.8703
1.21495 45.9575
1.22108 45.9879
1.2272 46.1086
1.23334 45.9735
1.23949 45.9037
1.24562 46.1529
1.25174 46.0318
1.25789 46.1378
1.26402 46.0217
1.27014 46.1844
1.27628 45.9466
1.28244 46.022
1.28858 46.0373
1.29471 46.1039
1.30084 46.2789
1.30697 46.162
1.31312 46.2504
1.31925 46.2059
1.32537 46.1843
1.33151 46.2912
1.33765 46.2176
1.34378 46.2386
1.34992 46.3044
1.35606 46.2517
1.3622 46.166
1.36833 46.3331
1.37445 46.3143
1.38059 46.2422
1.38675 46.2528
1.39288 46.3855
1.39901 46.3615
1.40515 46.4125
1.4113 46.4789
1.41742 46.3511
1.42355 46.5953
1.4297 46.4685
1.43585 46.5547
1.44198 46.6165
1.44809 46.4267
1.45423 46.6034
1.46036 46.5757
1.46649 46.5188
1.47263 46.7796
1.47877 46.7766
1.48491 46.6737
1.49104 46.7426
1.49718 46.6489
1.50333 46.7059
1.50947 46.7258
1.5156 46.6816
1.52172 46.8065
1.52787 46.9262
1.534 46.929
1.54013 46.9936
1.54627 47.0061
1.55241 46.9218
1.55855 46.9659
1.56467 46.9494
1.5708 47.0626
