0.00783031 2932.68
0.013688 -1229.82
0.019231 178.137
0.0249154 -353.025
0.0312784 446.478
0.0375637 -494.866
0.0433917 423.754
0.0492413 -200.747
0.0555754 -328.608
0.0619321 -26.4893
0.067871 -89.8022
0.0738098 -239.806
0.0800417 -54.0663
0.0862327 -154.811
0.0921407 -144.789
0.0982031 -138.739
0.104506 -152.724
0.110769 -148.425
0.116806 -192.761
0.122832 -248.611
0.129052 -169.474
0.135211 -213.541
0.141259 -205.974
0.147318 -207.497
0.153489 -236.944
0.159709 -153.144
0.165845 -213.286
0.171974 -198.791
0.178125 -232.364
0.184229 -188.38
0.19034 -183.12
0.196428 -187.331
0.202534 -183.668
0.208729 -217.536
0.214876 -214.579
0.220989 -182.088
0.227147 -190.478
0.23329 -197.293
0.239377 -201.639
0.245482 -176.692
0.251667 -208.198
0.257832 -196.006
0.263955 -189.538
0.270079 -190.957
0.27624 -180.154
0.282372 -178.432
0.28843 -189.484
0.294538 -186.153
0.300721 -185.008
0.30691 -180.513
0.313033 -172.788
0.319153 -178.25
0.325316 -182.165
0.33145 -183.539
0.337538 -168.29
0.343633 -176.873
0.349808 -171.915
0.355968 -177.344
0.362074 -162.591
0.368217 -168.203
0.374374 -164.48
0.380519 -159.903
0.386598 -162.07
0.392688 -160.308
0.39888 -160.017
0.405048 -152.5
0.411186 -153.303
0.417313 -150.824
0.423458 -147.941
0.429607 -147.333
0.435692 -146.365
0.441815 -143.969
0.447964 -145.507
0.454126 -141.178
0.460267 -140.529
0.466387 -145.559
0.47254 -141.814
0.478662 -138.119
0.484765 -136.868
0.490885 -133.549
0.497035 -131.671
0.503198 -135.875
0.509342 -132.032
0.515458 -129.543
0.521598 -125.066
0.527764 -127.267
0.533884 -121.464
0.54 -123.909
0.546137 -122.178
0.552299 -119.808
0.558452 -118.385
0.564573 -118.526
0.570708 -118.142
0.576825 -118.054
0.582926 -113.181
0.589034 -113.98
0.595184 -112.024
0.601379 -107.827
0.607522 -110.072
0.613639 -108.701
0.619772 -106.961
0.625918 -107.958
0.632068 -104.454
0.638161 -102.236
0.6443 -101.636
0.650464 -105.037
0.656582 -102.354
0.662703 -99.3699
0.668861 -101.604
0.675024 -99.935
0.681124 -94.8025
0.687237 -97.6907
0.693381 -98.4724
0.699536 -97.1873
0.705665 -94.525
0.711789 -94.9959
0.717957 -93.7842
0.72409 -94.0189
0.730186 -91.556
0.736317 -91.3836
0.742472 -89.2224
0.748622 -89.1471
0.75476 -91.1776
0.760888 -89.1844
0.767043 -90.2203
0.773185 -86.7222
0.779291 -88.363
0.785407 -86.2399
0.791564 -88.3148
0.797719 -87.1374
0.803834 -85.0716
0.809972 -86.7475
0.816124 -85.1563
0.822261 -84.6545
0.828378 -85.8952
0.834502 -85.1377
0.840667 -84.1346
0.846816 -83.7212
0.852925 -84.1216
0.859047 -82.4468
0.865192 -81.5141
0.871341 -82.7331
0.877463 -80.6764
0.883569 -79.2042
0.889708 -81.3539
0.895864 -83.9904
0.902008 -80.3662
0.908149 -80.7161
0.914301 -80.8236
0.920448 -80.0629
0.926574 -79.2592
0.932687 -79.9262
0.938823 -79.6447
0.944975 -79.1172
0.951105 -81.1127
0.957225 -80.4306
0.963368 -79.448
0.969511 -80.1396
0.975621 -79.9341
0.981748 -76.6546
0.987916 -79.8705
0.99406 -79.3923
1.00019 -77.6442
1.00632 -79.5285
1.01246 -76.8788
1.01859 -77.3957
1.02471 -76.8567
1.03085 -78.6539
1.03698 -76.1961
1.04314 -76.4397
1.04929 -76.9801
1.05541 -76.3222
1.06154 -75.5199
1.06769 -75.0677
1.07382 -75.9516
1.07993 -76.4325
1.08607 -74.7869
1.09222 -74.9248
1.09836 -76.5191
1.10449 -74.8921
1.11063 -74.7605
1.11677 -74.8759
1.1229 -73.6949
1.12903 -72.4018
1.13518 -74.3288
1.14131 -74.3024
1.14745 -74.794
1.15359 -74.6087
1.15973 -75.2605
1.16584 -73.4369
1.17197 -73.9047
1.17811 -72.2396
1.18424 -74.3376
1.19038 -72.9461
1.19652 -72.8231
1.20267 -72.2731
1.20881 -71.7187
1.21495 -71.8732
1.22108 -71.2861
1.2272 -71.7964
1.23334 -71.5165
1.23949 -71.2856
1.24562 -71.2336
1.25174 -70.1943
1.25789 -69.9595
1.26402 -70.5681
1.27014 -69.8186
1.27628 -69.744
1.28244 -70.0575
1.28858 -69.4403
1.29471 -70.079
1.30084 -69.0618
1.30697 -68.2562
1.31312 -68.7843
1.31925 -68.1731
1.32537 -69.1109
1.33151 -68.0939
1.33765 -66.901
1.34378 -67.8234
1.34992 -68.9936
1.35606 -66.7631
1.3622 -66.7864
1.36833 -66.2133
1.37445 -67.2424
1.38059 -66.3818
1.38675 -66.6923
1.39288 -66.0265
1.39901 -65.6047
1.40515 -65.7645
1.4113 -64.4299
1.41742 -64.7581
1.42355 -65.1816
1.4297 -65.5678
1.43585 -64.688
1.44198 -64.8227
1.44809 -64.4173
1.45423 -63.8956
1.46036 -63.447
1.46649 -63.0292
1.47263 -62.3696
1.47877 -63.1322
1.48491 -62.3724
1.49104 -62.8911
1.49718 -62.32
1.50333 -61.0805
1.50947 -60.5094
1.5156 -61.1899
1.52172 -61.4321
1.52787 -60.8424
1.534 -59.8349
1.54013 -61.3234
1.54627 -61.0299
1.55241 -60.2008
1.55855 -60.0129
1.56467 -59.5716
1.5708 -59.2528
