0.00783031 1.63094
0.013688 2.07843
0.019231 2.26842
0.0249154 2.19044
0.0312784 2.12968
0.0375637 2.04008
0.0433917 1.98913
0.0492413 1.93093
0.0555754 2.06071
0.0619321 2.17394
0.067871 2.42335
0.0738098 2.4977
0.0800417 2.53202
0.0862327 2.67143
0.0921407 2.85871
0.0982031 2.7846
0.104506 3.00796
0.110769 3.23446
0.116806 3.47179
0.122832 3.85887
0.129052 4.08316
0.135211 4.33443
0.141259 4.57093
0.147318 4.74438
0.153489 5.02954
0.159709 5.27073
0.165845 5.62869
0.171974 5.89004
0.178125 6.12121
0.184229 6.75987
0.19034 7.1045
0.196428 7.4974
0.202534 7.70091
0.208729 8.18812
0.214876 8.63062
0.220989 9.06329
0.227147 9.22911
0.23329 9.73952
0.239377 10.338
0.245482 10.6546
0.251667 11.1814
0.257832 11.5616
0.263955 12.166
0.270079 12.6322
0.27624 13.3461
0.282372 13.8322
0.28843 14.5148
0.294538 14.8236
0.300721 15.8233
0.30691 15.8938
0.313033 16.5188
0.319153 17.0938
0.325316 17.8347
0.33145 18.3281
0.337538 18.9962
0.343633 19.4634
0.349808 20.1534
0.355968 20.9282
0.362074 21.2421
0.368217 21.9083
0.374374 22.9442
0.380519 23.7201
0.386598 23.9955
0.392688 24.801
0.39888 25.5549
0.405048 26.4502
0.411186 26.9968
0.417313 27.9427
0.423458 28.6931
0.429607 29.5381
0.435692 30.2238
0.441815 30.655
0.447964 31.4614
0.454126 32.2511
0.460267 33.1852
0.466387 33.7166
0.47254 34.5498
0.478662 35.5447
0.484765 36.0085
0.490885 36.7923
0.497035 37.6706
0.503198 38.6536
0.509342 39.4813
0.515458 40.2825
0.521598 41.0838
0.527764 42.2383
0.533884 43.034
0.54 43.5454
0.546137 44.2157
0.552299 45.1614
0.558452 45.8739
0.564573 46.9877
0.570708 47.8624
0.576825 48.8854
0.582926 49.6156
0.589034 50.4483
0.595184 51.3408
0.601379 51.9562
0.607522 52.8823
0.613639 53.892
0.619772 54.2346
0.625918 55.8505
0.632068 56.2503
0.638161 57.6612
0.6443 57.964
0.650464 58.9598
0.656582 59.8386
0.662703 60.708
0.668861 61.419
0.675024 62.8295
0.681124 63.3983
0.687237 64.1219
0.693381 64.616
0.699536 65.5438
0.705665 66.5665
0.711789 67.9155
0.717957 67.8448
0.72409 69.4349
0.730186 70.1868
0.736317 71.3393
0.742472 71.808
0.748622 72.9692
0.75476 73.5032
0.760888 74.5048
0.767043 75.2948
0.773185 76.6094
0.779291 77.1964
0.785407 77.9232
0.791564 78.6915
0.797719 79.5009
0.803834 80.4165
0.809972 81.2478
0.816124 81.749
0.822261 82.3062
0.828378 83.7444
0.834502 84.2603
0.840667 84.7879
0.846816 85.7218
0.852925 86.5114
0.859047 87.5055
0.865192 88.6476
0.871341 89.2173
0.877463 90.2053
0.883569 90.1592
0.889708 91.7189
0.895864 91.6278
0.902008 92.7059
0.908149 93.5319
0.914301 94.0763
0.920448 94.6889
0.926574 96.0129
0.932687 96.3098
0.938823 97.5764
0.944975 97.9938
0.951105 98.6676
0.957225 99.8306
0.963368 99.5565
0.969511 100.337
0.975621 100.903
0.981748 102.256
0.987916 102.42
0.99406 102.884
1.00019 104.069
1.00632 104.313
1.01246 105.261
1.01859 105.773
1.02471 106.159
1.03085 107.383
1.03698 107.531
1.04314 107.857
1.04929 108.957
1.05541 109.286
1.06154 109.605
1.06769 109.963
1.07382 110.772
1.07993 111.683
1.08607 112.032
1.09222 112.898
1.09836 112.704
1.10449 113.605
1.11063 114.055
1.11677 114.773
1.1229 115.311
1.12903 115.026
1.13518 116.39
1.14131 116.603
1.14745 117.049
1.15359 117.411
1.15973 117.655
1.16584 118.248
1.17197 118.634
1.17811 118.884
1.18424 119.597
1.19038 119.67
1.19652 120.252
1.20267 121.413
1.20881 121.211
1.21495 121.572
1.22108 122.414
1.2272 122.578
1.23334 123.192
1.23949 123.344
1.24562 123.815
1.25174 123.977
1.25789 124.572
1.26402 124.987
1.27014 125.011
1.27628 126.004
1.28244 125.663
1.28858 126.368
1.29471 126.274
1.30084 126.608
1.30697 126.837
1.31312 127.618
1.31925 127.714
1.32537 127.997
1.33151 128.271
1.33765 128.862
1.34378 128.576
1.34992 129.111
1.35606 129.847
1.3622 129.509
1.36833 129.92
1.37445 130.241
1.38059 130.423
1.38675 130.71
1.39288 130.488
1.39901 131.398
1.40515 131.387
1.4113 131.391
1.41742 131.424
1.42355 131.721
1.4297 132.362
1.43585 132.178
1.44198 132.637
1.44809 133.011
1.45423 132.999
1.46036 132.948
1.46649 133.415
1.47263 133.659
1.47877 133.631
1.48491 133.921
1.49104 134.267
1.49718 134.288
1.50333 135.188
1.50947 134.329
1.5156 135.001
1.52172 134.974
1.52787 135.386
1.534 135.295
1.54013 135.507
1.54627 135.735
1.55241 135.517
1.55855 136.172
1.56467 136.123
1.5708 136.389
