0.00783031 9392.01
0.013688 13632.9
0.019231 9865.31
0.0249154 9296.85
0.0312784 8125.89
0.0375637 8253.04
0.0433917 9537.8
0.0492413 9199.43
0.0555754 8909.56
0.0619321 8476.82
0.067871 8539.49
0.0738098 8419.2
0.0800417 8077.34
0.0862327 8491.84
0.0921407 8411.28
0.0982031 8348.51
0.104506 7633.34
0.110769 7447.5
0.116806 7450.23
0.122832 7464.96
0.129052 7112.9
0.135211 7249.56
0.141259 7130.27
0.147318 7057.81
0.153489 6864.33
0.159709 6956.27
0.165845 6555.77
0.171974 6421.17
0.178125 6512.77
0.184229 6488.15
0.19034 6215.71
0.196428 6051.27
0.202534 6082.63
0.208729 6020.09
0.214876 5921.94
0.220989 5843.45
0.227147 5773.77
0.23329 5605.03
0.239377 5713.72
0.245482 5607.58
0.251667 5597.42
0.257832 5520.96
0.263955 5343.18
0.270079 5484.02
0.27624 5304.95
0.282372 5224.34
0.28843 5150.3
0.294538 5132.3
0.300721 5060.99
0.30691 5073.31
0.313033 5019.86
0.319153 5001.77
0.325316 4906.37
0.33145 4907.56
0.337538 4895.12
0.343633 4784.52
0.349808 4731.17
0.355968 4731.79
0.362074 4701.34
0.368217 4629.48
0.374374 4663.08
0.380519 4620.81
0.386598 4568.32
0.392688 4576.9
0.39888 4478.69
0.405048 4466.89
0.411186 4459.23
0.417313 4403.1
0.423458 4387.82
0.429607 4379.32
0.435692 4382.25
0.441815 4260.38
0.447964 4292.25
0.454126 4230.95
0.460267 4256.2
0.466387 4236.91
0.47254 4177.51
0.478662 4165.34
0.484765 4172.38
0.490885 4168.83
0.497035 4139
0.503198 4090.65
0.509342 4089.1
0.515458 4059.6
0.521598 4071.41
0.527764 4066.18
0.533884 4047.11
0.54 4044.39
0.546137 3977.2
0.552299 4000.95
0.558452 3948.76
0.564573 3919.54
0.570708 3904.33
0.576825 3916.41
0.582926 3887.51
0.589034 3855.44
0.595184 3868.85
0.601379 3830.25
0.607522 3840.9
0.613639 3818.61
0.619772 3790.26
0.625918 3782.15
0.632068 3795.53
0.638161 3745.91
0.6443 3729.16
0.650464 3709.89
0.656582 3712.25
0.662703 3699.29
0.668861 3684.42
0.675024 3680.21
0.681124 3642.45
0.687237 3668.6
0.693381 3651.07
0.699536 3612.39
0.705665 3623.49
0.711789 3599.46
0.717957 3593.3
0.72409 3595.42
0.730186 3577.71
0.736317 3572.56
0.742472 3561.01
0.748622 3556.37
0.75476 3521.87
0.760888 3523.26
0.767043 3514.53
0.773185 3516.25
0.779291 3501.2
0.785407 3467.6
0.791564 3473.37
0.797719 3449.7
0.803834 3453.62
0.809972 3434.41
0.816124 3438.54
0.822261 3422.04
0.828378 3429.72
0.834502 3417.35
0.840667 3398.29
0.846816 3390.56
0.852925 3367.84
0.859047 3361.7
0.865192 3367.44
0.871341 3372.4
0.877463 3362.12
0.883569 3342.41
0.889708 3342.91
0.895864 3323.19
0.902008 3333.64
0.908149 3300.73
0.914301 3317.78
0.920448 3304.89
0.926574 3297.14
0.932687 3295.12
0.938823 3272.47
0.944975 3273.04
0.951105 3251.85
0.957225 3231.87
0.963368 3241.6
0.969511 3225.74
0.975621 3228.31
0.981748 3207.25
0.987916 3220.29
0.99406 3205.73
1.00019 3192.9
1.00632 3201.25
1.01246 3186.9
1.01859 3185.81
1.02471 3188.38
1.03085 3174.71
1.03698 3177.23
1.04314 3155.96
1.04929 3159.83
1.05541 3133.45
1.06154 3144.12
1.06769 3126.37
1.07382 3129.46
1.07993 3121.47
1.08607 3114.8
1.09222 3106.92
1.09836 3104.99
1.10449 3095.51
1.11063 3093.85
1.11677 3083.38
1.1229 3086.58
1.12903 3078.54
1.13518 3054.09
1.14131 3066.61
1.14745 3055.17
1.15359 3050.07
1.15973 3049.73
1.16584 3041.75
1.17197 3039.13
1.17811 3033.52
1.18424 3027.43
1.19038 2998.37
1.19652 2999.34
1.20267 3005.23
1.20881 2988.66
1.21495 2993.28
1.22108 2997.17
1.2272 2991.01
1.23334 2982.14
1.23949 2965
1.24562 2963.98
1.25174 2949.96
1.25789 2954.96
1.26402 2964.17
1.27014 2944.73
1.27628 2946.01
1.28244 2925.7
1.28858 2929.28
1.29471 2913.33
1.30084 2905.35
1.30697 2911.62
1.31312 2895
1.31925 2898.44
1.32537 2887.14
1.33151 2887.4
1.33765 2879.43
1.34378 2868.6
1.34992 2880.79
1.35606 2858.59
1.3622 2862.12
1.36833 2847.11
1.37445 2848.24
1.38059 2839.78
1.38675 2837.16
1.39288 2838.15
1.39901 2824.82
1.40515 2825.88
1.4113 2811.02
1.41742 2805.41
1.42355 2801.14
1.4297 2790.6
1.43585 2796.03
1.44198 2789.87
1.44809 2780.57
1.45423 2771.58
1.46036 2772.13
1.46649 2762.27
1.47263 2753.12
1.47877 2753.3
1.48491 2748.3
1.49104 2743.19
1.49718 2732.51
1.50333 2733.57
1.50947 2727.73
1.5156 2725.58
1.52172 2716.96
1.52787 2710.79
1.534 2705.34
1.54013 2703.27
1.54627 2692.39
1.55241 2685.44
1.55855 2682.95
1.56467 2674.87
1.5708 2677.51
