0.00783031 -174.001
0.013688 -2599.64
0.019231 -2981.74
0.0249154 1423.95
0.0312784 330.746
0.0375637 690.446
0.0433917 1493.59
0.0492413 1059.86
0.0555754 1181.39
0.0619321 1016.72
0.067871 1412.74
0.0738098 1147.96
0.0800417 1221.48
0.0862327 1437.44
0.0921407 1735.54
0.0982031 1594.51
0.104506 1726.36
0.110769 1678.55
0.116806 1770.56
0.122832 1789.75
0.129052 1723.9
0.135211 1773.06
0.141259 1799.98
0.147318 1911.32
0.153489 2018.25
0.159709 1966.32
0.165845 2026.75
0.171974 2055.13
0.178125 2004.23
0.184229 2017.55
0.19034 2064.4
0.196428 2045.77
0.202534 2119.37
0.208729 2038.23
0.214876 2022.94
0.220989 2036.17
0.227147 2105.32
0.23329 2074.64
0.239377 2071.9
0.245482 2066.12
0.251667 2071.09
0.257832 2046.51
0.263955 2064.06
0.270079 2039.51
0.27624 2048.79
0.282372 2037.45
0.28843 2063.01
0.294538 2027.79
0.300721 2054.81
0.30691 2032.96
0.313033 2035.86
0.319153 2060.3
0.325316 2030.46
0.33145 2023.28
0.337538 2046.57
0.343633 2021.4
0.349808 2025.09
0.355968 2016.49
0.362074 2066.4
0.368217 2016.38
0.374374 2033.09
0.380519 1988.09
0.386598 2002.34
0.392688 1983.22
0.39888 1970.74
0.405048 1989.35
0.411186 1996.81
0.417313 2013.41
0.423458 1960.53
0.429607 1954.79
0.435692 1971.27
0.441815 1948.35
0.447964 1952.77
0.454126 1931.22
0.460267 1940.4
0.466387 1921.33
0.47254 1939.72
0.478662 1920.55
0.484765 1920.26
0.490885 1929.01
0.497035 1927.37
0.503198 1890.26
0.509342 1887.3
0.515458 1882.95
0.521598 1894.41
0.527764 1869.78
0.533884 1870.45
0.54 1857.33
0.546137 1859.57
0.552299 1848.39
0.558452 1839.39
0.564573 1854.99
0.570708 1831.75
0.576825 1838.34
0.582926 1825.62
0.589034 1836.95
0.595184 1815.19
0.601379 1813.69
0.607522 1814.31
0.613639 1789.65
0.619772 1794.1
0.625918 1793.43
0.632068 1777.39
0.638161 1783.37
0.6443 1778.14
0.650464 1773.33
0.656582 1758.18
0.662703 1777.57
0.668861 1754.74
0.675024 1734.42
0.681124 1737.46
0.687237 1733.41
0.693381 1724.08
0.699536 1715.73
0.705665 1724.58
0.711789 1709.49
0.717957 1698.91
0.72409 1685.93
0.730186 1696.33
0.736317 1694.43
0.742472 1677.09
0.748622 1677.58
0.75476 1658.86
0.760888 1664.28
0.767043 1650.78
0.773185 1652.44
0.779291 1642.31
0.785407 1636.81
0.791564 1629.28
0.797719 1611.17
0.803834 1617.04
0.809972 1611.34
0.816124 1599.32
0.822261 1595.9
0.828378 1588.96
0.834502 1587.77
0.840667 1590.15
0.846816 1573.44
0.852925 1564.11
0.859047 1558.95
0.865192 1559.32
0.871341 1550.7
0.877463 1539.52
0.883569 1538.47
0.889708 1530.69
0.895864 1534.01
0.902008 1520.23
0.908149 1516.27
0.914301 1500.75
0.920448 1501.52
0.926574 1499.97
0.932687 1478.66
0.938823 1484.39
0.944975 1478.15
0.951105 1467.45
0.957225 1454.47
0.963368 1450.31
0.969511 1453.71
0.975621 1448.02
0.981748 1436.92
0.987916 1429.22
0.99406 1426.47
1.00019 1423.17
1.00632 1417.22
1.01246 1409.63
1.01859 1403.82
1.02471 1390.71
1.03085 1394.14
1.03698 1384.49
1.04314 1377.95
1.04929 1372
1.05541 1363.06
1.06154 1365.79
1.06769 1352.76
1.07382 1350.22
1.07993 1337.61
1.08607 1342.55
1.09222 1337.58
1.09836 1325.45
1.10449 1318.84
1.11063 1316.48
1.11677 1312.46
1.1229 1307.31
1.12903 1300.34
1.13518 1289.88
1.14131 1283.63
1.14745 1281.91
1.15359 1273.07
1.15973 1270.16
1.16584 1265.22
1.17197 1253.82
1.17811 1248.86
1.18424 1248.26
1.19038 1241.81
1.19652 1235.23
1.20267 1225.42
1.20881 1223.15
1.21495 1212.49
1.22108 1209.56
1.2272 1202.73
1.23334 1197.55
1.23949 1193.48
1.24562 1185.98
1.25174 1179.59
1.25789 1178.2
1.26402 1166.9
1.27014 1168.18
1.27628 1160.24
1.28244 1156.1
1.28858 1154
1.29471 1143.38
1.30084 1136.5
1.30697 1135.33
1.31312 1127.88
1.31925 1125.04
1.32537 1117.38
1.33151 1112.95
1.33765 1108.24
1.34378 1104
1.34992 1095.91
1.35606 1089.9
1.3622 1089.89
1.36833 1075.84
1.37445 1077.28
1.38059 1066.55
1.38675 1064.56
1.39288 1065.61
1.39901 1056.49
1.40515 1052.96
1.4113 1044.89
1.41742 1039.64
1.42355 1035.93
1.4297 1033.41
1.43585 1030.81
1.44198 1026.56
1.44809 1017.79
1.45423 1013.78
1.46036 1006.48
1.46649 1002.32
1.47263 1000.63
1.47877 991.953
1.48491 992.164
1.49104 986.633
1.49718 983.209
1.50333 972.681
1.50947 971.273
1.5156 967.745
1.52172 962.585
1.52787 960.852
1.534 953.803
1.54013 950.205
1.54627 945.967
1.55241 938.911
1.55855 936.221
1.56467 932.248
1.5708 928.185
