0.00783031 3302.99
0.013688 3899.98
0.019231 3757.29
0.0249154 3983.51
0.0312784 3526.89
0.0375637 2846.64
0.0433917 2911.42
0.0492413 2369.08
0.0555754 2551.6
0.0619321 2366.69
0.067871 2278.47
0.0738098 2109.87
0.0800417 1993
0.0862327 2002.15
0.0921407 1761.68
0.0982031 1741.95
0.104506 1634.19
0.110769 1519.04
0.116806 1485.61
0.122832 1435.38
0.129052 1402.96
0.135211 1296.8
0.141259 1284.23
0.147318 1237.76
0.153489 1170.77
0.159709 1129.78
0.165845 1094.69
0.171974 1066.61
0.178125 1014.77
0.184229 1006.52
0.19034 975.533
0.196428 939.281
0.202534 913.432
0.208729 889.022
0.214876 853.272
0.220989 838.191
0.227147 817.032
0.23329 792.178
0.239377 768.306
0.245482 766.533
0.251667 734.773
0.257832 716.874
0.263955 709.526
0.270079 690.258
0.27624 668.652
0.282372 663
0.28843 640.136
0.294538 630.122
0.300721 620.725
0.30691 605.991
0.313033 600.196
0.319153 574.357
0.325316 573.135
0.33145 563.698
0.337538 556.291
0.343633 538.727
0.349808 530.751
0.355968 521.764
0.362074 517.319
0.368217 495.9
0.374374 496.795
0.380519 493.424
0.386598 479.997
0.392688 472.119
0.39888 464.511
0.405048 457.534
0.411186 445.394
0.417313 443.358
0.423458 436.938
0.429607 428.389
0.435692 418.754
0.441815 417.697
0.447964 409.082
0.454126 405.961
0.460267 401.295
0.466387 394.054
0.47254 388.555
0.478662 383.565
0.484765 379.648
0.490885 373.245
0.497035 369.674
0.503198 368.124
0.509342 362.939
0.515458 355.393
0.521598 351.564
0.527764 348.118
0.533884 340.828
0.54 339.66
0.546137 333.519
0.552299 330.996
0.558452 329.158
0.564573 325.562
0.570708 323.885
0.576825 316.627
0.582926 315.44
0.589034 311.168
0.595184 306.649
0.601379 304.572
0.607522 299.459
0.613639 298.206
0.619772 297.978
0.625918 291
0.632068 290.479
0.638161 287.927
0.6443 285.187
0.650464 281.232
0.656582 278.672
0.662703 275.912
0.668861 273.687
0.675024 270.546
0.681124 270.178
0.687237 267.282
0.693381 265.872
0.699536 261.58
0.705665 258.22
0.711789 257.091
0.717957 255.275
0.72409 252.67
0.730186 250.532
0.736317 250.071
0.742472 246.25
0.748622 245.564
0.75476 242.106
0.760888 241.009
0.767043 239.442
0.773185 236.803
0.779291 236.569
0.785407 232.917
0.791564 231.09
0.797719 230.919
0.803834 228.149
0.809972 227.659
0.816124 225.429
0.822261 225.023
0.828378 222.717
0.834502 219.897
0.840667 218.857
0.846816 218.355
0.852925 215.752
0.859047 213.961
0.865192 212.607
0.871341 212.433
0.877463 211.624
0.883569 209.774
0.889708 207.863
0.895864 205.956
0.902008 205.56
0.908149 204.93
0.914301 203.568
0.920448 202.483
0.926574 200.878
0.932687 199.38
0.938823 198.396
0.944975 197.311
0.951105 196.265
0.957225 195.552
0.963368 194.527
0.969511 192.994
0.975621 192.173
0.981748 191.421
0.987916 189.05
0.99406 188.773
1.00019 187.546
1.00632 186.919
1.01246 185.544
1.01859 184.312
1.02471 184.025
1.03085 182.239
1.03698 181.63
1.04314 180.711
1.04929 179.886
1.05541 179.855
1.06154 177.984
1.06769 177.358
1.07382 176.887
1.07993 175.46
1.08607 174.635
1.09222 173.748
1.09836 173.283
1.10449 172.694
1.11063 172.085
1.11677 170.986
1.1229 170.562
1.12903 168.855
1.13518 168.952
1.14131 167.391
1.14745 167.095
1.15359 166.708
1.15973 166.035
1.16584 165.108
1.17197 164.454
1.17811 163.987
1.18424 163.086
1.19038 162.375
1.19652 162.205
1.20267 160.785
1.20881 160.994
1.21495 159.883
1.22108 159.096
1.2272 159.12
1.23334 158.241
1.23949 157.423
1.24562 156.879
1.25174 156.62
1.25789 156.315
1.26402 155.133
1.27014 153.872
1.27628 154.441
1.28244 153.836
1.28858 153.19
1.29471 153.08
1.30084 151.801
1.30697 151.331
1.31312 150.615
1.31925 150.265
1.32537 149.975
1.33151 149.197
1.33765 148.631
1.34378 147.919
1.34992 147.844
1.35606 147.333
1.3622 147.358
1.36833 146.57
1.37445 145.905
1.38059 145.503
1.38675 145.101
1.39288 144.681
1.39901 143.835
1.40515 143.325
1.4113 142.5
1.41742 142.528
1.42355 142.085
1.4297 141.893
1.43585 141.122
1.44198 140.918
1.44809 140.425
1.45423 140.339
1.46036 139.689
1.46649 139.443
1.47263 138.886
1.47877 138.251
1.48491 138.161
1.49104 137.814
1.49718 137.281
1.50333 136.692
1.50947 136.119
1.5156 136.118
1.52172 135.528
1.52787 135.122
1.534 134.877
1.54013 134.776
1.54627 133.92
1.55241 133.87
1.55855 133.324
1.56467 133.069
1.5708 132.775
