0.00783031 8494.43
0.013688 12706.6
0.019231 11679.9
0.0249154 10721
0.0312784 9011.49
0.0375637 8761.5
0.0433917 9726.19
0.0492413 9008.29
0.0555754 9542.06
0.0619321 8755.47
0.067871 8684.29
0.0738098 7822.35
0.0800417 8123.14
0.0862327 8133.83
0.0921407 8178.75
0.0982031 7980.95
0.104506 8018.95
0.110769 7698.97
0.116806 7605.58
0.122832 7620.64
0.129052 7522.45
0.135211 6970.23
0.141259 6771.23
0.147318 6816.33
0.153489 6848.01
0.159709 6601.7
0.165845 6449.86
0.171974 6574.04
0.178125 6348.22
0.184229 6270.55
0.19034 6182.2
0.196428 6069.49
0.202534 6031.63
0.208729 5950.05
0.214876 5967.48
0.220989 5761.77
0.227147 5768.54
0.23329 5730.3
0.239377 5534.77
0.245482 5463.44
0.251667 5530.98
0.257832 5342.79
0.263955 5330.54
0.270079 5289.6
0.27624 5261.56
0.282372 5080.31
0.28843 5134.07
0.294538 4997.08
0.300721 4972.09
0.30691 4960.12
0.313033 5005.73
0.319153 4818.48
0.325316 4806.33
0.33145 4797.69
0.337538 4823.8
0.343633 4733.6
0.349808 4713.91
0.355968 4676.42
0.362074 4643.4
0.368217 4568.05
0.374374 4512.58
0.380519 4627.19
0.386598 4468.24
0.392688 4442.75
0.39888 4460.16
0.405048 4408.63
0.411186 4368.93
0.417313 4382.06
0.423458 4332.96
0.429607 4337.7
0.435692 4283.43
0.441815 4278.95
0.447964 4233.19
0.454126 4216.51
0.460267 4174.61
0.466387 4155.45
0.47254 4125.75
0.478662 4113.13
0.484765 4100.24
0.490885 4081.52
0.497035 4056.27
0.503198 4048.76
0.509342 4039.97
0.515458 4009.47
0.521598 3940.87
0.527764 3952.83
0.533884 3932.85
0.54 3916.31
0.546137 3929.82
0.552299 3901.71
0.558452 3872.73
0.564573 3866.32
0.570708 3872.01
0.576825 3806.21
0.582926 3829.56
0.589034 3804.77
0.595184 3803.29
0.601379 3781.66
0.607522 3780.22
0.613639 3732.19
0.619772 3764.69
0.625918 3736.41
0.632068 3712.49
0.638161 3708.22
0.6443 3718.22
0.650464 3669.86
0.656582 3660.53
0.662703 3629.97
0.668861 3630.81
0.675024 3637.58
0.681124 3635.23
0.687237 3604.01
0.693381 3612.99
0.699536 3592.71
0.705665 3559.46
0.711789 3545.63
0.717957 3550.8
0.72409 3566.25
0.730186 3537.11
0.736317 3522.72
0.742472 3511.13
0.748622 3488.77
0.75476 3501.98
0.760888 3473.69
0.767043 3471.55
0.773185 3466.36
0.779291 3444.82
0.785407 3463.29
0.791564 3436.56
0.797719 3446.75
0.803834 3418.01
0.809972 3415.04
0.816124 3387.12
0.822261 3376.69
0.828378 3355.54
0.834502 3380.61
0.840667 3357.39
0.846816 3352.61
0.852925 3354.46
0.859047 3345.49
0.865192 3337.97
0.871341 3325.41
0.877463 3324.3
0.883569 3293.05
0.889708 3304.37
0.895864 3290.26
0.902008 3268.73
0.908149 3279.34
0.914301 3267.48
0.920448 3245.53
0.926574 3233.59
0.932687 3244.47
0.938823 3222.64
0.944975 3226.86
0.951105 3197.2
0.957225 3204.76
0.963368 3191.04
0.969511 3188.39
0.975621 3187.61
0.981748 3178.89
0.987916 3166.35
0.99406 3157.44
1.00019 3143.82
1.00632 3151.37
1.01246 3127.57
1.01859 3140.31
1.02471 3121.32
1.03085 3127.97
1.03698 3101.49
1.04314 3096.62
1.04929 3095.15
1.05541 3087.06
1.06154 3083.95
1.06769 3078.43
1.07382 3078.93
1.07993 3041.57
1.08607 3056.77
1.09222 3048.19
1.09836 3037.73
1.10449 3029.3
1.11063 3020.97
1.11677 3013.75
1.1229 3016.98
1.12903 3013.42
1.13518 2990.66
1.14131 2988.41
1.14745 2983.53
1.15359 2979.35
1.15973 2982.07
1.16584 2960.31
1.17197 2957.81
1.17811 2962.01
1.18424 2955.35
1.19038 2942.64
1.19652 2939.58
1.20267 2927.07
1.20881 2925.16
1.21495 2922.69
1.22108 2915.37
1.2272 2900.37
1.23334 2900.83
1.23949 2895.73
1.24562 2876.84
1.25174 2864.07
1.25789 2873.11
1.26402 2864.39
1.27014 2863.59
1.27628 2854.76
1.28244 2849.89
1.28858 2855.63
1.29471 2846.39
1.30084 2835.53
1.30697 2832.07
1.31312 2819.09
1.31925 2819.54
1.32537 2813.86
1.33151 2808.51
1.33765 2800.43
1.34378 2788.28
1.34992 2790.58
1.35606 2779.21
1.3622 2777.47
1.36833 2773.46
1.37445 2761.38
1.38059 2774.09
1.38675 2754.52
1.39288 2750.85
1.39901 2746.59
1.40515 2742
1.4113 2734.06
1.41742 2733.29
1.42355 2722.75
1.4297 2729.46
1.43585 2714.3
1.44198 2708.81
1.44809 2696.28
1.45423 2700.38
1.46036 2690.45
1.46649 2686.8
1.47263 2680.86
1.47877 2675.85
1.48491 2668.67
1.49104 2660.81
1.49718 2663.94
1.50333 2657.11
1.50947 2652.53
1.5156 2645.44
1.52172 2651.92
1.52787 2639.26
1.534 2632.81
1.54013 2624.25
1.54627 2628.7
1.55241 2611.28
1.55855 2614.17
1.56467 2611.7
1.5708 2599.36
