0.00783031 -356.339
0.013688 -1917.58
0.019231 1522.56
0.0249154 96.7573
0.0312784 -137.29
0.0375637 -327.216
0.0433917 -199.272
0.0492413 -214.095
0.0555754 -205.587
0.0619321 -367.331
0.067871 -62.537
0.0738098 -91.8526
0.0800417 -139.468
0.0862327 -157.659
0.0921407 -191.133
0.0982031 -174.372
0.104506 -186.338
0.110769 -131.467
0.116806 -157.403
0.122832 -216.286
0.129052 -145.282
0.135211 -182.651
0.141259 -133.055
0.147318 -161.244
0.153489 -128.882
0.159709 -187.528
0.165845 -153.038
0.171974 -159.864
0.178125 -159.355
0.184229 -151.317
0.19034 -143.477
0.196428 -149.87
0.202534 -146.966
0.208729 -129.777
0.214876 -150.859
0.220989 -145.875
0.227147 -142.006
0.23329 -140.043
0.239377 -139.773
0.245482 -140.932
0.251667 -130.253
0.257832 -150.002
0.263955 -131.768
0.270079 -133.347
0.27624 -133.092
0.282372 -144.511
0.28843 -143.022
0.294538 -126.719
0.300721 -128.981
0.30691 -131.564
0.313033 -123.361
0.319153 -129.531
0.325316 -120.121
0.33145 -125.964
0.337538 -113.468
0.343633 -121.224
0.349808 -117.428
0.355968 -121.072
0.362074 -113.985
0.368217 -115.899
0.374374 -121.301
0.380519 -113.167
0.386598 -106.669
0.392688 -116.092
0.39888 -110.517
0.405048 -113.467
0.411186 -108.348
0.417313 -104.38
0.423458 -103.952
0.429607 -106.203
0.435692 -102.461
0.441815 -102.016
0.447964 -99.6866
0.454126 -98.7897
0.460267 -99.7844
0.466387 -100.088
0.47254 -102.427
0.478662 -96.0112
0.484765 -96.0224
0.490885 -98.1068
0.497035 -99.3304
0.503198 -94.7362
0.509342 -94.9209
0.515458 -94.9426
0.521598 -93.1323
0.527764 -94.1374
0.533884 -94.5442
0.54 -91.065
0.546137 -90.511
0.552299 -91.3017
0.558452 -94.043
0.564573 -92.0792
0.570708 -86.9497
0.576825 -91.6544
0.582926 -87.825
0.589034 -86.894
0.595184 -87.5775
0.601379 -87.6933
0.607522 -85.6339
0.613639 -88.1064
0.619772 -87.4166
0.625918 -88.9205
0.632068 -86.206
0.638161 -85.0646
0.6443 -83.4432
0.650464 -83.9474
0.656582 -85.2423
0.662703 -85.0778
0.668861 -83.0675
0.675024 -82.0264
0.681124 -83.5976
0.687237 -80.7722
0.693381 -82.0718
0.699536 -79.7806
0.705665 -79.9043
0.711789 -79.88
0.717957 -80.9828
0.72409 -81.389
0.730186 -79.3135
0.736317 -79.5818
0.742472 -78.8102
0.748622 -80.8667
0.75476 -78.5624
0.760888 -77.2264
0.767043 -77.8718
0.773185 -77.1928
0.779291 -77.4753
0.785407 -76.7812
0.791564 -77.4809
0.797719 -76.5698
0.803834 -75.9727
0.809972 -76.2345
0.816124 -75.194
0.822261 -75.3216
0.828378 -75.017
0.834502 -74.2158
0.840667 -74.5226
0.846816 -73.8028
0.852925 -72.9165
0.859047 -73.4354
0.865192 -73.5511
0.871341 -73.871
0.877463 -73.0263
0.883569 -72.2263
0.889708 -71.7711
0.895864 -72.6153
0.902008 -72.0646
0.908149 -71.1854
0.914301 -70.5415
0.920448 -70.6694
0.926574 -69.9842
0.932687 -70.3585
0.938823 -69.5545
0.944975 -70.1631
0.951105 -70.0029
0.957225 -69.1987
0.963368 -68.7073
0.969511 -68.3171
0.975621 -68.4358
0.981748 -68.3908
0.987916 -68.1196
0.99406 -67.4468
1.00019 -67.8119
1.00632 -66.9723
1.01246 -67.6026
1.01859 -68.0239
1.02471 -66.3791
1.03085 -66.4861
1.03698 -66.1026
1.04314 -66.1942
1.04929 -66.0556
1.05541 -66.2035
1.06154 -64.9879
1.06769 -64.5123
1.07382 -65.5026
1.07993 -65.3407
1.08607 -63.5104
1.09222 -64.9473
1.09836 -63.7226
1.10449 -63.6278
1.11063 -62.8873
1.11677 -63.1195
1.1229 -63.9748
1.12903 -63.2382
1.13518 -62.682
1.14131 -62.2511
1.14745 -63.1137
1.15359 -62.0075
1.15973 -61.7658
1.16584 -61.673
1.17197 -61.2458
1.17811 -61.0997
1.18424 -61.4125
1.19038 -61.3277
1.19652 -60.2877
1.20267 -59.7659
1.20881 -60.7789
1.21495 -59.8325
1.22108 -60.2539
1.2272 -59.3357
1.23334 -58.9756
1.23949 -59.1876
1.24562 -58.8196
1.25174 -59.1513
1.25789 -58.6698
1.26402 -58.4481
1.27014 -58.27
1.27628 -58.1134
1.28244 -57.6802
1.28858 -57.5886
1.29471 -58.0751
1.30084 -56.9556
1.30697 -56.9126
1.31312 -56.3302
1.31925 -56.2522
1.32537 -56.159
1.33151 -55.4796
1.33765 -55.5024
1.34378 -55.3458
1.34992 -55.5968
1.35606 -55.3452
1.3622 -55.3135
1.36833 -55.3607
1.37445 -54.2291
1.38059 -54.6731
1.38675 -54.2953
1.39288 -53.9896
1.39901 -54.3046
1.40515 -54.0046
1.4113 -53.7421
1.41742 -53.5239
1.42355 -53.6747
1.4297 -52.7447
1.43585 -52.5402
1.44198 -52.4523
1.44809 -52.292
1.45423 -51.7265
1.46036 -51.9065
1.46649 -51.6008
1.47263 -51.2545
1.47877 -51.437
1.48491 -51.2912
1.49104 -51.1337
1.49718 -50.8044
1.50333 -50.4826
1.50947 -50.5826
1.5156 -50.6078
1.52172 -49.8825
1.52787 -49.8776
1.534 -49.6541
1.54013 -49.4922
1.54627 -49.3553
1.55241 -49.0871
1.55855 -48.5124
1.56467 -49.0161
1.5708 -49.0823
