0.00783031 5670.29
0.013688 8287.03
0.019231 7372.53
0.0249154 6277.05
0.0312784 5040.37
0.0375637 4655.67
0.0433917 4897.9
0.0492413 4400.73
0.0555754 4361.12
0.0619321 3862.01
0.067871 3643.85
0.0738098 3166.22
0.0800417 3113.81
0.0862327 2999.84
0.0921407 2880.8
0.0982031 2853.7
0.104506 2721.61
0.110769 2498.53
0.116806 2282.38
0.122832 2307.63
0.129052 2227.16
0.135211 1970.35
0.141259 1909.82
0.147318 1803.09
0.153489 1763.58
0.159709 1677.38
0.165845 1589.16
0.171974 1580.88
0.178125 1524
0.184229 1413.34
0.19034 1397.15
0.196428 1348.08
0.202534 1296.68
0.208729 1242.31
0.214876 1242.95
0.220989 1150.55
0.227147 1114.4
0.23329 1097.67
0.239377 1042.96
0.245482 992.681
0.251667 1007.35
0.257832 947.404
0.263955 926.583
0.270079 904.362
0.27624 876.59
0.282372 848.11
0.28843 855.1
0.294538 807.245
0.300721 786.931
0.30691 780.292
0.313033 758.876
0.319153 730.629
0.325316 712.942
0.33145 698.169
0.337538 707.959
0.343633 670.861
0.349808 657.978
0.355968 640.694
0.362074 628.986
0.368217 614.489
0.374374 583.533
0.380519 594.739
0.386598 576.872
0.392688 545.309
0.39888 553.379
0.405048 530.94
0.411186 529.445
0.417313 521.541
0.423458 507.45
0.429607 502.89
0.435692 490.537
0.441815 474.83
0.447964 477.935
0.454126 458.242
0.460267 457.868
0.466387 440.748
0.47254 432.759
0.478662 429.021
0.484765 429.645
0.490885 406.457
0.497035 399.872
0.503198 403.536
0.509342 395.094
0.515458 390.918
0.521598 379.459
0.527764 372.18
0.533884 370.261
0.54 358.969
0.546137 357.089
0.552299 349.387
0.558452 341.121
0.564573 337.411
0.570708 341.31
0.576825 324.477
0.582926 329.135
0.589034 318.961
0.595184 310.678
0.601379 310.946
0.607522 308.358
0.613639 293.853
0.619772 297.174
0.625918 285.871
0.632068 286.026
0.638161 285.735
0.6443 286.121
0.650464 276.112
0.656582 270.482
0.662703 269.02
0.668861 264.458
0.675024 261.06
0.681124 253.988
0.687237 254.364
0.693381 251.937
0.699536 248.988
0.705665 245.668
0.711789 239.693
0.717957 234.589
0.72409 231.683
0.730186 231.5
0.736317 229.34
0.742472 226.4
0.748622 218.364
0.75476 218.981
0.760888 217.369
0.767043 210.605
0.773185 207.954
0.779291 205.831
0.785407 202.811
0.791564 199.933
0.797719 196.875
0.803834 196.026
0.809972 192.911
0.816124 194.119
0.822261 187.362
0.828378 184.578
0.834502 185.21
0.840667 179.812
0.846816 180.607
0.852925 177.065
0.859047 175.586
0.865192 173.436
0.871341 169.193
0.877463 167.148
0.883569 165.566
0.889708 164.42
0.895864 161.893
0.902008 157.85
0.908149 158.802
0.914301 156.083
0.920448 153.717
0.926574 153.18
0.932687 151.469
0.938823 147.079
0.944975 143.605
0.951105 142.244
0.957225 142.303
0.963368 142.168
0.969511 142.146
0.975621 137.463
0.981748 134.009
0.987916 131.769
0.99406 131.55
1.00019 129.292
1.00632 130.641
1.01246 127.714
1.01859 122.093
1.02471 123.95
1.03085 122.154
1.03698 121.006
1.04314 118.829
1.04929 116.433
1.05541 114.2
1.06154 113.716
1.06769 113.3
1.07382 108.571
1.07993 107.065
1.08607 110.744
1.09222 105.47
1.09836 107.092
1.10449 105.35
1.11063 103.751
1.11677 101.904
1.1229 98.4976
1.12903 97.5167
1.13518 98.9935
1.14131 96.097
1.14745 93.6486
1.15359 93.0645
1.15973 91.7551
1.16584 89.7729
1.17197 90.2225
1.17811 88.2076
1.18424 87.1244
1.19038 84.9627
1.19652 85.4182
1.20267 85.817
1.20881 80.702
1.21495 82.4285
1.22108 78.3618
1.2272 78.5376
1.23334 78.3911
1.23949 75.6491
1.24562 75.744
1.25174 72.1534
1.25789 72.6676
1.26402 72.9052
1.27014 70.7268
1.27628 69.385
1.28244 68.856
1.28858 67.3612
1.29471 66.2955
1.30084 66.5121
1.30697 63.9305
1.31312 64.2138
1.31925 63.567
1.32537 62.297
1.33151 63.1519
1.33765 61.7073
1.34378 60.1032
1.34992 57.5401
1.35606 56.9272
1.3622 55.4571
1.36833 54.4016
1.37445 56.5726
1.38059 53.6658
1.38675 53.8236
1.39288 52.0081
1.39901 49.5952
1.40515 49.8238
1.4113 48.2047
1.41742 48.0188
1.42355 46.4407
1.4297 46.8478
1.43585 45.8712
1.44198 45.3534
1.44809 43.8467
1.45423 43.8455
1.46036 42.6557
1.46649 42.7869
1.47263 41.6398
1.47877 40.4019
1.48491 39.7473
1.49104 38.6702
1.49718 38.2367
1.50333 38.008
1.50947 35.5055
1.5156 34.6303
1.52172 36.0208
1.52787 34.3563
1.534 33.3149
1.54013 32.7889
1.54627 31.7206
1.55241 31.5007
1.55855 31.7583
1.56467 29.2548
1.5708 27.695
