0.00783031 -364.856
0.013688 -1913.77
0.019231 1565.06
0.0249154 171.378
0.0312784 -79.469
0.0375637 -269.23
0.0433917 -122.626
0.0492413 -167.474
0.0555754 -133.283
0.0619321 -338.192
0.067871 0.880399
0.0738098 -88.6652
0.0800417 -134.173
0.0862327 -159.085
0.0921407 -178.81
0.0982031 -166.128
0.104506 -172.983
0.110769 -133.764
0.116806 -168.45
0.122832 -225.654
0.129052 -153.685
0.135211 -211.652
0.141259 -156.675
0.147318 -197.379
0.153489 -157.316
0.159709 -224.609
0.165845 -190.822
0.171974 -194.139
0.178125 -195.718
0.184229 -195.681
0.19034 -182.78
0.196428 -190.92
0.202534 -191.659
0.208729 -171.599
0.214876 -194.174
0.220989 -195.075
0.227147 -189.144
0.23329 -186.395
0.239377 -190.752
0.245482 -195.31
0.251667 -178.296
0.257832 -206.548
0.263955 -184.87
0.270079 -185.114
0.27624 -186.423
0.282372 -201.344
0.28843 -195.753
0.294538 -178.907
0.300721 -184.097
0.30691 -185.289
0.313033 -177.482
0.319153 -186.057
0.325316 -173.271
0.33145 -183.747
0.337538 -163.916
0.343633 -176.496
0.349808 -171.19
0.355968 -177.425
0.362074 -169.096
0.368217 -170.54
0.374374 -179.749
0.380519 -166.975
0.386598 -160.153
0.392688 -173.847
0.39888 -165.709
0.405048 -169.736
0.411186 -162.812
0.417313 -157.767
0.423458 -158.227
0.429607 -160.181
0.435692 -155.79
0.441815 -156.24
0.447964 -153.245
0.454126 -152.148
0.460267 -154.132
0.466387 -155.042
0.47254 -157.58
0.478662 -148.771
0.484765 -148.29
0.490885 -152.861
0.497035 -154.644
0.503198 -147.484
0.509342 -147.532
0.515458 -147.926
0.521598 -146.684
0.527764 -147.492
0.533884 -147.956
0.54 -143.93
0.546137 -142.659
0.552299 -145.164
0.558452 -148.622
0.564573 -145.766
0.570708 -138.732
0.576825 -145.682
0.582926 -139.984
0.589034 -138.878
0.595184 -140.24
0.601379 -140.461
0.607522 -137.226
0.613639 -141.8
0.619772 -140.682
0.625918 -143.133
0.632068 -139.189
0.638161 -137.162
0.6443 -134.468
0.650464 -135.91
0.656582 -137.697
0.662703 -137.411
0.668861 -135.213
0.675024 -134.113
0.681124 -136.605
0.687237 -131.847
0.693381 -134.116
0.699536 -130.494
0.705665 -131.205
0.711789 -131.183
0.717957 -133.223
0.72409 -133.925
0.730186 -130.727
0.736317 -131.387
0.742472 -130.016
0.748622 -133.839
0.75476 -130.059
0.760888 -128.58
0.767043 -129.138
0.773185 -128.42
0.779291 -129.219
0.785407 -128.374
0.791564 -129.122
0.797719 -128.181
0.803834 -127.029
0.809972 -127.714
0.816124 -125.92
0.822261 -126.609
0.828378 -126.384
0.834502 -125.049
0.840667 -125.557
0.846816 -124.447
0.852925 -123.299
0.859047 -124.15
0.865192 -124.416
0.871341 -125.305
0.877463 -124.008
0.883569 -122.508
0.889708 -122.064
0.895864 -123.337
0.902008 -122.96
0.908149 -121.544
0.914301 -120.421
0.920448 -121.014
0.926574 -119.943
0.932687 -120.202
0.938823 -119.639
0.944975 -120.482
0.951105 -120.434
0.957225 -119.154
0.963368 -118.608
0.969511 -117.722
0.975621 -118.073
0.981748 -118.236
0.987916 -118.067
0.99406 -117.103
1.00019 -117.657
1.00632 -116.033
1.01246 -117.358
1.01859 -118.471
1.02471 -115.726
1.03085 -115.942
1.03698 -115.445
1.04314 -115.757
1.04929 -115.53
1.05541 -116.31
1.06154 -114.334
1.06769 -113.281
1.07382 -115.31
1.07993 -115.091
1.08607 -111.917
1.09222 -114.642
1.09836 -112.568
1.10449 -112.295
1.11063 -111.444
1.11677 -111.795
1.1229 -113.641
1.12903 -112.343
1.13518 -111.271
1.14131 -110.929
1.14745 -112.523
1.15359 -110.705
1.15973 -110.233
1.16584 -110.249
1.17197 -109.594
1.17811 -109.626
1.18424 -110.185
1.19038 -110.089
1.19652 -108.28
1.20267 -107.603
1.20881 -109.616
1.21495 -107.801
1.22108 -108.963
1.2272 -107.389
1.23334 -106.943
1.23949 -107.445
1.24562 -106.69
1.25174 -107.56
1.25789 -106.676
1.26402 -106.42
1.27014 -106.247
1.27628 -105.995
1.28244 -105.369
1.28858 -105.48
1.29471 -106.305
1.30084 -104.537
1.30697 -104.461
1.31312 -103.46
1.31925 -103.591
1.32537 -103.41
1.33151 -102.285
1.33765 -102.468
1.34378 -102.224
1.34992 -102.945
1.35606 -102.585
1.3622 -102.653
1.36833 -102.869
1.37445 -100.699
1.38059 -101.78
1.38675 -101.064
1.39288 -100.734
1.39901 -101.458
1.40515 -100.96
1.4113 -100.727
1.41742 -100.338
1.42355 -100.736
1.4297 -99.0962
1.43585 -98.7959
1.44198 -98.829
1.44809 -98.6731
1.45423 -97.6492
1.46036 -98.1515
1.46649 -97.6463
1.47263 -97.0554
1.47877 -97.5612
1.48491 -97.3901
1.49104 -97.2378
1.49718 -96.7113
1.50333 -96.1821
1.50947 -96.5789
1.5156 -96.7791
1.52172 -95.3112
1.52787 -95.5023
1.534 -95.2523
1.54013 -94.9111
1.54627 -94.9826
1.55241 -94.4179
1.55855 -93.392
1.56467 -94.6675
1.5708 -94.8444
