0.00783031 20341.4
0.013688 25115.9
0.019231 25465
0.0249154 23289.6
0.0312784 20584.5
0.0375637 16985.6
0.0433917 14779.8
0.0492413 13229.7
0.0555754 12051.1
0.0619321 11473.6
0.067871 10518.6
0.0738098 9761.47
0.0800417 9133.87
0.0862327 8226.93
0.0921407 7368.57
0.0982031 6623.88
0.104506 5754.33
0.110769 5778.16
0.116806 5383.24
0.122832 5147.68
0.129052 4973.08
0.135211 4800.68
0.141259 4449.72
0.147318 4080.21
0.153489 3875.63
0.159709 3813.52
0.165845 3634.37
0.171974 3413.53
0.178125 3346.31
0.184229 3220.84
0.19034 3083.97
0.196428 2989.37
0.202534 2872.09
0.208729 2816
0.214876 2632.1
0.220989 2552.13
0.227147 2491.6
0.23329 2447.49
0.239377 2355.58
0.245482 2302.38
0.251667 2209.47
0.257832 2182.13
0.263955 2143
0.270079 2080.43
0.27624 2000.51
0.282372 1993.26
0.28843 1963.67
0.294538 1918.71
0.300721 1870.71
0.30691 1829.28
0.313033 1805.35
0.319153 1769.66
0.325316 1750.39
0.33145 1712.53
0.337538 1660.99
0.343633 1646.31
0.349808 1625.68
0.355968 1592.88
0.362074 1570.06
0.368217 1542.74
0.374374 1527.18
0.380519 1502.78
0.386598 1483.46
0.392688 1460.84
0.39888 1441.57
0.405048 1422.38
0.411186 1410.01
0.417313 1377.28
0.423458 1373.8
0.429607 1350.76
0.435692 1342.53
0.441815 1308.92
0.447964 1305.19
0.454126 1280.9
0.460267 1280.65
0.466387 1269.67
0.47254 1250.1
0.478662 1234.84
0.484765 1221.99
0.490885 1201.04
0.497035 1194.29
0.503198 1181.3
0.509342 1163.85
0.515458 1151.29
0.521598 1152.08
0.527764 1130.39
0.533884 1125.17
0.54 1108.85
0.546137 1109.15
0.552299 1097.38
0.558452 1087.76
0.564573 1089.3
0.570708 1063.27
0.576825 1057.38
0.582926 1050.98
0.589034 1033.93
0.595184 1033.21
0.601379 1029.21
0.607522 1010.62
0.613639 997.225
0.619772 998.535
0.625918 983.551
0.632068 980.411
0.638161 971.278
0.6443 963.546
0.650464 955.077
0.656582 953.088
0.662703 940.094
0.668861 936.827
0.675024 929.755
0.681124 922.483
0.687237 917.621
0.693381 906.379
0.699536 901.729
0.705665 892.731
0.711789 893.107
0.717957 881.747
0.72409 878.781
0.730186 873.562
0.736317 862.372
0.742472 859.063
0.748622 853.808
0.75476 850.843
0.760888 839.236
0.767043 838.406
0.773185 824.752
0.779291 829.518
0.785407 819.542
0.791564 812.607
0.797719 803.667
0.803834 802.785
0.809972 797.456
0.816124 788.761
0.822261 784.938
0.828378 781.024
0.834502 777.491
0.840667 772.861
0.846816 765.033
0.852925 763.792
0.859047 755.471
0.865192 749.736
0.871341 746.039
0.877463 741.269
0.883569 736.599
0.889708 732.279
0.895864 728.144
0.902008 725.033
0.908149 721.517
0.914301 711.795
0.920448 710.145
0.926574 704.448
0.932687 698.982
0.938823 696.026
0.944975 693.625
0.951105 692.705
0.957225 680.71
0.963368 678.886
0.969511 675.581
0.975621 672.534
0.981748 665.439
0.987916 662.338
0.99406 657.992
1.00019 652.69
1.00632 647.369
1.01246 646.255
1.01859 644.664
1.02471 634.098
1.03085 632.636
1.03698 629.834
1.04314 627.946
1.04929 624.587
1.05541 616.874
1.06154 616.225
1.06769 608.275
1.07382 606.396
1.07993 604.377
1.08607 598.738
1.09222 593.95
1.09836 592.739
1.10449 587.17
1.11063 581.429
1.11677 581.496
1.1229 579.719
1.12903 573.727
1.13518 567.955
1.14131 564.902
1.14745 562.813
1.15359 560.699
1.15973 556.55
1.16584 555.275
1.17197 550.588
1.17811 546.677
1.18424 544.011
1.19038 539.759
1.19652 536.422
1.20267 533.159
1.20881 527.984
1.21495 526.948
1.22108 523.279
1.2272 521.202
1.23334 516.143
1.23949 512.367
1.24562 513.112
1.25174 507.587
1.25789 504.372
1.26402 502.587
1.27014 498.632
1.27628 495.375
1.28244 493.326
1.28858 490.03
1.29471 485.821
1.30084 482.658
1.30697 481.145
1.31312 475.83
1.31925 474.746
1.32537 471.079
1.33151 468.313
1.33765 465.02
1.34378 462.66
1.34992 459.265
1.35606 457.625
1.3622 454.82
1.36833 450.395
1.37445 448.428
1.38059 446.571
1.38675 443.61
1.39288 438.753
1.39901 438.465
1.40515 436.705
1.4113 431.937
1.41742 430.232
1.42355 427.899
1.4297 423.79
1.43585 423.484
1.44198 419.969
1.44809 417.628
1.45423 414.126
1.46036 410.977
1.46649 408.395
1.47263 407.902
1.47877 404.294
1.48491 401.837
1.49104 399.843
1.49718 396.594
1.50333 395.594
1.50947 391.688
1.5156 389.969
1.52172 387.927
1.52787 385.623
1.534 381.336
1.54013 380.345
1.54627 378.117
1.55241 376.769
1.55855 374.801
1.56467 371.254
1.5708 369.324
