0.00783031 20389.9
0.013688 25185.6
0.019231 25528.6
0.0249154 23431
0.0312784 20858.7
0.0375637 17202.6
0.0433917 15017
0.0492413 13533.2
0.0555754 12402.6
0.0619321 11892.1
0.067871 10947.5
0.0738098 10238.8
0.0800417 9633.01
0.0862327 8790.83
0.0921407 7940.77
0.0982031 7177.24
0.104506 6271.13
0.110769 6366.25
0.116806 5977.84
0.122832 5743.86
0.129052 5604.9
0.135211 5433.06
0.141259 5098.59
0.147318 4687.67
0.153489 4503.63
0.159709 4457.23
0.165845 4271.5
0.171974 4055.79
0.178125 4007.68
0.184229 3877.38
0.19034 3732.3
0.196428 3646.42
0.202534 3521.16
0.208729 3482.3
0.214876 3270.78
0.220989 3193.73
0.227147 3137.82
0.23329 3097.45
0.239377 2999.97
0.245482 2948.16
0.251667 2840.61
0.257832 2822.53
0.263955 2779.12
0.270079 2724.75
0.27624 2630.5
0.282372 2635.12
0.28843 2611.23
0.294538 2556.69
0.300721 2504.32
0.30691 2459.45
0.313033 2442.4
0.319153 2407.17
0.325316 2388.9
0.33145 2347.83
0.337538 2285.54
0.343633 2276.56
0.349808 2253.11
0.355968 2217.73
0.362074 2197.38
0.368217 2166.22
0.374374 2151.67
0.380519 2126.55
0.386598 2104.38
0.392688 2079.3
0.39888 2057.74
0.405048 2041.43
0.411186 2029.01
0.417313 1989.96
0.423458 1991.21
0.429607 1962.85
0.435692 1954.99
0.441815 1912.83
0.447964 1915.82
0.454126 1886.05
0.460267 1889.21
0.466387 1876.23
0.47254 1856.76
0.478662 1835.14
0.484765 1824.45
0.490885 1797.6
0.497035 1791.47
0.503198 1777.62
0.509342 1756.9
0.515458 1740.61
0.521598 1746.16
0.527764 1718.7
0.533884 1715.99
0.54 1693.67
0.546137 1697.77
0.552299 1684.16
0.558452 1674.13
0.564573 1681.39
0.570708 1645.17
0.576825 1641.14
0.582926 1633.12
0.589034 1609.99
0.595184 1613.31
0.601379 1609.86
0.607522 1584.76
0.613639 1568.45
0.619772 1571.92
0.625918 1551.91
0.632068 1550.87
0.638161 1538.8
0.6443 1530.46
0.650464 1519.35
0.656582 1520.72
0.662703 1502.63
0.668861 1500.76
0.675024 1491.48
0.681124 1483.43
0.687237 1479.18
0.693381 1463.36
0.699536 1458.03
0.705665 1446.02
0.711789 1450.96
0.717957 1434.58
0.72409 1431.75
0.730186 1426.1
0.736317 1410.83
0.742472 1408.72
0.748622 1402.06
0.75476 1400.39
0.760888 1383.43
0.767043 1385.02
0.773185 1364.6
0.779291 1374.19
0.785407 1360.54
0.791564 1351.6
0.797719 1339.49
0.803834 1340.42
0.809972 1333.96
0.816124 1321.72
0.822261 1316.83
0.828378 1312.3
0.834502 1308.09
0.840667 1303.2
0.846816 1292.09
0.852925 1292.26
0.859047 1280.88
0.865192 1273.17
0.871341 1268.3
0.877463 1263.18
0.883569 1257.42
0.889708 1251.95
0.895864 1246.74
0.902008 1243.35
0.908149 1239.34
0.914301 1224.88
0.920448 1224.38
0.926574 1216.68
0.932687 1208.33
0.938823 1205.87
0.944975 1203.21
0.951105 1203.92
0.957225 1185.15
0.963368 1183.7
0.969511 1179.91
0.975621 1176.27
0.981748 1166.12
0.987916 1162.28
0.99406 1156.36
1.00019 1148.88
1.00632 1140.73
1.01246 1141.19
1.01859 1140.34
1.02471 1123.19
1.03085 1122.83
1.03698 1119.72
1.04314 1117.54
1.04929 1113.49
1.05541 1101.72
1.06154 1101.53
1.06769 1089.41
1.07382 1087.77
1.07993 1085.79
1.08607 1077.37
1.09222 1070.47
1.09836 1069.88
1.10449 1061.29
1.11063 1052.48
1.11677 1054.37
1.1229 1052.78
1.12903 1043.57
1.13518 1035.07
1.14131 1030.57
1.14745 1028.61
1.15359 1025.86
1.15973 1019.97
1.16584 1019.93
1.17197 1012.2
1.17811 1006.58
1.18424 1003.44
1.19038 997.458
1.19652 992.604
1.20267 987.713
1.20881 979.943
1.21495 979.543
1.22108 974.387
1.2272 971.547
1.23334 964.028
1.23949 958.409
1.24562 960.882
1.25174 952.235
1.25789 948.02
1.26402 945.481
1.27014 939.543
1.27628 934.98
1.28244 932.896
1.28858 927.863
1.29471 921.573
1.30084 916.762
1.30697 914.835
1.31312 906.495
1.31925 905.655
1.32537 899.968
1.33151 895.97
1.33765 891.381
1.34378 888.107
1.34992 883
1.35606 880.829
1.3622 877.217
1.36833 869.879
1.37445 867.319
1.38059 864.865
1.38675 860.682
1.39288 852.601
1.39901 853.233
1.40515 851.065
1.4113 843.553
1.41742 841.178
1.42355 837.795
1.4297 831.141
1.43585 831.384
1.44198 826.096
1.44809 822.633
1.45423 817.061
1.46036 812.023
1.46649 808.169
1.47263 808.626
1.47877 802.625
1.48491 799.08
1.49104 796.275
1.49718 790.809
1.50333 790.17
1.50947 783.679
1.5156 781.46
1.52172 778.359
1.52787 774.935
1.534 767.526
1.54013 766.747
1.54627 763.408
1.55241 761.75
1.55855 759.186
1.56467 753.073
1.5708 749.975
