0.00783031 1917.69
0.013688 948.953
0.019231 -38.6223
0.0249154 -300.04
0.0312784 723.697
0.0375637 -270.922
0.0433917 366.107
0.0492413 120.353
0.0555754 -253.719
0.0619321 -130.401
0.067871 95.5756
0.0738098 171.814
0.0800417 -182.455
0.0862327 -18.3327
0.0921407 -99.7499
0.0982031 -314.052
0.104506 -180.941
0.110769 -155.666
0.116806 -117.608
0.122832 -147.607
0.129052 -207.278
0.135211 -111.613
0.141259 -185.165
0.147318 -203.236
0.153489 -202.491
0.159709 -225.445
0.165845 -175.357
0.171974 -198.198
0.178125 -209.8
0.184229 -228.065
0.19034 -160.41
0.196428 -197.905
0.202534 -201.517
0.208729 -215.663
0.214876 -191.332
0.220989 -207.915
0.227147 -198.741
0.23329 -177.351
0.239377 -177.986
0.245482 -199.782
0.251667 -172.465
0.257832 -171.788
0.263955 -197.767
0.270079 -180.669
0.27624 -170.585
0.282372 -168.619
0.28843 -170.417
0.294538 -173.996
0.300721 -173.172
0.30691 -178.057
0.313033 -175.601
0.319153 -169.101
0.325316 -164.686
0.33145 -164.278
0.337538 -161.863
0.343633 -156.851
0.349808 -168.734
0.355968 -160.297
0.362074 -154.889
0.368217 -146.925
0.374374 -166.313
0.380519 -156.925
0.386598 -160.984
0.392688 -149.682
0.39888 -155.748
0.405048 -151.047
0.411186 -157.392
0.417313 -147.449
0.423458 -148.914
0.429607 -144.528
0.435692 -150.053
0.441815 -158.655
0.447964 -146.524
0.454126 -148.106
0.460267 -143.297
0.466387 -148.145
0.47254 -143.541
0.478662 -142.102
0.484765 -146.785
0.490885 -143.791
0.497035 -142.163
0.503198 -144.213
0.509342 -139.444
0.515458 -142.504
0.521598 -143.784
0.527764 -142.096
0.533884 -144.864
0.54 -139.496
0.546137 -137.348
0.552299 -135.358
0.558452 -133.536
0.564573 -139.358
0.570708 -136.86
0.576825 -138.414
0.582926 -135.741
0.589034 -137.196
0.595184 -131.33
0.601379 -136.187
0.607522 -133.555
0.613639 -132.078
0.619772 -127.775
0.625918 -131.965
0.632068 -133.107
0.638161 -131.961
0.6443 -128.094
0.650464 -128.897
0.656582 -131.314
0.662703 -129.146
0.668861 -129.237
0.675024 -129.34
0.681124 -131.26
0.687237 -129.055
0.693381 -127.992
0.699536 -126.974
0.705665 -126.201
0.711789 -126.742
0.717957 -126.232
0.72409 -125.495
0.730186 -127.064
0.736317 -124.965
0.742472 -126.176
0.748622 -124.628
0.75476 -127.298
0.760888 -123.405
0.767043 -128.01
0.773185 -120.25
0.779291 -125.516
0.785407 -122.475
0.791564 -122.344
0.797719 -123.11
0.803834 -122.464
0.809972 -120.547
0.816124 -122.236
0.822261 -121.784
0.828378 -121.14
0.834502 -119.742
0.840667 -117.661
0.846816 -120.192
0.852925 -121.369
0.859047 -120.214
0.865192 -120.142
0.871341 -118.228
0.877463 -121.299
0.883569 -117.022
0.889708 -117.209
0.895864 -118.033
0.902008 -118.176
0.908149 -118.91
0.914301 -117.925
0.920448 -117.822
0.926574 -116.531
0.932687 -115.367
0.938823 -117.343
0.944975 -116.396
0.951105 -118.044
0.957225 -116.246
0.963368 -115.387
0.969511 -114.942
0.975621 -115.499
0.981748 -115.044
0.987916 -115.123
0.99406 -113.052
1.00019 -114.395
1.00632 -114.51
1.01246 -114.298
1.01859 -114.256
1.02471 -112.876
1.03085 -112.974
1.03698 -113.676
1.04314 -114.406
1.04929 -113.705
1.05541 -113.006
1.06154 -112.6
1.06769 -111.766
1.07382 -111.746
1.07993 -110.953
1.08607 -111.014
1.09222 -112.455
1.09836 -111.313
1.10449 -110.44
1.11063 -110.17
1.11677 -110.414
1.1229 -110.384
1.12903 -109.979
1.13518 -108.308
1.14131 -110.469
1.14745 -108.174
1.15359 -110.072
1.15973 -108.986
1.16584 -110.04
1.17197 -108.334
1.17811 -108.249
1.18424 -108.125
1.19038 -108.546
1.19652 -106.256
1.20267 -108.109
1.20881 -106.735
1.21495 -107.499
1.22108 -106.738
1.2272 -106.65
1.23334 -105.962
1.23949 -106.256
1.24562 -106.716
1.25174 -105.937
1.25789 -105.402
1.26402 -105.49
1.27014 -105.097
1.27628 -104.92
1.28244 -104.579
1.28858 -104.127
1.29471 -103.953
1.30084 -103.742
1.30697 -102.595
1.31312 -104.211
1.31925 -102.966
1.32537 -102.258
1.33151 -103.835
1.33765 -102.944
1.34378 -102.842
1.34992 -101.344
1.35606 -102.971
1.3622 -102.46
1.36833 -100.691
1.37445 -101.514
1.38059 -101.681
1.38675 -101.605
1.39288 -100.661
1.39901 -100.767
1.40515 -100.941
1.4113 -99.7498
1.41742 -100.803
1.42355 -98.9731
1.4297 -99.1191
1.43585 -100.496
1.44198 -98.6733
1.44809 -99.1665
1.45423 -98.2064
1.46036 -98.5948
1.46649 -98.5341
1.47263 -98.3916
1.47877 -97.7627
1.48491 -97.2249
1.49104 -98.2578
1.49718 -97.4219
1.50333 -97.1845
1.50947 -96.5466
1.5156 -97.0734
1.52172 -96.3244
1.52787 -95.7025
1.534 -95.713
1.54013 -95.7146
1.54627 -94.9897
1.55241 -95.0765
1.55855 -95.1272
1.56467 -95.0507
1.5708 -95.487
