0.00783031 0.11494
0.013688 0.145214
0.019231 0.167677
0.0249154 0.262954
0.0312784 0.309397
0.0375637 0.485676
0.0433917 0.489474
0.0492413 0.681601
0.0555754 0.814611
0.0619321 0.963065
0.067871 1.1357
0.0738098 1.28851
0.0800417 1.50909
0.0862327 1.80548
0.0921407 2.05385
0.0982031 2.23641
0.104506 2.403
0.110769 2.86526
0.116806 3.04561
0.122832 3.41598
0.129052 3.83149
0.135211 4.11639
0.141259 4.53783
0.147318 4.88875
0.153489 5.15306
0.159709 5.78968
0.165845 6.21269
0.171974 6.58702
0.178125 7.14302
0.184229 7.60789
0.19034 8.09223
0.196428 8.57892
0.202534 9.30662
0.208729 9.85213
0.214876 10.088
0.220989 10.8602
0.227147 11.4656
0.23329 12.0126
0.239377 12.6122
0.245482 13.2616
0.251667 13.8542
0.257832 14.8587
0.263955 15.5568
0.270079 16.1472
0.27624 16.9518
0.282372 17.4217
0.28843 18.1187
0.294538 19.3255
0.300721 19.8772
0.30691 20.6708
0.313033 21.4315
0.319153 22.4982
0.325316 22.8602
0.33145 23.9629
0.337538 24.4137
0.343633 25.3268
0.349808 26.8047
0.355968 27.3401
0.362074 28.0723
0.368217 28.5539
0.374374 29.8323
0.380519 30.9214
0.386598 32.146
0.392688 32.5712
0.39888 33.6727
0.405048 34.5765
0.411186 35.6816
0.417313 36.5447
0.423458 37.8929
0.429607 38.409
0.435692 39.6897
0.441815 40.8431
0.447964 41.8205
0.454126 42.7763
0.460267 43.7109
0.466387 45.133
0.47254 46.1027
0.478662 47.5007
0.484765 48.4669
0.490885 49.7217
0.497035 50.417
0.503198 51.7413
0.509342 52.2904
0.515458 54.5651
0.521598 55.0806
0.527764 56.3879
0.533884 57.2087
0.54 58.6693
0.546137 59.9001
0.552299 60.7674
0.558452 62.1295
0.564573 63.4954
0.570708 64.4245
0.576825 65.2322
0.582926 67.0116
0.589034 67.8012
0.595184 69.2489
0.601379 70.6811
0.607522 71.9558
0.613639 73.0699
0.619772 74.5462
0.625918 75.9029
0.632068 76.3568
0.638161 77.9947
0.6443 79.683
0.650464 81.0442
0.656582 81.2615
0.662703 83.6323
0.668861 84.276
0.675024 85.4484
0.681124 87.5166
0.687237 88.6533
0.693381 89.0433
0.699536 90.9643
0.705665 92.1938
0.711789 93.1878
0.717957 95.3411
0.72409 96.277
0.730186 98.1177
0.736317 99.7341
0.742472 100.988
0.748622 101.789
0.75476 102.949
0.760888 104.61
0.767043 106.479
0.773185 107.684
0.779291 108.604
0.785407 110.308
0.791564 111.559
0.797719 112.72
0.803834 114.195
0.809972 114.924
0.816124 116.832
0.822261 118.153
0.828378 119.668
0.834502 121.538
0.840667 122.018
0.846816 123.866
0.852925 124.858
0.859047 126.787
0.865192 127.876
0.871341 129.863
0.877463 130.845
0.883569 132.604
0.889708 133.827
0.895864 135.049
0.902008 136.415
0.908149 137.63
0.914301 139.15
0.920448 140.939
0.926574 142.17
0.932687 143.537
0.938823 145.019
0.944975 146.087
0.951105 147.808
0.957225 149.358
0.963368 150.649
0.969511 151.453
0.975621 153.238
0.981748 154.476
0.987916 155.965
0.99406 156.883
1.00019 158.572
1.00632 160.062
1.01246 162.708
1.01859 163.322
1.02471 164.052
1.03085 166.349
1.03698 166.546
1.04314 168.304
1.04929 169.52
1.05541 171.692
1.06154 172.868
1.06769 174.283
1.07382 175.154
1.07993 176.807
1.08607 177.336
1.09222 178.707
1.09836 180.894
1.10449 182.308
1.11063 183.862
1.11677 184.862
1.1229 186.349
1.12903 187.461
1.13518 188.964
1.14131 190.585
1.14745 192.034
1.15359 193.333
1.15973 194.219
1.16584 195.782
1.17197 196.32
1.17811 198.631
1.18424 199.882
1.19038 200.729
1.19652 202.037
1.20267 203.786
1.20881 204.635
1.21495 205.921
1.22108 207.012
1.2272 208.689
1.23334 210.199
1.23949 210.438
1.24562 211.64
1.25174 213.419
1.25789 214.59
1.26402 216.324
1.27014 217.555
1.27628 219.194
1.28244 220.75
1.28858 221.543
1.29471 222.347
1.30084 223.283
1.30697 225.459
1.31312 226.096
1.31925 227.318
1.32537 229.314
1.33151 229.774
1.33765 231.357
1.34378 232.675
1.34992 233.025
1.35606 234.662
1.3622 236.049
1.36833 236.819
1.37445 238.362
1.38059 239.376
1.38675 240.303
1.39288 242.002
1.39901 243.19
1.40515 244.582
1.4113 245.325
1.41742 245.742
1.42355 248.603
1.4297 248.591
1.43585 249.947
1.44198 251.34
1.44809 252.165
1.45423 253.326
1.46036 254.376
1.46649 256.173
1.47263 256.4
1.47877 256.768
1.48491 258.665
1.49104 259.346
1.49718 260.57
1.50333 261.59
1.50947 262.068
1.5156 263.087
1.52172 264.27
1.52787 265.337
1.534 266.94
1.54013 268.491
1.54627 268.976
1.55241 269.143
1.55855 270.189
1.56467 271.984
1.5708 273.001
