0.00783031 6657.34
0.013688 4576.75
0.019231 6622.99
0.0249154 4763.28
0.0312784 5632.53
0.0375637 4803.11
0.0433917 4743.74
0.0492413 4212.1
0.0555754 4109.68
0.0619321 4214.91
0.067871 3658.97
0.0738098 3531.29
0.0800417 3227.95
0.0862327 3039.95
0.0921407 2889.91
0.0982031 2766.71
0.104506 2585.42
0.110769 2500.52
0.116806 2252.11
0.122832 2179.58
0.129052 2112.17
0.135211 2041.6
0.141259 1974.14
0.147318 1878.2
0.153489 1783.67
0.159709 1631.16
0.165845 1625.28
0.171974 1504.92
0.178125 1459.63
0.184229 1398.57
0.19034 1410.78
0.196428 1347.68
0.202534 1291.76
0.208729 1227.99
0.214876 1219.03
0.220989 1159.18
0.227147 1110.44
0.23329 1112.29
0.239377 1087.62
0.245482 1016.53
0.251667 1003.45
0.257832 991.805
0.263955 946.735
0.270079 912.226
0.27624 917.336
0.282372 869.28
0.28843 848.528
0.294538 846.073
0.300721 810.97
0.30691 777.15
0.313033 767.86
0.319153 754.687
0.325316 721.747
0.33145 696.725
0.337538 682.901
0.343633 685.286
0.349808 665.727
0.355968 645.932
0.362074 642.549
0.368217 628.006
0.374374 590.54
0.380519 592.747
0.386598 580.262
0.392688 575.982
0.39888 561.742
0.405048 545.895
0.411186 534.891
0.417313 531.31
0.423458 520.775
0.429607 520.305
0.435692 498.512
0.441815 475.908
0.447964 493.417
0.454126 477.287
0.460267 464.92
0.466387 465.418
0.47254 452.824
0.478662 451.917
0.484765 424.367
0.490885 423.677
0.497035 416.809
0.503198 407.305
0.509342 405.125
0.515458 400.113
0.521598 396.01
0.527764 382.239
0.533884 375.813
0.54 368.035
0.546137 364.846
0.552299 366.041
0.558452 365.232
0.564573 346.734
0.570708 345.101
0.576825 334.162
0.582926 338.104
0.589034 326.442
0.595184 324.983
0.601379 315.817
0.607522 315.44
0.613639 315.957
0.619772 318.916
0.625918 302.084
0.632068 296.139
0.638161 295.311
0.6443 294.216
0.650464 291.399
0.656582 284.413
0.662703 277.38
0.668861 276.872
0.675024 268.741
0.681124 265.361
0.687237 264.817
0.693381 259.688
0.699536 260.842
0.705665 255.276
0.711789 252.973
0.717957 248.427
0.72409 244.779
0.730186 239.642
0.736317 237.631
0.742472 231.665
0.748622 230.557
0.75476 224.052
0.760888 226.336
0.767043 220.214
0.773185 224.657
0.779291 214.19
0.785407 215.679
0.791564 211.336
0.797719 206.613
0.803834 203.15
0.809972 203.456
0.816124 200.231
0.822261 195.663
0.828378 195.413
0.834502 194.404
0.840667 194.772
0.846816 189.66
0.852925 183.38
0.859047 182.802
0.865192 183.302
0.871341 180.938
0.877463 173.777
0.883569 177.952
0.889708 173.553
0.895864 172.077
0.902008 169.136
0.908149 164.839
0.914301 163.899
0.920448 163.06
0.926574 161.266
0.932687 160.113
0.938823 154.549
0.944975 154.683
0.951105 150.307
0.957225 151.14
0.963368 148.878
0.969511 146.833
0.975621 142.401
0.981748 142.233
0.987916 140.948
0.99406 139.332
1.00019 135.535
1.00632 133.541
1.01246 132.965
1.01859 130.35
1.02471 131.497
1.03085 128.691
1.03698 124.724
1.04314 122.928
1.04929 122.277
1.05541 120.937
1.06154 120.035
1.06769 118.154
1.07382 116.008
1.07993 116.495
1.08607 114.131
1.09222 111.074
1.09836 110.948
1.10449 109.633
1.11063 109.461
1.11677 107.004
1.1229 103.562
1.12903 103.637
1.13518 103.797
1.14131 99.4906
1.14745 102.837
1.15359 97.5821
1.15973 97.4002
1.16584 94.1447
1.17197 95.0992
1.17811 92.9428
1.18424 92.1369
1.19038 88.9158
1.19652 91.4217
1.20267 87.8006
1.20881 87.255
1.21495 83.4934
1.22108 83.4839
1.2272 82.9164
1.23334 82.3682
1.23949 79.6907
1.24562 79.5325
1.25174 77.0005
1.25789 77.1408
1.26402 75.4266
1.27014 75.251
1.27628 73.662
1.28244 72.4761
1.28858 71.6822
1.29471 70.8264
1.30084 69.7945
1.30697 70.3158
1.31312 66.5949
1.31925 66.4336
1.32537 67.3674
1.33151 63.1164
1.33765 62.8523
1.34378 61.6276
1.34992 61.8668
1.35606 58.2353
1.3622 57.8453
1.36833 59.5599
1.37445 57.9667
1.38059 55.5124
1.38675 53.9024
1.39288 54.6301
1.39901 52.7305
1.40515 51.0161
1.4113 50.9932
1.41742 48.9057
1.42355 50.6388
1.4297 49.1556
1.43585 45.5417
1.44198 47.5978
1.44809 45.8164
1.45423 45.8953
1.46036 43.9942
1.46649 43.8911
1.47263 42.0912
1.47877 41.8458
1.48491 41.9576
1.49104 38.7255
1.49718 38.8322
1.50333 37.748
1.50947 37.8363
1.5156 36.9887
1.52172 35.5837
1.52787 35.8362
1.534 34.9002
1.54013 33.6169
1.54627 33.4905
1.55241 32.4147
1.55855 31.6806
1.56467 30.9624
1.5708 28.8278
