0.00783031 -46.1506
0.013688 -54.1957
0.019231 -53.9757
0.0249154 -61.7148
0.0312784 -61.0276
0.0375637 -71.3244
0.0433917 -63.1527
0.0492413 -66.9976
0.0555754 -72.6416
0.0619321 -75.4813
0.067871 -77.9828
0.0738098 -80.328
0.0800417 -84.1891
0.0862327 -87.1869
0.0921407 -86.3836
0.0982031 -84.4318
0.104506 -79.7219
0.110769 -89.009
0.116806 -87.5147
0.122832 -89.5591
0.129052 -93.0988
0.135211 -92.7104
0.141259 -93.1934
0.147318 -92.4597
0.153489 -91.6177
0.159709 -96.611
0.165845 -95.4383
0.171974 -93.7089
0.178125 -96.8174
0.184229 -97.8657
0.19034 -97.1756
0.196428 -97.3518
0.202534 -99.4756
0.208729 -100.328
0.214876 -94.2303
0.220989 -97.3923
0.227147 -97.4651
0.23329 -96.9876
0.239377 -97.0173
0.245482 -98.3353
0.251667 -96.4167
0.257832 -98.2175
0.263955 -100.351
0.270079 -98.2518
0.27624 -98.0879
0.282372 -98.3837
0.28843 -97.576
0.294538 -100.019
0.300721 -100.475
0.30691 -100.114
0.313033 -99.6456
0.319153 -99.6796
0.325316 -99.3153
0.33145 -100.626
0.337538 -98.9285
0.343633 -97.6666
0.349808 -100.536
0.355968 -98.7729
0.362074 -98.3506
0.368217 -96.665
0.374374 -98.4291
0.380519 -99.5147
0.386598 -99.9714
0.392688 -98.4949
0.39888 -98.8921
0.405048 -99.3823
0.411186 -99.6348
0.417313 -97.3875
0.423458 -98.1104
0.429607 -97.943
0.435692 -98.5653
0.441815 -98.4175
0.447964 -97.7648
0.454126 -96.5642
0.460267 -97.8747
0.466387 -98.7422
0.47254 -96.8623
0.478662 -97.593
0.484765 -98.6719
0.490885 -98.3337
0.497035 -96.4605
0.503198 -97.7417
0.509342 -95.2967
0.515458 -97.7766
0.521598 -97.2265
0.527764 -96.8588
0.533884 -96.3777
0.54 -96.3579
0.546137 -96.769
0.552299 -96.0412
0.558452 -95.3572
0.564573 -96.9955
0.570708 -95.9361
0.576825 -94.7643
0.582926 -95.3791
0.589034 -94.6165
0.595184 -95.1106
0.601379 -96.2831
0.607522 -94.3983
0.613639 -93.7017
0.619772 -94.8682
0.625918 -94.8574
0.632068 -94.5558
0.638161 -94.5103
0.6443 -94.2759
0.650464 -94.2156
0.656582 -92.7961
0.662703 -93.6356
0.668861 -93.0352
0.675024 -93.6739
0.681124 -94.3533
0.687237 -93.0887
0.693381 -93.0703
0.699536 -92.9023
0.705665 -93.0893
0.711789 -92.5385
0.717957 -92.8664
0.72409 -93.12
0.730186 -93.5006
0.736317 -92.7843
0.742472 -93.0219
0.748622 -92.1008
0.75476 -92.6131
0.760888 -91.3038
0.767043 -92.3108
0.773185 -90.9568
0.779291 -91.461
0.785407 -91.061
0.791564 -91.5867
0.797719 -90.6042
0.803834 -90.9486
0.809972 -89.8661
0.816124 -90.1748
0.822261 -90.1147
0.828378 -90.5099
0.834502 -90.2791
0.840667 -89.5943
0.846816 -89.0721
0.852925 -89.5223
0.859047 -89.3276
0.865192 -88.072
0.871341 -89.2498
0.877463 -89.5278
0.883569 -88.125
0.889708 -88.5073
0.895864 -87.7416
0.902008 -88.4572
0.908149 -88.2737
0.914301 -87.5817
0.920448 -88.085
0.926574 -88.0135
0.932687 -86.1781
0.938823 -87.4101
0.944975 -86.5531
0.951105 -87.4544
0.957225 -86.3197
0.963368 -86.1518
0.969511 -86.3623
0.975621 -86.4169
0.981748 -85.423
0.987916 -86.0166
0.99406 -84.9926
1.00019 -85.135
1.00632 -84.6307
1.01246 -85.0512
1.01859 -85.1482
1.02471 -84.0908
1.03085 -83.6865
1.03698 -83.8292
1.04314 -84.6847
1.04929 -84.341
1.05541 -83.6129
1.06154 -83.9273
1.06769 -82.7487
1.07382 -82.8381
1.07993 -82.1039
1.08607 -81.3194
1.09222 -82.6386
1.09836 -82.2387
1.10449 -81.7126
1.11063 -82.0308
1.11677 -81.6871
1.1229 -81.4594
1.12903 -81.0501
1.13518 -80.6916
1.14131 -80.796
1.14745 -80.7741
1.15359 -80.4366
1.15973 -80.2979
1.16584 -80.5721
1.17197 -79.1668
1.17811 -79.3413
1.18424 -79.7436
1.19038 -79.2802
1.19652 -78.3422
1.20267 -79.0569
1.20881 -78.5448
1.21495 -78.1036
1.22108 -77.7537
1.2272 -77.5936
1.23334 -77.2677
1.23949 -76.9354
1.24562 -77.0859
1.25174 -76.9808
1.25789 -77.0968
1.26402 -76.6042
1.27014 -76.2116
1.27628 -76.4802
1.28244 -76.1016
1.28858 -76.2441
1.29471 -75.9516
1.30084 -75.3466
1.30697 -75.2366
1.31312 -74.9997
1.31925 -74.8169
1.32537 -74.6295
1.33151 -74.4745
1.33765 -73.7918
1.34378 -73.4318
1.34992 -73.6882
1.35606 -73.419
1.3622 -73.7908
1.36833 -72.8749
1.37445 -72.5536
1.38059 -72.7308
1.38675 -72.6975
1.39288 -72.1518
1.39901 -71.9811
1.40515 -71.9143
1.4113 -71.793
1.41742 -71.026
1.42355 -71.515
1.4297 -70.8754
1.43585 -71.4376
1.44198 -70.6553
1.44809 -70.9526
1.45423 -70.1697
1.46036 -69.7939
1.46649 -69.5813
1.47263 -69.2843
1.47877 -69.2618
1.48491 -69.0569
1.49104 -68.653
1.49718 -68.6421
1.50333 -68.525
1.50947 -67.8297
1.5156 -68.2538
1.52172 -67.7578
1.52787 -67.6509
1.534 -67.0185
1.54013 -67.4583
1.54627 -66.9558
1.55241 -66.472
1.55855 -66.5055
1.56467 -66.5045
1.5708 -66.2726
