0.00783031 -0.793811
0.013688 0.0729414
0.019231 0.912053
0.0249154 0.355453
0.0312784 1.86124
0.0375637 2.56241
0.0433917 2.04852
0.0492413 3.95251
0.0555754 3.06942
0.0619321 4.90798
0.067871 5.20744
0.0738098 5.69292
0.0800417 7.73623
0.0862327 7.19557
0.0921407 10.2511
0.0982031 10.2105
0.104506 10.6838
0.110769 13.8209
0.116806 11.2216
0.122832 12.9264
0.129052 15.0047
0.135211 16.196
0.141259 17.0773
0.147318 18.0511
0.153489 17.953
0.159709 19.5066
0.165845 19.9907
0.171974 22.1962
0.178125 22.3357
0.184229 22.6183
0.19034 23.697
0.196428 24.2364
0.202534 26.5406
0.208729 25.3351
0.214876 27.9616
0.220989 28.925
0.227147 28.0471
0.23329 30.6764
0.239377 30.1221
0.245482 31.2676
0.251667 32.2756
0.257832 33.8026
0.263955 33.402
0.270079 34.3144
0.27624 34.5422
0.282372 35.5566
0.28843 35.6097
0.294538 36.2706
0.300721 36.5763
0.30691 38.0071
0.313033 39.337
0.319153 39.5041
0.325316 39.7129
0.33145 40.973
0.337538 40.377
0.343633 40.8893
0.349808 42.1723
0.355968 42.6857
0.362074 43.5637
0.368217 44.0217
0.374374 44.1313
0.380519 44.1651
0.386598 44.6154
0.392688 46.062
0.39888 45.6766
0.405048 46.3923
0.411186 46.278
0.417313 47.5541
0.423458 46.7516
0.429607 47.9042
0.435692 47.6455
0.441815 48.6173
0.447964 48.2919
0.454126 48.4004
0.460267 49.639
0.466387 49.0708
0.47254 50.7005
0.478662 51.2429
0.484765 51.0839
0.490885 51.1675
0.497035 51.4828
0.503198 50.6827
0.509342 51.756
0.515458 52.0053
0.521598 52.3547
0.527764 52.8443
0.533884 52.8384
0.54 53.2447
0.546137 53.1325
0.552299 53.4209
0.558452 53.9973
0.564573 54.2733
0.570708 54.3018
0.576825 54.1796
0.582926 54.7112
0.589034 53.8125
0.595184 55.3631
0.601379 55.1042
0.607522 55.0739
0.613639 55.5637
0.619772 55.5565
0.625918 55.3288
0.632068 56.9365
0.638161 56.3481
0.6443 56.2651
0.650464 56.4089
0.656582 56.8651
0.662703 56.9772
0.668861 56.6817
0.675024 57.7719
0.681124 57.3402
0.687237 57.6954
0.693381 57.3523
0.699536 56.9231
0.705665 57.1169
0.711789 57.6244
0.717957 58.0106
0.72409 57.8649
0.730186 57.7949
0.736317 58.4459
0.742472 58.3806
0.748622 58.9393
0.75476 58.2499
0.760888 58.6351
0.767043 58.407
0.773185 58.7146
0.779291 58.4573
0.785407 58.7513
0.791564 58.7511
0.797719 58.7408
0.803834 58.1671
0.809972 59.4843
0.816124 59.4814
0.822261 59.0132
0.828378 59.7928
0.834502 59.234
0.840667 59.4389
0.846816 58.6235
0.852925 59.2098
0.859047 59.4632
0.865192 59.5658
0.871341 59.2555
0.877463 59.448
0.883569 59.1842
0.889708 59.584
0.895864 59.681
0.902008 59.6416
0.908149 60.3429
0.914301 59.4512
0.920448 60.0722
0.926574 59.8217
0.932687 59.4784
0.938823 59.4231
0.944975 59.9887
0.951105 59.3652
0.957225 59.9703
0.963368 59.654
0.969511 59.7721
0.975621 59.6656
0.981748 59.6324
0.987916 60.0597
0.99406 59.8921
1.00019 60.1246
1.00632 59.8697
1.01246 60.1905
1.01859 60.2097
1.02471 59.8643
1.03085 59.8757
1.03698 60.3202
1.04314 59.4396
1.04929 60.2779
1.05541 60.1004
1.06154 60.0038
1.06769 60.2141
1.07382 59.536
1.07993 60.2848
1.08607 60.4276
1.09222 60.0644
1.09836 60.0952
1.10449 59.7139
1.11063 59.7877
1.11677 59.8545
1.1229 59.2269
1.12903 59.7175
1.13518 60.0518
1.14131 60.0803
1.14745 59.8343
1.15359 59.2938
1.15973 60.1871
1.16584 59.6878
1.17197 59.4971
1.17811 59.7025
1.18424 59.7379
1.19038 59.5059
1.19652 59.8231
1.20267 59.597
1.20881 59.957
1.21495 59.6322
1.22108 59.2582
1.2272 59.4757
1.23334 59.7597
1.23949 59.582
1.24562 59.3916
1.25174 59.3596
1.25789 59.3876
1.26402 59.3611
1.27014 59.2911
1.27628 59.259
1.28244 59.3904
1.28858 59.2569
1.29471 59.3199
1.30084 59.0318
1.30697 58.9243
1.31312 58.9549
1.31925 59.0675
1.32537 59.0272
1.33151 58.8861
1.33765 58.7138
1.34378 58.8026
1.34992 58.6977
1.35606 58.5272
1.3622 58.9481
1.36833 58.6235
1.37445 58.4459
1.38059 58.4256
1.38675 58.5656
1.39288 58.0832
1.39901 58.4849
1.40515 58.3602
1.4113 58.3969
1.41742 58.2596
1.42355 58.1007
1.4297 57.9493
1.43585 58.1456
1.44198 58.0213
1.44809 57.6925
1.45423 57.7895
1.46036 57.621
1.46649 57.6896
1.47263 57.7954
1.47877 57.2891
1.48491 57.7758
1.49104 57.1663
1.49718 57.4915
1.50333 57.3369
1.50947 57.3746
1.5156 56.8266
1.52172 56.9429
1.52787 56.7453
1.534 56.7712
1.54013 56.8905
1.54627 56.9535
1.55241 56.9638
1.55855 56.5702
1.56467 56.652
1.5708 56.4501
