0.00783031 8.46745
0.013688 -1.81813
0.019231 -1.05274
0.0249154 3.04246
0.0312784 0.205641
0.0375637 -1.27419
0.0433917 4.83624
0.0492413 -1.61366
0.0555754 6.53476
0.0619321 7.75832
0.067871 5.75752
0.0738098 8.47484
0.0800417 10.9663
0.0862327 11.0504
0.0921407 11.6386
0.0982031 10.0141
0.104506 14.1864
0.110769 14.2235
0.116806 16.5005
0.122832 18.2057
0.129052 20.0665
0.135211 20.7041
0.141259 20.9149
0.147318 20.4781
0.153489 21.5407
0.159709 25.3625
0.165845 25.1334
0.171974 27.1856
0.178125 27.2065
0.184229 29.2194
0.19034 29.0556
0.196428 29.9859
0.202534 33.5681
0.208729 33.6095
0.214876 34.0708
0.220989 33.2056
0.227147 35.9092
0.23329 35.047
0.239377 37.6746
0.245482 37.5818
0.251667 38.5801
0.257832 40.7713
0.263955 40.3906
0.270079 40.9151
0.27624 42.2922
0.282372 41.1225
0.28843 43.0692
0.294538 44.7222
0.300721 44.4622
0.30691 46.0357
0.313033 45.4241
0.319153 47.0759
0.325316 45.475
0.33145 47.284
0.337538 48.7021
0.343633 48.8756
0.349808 50.2586
0.355968 51.2064
0.362074 50.9702
0.368217 50.8534
0.374374 51.6453
0.380519 52.528
0.386598 53.7459
0.392688 53.7332
0.39888 53.9766
0.405048 53.7036
0.411186 54.1554
0.417313 55.3229
0.423458 55.243
0.429607 55.0603
0.435692 56.178
0.441815 56.0396
0.447964 56.9039
0.454126 58.0021
0.460267 58.2758
0.466387 57.9774
0.47254 58.5344
0.478662 58.2653
0.484765 58.6703
0.490885 59.4078
0.497035 61.25
0.503198 60.6811
0.509342 60.5922
0.515458 61.1119
0.521598 60.9894
0.527764 60.9136
0.533884 62.2805
0.54 61.422
0.546137 62.8902
0.552299 63.2377
0.558452 64.3384
0.564573 63.4242
0.570708 62.8498
0.576825 65.0511
0.582926 65.029
0.589034 63.3624
0.595184 65.076
0.601379 64.2358
0.607522 64.512
0.613639 65.8104
0.619772 65.4368
0.625918 65.67
0.632068 64.7607
0.638161 66.7226
0.6443 65.7531
0.650464 66.7826
0.656582 67.4269
0.662703 67.2197
0.668861 66.7632
0.675024 67.5844
0.681124 67.5677
0.687237 67.8105
0.693381 68.3533
0.699536 68.1885
0.705665 68.7758
0.711789 68.5011
0.717957 68.1419
0.72409 68.4048
0.730186 68.7026
0.736317 69.043
0.742472 69.3697
0.748622 69.5462
0.75476 69.6974
0.760888 69.6988
0.767043 70.254
0.773185 69.658
0.779291 69.3817
0.785407 69.7643
0.791564 70.4342
0.797719 70.4233
0.803834 69.7948
0.809972 71.8103
0.816124 70.422
0.822261 70.943
0.828378 70.8947
0.834502 70.75
0.840667 70.7565
0.846816 71.4432
0.852925 70.7621
0.859047 71.6391
0.865192 71.3829
0.871341 71.3735
0.877463 71.9564
0.883569 71.5492
0.889708 71.2774
0.895864 71.8296
0.902008 71.8628
0.908149 72.5187
0.914301 72.1243
0.920448 72.4787
0.926574 71.1923
0.932687 72.0108
0.938823 72.3148
0.944975 72.0537
0.951105 71.9829
0.957225 72.6852
0.963368 72.2934
0.969511 72.4024
0.975621 72.5828
0.981748 71.8819
0.987916 72.1573
0.99406 72.562
1.00019 72.073
1.00632 72.2262
1.01246 72.8469
1.01859 72.2672
1.02471 72.4226
1.03085 72.5616
1.03698 72.2752
1.04314 72.1746
1.04929 72.5406
1.05541 72.6949
1.06154 72.5325
1.06769 72.1217
1.07382 72.387
1.07993 72.3249
1.08607 72.1323
1.09222 72.3952
1.09836 72.2375
1.10449 71.674
1.11063 71.9036
1.11677 72.5463
1.1229 71.6483
1.12903 72.2088
1.13518 71.7183
1.14131 71.5934
1.14745 71.2591
1.15359 71.853
1.15973 72.2856
1.16584 71.7332
1.17197 71.3823
1.17811 71.5452
1.18424 71.3661
1.19038 71.3692
1.19652 71.5424
1.20267 71.072
1.20881 71.1282
1.21495 71.4846
1.22108 71.8793
1.2272 71.2135
1.23334 71.145
1.23949 71.1051
1.24562 70.991
1.25174 71.1207
1.25789 70.57
1.26402 70.87
1.27014 70.363
1.27628 70.9408
1.28244 69.7789
1.28858 70.4599
1.29471 70.0837
1.30084 69.8913
1.30697 69.94
1.31312 69.8192
1.31925 70.0751
1.32537 69.2241
1.33151 69.863
1.33765 69.4212
1.34378 69.6134
1.34992 69.3884
1.35606 69.2368
1.3622 68.7949
1.36833 68.6143
1.37445 68.9276
1.38059 68.8924
1.38675 68.9677
1.39288 68.7107
1.39901 68.74
1.40515 68.3473
1.4113 68.1774
1.41742 68.0105
1.42355 67.8551
1.4297 67.6696
1.43585 67.375
1.44198 67.9739
1.44809 67.297
1.45423 67.29
1.46036 66.702
1.46649 66.8273
1.47263 66.7284
1.47877 66.8455
1.48491 66.6846
1.49104 66.6258
1.49718 66.6872
1.50333 66.3031
1.50947 66.0696
1.5156 66.1298
1.52172 65.975
1.52787 65.7339
1.534 65.4704
1.54013 65.4292
1.54627 65.1492
1.55241 64.8168
1.55855 64.9882
1.56467 64.813
1.5708 64.6377
