0.00783031 -1177.54
0.013688 -138.535
0.019231 -231.363
0.0249154 -649.345
0.0312784 -266.191
0.0375637 344.53
0.0433917 -322.382
0.0492413 62.9008
0.0555754 -162.867
0.0619321 -263.189
0.067871 -214.24
0.0738098 -264.1
0.0800417 -294.582
0.0862327 -144.05
0.0921407 -222.314
0.0982031 -78.2104
0.104506 -179.18
0.110769 -174.038
0.116806 -195.192
0.122832 -219.923
0.129052 -211.657
0.135211 -167.776
0.141259 -175.042
0.147318 -144.739
0.153489 -147.754
0.159709 -175.534
0.165845 -161.42
0.171974 -204.091
0.178125 -155.75
0.184229 -163.952
0.19034 -166.572
0.196428 -148.626
0.202534 -174.502
0.208729 -153.078
0.214876 -154.215
0.220989 -138.292
0.227147 -148.223
0.23329 -136.136
0.239377 -155.378
0.245482 -144.173
0.251667 -133.445
0.257832 -155.048
0.263955 -141.67
0.270079 -137.111
0.27624 -137.859
0.282372 -122.817
0.28843 -119.704
0.294538 -143.054
0.300721 -131.49
0.30691 -135.631
0.313033 -123.923
0.319153 -130.767
0.325316 -119.937
0.33145 -124.275
0.337538 -125.023
0.343633 -122.056
0.349808 -121.786
0.355968 -119.805
0.362074 -121.862
0.368217 -112.691
0.374374 -112.264
0.380519 -113.28
0.386598 -117.347
0.392688 -117.621
0.39888 -109.593
0.405048 -109.67
0.411186 -111.859
0.417313 -108.809
0.423458 -107.174
0.429607 -102.937
0.435692 -102.23
0.441815 -101.085
0.447964 -105.67
0.454126 -100.244
0.460267 -101.775
0.466387 -99.1568
0.47254 -105.808
0.478662 -99.0909
0.484765 -99.1506
0.490885 -98.2
0.497035 -99.8568
0.503198 -98.8953
0.509342 -95.9149
0.515458 -97.5701
0.521598 -94.1274
0.527764 -90.0307
0.533884 -94.2154
0.54 -93.5229
0.546137 -91.1679
0.552299 -92.8461
0.558452 -93.6037
0.564573 -92.029
0.570708 -89.9281
0.576825 -93.841
0.582926 -90.9097
0.589034 -87.5782
0.595184 -90.2295
0.601379 -87.7043
0.607522 -87.2617
0.613639 -89.7336
0.619772 -86.6734
0.625918 -88.0843
0.632068 -83.0622
0.638161 -88.1515
0.6443 -85.6073
0.650464 -85.445
0.656582 -84.5335
0.662703 -86.419
0.668861 -83.1577
0.675024 -84.7416
0.681124 -84.7307
0.687237 -84.9561
0.693381 -83.3085
0.699536 -81.4492
0.705665 -83.4769
0.711789 -80.8399
0.717957 -81.4262
0.72409 -79.8824
0.730186 -79.102
0.736317 -79.9974
0.742472 -80.2685
0.748622 -79.9359
0.75476 -79.5615
0.760888 -78.4198
0.767043 -79.9541
0.773185 -78.178
0.779291 -76.9988
0.785407 -76.588
0.791564 -76.7912
0.797719 -75.9065
0.803834 -76.6622
0.809972 -77.4484
0.816124 -76.8741
0.822261 -74.5513
0.828378 -75.5774
0.834502 -74.4491
0.840667 -72.3123
0.846816 -73.4363
0.852925 -74.0041
0.859047 -74.6737
0.865192 -74.4254
0.871341 -73.0467
0.877463 -74.0224
0.883569 -73.7256
0.889708 -72.948
0.895864 -72.4487
0.902008 -72.5633
0.908149 -71.5261
0.914301 -72.001
0.920448 -71.7979
0.926574 -70.6604
0.932687 -71.3505
0.938823 -70.8375
0.944975 -69.9476
0.951105 -69.8624
0.957225 -70.0198
0.963368 -69.4502
0.969511 -70.15
0.975621 -69.4724
0.981748 -69.1362
0.987916 -67.9578
0.99406 -68.1588
1.00019 -67.844
1.00632 -67.4908
1.01246 -68.7309
1.01859 -67.8387
1.02471 -67.3429
1.03085 -67.1723
1.03698 -66.4105
1.04314 -66.4794
1.04929 -66.5124
1.05541 -65.4244
1.06154 -65.4744
1.06769 -65.6236
1.07382 -64.9796
1.07993 -65.6384
1.08607 -64.821
1.09222 -64.4109
1.09836 -64.5655
1.10449 -64.0107
1.11063 -63.9821
1.11677 -64.2648
1.1229 -63.8472
1.12903 -63.989
1.13518 -63.3896
1.14131 -62.6789
1.14745 -62.5599
1.15359 -62.5135
1.15973 -62.4231
1.16584 -61.7523
1.17197 -62.717
1.17811 -61.2309
1.18424 -61.4207
1.19038 -61.4033
1.19652 -61.3209
1.20267 -61.2119
1.20881 -60.7099
1.21495 -60.5667
1.22108 -60.4818
1.2272 -60.43
1.23334 -60.0264
1.23949 -59.643
1.24562 -59.1839
1.25174 -59.0201
1.25789 -58.7268
1.26402 -58.9802
1.27014 -58.1916
1.27628 -58.5491
1.28244 -58.4126
1.28858 -57.4991
1.29471 -58.235
1.30084 -56.8577
1.30697 -57.7428
1.31312 -57.0499
1.31925 -57.0221
1.32537 -56.4911
1.33151 -56.3408
1.33765 -56.0568
1.34378 -56.2315
1.34992 -56.159
1.35606 -56.0507
1.3622 -54.9956
1.36833 -55.356
1.37445 -55.521
1.38059 -54.4909
1.38675 -54.7044
1.39288 -54.6515
1.39901 -54.448
1.40515 -54.1282
1.4113 -53.7588
1.41742 -53.7281
1.42355 -53.5938
1.4297 -53.4957
1.43585 -53.1839
1.44198 -53.2392
1.44809 -52.6976
1.45423 -52.4973
1.46036 -52.097
1.46649 -52.524
1.47263 -52.1135
1.47877 -51.8121
1.48491 -51.2952
1.49104 -51.1998
1.49718 -51.2457
1.50333 -51.268
1.50947 -50.8955
1.5156 -50.7994
1.52172 -50.5571
1.52787 -50.3105
1.534 -50.2389
1.54013 -49.9607
1.54627 -49.576
1.55241 -49.7513
1.55855 -49.0857
1.56467 -49.1792
1.5708 -48.8947
