0.00783031 3.32693
0.013688 3.81394
0.019231 0.512658
0.0249154 0.384958
0.0312784 2.95714
0.0375637 7.22496
0.0433917 2.8593
0.0492413 7.29078
0.0555754 7.28129
0.0619321 10.1946
0.067871 9.56165
0.0738098 9.65165
0.0800417 5.01862
0.0862327 8.38044
0.0921407 9.33486
0.0982031 12.7037
0.104506 11.0352
0.110769 8.38763
0.116806 14.9574
0.122832 11.2026
0.129052 14.1962
0.135211 11.4136
0.141259 15.8193
0.147318 14.7155
0.153489 14.923
0.159709 18.3895
0.165845 15.131
0.171974 15.6551
0.178125 14.8499
0.184229 16.5525
0.19034 17.7318
0.196428 16.4181
0.202534 14.3282
0.208729 17.2771
0.214876 18.5941
0.220989 16.3915
0.227147 16.3533
0.23329 18.2221
0.239377 17.6349
0.245482 17.5259
0.251667 14.778
0.257832 16.2935
0.263955 16.8976
0.270079 18.4468
0.27624 17.5089
0.282372 16.1745
0.28843 14.2865
0.294538 14.0626
0.300721 16.6519
0.30691 10.8054
0.313033 13.7912
0.319153 12.6523
0.325316 14.3675
0.33145 13.3961
0.337538 12.7444
0.343633 13.0789
0.349808 12.4167
0.355968 9.29663
0.362074 9.23018
0.368217 11.6393
0.374374 11.6084
0.380519 7.37359
0.386598 7.99367
0.392688 7.40016
0.39888 11.5422
0.405048 11.0884
0.411186 7.48805
0.417313 9.90002
0.423458 8.34928
0.429607 8.41984
0.435692 3.73678
0.441815 6.82765
0.447964 5.28405
0.454126 6.0883
0.460267 6.32352
0.466387 6.22259
0.47254 2.69231
0.478662 3.76377
0.484765 2.86623
0.490885 1.89752
0.497035 3.54122
0.503198 1.15632
0.509342 2.56822
0.515458 1.84479
0.521598 2.16705
0.527764 1.86793
0.533884 -0.359693
0.54 1.19268
0.546137 -2.39559
0.552299 -0.575369
0.558452 -0.510959
0.564573 -2.91007
0.570708 -4.40697
0.576825 -2.38013
0.582926 -3.97898
0.589034 -2.61019
0.595184 -7.30486
0.601379 -4.26418
0.607522 -5.04806
0.613639 -6.4618
0.619772 -8.35197
0.625918 -5.29766
0.632068 -3.90106
0.638161 -6.05826
0.6443 -9.02282
0.650464 -8.20918
0.656582 -6.53405
0.662703 -12.6135
0.668861 -9.98068
0.675024 -8.89523
0.681124 -10.228
0.687237 -12.2929
0.693381 -14.4875
0.699536 -11.2387
0.705665 -12.0524
0.711789 -12.0889
0.717957 -13.3132
0.72409 -13.4466
0.730186 -13.2831
0.736317 -14.9845
0.742472 -12.0261
0.748622 -12.9824
0.75476 -15.653
0.760888 -14.5481
0.767043 -16.2937
0.773185 -14.7387
0.779291 -16.8416
0.785407 -14.8531
0.791564 -17.4832
0.797719 -17.237
0.803834 -19.4004
0.809972 -19.1109
0.816124 -18.3205
0.822261 -20.0561
0.828378 -20.3961
0.834502 -18.6472
0.840667 -21.5154
0.846816 -21.0496
0.852925 -21.7801
0.859047 -22.4337
0.865192 -23.9748
0.871341 -21.0481
0.877463 -23.1091
0.883569 -23.3849
0.889708 -23.4353
0.895864 -26.3773
0.902008 -25.211
0.908149 -25.5535
0.914301 -27.6867
0.920448 -23.1318
0.926574 -26.6519
0.932687 -25.2802
0.938823 -27.8891
0.944975 -27.9155
0.951105 -28.224
0.957225 -28.6435
0.963368 -28.8558
0.969511 -27.6423
0.975621 -30.5467
0.981748 -28.2399
0.987916 -30.1079
0.99406 -31.7848
1.00019 -31.6508
1.00632 -29.3817
1.01246 -31.2201
1.01859 -31.9401
1.02471 -32.2798
1.03085 -30.794
1.03698 -31.9927
1.04314 -33.4981
1.04929 -34.1301
1.05541 -34.6825
1.06154 -34.6047
1.06769 -35.1969
1.07382 -36.0191
1.07993 -36.3124
1.08607 -36.8713
1.09222 -37.0337
1.09836 -35.8541
1.10449 -37.5085
1.11063 -38.8685
1.11677 -38.524
1.1229 -40.3928
1.12903 -38.1261
1.13518 -40.4401
1.14131 -40.537
1.14745 -39.435
1.15359 -39.5366
1.15973 -40.1336
1.16584 -41.5574
1.17197 -42.5652
1.17811 -42.3493
1.18424 -42.076
1.19038 -41.756
1.19652 -41.5856
1.20267 -43.927
1.20881 -43.0289
1.21495 -45.7661
1.22108 -44.4785
1.2272 -45.2221
1.23334 -45.0753
1.23949 -46.3629
1.24562 -44.6451
1.25174 -44.7615
1.25789 -46.6042
1.26402 -45.5395
1.27014 -45.6886
1.27628 -48.4542
1.28244 -46.1448
1.28858 -46.7446
1.29471 -48.599
1.30084 -48.4944
1.30697 -48.497
1.31312 -48.9563
1.31925 -48.8318
1.32537 -49.4856
1.33151 -49.5024
1.33765 -51.4243
1.34378 -50.0873
1.34992 -50.459
1.35606 -49.4541
1.3622 -50.9405
1.36833 -51.3455
1.37445 -51.6095
1.38059 -51.1743
1.38675 -53.9984
1.39288 -53.3088
1.39901 -54.1127
1.40515 -51.8626
1.4113 -53.7803
1.41742 -54.9505
1.42355 -53.9637
1.4297 -54.4339
1.43585 -53.8027
1.44198 -54.9804
1.44809 -54.6625
1.45423 -54.4758
1.46036 -56.9547
1.46649 -55.7865
1.47263 -56.0393
1.47877 -55.1983
1.48491 -57.3211
1.49104 -56.3233
1.49718 -57.2949
1.50333 -58.6358
1.50947 -56.9993
1.5156 -56.2831
1.52172 -58.5998
1.52787 -56.9184
1.534 -57.7891
1.54013 -58.2081
1.54627 -58.6295
1.55241 -59.2354
1.55855 -59.6077
1.56467 -60.1402
1.5708 -59.5793
