0.00783031 28.5302
0.013688 30.1189
0.019231 29.7779
0.0249154 17.4658
0.0312784 4.74613
0.0375637 -7.71408
0.0433917 -13.763
0.0492413 -24.6072
0.0555754 -31.5505
0.0619321 -38.4091
0.067871 -43.0665
0.0738098 -56.7128
0.0800417 -61.2959
0.0862327 -67.1579
0.0921407 -64.398
0.0982031 -67.9339
0.104506 -73.509
0.110769 -75.8556
0.116806 -78.7908
0.122832 -84.4203
0.129052 -88.109
0.135211 -87.0077
0.141259 -87.0801
0.147318 -89.8573
0.153489 -88.98
0.159709 -89.115
0.165845 -90.0353
0.171974 -89.9453
0.178125 -92.0892
0.184229 -94.2928
0.19034 -97.4073
0.196428 -98.9727
0.202534 -98.945
0.208729 -101.082
0.214876 -98.1923
0.220989 -98.1647
0.227147 -99.0702
0.23329 -99.8205
0.239377 -101.89
0.245482 -100.93
0.251667 -100.768
0.257832 -99.9182
0.263955 -101.984
0.270079 -103.3
0.27624 -102.329
0.282372 -102.95
0.28843 -102.822
0.294538 -102.926
0.300721 -104.236
0.30691 -104.633
0.313033 -102.603
0.319153 -104.082
0.325316 -102.797
0.33145 -103.238
0.337538 -103.004
0.343633 -104.256
0.349808 -104.387
0.355968 -104.481
0.362074 -104.705
0.368217 -102.536
0.374374 -103.853
0.380519 -105.963
0.386598 -102.93
0.392688 -103.118
0.39888 -103.134
0.405048 -102.711
0.411186 -101.828
0.417313 -103.472
0.423458 -103.943
0.429607 -102.294
0.435692 -103.551
0.441815 -103.182
0.447964 -101.33
0.454126 -103.855
0.460267 -102.503
0.466387 -101.734
0.47254 -103.587
0.478662 -102.84
0.484765 -103.124
0.490885 -102.788
0.497035 -102.856
0.503198 -102.791
0.509342 -100.544
0.515458 -102.56
0.521598 -102.292
0.527764 -101.621
0.533884 -102.695
0.54 -100.92
0.546137 -102.573
0.552299 -100.913
0.558452 -100.441
0.564573 -100.688
0.570708 -100.468
0.576825 -100.852
0.582926 -100.697
0.589034 -99.5656
0.595184 -100.39
0.601379 -100.019
0.607522 -100.489
0.613639 -99.7553
0.619772 -99.1577
0.625918 -99.0726
0.632068 -97.6879
0.638161 -98.2539
0.6443 -98.8003
0.650464 -98.7969
0.656582 -96.6108
0.662703 -98.8188
0.668861 -98.5151
0.675024 -98.2805
0.681124 -97.3777
0.687237 -98.1694
0.693381 -97.9646
0.699536 -98.1154
0.705665 -96.6978
0.711789 -96.3678
0.717957 -96.67
0.72409 -96.2599
0.730186 -95.7118
0.736317 -95.598
0.742472 -94.6309
0.748622 -94.0158
0.75476 -94.6982
0.760888 -94.0776
0.767043 -93.7488
0.773185 -93.9145
0.779291 -93.4148
0.785407 -93.3809
0.791564 -92.8317
0.797719 -93.0755
0.803834 -93.6086
0.809972 -92.5548
0.816124 -92.4523
0.822261 -92.7719
0.828378 -92.5915
0.834502 -91.2382
0.840667 -90.7771
0.846816 -91.3015
0.852925 -90.8918
0.859047 -90.4887
0.865192 -91.3307
0.871341 -89.5468
0.877463 -89.8547
0.883569 -89.0106
0.889708 -88.8855
0.895864 -89.8388
0.902008 -88.6643
0.908149 -88.3355
0.914301 -88.489
0.920448 -86.9297
0.926574 -87.7035
0.932687 -86.9176
0.938823 -87.3446
0.944975 -86.8233
0.951105 -85.7864
0.957225 -86.3914
0.963368 -86.2174
0.969511 -85.2678
0.975621 -85.5398
0.981748 -84.3887
0.987916 -84.9933
0.99406 -84.9432
1.00019 -84.631
1.00632 -83.3689
1.01246 -83.5466
1.01859 -83.1541
1.02471 -82.4019
1.03085 -82.0263
1.03698 -82.2596
1.04314 -82.0178
1.04929 -81.7944
1.05541 -81.9034
1.06154 -81.2589
1.06769 -80.7263
1.07382 -80.8382
1.07993 -80.5564
1.08607 -80.1118
1.09222 -79.7587
1.09836 -79.4482
1.10449 -79.4585
1.11063 -79.7889
1.11677 -78.5591
1.1229 -78.9057
1.12903 -77.7712
1.13518 -78.1458
1.14131 -77.7322
1.14745 -77.3402
1.15359 -77.1476
1.15973 -76.3702
1.16584 -76.5665
1.17197 -76.3374
1.17811 -76.2433
1.18424 -75.5712
1.19038 -75.1347
1.19652 -74.9971
1.20267 -75.0454
1.20881 -74.2592
1.21495 -74.8927
1.22108 -74.0634
1.2272 -74.1436
1.23334 -73.5246
1.23949 -73.2612
1.24562 -72.8925
1.25174 -72.8046
1.25789 -72.4692
1.26402 -71.8536
1.27014 -71.7705
1.27628 -71.6757
1.28244 -71.1009
1.28858 -70.854
1.29471 -71.0467
1.30084 -70.8508
1.30697 -70.3013
1.31312 -70.4007
1.31925 -70.0268
1.32537 -69.5315
1.33151 -69.6358
1.33765 -69.8485
1.34378 -68.9176
1.34992 -68.7037
1.35606 -68.211
1.3622 -68.433
1.36833 -68.0555
1.37445 -67.703
1.38059 -67.2911
1.38675 -67.8072
1.39288 -67.0798
1.39901 -66.763
1.40515 -66.4302
1.4113 -66.0702
1.41742 -66.201
1.42355 -65.6042
1.4297 -65.643
1.43585 -64.9733
1.44198 -65.0801
1.44809 -64.7915
1.45423 -64.5341
1.46036 -64.7131
1.46649 -63.9742
1.47263 -63.8945
1.47877 -63.4527
1.48491 -63.5413
1.49104 -63.3996
1.49718 -62.6389
1.50333 -63.174
1.50947 -62.4847
1.5156 -62.1279
1.52172 -62.128
1.52787 -61.5011
1.534 -61.7299
1.54013 -61.3709
1.54627 -61.2664
1.55241 -61.368
1.55855 -61.0253
1.56467 -60.8988
1.5708 -60.3283
