0.00783031 -4.95762
0.013688 -10.7863
0.019231 -15.5736
0.0249154 -19.9491
0.0312784 -24.9683
0.0375637 -29.6
0.0433917 -33.0673
0.0492413 -37.4811
0.0555754 -42.8211
0.0619321 -49.4721
0.067871 -52.6723
0.0738098 -58.1765
0.0800417 -61.4634
0.0862327 -63.0906
0.0921407 -64.5064
0.0982031 -65.5809
0.104506 -67.2117
0.110769 -68.4482
0.116806 -72.5024
0.122832 -75.7943
0.129052 -80.4375
0.135211 -80.8222
0.141259 -80.4155
0.147318 -84.7776
0.153489 -86.0634
0.159709 -88.3516
0.165845 -84.3259
0.171974 -88.7127
0.178125 -89.8896
0.184229 -90.4922
0.19034 -93.5661
0.196428 -94.2622
0.202534 -93.9254
0.208729 -95.2765
0.214876 -97.2757
0.220989 -95.9669
0.227147 -98.1265
0.23329 -99.1383
0.239377 -97.6647
0.245482 -98.2013
0.251667 -100.881
0.257832 -99.6574
0.263955 -101.525
0.270079 -103.397
0.27624 -103.88
0.282372 -103.623
0.28843 -104.104
0.294538 -104.398
0.300721 -106.357
0.30691 -105.28
0.313033 -104.956
0.319153 -106.046
0.325316 -107.01
0.33145 -107.298
0.337538 -106.784
0.343633 -107.35
0.349808 -108.844
0.355968 -107.633
0.362074 -109.504
0.368217 -108.586
0.374374 -110.319
0.380519 -110.166
0.386598 -109.759
0.392688 -110.45
0.39888 -109.948
0.405048 -110.621
0.411186 -110.666
0.417313 -111.498
0.423458 -112.691
0.429607 -111.272
0.435692 -110.805
0.441815 -111.51
0.447964 -111.262
0.454126 -110.403
0.460267 -111.705
0.466387 -112.218
0.47254 -111.098
0.478662 -112.291
0.484765 -111.706
0.490885 -110.608
0.497035 -111.562
0.503198 -112.103
0.509342 -110.948
0.515458 -111.41
0.521598 -112.757
0.527764 -112.738
0.533884 -113.042
0.54 -111.318
0.546137 -113.039
0.552299 -114.411
0.558452 -112.097
0.564573 -112.282
0.570708 -111.24
0.576825 -113.035
0.582926 -111.49
0.589034 -112.769
0.595184 -111.317
0.601379 -110.394
0.607522 -111.522
0.613639 -110.449
0.619772 -110.422
0.625918 -110.584
0.632068 -110.798
0.638161 -111.469
0.6443 -110.672
0.650464 -109.288
0.656582 -111.54
0.662703 -110.988
0.668861 -109.97
0.675024 -110.513
0.681124 -110.202
0.687237 -109.712
0.693381 -110.026
0.699536 -110.248
0.705665 -109.699
0.711789 -108.697
0.717957 -109.28
0.72409 -108.598
0.730186 -108.315
0.736317 -108.699
0.742472 -107.64
0.748622 -107.34
0.75476 -107.61
0.760888 -107.886
0.767043 -107.061
0.773185 -106.78
0.779291 -105.741
0.785407 -107.034
0.791564 -107.339
0.797719 -106.823
0.803834 -107.199
0.809972 -106.137
0.816124 -107.288
0.822261 -105.217
0.828378 -105.528
0.834502 -105.216
0.840667 -105.627
0.846816 -105.281
0.852925 -104.698
0.859047 -104.765
0.865192 -104.095
0.871341 -103.921
0.877463 -104.933
0.883569 -104.939
0.889708 -104.349
0.895864 -103.957
0.902008 -104.113
0.908149 -102.503
0.914301 -102.695
0.920448 -102.094
0.926574 -102.07
0.932687 -102.842
0.938823 -101.702
0.944975 -101.449
0.951105 -102.163
0.957225 -101.14
0.963368 -100.338
0.969511 -100.599
0.975621 -100.882
0.981748 -100.766
0.987916 -99.9386
0.99406 -99.3468
1.00019 -100.198
1.00632 -99.6853
1.01246 -99.1215
1.01859 -99.3768
1.02471 -99.415
1.03085 -98.5116
1.03698 -98.3189
1.04314 -98.5986
1.04929 -98.1712
1.05541 -97.6284
1.06154 -97.5032
1.06769 -97.4799
1.07382 -97.1988
1.07993 -96.0945
1.08607 -96.3689
1.09222 -96.5764
1.09836 -95.2279
1.10449 -95.6962
1.11063 -95.3611
1.11677 -95.8191
1.1229 -95.131
1.12903 -95.5587
1.13518 -95.6929
1.14131 -94.5926
1.14745 -95.2955
1.15359 -94.3428
1.15973 -93.5387
1.16584 -93.3202
1.17197 -93.9604
1.17811 -94.0367
1.18424 -93.4355
1.19038 -92.5359
1.19652 -92.8266
1.20267 -92.5197
1.20881 -93.2864
1.21495 -92.2452
1.22108 -92.7085
1.2272 -91.5056
1.23334 -92.8688
1.23949 -92.0507
1.24562 -90.9501
1.25174 -90.815
1.25789 -90.4246
1.26402 -90.1854
1.27014 -90.8182
1.27628 -89.9146
1.28244 -90.5263
1.28858 -89.5889
1.29471 -90.0743
1.30084 -89.6563
1.30697 -89.675
1.31312 -89.5847
1.31925 -88.3481
1.32537 -89.1975
1.33151 -88.5698
1.33765 -88.2576
1.34378 -88.0777
1.34992 -88.6807
1.35606 -87.834
1.3622 -87.9722
1.36833 -87.5248
1.37445 -87.0932
1.38059 -87.0974
1.38675 -87.3656
1.39288 -86.8633
1.39901 -86.1199
1.40515 -86.5125
1.4113 -86.889
1.41742 -85.3499
1.42355 -85.831
1.4297 -86.4439
1.43585 -86.2905
1.44198 -86.0405
1.44809 -85.7255
1.45423 -84.5606
1.46036 -84.8588
1.46649 -84.4763
1.47263 -85.0319
1.47877 -85.049
1.48491 -84.7429
1.49104 -84.2782
1.49718 -84.0527
1.50333 -83.5198
1.50947 -83.2343
1.5156 -82.7684
1.52172 -84.0436
1.52787 -83.1709
1.534 -83.3974
1.54013 -82.5476
1.54627 -82.6623
1.55241 -82.9298
1.55855 -82.1936
1.56467 -82.6869
1.5708 -82.3329
