0.00783031 10435.9
0.013688 9795.02
0.019231 9512.95
0.0249154 7569.58
0.0312784 9697.49
0.0375637 9199.75
0.0433917 9697.85
0.0492413 8612.64
0.0555754 9289.1
0.0619321 8886.44
0.067871 8551.86
0.0738098 8456.52
0.0800417 8593.8
0.0862327 8112.24
0.0921407 8015.4
0.0982031 8312.85
0.104506 8252.34
0.110769 7897.77
0.116806 7496.56
0.122832 7370.94
0.129052 7455.88
0.135211 7135.64
0.141259 7028.95
0.147318 6989.78
0.153489 6980.2
0.159709 6899.6
0.165845 6658.6
0.171974 6573.95
0.178125 6460.98
0.184229 6481.32
0.19034 6289.7
0.196428 6271.38
0.202534 5954.26
0.208729 6096.28
0.214876 5951.63
0.220989 5955.99
0.227147 5796.44
0.23329 5662.98
0.239377 5826.14
0.245482 5598.6
0.251667 5592.14
0.257832 5482.29
0.263955 5444.09
0.270079 5437.53
0.27624 5402.26
0.282372 5366.23
0.28843 5287.36
0.294538 5239.42
0.300721 5167.34
0.30691 5086.3
0.313033 5092.31
0.319153 4986.4
0.325316 4983.59
0.33145 4974.62
0.337538 4900.09
0.343633 4827.57
0.349808 4779.09
0.355968 4736.99
0.362074 4807.42
0.368217 4785.33
0.374374 4651.7
0.380519 4602.84
0.386598 4565.63
0.392688 4561.1
0.39888 4528.8
0.405048 4495.31
0.411186 4470.56
0.417313 4424.8
0.423458 4388.44
0.429607 4386.02
0.435692 4384.21
0.441815 4305.11
0.447964 4305.33
0.454126 4252.71
0.460267 4264.92
0.466387 4167.83
0.47254 4273.21
0.478662 4212.67
0.484765 4113.4
0.490885 4091.87
0.497035 4089.26
0.503198 4061.73
0.509342 4057.29
0.515458 4027.51
0.521598 4012.61
0.527764 3978.73
0.533884 3952.12
0.54 3913.37
0.546137 3872.41
0.552299 3884.28
0.558452 3877.17
0.564573 3854.6
0.570708 3846.68
0.576825 3816.15
0.582926 3794.62
0.589034 3777.64
0.595184 3760.1
0.601379 3716.65
0.607522 3737.26
0.613639 3719.32
0.619772 3683.87
0.625918 3650.54
0.632068 3649.76
0.638161 3623.7
0.6443 3632.01
0.650464 3571.97
0.656582 3547.24
0.662703 3588.87
0.668861 3553.07
0.675024 3530
0.681124 3506.06
0.687237 3495.66
0.693381 3469.47
0.699536 3453.02
0.705665 3444.06
0.711789 3420.85
0.717957 3408.34
0.72409 3377.68
0.730186 3370.33
0.736317 3335.91
0.742472 3329.36
0.748622 3313.83
0.75476 3304.33
0.760888 3297.47
0.767043 3284.31
0.773185 3272.08
0.779291 3254.79
0.785407 3250.18
0.791564 3218.58
0.797719 3198.06
0.803834 3185.52
0.809972 3165.93
0.816124 3169.66
0.822261 3151.89
0.828378 3124.68
0.834502 3128.03
0.840667 3103.68
0.846816 3077.43
0.852925 3090.3
0.859047 3074.13
0.865192 3060.97
0.871341 3034.69
0.877463 3024.02
0.883569 3009.64
0.889708 3000.43
0.895864 2995.85
0.902008 2965.19
0.908149 2946.99
0.914301 2946.54
0.920448 2923.8
0.926574 2918.68
0.932687 2906.92
0.938823 2886.98
0.944975 2876.44
0.951105 2867.43
0.957225 2868.18
0.963368 2822.57
0.969511 2818.23
0.975621 2823.41
0.981748 2813.68
0.987916 2795.47
0.99406 2784.85
1.00019 2780.71
1.00632 2751.37
1.01246 2753.85
1.01859 2738.72
1.02471 2723.47
1.03085 2711.29
1.03698 2704.52
1.04314 2690.43
1.04929 2685.1
1.05541 2672.57
1.06154 2650.04
1.06769 2642.7
1.07382 2636.08
1.07993 2620.26
1.08607 2620.24
1.09222 2591.75
1.09836 2594.13
1.10449 2575.98
1.11063 2552.78
1.11677 2562.7
1.1229 2548.67
1.12903 2542.87
1.13518 2519.22
1.14131 2525.3
1.14745 2499.72
1.15359 2501.33
1.15973 2483.82
1.16584 2479.59
1.17197 2465.86
1.17811 2451.53
1.18424 2447.84
1.19038 2437.22
1.19652 2427.86
1.20267 2407.22
1.20881 2406.02
1.21495 2401.46
1.22108 2391.2
1.2272 2371.8
1.23334 2359.32
1.23949 2361.19
1.24562 2344.18
1.25174 2336.9
1.25789 2333.01
1.26402 2314.89
1.27014 2311.21
1.27628 2288.19
1.28244 2282.87
1.28858 2282.34
1.29471 2270.42
1.30084 2256.92
1.30697 2258.66
1.31312 2235.83
1.31925 2236.01
1.32537 2224.17
1.33151 2217.61
1.33765 2205.17
1.34378 2191.2
1.34992 2192.7
1.35606 2181.18
1.3622 2172.38
1.36833 2168.14
1.37445 2155.7
1.38059 2154.64
1.38675 2137.67
1.39288 2132.91
1.39901 2123.76
1.40515 2117.53
1.4113 2108.72
1.41742 2093.44
1.42355 2093.45
1.4297 2080.18
1.43585 2076.34
1.44198 2067.57
1.44809 2054.66
1.45423 2044.33
1.46036 2040.99
1.46649 2036.43
1.47263 2025.02
1.47877 2019.69
1.48491 2011.25
1.49104 2002.93
1.49718 1993.5
1.50333 1988.97
1.50947 1983.6
1.5156 1973
1.52172 1966.79
1.52787 1962.99
1.534 1950.52
1.54013 1950.21
1.54627 1935.16
1.55241 1927.61
1.55855 1916.87
1.56467 1918.64
1.5708 1909.23
