0.00783031 -1651.96
0.013688 378.026
0.019231 -396.271
0.0249154 -1229.85
0.0312784 -279.984
0.0375637 821.419
0.0433917 -395.727
0.0492413 616.276
0.0555754 43.3545
0.0619321 266.987
0.067871 253.73
0.0738098 337.638
0.0800417 237.486
0.0862327 701.715
0.0921407 668.696
0.0982031 925.399
0.104506 870.504
0.110769 972.367
0.116806 972.437
0.122832 867.644
0.129052 911.599
0.135211 1006.44
0.141259 1017.87
0.147318 1114.67
0.153489 1089.92
0.159709 1021.12
0.165845 1168.71
0.171974 1074.79
0.178125 1155.45
0.184229 1061.15
0.19034 1168.68
0.196428 1139.83
0.202534 1108.34
0.208729 1167.71
0.214876 1152.45
0.220989 1205.17
0.227147 1172.22
0.23329 1168.28
0.239377 1184.47
0.245482 1158.28
0.251667 1214.14
0.257832 1165.63
0.263955 1175.71
0.270079 1178.68
0.27624 1188.32
0.282372 1162.83
0.28843 1230.85
0.294538 1173.29
0.300721 1187.39
0.30691 1175.41
0.313033 1181.33
0.319153 1191.05
0.325316 1193.53
0.33145 1176.33
0.337538 1163.35
0.343633 1154.34
0.349808 1159.41
0.355968 1166.1
0.362074 1174.67
0.368217 1156.98
0.374374 1132.28
0.380519 1148.47
0.386598 1128.35
0.392688 1142.74
0.39888 1133.2
0.405048 1151
0.411186 1136.44
0.417313 1108.75
0.423458 1118.84
0.429607 1122.03
0.435692 1101.8
0.441815 1121.61
0.447964 1091.84
0.454126 1126.85
0.460267 1097.33
0.466387 1082.28
0.47254 1095.71
0.478662 1089.6
0.484765 1073.84
0.490885 1079.52
0.497035 1068.56
0.503198 1072.98
0.509342 1065.37
0.515458 1069.3
0.521598 1059.23
0.527764 1045.39
0.533884 1043.89
0.54 1047.87
0.546137 1041.94
0.552299 1038.32
0.558452 1026.67
0.564573 1025.28
0.570708 1025.8
0.576825 997.957
0.582926 1020.36
0.589034 1013.9
0.595184 1002.88
0.601379 1004.43
0.607522 987.342
0.613639 989.425
0.619772 986.53
0.625918 976.338
0.632068 975.767
0.638161 968.766
0.6443 962.208
0.650464 966.066
0.656582 956.682
0.662703 957.609
0.668861 951.582
0.675024 939.613
0.681124 943.52
0.687237 939.834
0.693381 930.163
0.699536 920.177
0.705665 919.66
0.711789 923.245
0.717957 914.945
0.72409 918.3
0.730186 906.947
0.736317 903.58
0.742472 896.505
0.748622 890.486
0.75476 882.873
0.760888 882.091
0.767043 877.908
0.773185 872.392
0.779291 872.547
0.785407 863.299
0.791564 859.114
0.797719 862.723
0.803834 850.59
0.809972 846.943
0.816124 849.97
0.822261 841.946
0.828378 834.333
0.834502 829.792
0.840667 829.854
0.846816 822.087
0.852925 819.071
0.859047 817.308
0.865192 804.893
0.871341 805.522
0.877463 804.621
0.883569 799.38
0.889708 797.598
0.895864 797.458
0.902008 790.053
0.908149 778.251
0.914301 781.625
0.920448 779.115
0.926574 769.197
0.932687 764.208
0.938823 758.637
0.944975 761.008
0.951105 754.095
0.957225 751.059
0.963368 744.619
0.969511 743.38
0.975621 739.3
0.981748 733.927
0.987916 732.837
0.99406 723.305
1.00019 722.125
1.00632 717.63
1.01246 713.697
1.01859 709.902
1.02471 706.798
1.03085 705.426
1.03698 698.747
1.04314 696.274
1.04929 688.736
1.05541 692.967
1.06154 681.486
1.06769 680.268
1.07382 674.783
1.07993 670.988
1.08607 671.093
1.09222 662.15
1.09836 656.967
1.10449 657.811
1.11063 647.093
1.11677 648.973
1.1229 644.947
1.12903 641.001
1.13518 637.465
1.14131 633.798
1.14745 628.881
1.15359 626.101
1.15973 623.969
1.16584 617.505
1.17197 614.825
1.17811 612.021
1.18424 606.85
1.19038 604.465
1.19652 601.2
1.20267 600.483
1.20881 595.716
1.21495 590.641
1.22108 587.168
1.2272 585.098
1.23334 581.955
1.23949 574.539
1.24562 572.43
1.25174 570.854
1.25789 565.184
1.26402 563.497
1.27014 560.066
1.27628 553.859
1.28244 554.084
1.28858 549.344
1.29471 547.933
1.30084 543.288
1.30697 541.953
1.31312 536.172
1.31925 533.358
1.32537 532.741
1.33151 527.355
1.33765 523.297
1.34378 522.086
1.34992 519.139
1.35606 514.589
1.3622 512.256
1.36833 510.058
1.37445 504.788
1.38059 503.509
1.38675 499.749
1.39288 496.725
1.39901 493.788
1.40515 491.506
1.4113 487.287
1.41742 485.396
1.42355 480.247
1.4297 478.523
1.43585 475.195
1.44198 474.321
1.44809 467.964
1.45423 466.254
1.46036 463.881
1.46649 461.837
1.47263 458.779
1.47877 455.812
1.48491 452.397
1.49104 450.587
1.49718 446.239
1.50333 444.844
1.50947 441.32
1.5156 438.292
1.52172 435.887
1.52787 432.737
1.534 431.287
1.54013 427.17
1.54627 426.299
1.55241 422.955
1.55855 417.986
1.56467 419.14
1.5708 414.851
