0.00783031 13.043
0.013688 0.221246
0.019231 1.84175
0.0249154 6.32487
0.0312784 3.11813
0.0375637 -2.02571
0.0433917 5.90597
0.0492413 1.17794
0.0555754 7.24365
0.0619321 9.1116
0.067871 7.49033
0.0738098 9.77764
0.0800417 11.542
0.0862327 10.0205
0.0921407 11.9427
0.0982031 10.5829
0.104506 13.8452
0.110769 14.5689
0.116806 16.3329
0.122832 18.4185
0.129052 19.5192
0.135211 19.3676
0.141259 20.4657
0.147318 20.4011
0.153489 21.1277
0.159709 23.5613
0.165845 24.1721
0.171974 26.078
0.178125 25.9468
0.184229 27.8472
0.19034 27.5647
0.196428 29.0023
0.202534 31.53
0.208729 31.9268
0.214876 32.2392
0.220989 31.9989
0.227147 33.6882
0.23329 32.9102
0.239377 35.9828
0.245482 35.298
0.251667 36.5591
0.257832 38.2809
0.263955 38.2705
0.270079 38.6008
0.27624 39.8179
0.282372 38.6846
0.28843 39.8777
0.294538 42.0464
0.300721 41.4159
0.30691 43.1005
0.313033 42.8007
0.319153 43.4217
0.325316 43.0137
0.33145 43.8724
0.337538 45.2477
0.343633 45.7471
0.349808 46.5176
0.355968 47.3855
0.362074 47.3831
0.368217 47.8639
0.374374 47.9685
0.380519 48.3115
0.386598 49.6006
0.392688 49.5116
0.39888 49.8732
0.405048 50.0855
0.411186 50.216
0.417313 50.8431
0.423458 51.9435
0.429607 51.343
0.435692 52.0261
0.441815 52.2332
0.447964 52.8071
0.454126 53.103
0.460267 54.0104
0.466387 53.45
0.47254 53.8417
0.478662 54.0298
0.484765 54.3844
0.490885 54.5241
0.497035 55.919
0.503198 55.7338
0.509342 55.0525
0.515458 55.91
0.521598 55.6858
0.527764 55.617
0.533884 56.5796
0.54 56.2862
0.546137 57.0039
0.552299 57.1926
0.558452 57.6639
0.564573 57.5709
0.570708 56.7124
0.576825 58.5342
0.582926 58.3239
0.589034 56.8743
0.595184 57.8309
0.601379 57.6367
0.607522 58.0171
0.613639 58.429
0.619772 57.6636
0.625918 58.6738
0.632068 57.6696
0.638161 58.2789
0.6443 57.4722
0.650464 58.4483
0.656582 58.5335
0.662703 59.0596
0.668861 57.8401
0.675024 59.0826
0.681124 58.8547
0.687237 58.3733
0.693381 58.4409
0.699536 58.163
0.705665 58.5453
0.711789 57.867
0.717957 58.284
0.72409 57.7113
0.730186 57.5642
0.736317 57.7731
0.742472 57.5012
0.748622 58.0782
0.75476 57.8592
0.760888 58.1748
0.767043 57.6059
0.773185 57.3839
0.779291 56.6406
0.785407 57.2267
0.791564 57.2796
0.797719 57.028
0.803834 56.584
0.809972 57.3202
0.816124 56.7865
0.822261 55.9267
0.828378 55.8043
0.834502 55.7537
0.840667 55.0295
0.846816 55.5073
0.852925 55.1974
0.859047 55.048
0.865192 55.0118
0.871341 54.9708
0.877463 54.7227
0.883569 54.4507
0.889708 54.2671
0.895864 54.1579
0.902008 54.0714
0.908149 53.7467
0.914301 53.068
0.920448 52.9404
0.926574 52.1749
0.932687 52.4227
0.938823 52.3445
0.944975 51.7252
0.951105 51.2116
0.957225 51.3463
0.963368 51.0403
0.969511 51.0555
0.975621 50.7753
0.981748 50.3701
0.987916 49.6728
0.99406 49.6446
1.00019 49.9804
1.00632 49.1604
1.01246 49.0491
1.01859 48.8541
1.02471 48.5914
1.03085 47.7549
1.03698 47.9477
1.04314 47.5665
1.04929 47.4403
1.05541 47.3168
1.06154 46.8105
1.06769 46.3604
1.07382 45.759
1.07993 45.7918
1.08607 45.8946
1.09222 45.4317
1.09836 45.0438
1.10449 44.6816
1.11063 44.6892
1.11677 44.4733
1.1229 43.6641
1.12903 43.636
1.13518 43.3601
1.14131 42.9075
1.14745 42.8297
1.15359 42.7237
1.15973 42.8795
1.16584 41.9825
1.17197 41.5673
1.17811 42.0224
1.18424 41.2838
1.19038 41.2171
1.19652 40.9511
1.20267 40.4199
1.20881 40.216
1.21495 39.8673
1.22108 39.797
1.2272 39.6274
1.23334 39.0156
1.23949 38.9589
1.24562 38.2066
1.25174 38.3704
1.25789 38.2597
1.26402 37.8445
1.27014 37.5847
1.27628 37.7437
1.28244 37.3589
1.28858 36.8291
1.29471 37.0124
1.30084 36.188
1.30697 36.2528
1.31312 36.4214
1.31925 35.8211
1.32537 35.7242
1.33151 35.4892
1.33765 35.2653
1.34378 34.996
1.34992 34.8865
1.35606 34.671
1.3622 34.1327
1.36833 34.0297
1.37445 34.2596
1.38059 33.5262
1.38675 33.6339
1.39288 33.3534
1.39901 33.1501
1.40515 32.7542
1.4113 32.627
1.41742 32.4893
1.42355 32.3779
1.4297 31.725
1.43585 31.8741
1.44198 31.5538
1.44809 31.4004
1.45423 31.4051
1.46036 31.0388
1.46649 30.9542
1.47263 30.811
1.47877 30.3634
1.48491 30.2238
1.49104 30.0892
1.49718 29.9467
1.50333 30.0256
1.50947 29.1643
1.5156 29.4596
1.52172 29.302
1.52787 28.8922
1.534 28.8882
1.54013 28.8386
1.54627 28.6424
1.55241 28.4582
1.55855 28.154
1.56467 28.0861
1.5708 28.0892
