0.00783031 1.49498
0.013688 2.04949
0.019231 2.19819
0.0249154 2.30321
0.0312784 2.1358
0.0375637 2.05463
0.0433917 1.96612
0.0492413 2.09695
0.0555754 2.07983
0.0619321 2.26112
0.067871 2.43223
0.0738098 2.48576
0.0800417 2.59718
0.0862327 2.65124
0.0921407 2.73008
0.0982031 2.9059
0.104506 3.14756
0.110769 3.30123
0.116806 3.44951
0.122832 3.9144
0.129052 4.06704
0.135211 4.3137
0.141259 4.58314
0.147318 4.82379
0.153489 4.92895
0.159709 5.36625
0.165845 5.53038
0.171974 5.9863
0.178125 6.21772
0.184229 6.60004
0.19034 6.83731
0.196428 7.41822
0.202534 7.86129
0.208729 8.20795
0.214876 8.60943
0.220989 8.98041
0.227147 9.42995
0.23329 9.8573
0.239377 10.4409
0.245482 10.5708
0.251667 11.2937
0.257832 11.7957
0.263955 11.9898
0.270079 12.6291
0.27624 13.2703
0.282372 13.6367
0.28843 14.4616
0.294538 14.7076
0.300721 15.5735
0.30691 16.0676
0.313033 16.6635
0.319153 17.2517
0.325316 17.5992
0.33145 18.359
0.337538 18.9312
0.343633 19.8322
0.349808 20.1573
0.355968 20.8588
0.362074 21.7888
0.368217 22.2803
0.374374 22.7103
0.380519 23.5272
0.386598 24.193
0.392688 24.7716
0.39888 25.5714
0.405048 26.32
0.411186 26.8961
0.417313 27.9766
0.423458 28.8155
0.429607 29.2464
0.435692 29.8758
0.441815 30.6498
0.447964 31.4271
0.454126 32.2444
0.460267 32.9881
0.466387 33.6248
0.47254 34.2256
0.478662 35.3835
0.484765 36.2011
0.490885 36.6927
0.497035 37.9561
0.503198 38.6493
0.509342 39.1784
0.515458 40.0543
0.521598 40.8931
0.527764 41.558
0.533884 42.7348
0.54 43.5011
0.546137 44.4707
0.552299 45.2295
0.558452 46.272
0.564573 47.0047
0.570708 47.4822
0.576825 48.5911
0.582926 49.7375
0.589034 49.6935
0.595184 51.0806
0.601379 51.8319
0.607522 52.6132
0.613639 53.7759
0.619772 54.3857
0.625918 55.3684
0.632068 56.0238
0.638161 57.0069
0.6443 57.7
0.650464 58.751
0.656582 59.7619
0.662703 61.0272
0.668861 61.2603
0.675024 62.158
0.681124 63.5242
0.687237 64.1001
0.693381 64.9763
0.699536 65.7124
0.705665 66.8183
0.711789 67.6122
0.717957 68.4815
0.72409 69.2597
0.730186 69.5415
0.736317 70.9207
0.742472 71.34
0.748622 72.9049
0.75476 73.5261
0.760888 74.5648
0.767043 75.1884
0.773185 76.1047
0.779291 76.3552
0.785407 77.8883
0.791564 78.5348
0.797719 79.1678
0.803834 79.8994
0.809972 81.4521
0.816124 82.0804
0.822261 82.2296
0.828378 83.3459
0.834502 83.9952
0.840667 84.9744
0.846816 86.1096
0.852925 86.4475
0.859047 87.3891
0.865192 88.527
0.871341 89.12
0.877463 89.9973
0.883569 90.4002
0.889708 91.3221
0.895864 92.1886
0.902008 92.7955
0.908149 93.8548
0.914301 94.1867
0.920448 94.9592
0.926574 95.2511
0.932687 96.548
0.938823 97.0695
0.944975 97.8888
0.951105 98.3885
0.957225 99.3736
0.963368 100.013
0.969511 100.545
0.975621 101.072
0.981748 101.651
0.987916 102.225
0.99406 103.102
1.00019 104.173
1.00632 104.103
1.01246 104.832
1.01859 105.586
1.02471 105.792
1.03085 106.741
1.03698 107.43
1.04314 108.136
1.04929 108.573
1.05541 109.309
1.06154 109.638
1.06769 110.358
1.07382 110.625
1.07993 111.042
1.08607 112.069
1.09222 112.616
1.09836 113.003
1.10449 113.377
1.11063 114.174
1.11677 114.828
1.1229 114.627
1.12903 115.503
1.13518 115.411
1.14131 116.072
1.14745 116.661
1.15359 117.153
1.15973 118.261
1.16584 118.432
1.17197 118.756
1.17811 119.737
1.18424 119.983
1.19038 120.582
1.19652 120.749
1.20267 120.931
1.20881 121.282
1.21495 121.821
1.22108 122.01
1.2272 122.418
1.23334 122.646
1.23949 123.167
1.24562 123.406
1.25174 124.127
1.25789 124.359
1.26402 124.31
1.27014 124.831
1.27628 125.564
1.28244 126.199
1.28858 125.887
1.29471 126.662
1.30084 126.664
1.30697 126.944
1.31312 127.757
1.31925 127.692
1.32537 127.995
1.33151 128.191
1.33765 128.624
1.34378 129.046
1.34992 128.775
1.35606 129.341
1.3622 129.184
1.36833 129.684
1.37445 130.17
1.38059 130.055
1.38675 130.775
1.39288 130.597
1.39901 131.146
1.40515 131.538
1.4113 131.693
1.41742 131.633
1.42355 131.832
1.4297 131.88
1.43585 132.262
1.44198 132.707
1.44809 132.789
1.45423 133.136
1.46036 133.088
1.46649 133.427
1.47263 133.759
1.47877 133.704
1.48491 133.824
1.49104 134.288
1.49718 134.217
1.50333 134.526
1.50947 134.107
1.5156 134.864
1.52172 134.942
1.52787 135.087
1.534 135.278
1.54013 135.497
1.54627 135.61
1.55241 135.736
1.55855 135.915
1.56467 136.208
1.5708 136.212
