0.00783031 2824.62
0.013688 2260.77
0.019231 243.332
0.0249154 -12.3322
0.0312784 354.101
0.0375637 410.411
0.0433917 -343.241
0.0492413 -409.742
0.0555754 -286.642
0.0619321 -357.983
0.067871 -222.543
0.0738098 -103.853
0.0800417 -254.926
0.0862327 -86.028
0.0921407 -181.562
0.0982031 -176.86
0.104506 -203.949
0.110769 -166.103
0.116806 -246.047
0.122832 -243.754
0.129052 -117.985
0.135211 -179.882
0.141259 -201.486
0.147318 -196.831
0.153489 -200.891
0.159709 -195.968
0.165845 -187.477
0.171974 -198.356
0.178125 -177.77
0.184229 -157.44
0.19034 -178.945
0.196428 -157.479
0.202534 -176.677
0.208729 -165.064
0.214876 -176.636
0.220989 -167.725
0.227147 -156.299
0.23329 -179.025
0.239377 -167.6
0.245482 -152.373
0.251667 -162.238
0.257832 -156.267
0.263955 -154.858
0.270079 -153.299
0.27624 -150.009
0.282372 -159.582
0.28843 -155.638
0.294538 -136.792
0.300721 -139.249
0.30691 -147.072
0.313033 -142.468
0.319153 -129.244
0.325316 -140.79
0.33145 -141.528
0.337538 -134.158
0.343633 -126.02
0.349808 -138.284
0.355968 -127.271
0.362074 -131.566
0.368217 -122.83
0.374374 -129.876
0.380519 -120.738
0.386598 -121.853
0.392688 -125.942
0.39888 -114.991
0.405048 -116.129
0.411186 -119.5
0.417313 -116.435
0.423458 -110.767
0.429607 -115.375
0.435692 -111.266
0.441815 -109.653
0.447964 -110.792
0.454126 -111.873
0.460267 -111.474
0.466387 -106.098
0.47254 -108.847
0.478662 -104.407
0.484765 -105.189
0.490885 -107.476
0.497035 -102.322
0.503198 -104.125
0.509342 -100.251
0.515458 -100.46
0.521598 -100.012
0.527764 -97.3733
0.533884 -96.5744
0.54 -97.9843
0.546137 -97.9701
0.552299 -96.3648
0.558452 -96.4701
0.564573 -95.6822
0.570708 -94.9115
0.576825 -92.6449
0.582926 -91.6894
0.589034 -92.949
0.595184 -93.4324
0.601379 -89.9994
0.607522 -87.8856
0.613639 -91.6968
0.619772 -90.366
0.625918 -88.6669
0.632068 -87.0125
0.638161 -84.7449
0.6443 -85.7957
0.650464 -85.0282
0.656582 -85.9166
0.662703 -83.4128
0.668861 -83.2609
0.675024 -84.4807
0.681124 -81.8324
0.687237 -81.1752
0.693381 -81.7707
0.699536 -81.237
0.705665 -81.7848
0.711789 -81.0274
0.717957 -79.6948
0.72409 -77.5583
0.730186 -78.5637
0.736317 -78.1326
0.742472 -77.8833
0.748622 -77.9783
0.75476 -78.1434
0.760888 -75.4995
0.767043 -75.9474
0.773185 -75.9965
0.779291 -75.5816
0.785407 -74.8806
0.791564 -74.6554
0.797719 -72.4942
0.803834 -72.3298
0.809972 -73.5057
0.816124 -72.8735
0.822261 -71.3879
0.828378 -71.4306
0.834502 -71.1237
0.840667 -71.8381
0.846816 -70.8613
0.852925 -69.7465
0.859047 -69.1684
0.865192 -69.66
0.871341 -69.1114
0.877463 -67.8531
0.883569 -67.6286
0.889708 -67.2997
0.895864 -66.5623
0.902008 -67.145
0.908149 -66.3472
0.914301 -66.7417
0.920448 -65.0005
0.926574 -64.6113
0.932687 -65.248
0.938823 -64.3021
0.944975 -62.8011
0.951105 -63.4415
0.957225 -62.819
0.963368 -63.3585
0.969511 -62.1804
0.975621 -61.8486
0.981748 -61.7373
0.987916 -61.1623
0.99406 -60.6971
1.00019 -60.2931
1.00632 -60.0582
1.01246 -59.5164
1.01859 -59.8608
1.02471 -59.1698
1.03085 -58.7227
1.03698 -58.4884
1.04314 -57.8293
1.04929 -57.4567
1.05541 -57.2097
1.06154 -57.3658
1.06769 -55.9192
1.07382 -56.4873
1.07993 -56.0383
1.08607 -55.5342
1.09222 -55.2637
1.09836 -55.4401
1.10449 -54.6585
1.11063 -54.3705
1.11677 -54.1085
1.1229 -54.5374
1.12903 -53.6204
1.13518 -52.9008
1.14131 -52.479
1.14745 -52.4335
1.15359 -51.8361
1.15973 -52.0965
1.16584 -51.2794
1.17197 -50.5632
1.17811 -50.9029
1.18424 -50.634
1.19038 -50.792
1.19652 -49.8189
1.20267 -49.8345
1.20881 -49.6498
1.21495 -49.6793
1.22108 -48.2612
1.2272 -48.5799
1.23334 -48.0828
1.23949 -47.9582
1.24562 -47.6481
1.25174 -46.9515
1.25789 -47.0887
1.26402 -47.0523
1.27014 -46.4284
1.27628 -46.1618
1.28244 -45.7737
1.28858 -45.5125
1.29471 -45.4601
1.30084 -45.2496
1.30697 -44.8568
1.31312 -44.6025
1.31925 -44.7886
1.32537 -44.2295
1.33151 -44.0256
1.33765 -43.3607
1.34378 -43.1167
1.34992 -43.3215
1.35606 -42.7411
1.3622 -42.5791
1.36833 -42.243
1.37445 -41.831
1.38059 -41.7578
1.38675 -41.4943
1.39288 -41.5355
1.39901 -40.6732
1.40515 -40.6799
1.4113 -40.7398
1.41742 -40.1019
1.42355 -39.7529
1.4297 -39.6784
1.43585 -39.5587
1.44198 -39.3761
1.44809 -39.3168
1.45423 -38.686
1.46036 -38.6321
1.46649 -38.6328
1.47263 -37.9157
1.47877 -37.7774
1.48491 -37.5589
1.49104 -37.5458
1.49718 -37.1703
1.50333 -36.8756
1.50947 -36.6343
1.5156 -36.5404
1.52172 -36.1773
1.52787 -35.7861
1.534 -35.9095
1.54013 -35.4385
1.54627 -35.3551
1.55241 -35.1792
1.55855 -35.037
1.56467 -34.8511
1.5708 -34.5898
