0.00783031 20636.2
0.013688 25556.2
0.019231 25966.5
0.0249154 23909.8
0.0312784 20525.4
0.0375637 17408.5
0.0433917 15635.9
0.0492413 13458.5
0.0555754 12566.5
0.0619321 11806.3
0.067871 11006
0.0738098 10076.5
0.0800417 9212.01
0.0862327 8235.1
0.0921407 7306.06
0.0982031 6651.43
0.104506 6194.82
0.110769 5837.83
0.116806 5528.15
0.122832 5220.25
0.129052 4999.2
0.135211 4802.54
0.141259 4477.59
0.147318 4223.97
0.153489 4081.21
0.159709 3812.53
0.165845 3605.07
0.171974 3482.21
0.178125 3339.72
0.184229 3264.41
0.19034 3033.93
0.196428 2994.27
0.202534 2949.17
0.208729 2807.26
0.214876 2772.05
0.220989 2621.48
0.227147 2555.16
0.23329 2427.18
0.239377 2445.16
0.245482 2331.99
0.251667 2291.82
0.257832 2216.53
0.263955 2169.15
0.270079 2085.46
0.27624 2019.15
0.282372 2000.93
0.28843 1957.22
0.294538 1907.34
0.300721 1853.02
0.30691 1819.93
0.313033 1806.62
0.319153 1779
0.325316 1739.88
0.33145 1707.72
0.337538 1680.35
0.343633 1646.15
0.349808 1602.77
0.355968 1559.11
0.362074 1544.57
0.368217 1549.21
0.374374 1510.65
0.380519 1478.71
0.386598 1456.53
0.392688 1436.91
0.39888 1406.36
0.405048 1386.94
0.411186 1374.33
0.417313 1364.61
0.423458 1333
0.429607 1327.47
0.435692 1304.17
0.441815 1274.52
0.447964 1270.08
0.454126 1252.77
0.460267 1246.43
0.466387 1209.98
0.47254 1204.21
0.478662 1186.11
0.484765 1172.12
0.490885 1171.37
0.497035 1141.58
0.503198 1129.13
0.509342 1119.31
0.515458 1110.36
0.521598 1091.53
0.527764 1083.39
0.533884 1069.03
0.54 1065.03
0.546137 1048.41
0.552299 1031.2
0.558452 1018.04
0.564573 1008.42
0.570708 1007.09
0.576825 989.87
0.582926 976.587
0.589034 973.921
0.595184 970.459
0.601379 946.8
0.607522 946.024
0.613639 939.182
0.619772 924.893
0.625918 915.452
0.632068 908.618
0.638161 899.806
0.6443 887.02
0.650464 879.784
0.656582 875.161
0.662703 865.067
0.668861 860.277
0.675024 851.468
0.681124 837.744
0.687237 832.28
0.693381 823.504
0.699536 814.331
0.705665 814.693
0.711789 803.922
0.717957 797.704
0.72409 785.125
0.730186 779.79
0.736317 772.857
0.742472 768.571
0.748622 762.252
0.75476 752.876
0.760888 744.458
0.767043 742.053
0.773185 736.411
0.779291 731.7
0.785407 725.068
0.791564 718.346
0.797719 710.463
0.803834 701.395
0.809972 704.127
0.816124 691.191
0.822261 688.639
0.828378 679.257
0.834502 673.359
0.840667 673.6
0.846816 665.909
0.852925 656.91
0.859047 653.936
0.865192 647.549
0.871341 642.247
0.877463 636.861
0.883569 630.949
0.889708 625.705
0.895864 619.091
0.902008 615.333
0.908149 611.728
0.914301 606.404
0.920448 599.686
0.926574 592.616
0.932687 590.782
0.938823 587.765
0.944975 579.903
0.951105 576.004
0.957225 570.502
0.963368 569.489
0.969511 561.064
0.975621 557.864
0.981748 552.124
0.987916 550.841
0.99406 541.567
1.00019 536.311
1.00632 533.576
1.01246 529.878
1.01859 528.165
1.02471 519.965
1.03085 515.977
1.03698 510.9
1.04314 508.208
1.04929 502.679
1.05541 498.723
1.06154 495.256
1.06769 490.33
1.07382 486.261
1.07993 482.747
1.08607 479.381
1.09222 475.285
1.09836 472.215
1.10449 467.683
1.11063 463.9
1.11677 459.701
1.1229 456.603
1.12903 453.588
1.13518 447.555
1.14131 444.655
1.14745 440.638
1.15359 437.546
1.15973 433.592
1.16584 430.103
1.17197 426.694
1.17811 421.728
1.18424 419.271
1.19038 416.938
1.19652 413.15
1.20267 410.976
1.20881 406.214
1.21495 402.269
1.22108 397.555
1.2272 395.986
1.23334 393.067
1.23949 389.679
1.24562 386.328
1.25174 382.572
1.25789 380.487
1.26402 377.461
1.27014 373.353
1.27628 371.363
1.28244 367.419
1.28858 365.069
1.29471 361.866
1.30084 359.208
1.30697 355.428
1.31312 353.154
1.31925 350.525
1.32537 346.235
1.33151 343.998
1.33765 341.051
1.34378 338.559
1.34992 335.645
1.35606 333.389
1.3622 330.026
1.36833 327.242
1.37445 324.143
1.38059 321.721
1.38675 318.348
1.39288 317.011
1.39901 313.164
1.40515 311.518
1.4113 309.733
1.41742 305.664
1.42355 303.07
1.4297 301.256
1.43585 297.967
1.44198 297.022
1.44809 294
1.45423 290.936
1.46036 288.783
1.46649 286.948
1.47263 283.669
1.47877 281.695
1.48491 278.556
1.49104 276.808
1.49718 274.704
1.50333 272.553
1.50947 270.634
1.5156 267.709
1.52172 264.95
1.52787 263.863
1.534 261.32
1.54013 259.399
1.54627 256.931
1.55241 255.166
1.55855 252.674
1.56467 251.258
1.5708 249.438
