0.00783031 21017.7
0.013688 26060.7
0.019231 26427.7
0.0249154 24523.4
0.0312784 21128.4
0.0375637 18051.4
0.0433917 16285.3
0.0492413 14063.1
0.0555754 13199.8
0.0619321 12455.1
0.067871 11729.7
0.0738098 10800.9
0.0800417 9954.62
0.0862327 8939.93
0.0921407 8061.1
0.0982031 7396.33
0.104506 6920.1
0.110769 6569.84
0.116806 6290.86
0.122832 5963.97
0.129052 5760.45
0.135211 5580.41
0.141259 5223.9
0.147318 4984.57
0.153489 4867.98
0.159709 4562.98
0.165845 4362.95
0.171974 4237.56
0.178125 4089.91
0.184229 4019.83
0.19034 3767.76
0.196428 3753.96
0.202534 3722
0.208729 3558.2
0.214876 3541.39
0.220989 3366.09
0.227147 3307.82
0.23329 3162.77
0.239377 3194.28
0.245482 3068.46
0.251667 3030.29
0.257832 2947.82
0.263955 2898.33
0.270079 2798.81
0.27624 2731.15
0.282372 2720.61
0.28843 2671.88
0.294538 2621.44
0.300721 2556.68
0.30691 2521.65
0.313033 2521.83
0.319153 2486.57
0.325316 2446.87
0.33145 2408.86
0.337538 2383.28
0.343633 2343.08
0.349808 2296.75
0.355968 2242.52
0.362074 2227.95
0.368217 2242.32
0.374374 2196.33
0.380519 2158.74
0.386598 2133.03
0.392688 2111.61
0.39888 2073.75
0.405048 2052.54
0.411186 2042.86
0.417313 2033.15
0.423458 1996.36
0.429607 1994.03
0.435692 1963.82
0.441815 1925.08
0.447964 1926.98
0.454126 1905.34
0.460267 1901.82
0.466387 1852.74
0.47254 1848.58
0.478662 1826.56
0.484765 1808.64
0.490885 1814.82
0.497035 1773.26
0.503198 1759.8
0.509342 1749.74
0.515458 1738.88
0.521598 1714.55
0.527764 1703.43
0.533884 1689.05
0.54 1687.87
0.546137 1664.52
0.552299 1642.81
0.558452 1627.07
0.564573 1612.96
0.570708 1616.13
0.576825 1593.48
0.582926 1576.37
0.589034 1576.56
0.595184 1573.83
0.601379 1539.05
0.607522 1541.43
0.613639 1535.16
0.619772 1513.98
0.625918 1502.4
0.632068 1495.45
0.638161 1483.63
0.6443 1465.14
0.650464 1458.18
0.656582 1452.38
0.662703 1439.71
0.668861 1435.05
0.675024 1423.39
0.681124 1403.07
0.687237 1397.05
0.693381 1386.76
0.699536 1373.23
0.705665 1377.49
0.711789 1361.94
0.717957 1354.09
0.72409 1336.93
0.730186 1330.89
0.736317 1321.64
0.742472 1317.41
0.748622 1309.22
0.75476 1296.27
0.760888 1284.09
0.767043 1282.6
0.773185 1276
0.779291 1270.95
0.785407 1262.16
0.791564 1253.31
0.797719 1241.4
0.803834 1227.98
0.809972 1236.18
0.816124 1216.15
0.822261 1213.72
0.828378 1199.51
0.834502 1191.69
0.840667 1195.72
0.846816 1184.06
0.852925 1170.75
0.859047 1167.82
0.865192 1157.83
0.871341 1151.66
0.877463 1144.73
0.883569 1136.1
0.889708 1129.09
0.895864 1118.73
0.902008 1115.06
0.908149 1111.14
0.914301 1103.14
0.920448 1094
0.926574 1083.05
0.932687 1081.96
0.938823 1079.39
0.944975 1066.3
0.951105 1061.67
0.957225 1053.87
0.963368 1054.16
0.969511 1041
0.975621 1037.23
0.981748 1028.75
0.987916 1027.91
0.99406 1013.55
1.00019 1006.04
1.00632 1002.19
1.01246 997.816
1.01859 996.629
1.02471 983.225
1.03085 978.024
1.03698 969.975
1.04314 967.322
1.04929 958.67
1.05541 953.177
1.06154 948.695
1.06769 941.277
1.07382 936.139
1.07993 931.423
1.08607 926.446
1.09222 921.212
1.09836 916.946
1.10449 910.37
1.11063 904.602
1.11677 898.393
1.1229 895.237
1.12903 890.496
1.13518 880.851
1.14131 877.309
1.14745 870.46
1.15359 865.957
1.15973 860.766
1.16584 856.353
1.17197 850.953
1.17811 842.954
1.18424 839.651
1.19038 836.895
1.19652 831.501
1.20267 829.149
1.20881 821.843
1.21495 816.078
1.22108 807.45
1.2272 806.044
1.23334 802.177
1.23949 797.103
1.24562 792.556
1.25174 786.518
1.25789 784.409
1.26402 779.7
1.27014 773.105
1.27628 770.431
1.28244 763.917
1.28858 760.808
1.29471 756.409
1.30084 752.656
1.30697 746.266
1.31312 743.47
1.31925 739.48
1.32537 732.228
1.33151 729.283
1.33765 725.063
1.34378 721.133
1.34992 716.684
1.35606 713.439
1.3622 708.208
1.36833 704.444
1.37445 698.799
1.38059 695.313
1.38675 689.907
1.39288 688.443
1.39901 682.139
1.40515 680.057
1.4113 677.674
1.41742 669.951
1.42355 666.575
1.4297 664.032
1.43585 658.407
1.44198 657.697
1.44809 652.377
1.45423 647.827
1.46036 644.568
1.46649 641.856
1.47263 635.802
1.47877 633.021
1.48491 627.833
1.49104 625.766
1.49718 621.858
1.50333 618.527
1.50947 615.848
1.5156 611.175
1.52172 606.16
1.52787 605.16
1.534 601.106
1.54013 598.62
1.54627 594.024
1.55241 591.471
1.55855 586.97
1.56467 585.005
1.5708 582.036
