0.00783031 479.837
0.013688 467.286
0.019231 729.548
0.0249154 -375.923
0.0312784 -291.71
0.0375637 -234.429
0.0433917 370.303
0.0492413 319.258
0.0555754 204.01
0.0619321 -4.78064
0.067871 52.1184
0.0738098 -143.053
0.0800417 -197.358
0.0862327 -109.197
0.0921407 -180.704
0.0982031 -291.525
0.104506 -213.771
0.110769 -166.092
0.116806 -133.55
0.122832 -226.889
0.129052 -155.353
0.135211 -224.233
0.141259 -281.545
0.147318 -186.875
0.153489 -155.269
0.159709 -219.002
0.165845 -168.166
0.171974 -163.54
0.178125 -212.331
0.184229 -175.393
0.19034 -193.377
0.196428 -185.574
0.202534 -185.856
0.208729 -179.263
0.214876 -202.5
0.220989 -187.166
0.227147 -168.303
0.23329 -199.747
0.239377 -194.273
0.245482 -195.124
0.251667 -193.343
0.257832 -166.716
0.263955 -168.894
0.270079 -175.592
0.27624 -193.029
0.282372 -177.702
0.28843 -173.246
0.294538 -182.638
0.300721 -164.214
0.30691 -174.027
0.313033 -169.052
0.319153 -165.566
0.325316 -158.768
0.33145 -166.655
0.337538 -170.83
0.343633 -157.867
0.349808 -163.752
0.355968 -162.094
0.362074 -167.185
0.368217 -161.933
0.374374 -163.4
0.380519 -161.135
0.386598 -162.424
0.392688 -155.106
0.39888 -150.478
0.405048 -154.277
0.411186 -147.759
0.417313 -148.386
0.423458 -151.909
0.429607 -155.558
0.435692 -160.264
0.441815 -149.34
0.447964 -151.902
0.454126 -149.326
0.460267 -146.826
0.466387 -149.417
0.47254 -143.017
0.478662 -144.526
0.484765 -144.528
0.490885 -146.798
0.497035 -147.999
0.503198 -140.458
0.509342 -142.872
0.515458 -144.968
0.521598 -143.186
0.527764 -136.982
0.533884 -140.052
0.54 -137.587
0.546137 -137.03
0.552299 -135.271
0.558452 -131.717
0.564573 -133.871
0.570708 -132.22
0.576825 -130.426
0.582926 -135.189
0.589034 -134.328
0.595184 -133.114
0.601379 -131.066
0.607522 -132.512
0.613639 -129.731
0.619772 -133.695
0.625918 -129.246
0.632068 -128.929
0.638161 -131.939
0.6443 -126.872
0.650464 -129.408
0.656582 -128.218
0.662703 -128.352
0.668861 -124.109
0.675024 -126.551
0.681124 -129.719
0.687237 -126.299
0.693381 -123.911
0.699536 -123.572
0.705665 -127.279
0.711789 -123.027
0.717957 -124.279
0.72409 -123.558
0.730186 -124.071
0.736317 -124.509
0.742472 -124.969
0.748622 -121.35
0.75476 -121.725
0.760888 -123.039
0.767043 -121.604
0.773185 -118.695
0.779291 -118.412
0.785407 -118.198
0.791564 -117.113
0.797719 -118.35
0.803834 -117.33
0.809972 -116.897
0.816124 -117.965
0.822261 -116.519
0.828378 -117.603
0.834502 -115.019
0.840667 -115.334
0.846816 -116.061
0.852925 -115.179
0.859047 -116.391
0.865192 -112.824
0.871341 -115.131
0.877463 -112.472
0.883569 -113.973
0.889708 -114.448
0.895864 -114.904
0.902008 -111.531
0.908149 -111.582
0.914301 -113.691
0.920448 -111.117
0.926574 -111.394
0.932687 -111.4
0.938823 -110.644
0.944975 -109.715
0.951105 -109.656
0.957225 -109.705
0.963368 -109.224
0.969511 -109.728
0.975621 -109.237
0.981748 -108.544
0.987916 -108.694
0.99406 -109.21
1.00019 -107.776
1.00632 -107.435
1.01246 -106.098
1.01859 -106.143
1.02471 -108.584
1.03085 -106.378
1.03698 -106.167
1.04314 -105.75
1.04929 -105.033
1.05541 -104.115
1.06154 -105.246
1.06769 -105.464
1.07382 -104.014
1.07993 -105.435
1.08607 -104.31
1.09222 -105.215
1.09836 -102.863
1.10449 -103.426
1.11063 -103.108
1.11677 -103.153
1.1229 -103.843
1.12903 -101.883
1.13518 -101.486
1.14131 -101.928
1.14745 -101.003
1.15359 -101.745
1.15973 -100.687
1.16584 -101.033
1.17197 -102.367
1.17811 -100.372
1.18424 -100.421
1.19038 -99.7917
1.19652 -99.4612
1.20267 -97.7531
1.20881 -99.1286
1.21495 -98.8714
1.22108 -98.7853
1.2272 -97.0139
1.23334 -97.5019
1.23949 -97.8131
1.24562 -96.8204
1.25174 -97.1127
1.25789 -97.2139
1.26402 -96.1099
1.27014 -95.5297
1.27628 -96.1081
1.28244 -94.7283
1.28858 -95.0142
1.29471 -95.3251
1.30084 -95.7248
1.30697 -94.001
1.31312 -95.1251
1.31925 -95.0033
1.32537 -94.7615
1.33151 -94.9988
1.33765 -93.8848
1.34378 -92.7014
1.34992 -93.2233
1.35606 -92.4491
1.3622 -92.3868
1.36833 -91.195
1.37445 -93.1518
1.38059 -92.1045
1.38675 -91.1267
1.39288 -91.5059
1.39901 -90.7508
1.40515 -90.9129
1.4113 -89.9517
1.41742 -90.0069
1.42355 -90.7307
1.4297 -90.5142
1.43585 -89.8642
1.44198 -89.8831
1.44809 -89.6303
1.45423 -88.454
1.46036 -89.1075
1.46649 -88.3088
1.47263 -88.2534
1.47877 -88.3433
1.48491 -87.1195
1.49104 -87.3446
1.49718 -88.4245
1.50333 -86.1477
1.50947 -87.2802
1.5156 -86.2294
1.52172 -86.0344
1.52787 -86.427
1.534 -85.0109
1.54013 -85.4011
1.54627 -85.4216
1.55241 -85.4818
1.55855 -85.3966
1.56467 -85.0652
1.5708 -84.5346
