0.00783031 5764.99
0.013688 5920.81
0.019231 6651.55
0.0249154 5746.16
0.0312784 5307.34
0.0375637 4405.58
0.0433917 4400.1
0.0492413 4421.27
0.0555754 3892.72
0.0619321 4177.57
0.067871 3612.61
0.0738098 3443.32
0.0800417 3365.76
0.0862327 3004.28
0.0921407 2744.51
0.0982031 2579.3
0.104506 2583.92
0.110769 2461.56
0.116806 2335.77
0.122832 2217.57
0.129052 2169.05
0.135211 1950.99
0.141259 1828.03
0.147318 1814.58
0.153489 1721.35
0.159709 1671.96
0.165845 1598.65
0.171974 1529.16
0.178125 1430.38
0.184229 1347.51
0.19034 1370.08
0.196428 1300.01
0.202534 1244.22
0.208729 1223.67
0.214876 1125.56
0.220989 1108.4
0.227147 1078.33
0.23329 1024.34
0.239377 1006.79
0.245482 979.418
0.251667 928.862
0.257832 914.006
0.263955 889.237
0.270079 837.434
0.27624 816.796
0.282372 817.777
0.28843 796.031
0.294538 760.695
0.300721 750.76
0.30691 715.514
0.313033 692.926
0.319153 676.844
0.325316 660.729
0.33145 659.985
0.337538 640.115
0.343633 609.264
0.349808 596.938
0.355968 588.53
0.362074 559.306
0.368217 546.244
0.374374 532.298
0.380519 525.95
0.386598 515.315
0.392688 510.573
0.39888 494.596
0.405048 488.996
0.411186 482.876
0.417313 461.96
0.423458 450.143
0.429607 449.376
0.435692 424.917
0.441815 426.476
0.447964 416.36
0.454126 406.416
0.460267 399.269
0.466387 381.238
0.47254 383.708
0.478662 377.458
0.484765 370.575
0.490885 353.325
0.497035 351.414
0.503198 350.764
0.509342 342.812
0.515458 324.395
0.521598 323.014
0.527764 325.374
0.533884 309.063
0.54 303.641
0.546137 305.455
0.552299 303.775
0.558452 294.867
0.564573 290.909
0.570708 285.524
0.576825 280.678
0.582926 270.475
0.589034 269.002
0.595184 263.712
0.601379 261.681
0.607522 254.724
0.613639 249.145
0.619772 243.222
0.625918 242.934
0.632068 238.359
0.638161 229.885
0.6443 231.205
0.650464 222.37
0.656582 221.386
0.662703 213.251
0.668861 218.765
0.675024 208.784
0.681124 200.793
0.687237 203.121
0.693381 201.039
0.699536 197.621
0.705665 186.302
0.711789 190.414
0.717957 182.796
0.72409 184.626
0.730186 179.098
0.736317 173.052
0.742472 167.757
0.748622 174.297
0.75476 166.889
0.760888 162.93
0.767043 160.464
0.773185 162.835
0.779291 159.825
0.785407 153.874
0.791564 153.87
0.797719 150.494
0.803834 147.22
0.809972 142.673
0.816124 142.247
0.822261 141.667
0.828378 137.824
0.834502 136.011
0.840667 132.666
0.846816 132.644
0.852925 129.001
0.859047 123.334
0.865192 124.695
0.871341 119.762
0.877463 119.834
0.883569 117.868
0.889708 111.995
0.895864 112.176
0.902008 110.14
0.908149 110.249
0.914301 105.654
0.920448 105.147
0.926574 104.912
0.932687 101.278
0.938823 100.102
0.944975 98.9101
0.951105 95.7302
0.957225 94.045
0.963368 94.9456
0.969511 90.3499
0.975621 89.3411
0.981748 87.7051
0.987916 85.4419
0.99406 82.8343
1.00019 83.1728
1.00632 82.6984
1.01246 81.1149
1.01859 78.3152
1.02471 74.6995
1.03085 76.0455
1.03698 74.4943
1.04314 73.1254
1.04929 71.6539
1.05541 73.1065
1.06154 68.5965
1.06769 66.9336
1.07382 66.4103
1.07993 63.2766
1.08607 60.8857
1.09222 61.3646
1.09836 61.7055
1.10449 58.2231
1.11063 57.4333
1.11677 57.0324
1.1229 53.2415
1.12903 55.9986
1.13518 53.9569
1.14131 51.8421
1.14745 51.7353
1.15359 48.533
1.15973 48.6968
1.16584 47.8645
1.17197 45.7787
1.17811 45.0044
1.18424 43.0279
1.19038 44.7401
1.19652 43.3429
1.20267 43.4339
1.20881 39.6852
1.21495 38.8603
1.22108 38.5992
1.2272 39.761
1.23334 37.7693
1.23949 36.6431
1.24562 35.874
1.25174 34.2819
1.25789 33.6353
1.26402 33.7201
1.27014 32.9781
1.27628 31.6481
1.28244 31.9501
1.28858 30.4157
1.29471 28.701
1.30084 26.8273
1.30697 28.4121
1.31312 25.3455
1.31925 24.5434
1.32537 24.2804
1.33151 21.0576
1.33765 23.2731
1.34378 24.0648
1.34992 22.1197
1.35606 22.3136
1.3622 21.9089
1.36833 21.4626
1.37445 17.5842
1.38059 18.506
1.38675 19.0069
1.39288 17.6472
1.39901 16.0069
1.40515 15.1331
1.4113 16.0882
1.41742 15.2799
1.42355 13.746
1.4297 12.2487
1.43585 13.1046
1.44198 12.4291
1.44809 11.3264
1.45423 12.2948
1.46036 10.8092
1.46649 10.3417
1.47263 10.4093
1.47877 9.52627
1.48491 9.75586
1.49104 8.13162
1.49718 6.73733
1.50333 9.16488
1.50947 7.18069
1.5156 6.94706
1.52172 6.31231
1.52787 5.96353
1.534 6.29104
1.54013 4.84311
1.54627 4.2225
1.55241 3.89213
1.55855 3.17509
1.56467 2.52247
1.5708 2.93208
