0.00783031 19683.6
0.013688 24581.7
0.019231 24591.8
0.0249154 23217.3
0.0312784 20248.8
0.0375637 17174.9
0.0433917 14634.5
0.0492413 13242.7
0.0555754 12628.6
0.0619321 11363
0.067871 11051.7
0.0738098 10623.5
0.0800417 9603.81
0.0862327 8806.13
0.0921407 8197.52
0.0982031 7291.97
0.104506 6885.94
0.110769 6416.73
0.116806 6111.31
0.122832 6004.38
0.129052 5545.95
0.135211 5556.86
0.141259 5047.98
0.147318 4974.41
0.153489 4571.7
0.159709 4516.87
0.165845 4277.94
0.171974 4047.49
0.178125 3984.89
0.184229 3986.89
0.19034 3755.92
0.196428 3753.98
0.202534 3633.52
0.208729 3497.99
0.214876 3437.06
0.220989 3310.24
0.227147 3332.7
0.23329 3261.05
0.239377 3078.2
0.245482 3095.33
0.251667 2989.8
0.257832 2890.68
0.263955 2857.74
0.270079 2810.06
0.27624 2756.74
0.282372 2729.98
0.28843 2677.61
0.294538 2638.48
0.300721 2594.66
0.30691 2547.87
0.313033 2525.31
0.319153 2490.83
0.325316 2426.46
0.33145 2444.68
0.337538 2375.83
0.343633 2332.47
0.349808 2332.08
0.355968 2336.66
0.362074 2278.08
0.368217 2261.4
0.374374 2239.2
0.380519 2213.22
0.386598 2183.1
0.392688 2157.78
0.39888 2158.12
0.405048 2106.87
0.411186 2074.5
0.417313 2089.15
0.423458 2075.48
0.429607 2058.52
0.435692 2033.2
0.441815 2031.37
0.447964 1993.57
0.454126 1990.84
0.460267 1980.28
0.466387 1955.41
0.47254 1916.77
0.478662 1923.75
0.484765 1907.89
0.490885 1892.68
0.497035 1889.37
0.503198 1857.98
0.509342 1848.85
0.515458 1835.55
0.521598 1816.83
0.527764 1809.48
0.533884 1798.5
0.54 1784.05
0.546137 1770.83
0.552299 1769.76
0.558452 1767.12
0.564573 1748.13
0.570708 1715.41
0.576825 1716.96
0.582926 1704.49
0.589034 1699.75
0.595184 1691.48
0.601379 1669.74
0.607522 1676.2
0.613639 1661.39
0.619772 1642.06
0.625918 1650.18
0.632068 1618.41
0.638161 1618.7
0.6443 1605.79
0.650464 1603.9
0.656582 1594.98
0.662703 1581
0.668861 1580.36
0.675024 1568.78
0.681124 1569.14
0.687237 1554.69
0.693381 1549.48
0.699536 1536.28
0.705665 1529.61
0.711789 1524
0.717957 1520.41
0.72409 1501.22
0.730186 1493.68
0.736317 1494.95
0.742472 1480.88
0.748622 1474.01
0.75476 1463.68
0.760888 1453.13
0.767043 1457.37
0.773185 1441.29
0.779291 1428.97
0.785407 1424.97
0.791564 1416.68
0.797719 1412.94
0.803834 1404.18
0.809972 1403.1
0.816124 1395.09
0.822261 1385.86
0.828378 1376.39
0.834502 1372.06
0.840667 1358.85
0.846816 1358.43
0.852925 1352.74
0.859047 1352.1
0.865192 1337.16
0.871341 1332.65
0.877463 1323.5
0.883569 1323.44
0.889708 1319.07
0.895864 1315.41
0.902008 1301.03
0.908149 1299.76
0.914301 1288.62
0.920448 1285.88
0.926574 1285.13
0.932687 1282.72
0.938823 1265.28
0.944975 1262.21
0.951105 1253.69
0.957225 1250.29
0.963368 1238.47
0.969511 1241.93
0.975621 1233.24
0.981748 1229.65
0.987916 1222.86
0.99406 1221.65
1.00019 1214.24
1.00632 1204.03
1.01246 1203.58
1.01859 1195.76
1.02471 1188.6
1.03085 1187.22
1.03698 1180.09
1.04314 1171.68
1.04929 1168.61
1.05541 1162.07
1.06154 1162.5
1.06769 1153.42
1.07382 1150.43
1.07993 1145.6
1.08607 1138.37
1.09222 1133.8
1.09836 1124.76
1.10449 1120.87
1.11063 1116.67
1.11677 1111.37
1.1229 1106.72
1.12903 1103.68
1.13518 1100.54
1.14131 1091.38
1.14745 1090.12
1.15359 1082.86
1.15973 1075.6
1.16584 1074.6
1.17197 1068.03
1.17811 1063.78
1.18424 1061.97
1.19038 1051.1
1.19652 1052.81
1.20267 1044.84
1.20881 1040.4
1.21495 1034.68
1.22108 1030.29
1.2272 1023.65
1.23334 1023.83
1.23949 1018.05
1.24562 1015.97
1.25174 1005.49
1.25789 1002.04
1.26402 995.989
1.27014 995.102
1.27628 992.685
1.28244 987.562
1.28858 978.459
1.29471 978.79
1.30084 971.961
1.30697 967.557
1.31312 965.903
1.31925 962.027
1.32537 957.523
1.33151 953.857
1.33765 944.784
1.34378 943.68
1.34992 937.348
1.35606 936.927
1.3622 932.68
1.36833 924.807
1.37445 925.478
1.38059 916.322
1.38675 912.53
1.39288 908.948
1.39901 907.132
1.40515 902.338
1.4113 896.627
1.41742 891.761
1.42355 890.131
1.4297 886.314
1.43585 883.883
1.44198 877.061
1.44809 874.563
1.45423 868.496
1.46036 869.719
1.46649 861.095
1.47263 858.41
1.47877 859.35
1.48491 851.551
1.49104 846.997
1.49718 846.399
1.50333 841.34
1.50947 835.522
1.5156 831.628
1.52172 829.114
1.52787 825.4
1.534 822.609
1.54013 819.082
1.54627 814.316
1.55241 811.117
1.55855 808.945
1.56467 805.369
1.5708 800.687
