0.00783031 652.843
0.013688 869.315
0.019231 901.669
0.0249154 -1.26861
0.0312784 37.7062
0.0375637 101.725
0.0433917 1088.07
0.0492413 1054.99
0.0555754 1340.26
0.0619321 743.519
0.067871 1288.42
0.0738098 1275.53
0.0800417 1330.1
0.0862327 1537.53
0.0921407 1653.29
0.0982031 1330.78
0.104506 1587.47
0.110769 1748.84
0.116806 1687.25
0.122832 1622.38
0.129052 1742.16
0.135211 1752.45
0.141259 1660.79
0.147318 1870.15
0.153489 1802.21
0.159709 1848.37
0.165845 1880.95
0.171974 1881.06
0.178125 1912.7
0.184229 2003.94
0.19034 1849.42
0.196428 2001.53
0.202534 2000.79
0.208729 1936.92
0.214876 1983.27
0.220989 1979.47
0.227147 2070.16
0.23329 2031.2
0.239377 1942
0.245482 2029.74
0.251667 2001.25
0.257832 1985.57
0.263955 1982.76
0.270079 2013.89
0.27624 1985.18
0.282372 1998.88
0.28843 2010.51
0.294538 1982.92
0.300721 2011.31
0.30691 1985.79
0.313033 2004.36
0.319153 1997.68
0.325316 1972.68
0.33145 2030.36
0.337538 1955.89
0.343633 1987.75
0.349808 1982.4
0.355968 2029.49
0.362074 1974.98
0.368217 1986.22
0.374374 1995.25
0.380519 1984.19
0.386598 1973.94
0.392688 1984.3
0.39888 1995.69
0.405048 1966.32
0.411186 1954.66
0.417313 1997.98
0.423458 1999.09
0.429607 1964.26
0.435692 1962.41
0.441815 1978.87
0.447964 1946.91
0.454126 1982.35
0.460267 1973.81
0.466387 1960.54
0.47254 1935.85
0.478662 1952.71
0.484765 1944.32
0.490885 1942.56
0.497035 1939.71
0.503198 1927.7
0.509342 1922.32
0.515458 1922.73
0.521598 1916.99
0.527764 1919.44
0.533884 1922.31
0.54 1912.2
0.546137 1911.95
0.552299 1918.27
0.558452 1919.81
0.564573 1906.51
0.570708 1876.83
0.576825 1898.13
0.582926 1887.91
0.589034 1889.39
0.595184 1885.06
0.601379 1866.03
0.607522 1875.05
0.613639 1884.37
0.619772 1856.87
0.625918 1874.35
0.632068 1843.46
0.638161 1841.68
0.6443 1844.43
0.650464 1845.21
0.656582 1833.95
0.662703 1836.24
0.668861 1844.42
0.675024 1829.28
0.681124 1834.49
0.687237 1827.54
0.693381 1825.79
0.699536 1819.33
0.705665 1815.91
0.711789 1804.98
0.717957 1807.35
0.72409 1793.11
0.730186 1792.42
0.736317 1792.99
0.742472 1779.17
0.748622 1776.26
0.75476 1767.49
0.760888 1763.12
0.767043 1777.64
0.773185 1762.22
0.779291 1743.27
0.785407 1749.67
0.791564 1737.71
0.797719 1740.99
0.803834 1732.24
0.809972 1737.35
0.816124 1726.03
0.822261 1723.26
0.828378 1708.1
0.834502 1710.88
0.840667 1699.35
0.846816 1702.17
0.852925 1699.54
0.859047 1698.84
0.865192 1683.79
0.871341 1681.32
0.877463 1678.74
0.883569 1676.87
0.889708 1675.09
0.895864 1674.17
0.902008 1659.82
0.908149 1662.32
0.914301 1646.67
0.920448 1651.05
0.926574 1653.53
0.932687 1650.88
0.938823 1629.68
0.944975 1633.37
0.951105 1623.13
0.957225 1624.68
0.963368 1606.26
0.969511 1613.14
0.975621 1606.8
0.981748 1606.69
0.987916 1601.99
0.99406 1599.96
1.00019 1592.75
1.00632 1581.65
1.01246 1585.76
1.01859 1576.45
1.02471 1563.42
1.03085 1577.16
1.03698 1562.71
1.04314 1555.08
1.04929 1552.5
1.05541 1543.98
1.06154 1545.71
1.06769 1539.25
1.07382 1537.01
1.07993 1533.43
1.08607 1526.36
1.09222 1519.1
1.09836 1513.68
1.10449 1506.33
1.11063 1501.15
1.11677 1497.05
1.1229 1492.08
1.12903 1492.37
1.13518 1490.49
1.14131 1478.24
1.14745 1479.01
1.15359 1470.47
1.15973 1465.74
1.16584 1460.54
1.17197 1454.23
1.17811 1452.03
1.18424 1450.62
1.19038 1435.86
1.19652 1444.55
1.20267 1436
1.20881 1427.33
1.21495 1419.73
1.22108 1419.84
1.2272 1411.05
1.23334 1413.59
1.23949 1406.73
1.24562 1405.82
1.25174 1392.57
1.25789 1389
1.26402 1380.67
1.27014 1384.42
1.27628 1382.55
1.28244 1377.25
1.28858 1364.33
1.29471 1364.18
1.30084 1359.35
1.30697 1353.47
1.31312 1353.04
1.31925 1349.23
1.32537 1342.77
1.33151 1341.95
1.33765 1331.13
1.34378 1330.35
1.34992 1321.19
1.35606 1322.31
1.3622 1317.58
1.36833 1308.27
1.37445 1310.55
1.38059 1298.77
1.38675 1295.67
1.39288 1291.74
1.39901 1292.25
1.40515 1286.15
1.4113 1278.77
1.41742 1272.31
1.42355 1271.45
1.4297 1267.74
1.43585 1266.24
1.44198 1256.55
1.44809 1254.43
1.45423 1247.96
1.46036 1251.82
1.46649 1240.36
1.47263 1237.58
1.47877 1239.86
1.48491 1232.76
1.49104 1224.51
1.49718 1224.46
1.50333 1218.47
1.50947 1212.49
1.5156 1208.66
1.52172 1204.5
1.52787 1199.78
1.534 1200.01
1.54013 1196.89
1.54627 1187.91
1.55241 1185.83
1.55855 1182.68
1.56467 1180.11
1.5708 1175.06
