0.00783031 2932.73
0.013688 3848.23
0.019231 4255.88
0.0249154 3136.8
0.0312784 3393.72
0.0375637 2887.18
0.0433917 2952.44
0.0492413 2571.5
0.0555754 2424.5
0.0619321 2275.01
0.067871 1933.01
0.0738098 2043.79
0.0800417 1832.88
0.0862327 1906.64
0.0921407 1758.75
0.0982031 1580.39
0.104506 1501.74
0.110769 1435.02
0.116806 1351.86
0.122832 1292.75
0.129052 1249.7
0.135211 1188.89
0.141259 1156.84
0.147318 1081.49
0.153489 1068.65
0.159709 995.857
0.165845 965.118
0.171974 957.415
0.178125 885.886
0.184229 872.763
0.19034 836.485
0.196428 832.388
0.202534 779.293
0.208729 745.205
0.214876 748.435
0.220989 724.668
0.227147 677.581
0.23329 685.129
0.239377 651.867
0.245482 635.824
0.251667 613.921
0.257832 596.274
0.263955 597.383
0.270079 567.334
0.27624 556.13
0.282372 542.963
0.28843 525.89
0.294538 518.476
0.300721 508.186
0.30691 489.754
0.313033 484.76
0.319153 480.331
0.325316 465.901
0.33145 456.58
0.337538 443.729
0.343633 439.393
0.349808 432.311
0.355968 428.263
0.362074 420.024
0.368217 411.068
0.374374 406.599
0.380519 399.678
0.386598 389.457
0.392688 387.516
0.39888 379.068
0.405048 374.095
0.411186 371.966
0.417313 364.433
0.423458 357.211
0.429607 357.814
0.435692 349.772
0.441815 345.257
0.447964 343.316
0.454126 340.038
0.460267 336.263
0.466387 330.697
0.47254 328.694
0.478662 328.765
0.484765 320.635
0.490885 319.822
0.497035 316.897
0.503198 311.9
0.509342 313.601
0.515458 312.238
0.521598 307.646
0.527764 303.82
0.533884 301.748
0.54 300.025
0.546137 299.564
0.552299 296.557
0.558452 293.944
0.564573 293.468
0.570708 291.432
0.576825 286.924
0.582926 286.622
0.589034 284.659
0.595184 285.91
0.601379 283.746
0.607522 282.165
0.613639 281.056
0.619772 280.032
0.625918 279.915
0.632068 275.628
0.638161 276.052
0.6443 274.039
0.650464 273.857
0.656582 273.62
0.662703 272.032
0.668861 271.241
0.675024 269.92
0.681124 267.971
0.687237 267.694
0.693381 266.31
0.699536 267.417
0.705665 264.899
0.711789 265.644
0.717957 262.791
0.72409 262.842
0.730186 262.75
0.736317 261.856
0.742472 259.76
0.748622 259.298
0.75476 259.485
0.760888 258.814
0.767043 259.397
0.773185 257.14
0.779291 255.864
0.785407 253.988
0.791564 256.696
0.797719 255.151
0.803834 254.257
0.809972 252.561
0.816124 251.844
0.822261 253.085
0.828378 252.427
0.834502 251.951
0.840667 250.362
0.846816 251.136
0.852925 248.488
0.859047 249.2
0.865192 248.803
0.871341 248.83
0.877463 247.128
0.883569 246.474
0.889708 246.391
0.895864 244.287
0.902008 244.604
0.908149 243.259
0.914301 242.946
0.920448 244.457
0.926574 242.924
0.932687 243.293
0.938823 242.061
0.944975 241.575
0.951105 241.509
0.957225 241.843
0.963368 239.36
0.969511 240.69
0.975621 239.157
0.981748 238.192
0.987916 238.593
0.99406 238.302
1.00019 237.748
1.00632 237.474
1.01246 237.094
1.01859 236.083
1.02471 236.618
1.03085 235.442
1.03698 235.628
1.04314 234.59
1.04929 234.259
1.05541 233.538
1.06154 233.217
1.06769 231.758
1.07382 232.395
1.07993 231.266
1.08607 230.52
1.09222 231.234
1.09836 230.969
1.10449 230.762
1.11063 229.48
1.11677 229.674
1.1229 228.129
1.12903 227.383
1.13518 227.678
1.14131 226.724
1.14745 226.99
1.15359 226.383
1.15973 226.436
1.16584 225.392
1.17197 225.961
1.17811 225.672
1.18424 225.151
1.19038 224.465
1.19652 223.919
1.20267 223.375
1.20881 223.387
1.21495 222.037
1.22108 222.823
1.2272 221.939
1.23334 221.749
1.23949 220.355
1.24562 221.02
1.25174 220.535
1.25789 219.851
1.26402 219.619
1.27014 218.95
1.27628 219.258
1.28244 218.521
1.28858 218.052
1.29471 217.858
1.30084 217.798
1.30697 217.26
1.31312 216.179
1.31925 215.955
1.32537 215.78
1.33151 216.243
1.33765 214.385
1.34378 214.796
1.34992 213.332
1.35606 213.557
1.3622 214.065
1.36833 213.491
1.37445 212.76
1.38059 212.057
1.38675 211.932
1.39288 211.91
1.39901 211.036
1.40515 210.983
1.4113 210.493
1.41742 209.988
1.42355 209.598
1.4297 209.801
1.43585 208.915
1.44198 208.34
1.44809 209.048
1.45423 208.265
1.46036 208.15
1.46649 207.717
1.47263 207.475
1.47877 206.706
1.48491 206.456
1.49104 206.072
1.49718 206.329
1.50333 205.646
1.50947 205.26
1.5156 204.894
1.52172 204.59
1.52787 203.908
1.534 203.838
1.54013 203.574
1.54627 203.298
1.55241 202.821
1.55855 202.486
1.56467 202.356
1.5708 201.626
