0.00783031 143.515
0.013688 171.226
0.019231 173.096
0.0249154 152.973
0.0312784 129.833
0.0375637 91.6754
0.0433917 70.0046
0.0492413 57.0505
0.0555754 35.9272
0.0619321 27.2104
0.067871 15.8956
0.0738098 5.25515
0.0800417 -1.69351
0.0862327 -13.5783
0.0921407 -20.6607
0.0982031 -24.928
0.104506 -30.9921
0.110769 -37.4455
0.116806 -46.1154
0.122832 -48.2607
0.129052 -56.3438
0.135211 -56.6955
0.141259 -59.5234
0.147318 -62.7097
0.153489 -64.3096
0.159709 -64.1017
0.165845 -67.4459
0.171974 -68.7194
0.178125 -71.1422
0.184229 -73.7367
0.19034 -72.9398
0.196428 -76.2783
0.202534 -76.9497
0.208729 -77.5726
0.214876 -80.1161
0.220989 -78.7943
0.227147 -79.3341
0.23329 -81.3135
0.239377 -82.3833
0.245482 -82.9875
0.251667 -81.9401
0.257832 -83.5634
0.263955 -84.6581
0.270079 -85.8023
0.27624 -83.7876
0.282372 -85.0169
0.28843 -85.3892
0.294538 -83.4189
0.300721 -84.7075
0.30691 -86.5662
0.313033 -85.8954
0.319153 -85.6955
0.325316 -86.9586
0.33145 -86.4004
0.337538 -86.9642
0.343633 -86.4659
0.349808 -86.9367
0.355968 -88.3222
0.362074 -87.537
0.368217 -85.1375
0.374374 -86.8627
0.380519 -86.584
0.386598 -85.7491
0.392688 -85.5732
0.39888 -86.168
0.405048 -85.9824
0.411186 -85.0856
0.417313 -85.4983
0.423458 -83.8362
0.429607 -83.6998
0.435692 -82.5536
0.441815 -84.8274
0.447964 -82.9886
0.454126 -82.4786
0.460267 -83.1509
0.466387 -82.711
0.47254 -80.5135
0.478662 -81.0245
0.484765 -79.9215
0.490885 -80.3951
0.497035 -80.6516
0.503198 -79.0168
0.509342 -79.8299
0.515458 -78.4884
0.521598 -77.1343
0.527764 -78.0676
0.533884 -76.4663
0.54 -75.927
0.546137 -76.1041
0.552299 -75.127
0.558452 -74.8299
0.564573 -74.0709
0.570708 -73.6169
0.576825 -72.6018
0.582926 -72.3593
0.589034 -72.1347
0.595184 -71.5501
0.601379 -71.0297
0.607522 -70.6935
0.613639 -69.1114
0.619772 -70.0389
0.625918 -68.8768
0.632068 -67.8482
0.638161 -67.2567
0.6443 -67.3324
0.650464 -66.6349
0.656582 -65.9789
0.662703 -65.033
0.668861 -65.9333
0.675024 -64.2953
0.681124 -63.2077
0.687237 -62.9328
0.693381 -62.7765
0.699536 -61.697
0.705665 -61.4356
0.711789 -61.0296
0.717957 -60.4356
0.72409 -59.9854
0.730186 -59.2904
0.736317 -58.5268
0.742472 -58.962
0.748622 -58.592
0.75476 -57.601
0.760888 -56.8832
0.767043 -56.9778
0.773185 -56.1994
0.779291 -55.834
0.785407 -55.511
0.791564 -55.9183
0.797719 -55.3134
0.803834 -54.1188
0.809972 -53.9715
0.816124 -53.6599
0.822261 -53.1508
0.828378 -52.6659
0.834502 -52.4559
0.840667 -52.0194
0.846816 -51.2299
0.852925 -51.2456
0.859047 -50.6384
0.865192 -51.1291
0.871341 -50.7269
0.877463 -50.0559
0.883569 -49.7806
0.889708 -49.1422
0.895864 -48.9898
0.902008 -48.9383
0.908149 -48.7174
0.914301 -48.2537
0.920448 -47.759
0.926574 -47.6366
0.932687 -47.3739
0.938823 -47.2216
0.944975 -46.6423
0.951105 -46.1109
0.957225 -45.7039
0.963368 -45.6714
0.969511 -45.5119
0.975621 -45.2469
0.981748 -45.2418
0.987916 -44.5455
0.99406 -44.9247
1.00019 -43.8556
1.00632 -44.011
1.01246 -43.1544
1.01859 -43.2634
1.02471 -43.0402
1.03085 -42.8923
1.03698 -42.6789
1.04314 -42.4615
1.04929 -41.9975
1.05541 -41.7307
1.06154 -42.0493
1.06769 -41.7229
1.07382 -41.0695
1.07993 -41.2352
1.08607 -40.8314
1.09222 -40.5696
1.09836 -40.3365
1.10449 -40.245
1.11063 -39.9396
1.11677 -39.7924
1.1229 -39.5935
1.12903 -38.9424
1.13518 -39.3443
1.14131 -38.699
1.14745 -38.6139
1.15359 -38.6002
1.15973 -38.3343
1.16584 -38.2033
1.17197 -37.9755
1.17811 -37.667
1.18424 -37.0198
1.19038 -37.2267
1.19652 -36.7115
1.20267 -36.7573
1.20881 -36.6416
1.21495 -36.2843
1.22108 -35.9807
1.2272 -36.1417
1.23334 -35.7856
1.23949 -35.7532
1.24562 -35.6122
1.25174 -35.2935
1.25789 -35.3046
1.26402 -34.7029
1.27014 -34.5825
1.27628 -34.7154
1.28244 -34.3108
1.28858 -34.3274
1.29471 -33.7696
1.30084 -33.469
1.30697 -33.5497
1.31312 -33.3921
1.31925 -33.0238
1.32537 -32.9088
1.33151 -32.8937
1.33765 -32.3762
1.34378 -32.3755
1.34992 -32.2383
1.35606 -32.0805
1.3622 -31.9344
1.36833 -31.7227
1.37445 -31.4774
1.38059 -31.177
1.38675 -31.0454
1.39288 -31.0024
1.39901 -30.7616
1.40515 -30.6371
1.4113 -30.2718
1.41742 -30.3327
1.42355 -30.1583
1.4297 -29.9434
1.43585 -29.8116
1.44198 -29.8
1.44809 -29.4616
1.45423 -29.1822
1.46036 -29.2678
1.46649 -29.0293
1.47263 -28.8273
1.47877 -28.7171
1.48491 -28.1548
1.49104 -28.2701
1.49718 -28.0999
1.50333 -28.087
1.50947 -27.5031
1.5156 -27.5673
1.52172 -27.3184
1.52787 -27.1732
1.534 -26.9911
1.54013 -26.889
1.54627 -26.6564
1.55241 -26.4652
1.55855 -26.2267
1.56467 -25.9551
1.5708 -26.0418
