0.00783031 -42.0184
0.013688 -46.6665
0.019231 -66.601
0.0249154 -60.823
0.0312784 -66.9949
0.0375637 -60.4283
0.0433917 -65.8854
0.0492413 -60.2483
0.0555754 -73.568
0.0619321 -75.6641
0.067871 -82.7108
0.0738098 -82.2853
0.0800417 -81.876
0.0862327 -83.8421
0.0921407 -81.0452
0.0982031 -82.9635
0.104506 -81.2079
0.110769 -86.1985
0.116806 -88.241
0.122832 -88.6349
0.129052 -91.4342
0.135211 -92.1085
0.141259 -90.8843
0.147318 -89.942
0.153489 -91.637
0.159709 -95.3559
0.165845 -94.0146
0.171974 -93.3079
0.178125 -97.3531
0.184229 -97.4948
0.19034 -96.857
0.196428 -98.5395
0.202534 -98.7529
0.208729 -96.1542
0.214876 -97.086
0.220989 -99.1933
0.227147 -98.2435
0.23329 -95.2794
0.239377 -98.4874
0.245482 -98.6912
0.251667 -99.1697
0.257832 -97.7852
0.263955 -100.833
0.270079 -101.578
0.27624 -98.6865
0.282372 -97.9026
0.28843 -99.9083
0.294538 -99.4317
0.300721 -98.3029
0.30691 -98.1652
0.313033 -98.0567
0.319153 -99.2851
0.325316 -99.6973
0.33145 -101.494
0.337538 -97.4209
0.343633 -100.324
0.349808 -98.5356
0.355968 -98.8553
0.362074 -98.886
0.368217 -98.7842
0.374374 -99.6011
0.380519 -98.8455
0.386598 -99.0888
0.392688 -99.1254
0.39888 -98.0403
0.405048 -99.2903
0.411186 -98.4018
0.417313 -99.5264
0.423458 -98.863
0.429607 -97.8319
0.435692 -98.5186
0.441815 -98.3555
0.447964 -98.1621
0.454126 -98.2931
0.460267 -100.22
0.466387 -97.2436
0.47254 -98.7481
0.478662 -95.7977
0.484765 -96.7436
0.490885 -97.613
0.497035 -96.4579
0.503198 -96.3438
0.509342 -96.7285
0.515458 -96.625
0.521598 -97.0217
0.527764 -96.4902
0.533884 -97.5763
0.54 -96.6449
0.546137 -97.6766
0.552299 -96.2687
0.558452 -96.9997
0.564573 -97.1265
0.570708 -97.1009
0.576825 -96.5067
0.582926 -95.7791
0.589034 -94.9901
0.595184 -96.6431
0.601379 -95.6865
0.607522 -94.9698
0.613639 -95.1702
0.619772 -94.5631
0.625918 -94.7044
0.632068 -94.3401
0.638161 -94.1548
0.6443 -94.7609
0.650464 -94.5169
0.656582 -94.4996
0.662703 -93.6211
0.668861 -94.8332
0.675024 -93.451
0.681124 -94.5806
0.687237 -93.6429
0.693381 -93.4321
0.699536 -93.6123
0.705665 -93.8789
0.711789 -93.4841
0.717957 -93.2567
0.72409 -92.2537
0.730186 -93.9359
0.736317 -92.4629
0.742472 -91.9422
0.748622 -92.068
0.75476 -92.1043
0.760888 -92.074
0.767043 -91.2053
0.773185 -91.6777
0.779291 -90.9124
0.785407 -90.0178
0.791564 -91.3485
0.797719 -91.0517
0.803834 -91.3678
0.809972 -90.2778
0.816124 -89.4819
0.822261 -90.844
0.828378 -90.4749
0.834502 -89.9015
0.840667 -90.2027
0.846816 -89.5202
0.852925 -88.2985
0.859047 -87.8293
0.865192 -89.2906
0.871341 -89.0311
0.877463 -88.2562
0.883569 -89.3155
0.889708 -88.2451
0.895864 -88.4793
0.902008 -88.05
0.908149 -87.9236
0.914301 -86.8157
0.920448 -88.0602
0.926574 -87.7723
0.932687 -87.6844
0.938823 -87.0265
0.944975 -87.5313
0.951105 -86.9396
0.957225 -86.1865
0.963368 -85.8149
0.969511 -85.5347
0.975621 -85.8979
0.981748 -85.2167
0.987916 -85.1282
0.99406 -85.2489
1.00019 -84.9861
1.00632 -85.2187
1.01246 -84.5175
1.01859 -85.09
1.02471 -84.9842
1.03085 -84.3952
1.03698 -83.4142
1.04314 -83.8428
1.04929 -82.9891
1.05541 -82.8569
1.06154 -82.8302
1.06769 -82.9544
1.07382 -83.0159
1.07993 -81.8862
1.08607 -82.229
1.09222 -83.1538
1.09836 -81.6927
1.10449 -81.2992
1.11063 -81.3064
1.11677 -81.5523
1.1229 -82.226
1.12903 -81.0951
1.13518 -80.0283
1.14131 -80.4014
1.14745 -79.982
1.15359 -80.9087
1.15973 -80.1262
1.16584 -79.9027
1.17197 -79.5219
1.17811 -79.5782
1.18424 -78.4801
1.19038 -79.2546
1.19652 -78.4995
1.20267 -78.6143
1.20881 -77.934
1.21495 -77.5194
1.22108 -78.214
1.2272 -77.9818
1.23334 -77.6949
1.23949 -77.0183
1.24562 -77.3411
1.25174 -76.4704
1.25789 -76.0088
1.26402 -76.6787
1.27014 -76.462
1.27628 -75.804
1.28244 -75.81
1.28858 -75.7548
1.29471 -75.7686
1.30084 -74.6885
1.30697 -75.4306
1.31312 -74.4329
1.31925 -74.8859
1.32537 -74.4203
1.33151 -74.4642
1.33765 -74.114
1.34378 -73.4037
1.34992 -73.4807
1.35606 -73.3412
1.3622 -72.8295
1.36833 -72.6943
1.37445 -72.5387
1.38059 -72.0261
1.38675 -72.8092
1.39288 -71.5154
1.39901 -71.4805
1.40515 -71.9363
1.4113 -72.2004
1.41742 -71.9074
1.42355 -71.6497
1.4297 -70.4938
1.43585 -70.3895
1.44198 -70.4943
1.44809 -70.3477
1.45423 -69.8028
1.46036 -69.5582
1.46649 -69.1743
1.47263 -68.962
1.47877 -68.752
1.48491 -69.0379
1.49104 -68.695
1.49718 -68.1384
1.50333 -68.3758
1.50947 -68.1511
1.5156 -67.2963
1.52172 -67.9938
1.52787 -67.3469
1.534 -67.5799
1.54013 -66.9755
1.54627 -66.8414
1.55241 -66.344
1.55855 -66.5815
1.56467 -65.964
1.5708 -66.0491
