0.00783031 -42.0363
0.013688 -46.7228
0.019231 -67.0342
0.0249154 -61.1993
0.0312784 -67.7657
0.0375637 -61.0777
0.0433917 -67.1946
0.0492413 -61.605
0.0555754 -75.8947
0.0619321 -78.3015
0.067871 -85.6193
0.0738098 -85.9745
0.0800417 -85.8477
0.0862327 -87.1173
0.0921407 -84.9731
0.0982031 -88.3456
0.104506 -86.2835
0.110769 -93.0932
0.116806 -95.2599
0.122832 -95.9149
0.129052 -99.6717
0.135211 -100.662
0.141259 -100.271
0.147318 -99.7598
0.153489 -102.369
0.159709 -107.515
0.165845 -105.68
0.171974 -105.834
0.178125 -111.036
0.184229 -112.467
0.19034 -111.488
0.196428 -113.869
0.202534 -114.824
0.208729 -112.278
0.214876 -114.14
0.220989 -117.07
0.227147 -116.424
0.23329 -113.86
0.239377 -118.067
0.245482 -118.747
0.251667 -119.673
0.257832 -118.861
0.263955 -123.337
0.270079 -124.272
0.27624 -121.25
0.282372 -120.746
0.28843 -123.576
0.294538 -124.019
0.300721 -122.829
0.30691 -122.971
0.313033 -123.746
0.319153 -124.748
0.325316 -126.612
0.33145 -129.658
0.337538 -124.352
0.343633 -128.97
0.349808 -126.859
0.355968 -128.135
0.362074 -128.547
0.368217 -128.988
0.374374 -130.376
0.380519 -130.214
0.386598 -130.822
0.392688 -131.149
0.39888 -130.005
0.405048 -132.757
0.411186 -132.089
0.417313 -133.741
0.423458 -133.479
0.429607 -132.092
0.435692 -133.578
0.441815 -133.806
0.447964 -133.805
0.454126 -134.495
0.460267 -137.746
0.466387 -133.858
0.47254 -136.4
0.478662 -132.754
0.484765 -134.35
0.490885 -135.908
0.497035 -134.977
0.503198 -135.222
0.509342 -135.918
0.515458 -136.623
0.521598 -137.611
0.527764 -136.906
0.533884 -138.942
0.54 -137.972
0.546137 -140.173
0.552299 -138.521
0.558452 -140.009
0.564573 -140.436
0.570708 -140.823
0.576825 -140.124
0.582926 -139.534
0.589034 -138.845
0.595184 -141.646
0.601379 -140.522
0.607522 -139.905
0.613639 -140.474
0.619772 -139.987
0.625918 -140.792
0.632068 -140.962
0.638161 -140.948
0.6443 -142.249
0.650464 -141.971
0.656582 -142.199
0.662703 -141.373
0.668861 -143.684
0.675024 -142.203
0.681124 -144.2
0.687237 -143.07
0.693381 -143.054
0.699536 -143.632
0.705665 -144.185
0.711789 -144.185
0.717957 -144.133
0.72409 -142.629
0.730186 -146.14
0.736317 -143.97
0.742472 -143.371
0.748622 -144.455
0.75476 -144.558
0.760888 -144.834
0.767043 -144.015
0.773185 -145.219
0.779291 -143.98
0.785407 -143.382
0.791564 -145.707
0.797719 -145.487
0.803834 -146.509
0.809972 -145.047
0.816124 -144.054
0.822261 -146.412
0.828378 -146.606
0.834502 -145.816
0.840667 -146.625
0.846816 -145.75
0.852925 -144.051
0.859047 -143.82
0.865192 -146.473
0.871341 -146.431
0.877463 -145.497
0.883569 -147.473
0.889708 -146.171
0.895864 -147.016
0.902008 -146.592
0.908149 -146.73
0.914301 -144.943
0.920448 -147.485
0.926574 -147.345
0.932687 -147.566
0.938823 -146.909
0.944975 -148.044
0.951105 -147.865
0.957225 -146.526
0.963368 -146.259
0.969511 -146.01
0.975621 -147.035
0.981748 -146.323
0.987916 -146.421
0.99406 -147.081
1.00019 -147.018
1.00632 -147.613
1.01246 -146.912
1.01859 -148.399
1.02471 -148.272
1.03085 -147.653
1.03698 -146.284
1.04314 -147.349
1.04929 -146.566
1.05541 -146.456
1.06154 -146.633
1.06769 -147.231
1.07382 -147.676
1.07993 -146.236
1.08607 -147.446
1.09222 -149.187
1.09836 -146.827
1.10449 -146.514
1.11063 -146.838
1.11677 -147.418
1.1229 -148.916
1.12903 -147.393
1.13518 -145.805
1.14131 -147.077
1.14745 -146.336
1.15359 -148.638
1.15973 -147.56
1.16584 -147.489
1.17197 -147.02
1.17811 -147.536
1.18424 -145.828
1.19038 -147.628
1.19652 -146.348
1.20267 -147.041
1.20881 -146.083
1.21495 -145.953
1.22108 -147.396
1.2272 -147.425
1.23334 -147.212
1.23949 -146.161
1.24562 -147.178
1.25174 -145.97
1.25789 -145.287
1.26402 -147.062
1.27014 -147.123
1.27628 -146.113
1.28244 -146.419
1.28858 -146.711
1.29471 -147.063
1.30084 -145.247
1.30697 -147.129
1.31312 -145.603
1.31925 -146.724
1.32537 -146.205
1.33151 -146.556
1.33765 -146.284
1.34378 -145.079
1.34992 -146.091
1.35606 -145.746
1.3622 -145.215
1.36833 -145.288
1.37445 -145.372
1.38059 -144.529
1.38675 -146.58
1.39288 -144.305
1.39901 -144.415
1.40515 -145.855
1.4113 -146.777
1.41742 -146.508
1.42355 -146.251
1.4297 -144.448
1.43585 -144.669
1.44198 -145.157
1.44809 -145.29
1.45423 -144.657
1.46036 -144.261
1.46649 -143.826
1.47263 -143.99
1.47877 -143.727
1.48491 -144.598
1.49104 -144.388
1.49718 -143.466
1.50333 -144.28
1.50947 -144.231
1.5156 -142.945
1.52172 -144.505
1.52787 -143.472
1.534 -144.633
1.54013 -143.513
1.54627 -143.389
1.55241 -142.952
1.55855 -143.83
1.56467 -142.867
1.5708 -143.342
