0.00783031 2832.04
0.013688 45.0168
0.019231 -1210.21
0.0249154 241.493
0.0312784 415.108
0.0375637 322.174
0.0433917 -739.941
0.0492413 -308.99
0.0555754 48.7099
0.0619321 -90.0318
0.067871 -392.93
0.0738098 -122.383
0.0800417 -65.0878
0.0862327 -98.6036
0.0921407 -118.421
0.0982031 -288.681
0.104506 -346.948
0.110769 -242.499
0.116806 -241.762
0.122832 -207.317
0.129052 -245.987
0.135211 -296.649
0.141259 -338.009
0.147318 -299.829
0.153489 -310.932
0.159709 -297.034
0.165845 -244.808
0.171974 -272.845
0.178125 -288.205
0.184229 -286.015
0.19034 -263.351
0.196428 -277.9
0.202534 -295.8
0.208729 -255.21
0.214876 -272.368
0.220989 -275.569
0.227147 -263.53
0.23329 -283.308
0.239377 -290.945
0.245482 -251.085
0.251667 -264.481
0.257832 -253.774
0.263955 -266.507
0.270079 -251.273
0.27624 -252.156
0.282372 -253.402
0.28843 -260.645
0.294538 -247.746
0.300721 -248.495
0.30691 -237.378
0.313033 -231.112
0.319153 -241.883
0.325316 -246.68
0.33145 -236.683
0.337538 -229.165
0.343633 -231.334
0.349808 -230.03
0.355968 -225.44
0.362074 -226.451
0.368217 -229.506
0.374374 -230.195
0.380519 -220.327
0.386598 -219.908
0.392688 -221.052
0.39888 -218.468
0.405048 -217.184
0.411186 -202.64
0.417313 -217.126
0.423458 -207.731
0.429607 -205.913
0.435692 -201.707
0.441815 -201.816
0.447964 -197.644
0.454126 -197.624
0.460267 -194.151
0.466387 -191.726
0.47254 -196.061
0.478662 -187.95
0.484765 -184.944
0.490885 -182.481
0.497035 -182.959
0.503198 -177.653
0.509342 -182.255
0.515458 -178.431
0.521598 -174.644
0.527764 -173.68
0.533884 -173.132
0.54 -169.89
0.546137 -165.654
0.552299 -163.167
0.558452 -164.48
0.564573 -162.359
0.570708 -160.071
0.576825 -162.029
0.582926 -156.462
0.589034 -156.689
0.595184 -155.316
0.601379 -153.932
0.607522 -147.287
0.613639 -146.327
0.619772 -148.648
0.625918 -144.257
0.632068 -146.008
0.638161 -140.645
0.6443 -141.511
0.650464 -139.825
0.656582 -138.201
0.662703 -137.238
0.668861 -132.944
0.675024 -131.358
0.681124 -130.022
0.687237 -130.732
0.693381 -126.985
0.699536 -125.282
0.705665 -126.471
0.711789 -122.832
0.717957 -121.321
0.72409 -121.737
0.730186 -120.318
0.736317 -117.563
0.742472 -114.789
0.748622 -113.686
0.75476 -113.73
0.760888 -112.899
0.767043 -109.518
0.773185 -109.154
0.779291 -109.019
0.785407 -106.986
0.791564 -104.992
0.797719 -105.925
0.803834 -100.401
0.809972 -102.666
0.816124 -99.1897
0.822261 -99.8064
0.828378 -96.6041
0.834502 -95.5513
0.840667 -95.9721
0.846816 -96.1529
0.852925 -91.9378
0.859047 -91.9865
0.865192 -90.429
0.871341 -88.5854
0.877463 -89.6688
0.883569 -86.2034
0.889708 -85.2046
0.895864 -84.6709
0.902008 -83.2206
0.908149 -84.2432
0.914301 -81.9225
0.920448 -81.7651
0.926574 -80.2919
0.932687 -78.7907
0.938823 -80.1124
0.944975 -77.2548
0.951105 -76.7764
0.957225 -75.0793
0.963368 -75.0574
0.969511 -74.6081
0.975621 -72.9353
0.981748 -71.9994
0.987916 -70.9925
0.99406 -70.896
1.00019 -68.8096
1.00632 -68.8177
1.01246 -68.37
1.01859 -66.6067
1.02471 -65.5884
1.03085 -66.1577
1.03698 -65.4386
1.04314 -64.3849
1.04929 -63.6586
1.05541 -62.7974
1.06154 -62.0795
1.06769 -61.481
1.07382 -60.562
1.07993 -60.0839
1.08607 -58.548
1.09222 -59.2282
1.09836 -58.3072
1.10449 -57.433
1.11063 -58.0454
1.11677 -55.9933
1.1229 -54.9535
1.12903 -55.376
1.13518 -55.3895
1.14131 -53.4288
1.14745 -53.911
1.15359 -53.2313
1.15973 -52.9326
1.16584 -52.0575
1.17197 -51.5385
1.17811 -51.4055
1.18424 -49.7715
1.19038 -49.6209
1.19652 -49.4528
1.20267 -49.052
1.20881 -48.2391
1.21495 -48.2032
1.22108 -47.2717
1.2272 -46.6644
1.23334 -46.1469
1.23949 -46.2943
1.24562 -44.8423
1.25174 -45.3245
1.25789 -44.0876
1.26402 -44.0074
1.27014 -43.2036
1.27628 -43.4935
1.28244 -42.7676
1.28858 -43.0779
1.29471 -42.1427
1.30084 -43.0191
1.30697 -41.6513
1.31312 -41.1606
1.31925 -40.9094
1.32537 -40.3887
1.33151 -40.2765
1.33765 -39.2643
1.34378 -39.1071
1.34992 -39.5069
1.35606 -38.6022
1.3622 -38.144
1.36833 -38.3479
1.37445 -37.3458
1.38059 -37.0619
1.38675 -36.8389
1.39288 -36.8756
1.39901 -36.233
1.40515 -36.5016
1.4113 -35.8756
1.41742 -35.7046
1.42355 -35.2739
1.4297 -34.9904
1.43585 -34.7791
1.44198 -35.054
1.44809 -34.3324
1.45423 -34.2329
1.46036 -33.4301
1.46649 -33.1936
1.47263 -33.0927
1.47877 -33.1333
1.48491 -32.6947
1.49104 -32.5886
1.49718 -31.9047
1.50333 -32.5384
1.50947 -31.872
1.5156 -31.8323
1.52172 -31.3349
1.52787 -31.4112
1.534 -31.0968
1.54013 -31.1283
1.54627 -30.6818
1.55241 -30.4903
1.55855 -31.0391
1.56467 -30.5442
1.5708 -30.1204
