0.00783031 21298.4
0.013688 26210.3
0.019231 26033.3
0.0249154 24313.9
0.0312784 20747.1
0.0375637 17926.8
0.0433917 15215.4
0.0492413 13927.9
0.0555754 12595.3
0.0619321 11575.8
0.067871 11323.3
0.0738098 9992.56
0.0800417 9270.13
0.0862327 7844.6
0.0921407 7269.58
0.0982031 6587.56
0.104506 6325.63
0.110769 5742.63
0.116806 5426.12
0.122832 5262.09
0.129052 4957.88
0.135211 4676.18
0.141259 4493.78
0.147318 4155.84
0.153489 3929.43
0.159709 3683.29
0.165845 3520.21
0.171974 3346.27
0.178125 3225.33
0.184229 3073.01
0.19034 2957.68
0.196428 2886.8
0.202534 2724.08
0.208729 2593.67
0.214876 2557.55
0.220989 2428.24
0.227147 2315.39
0.23329 2281.42
0.239377 2217.8
0.245482 2146.3
0.251667 2064.79
0.257832 2035.25
0.263955 1968.64
0.270079 1880.79
0.27624 1819.88
0.282372 1815.15
0.28843 1776.05
0.294538 1711.34
0.300721 1664.8
0.30691 1627.06
0.313033 1580.43
0.319153 1546.76
0.325316 1493.33
0.33145 1463.26
0.337538 1440.13
0.343633 1417.27
0.349808 1391.62
0.355968 1333.72
0.362074 1322.09
0.368217 1304.24
0.374374 1277.34
0.380519 1238.97
0.386598 1209.45
0.392688 1209.99
0.39888 1158.45
0.405048 1151.7
0.411186 1135.47
0.417313 1109.04
0.423458 1071.76
0.429607 1065.12
0.435692 1048.27
0.441815 1020.28
0.447964 1018.11
0.454126 1003.15
0.460267 978.909
0.466387 954.808
0.47254 937.896
0.478662 929.875
0.484765 915.378
0.490885 893.05
0.497035 891.058
0.503198 864.007
0.509342 855.075
0.515458 837.396
0.521598 823.017
0.527764 814.308
0.533884 802.26
0.54 793.182
0.546137 781.907
0.552299 770.716
0.558452 754.65
0.564573 743.285
0.570708 732.321
0.576825 729.217
0.582926 711.592
0.589034 700.506
0.595184 688.759
0.601379 683.728
0.607522 673.379
0.613639 660.958
0.619772 650.823
0.625918 647.361
0.632068 634.645
0.638161 624.248
0.6443 614.332
0.650464 605.528
0.656582 598.801
0.662703 594.4
0.668861 584.769
0.675024 575.806
0.681124 569.849
0.687237 560.228
0.693381 552.508
0.699536 547.29
0.705665 539.845
0.711789 529.143
0.717957 525.308
0.72409 516.208
0.730186 509.795
0.736317 506.183
0.742472 493.977
0.748622 490.154
0.75476 481.134
0.760888 475.181
0.767043 467.123
0.773185 463.375
0.779291 458.749
0.785407 451.642
0.791564 446.273
0.797719 441.486
0.803834 433.431
0.809972 429.374
0.816124 423.761
0.822261 417.268
0.828378 410.097
0.834502 407.051
0.840667 399.504
0.846816 396.145
0.852925 389.703
0.859047 385.822
0.865192 380.286
0.871341 373.391
0.877463 372.148
0.883569 364.508
0.889708 358.608
0.895864 353.484
0.902008 349.021
0.908149 347.847
0.914301 339.635
0.920448 333.833
0.926574 331.109
0.932687 326.434
0.938823 323.337
0.944975 317.389
0.951105 314.549
0.957225 308.794
0.963368 304.979
0.969511 303.473
0.975621 298.501
0.981748 294.878
0.987916 290.846
0.99406 286.574
1.00019 281.924
1.00632 278.583
1.01246 276.539
1.01859 272.139
1.02471 269.127
1.03085 265.045
1.03698 261.196
1.04314 258.73
1.04929 254.726
1.05541 252.132
1.06154 247.827
1.06769 245.61
1.07382 242.711
1.07993 238.771
1.08607 236.819
1.09222 233.479
1.09836 231.141
1.10449 227.165
1.11063 223.855
1.11677 223.108
1.1229 219.458
1.12903 217.475
1.13518 214.808
1.14131 212.481
1.14745 210.383
1.15359 206.429
1.15973 204.607
1.16584 201.822
1.17197 199.323
1.17811 196.943
1.18424 194.568
1.19038 193.065
1.19652 191.034
1.20267 189.376
1.20881 185.996
1.21495 184.127
1.22108 181.933
1.2272 179.452
1.23334 178.919
1.23949 175.849
1.24562 173.864
1.25174 171.522
1.25789 169.492
1.26402 168.318
1.27014 166.693
1.27628 163.545
1.28244 162.415
1.28858 160.8
1.29471 158.674
1.30084 157.431
1.30697 155.96
1.31312 154.085
1.31925 152.698
1.32537 150.698
1.33151 149.099
1.33765 147.148
1.34378 145.993
1.34992 144.798
1.35606 144.141
1.3622 142.277
1.36833 140.221
1.37445 138.521
1.38059 136.625
1.38675 136.277
1.39288 134.319
1.39901 132.651
1.40515 131.929
1.4113 130.092
1.41742 129.049
1.42355 127.508
1.4297 126.023
1.43585 125.329
1.44198 123.654
1.44809 122.6
1.45423 121.259
1.46036 119.276
1.46649 119.329
1.47263 117.111
1.47877 115.846
1.48491 115.421
1.49104 114.256
1.49718 112.516
1.50333 111.665
1.50947 110.414
1.5156 109.474
1.52172 108.929
1.52787 107.603
1.534 106.692
1.54013 105.508
1.54627 104.318
1.55241 103.336
1.55855 102.558
1.56467 101.197
1.5708 100.785
