0.00783031 -28.0897
0.013688 -2.58092
0.019231 18.2063
0.0249154 0.567298
0.0312784 -9.1574
0.0375637 -0.029155
0.0433917 7.42792
0.0492413 3.49263
0.0555754 -1.42846
0.0619321 -0.385736
0.067871 5.06636
0.0738098 2.40388
0.0800417 -2.51584
0.0862327 3.21075
0.0921407 1.49701
0.0982031 5.78136
0.104506 0.984824
0.110769 1.69113
0.116806 1.51361
0.122832 0.970009
0.129052 1.24172
0.135211 3.11941
0.141259 -0.987835
0.147318 1.39592
0.153489 2.38823
0.159709 -1.15852
0.165845 -4.84903
0.171974 1.95278
0.178125 -0.575383
0.184229 1.70554
0.19034 2.61927
0.196428 0.560228
0.202534 2.4438
0.208729 1.29153
0.214876 -1.88979
0.220989 1.47945
0.227147 1.35596
0.23329 0.375845
0.239377 0.569073
0.245482 -3.25507
0.251667 0.692527
0.257832 -1.0863
0.263955 1.344
0.270079 1.89146
0.27624 -0.182181
0.282372 -2.49279
0.28843 -2.62284
0.294538 -1.40282
0.300721 -1.47559
0.30691 -3.05588
0.313033 -0.277837
0.319153 -2.12296
0.325316 -0.9933
0.33145 -3.29878
0.337538 -3.18551
0.343633 -4.78599
0.349808 -5.85301
0.355968 -2.48172
0.362074 -4.71583
0.368217 -3.92452
0.374374 -3.90207
0.380519 -2.45502
0.386598 -3.01107
0.392688 -6.69707
0.39888 -3.65483
0.405048 -5.44315
0.411186 -6.05621
0.417313 -6.6143
0.423458 -4.88922
0.429607 -6.54715
0.435692 -6.4675
0.441815 -6.05784
0.447964 -7.39393
0.454126 -7.46031
0.460267 -5.66558
0.466387 -7.67082
0.47254 -7.60413
0.478662 -6.5967
0.484765 -8.74572
0.490885 -6.06206
0.497035 -8.03074
0.503198 -8.02321
0.509342 -8.84134
0.515458 -8.88129
0.521598 -8.01993
0.527764 -9.99276
0.533884 -10.0217
0.54 -8.81986
0.546137 -11.0179
0.552299 -9.02525
0.558452 -8.85725
0.564573 -11.4799
0.570708 -11.0407
0.576825 -12.52
0.582926 -12.08
0.589034 -12.619
0.595184 -11.4245
0.601379 -13.9609
0.607522 -11.3361
0.613639 -11.8968
0.619772 -12.9257
0.625918 -12.4085
0.632068 -11.9499
0.638161 -12.3957
0.6443 -12.0722
0.650464 -11.3245
0.656582 -14.3629
0.662703 -13.1488
0.668861 -12.5231
0.675024 -13.272
0.681124 -13.3863
0.687237 -12.8855
0.693381 -13.602
0.699536 -14.5393
0.705665 -16.854
0.711789 -14.1613
0.717957 -14.8448
0.72409 -13.4971
0.730186 -15.3378
0.736317 -15.4853
0.742472 -14.34
0.748622 -15.523
0.75476 -15.4265
0.760888 -15.1511
0.767043 -15.4704
0.773185 -15.4459
0.779291 -17.647
0.785407 -16.7338
0.791564 -17.0062
0.797719 -17.9949
0.803834 -18.8111
0.809972 -16.6574
0.816124 -19.0489
0.822261 -18.6457
0.828378 -18.75
0.834502 -18.6204
0.840667 -18.8831
0.846816 -19.5343
0.852925 -19.5985
0.859047 -20.7865
0.865192 -20.9247
0.871341 -20.0242
0.877463 -21.6823
0.883569 -21.9521
0.889708 -21.1036
0.895864 -21.8383
0.902008 -22.2417
0.908149 -23.2297
0.914301 -22.7104
0.920448 -20.7865
0.926574 -22.5153
0.932687 -22.488
0.938823 -23.9901
0.944975 -23.4124
0.951105 -23.0429
0.957225 -23.5284
0.963368 -22.8195
0.969511 -24.1959
0.975621 -23.9768
0.981748 -24.8579
0.987916 -24.9351
0.99406 -24.346
1.00019 -24.9188
1.00632 -26.0012
1.01246 -25.1898
1.01859 -24.9486
1.02471 -25.8131
1.03085 -25.8915
1.03698 -26.0632
1.04314 -26.3049
1.04929 -25.6099
1.05541 -26.1384
1.06154 -26.1931
1.06769 -27.1208
1.07382 -26.0055
1.07993 -25.8819
1.08607 -27.1259
1.09222 -26.7062
1.09836 -26.8346
1.10449 -26.9934
1.11063 -27.1875
1.11677 -27.6024
1.1229 -28.4476
1.12903 -28.4385
1.13518 -26.8901
1.14131 -28.4333
1.14745 -27.6559
1.15359 -27.328
1.15973 -28.5222
1.16584 -28.222
1.17197 -27.9828
1.17811 -27.7708
1.18424 -27.4767
1.19038 -28.7167
1.19652 -27.8083
1.20267 -28.0651
1.20881 -28.1563
1.21495 -28.1185
1.22108 -27.4055
1.2272 -27.9192
1.23334 -28.7093
1.23949 -27.7209
1.24562 -28.434
1.25174 -28.1218
1.25789 -28.0324
1.26402 -27.6572
1.27014 -27.0465
1.27628 -27.5258
1.28244 -26.5053
1.28858 -27.6854
1.29471 -27.0899
1.30084 -27.3518
1.30697 -26.4193
1.31312 -27.1519
1.31925 -27.7468
1.32537 -26.8842
1.33151 -27.47
1.33765 -26.5674
1.34378 -27.4439
1.34992 -26.167
1.35606 -27.7567
1.3622 -27.164
1.36833 -26.3184
1.37445 -26.3515
1.38059 -26.8759
1.38675 -26.3964
1.39288 -25.4507
1.39901 -26.3944
1.40515 -26.5497
1.4113 -25.6506
1.41742 -26.2013
1.42355 -25.9631
1.4297 -26.3192
1.43585 -25.9516
1.44198 -25.6019
1.44809 -25.8367
1.45423 -25.6419
1.46036 -25.6113
1.46649 -25.3993
1.47263 -24.1473
1.47877 -23.6921
1.48491 -24.9199
1.49104 -24.8318
1.49718 -24.4295
1.50333 -23.954
1.50947 -24.5419
1.5156 -23.987
1.52172 -23.9189
1.52787 -23.109
1.534 -23.8016
1.54013 -22.8317
1.54627 -23.0656
1.55241 -23.3063
1.55855 -23.4659
1.56467 -23.4231
1.5708 -22.5931
