0.00783031 21352.6
0.013688 26199.8
0.019231 26670
0.0249154 24855.3
0.0312784 20968.2
0.0375637 17894.8
0.0433917 15824.2
0.0492413 13875.2
0.0555754 12598.9
0.0619321 11455.3
0.067871 11186.3
0.0738098 10254
0.0800417 9056.58
0.0862327 8358.94
0.0921407 7450.47
0.0982031 6753.68
0.104506 6219.5
0.110769 5839.96
0.116806 5614.57
0.122832 5237.89
0.129052 5035.35
0.135211 4677.56
0.141259 4506.78
0.147318 4257.68
0.153489 3971.86
0.159709 3734.69
0.165845 3564.75
0.171974 3407.64
0.178125 3190.98
0.184229 3145.44
0.19034 2975.45
0.196428 2821.79
0.202534 2750.73
0.208729 2644.46
0.214876 2570.02
0.220989 2454.51
0.227147 2338.64
0.23329 2266.95
0.239377 2221
0.245482 2159.37
0.251667 2076.36
0.257832 1996.51
0.263955 1965.26
0.270079 1888.96
0.27624 1879.27
0.282372 1830.04
0.28843 1765.48
0.294538 1710.58
0.300721 1663.8
0.30691 1619.81
0.313033 1573.55
0.319153 1530.19
0.325316 1514.28
0.33145 1473.34
0.337538 1440.41
0.343633 1417
0.349808 1377.19
0.355968 1348.2
0.362074 1305.28
0.368217 1309.49
0.374374 1261.81
0.380519 1228.38
0.386598 1222.29
0.392688 1192.77
0.39888 1163.36
0.405048 1144.41
0.411186 1116.51
0.417313 1097.56
0.423458 1075.92
0.429607 1064.09
0.435692 1046.19
0.441815 1024.99
0.447964 999.847
0.454126 997.5
0.460267 977.895
0.466387 952.669
0.47254 928.888
0.478662 931.459
0.484765 917.366
0.490885 889.46
0.497035 879.4
0.503198 859.926
0.509342 846.396
0.515458 835.334
0.521598 824.338
0.527764 810.38
0.533884 800.71
0.54 783.29
0.546137 772.055
0.552299 755.791
0.558452 751.674
0.564573 741.499
0.570708 728.735
0.576825 719.59
0.582926 707.821
0.589034 697.328
0.595184 684.949
0.601379 678.724
0.607522 670.265
0.613639 653.158
0.619772 646.948
0.625918 636.705
0.632068 626.769
0.638161 621.481
0.6443 615.266
0.650464 607.864
0.656582 596.102
0.662703 586.445
0.668861 578.713
0.675024 572.111
0.681124 564.965
0.687237 552.938
0.693381 547.089
0.699536 540.296
0.705665 529.999
0.711789 527.151
0.717957 519.963
0.72409 511.048
0.730186 503.605
0.736317 500.225
0.742472 490.652
0.748622 484.832
0.75476 478.255
0.760888 472.383
0.767043 466.584
0.773185 457.859
0.779291 453.687
0.785407 448.755
0.791564 439.337
0.797719 431.527
0.803834 433.849
0.809972 423.455
0.816124 417.042
0.822261 411.023
0.828378 405.858
0.834502 400.043
0.840667 393.312
0.846816 388.673
0.852925 383.825
0.859047 381.837
0.865192 373.361
0.871341 368.189
0.877463 363.553
0.883569 359.474
0.889708 353.148
0.895864 348.487
0.902008 341.446
0.908149 337.93
0.914301 335.97
0.920448 331.247
0.926574 324.19
0.932687 321.778
0.938823 315.583
0.944975 311.915
0.951105 308.142
0.957225 302.7
0.963368 300.925
0.969511 294.686
0.975621 291.467
0.981748 287.828
0.987916 282.392
0.99406 281.418
1.00019 275.704
1.00632 274.036
1.01246 270.373
1.01859 266.76
1.02471 261.087
1.03085 258.823
1.03698 254.718
1.04314 251.358
1.04929 247.586
1.05541 244.934
1.06154 242.475
1.06769 238.321
1.07382 235.412
1.07993 232.03
1.08607 230.305
1.09222 227.441
1.09836 223.777
1.10449 219.847
1.11063 216.994
1.11677 215.843
1.1229 213.241
1.12903 210.137
1.13518 207.022
1.14131 205.343
1.14745 202.482
1.15359 199.749
1.15973 197.574
1.16584 194.386
1.17197 192.517
1.17811 189.921
1.18424 188.004
1.19038 185.628
1.19652 183.181
1.20267 181.861
1.20881 178.572
1.21495 177.22
1.22108 175.31
1.2272 172.882
1.23334 170.78
1.23949 168.62
1.24562 167.194
1.25174 164.978
1.25789 164.329
1.26402 161.625
1.27014 159.527
1.27628 158.252
1.28244 155.89
1.28858 153.69
1.29471 152.698
1.30084 150.29
1.30697 148.887
1.31312 146.993
1.31925 146.384
1.32537 143.897
1.33151 142.907
1.33765 141.44
1.34378 139.801
1.34992 137.714
1.35606 136.837
1.3622 135.03
1.36833 134.05
1.37445 132.03
1.38059 130.921
1.38675 128.999
1.39288 128.338
1.39901 125.988
1.40515 125.068
1.4113 123.922
1.41742 122.231
1.42355 121.482
1.4297 119.736
1.43585 119.152
1.44198 117.652
1.44809 116.181
1.45423 115.391
1.46036 114.222
1.46649 113.196
1.47263 111.505
1.47877 110.467
1.48491 109.573
1.49104 108.877
1.49718 107.167
1.50333 105.757
1.50947 104.825
1.5156 103.988
1.52172 102.99
1.52787 102.146
1.534 100.704
1.54013 99.8369
1.54627 99.2654
1.55241 97.9508
1.55855 96.7308
1.56467 96.169
1.5708 94.8706
