0.00783031 113.45
0.013688 122.013
0.019231 118.31
0.0249154 108.059
0.0312784 86.4021
0.0375637 50.9587
0.0433917 39.6013
0.0492413 29.4139
0.0555754 12.1049
0.0619321 -1.26425
0.067871 -5.94117
0.0738098 -25.754
0.0800417 -34.2772
0.0862327 -40.9775
0.0921407 -52.7682
0.0982031 -52.1814
0.104506 -59.1508
0.110769 -61.2259
0.116806 -70.0424
0.122832 -74.0135
0.129052 -76.9157
0.135211 -84.7086
0.141259 -87.5886
0.147318 -91.3316
0.153489 -88.8614
0.159709 -92.1111
0.165845 -94.5484
0.171974 -97.1147
0.178125 -98.8607
0.184229 -102.633
0.19034 -103.94
0.196428 -105.606
0.202534 -105.125
0.208729 -108.821
0.214876 -112.73
0.220989 -110.049
0.227147 -111.166
0.23329 -116.528
0.239377 -116.196
0.245482 -116.962
0.251667 -120.832
0.257832 -119.684
0.263955 -118.199
0.270079 -124.055
0.27624 -121.877
0.282372 -121.478
0.28843 -126.778
0.294538 -124.819
0.300721 -123.685
0.30691 -128.084
0.313033 -124.635
0.319153 -127.703
0.325316 -130.135
0.33145 -131.398
0.337538 -130.607
0.343633 -131.152
0.349808 -130.223
0.355968 -130.366
0.362074 -133.752
0.368217 -136.377
0.374374 -134.905
0.380519 -132.431
0.386598 -136.989
0.392688 -134.234
0.39888 -135.756
0.405048 -139.83
0.411186 -134.213
0.417313 -139.471
0.423458 -136.134
0.429607 -137.026
0.435692 -139.19
0.441815 -139.31
0.447964 -139.257
0.454126 -139.479
0.460267 -141.829
0.466387 -140.218
0.47254 -144.106
0.478662 -141.915
0.484765 -142.503
0.490885 -142.627
0.497035 -142.478
0.503198 -145.921
0.509342 -142.788
0.515458 -145.85
0.521598 -145.055
0.527764 -144.781
0.533884 -145.064
0.54 -144.996
0.546137 -144.458
0.552299 -146.052
0.558452 -146.34
0.564573 -147.647
0.570708 -146.53
0.576825 -147.088
0.582926 -145.293
0.589034 -148.046
0.595184 -149.313
0.601379 -148.689
0.607522 -147.558
0.613639 -149.726
0.619772 -148.985
0.625918 -149.987
0.632068 -150.816
0.638161 -152.518
0.6443 -150.295
0.650464 -150.452
0.656582 -152.96
0.662703 -149.12
0.668861 -151.459
0.675024 -150.363
0.681124 -151.942
0.687237 -149.933
0.693381 -150.045
0.699536 -153.169
0.705665 -150.733
0.711789 -152.28
0.717957 -153.008
0.72409 -153.665
0.730186 -153.502
0.736317 -151.883
0.742472 -155.213
0.748622 -153.346
0.75476 -155.511
0.760888 -155.119
0.767043 -155.267
0.773185 -154.181
0.779291 -154.941
0.785407 -155.541
0.791564 -155.689
0.797719 -155.832
0.803834 -156.02
0.809972 -155.434
0.816124 -156.158
0.822261 -157.079
0.828378 -156.487
0.834502 -156.25
0.840667 -156.71
0.846816 -155.747
0.852925 -157.871
0.859047 -155.871
0.865192 -157.827
0.871341 -157.133
0.877463 -158.495
0.883569 -157.955
0.889708 -157.54
0.895864 -158.241
0.902008 -158.357
0.908149 -157.993
0.914301 -158.384
0.920448 -157.593
0.926574 -158.726
0.932687 -157.355
0.938823 -158.491
0.944975 -157.51
0.951105 -158.458
0.957225 -157.28
0.963368 -158.758
0.969511 -157.991
0.975621 -158.387
0.981748 -157.292
0.987916 -159.763
0.99406 -160.09
1.00019 -158.193
1.00632 -159.209
1.01246 -158.555
1.01859 -159.109
1.02471 -159.332
1.03085 -161.08
1.03698 -158.29
1.04314 -159.941
1.04929 -159.061
1.05541 -158.404
1.06154 -159.696
1.06769 -158.628
1.07382 -158.339
1.07993 -159.124
1.08607 -158.752
1.09222 -159.246
1.09836 -159.002
1.10449 -158.98
1.11063 -160.26
1.11677 -159.244
1.1229 -159.174
1.12903 -160.61
1.13518 -159.882
1.14131 -159.072
1.14745 -159.804
1.15359 -158.202
1.15973 -157.832
1.16584 -159.1
1.17197 -159.087
1.17811 -159.671
1.18424 -160.053
1.19038 -158.051
1.19652 -158.237
1.20267 -158.5
1.20881 -159.654
1.21495 -158.914
1.22108 -158.713
1.2272 -158.31
1.23334 -160.805
1.23949 -158.631
1.24562 -157.949
1.25174 -158.68
1.25789 -158.062
1.26402 -159.278
1.27014 -157.461
1.27628 -158.278
1.28244 -157.78
1.28858 -157.079
1.29471 -157.097
1.30084 -157.496
1.30697 -157.636
1.31312 -158.265
1.31925 -157.481
1.32537 -157.001
1.33151 -156.749
1.33765 -156.608
1.34378 -158.193
1.34992 -157.723
1.35606 -156.782
1.3622 -156.591
1.36833 -156.793
1.37445 -156.38
1.38059 -156.532
1.38675 -156.059
1.39288 -157.441
1.39901 -155.28
1.40515 -155.581
1.4113 -155.728
1.41742 -156.02
1.42355 -156.738
1.4297 -155.704
1.43585 -155.423
1.44198 -154.609
1.44809 -155.142
1.45423 -154.748
1.46036 -154.2
1.46649 -155.411
1.47263 -154.1
1.47877 -155.221
1.48491 -154.238
1.49104 -154.336
1.49718 -153.211
1.50333 -153.331
1.50947 -154.006
1.5156 -153.792
1.52172 -153.979
1.52787 -153.609
1.534 -152.777
1.54013 -153.114
1.54627 -153.591
1.55241 -152.915
1.55855 -153.578
1.56467 -153.132
1.5708 -152.13
