0.00783031 20931.9
0.013688 25601
0.019231 25602.8
0.0249154 23941.1
0.0312784 20235.1
0.0375637 17161.4
0.0433917 15327.5
0.0492413 13968
0.0555754 12161.1
0.0619321 11364.5
0.067871 10932.2
0.0738098 10010.1
0.0800417 9085.3
0.0862327 8010.84
0.0921407 7207.49
0.0982031 6888.41
0.104506 6111.52
0.110769 5751.01
0.116806 5383.17
0.122832 5159.81
0.129052 5082.2
0.135211 4737.29
0.141259 4517.36
0.147318 4197.75
0.153489 3916.07
0.159709 3787.86
0.165845 3626.29
0.171974 3381.88
0.178125 3287.25
0.184229 3159.9
0.19034 3069.43
0.196428 2972.49
0.202534 2877.41
0.208729 2779.77
0.214876 2720.17
0.220989 2588.41
0.227147 2512.63
0.23329 2471.19
0.239377 2357.95
0.245482 2300.45
0.251667 2218.97
0.257832 2178.32
0.263955 2118.33
0.270079 2059.15
0.27624 2045.78
0.282372 1976.21
0.28843 1927.86
0.294538 1900.98
0.300721 1875.57
0.30691 1807.77
0.313033 1764.3
0.319153 1763.85
0.325316 1708.54
0.33145 1694.6
0.337538 1651.58
0.343633 1605.28
0.349808 1594.85
0.355968 1570.6
0.362074 1549.1
0.368217 1519.06
0.374374 1498.03
0.380519 1459.11
0.386598 1449.52
0.392688 1432.88
0.39888 1401.21
0.405048 1376.14
0.411186 1366.19
0.417313 1327.81
0.423458 1316.16
0.429607 1297.63
0.435692 1286.2
0.441815 1276.57
0.447964 1255.54
0.454126 1236.99
0.460267 1204.94
0.466387 1203.45
0.47254 1194.82
0.478662 1166.61
0.484765 1154.36
0.490885 1152.93
0.497035 1126.31
0.503198 1131.75
0.509342 1099.46
0.515458 1099.65
0.521598 1090.28
0.527764 1067.81
0.533884 1065.93
0.54 1039.58
0.546137 1039.6
0.552299 1021.13
0.558452 1018.91
0.564573 1006.66
0.570708 989.992
0.576825 983.095
0.582926 972.299
0.589034 964.835
0.595184 957.231
0.601379 938.489
0.607522 941.586
0.613639 922.366
0.619772 916.766
0.625918 907.349
0.632068 905.794
0.638161 890.861
0.6443 882.261
0.650464 872.817
0.656582 871.317
0.662703 857.556
0.668861 848.957
0.675024 844.557
0.681124 836.829
0.687237 831.915
0.693381 819.032
0.699536 811.127
0.705665 812.937
0.711789 800.85
0.717957 788.786
0.72409 786.347
0.730186 779.541
0.736317 770.985
0.742472 763.4
0.748622 756.622
0.75476 753.6
0.760888 745.045
0.767043 736.968
0.773185 732.434
0.779291 727.476
0.785407 720.564
0.791564 715.452
0.797719 706.82
0.803834 703.596
0.809972 693.297
0.816124 693.27
0.822261 683.11
0.828378 682.475
0.834502 672.801
0.840667 665.551
0.846816 663.831
0.852925 657.374
0.859047 649.071
0.865192 643.819
0.871341 638.054
0.877463 637.325
0.883569 630.278
0.889708 623.639
0.895864 618.007
0.902008 611.006
0.908149 608.815
0.914301 601.378
0.920448 596.305
0.926574 592.556
0.932687 587.218
0.938823 582.398
0.944975 579.998
0.951105 573.172
0.957225 567.77
0.963368 560.838
0.969511 559.067
0.975621 552.364
0.981748 549.506
0.987916 545.347
0.99406 537.924
1.00019 535.21
1.00632 528.883
1.01246 527.012
1.01859 521.503
1.02471 516.217
1.03085 513.904
1.03698 511.935
1.04314 505.742
1.04929 500.663
1.05541 496.134
1.06154 494.626
1.06769 488.667
1.07382 484.286
1.07993 481.007
1.08607 475.815
1.09222 471.173
1.09836 469.252
1.10449 467.214
1.11063 462.38
1.11677 457.848
1.1229 454.295
1.12903 450.331
1.13518 446.371
1.14131 443.759
1.14745 441.192
1.15359 436.292
1.15973 432.198
1.16584 429.229
1.17197 424.989
1.17811 420.925
1.18424 417.307
1.19038 414.986
1.19652 412.769
1.20267 408.519
1.20881 405.308
1.21495 400.795
1.22108 396.848
1.2272 394.722
1.23334 389.494
1.23949 388.757
1.24562 384.142
1.25174 381.448
1.25789 377.79
1.26402 375.077
1.27014 373.323
1.27628 370.2
1.28244 366.526
1.28858 363.095
1.29471 361.407
1.30084 357.778
1.30697 354.113
1.31312 351.222
1.31925 349.387
1.32537 345.045
1.33151 343.079
1.33765 338.915
1.34378 337.58
1.34992 334.471
1.35606 331.445
1.3622 328.893
1.36833 327.101
1.37445 322.65
1.38059 320.192
1.38675 318.559
1.39288 314.739
1.39901 312.672
1.40515 310.637
1.4113 307.613
1.41742 305.762
1.42355 303.145
1.4297 300.212
1.43585 298.378
1.44198 295.989
1.44809 293.722
1.45423 290.303
1.46036 288.633
1.46649 286.187
1.47263 283.071
1.47877 281.367
1.48491 279.967
1.49104 277.105
1.49718 274.863
1.50333 272.034
1.50947 270.171
1.5156 268.172
1.52172 265.108
1.52787 263.285
1.534 261.437
1.54013 258.884
1.54627 256.159
1.55241 255.024
1.55855 252.73
1.56467 250.852
1.5708 249.541
