0.00783031 21253.7
0.013688 26285.6
0.019231 26361.9
0.0249154 24659.7
0.0312784 21273.5
0.0375637 17739.6
0.0433917 16276.4
0.0492413 14178.7
0.0555754 13250.5
0.0619321 12145.6
0.067871 11353.1
0.0738098 10670.5
0.0800417 9762.37
0.0862327 8967.27
0.0921407 8280.27
0.0982031 7589.76
0.104506 6910.93
0.110769 6622.44
0.116806 6450.81
0.122832 5977
0.129052 5777.98
0.135211 5548.07
0.141259 5305.4
0.147318 4994.45
0.153489 4813.39
0.159709 4499.2
0.165845 4407.11
0.171974 4205.74
0.178125 4122.94
0.184229 3939.36
0.19034 3934.39
0.196428 3766.46
0.202534 3655.07
0.208729 3454.77
0.214876 3397.01
0.220989 3338.75
0.227147 3274.93
0.23329 3216.79
0.239377 3133.52
0.245482 3070.08
0.251667 3004.41
0.257832 2908.86
0.263955 2859.62
0.270079 2808.59
0.27624 2779.57
0.282372 2721.38
0.28843 2719.05
0.294538 2664.97
0.300721 2578.75
0.30691 2525.67
0.313033 2501.82
0.319153 2468.16
0.325316 2430.91
0.33145 2429.34
0.337538 2341
0.343633 2341.27
0.349808 2308.73
0.355968 2267.51
0.362074 2255.47
0.368217 2217.39
0.374374 2195.38
0.380519 2159.91
0.386598 2155.28
0.392688 2125.58
0.39888 2082.64
0.405048 2063.15
0.411186 2053.04
0.417313 2037.83
0.423458 2017.17
0.429607 1987.69
0.435692 1991.92
0.441815 1935.03
0.447964 1926.3
0.454126 1898.66
0.460267 1877.75
0.466387 1881
0.47254 1851.17
0.478662 1831.42
0.484765 1803.3
0.490885 1785.01
0.497035 1775.64
0.503198 1772.42
0.509342 1746.54
0.515458 1729.91
0.521598 1712.08
0.527764 1694.14
0.533884 1705.88
0.54 1683.7
0.546137 1660.9
0.552299 1641.74
0.558452 1645.53
0.564573 1609.7
0.570708 1619.48
0.576825 1604.6
0.582926 1596.16
0.589034 1569.8
0.595184 1560.4
0.601379 1557.63
0.607522 1541.12
0.613639 1526.45
0.619772 1515.05
0.625918 1505.03
0.632068 1506.2
0.638161 1472.44
0.6443 1475.01
0.650464 1480.35
0.656582 1452.67
0.662703 1442.07
0.668861 1425.14
0.675024 1428.52
0.681124 1409.96
0.687237 1403.14
0.693381 1390.26
0.699536 1381.06
0.705665 1371.8
0.711789 1356.89
0.717957 1356.18
0.72409 1342.29
0.730186 1335.12
0.736317 1326.89
0.742472 1317.56
0.748622 1302.57
0.75476 1300.23
0.760888 1288.33
0.767043 1281.94
0.773185 1270.51
0.779291 1259.67
0.785407 1254.68
0.791564 1254.17
0.797719 1239.34
0.803834 1232.28
0.809972 1223.74
0.816124 1218.08
0.822261 1213.29
0.828378 1198.88
0.834502 1189.61
0.840667 1185.68
0.846816 1180.94
0.852925 1172.84
0.859047 1162.51
0.865192 1161.58
0.871341 1150.68
0.877463 1147.9
0.883569 1134.75
0.889708 1128.38
0.895864 1123.93
0.902008 1115.43
0.908149 1109.44
0.914301 1102.51
0.920448 1091.4
0.926574 1083.09
0.932687 1083.06
0.938823 1076.56
0.944975 1066.14
0.951105 1057.47
0.957225 1055.68
0.963368 1048.99
0.969511 1039.35
0.975621 1031.9
0.981748 1028.76
0.987916 1020.71
0.99406 1014.08
1.00019 1010.53
1.00632 1000.18
1.01246 995.695
1.01859 989.372
1.02471 984.55
1.03085 978.295
1.03698 974.593
1.04314 965.16
1.04929 956.15
1.05541 955.043
1.06154 951.198
1.06769 941.27
1.07382 935.124
1.07993 929.687
1.08607 923.402
1.09222 915.732
1.09836 914.115
1.10449 907.762
1.11063 904.409
1.11677 896.407
1.1229 890.512
1.12903 884.389
1.13518 878.817
1.14131 875.632
1.14745 867.731
1.15359 859.706
1.15973 858.908
1.16584 851.542
1.17197 849.903
1.17811 843.167
1.18424 835.622
1.19038 833.36
1.19652 827.834
1.20267 824.882
1.20881 819.327
1.21495 816.984
1.22108 809.514
1.2272 801.089
1.23334 799.524
1.23949 793.881
1.24562 789.918
1.25174 785.983
1.25789 785.113
1.26402 776.643
1.27014 768.808
1.27628 766.165
1.28244 759.332
1.28858 753.965
1.29471 754.823
1.30084 747.607
1.30697 744.213
1.31312 739.451
1.31925 734.647
1.32537 732.842
1.33151 725.772
1.33765 720.591
1.34378 718.417
1.34992 713.301
1.35606 709.232
1.3622 703.906
1.36833 699.62
1.37445 696.27
1.38059 693.838
1.38675 689.564
1.39288 685.299
1.39901 680.517
1.40515 677.465
1.4113 673.725
1.41742 666.752
1.42355 661.925
1.4297 659.49
1.43585 655.684
1.44198 651.686
1.44809 648.97
1.45423 644.906
1.46036 640.161
1.46649 637.798
1.47263 634.191
1.47877 629.94
1.48491 626.687
1.49104 623.444
1.49718 618.747
1.50333 616.836
1.50947 612.812
1.5156 608.431
1.52172 606.199
1.52787 599.975
1.534 600.052
1.54013 594.27
1.54627 591.656
1.55241 587.554
1.55855 586.524
1.56467 583.416
1.5708 577.821
