0.00783031 20453.3
0.013688 25289.1
0.019231 25326.8
0.0249154 23465.2
0.0312784 20158.1
0.0375637 16688.3
0.0433917 15041.5
0.0492413 13117.5
0.0555754 12004.9
0.0619321 10937.7
0.067871 10161.6
0.0738098 9409.93
0.0800417 8458.32
0.0862327 7617.12
0.0921407 6955.22
0.0982031 6285.48
0.104506 5631.61
0.110769 5311.4
0.116806 5051.8
0.122832 4638.58
0.129052 4423.39
0.135211 4210.52
0.141259 3962.25
0.147318 3681.43
0.153489 3487.1
0.159709 3194.34
0.165845 3103.74
0.171974 2900.54
0.178125 2811.27
0.184229 2675.55
0.19034 2624.46
0.196428 2495.39
0.202534 2389.59
0.208729 2232.6
0.214876 2163.41
0.220989 2093.4
0.227147 2022.61
0.23329 1970.07
0.239377 1889.96
0.245482 1839.9
0.251667 1779.36
0.257832 1703.82
0.263955 1661.52
0.270079 1609.39
0.27624 1574.69
0.282372 1530.53
0.28843 1508.15
0.294538 1466.31
0.300721 1403.98
0.30691 1365.14
0.313033 1340.27
0.319153 1313.24
0.325316 1277.69
0.33145 1259.72
0.337538 1211.72
0.343633 1194.87
0.349808 1169.31
0.355968 1141.11
0.362074 1125.7
0.368217 1098.12
0.374374 1081.92
0.380519 1055.06
0.386598 1041.11
0.392688 1019.2
0.39888 991.051
0.405048 972.67
0.411186 966.667
0.417313 948.387
0.423458 935.329
0.429607 912.437
0.435692 908.534
0.441815 876.585
0.447964 869.552
0.454126 848.088
0.460267 836.686
0.466387 829.888
0.47254 813.746
0.478662 800.254
0.484765 782.296
0.490885 768.951
0.497035 761.736
0.503198 756.083
0.509342 740.717
0.515458 728.172
0.521598 718.288
0.527764 706.401
0.533884 706.224
0.54 694.013
0.546137 682.206
0.552299 670.255
0.558452 667.042
0.564573 649.794
0.570708 649.346
0.576825 640.631
0.582926 633.946
0.589034 619.612
0.595184 613.192
0.601379 610.288
0.607522 598.953
0.613639 591.614
0.619772 582.686
0.625918 576.135
0.632068 574.469
0.638161 560.075
0.6443 557.495
0.650464 556.135
0.656582 543.519
0.662703 537.318
0.668861 528.619
0.675024 527.911
0.681124 518.832
0.687237 513.427
0.693381 507.237
0.699536 500.924
0.705665 495.027
0.711789 487.928
0.717957 485.231
0.72409 478.419
0.730186 473.863
0.736317 469.469
0.742472 464.226
0.748622 456.871
0.75476 454.296
0.760888 447.626
0.767043 443.82
0.773185 437.818
0.779291 432.772
0.785407 428.817
0.791564 426.958
0.797719 420.332
0.803834 416.222
0.809972 411.328
0.816124 407.969
0.822261 404.572
0.828378 398.007
0.834502 394.125
0.840667 390.028
0.846816 387.856
0.852925 383.732
0.859047 378.77
0.865192 376.791
0.871341 371.926
0.877463 369.396
0.883569 363.663
0.889708 360.282
0.895864 357.343
0.902008 353.394
0.908149 350.452
0.914301 347.015
0.920448 342.216
0.926574 337.614
0.932687 336.193
0.938823 333.398
0.944975 328.338
0.951105 325.383
0.957225 323.16
0.963368 319.976
0.969511 315.601
0.975621 312.037
0.981748 309.838
0.987916 306.446
0.99406 303.742
1.00019 301.155
1.00632 297.009
1.01246 294.245
1.01859 291.508
1.02471 288.902
1.03085 286.071
1.03698 283.892
1.04314 279.685
1.04929 276.541
1.05541 274.956
1.06154 272.568
1.06769 269.373
1.07382 266.718
1.07993 263.969
1.08607 260.989
1.09222 258.079
1.09836 256.359
1.10449 253.484
1.11063 251.91
1.11677 248.79
1.1229 246.282
1.12903 243.825
1.13518 241.455
1.14131 239.465
1.14745 236.564
1.15359 233.417
1.15973 232.197
1.16584 229.629
1.17197 228.37
1.17811 225.401
1.18424 222.774
1.19038 221.408
1.19652 219.066
1.20267 217.545
1.20881 215.053
1.21495 213.632
1.22108 210.995
1.2272 208.161
1.23334 206.924
1.23949 205.012
1.24562 202.542
1.25174 200.989
1.25789 200.324
1.26402 197.53
1.27014 194.748
1.27628 193.397
1.28244 190.899
1.28858 189.049
1.29471 187.99
1.30084 185.917
1.30697 184.312
1.31312 182.684
1.31925 180.641
1.32537 179.39
1.33151 177.296
1.33765 175.272
1.34378 174.151
1.34992 172.42
1.35606 170.746
1.3622 168.896
1.36833 167.199
1.37445 165.911
1.38059 164.635
1.38675 163.131
1.39288 161.423
1.39901 159.84
1.40515 158.733
1.4113 156.945
1.41742 155.122
1.42355 153.274
1.4297 152.235
1.43585 150.76
1.44198 149.416
1.44809 148.208
1.45423 146.893
1.46036 145.086
1.46649 144.194
1.47263 142.91
1.47877 141.372
1.48491 140.067
1.49104 139.035
1.49718 137.441
1.50333 136.386
1.50947 135.278
1.5156 133.799
1.52172 132.765
1.52787 131.049
1.534 130.416
1.54013 128.761
1.54627 127.831
1.55241 126.361
1.55855 125.51
1.56467 124.83
1.5708 123.248
