#  k  (h/Mpc)          P(k)  (Mpc/h)^3     P_linear(k)   P_NL(k) (Mpc/h)^3
     0.00783031         20453.3         20513.5           20402 
       0.013688         25289.1         25365.8         25170.4 
       0.019231         25326.8         25635.4         25378.2 
      0.0249154         23465.2         23617.7         23341.1 
      0.0312784         20158.1         20361.8         20072.2 
      0.0375637         16688.3         17287.6         17029.1 
      0.0433917         15041.5         15046.4         14768.3 
      0.0492413         13117.5         13439.5         13172.6 
      0.0555754         12004.9         12280.2         12034.8 
      0.0619321         10937.7         11423.3         11182.2 
       0.067871         10161.6         10674.3         10455.7 
      0.0738098         9409.93         9842.08         9530.37 
      0.0800417         8458.32         8856.08         8604.23 
      0.0862327         7617.12         7841.33          7739.8 
      0.0921407         6955.22         6940.55         6884.81 
      0.0982031         6285.48         6164.83         6243.98 
       0.104506         5631.61         5561.75         5737.32 
       0.110769          5311.4         5155.89         5263.08 
       0.116806          5051.8         4889.47         4964.46 
       0.122832         4638.58         4677.07         4752.13 
       0.129052         4423.39         4453.97         4522.27 
       0.135211         4210.52         4193.92         4269.83 
       0.141259         3962.25         3896.12         4050.54 
       0.147318         3681.43         3576.26         3807.16 
       0.153489          3487.1          3260.5         3472.32 
       0.159709         3194.34         2982.04         3265.67 
       0.165845         3103.74         2764.14         3130.37 
       0.171974         2900.54         2604.93         2961.41 
       0.178125         2811.27          2488.7         2879.78 
       0.184229         2675.55          2396.6         2743.09 
        0.19034         2624.46         2308.28         2640.78 
       0.196428         2495.39         2211.01            2533 
       0.202534         2389.59         2098.34         2448.32 
       0.208729          2232.6         1971.83          2315.9 
       0.214876         2163.41         1845.05         2253.38 
       0.220989          2093.4         1727.42         2179.44 
       0.227147         2022.61          1625.3         2105.71 
        0.23329         1970.07          1542.2         2040.86 
       0.239377         1889.96         1476.79         1962.14 
       0.245482          1839.9         1423.17         1881.11 
       0.251667         1779.36         1374.77          1839.5 
       0.257832         1703.82         1326.38         1781.24 
       0.263955         1661.52         1274.55         1732.73 
       0.270079         1609.39         1218.63         1683.96 
        0.27624         1574.69         1160.63         1632.19 
       0.282372         1530.53         1104.16         1604.22 
        0.28843         1508.15         1052.29         1569.55 
       0.294538         1466.31         1005.98         1521.93 
       0.300721         1403.98         965.772         1476.82 
        0.30691         1365.14         931.185         1457.29 
       0.313033         1340.27         900.669         1412.21 
       0.319153         1313.24         871.904         1373.99 
       0.325316         1277.69         843.127         1354.28 
        0.33145         1259.72         813.802         1308.65 
       0.337538         1211.72         783.968         1289.04 
       0.343633         1194.87         754.209         1273.23 
       0.349808         1169.31         725.137         1252.72 
       0.355968         1141.11         698.007         1228.96 
       0.362074          1125.7         673.396         1205.73 
       0.368217         1098.12         651.053         1177.75 
       0.374374         1081.92         630.664         1155.05 
       0.380519         1055.06         611.687         1134.08 
       0.386598         1041.11         593.734         1119.14 
       0.392688          1019.2         576.093         1099.03 
        0.39888         991.051         558.266         1080.83 
       0.405048          972.67         540.636         1062.65 
       0.411186         966.667         523.443         1045.26 
       0.417313         948.387         506.946         1032.01 
       0.423458         935.329         491.257         1012.47 
       0.429607         912.437         476.511         996.142 
       0.435692         908.534         462.871         974.373 
       0.441815         876.585          450.01         971.353 
       0.447964         869.552         437.712         961.022 
       0.454126         848.088         425.821         934.613 
       0.460267         836.686         414.316         932.964 
       0.466387         829.888         403.106         917.372 
        0.47254         813.746         392.064         904.495 
       0.478662         800.254          381.36         891.387 
       0.484765         782.296         371.082         882.092 
       0.490885         768.951         361.225         865.542 
       0.497035         761.736         351.758         858.122 
       0.503198         756.083         342.709         848.092 
       0.509342         740.717         334.099         833.605 
       0.515458         728.172         325.875         827.949 
       0.521598         718.288         317.898         819.807 
       0.527764         706.401         310.109         812.946 
       0.533884         706.224         302.587         804.268 
           0.54         694.013         295.284         794.874 
       0.546137         682.206         288.166         786.409 
       0.552299         670.255         281.241         775.648 
       0.558452         667.042         274.572         769.557 
       0.564573         649.794         268.183         762.401 
       0.570708         649.346         262.019         752.148 
       0.576825         640.631         256.088         743.076 
       0.582926         633.946         250.362         738.298 
       0.589034         619.612           244.8         728.032 
       0.595184         613.192         239.361         720.603 
       0.601379         610.288         234.048         714.925 
       0.607522         598.953         228.943         704.237 
       0.613639         591.614         224.008         701.679 
       0.619772         582.686         219.199         699.531 
       0.625918         576.135         214.523           690.2 
       0.632068         574.469         209.989         686.291 
       0.638161         560.075          205.63         676.345 
         0.6443         557.495         201.363         670.277 
       0.650464         556.135         197.204         662.339 
       0.656582         543.519         193.195         658.243 
       0.662703         537.318         189.299         653.513 
       0.668861         528.619         185.491         650.291 
       0.675024         527.911         181.786         645.456 
       0.681124         518.832         178.221         636.687 
       0.687237         513.427         174.746         631.235 
       0.693381         507.237         171.349         625.446 
       0.699536         500.924         168.039         621.256 
       0.705665         495.027         164.831         613.993 
       0.711789         487.928         161.707         609.356 
       0.717957         485.231         158.644         608.165 
        0.72409         478.419         155.679         602.232 
       0.730186         473.863          152.81         595.922 
       0.736317         469.469         150.001         592.075 
       0.742472         464.226         147.254         588.343 
       0.748622         456.871         144.576          582.11 
        0.75476         454.296         141.968         582.029 
       0.760888         447.626         139.429           575.8 
       0.767043          443.82         136.944         568.615 
       0.773185         437.818         134.528         565.263 
       0.779291         432.772         132.185         560.659 
       0.785407         428.817         129.892         557.459 
       0.791564         426.958         127.639         555.564 
       0.797719         420.332         125.442         550.541 
       0.803834         416.222         123.312         546.859 
       0.809972         411.328         121.224         543.072 
       0.816124         407.969         119.178         537.397 
       0.822261         404.572         117.186         534.604 
       0.828378         398.007         115.246         530.669 
       0.834502         394.125         113.351         528.875 
       0.840667         390.028         111.487         524.891 
       0.846816         387.856         109.669         520.762 
       0.852925         383.732         107.902         517.784 
       0.859047          378.77          106.17         513.104 
       0.865192         376.791          104.47         510.016 
       0.871341         371.926         102.807         506.384 
       0.877463         369.396         101.188         503.432 
       0.883569         363.663           99.61          501.27 
       0.889708         360.282         98.0585         496.524 
       0.895864         357.343         96.5361         493.723 
       0.902008         353.394         95.0488         490.433 
       0.908149         350.452         93.5935         485.377 
       0.914301         347.015         92.1665         481.772 
       0.920448         342.216         90.7712         480.905 
       0.926574         337.614         89.4101         477.962 
       0.932687         336.193         88.0802         473.294 
       0.938823         333.398         86.7728         471.922 
       0.944975         328.338         85.4889         469.073 
       0.951105         325.383         84.2354         465.903 
       0.957225          323.16          83.009         462.655 
       0.963368         319.976         81.8028         459.815 
       0.969511         315.601         80.6209         456.807 
       0.975621         312.037         79.4694         454.319 
       0.981748         309.838          78.338          451.84 
       0.987916         306.446         77.2216         449.355 
        0.99406         303.742         76.1311         446.431 
        1.00019         301.155         75.0638         442.652 
        1.00632         297.009          74.018         440.061 
        1.01246         294.245         72.9909          437.43 
        1.01859         291.508         71.9852          434.69 
        1.02471         288.902         71.0001         432.302 
        1.03085         286.071         70.0302         430.831 
        1.03698         283.892         69.0805           429.1 
        1.04314         279.685         68.1442         425.571 
        1.04929         276.541          67.227         422.131 
        1.05541         274.956         66.3297         419.711 
        1.06154         272.568         65.4464         417.619 
        1.06769         269.373         64.5783         414.608 
        1.07382         266.718         63.7301         411.904 
        1.07993         263.969         62.9005         410.011 
        1.08607         260.989         62.0832         407.479 
        1.09222         258.079         61.2799         405.191 
        1.09836         256.359         60.4912         403.296 
        1.10449         253.484         59.7167         401.712 
        1.11063          251.91         58.9542         398.537 
        1.11677          248.79         58.2047         396.423 
         1.1229         246.282         57.4691         393.804 
        1.12903         243.825         56.7453          392.03 
        1.13518         241.455         56.0336         388.783 
        1.14131         239.465          55.335         387.644 
        1.14745         236.564         54.6494         384.581 
        1.15359         233.417         53.9759         383.382 
        1.15973         232.197          53.314         381.089 
        1.16584         229.629         52.6667         379.054 
        1.17197          228.37         52.0295         377.377 
        1.17811         225.401         51.4006         374.629 
        1.18424         222.774         50.7833         372.402 
        1.19038         221.408         50.1735          371.22 
        1.19652         219.066         49.5734         368.291 
        1.20267         217.545         48.9833         366.436 
        1.20881         215.053         48.4039         364.926 
        1.21495         213.632         47.8363         362.286 
        1.22108         210.995         47.2789         359.992 
         1.2272         208.161         46.7319         359.043 
        1.23334         206.924         46.1919         356.657 
        1.23949         205.012         45.6581         354.756 
        1.24562         202.542         45.1334         352.657 
        1.25174         200.989         44.6172         351.084 
        1.25789         200.324         44.1075         348.822 
        1.26402          197.53         43.6069         347.609 
        1.27014         194.748         43.1155         345.363 
        1.27628         193.397         42.6304         344.248 
        1.28244         190.899         42.1518         342.606 
        1.28858         189.049         41.6809         340.478 
        1.29471          187.99         41.2183         337.991 
        1.30084         185.917         40.7632         335.917 
        1.30697         184.312         40.3146         334.856 
        1.31312         182.684         39.8726         333.135 
        1.31925         180.641          39.439         331.159 
        1.32537          179.39         39.0126          329.19 
        1.33151         177.296         38.5911         327.926 
        1.33765         175.272         38.1759         326.362 
        1.34378         174.151         37.7675         324.073 
        1.34992          172.42         37.3645         322.575 
        1.35606         170.746         36.9663         320.656 
         1.3622         168.896         36.5745         319.517 
        1.36833         167.199         36.1891         318.305 
        1.37445         165.911         35.8094         315.793 
        1.38059         164.635          35.434         314.721 
        1.38675         163.131         35.0633         313.396 
        1.39288         161.423         34.6997         311.251 
        1.39901          159.84         34.3416         309.548 
        1.40515         158.733          33.988         308.017 
         1.4113         156.945         33.6394         306.267 
        1.41742         155.122         33.2967          304.59 
        1.42355         153.274         32.9578         303.438 
         1.4297         152.235         32.6223         301.328 
        1.43585          150.76         32.2915         300.584 
        1.44198         149.416         31.9668         298.765 
        1.44809         148.208         31.6477         297.196 
        1.45423         146.893         31.3323         295.329 
        1.46036         145.086         31.0223         294.105 
        1.46649         144.194         30.7165         292.844 
        1.47263          142.91         30.4145         291.054 
        1.47877         141.372         30.1163         289.253 
        1.48491         140.067         29.8212         287.663 
        1.49104         139.035         29.5304         286.676 
        1.49718         137.441          29.243         285.836 
        1.50333         136.386         28.9588         283.551 
        1.50947         135.278         28.6791         282.096 
         1.5156         133.799         28.4036         281.309 
        1.52172         132.765          28.132         279.836 
        1.52787         131.049         27.8635         278.436 
          1.534         130.416         27.5991         276.889 
        1.54013         128.761         27.3387         275.619 
        1.54627         127.831         27.0814         274.639 
        1.55241         126.361         26.8275         273.375 
        1.55855          125.51         26.5771         271.725 
        1.56467          124.83         26.3303         270.203 
         1.5708         123.248         26.0858         268.894 
