0.00783031 7435.62
0.013688 8360.63
0.019231 5682.69
0.0249154 6174.94
0.0312784 5595.77
0.0375637 5003.22
0.0433917 4785.13
0.0492413 4628.28
0.0555754 4115.36
0.0619321 3901.71
0.067871 3552.8
0.0738098 3510.85
0.0800417 3031.94
0.0862327 3123.58
0.0921407 2831.66
0.0982031 2633.36
0.104506 2717.87
0.110769 2296.43
0.116806 2335.07
0.122832 2131.69
0.129052 2026.62
0.135211 2011.64
0.141259 1791.75
0.147318 1800.94
0.153489 1673.14
0.159709 1663.98
0.165845 1607.73
0.171974 1487.39
0.178125 1428.11
0.184229 1425.56
0.19034 1336.07
0.196428 1273.67
0.202534 1274.62
0.208729 1229.18
0.214876 1118.71
0.220989 1066.85
0.227147 1068.38
0.23329 1012.78
0.239377 983.701
0.245482 962.75
0.251667 929.055
0.257832 892.698
0.263955 877.977
0.270079 838.291
0.27624 818.827
0.282372 791.916
0.28843 763.693
0.294538 749.146
0.300721 721.189
0.30691 701.619
0.313033 685.576
0.319153 672.873
0.325316 638.166
0.33145 617.551
0.337538 605.722
0.343633 609.052
0.349808 585.554
0.355968 566.618
0.362074 540.78
0.368217 523.374
0.374374 508.376
0.380519 508.645
0.386598 484.851
0.392688 487.736
0.39888 465.227
0.405048 461.995
0.411186 443.993
0.417313 434.278
0.423458 422.059
0.429607 408.892
0.435692 406.943
0.441815 393.137
0.447964 386.373
0.454126 371.366
0.460267 367.799
0.466387 363.927
0.47254 345.772
0.478662 337.075
0.484765 334.685
0.490885 332.632
0.497035 320.579
0.503198 314.683
0.509342 300.126
0.515458 298.319
0.521598 279.918
0.527764 271.217
0.533884 272.182
0.54 272.466
0.546137 268.759
0.552299 257.571
0.558452 247.068
0.564573 245.979
0.570708 239.079
0.576825 233.662
0.582926 229.087
0.589034 223.686
0.595184 218.741
0.601379 209.166
0.607522 206.447
0.613639 196.57
0.619772 192.679
0.625918 198.605
0.632068 187.43
0.638161 181.061
0.6443 176.269
0.650464 174.147
0.656582 168.105
0.662703 168.383
0.668861 164.35
0.675024 154.593
0.681124 155.395
0.687237 154.055
0.693381 145.01
0.699536 145.041
0.705665 139.927
0.711789 131.366
0.717957 126.643
0.72409 127.764
0.730186 124.676
0.736317 118.173
0.742472 122.999
0.748622 114.831
0.75476 113.685
0.760888 112.507
0.767043 105.742
0.773185 101.747
0.779291 97.3612
0.785407 97.5178
0.791564 89.69
0.797719 92.987
0.803834 87.8931
0.809972 87.3969
0.816124 85.1281
0.822261 80.1778
0.828378 78.8252
0.834502 75.2664
0.840667 71.7183
0.846816 72.1697
0.852925 68.5143
0.859047 64.6826
0.865192 65.1523
0.871341 61.2398
0.877463 61.0778
0.883569 55.4538
0.889708 54.5978
0.895864 52.0886
0.902008 51.9678
0.908149 51.855
0.914301 48.03
0.920448 44.2317
0.926574 43.7909
0.932687 40.9525
0.938823 39.2082
0.944975 35.5751
0.951105 33.2459
0.957225 33.6983
0.963368 29.766
0.969511 31.7152
0.975621 30.8792
0.981748 25.8087
0.987916 24.8844
0.99406 24.1526
1.00019 21.4848
1.00632 20.6953
1.01246 19.3872
1.01859 16.1084
1.02471 14.2159
1.03085 11.7431
1.03698 13.7564
1.04314 10.1199
1.04929 10.5924
1.05541 7.38316
1.06154 5.23456
1.06769 2.51945
1.07382 5.06065
1.07993 3.0543
1.08607 1.58278
1.09222 0.638391
1.09836 -1.54914
1.10449 -2.85336
1.11063 -2.24099
1.11677 -5.88816
1.1229 -5.83567
1.12903 -5.34851
1.13518 -8.87834
1.14131 -8.89372
1.14745 -10.204
1.15359 -10.1677
1.15973 -14.5295
1.16584 -14.6537
1.17197 -14.4342
1.17811 -14.299
1.18424 -16.452
1.19038 -15.8287
1.19652 -18.0702
1.20267 -17.6675
1.20881 -20.0697
1.21495 -19.2804
1.22108 -21.3441
1.2272 -22.1144
1.23334 -22.26
1.23949 -23.9256
1.24562 -24.5738
1.25174 -27.123
1.25789 -24.7706
1.26402 -27.874
1.27014 -26.2398
1.27628 -27.2464
1.28244 -29.7375
1.28858 -29.8947
1.29471 -30.2188
1.30084 -31.6553
1.30697 -31.0661
1.31312 -30.4943
1.31925 -33.4343
1.32537 -33.3238
1.33151 -34.4709
1.33765 -33.9186
1.34378 -33.3421
1.34992 -36.8441
1.35606 -36.7317
1.3622 -36.2704
1.36833 -37.3398
1.37445 -37.5657
1.38059 -37.7929
1.38675 -38.374
1.39288 -39.5269
1.39901 -39.5014
1.40515 -39.9333
1.4113 -40.0385
1.41742 -40.3309
1.42355 -40.049
1.4297 -42.8657
1.43585 -42.2224
1.44198 -42.763
1.44809 -42.6899
1.45423 -42.6955
1.46036 -43.3184
1.46649 -44.0244
1.47263 -44.1402
1.47877 -45.1637
1.48491 -43.7662
1.49104 -45.2581
1.49718 -45.6108
1.50333 -45.8612
1.50947 -47.0606
1.5156 -47.6343
1.52172 -46.3873
1.52787 -47.6085
1.534 -46.6044
1.54013 -47.9422
1.54627 -47.6697
1.55241 -48.4442
1.55855 -48.6494
1.56467 -49.072
1.5708 -49.3197
