0.00783031 -140.862
0.013688 -187.99
0.019231 -188.299
0.0249154 -174.964
0.0312784 -163.392
0.0375637 -143.687
0.0433917 -138.199
0.0492413 -129.318
0.0555754 -124.83
0.0619321 -125.029
0.067871 -130.69
0.0738098 -129.56
0.0800417 -124.586
0.0862327 -121.802
0.0921407 -114.507
0.0982031 -110.733
0.104506 -113.005
0.110769 -109.147
0.116806 -109.854
0.122832 -113.956
0.129052 -116.39
0.135211 -117.366
0.141259 -115.456
0.147318 -117.231
0.153489 -111.281
0.159709 -112.901
0.165845 -111.286
0.171974 -114.947
0.178125 -117.331
0.184229 -116.446
0.19034 -117.083
0.196428 -113.853
0.202534 -120.08
0.208729 -116.195
0.214876 -117.702
0.220989 -117.828
0.227147 -117.447
0.23329 -119.234
0.239377 -117.079
0.245482 -118.744
0.251667 -119.805
0.257832 -120.373
0.263955 -121.46
0.270079 -119.477
0.27624 -123.242
0.282372 -122.017
0.28843 -122.221
0.294538 -124.052
0.300721 -123.108
0.30691 -123.341
0.313033 -124.251
0.319153 -125.098
0.325316 -124.437
0.33145 -122.754
0.337538 -122.376
0.343633 -120.908
0.349808 -124.965
0.355968 -122.839
0.362074 -126.67
0.368217 -125.585
0.374374 -125.449
0.380519 -126.124
0.386598 -127.115
0.392688 -127.133
0.39888 -125.753
0.405048 -127.004
0.411186 -128.16
0.417313 -127.662
0.423458 -127.901
0.429607 -123.938
0.435692 -125.776
0.441815 -127.655
0.447964 -128.794
0.454126 -126.639
0.460267 -128.235
0.466387 -125.932
0.47254 -129.023
0.478662 -129.061
0.484765 -127.951
0.490885 -126.636
0.497035 -129.571
0.503198 -127.284
0.509342 -128.309
0.515458 -127.759
0.521598 -129.287
0.527764 -129.113
0.533884 -128.442
0.54 -129.166
0.546137 -130.404
0.552299 -130.09
0.558452 -129.084
0.564573 -128.018
0.570708 -129.36
0.576825 -130.176
0.582926 -128.543
0.589034 -128.701
0.595184 -129.128
0.601379 -129.483
0.607522 -128.677
0.613639 -129.836
0.619772 -130.526
0.625918 -128.585
0.632068 -128.976
0.638161 -130.324
0.6443 -131.789
0.650464 -130.963
0.656582 -130.753
0.662703 -129.262
0.668861 -129.888
0.675024 -131.147
0.681124 -129.399
0.687237 -129.712
0.693381 -130.254
0.699536 -128.742
0.705665 -130.455
0.711789 -131.384
0.717957 -131.639
0.72409 -132.038
0.730186 -130.56
0.736317 -131.887
0.742472 -129.478
0.748622 -131.417
0.75476 -130.15
0.760888 -130.424
0.767043 -130.381
0.773185 -131.114
0.779291 -130.19
0.785407 -130.724
0.791564 -131.418
0.797719 -129.524
0.803834 -129.493
0.809972 -131.423
0.816124 -128.905
0.822261 -130.514
0.828378 -129.908
0.834502 -130.476
0.840667 -130.761
0.846816 -129.241
0.852925 -130.903
0.859047 -130.375
0.865192 -129.827
0.871341 -129.699
0.877463 -129.088
0.883569 -129.839
0.889708 -129.51
0.895864 -129.398
0.902008 -128.338
0.908149 -130.338
0.914301 -129.067
0.920448 -130.774
0.926574 -129.223
0.932687 -129.266
0.938823 -128.761
0.944975 -129.537
0.951105 -129.957
0.957225 -128.962
0.963368 -129.418
0.969511 -128.627
0.975621 -128.755
0.981748 -130.355
0.987916 -128.752
0.99406 -128.672
1.00019 -128.798
1.00632 -127.493
1.01246 -128.278
1.01859 -129.088
1.02471 -129.343
1.03085 -129.079
1.03698 -128.53
1.04314 -129.083
1.04929 -128.416
1.05541 -127.565
1.06154 -128.382
1.06769 -127.908
1.07382 -128.327
1.07993 -128.056
1.08607 -128.204
1.09222 -128.165
1.09836 -127.49
1.10449 -126.946
1.11063 -127.743
1.11677 -127.657
1.1229 -127.555
1.12903 -127.029
1.13518 -127.263
1.14131 -127.793
1.14745 -127.584
1.15359 -126.472
1.15973 -127.803
1.16584 -127.424
1.17197 -126.697
1.17811 -126.095
1.18424 -127.208
1.19038 -125.816
1.19652 -126.396
1.20267 -126.193
1.20881 -126.977
1.21495 -126.299
1.22108 -125.529
1.2272 -126.269
1.23334 -125.641
1.23949 -126.238
1.24562 -125.962
1.25174 -125.377
1.25789 -125.103
1.26402 -124.835
1.27014 -125.17
1.27628 -124.648
1.28244 -124.421
1.28858 -124.59
1.29471 -124.618
1.30084 -123.811
1.30697 -123.925
1.31312 -123.69
1.31925 -125.044
1.32537 -123.749
1.33151 -123.761
1.33765 -123.235
1.34378 -123.02
1.34992 -123.502
1.35606 -122.55
1.3622 -122.838
1.36833 -122.874
1.37445 -123.013
1.38059 -122.742
1.38675 -122.961
1.39288 -122.576
1.39901 -122.168
1.40515 -122.184
1.4113 -121.723
1.41742 -121.526
1.42355 -121.501
1.4297 -121.717
1.43585 -120.934
1.44198 -121.388
1.44809 -121.127
1.45423 -121.287
1.46036 -120.496
1.46649 -120.96
1.47263 -119.382
1.47877 -119.525
1.48491 -120.007
1.49104 -119.758
1.49718 -119.68
1.50333 -119.392
1.50947 -119.5
1.5156 -119.235
1.52172 -118.846
1.52787 -118.622
1.534 -118.308
1.54013 -118.771
1.54627 -118.305
1.55241 -119.027
1.55855 -118.098
1.56467 -118.965
1.5708 -117.848
