0.00783031 21284.4
0.013688 25960.3
0.019231 26894.1
0.0249154 24021.7
0.0312784 21450.7
0.0375637 18435.6
0.0433917 15508.4
0.0492413 14526.8
0.0555754 13053.2
0.0619321 12521.7
0.067871 11426.4
0.0738098 10921.6
0.0800417 9943.85
0.0862327 8946.06
0.0921407 7899.94
0.0982031 7563.67
0.104506 6789.43
0.110769 6383.69
0.116806 6273.04
0.122832 6049.04
0.129052 5931.42
0.135211 5399.31
0.141259 5288.69
0.147318 4943.06
0.153489 4706.16
0.159709 4516.96
0.165845 4365.96
0.171974 4160.31
0.178125 4060.16
0.184229 3983.69
0.19034 3823.89
0.196428 3718.31
0.202534 3602.66
0.208729 3548.55
0.214876 3432.66
0.220989 3314.17
0.227147 3182.36
0.23329 3168.77
0.239377 3071.07
0.245482 3060.17
0.251667 2946.42
0.257832 2922.63
0.263955 2849.75
0.270079 2791.94
0.27624 2757.9
0.282372 2726.37
0.28843 2680.18
0.294538 2605.03
0.300721 2536.72
0.30691 2549.9
0.313033 2468.17
0.319153 2474.76
0.325316 2434.2
0.33145 2407.61
0.337538 2345.54
0.343633 2322.46
0.349808 2284.4
0.355968 2262.29
0.362074 2235.33
0.368217 2196.4
0.374374 2187.01
0.380519 2122.71
0.386598 2106.55
0.392688 2113.26
0.39888 2056.52
0.405048 2054.02
0.411186 2012.94
0.417313 2000.52
0.423458 1971.09
0.429607 1967.88
0.435692 1933.54
0.441815 1932.79
0.447964 1911.26
0.454126 1881.6
0.460267 1855.85
0.466387 1860.33
0.47254 1829.74
0.478662 1819.82
0.484765 1803.26
0.490885 1765.6
0.497035 1768.64
0.503198 1745.54
0.509342 1742.02
0.515458 1712.25
0.521598 1707.64
0.527764 1686.78
0.533884 1681.53
0.54 1663.16
0.546137 1652.03
0.552299 1631.81
0.558452 1620.01
0.564573 1620.62
0.570708 1596.29
0.576825 1587.33
0.582926 1568.78
0.589034 1554.11
0.595184 1547.01
0.601379 1538.34
0.607522 1531.29
0.613639 1520.77
0.619772 1498.82
0.625918 1488.85
0.632068 1477.99
0.638161 1471.78
0.6443 1463.55
0.650464 1444.37
0.656582 1433.57
0.662703 1420.25
0.668861 1412.15
0.675024 1411.47
0.681124 1393.7
0.687237 1390.95
0.693381 1375.92
0.699536 1369.59
0.705665 1355.46
0.711789 1351.04
0.717957 1348.85
0.72409 1326.75
0.730186 1322.03
0.736317 1317.75
0.742472 1303.82
0.748622 1289.93
0.75476 1287.08
0.760888 1283.7
0.767043 1271.55
0.773185 1268.1
0.779291 1250.09
0.785407 1245.45
0.791564 1240.85
0.797719 1236.92
0.803834 1228.98
0.809972 1219.13
0.816124 1202.32
0.822261 1199.84
0.828378 1200.48
0.834502 1186.05
0.840667 1179.79
0.846816 1168.2
0.852925 1162.85
0.859047 1156.88
0.865192 1141.3
0.871341 1141.9
0.877463 1131.18
0.883569 1117.17
0.889708 1121.06
0.895864 1115.96
0.902008 1109.68
0.908149 1101.91
0.914301 1095.52
0.920448 1085.87
0.926574 1080.57
0.932687 1073.34
0.938823 1069.42
0.944975 1060.37
0.951105 1053.77
0.957225 1049.88
0.963368 1038.45
0.969511 1036.05
0.975621 1028.23
0.981748 1021.42
0.987916 1017.75
0.99406 1009.21
1.00019 1001.49
1.00632 994.954
1.01246 988.28
1.01859 985.514
1.02471 976.123
1.03085 975.73
1.03698 967.353
1.04314 965.362
1.04929 958.124
1.05541 952.759
1.06154 944.3
1.06769 937.268
1.07382 933.747
1.07993 925.517
1.08607 923.064
1.09222 918.018
1.09836 906.95
1.10449 906.178
1.11063 898.849
1.11677 896.878
1.1229 885.65
1.12903 884.472
1.13518 877.219
1.14131 873.806
1.14745 868.71
1.15359 860.352
1.15973 855.335
1.16584 854.51
1.17197 846.643
1.17811 840.204
1.18424 836.744
1.19038 829.18
1.19652 823.388
1.20267 822.091
1.20881 815.357
1.21495 812.841
1.22108 804.791
1.2272 800.198
1.23334 797.273
1.23949 792.845
1.24562 790.791
1.25174 785.067
1.25789 779.038
1.26402 775.427
1.27014 768.883
1.27628 765.615
1.28244 759.371
1.28858 754.855
1.29471 753.399
1.30084 745.431
1.30697 739.957
1.31312 737.871
1.31925 731.488
1.32537 728.323
1.33151 727.253
1.33765 719.205
1.34378 716.605
1.34992 713.032
1.35606 708.01
1.3622 702.436
1.36833 699.804
1.37445 697.226
1.38059 692.217
1.38675 687.167
1.39288 681.59
1.39901 678.343
1.40515 675.214
1.4113 671.661
1.41742 670.577
1.42355 664.688
1.4297 660.467
1.43585 657.66
1.44198 652.502
1.44809 648.816
1.45423 645.653
1.46036 645.532
1.46649 638.727
1.47263 633.8
1.47877 631.579
1.48491 627.66
1.49104 624.066
1.49718 620.559
1.50333 615.877
1.50947 615.766
1.5156 608.496
1.52172 605.858
1.52787 601.377
1.534 597.959
1.54013 596.91
1.54627 592.856
1.55241 587.857
1.55855 585.67
1.56467 582.33
1.5708 580.32
