0.00783031 4929.18
0.013688 1174.18
0.019231 153.37
0.0249154 -283.611
0.0312784 771.048
0.0375637 523.365
0.0433917 314.62
0.0492413 1041.92
0.0555754 786.373
0.0619321 1361.79
0.067871 905.922
0.0738098 1142.35
0.0800417 928.586
0.0862327 1390.83
0.0921407 1299.56
0.0982031 1606.85
0.104506 1586.08
0.110769 1627.74
0.116806 1714.61
0.122832 1629.7
0.129052 1982.81
0.135211 1733.46
0.141259 1891.65
0.147318 1839.37
0.153489 1957.77
0.159709 1908.1
0.165845 1941.15
0.171974 2028.12
0.178125 1958.01
0.184229 2053.82
0.19034 2055.22
0.196428 1995.01
0.202534 1967.2
0.208729 2091.8
0.214876 2075.32
0.220989 2075.42
0.227147 1966.97
0.23329 2049.51
0.239377 2084.49
0.245482 2073.5
0.251667 2036.22
0.257832 2012.86
0.263955 2050.05
0.270079 2041.8
0.27624 2067.51
0.282372 2098.57
0.28843 2067.2
0.294538 2026.13
0.300721 2011
0.30691 2020.31
0.313033 2043.35
0.319153 2051.19
0.325316 2029.25
0.33145 2041.75
0.337538 2048.71
0.343633 2028.48
0.349808 2010.14
0.355968 2019.21
0.362074 2017.69
0.368217 2000.19
0.374374 2042.05
0.380519 1971.3
0.386598 1974.64
0.392688 2003.36
0.39888 1975.06
0.405048 1992.45
0.411186 1953.13
0.417313 1959
0.423458 1975.27
0.429607 1963.05
0.435692 1934.94
0.441815 1951.01
0.447964 1953.52
0.454126 1943.95
0.460267 1921.1
0.466387 1952.18
0.47254 1919.21
0.478662 1914.29
0.484765 1921.57
0.490885 1883.51
0.497035 1910.59
0.503198 1879.99
0.509342 1898.64
0.515458 1872.63
0.521598 1868.36
0.527764 1870.78
0.533884 1865.82
0.54 1852.56
0.546137 1854.5
0.552299 1845.86
0.558452 1839
0.564573 1847.13
0.570708 1824.8
0.576825 1819.84
0.582926 1812.01
0.589034 1809.31
0.595184 1803.57
0.601379 1802.79
0.607522 1799.96
0.613639 1801.84
0.619772 1774.21
0.625918 1779.11
0.632068 1763.12
0.638161 1770.92
0.6443 1767.17
0.650464 1753.93
0.656582 1740.08
0.662703 1738.79
0.668861 1725.2
0.675024 1736.99
0.681124 1720.56
0.687237 1718.83
0.693381 1706.74
0.699536 1703.99
0.705665 1690.97
0.711789 1695.26
0.717957 1696.76
0.72409 1676.46
0.730186 1673.17
0.736317 1675.2
0.742472 1661.05
0.748622 1654.33
0.75476 1647.83
0.760888 1651.47
0.767043 1640.99
0.773185 1637.27
0.779291 1622.65
0.785407 1623.35
0.791564 1619.34
0.797719 1618.44
0.803834 1608.44
0.809972 1598.36
0.816124 1585.91
0.822261 1581.95
0.828378 1592.52
0.834502 1575.28
0.840667 1577.12
0.846816 1562.92
0.852925 1552.87
0.859047 1554.44
0.865192 1535.43
0.871341 1537.4
0.877463 1524.81
0.883569 1515.91
0.889708 1514.29
0.895864 1520.35
0.902008 1514.08
0.908149 1505.85
0.914301 1501.72
0.920448 1492.81
0.926574 1489.13
0.932687 1482.61
0.938823 1479.77
0.944975 1469.02
0.951105 1466.51
0.957225 1461.21
0.963368 1444.39
0.969511 1448.14
0.975621 1435.63
0.981748 1432.24
0.987916 1433.82
0.99406 1419.63
1.00019 1412.52
1.00632 1407.18
1.01246 1399.69
1.01859 1397.47
1.02471 1389.8
1.03085 1389.15
1.03698 1379.94
1.04314 1382.13
1.04929 1372.02
1.05541 1366.68
1.06154 1359.38
1.06769 1347.59
1.07382 1349.76
1.07993 1337.68
1.08607 1333.9
1.09222 1332.77
1.09836 1318.04
1.10449 1319.26
1.11063 1310.76
1.11677 1308.39
1.1229 1292.08
1.12903 1295.43
1.13518 1289.17
1.14131 1284.87
1.14745 1278.99
1.15359 1266.56
1.15973 1263.93
1.16584 1264.4
1.17197 1251.38
1.17811 1245.47
1.18424 1243.26
1.19038 1232.76
1.19652 1227.36
1.20267 1224.9
1.20881 1214.92
1.21495 1215.52
1.22108 1203.74
1.2272 1199.25
1.23334 1196.36
1.23949 1193.38
1.24562 1190.86
1.25174 1185.07
1.25789 1177.08
1.26402 1171.66
1.27014 1161.83
1.27628 1160.34
1.28244 1150.92
1.28858 1145.74
1.29471 1145.42
1.30084 1133.27
1.30697 1129.96
1.31312 1128.48
1.31925 1119.69
1.32537 1115.32
1.33151 1112.91
1.33765 1104.96
1.34378 1101.23
1.34992 1096.26
1.35606 1090.98
1.3622 1084.11
1.36833 1080.45
1.37445 1076.76
1.38059 1074.56
1.38675 1064.7
1.39288 1057.49
1.39901 1052.96
1.40515 1052.05
1.4113 1045.41
1.41742 1046.4
1.42355 1037.89
1.4297 1031.34
1.43585 1029.45
1.44198 1022.11
1.44809 1018.63
1.45423 1011.26
1.46036 1015.93
1.46649 1004.94
1.47263 998.006
1.47877 995.782
1.48491 991.877
1.49104 985.027
1.49718 981.406
1.50333 976.371
1.50947 977.31
1.5156 966.364
1.52172 961.953
1.52787 957.062
1.534 954.642
1.54013 952.356
1.54627 944.753
1.55241 937.484
1.55855 936.108
1.56467 932.522
1.5708 930.696
