0.00783031 2988.76
0.013688 678.812
0.019231 -37.5874
0.0249154 -115.437
0.0312784 59.3766
0.0375637 -431.08
0.0433917 -233.589
0.0492413 -100.595
0.0555754 -277.335
0.0619321 -64.5829
0.067871 -202.8
0.0738098 -246.249
0.0800417 -309.35
0.0862327 -259.523
0.0921407 -210.034
0.0982031 -171.803
0.104506 -193.097
0.110769 -160.483
0.116806 -211.129
0.122832 -232.134
0.129052 -128.409
0.135211 -148.108
0.141259 -214.433
0.147318 -198.995
0.153489 -159.179
0.159709 -203.822
0.165845 -192.275
0.171974 -149.659
0.178125 -184.122
0.184229 -152.24
0.19034 -142.104
0.196428 -176.709
0.202534 -179.907
0.208729 -151.84
0.214876 -146.588
0.220989 -147.865
0.227147 -165.985
0.23329 -161.104
0.239377 -137.998
0.245482 -153.505
0.251667 -144.548
0.257832 -161.635
0.263955 -143.143
0.270079 -139.231
0.27624 -138.695
0.282372 -126.4
0.28843 -135.596
0.294538 -139.792
0.300721 -134.633
0.30691 -144.933
0.313033 -130.151
0.319153 -135.912
0.325316 -136.64
0.33145 -132.557
0.337538 -125.325
0.343633 -127.738
0.349808 -121.041
0.355968 -123.888
0.362074 -123.109
0.368217 -123.798
0.374374 -114.276
0.380519 -118.835
0.386598 -115.553
0.392688 -118.853
0.39888 -110.557
0.405048 -113.773
0.411186 -113.003
0.417313 -109.776
0.423458 -100.729
0.429607 -107.893
0.435692 -108.363
0.441815 -106.377
0.447964 -107.254
0.454126 -100.798
0.460267 -103.996
0.466387 -100.264
0.47254 -102.384
0.478662 -99.6801
0.484765 -100.434
0.490885 -97.4437
0.497035 -97.5393
0.503198 -99.8603
0.509342 -100.64
0.515458 -95.8409
0.521598 -96.6411
0.527764 -93.084
0.533884 -96.4287
0.54 -93.6353
0.546137 -93.1676
0.552299 -89.8655
0.558452 -91.5349
0.564573 -91.13
0.570708 -90.5348
0.576825 -92.8795
0.582926 -89.6405
0.589034 -85.1768
0.595184 -86.9745
0.601379 -87.5231
0.607522 -85.1063
0.613639 -85.7403
0.619772 -83.773
0.625918 -83.782
0.632068 -84.3208
0.638161 -82.2713
0.6443 -83.3628
0.650464 -79.8131
0.656582 -81.1254
0.662703 -78.5136
0.668861 -79.2112
0.675024 -78.7657
0.681124 -77.1269
0.687237 -78.6135
0.693381 -78.3382
0.699536 -77.7813
0.705665 -76.2345
0.711789 -76.4216
0.717957 -76.749
0.72409 -75.5721
0.730186 -74.1045
0.736317 -74.3856
0.742472 -74.589
0.748622 -72.6812
0.75476 -73.0518
0.760888 -72.7875
0.767043 -72.8295
0.773185 -72.1798
0.779291 -71.61
0.785407 -71.0855
0.791564 -70.0609
0.797719 -70.8053
0.803834 -70.7497
0.809972 -69.9175
0.816124 -67.7991
0.822261 -69.6075
0.828378 -67.8767
0.834502 -68.8148
0.840667 -67.0929
0.846816 -65.8499
0.852925 -66.9953
0.859047 -66.1813
0.865192 -64.9019
0.871341 -65.6338
0.877463 -65.1157
0.883569 -63.9705
0.889708 -65.2608
0.895864 -63.4434
0.902008 -63.1306
0.908149 -64.3358
0.914301 -63.4397
0.920448 -62.8573
0.926574 -62.738
0.932687 -62.5136
0.938823 -62.0621
0.944975 -60.6568
0.951105 -60.6254
0.957225 -60.5249
0.963368 -60.4875
0.969511 -60.2427
0.975621 -59.6952
0.981748 -59.073
0.987916 -58.2372
0.99406 -58.2369
1.00019 -57.5363
1.00632 -57.6493
1.01246 -57.7228
1.01859 -56.8805
1.02471 -56.7804
1.03085 -56.9472
1.03698 -56.1015
1.04314 -56.1723
1.04929 -56.2716
1.05541 -55.8062
1.06154 -55.1425
1.06769 -55.1255
1.07382 -54.1715
1.07993 -53.4144
1.08607 -53.5087
1.09222 -53.1899
1.09836 -53.1071
1.10449 -52.7279
1.11063 -52.1607
1.11677 -51.6381
1.1229 -51.8014
1.12903 -51.7336
1.13518 -51.0913
1.14131 -51.0074
1.14745 -50.7455
1.15359 -50.3896
1.15973 -49.5571
1.16584 -49.7162
1.17197 -49.496
1.17811 -48.9655
1.18424 -48.7621
1.19038 -48.0319
1.19652 -48.0505
1.20267 -48.016
1.20881 -47.5536
1.21495 -47.2757
1.22108 -46.9476
1.2272 -46.8666
1.23334 -46.72
1.23949 -46.1904
1.24562 -46.359
1.25174 -45.6586
1.25789 -45.574
1.26402 -45.0494
1.27014 -44.8576
1.27628 -44.5426
1.28244 -44.5724
1.28858 -44.2128
1.29471 -43.9409
1.30084 -43.7901
1.30697 -43.2352
1.31312 -43.1408
1.31925 -42.6261
1.32537 -42.4976
1.33151 -42.654
1.33765 -41.9976
1.34378 -41.9851
1.34992 -41.6107
1.35606 -41.1698
1.3622 -41.012
1.36833 -40.646
1.37445 -40.68
1.38059 -40.5219
1.38675 -40.518
1.39288 -39.5309
1.39901 -39.7154
1.40515 -39.4083
1.4113 -39.3386
1.41742 -39.3179
1.42355 -38.4928
1.4297 -38.7708
1.43585 -38.5717
1.44198 -38.0231
1.44809 -38.0639
1.45423 -37.8289
1.46036 -37.8067
1.46649 -37.5076
1.47263 -36.911
1.47877 -37.0578
1.48491 -36.65
1.49104 -36.793
1.49718 -36.1661
1.50333 -36.0848
1.50947 -36.0611
1.5156 -35.2637
1.52172 -35.3573
1.52787 -35.2733
1.534 -34.9841
1.54013 -34.9945
1.54627 -34.4376
1.55241 -34.488
1.55855 -34.1974
1.56467 -34.133
1.5708 -33.588
