0.00783031 5786.69
0.013688 3999.06
0.019231 3723.75
0.0249154 2997.08
0.0312784 3258.13
0.0375637 2799.42
0.0433917 2997.56
0.0492413 2663.19
0.0555754 2433.69
0.0619321 2369.93
0.067871 2395.15
0.0738098 2126.92
0.0800417 2046.14
0.0862327 1945.52
0.0921407 1788.53
0.0982031 1724.94
0.104506 1733.85
0.110769 1529.79
0.116806 1468.31
0.122832 1420.4
0.129052 1386.85
0.135211 1316.34
0.141259 1294.94
0.147318 1238.76
0.153489 1186.51
0.159709 1156.89
0.165845 1112.47
0.171974 1069.22
0.178125 1037.1
0.184229 1027.22
0.19034 996.017
0.196428 945.042
0.202534 926.158
0.208729 885.589
0.214876 866.002
0.220989 833.641
0.227147 819.318
0.23329 784.622
0.239377 779.733
0.245482 752.769
0.251667 744.983
0.257832 727.177
0.263955 703.154
0.270079 685.156
0.27624 681.03
0.282372 665.2
0.28843 642.572
0.294538 636.685
0.300721 622.648
0.30691 616.342
0.313033 591.676
0.319153 584.214
0.325316 572.844
0.33145 564.814
0.337538 556.218
0.343633 546.523
0.349808 529.768
0.355968 519.64
0.362074 516.87
0.368217 504.143
0.374374 490.744
0.380519 486.496
0.386598 483.466
0.392688 472.487
0.39888 461.982
0.405048 452.106
0.411186 448.825
0.417313 444.534
0.423458 435.649
0.429607 426.831
0.435692 422.728
0.441815 419.543
0.447964 413.659
0.454126 403.785
0.460267 399.168
0.466387 393.601
0.47254 388.748
0.478662 381.935
0.484765 381.117
0.490885 376.813
0.497035 368.84
0.503198 364.504
0.509342 361.214
0.515458 357.096
0.521598 352.215
0.527764 349.927
0.533884 341.603
0.54 338.896
0.546137 333.821
0.552299 331.812
0.558452 328.709
0.564573 324.056
0.570708 319.268
0.576825 318.923
0.582926 315.543
0.589034 311.627
0.595184 306.364
0.601379 304.238
0.607522 300.661
0.613639 298.592
0.619772 295.185
0.625918 290.375
0.632068 289.377
0.638161 284.437
0.6443 282.761
0.650464 281.999
0.656582 277.221
0.662703 274.6
0.668861 274.276
0.675024 271.285
0.681124 269.123
0.687237 265.857
0.693381 262.996
0.699536 261.579
0.705665 258.265
0.711789 257.151
0.717957 253.743
0.72409 251.429
0.730186 252.156
0.736317 249.928
0.742472 247.127
0.748622 244.291
0.75476 242.259
0.760888 241.767
0.767043 240.153
0.773185 238.763
0.779291 234.645
0.785407 233.723
0.791564 231.468
0.797719 230.072
0.803834 229.314
0.809972 227.675
0.816124 225.431
0.822261 223.661
0.828378 223.079
0.834502 221.276
0.840667 219.466
0.846816 217.879
0.852925 216.324
0.859047 214.745
0.865192 213.703
0.871341 212.133
0.877463 210.997
0.883569 209.095
0.889708 208.367
0.895864 207.568
0.902008 205.358
0.908149 204.774
0.914301 203.694
0.920448 202.097
0.926574 201.358
0.932687 199.956
0.938823 198.476
0.944975 197.745
0.951105 195.845
0.957225 195.497
0.963368 193.736
0.969511 193.289
0.975621 191.861
0.981748 189.997
0.987916 189.316
0.99406 188.762
1.00019 187.267
1.00632 187.046
1.01246 185.695
1.01859 185.137
1.02471 183.397
1.03085 182.848
1.03698 181.272
1.04314 180.996
1.04929 180.734
1.05541 179.031
1.06154 178.408
1.06769 177.124
1.07382 176.3
1.07993 176.048
1.08607 174.655
1.09222 173.944
1.09836 173.734
1.10449 172.903
1.11063 171.541
1.11677 171.013
1.1229 170.761
1.12903 169.174
1.13518 168.949
1.14131 168.4
1.14745 167.346
1.15359 166.698
1.15973 165.478
1.16584 165.249
1.17197 164.459
1.17811 163.788
1.18424 163.23
1.19038 162.203
1.19652 161.501
1.20267 161.132
1.20881 160.801
1.21495 159.441
1.22108 159.228
1.2272 158.842
1.23334 158.45
1.23949 157.34
1.24562 156.704
1.25174 156.747
1.25789 156.139
1.26402 154.796
1.27014 154.574
1.27628 154.074
1.28244 153.433
1.28858 153.296
1.29471 152.922
1.30084 152.439
1.30697 151.231
1.31312 150.79
1.31925 150.155
1.32537 149.285
1.33151 149.29
1.33765 148.557
1.34378 148.26
1.34992 147.958
1.35606 147.345
1.3622 146.993
1.36833 146.601
1.37445 145.803
1.38059 145.266
1.38675 145.206
1.39288 144.041
1.39901 144.103
1.40515 143.25
1.4113 143.319
1.41742 142.988
1.42355 142.251
1.4297 141.844
1.43585 141.552
1.44198 141.05
1.44809 140.808
1.45423 140.126
1.46036 139.834
1.46649 139.653
1.47263 139.009
1.47877 138.741
1.48491 138.39
1.49104 137.668
1.49718 137.458
1.50333 136.798
1.50947 136.435
1.5156 136.554
1.52172 136.15
1.52787 135.634
1.534 135.087
1.54013 134.941
1.54627 134.663
1.55241 133.877
1.55855 133.852
1.56467 133.415
1.5708 133.003
