0.00783031 3667.38
0.013688 -958.52
0.019231 -563.67
0.0249154 786.09
0.0312784 -281.175
0.0375637 -256.418
0.0433917 -301.601
0.0492413 -424.231
0.0555754 -58.0859
0.0619321 -149.133
0.067871 -59.1779
0.0738098 -205.97
0.0800417 -191.717
0.0862327 -74.9473
0.0921407 -302.223
0.0982031 -166.812
0.104506 -185.489
0.110769 -194.787
0.116806 -216.788
0.122832 -168.47
0.129052 -215.753
0.135211 -149.858
0.141259 -206.471
0.147318 -214.547
0.153489 -229.607
0.159709 -171.425
0.165845 -223.718
0.171974 -188.527
0.178125 -184.207
0.184229 -185.369
0.19034 -181.854
0.196428 -178.788
0.202534 -160.411
0.208729 -180.761
0.214876 -171.846
0.220989 -149.368
0.227147 -183.461
0.23329 -149.857
0.239377 -156.673
0.245482 -150.699
0.251667 -155.455
0.257832 -144.025
0.263955 -165.137
0.270079 -151.047
0.27624 -140.521
0.282372 -144.634
0.28843 -146.217
0.294538 -140.648
0.300721 -135.135
0.30691 -140.621
0.313033 -134.745
0.319153 -135.415
0.325316 -138.823
0.33145 -132.447
0.337538 -131.929
0.343633 -124.064
0.349808 -126.868
0.355968 -125.888
0.362074 -121.151
0.368217 -119.997
0.374374 -121.161
0.380519 -117.552
0.386598 -124.574
0.392688 -122.708
0.39888 -116.612
0.405048 -116.188
0.411186 -116.675
0.417313 -116.772
0.423458 -110.649
0.429607 -112.674
0.435692 -112.527
0.441815 -109.168
0.447964 -110.236
0.454126 -105.997
0.460267 -109.54
0.466387 -107.771
0.47254 -104.512
0.478662 -103.817
0.484765 -99.7997
0.490885 -103.185
0.497035 -99.979
0.503198 -99.744
0.509342 -96.1532
0.515458 -98.1951
0.521598 -96.1474
0.527764 -97.6445
0.533884 -98.455
0.54 -98.1925
0.546137 -94.1151
0.552299 -96.1807
0.558452 -93.1376
0.564573 -93.3882
0.570708 -91.6851
0.576825 -90.748
0.582926 -92.9389
0.589034 -89.3236
0.595184 -90.264
0.601379 -90.4536
0.607522 -86.9089
0.613639 -87.3044
0.619772 -89.0624
0.625918 -84.2526
0.632068 -86.6608
0.638161 -84.405
0.6443 -85.798
0.650464 -84.3281
0.656582 -83.5125
0.662703 -84.6581
0.668861 -84.0483
0.675024 -81.7445
0.681124 -83.7137
0.687237 -79.7479
0.693381 -81.3703
0.699536 -81.0165
0.705665 -79.5471
0.711789 -78.2988
0.717957 -78.9409
0.72409 -77.6497
0.730186 -78.8501
0.736317 -77.1584
0.742472 -77.2517
0.748622 -76.8256
0.75476 -75.2241
0.760888 -75.202
0.767043 -74.4232
0.773185 -74.0637
0.779291 -73.1407
0.785407 -74.1227
0.791564 -73.2231
0.797719 -73.2857
0.803834 -71.4313
0.809972 -72.5668
0.816124 -71.7726
0.822261 -70.4422
0.828378 -69.242
0.834502 -70.0787
0.840667 -70.5716
0.846816 -68.8599
0.852925 -69.18
0.859047 -68.9427
0.865192 -68.0222
0.871341 -67.1563
0.877463 -66.9877
0.883569 -67.2742
0.889708 -66.337
0.895864 -67.0275
0.902008 -65.7231
0.908149 -64.3399
0.914301 -63.9575
0.920448 -65.4721
0.926574 -63.9908
0.932687 -63.2622
0.938823 -62.439
0.944975 -63.4027
0.951105 -61.7494
0.957225 -62.1664
0.963368 -61.577
0.969511 -61.4979
0.975621 -60.3503
0.981748 -61.1453
0.987916 -59.9089
0.99406 -61.0662
1.00019 -59.3589
1.00632 -59.2836
1.01246 -58.0818
1.01859 -58.1704
1.02471 -58.1337
1.03085 -57.66
1.03698 -57.7267
1.04314 -57.1614
1.04929 -56.9037
1.05541 -56.7727
1.06154 -56.1719
1.06769 -55.7309
1.07382 -55.5337
1.07993 -55.4673
1.08607 -54.4639
1.09222 -54.5022
1.09836 -53.8797
1.10449 -54.0004
1.11063 -52.8019
1.11677 -53.1861
1.1229 -53.3802
1.12903 -52.7593
1.13518 -52.555
1.14131 -52.6761
1.14745 -52.2609
1.15359 -50.9574
1.15973 -51.1478
1.16584 -51.0566
1.17197 -50.8079
1.17811 -50.664
1.18424 -49.5317
1.19038 -49.609
1.19652 -49.6046
1.20267 -49.2408
1.20881 -48.7225
1.21495 -48.5609
1.22108 -49.0632
1.2272 -47.8023
1.23334 -48.0285
1.23949 -46.8742
1.24562 -47.0159
1.25174 -46.3663
1.25789 -46.5919
1.26402 -46.0627
1.27014 -45.9603
1.27628 -45.9092
1.28244 -45.1685
1.28858 -45.5689
1.29471 -45.2172
1.30084 -44.919
1.30697 -44.4502
1.31312 -44.337
1.31925 -44.0963
1.32537 -43.5358
1.33151 -43.3709
1.33765 -43.109
1.34378 -42.8952
1.34992 -43.0826
1.35606 -42.5854
1.3622 -42.0127
1.36833 -41.855
1.37445 -41.8459
1.38059 -41.5501
1.38675 -40.8112
1.39288 -40.5038
1.39901 -40.7095
1.40515 -40.7028
1.4113 -40.4374
1.41742 -39.7379
1.42355 -39.759
1.4297 -39.5304
1.43585 -39.0166
1.44198 -38.6653
1.44809 -38.703
1.45423 -38.2841
1.46036 -38.2416
1.46649 -38.3061
1.47263 -37.7239
1.47877 -37.6605
1.48491 -37.3703
1.49104 -37.2148
1.49718 -36.9629
1.50333 -36.6987
1.50947 -36.7226
1.5156 -36.2131
1.52172 -36.0462
1.52787 -35.6652
1.534 -35.3128
1.54013 -35.3906
1.54627 -35.4589
1.55241 -35.1131
1.55855 -34.7035
1.56467 -34.3275
1.5708 -34.428
