0.00783031 3415.83
0.013688 -1970.67
0.019231 -327.486
0.0249154 -379.97
0.0312784 320.009
0.0375637 -245.53
0.0433917 -142.227
0.0492413 225.229
0.0555754 -69.6398
0.0619321 -439.299
0.067871 -389.907
0.0738098 49.1106
0.0800417 27.8214
0.0862327 -230.507
0.0921407 -141.267
0.0982031 -223.791
0.104506 -272.66
0.110769 -256.937
0.116806 -214.784
0.122832 -187.538
0.129052 -194.81
0.135211 -156.756
0.141259 -151.049
0.147318 -199.451
0.153489 -127.969
0.159709 -223.527
0.165845 -176.53
0.171974 -161.856
0.178125 -185.031
0.184229 -204.246
0.19034 -170.553
0.196428 -204.71
0.202534 -161.551
0.208729 -170.189
0.214876 -157.048
0.220989 -177.302
0.227147 -167.823
0.23329 -166.518
0.239377 -164.052
0.245482 -168.206
0.251667 -162.545
0.257832 -157.321
0.263955 -144.295
0.270079 -141.485
0.27624 -150.31
0.282372 -141.67
0.28843 -152.917
0.294538 -140.372
0.300721 -137.752
0.30691 -133.481
0.313033 -142.667
0.319153 -131.195
0.325316 -138.239
0.33145 -133.687
0.337538 -126.452
0.343633 -129.906
0.349808 -128.276
0.355968 -124.744
0.362074 -122.437
0.368217 -124.515
0.374374 -126.26
0.380519 -124.567
0.386598 -119.045
0.392688 -118.633
0.39888 -120.292
0.405048 -118.993
0.411186 -117.385
0.417313 -112.124
0.423458 -111.067
0.429607 -118.67
0.435692 -112.711
0.441815 -110.166
0.447964 -108.97
0.454126 -106.005
0.460267 -107.416
0.466387 -109.022
0.47254 -107.591
0.478662 -105.271
0.484765 -105.154
0.490885 -103.593
0.497035 -101.882
0.503198 -104.03
0.509342 -101.973
0.515458 -98.6013
0.521598 -102.018
0.527764 -100.29
0.533884 -97.4771
0.54 -97.4578
0.546137 -97.8473
0.552299 -97.6256
0.558452 -94.1979
0.564573 -93.7087
0.570708 -93.0248
0.576825 -93.2218
0.582926 -92.4827
0.589034 -92.0365
0.595184 -90.5253
0.601379 -90.1602
0.607522 -91.4201
0.613639 -89.6612
0.619772 -88.891
0.625918 -85.7493
0.632068 -87.4341
0.638161 -88.6939
0.6443 -86.5845
0.650464 -86.4355
0.656582 -85.6463
0.662703 -83.9811
0.668861 -85.6674
0.675024 -83.9207
0.681124 -83.5291
0.687237 -82.1416
0.693381 -80.8497
0.699536 -80.2832
0.705665 -81.0539
0.711789 -81.4139
0.717957 -79.6853
0.72409 -79.8921
0.730186 -78.2833
0.736317 -79.1736
0.742472 -78.3429
0.748622 -76.3742
0.75476 -76.3629
0.760888 -77.3998
0.767043 -75.6564
0.773185 -75.411
0.779291 -75.1306
0.785407 -74.4683
0.791564 -74.6263
0.797719 -73.9041
0.803834 -72.1639
0.809972 -71.9456
0.816124 -71.8781
0.822261 -71.0503
0.828378 -72.2061
0.834502 -70.4915
0.840667 -71.3299
0.846816 -70.4969
0.852925 -70.1565
0.859047 -69.2413
0.865192 -69.7793
0.871341 -68.3641
0.877463 -67.5182
0.883569 -67.1013
0.889708 -67.5298
0.895864 -68.13
0.902008 -65.892
0.908149 -65.9983
0.914301 -66.0189
0.920448 -65.4119
0.926574 -64.7733
0.932687 -64.5417
0.938823 -63.7457
0.944975 -64.153
0.951105 -63.2229
0.957225 -62.5026
0.963368 -61.8609
0.969511 -61.6907
0.975621 -61.3141
0.981748 -61.4176
0.987916 -61.5047
0.99406 -61.9315
1.00019 -61.032
1.00632 -60.2119
1.01246 -59.3946
1.01859 -59.3875
1.02471 -58.3847
1.03085 -58.7341
1.03698 -58.32
1.04314 -57.9653
1.04929 -58.0568
1.05541 -56.8245
1.06154 -57.1434
1.06769 -56.536
1.07382 -56.2164
1.07993 -55.8558
1.08607 -55.6796
1.09222 -54.9241
1.09836 -54.8496
1.10449 -54.5524
1.11063 -54.5112
1.11677 -54.4098
1.1229 -53.9351
1.12903 -53.6617
1.13518 -53.1357
1.14131 -52.4093
1.14745 -52.6069
1.15359 -52.9267
1.15973 -52.4243
1.16584 -51.3487
1.17197 -51.657
1.17811 -50.8083
1.18424 -50.5237
1.19038 -50.1902
1.19652 -50.2627
1.20267 -49.7903
1.20881 -49.431
1.21495 -48.7748
1.22108 -48.6753
1.2272 -48.5682
1.23334 -48.3295
1.23949 -48.7217
1.24562 -47.9231
1.25174 -47.2503
1.25789 -46.7789
1.26402 -46.9965
1.27014 -46.7002
1.27628 -46.1899
1.28244 -46.0895
1.28858 -46.0419
1.29471 -45.6885
1.30084 -45.3996
1.30697 -45.3438
1.31312 -44.6919
1.31925 -44.6688
1.32537 -44.5535
1.33151 -44.3114
1.33765 -43.4635
1.34378 -43.3815
1.34992 -43.2278
1.35606 -43.0561
1.3622 -42.6401
1.36833 -42.0246
1.37445 -42.4166
1.38059 -42.3017
1.38675 -41.3065
1.39288 -41.6156
1.39901 -40.9285
1.40515 -41.0726
1.4113 -40.5987
1.41742 -40.6727
1.42355 -40.1752
1.4297 -40.1314
1.43585 -40.0453
1.44198 -39.2152
1.44809 -39.2622
1.45423 -38.967
1.46036 -38.8151
1.46649 -38.5785
1.47263 -38.675
1.47877 -38.1532
1.48491 -37.8965
1.49104 -37.8033
1.49718 -37.613
1.50333 -36.9927
1.50947 -37.0621
1.5156 -36.882
1.52172 -36.5934
1.52787 -36.4653
1.534 -36.0153
1.54013 -35.9807
1.54627 -35.4193
1.55241 -35.7276
1.55855 -35.442
1.56467 -35.2442
1.5708 -34.9331
