0.00783031 20314.1
0.013688 25055.4
0.019231 25172.5
0.0249154 23087.3
0.0312784 20062.9
0.0375637 16978.4
0.0433917 14940.4
0.0492413 12829.6
0.0555754 11912.7
0.0619321 11018.7
0.067871 9956.58
0.0738098 9243.92
0.0800417 8322.66
0.0862327 7338.45
0.0921407 6525.99
0.0982031 5897.73
0.104506 5391.17
0.110769 4927.46
0.116806 4664.58
0.122832 4434.33
0.129052 4247.4
0.135211 3932.85
0.141259 3729.24
0.147318 3383.55
0.153489 3305.62
0.159709 2951.87
0.165845 2833.77
0.171974 2680.77
0.178125 2480.61
0.184229 2436.58
0.19034 2289.07
0.196428 2166.38
0.202534 2081.65
0.208729 2027.02
0.214876 1923.07
0.220989 1796.35
0.227147 1699.99
0.23329 1649.49
0.239377 1574.58
0.245482 1564.1
0.251667 1494.8
0.257832 1397.69
0.263955 1404.78
0.270079 1340
0.27624 1272.56
0.282372 1216.04
0.28843 1217.62
0.294538 1168.35
0.300721 1128.92
0.30691 1068.6
0.313033 1039.11
0.319153 1004.71
0.325316 983.965
0.33145 960.677
0.337538 925.605
0.343633 907.289
0.349808 880.938
0.355968 861.651
0.362074 830.789
0.368217 808.208
0.374374 791.276
0.380519 763.64
0.386598 750.93
0.392688 727.083
0.39888 708.072
0.405048 697.513
0.411186 682.368
0.417313 665.397
0.423458 644.335
0.429607 633.521
0.435692 621.696
0.441815 604.189
0.447964 592.177
0.454126 578.21
0.460267 558.206
0.466387 554.261
0.47254 539.666
0.478662 530.262
0.484765 520.522
0.490885 508.986
0.497035 498.542
0.503198 486.977
0.509342 474.73
0.515458 463.715
0.521598 459.276
0.527764 451.848
0.533884 439.314
0.54 435.299
0.546137 426.779
0.552299 413.707
0.558452 407.229
0.564573 403.033
0.570708 396.069
0.576825 388.53
0.582926 382.708
0.589034 375.576
0.595184 369.256
0.601379 361.973
0.607522 357.016
0.613639 348.872
0.619772 342.33
0.625918 338.231
0.632068 332.538
0.638161 326.574
0.6443 324.136
0.650464 318.481
0.656582 311.261
0.662703 308.399
0.668861 301.016
0.675024 296.624
0.681124 292.203
0.687237 287.28
0.693381 284.069
0.699536 280.727
0.705665 276.297
0.711789 273.251
0.717957 266.189
0.72409 263.552
0.730186 259.403
0.736317 255.605
0.742472 252.484
0.748622 247.119
0.75476 245.192
0.760888 241.101
0.767043 239.625
0.773185 234.904
0.779291 231.358
0.785407 228.448
0.791564 224.406
0.797719 221.723
0.803834 219.621
0.809972 216.041
0.816124 213.29
0.822261 209.434
0.828378 207.408
0.834502 204.464
0.840667 200.96
0.846816 198.798
0.852925 195.143
0.859047 193.754
0.865192 189.394
0.871341 187.649
0.877463 185.734
0.883569 182.843
0.889708 180.966
0.895864 178.907
0.902008 175.808
0.908149 172.805
0.914301 170.493
0.920448 167.872
0.926574 166.699
0.932687 165.031
0.938823 162.242
0.944975 160.338
0.951105 158.295
0.957225 156.569
0.963368 154.127
0.969511 152.916
0.975621 149.727
0.981748 148.376
0.987916 146.295
0.99406 145.338
1.00019 142.997
1.00632 140.273
1.01246 139.212
1.01859 137.821
1.02471 136.384
1.03085 134.463
1.03698 132.895
1.04314 130.819
1.04929 129.153
1.05541 128.179
1.06154 126.844
1.06769 125.193
1.07382 123.726
1.07993 121.767
1.08607 120.485
1.09222 119.262
1.09836 118.08
1.10449 116.009
1.11063 115.135
1.11677 113.945
1.1229 112.648
1.12903 111.066
1.13518 110.102
1.14131 108.087
1.14745 107.327
1.15359 105.944
1.15973 105.002
1.16584 103.67
1.17197 102.04
1.17811 101.432
1.18424 100.301
1.19038 98.9562
1.19652 97.6528
1.20267 96.7738
1.20881 96.1703
1.21495 94.4727
1.22108 93.6616
1.2272 92.4884
1.23334 91.548
1.23949 90.5182
1.24562 89.6647
1.25174 88.5916
1.25789 87.4342
1.26402 86.6104
1.27014 85.6625
1.27628 84.8045
1.28244 83.6505
1.28858 82.8117
1.29471 82.0418
1.30084 81.2685
1.30697 80.4356
1.31312 79.3705
1.31925 78.637
1.32537 77.6917
1.33151 77.3065
1.33765 76.2267
1.34378 75.3426
1.34992 74.376
1.35606 73.8269
1.3622 73.1046
1.36833 72.3467
1.37445 71.3824
1.38059 70.901
1.38675 70.004
1.39288 69.5019
1.39901 68.7451
1.40515 68.1585
1.4113 67.2885
1.41742 66.58
1.42355 65.8767
1.4297 65.1896
1.43585 64.7366
1.44198 63.9779
1.44809 63.3549
1.45423 62.8214
1.46036 62.2178
1.46649 61.6211
1.47263 60.9155
1.47877 60.4369
1.48491 59.8095
1.49104 59.2462
1.49718 58.6268
1.50333 58.1906
1.50947 57.4633
1.5156 57.1652
1.52172 56.4452
1.52787 55.9103
1.534 55.2945
1.54013 54.7519
1.54627 54.4808
1.55241 53.8379
1.55855 53.348
1.56467 52.8505
1.5708 52.4036
