0.00783031 20432.5
0.013688 24638.4
0.019231 25475.3
0.0249154 23359.4
0.0312784 20160
0.0375637 17388.8
0.0433917 15145.3
0.0492413 13127.4
0.0555754 12219.8
0.0619321 11418.2
0.067871 10516.2
0.0738098 9933.65
0.0800417 8955.53
0.0862327 7901.7
0.0921407 7391.16
0.0982031 6417.82
0.104506 6004.79
0.110769 5630.84
0.116806 5324.24
0.122832 5249.8
0.129052 5063.8
0.135211 4758.59
0.141259 4426.49
0.147318 4247.8
0.153489 3959.41
0.159709 3778.59
0.165845 3667.04
0.171974 3406.19
0.178125 3286.02
0.184229 3174.4
0.19034 3076.26
0.196428 3017.72
0.202534 2884.18
0.208729 2783.97
0.214876 2715.22
0.220989 2605.16
0.227147 2519.17
0.23329 2459.16
0.239377 2325.03
0.245482 2307.14
0.251667 2286.12
0.257832 2200.21
0.263955 2146.08
0.270079 2131.71
0.27624 2050.22
0.282372 2017.93
0.28843 1973.05
0.294538 1938.64
0.300721 1870.42
0.30691 1866.35
0.313033 1819.15
0.319153 1801.75
0.325316 1758.59
0.33145 1731.08
0.337538 1676.65
0.343633 1678.44
0.349808 1646.27
0.355968 1613.15
0.362074 1591.58
0.368217 1551.99
0.374374 1523.01
0.380519 1526.69
0.386598 1486.77
0.392688 1476.42
0.39888 1435.13
0.405048 1424.97
0.411186 1429.65
0.417313 1395.44
0.423458 1376.68
0.429607 1355.7
0.435692 1349.88
0.441815 1323.88
0.447964 1307.42
0.454126 1301.06
0.460267 1276.65
0.466387 1266.66
0.47254 1259.91
0.478662 1243.27
0.484765 1217.91
0.490885 1218.52
0.497035 1203.02
0.503198 1192.67
0.509342 1178.86
0.515458 1165.55
0.521598 1165.42
0.527764 1145.07
0.533884 1145.47
0.54 1118.09
0.546137 1121.41
0.552299 1098.35
0.558452 1098.37
0.564573 1086.5
0.570708 1077.02
0.576825 1063.78
0.582926 1061.17
0.589034 1056.13
0.595184 1039.86
0.601379 1035.93
0.607522 1022.43
0.613639 1015.38
0.619772 1008.27
0.625918 995.597
0.632068 989.19
0.638161 986.49
0.6443 975.735
0.650464 966.773
0.656582 955.375
0.662703 952.196
0.668861 937.416
0.675024 937.87
0.681124 932.343
0.687237 923.101
0.693381 918.819
0.699536 911.505
0.705665 905.573
0.711789 894.774
0.717957 892.221
0.72409 882.687
0.730186 876.886
0.736317 874.64
0.742472 864.133
0.748622 860.913
0.75476 856.462
0.760888 845.817
0.767043 837.911
0.773185 838.949
0.779291 830.98
0.785407 822.99
0.791564 817.468
0.797719 818.993
0.803834 804.949
0.809972 804.29
0.816124 799.506
0.822261 794.085
0.828378 786.501
0.834502 782.578
0.840667 780.989
0.846816 769.554
0.852925 770.521
0.859047 761.492
0.865192 758.821
0.871341 752.398
0.877463 748.134
0.883569 744.39
0.889708 737.152
0.895864 732.571
0.902008 729.36
0.908149 724.282
0.914301 721.23
0.920448 713.305
0.926574 711.111
0.932687 703.942
0.938823 700.822
0.944975 700.331
0.951105 690.099
0.957225 685.147
0.963368 682.692
0.969511 678.867
0.975621 677.859
0.981748 671.214
0.987916 665.375
0.99406 664.911
1.00019 657.859
1.00632 652.304
1.01246 649.094
1.01859 645.061
1.02471 640.407
1.03085 637.71
1.03698 631.453
1.04314 631.423
1.04929 624.317
1.05541 621.657
1.06154 619.966
1.06769 611.845
1.07382 605.591
1.07993 605.943
1.08607 602.318
1.09222 597.599
1.09836 596.749
1.10449 591.308
1.11063 586.412
1.11677 585.491
1.1229 579.685
1.12903 576.448
1.13518 572.163
1.14131 567.501
1.14745 567.027
1.15359 561.66
1.15973 559.281
1.16584 555.409
1.17197 552.665
1.17811 548.589
1.18424 545.425
1.19038 542.02
1.19652 541.012
1.20267 533.888
1.20881 532.015
1.21495 526.19
1.22108 524.132
1.2272 522.535
1.23334 519.808
1.23949 515.848
1.24562 512.997
1.25174 509.116
1.25789 505.796
1.26402 503.606
1.27014 501.322
1.27628 497.79
1.28244 494.41
1.28858 491.846
1.29471 488.168
1.30084 485.09
1.30697 483.091
1.31312 480.646
1.31925 477.53
1.32537 473.86
1.33151 470.476
1.33765 466.772
1.34378 464.62
1.34992 462.135
1.35606 460.32
1.3622 456.65
1.36833 452.152
1.37445 449.36
1.38059 448.505
1.38675 446.063
1.39288 442.993
1.39901 439.606
1.40515 436.922
1.4113 434.783
1.41742 434.076
1.42355 429.335
1.4297 427.482
1.43585 423.843
1.44198 422.583
1.44809 418.577
1.45423 415.354
1.46036 414.162
1.46649 411.525
1.47263 408.798
1.47877 407.313
1.48491 403.727
1.49104 401.146
1.49718 398.819
1.50333 396.081
1.50947 394.372
1.5156 391.028
1.52172 389.497
1.52787 385.958
1.534 385.045
1.54013 382.715
1.54627 379.99
1.55241 377.405
1.55855 375.452
1.56467 373.539
1.5708 370.4
