0.00783031 -37.7493
0.013688 -56.2194
0.019231 -63.9034
0.0249154 -66.1137
0.0312784 -67.8489
0.0375637 -65.0003
0.0433917 -66.6238
0.0492413 -65.0479
0.0555754 -71.1174
0.0619321 -73.8347
0.067871 -80.0192
0.0738098 -83.4517
0.0800417 -85.4655
0.0862327 -81.9032
0.0921407 -85.2837
0.0982031 -78.7074
0.104506 -84.1118
0.110769 -84.8922
0.116806 -86.1048
0.122832 -90.0922
0.129052 -97.0868
0.135211 -94.8258
0.141259 -93.2814
0.147318 -94.8862
0.153489 -93.3442
0.159709 -93.7657
0.165845 -98.2574
0.171974 -93.8269
0.178125 -94.7887
0.184229 -94.8626
0.19034 -96.716
0.196428 -98.8371
0.202534 -96.9367
0.208729 -98.5824
0.214876 -99.8729
0.220989 -99.1261
0.227147 -99.4379
0.23329 -99.0932
0.239377 -95.9851
0.245482 -97.7805
0.251667 -99.8944
0.257832 -99.2666
0.263955 -100.164
0.270079 -102.799
0.27624 -99.7867
0.282372 -101.024
0.28843 -99.6608
0.294538 -101.595
0.300721 -98.5748
0.30691 -100.38
0.313033 -99.4449
0.319153 -101.016
0.325316 -100.622
0.33145 -100.941
0.337538 -98.8502
0.343633 -99.8437
0.349808 -100.383
0.355968 -99.9333
0.362074 -100.851
0.368217 -99.3227
0.374374 -98.6848
0.380519 -100.644
0.386598 -98.5191
0.392688 -100.071
0.39888 -98.4157
0.405048 -98.096
0.411186 -99.2696
0.417313 -99.1436
0.423458 -99.9218
0.429607 -99.622
0.435692 -100.36
0.441815 -99.0184
0.447964 -97.6774
0.454126 -97.342
0.460267 -98.1661
0.466387 -97.1295
0.47254 -98.1323
0.478662 -97.7561
0.484765 -98.2776
0.490885 -98.3161
0.497035 -97.4872
0.503198 -98.6494
0.509342 -97.566
0.515458 -97.9253
0.521598 -98.465
0.527764 -96.9333
0.533884 -98.9693
0.54 -96.988
0.546137 -97.8013
0.552299 -96.9256
0.558452 -97.8073
0.564573 -97.1419
0.570708 -96.5358
0.576825 -96.5592
0.582926 -95.9431
0.589034 -97.2521
0.595184 -96.1274
0.601379 -97.8379
0.607522 -95.4019
0.613639 -95.5665
0.619772 -97.294
0.625918 -95.5149
0.632068 -95.7878
0.638161 -95.8014
0.6443 -95.0784
0.650464 -94.9608
0.656582 -95.223
0.662703 -95.405
0.668861 -93.6588
0.675024 -93.6027
0.681124 -94.6244
0.687237 -92.8887
0.693381 -94.823
0.699536 -93.7894
0.705665 -94.0409
0.711789 -92.504
0.717957 -93.0021
0.72409 -92.5742
0.730186 -92.9475
0.736317 -92.9883
0.742472 -91.9897
0.748622 -92.8822
0.75476 -92.1182
0.760888 -91.6395
0.767043 -91.4429
0.773185 -91.9939
0.779291 -91.0438
0.785407 -90.3326
0.791564 -91.3191
0.797719 -91.065
0.803834 -90.1881
0.809972 -90.9782
0.816124 -90.3741
0.822261 -90.4763
0.828378 -90.0509
0.834502 -90.7655
0.840667 -90.0777
0.846816 -90.0986
0.852925 -89.9543
0.859047 -89.4492
0.865192 -89.3876
0.871341 -88.9931
0.877463 -89.1343
0.883569 -88.8553
0.889708 -88.5787
0.895864 -88.2849
0.902008 -87.8683
0.908149 -88.3659
0.914301 -88.546
0.920448 -87.2282
0.926574 -86.3028
0.932687 -87.1063
0.938823 -86.8888
0.944975 -87.9396
0.951105 -87.1859
0.957225 -85.3291
0.963368 -85.7872
0.969511 -86.1098
0.975621 -86.0139
0.981748 -85.809
0.987916 -85.6508
0.99406 -86.1055
1.00019 -85.403
1.00632 -84.9014
1.01246 -84.078
1.01859 -84.9144
1.02471 -84.0042
1.03085 -84.1237
1.03698 -83.1743
1.04314 -83.7059
1.04929 -82.8587
1.05541 -83.4578
1.06154 -84.1457
1.06769 -82.2891
1.07382 -82.3556
1.07993 -82.4724
1.08607 -82.3153
1.09222 -81.3801
1.09836 -81.349
1.10449 -81.5041
1.11063 -81.8605
1.11677 -81.4983
1.1229 -81.3819
1.12903 -80.9244
1.13518 -80.7936
1.14131 -79.9132
1.14745 -80.3822
1.15359 -79.263
1.15973 -80.2279
1.16584 -79.6525
1.17197 -79.6128
1.17811 -78.8291
1.18424 -79.064
1.19038 -78.9884
1.19652 -78.443
1.20267 -78.1585
1.20881 -78.3833
1.21495 -77.5274
1.22108 -77.8271
1.2272 -77.5212
1.23334 -77.1398
1.23949 -76.5357
1.24562 -76.8887
1.25174 -76.5956
1.25789 -76.8985
1.26402 -76.5985
1.27014 -76.4052
1.27628 -76.5647
1.28244 -76.3891
1.28858 -75.8221
1.29471 -75.4105
1.30084 -74.6886
1.30697 -74.8213
1.31312 -74.497
1.31925 -74.5326
1.32537 -74.7669
1.33151 -74.0908
1.33765 -74.0406
1.34378 -73.7173
1.34992 -73.7386
1.35606 -73.4656
1.3622 -73.4503
1.36833 -72.8349
1.37445 -71.9865
1.38059 -72.5222
1.38675 -71.8259
1.39288 -72.323
1.39901 -71.7886
1.40515 -72.3662
1.4113 -71.5265
1.41742 -70.9044
1.42355 -71.1659
1.4297 -71.4387
1.43585 -70.694
1.44198 -70.781
1.44809 -70.1879
1.45423 -69.7823
1.46036 -69.9106
1.46649 -69.6331
1.47263 -69.1975
1.47877 -69.5062
1.48491 -68.5038
1.49104 -68.4746
1.49718 -68.1447
1.50333 -68.1936
1.50947 -68.102
1.5156 -67.6247
1.52172 -67.767
1.52787 -67.5817
1.534 -67.7426
1.54013 -67.2585
1.54627 -67.1826
1.55241 -66.6307
1.55855 -66.2921
1.56467 -66.7946
1.5708 -65.9726
