#  k  (h/Mpc)          P(k)  (Mpc/h)^3     P_linear(k)   P_NL(k) (Mpc/h)^3
     0.00783031         20306.5         20513.5           20402 
       0.013688         24849.4         25365.8         25170.4 
       0.019231         25370.9         25635.4         25378.2 
      0.0249154         23117.3         23617.7         23341.1 
      0.0312784           20347         20361.8         20072.2 
      0.0375637         16764.7         17287.6         17029.1 
      0.0433917         14802.1         15046.4         14768.3 
      0.0492413         13247.2         13439.5         13172.6 
      0.0555754         11972.2         12280.2         12034.8 
      0.0619321         11225.6         11423.3         11182.2 
       0.067871         10142.1         10674.3         10455.7 
      0.0738098         9586.57         9842.08         9530.37 
      0.0800417         8784.78         8856.08         8604.23 
      0.0862327         7561.56         7841.33          7739.8 
      0.0921407         6896.05         6940.55         6884.81 
      0.0982031         6227.59         6164.83         6243.98 
       0.104506         5787.71         5561.75         5737.32 
       0.110769         5235.41         5155.89         5263.08 
       0.116806         4924.88         4889.47         4964.46 
       0.122832         4746.03         4677.07         4752.13 
       0.129052         4441.82         4453.97         4522.27 
       0.135211         4267.62         4193.92         4269.83 
       0.141259         4140.33         3896.12         4050.54 
       0.147318         3840.39         3576.26         3807.16 
       0.153489         3540.54          3260.5         3472.32 
       0.159709         3352.03         2982.04         3265.67 
       0.165845         3099.94         2764.14         3130.37 
       0.171974         2958.07         2604.93         2961.41 
       0.178125         2900.19          2488.7         2879.78 
       0.184229         2720.72          2396.6         2743.09 
        0.19034         2629.97         2308.28         2640.78 
       0.196428          2575.8         2211.01            2533 
       0.202534         2407.29         2098.34         2448.32 
       0.208729         2385.45         1971.83          2315.9 
       0.214876         2234.88         1845.05         2253.38 
       0.220989         2156.23         1727.42         2179.44 
       0.227147         2080.61          1625.3         2105.71 
        0.23329         2012.12          1542.2         2040.86 
       0.239377          1957.9         1476.79         1962.14 
       0.245482         1888.62         1423.17         1881.11 
       0.251667         1803.17         1374.77          1839.5 
       0.257832         1807.66         1326.38         1781.24 
       0.263955         1747.25         1274.55         1732.73 
       0.270079         1659.56         1218.63         1683.96 
        0.27624         1610.31         1160.63         1632.19 
       0.282372         1604.51         1104.16         1604.22 
        0.28843         1537.99         1052.29         1569.55 
       0.294538          1502.4         1005.98         1521.93 
       0.300721         1473.69         965.772         1476.82 
        0.30691         1458.75         931.185         1457.29 
       0.313033         1429.96         900.669         1412.21 
       0.319153         1360.11         871.904         1373.99 
       0.325316         1337.22         843.127         1354.28 
        0.33145         1308.39         813.802         1308.65 
       0.337538         1273.69         783.968         1289.04 
       0.343633         1256.74         754.209         1273.23 
       0.349808         1221.18         725.137         1252.72 
       0.355968         1218.83         698.007         1228.96 
       0.362074         1175.32         673.396         1205.73 
       0.368217            1166         651.053         1177.75 
       0.374374         1134.79         630.664         1155.05 
       0.380519          1112.5         611.687         1134.08 
       0.386598         1092.24         593.734         1119.14 
       0.392688         1086.13         576.093         1099.03 
        0.39888         1050.57         558.266         1080.83 
       0.405048         1040.29         540.636         1062.65 
       0.411186         1025.51         523.443         1045.26 
       0.417313          1004.2         506.946         1032.01 
       0.423458         989.901         491.257         1012.47 
       0.429607         979.103         476.511         996.142 
       0.435692         959.297         462.871         974.373 
       0.441815         942.802          450.01         971.353 
       0.447964          935.87         437.712         961.022 
       0.454126         922.524         425.821         934.613 
       0.460267         911.015         414.316         932.964 
       0.466387         893.461         403.106         917.372 
        0.47254         872.461         392.064         904.495 
       0.478662          862.87          381.36         891.387 
       0.484765         856.546         371.082         882.092 
       0.490885         848.784         361.225         865.542 
       0.497035         836.557         351.758         858.122 
       0.503198         821.837         342.709         848.092 
       0.509342          815.57         334.099         833.605 
       0.515458         804.581         325.875         827.949 
       0.521598         795.617         317.898         819.807 
       0.527764         784.259         310.109         812.946 
       0.533884         779.055         302.587         804.268 
           0.54         762.164         295.284         794.874 
       0.546137         759.165         288.166         786.409 
       0.552299         749.379         281.241         775.648 
       0.558452         743.402         274.572         769.557 
       0.564573         730.314         268.183         762.401 
       0.570708         721.479         262.019         752.148 
       0.576825         712.184         256.088         743.076 
       0.582926         709.625         250.362         738.298 
       0.589034         699.883           244.8         728.032 
       0.595184         693.926         239.361         720.603 
       0.601379         681.605         234.048         714.925 
       0.607522         675.824         228.943         704.237 
       0.613639         669.464         224.008         701.679 
       0.619772         659.192         219.199         699.531 
       0.625918         655.767         214.523           690.2 
       0.632068         642.932         209.989         686.291 
       0.638161         641.828          205.63         676.345 
         0.6443         634.316         201.363         670.277 
       0.650464         625.712         197.204         662.339 
       0.656582         623.071         193.195         658.243 
       0.662703         618.729         189.299         653.513 
       0.668861         610.924         185.491         650.291 
       0.675024         604.065         181.786         645.456 
       0.681124         597.924         178.221         636.687 
       0.687237         592.655         174.746         631.235 
       0.693381         586.972         171.349         625.446 
       0.699536         581.946         168.039         621.256 
       0.705665         578.403         164.831         613.993 
       0.711789         568.928         161.707         609.356 
       0.717957         565.383         158.644         608.165 
        0.72409         563.336         155.679         602.232 
       0.730186         554.345          152.81         595.922 
       0.736317         551.957         150.001         592.075 
       0.742472         543.921         147.254         588.343 
       0.748622         540.083         144.576          582.11 
        0.75476         537.458         141.968         582.029 
       0.760888         529.191         139.429           575.8 
       0.767043         524.345         136.944         568.615 
       0.773185         519.622         134.528         565.263 
       0.779291         516.894         132.185         560.659 
       0.785407         513.385         129.892         557.459 
       0.791564         509.439         127.639         555.564 
       0.797719         503.352         125.442         550.541 
       0.803834         500.025         123.312         546.859 
       0.809972         494.057         121.224         543.072 
       0.816124         489.246         119.178         537.397 
       0.822261         487.768         117.186         534.604 
       0.828378         483.846         115.246         530.669 
       0.834502          478.97         113.351         528.875 
       0.840667         472.996         111.487         524.891 
       0.846816         470.175         109.669         520.762 
       0.852925         466.795         107.902         517.784 
       0.859047         466.216          106.17         513.104 
       0.865192         458.801          104.47         510.016 
       0.871341         457.586         102.807         506.384 
       0.877463         450.786         101.188         503.432 
       0.883569         448.882           99.61          501.27 
       0.889708         443.003         98.0585         496.524 
       0.895864         438.557         96.5361         493.723 
       0.902008         438.242         95.0488         490.433 
       0.908149         434.567         93.5935         485.377 
       0.914301          430.03         92.1665         481.772 
       0.920448         426.147         90.7712         480.905 
       0.926574         425.069         89.4101         477.962 
       0.932687         420.259         88.0802         473.294 
       0.938823         416.891         86.7728         471.922 
       0.944975         414.911         85.4889         469.073 
       0.951105         410.335         84.2354         465.903 
       0.957225         407.003          83.009         462.655 
       0.963368          405.72         81.8028         459.815 
       0.969511         401.764         80.6209         456.807 
       0.975621         397.207         79.4694         454.319 
       0.981748         392.434          78.338          451.84 
       0.987916         392.133         77.2216         449.355 
        0.99406         386.277         76.1311         446.431 
        1.00019          383.83         75.0638         442.652 
        1.00632         381.391          74.018         440.061 
        1.01246         377.192         72.9909          437.43 
        1.01859         373.548         71.9852          434.69 
        1.02471         371.107         71.0001         432.302 
        1.03085         369.228         70.0302         430.831 
        1.03698         365.702         69.0805           429.1 
        1.04314         363.646         68.1442         425.571 
        1.04929         361.505          67.227         422.131 
        1.05541         357.877         66.3297         419.711 
        1.06154         354.653         65.4464         417.619 
        1.06769         352.907         64.5783         414.608 
        1.07382         350.081         63.7301         411.904 
        1.07993         345.157         62.9005         410.011 
        1.08607         343.286         62.0832         407.479 
        1.09222         340.942         61.2799         405.191 
        1.09836          338.86         60.4912         403.296 
        1.10449         335.996         59.7167         401.712 
        1.11063         333.578         58.9542         398.537 
        1.11677         328.994         58.2047         396.423 
         1.1229         329.263         57.4691         393.804 
        1.12903         326.173         56.7453          392.03 
        1.13518         322.897         56.0336         388.783 
        1.14131         320.978          55.335         387.644 
        1.14745         318.502         54.6494         384.581 
        1.15359         315.491         53.9759         383.382 
        1.15973         314.102          53.314         381.089 
        1.16584          311.44         52.6667         379.054 
        1.17197         308.665         52.0295         377.377 
        1.17811          307.34         51.4006         374.629 
        1.18424         303.323         50.7833         372.402 
        1.19038         301.687         50.1735          371.22 
        1.19652         300.005         49.5734         368.291 
        1.20267         297.413         48.9833         366.436 
        1.20881         294.593         48.4039         364.926 
        1.21495         292.104         47.8363         362.286 
        1.22108         290.167         47.2789         359.992 
         1.2272         288.486         46.7319         359.043 
        1.23334         286.147         46.1919         356.657 
        1.23949         283.339         45.6581         354.756 
        1.24562          282.38         45.1334         352.657 
        1.25174         279.879         44.6172         351.084 
        1.25789         276.851         44.1075         348.822 
        1.26402         274.658         43.6069         347.609 
        1.27014         272.032         43.1155         345.363 
        1.27628         271.218         42.6304         344.248 
        1.28244         269.138         42.1518         342.606 
        1.28858         266.072         41.6809         340.478 
        1.29471         264.645         41.2183         337.991 
        1.30084          262.38         40.7632         335.917 
        1.30697         260.702         40.3146         334.856 
        1.31312         258.219         39.8726         333.135 
        1.31925          257.44          39.439         331.159 
        1.32537         254.322         39.0126          329.19 
        1.33151         253.102         38.5911         327.926 
        1.33765         251.234         38.1759         326.362 
        1.34378          249.48         37.7675         324.073 
        1.34992         247.031         37.3645         322.575 
        1.35606         245.017         36.9663         320.656 
         1.3622         243.157         36.5745         319.517 
        1.36833         241.603         36.1891         318.305 
        1.37445         240.743         35.8094         315.793 
        1.38059         238.376          35.434         314.721 
        1.38675         236.011         35.0633         313.396 
        1.39288         234.693         34.6997         311.251 
        1.39901         232.116         34.3416         309.548 
        1.40515         230.837          33.988         308.017 
         1.4113         229.076         33.6394         306.267 
        1.41742         228.173         33.2967          304.59 
        1.42355         225.715         32.9578         303.438 
         1.4297         223.764         32.6223         301.328 
        1.43585         222.009         32.2915         300.584 
        1.44198         220.809         31.9668         298.765 
        1.44809         218.542         31.6477         297.196 
        1.45423         217.924         31.3323         295.329 
        1.46036         215.587         31.0223         294.105 
        1.46649         214.254         30.7165         292.844 
        1.47263         212.665         30.4145         291.054 
        1.47877         210.894         30.1163         289.253 
        1.48491         209.565         29.8212         287.663 
        1.49104         207.726         29.5304         286.676 
        1.49718         205.963          29.243         285.836 
        1.50333         205.053         28.9588         283.551 
        1.50947         202.871         28.6791         282.096 
         1.5156         201.103         28.4036         281.309 
        1.52172         200.501          28.132         279.836 
        1.52787         198.328         27.8635         278.436 
          1.534         196.371         27.5991         276.889 
        1.54013         196.071         27.3387         275.619 
        1.54627         194.417         27.0814         274.639 
        1.55241         192.385         26.8275         273.375 
        1.55855         191.231         26.5771         271.725 
        1.56467         189.546         26.3303         270.203 
         1.5708         188.176         26.0858         268.894 
