0.00783031 1.66646
0.013688 1.9716
0.019231 2.23999
0.0249154 2.32571
0.0312784 2.23712
0.0375637 2.05675
0.0433917 1.97084
0.0492413 2.02118
0.0555754 2.08149
0.0619321 2.19539
0.067871 2.41296
0.0738098 2.37124
0.0800417 2.58067
0.0862327 2.66564
0.0921407 2.76544
0.0982031 2.84859
0.104506 3.12442
0.110769 3.32933
0.116806 3.46406
0.122832 3.75511
0.129052 4.00362
0.135211 4.38303
0.141259 4.65672
0.147318 4.70467
0.153489 4.99007
0.159709 5.16532
0.165845 5.66224
0.171974 5.83924
0.178125 6.1412
0.184229 6.58488
0.19034 6.98449
0.196428 7.16407
0.202534 7.72892
0.208729 8.2199
0.214876 8.51617
0.220989 8.95567
0.227147 9.209
0.23329 9.69261
0.239377 10.2898
0.245482 10.5854
0.251667 11.2018
0.257832 11.7198
0.263955 12.2444
0.270079 12.8627
0.27624 13.1913
0.282372 13.8613
0.28843 14.1421
0.294538 14.8721
0.300721 15.2166
0.30691 15.7778
0.313033 16.6491
0.319153 17.2238
0.325316 17.6283
0.33145 18.4976
0.337538 18.9582
0.343633 19.7004
0.349808 20.2561
0.355968 20.7185
0.362074 21.6795
0.368217 22.0516
0.374374 22.5789
0.380519 23.3519
0.386598 24.1249
0.392688 24.7995
0.39888 25.6366
0.405048 26.3828
0.411186 26.8289
0.417313 27.5457
0.423458 28.2308
0.429607 29.2718
0.435692 29.9562
0.441815 30.7293
0.447964 31.2946
0.454126 32.2782
0.460267 32.7559
0.466387 33.6829
0.47254 34.5362
0.478662 35.6053
0.484765 36.3152
0.490885 37.059
0.497035 37.5213
0.503198 38.3129
0.509342 39.4092
0.515458 40.0293
0.521598 41.5533
0.527764 41.7141
0.533884 42.8588
0.54 43.3609
0.546137 44.4179
0.552299 45.0788
0.558452 46.0086
0.564573 46.4529
0.570708 47.8921
0.576825 48.4308
0.582926 49.2731
0.589034 50.2629
0.595184 51.2381
0.601379 52.1546
0.607522 52.6592
0.613639 53.2932
0.619772 54.3629
0.625918 55.3748
0.632068 56.3893
0.638161 57.3387
0.6443 58.0383
0.650464 58.6392
0.656582 59.7971
0.662703 60.4133
0.668861 61.3321
0.675024 62.5411
0.681124 62.9307
0.687237 64.0312
0.693381 64.6786
0.699536 65.4556
0.705665 66.7847
0.711789 67.9079
0.717957 68.7593
0.72409 69.4302
0.730186 70.0538
0.736317 70.6189
0.742472 71.587
0.748622 72.7288
0.75476 73.8463
0.760888 74.4619
0.767043 75.3537
0.773185 76.2798
0.779291 76.9703
0.785407 77.7246
0.791564 78.8922
0.797719 79.8269
0.803834 80.205
0.809972 81.2416
0.816124 81.6421
0.822261 82.874
0.828378 83.6501
0.834502 84.1922
0.840667 84.9838
0.846816 85.6154
0.852925 86.8936
0.859047 87.4987
0.865192 88.534
0.871341 88.8878
0.877463 89.8568
0.883569 90.523
0.889708 91.1734
0.895864 92.0097
0.902008 92.5773
0.908149 93.3804
0.914301 94.238
0.920448 94.843
0.926574 95.7394
0.932687 95.9477
0.938823 97.1246
0.944975 97.8411
0.951105 98.5151
0.957225 99.1329
0.963368 99.3823
0.969511 100.662
0.975621 101.399
0.981748 102.221
0.987916 102.562
0.99406 103.18
1.00019 103.69
1.00632 104.969
1.01246 105.015
1.01859 105.825
1.02471 106.484
1.03085 106.786
1.03698 107.302
1.04314 108.171
1.04929 108.499
1.05541 109.232
1.06154 109.942
1.06769 110.915
1.07382 110.886
1.07993 111.892
1.08607 112.083
1.09222 112.644
1.09836 113.075
1.10449 113.566
1.11063 114.217
1.11677 114.951
1.1229 115.056
1.12903 115.568
1.13518 116.432
1.14131 116.246
1.14745 116.891
1.15359 117.757
1.15973 117.652
1.16584 118.743
1.17197 118.748
1.17811 119.721
1.18424 119.931
1.19038 119.762
1.19652 120.378
1.20267 120.928
1.20881 121.705
1.21495 122.147
1.22108 122.173
1.2272 122.489
1.23334 123.027
1.23949 123.171
1.24562 123.707
1.25174 124.107
1.25789 124.518
1.26402 124.667
1.27014 124.978
1.27628 125.103
1.28244 125.657
1.28858 125.872
1.29471 126.484
1.30084 126.923
1.30697 127.484
1.31312 127.32
1.31925 127.775
1.32537 128.158
1.33151 128.268
1.33765 128.639
1.34378 128.741
1.34992 129.257
1.35606 128.763
1.3622 129.659
1.36833 130.131
1.37445 130.008
1.38059 130.443
1.38675 130.51
1.39288 130.835
1.39901 130.7
1.40515 131.258
1.4113 131.388
1.41742 131.606
1.42355 131.87
1.4297 132.468
1.43585 132.232
1.44198 132.639
1.44809 132.467
1.45423 133.049
1.46036 133.143
1.46649 133.505
1.47263 133.836
1.47877 133.581
1.48491 133.506
1.49104 134.047
1.49718 134.213
1.50333 134.184
1.50947 134.447
1.5156 134.475
1.52172 135.049
1.52787 135.649
1.534 135.422
1.54013 135.324
1.54627 135.571
1.55241 135.577
1.55855 135.564
1.56467 135.745
1.5708 136.183
