0.00783031 21178
0.013688 26172.1
0.019231 26246.9
0.0249154 25078.4
0.0312784 21415.9
0.0375637 18295.2
0.0433917 15480.2
0.0492413 14117.6
0.0555754 13239.7
0.0619321 11726
0.067871 11676
0.0738098 10574.5
0.0800417 9850.61
0.0862327 8625.8
0.0921407 8039.82
0.0982031 7471.1
0.104506 7144.56
0.110769 6543.61
0.116806 6112.76
0.122832 5958.96
0.129052 5611.97
0.135211 5552.06
0.141259 5453.77
0.147318 4881
0.153489 4748
0.159709 4418.56
0.165845 4321.03
0.171974 4119.91
0.178125 4038.42
0.184229 3934.24
0.19034 3875.63
0.196428 3619.42
0.202534 3635.19
0.208729 3488.21
0.214876 3382.35
0.220989 3308.16
0.227147 3174.77
0.23329 3157.57
0.239377 3051.45
0.245482 2989.8
0.251667 3006.4
0.257832 2941.94
0.263955 2827.58
0.270079 2825.73
0.27624 2748.04
0.282372 2685.47
0.28843 2628.63
0.294538 2627.43
0.300721 2532.9
0.30691 2502.52
0.313033 2464.93
0.319153 2432.15
0.325316 2414.93
0.33145 2386.49
0.337538 2312.67
0.343633 2306.45
0.349808 2239.39
0.355968 2247.83
0.362074 2225.53
0.368217 2184.37
0.374374 2158.67
0.380519 2145.15
0.386598 2101.7
0.392688 2090.54
0.39888 2083.35
0.405048 2040.88
0.411186 2013.58
0.417313 1999.16
0.423458 1975.67
0.429607 1946.79
0.435692 1952.28
0.441815 1920.14
0.447964 1900.66
0.454126 1875.05
0.460267 1873
0.466387 1851.22
0.47254 1824.96
0.478662 1812.34
0.484765 1789.94
0.490885 1778.1
0.497035 1757.24
0.503198 1736.79
0.509342 1736.96
0.515458 1718.7
0.521598 1709.5
0.527764 1690.34
0.533884 1675.67
0.54 1669.65
0.546137 1642.35
0.552299 1636.88
0.558452 1630.07
0.564573 1603.63
0.570708 1602.81
0.576825 1578.3
0.582926 1578.14
0.589034 1571.05
0.595184 1557.14
0.601379 1545.04
0.607522 1525.73
0.613639 1522.7
0.619772 1510.31
0.625918 1485.21
0.632068 1486.97
0.638161 1478.57
0.6443 1459.99
0.650464 1450.28
0.656582 1443.32
0.662703 1431.24
0.668861 1429.78
0.675024 1422.51
0.681124 1402.39
0.687237 1395.18
0.693381 1377.76
0.699536 1376.71
0.705665 1375.47
0.711789 1362.06
0.717957 1350.67
0.72409 1338.01
0.730186 1336.47
0.736317 1319.67
0.742472 1318.76
0.748622 1305.19
0.75476 1294.64
0.760888 1291.73
0.767043 1277.13
0.773185 1271.37
0.779291 1265.37
0.785407 1263.89
0.791564 1249.62
0.797719 1236.02
0.803834 1227.2
0.809972 1221.95
0.816124 1216.42
0.822261 1202.73
0.828378 1193.31
0.834502 1191.68
0.840667 1176.87
0.846816 1173.63
0.852925 1171.21
0.859047 1159.4
0.865192 1158.05
0.871341 1147.52
0.877463 1140.42
0.883569 1127.4
0.889708 1118.74
0.895864 1119.07
0.902008 1107.2
0.908149 1105.09
0.914301 1096.62
0.920448 1086.34
0.926574 1078.54
0.932687 1076.13
0.938823 1069.2
0.944975 1057.47
0.951105 1049.91
0.957225 1049.43
0.963368 1037.05
0.969511 1034.28
0.975621 1032.84
0.981748 1020.54
0.987916 1017.71
0.99406 1011.78
1.00019 1002.86
1.00632 996.662
1.01246 991.69
1.01859 982.449
1.02471 982.345
1.03085 968.102
1.03698 968.727
1.04314 962.109
1.04929 950.178
1.05541 951.653
1.06154 945.278
1.06769 933.401
1.07382 934.681
1.07993 929.633
1.08607 921.931
1.09222 915.208
1.09836 910.423
1.10449 907.272
1.11063 903.305
1.11677 893.681
1.1229 891.154
1.12903 885.837
1.13518 878.073
1.14131 872.846
1.14745 867.164
1.15359 864.765
1.15973 855.47
1.16584 853.126
1.17197 843.955
1.17811 843.828
1.18424 837.997
1.19038 829.455
1.19652 825.435
1.20267 823.274
1.20881 817.918
1.21495 813.745
1.22108 807.265
1.2272 804.356
1.23334 796.883
1.23949 792.616
1.24562 789.982
1.25174 783.767
1.25789 779.687
1.26402 774.117
1.27014 769.467
1.27628 763.585
1.28244 760.49
1.28858 755.302
1.29471 752.024
1.30084 746.044
1.30697 744.28
1.31312 739.973
1.31925 735.293
1.32537 729.523
1.33151 722.278
1.33765 722.227
1.34378 716.103
1.34992 711.174
1.35606 708.85
1.3622 703.201
1.36833 699.257
1.37445 694.962
1.38059 692.723
1.38675 687.064
1.39288 685.521
1.39901 680.185
1.40515 675.603
1.4113 672.882
1.41742 665.839
1.42355 662.707
1.4297 658.311
1.43585 654.805
1.44198 650.421
1.44809 647.464
1.45423 645.145
1.46036 642.429
1.46649 637.491
1.47263 632.916
1.47877 631.083
1.48491 625.488
1.49104 623.114
1.49718 619.744
1.50333 616.318
1.50947 610.811
1.5156 607.848
1.52172 604.811
1.52787 602.627
1.534 599.105
1.54013 593.137
1.54627 591.131
1.55241 586.606
1.55855 586.252
1.56467 580.46
1.5708 577.003
