0.00783031 5777.46
0.013688 5634.12
0.019231 4861.18
0.0249154 6624.24
0.0312784 5937.63
0.0375637 5258.25
0.0433917 4709.14
0.0492413 4507.23
0.0555754 4432.08
0.0619321 3605.26
0.067871 3191.62
0.0738098 3521.99
0.0800417 3413.36
0.0862327 3013.28
0.0921407 2973.1
0.0982031 2628.24
0.104506 2566.29
0.110769 2440.16
0.116806 2290.43
0.122832 2181.03
0.129052 2081.77
0.135211 2018.6
0.141259 1859.9
0.147318 1714.5
0.153489 1708.05
0.159709 1621.99
0.165845 1624.44
0.171974 1559.64
0.178125 1433.8
0.184229 1349.52
0.19034 1338.55
0.196428 1272.67
0.202534 1245.58
0.208729 1193.08
0.214876 1115.95
0.220989 1067.58
0.227147 1068.62
0.23329 1049.37
0.239377 1011.19
0.245482 953.529
0.251667 943.186
0.257832 890.474
0.263955 903.657
0.270079 826.217
0.27624 827.942
0.282372 790.824
0.28843 791.031
0.294538 737.486
0.300721 739.776
0.30691 704.015
0.313033 687.104
0.319153 679.06
0.325316 652.113
0.33145 625.574
0.337538 623.217
0.343633 599.761
0.349808 590.028
0.355968 574.881
0.362074 552.003
0.368217 530.359
0.374374 520.435
0.380519 510.778
0.386598 490.93
0.392688 498.06
0.39888 469.484
0.405048 457.754
0.411186 447.565
0.417313 436.782
0.423458 433.028
0.429607 424.29
0.435692 416.829
0.441815 399.134
0.447964 382.545
0.454126 381.847
0.460267 377.777
0.466387 358.704
0.47254 356.068
0.478662 350.52
0.484765 336.613
0.490885 325.691
0.497035 329.089
0.503198 317.089
0.509342 305.372
0.515458 305.597
0.521598 284.539
0.527764 290.589
0.533884 280.822
0.54 272.582
0.546137 267.052
0.552299 259.293
0.558452 250.105
0.564573 245.579
0.570708 243.609
0.576825 239.485
0.582926 235.382
0.589034 225.813
0.595184 218.382
0.601379 213.886
0.607522 213.594
0.613639 208.558
0.619772 200.175
0.625918 200.602
0.632068 191.419
0.638161 179.14
0.6443 186.277
0.650464 181.322
0.656582 179.904
0.662703 176.159
0.668861 169.341
0.675024 161.867
0.681124 162.689
0.687237 155.005
0.693381 151.062
0.699536 147.348
0.705665 141.634
0.711789 138.273
0.717957 138.597
0.72409 133.85
0.730186 135.343
0.736317 127.247
0.742472 118.741
0.748622 119.613
0.75476 115.864
0.760888 110.492
0.767043 112.608
0.773185 106.077
0.779291 104.613
0.785407 97.4793
0.791564 97.7219
0.797719 94.6393
0.803834 96.9807
0.809972 89.7877
0.816124 87.6015
0.822261 82.8855
0.828378 83.5834
0.834502 80.1528
0.840667 80.4215
0.846816 76.7013
0.852925 73.097
0.859047 71.2408
0.865192 67.7583
0.871341 65.8546
0.877463 64.695
0.883569 62.6435
0.889708 59.0149
0.895864 57.4961
0.902008 55.0854
0.908149 53.0696
0.914301 48.7411
0.920448 51.5405
0.926574 48.8708
0.932687 44.1967
0.938823 42.2902
0.944975 41.9012
0.951105 42.0055
0.957225 36.6752
0.963368 37.0788
0.969511 33.3898
0.975621 32.3586
0.981748 31.6286
0.987916 30.3972
0.99406 26.7767
1.00019 25.0587
1.00632 24.2647
1.01246 26.6061
1.01859 20.7395
1.02471 18.5963
1.03085 19.3231
1.03698 17.4386
1.04314 17.0846
1.04929 13.5327
1.05541 12.4592
1.06154 10.2543
1.06769 10.0957
1.07382 7.45892
1.07993 3.26692
1.08607 4.69583
1.09222 5.52395
1.09836 3.20954
1.10449 -0.462274
1.11063 0.897097
1.11677 -0.23997
1.1229 -1.17426
1.12903 -4.66761
1.13518 -4.14756
1.14131 -6.22499
1.14745 -6.80564
1.15359 -8.63658
1.15973 -8.97478
1.16584 -6.94253
1.17197 -9.67338
1.17811 -9.92323
1.18424 -11.9139
1.19038 -13.181
1.19652 -12.1813
1.20267 -17.8783
1.20881 -16.1611
1.21495 -16.3144
1.22108 -17.4199
1.2272 -19.1055
1.23334 -20.0719
1.23949 -19.3623
1.24562 -19.5808
1.25174 -22.3133
1.25789 -21.9517
1.26402 -23.7951
1.27014 -24.2446
1.27628 -24.3772
1.28244 -25.6747
1.28858 -25.5618
1.29471 -26.7872
1.30084 -27.3081
1.30697 -28.6323
1.31312 -29.0252
1.31925 -29.5809
1.32537 -29.871
1.33151 -31.3001
1.33765 -31.8242
1.34378 -31.3246
1.34992 -32.8429
1.35606 -33.1784
1.3622 -33.9034
1.36833 -33.223
1.37445 -33.3069
1.38059 -34.0764
1.38675 -33.7002
1.39288 -36.1855
1.39901 -37.0878
1.40515 -36.1969
1.4113 -36.7891
1.41742 -37.5295
1.42355 -37.0587
1.4297 -37.6222
1.43585 -39.3886
1.44198 -38.3182
1.44809 -38.9596
1.45423 -39.4112
1.46036 -41.871
1.46649 -39.7455
1.47263 -40.5334
1.47877 -42.9772
1.48491 -42.5788
1.49104 -42.9824
1.49718 -41.5573
1.50333 -42.9061
1.50947 -43.432
1.5156 -42.3965
1.52172 -43.4762
1.52787 -43.9971
1.534 -44.5693
1.54013 -42.9945
1.54627 -44.6627
1.55241 -44.2023
1.55855 -44.891
1.56467 -46.0638
1.5708 -45.2785
