0.00783031 -182.156
0.013688 -217.519
0.019231 -235.916
0.0249154 -221.086
0.0312784 -194.762
0.0375637 -167.16
0.0433917 -163.854
0.0492413 -146.952
0.0555754 -147.867
0.0619321 -145.019
0.067871 -144.117
0.0738098 -136.97
0.0800417 -132.065
0.0862327 -125.316
0.0921407 -117.31
0.0982031 -114.866
0.104506 -109.801
0.110769 -113.75
0.116806 -111.487
0.122832 -109.317
0.129052 -110.488
0.135211 -109.66
0.141259 -105.841
0.147318 -103.507
0.153489 -105.06
0.159709 -106.272
0.165845 -103.094
0.171974 -102.138
0.178125 -104.936
0.184229 -103.765
0.19034 -103.162
0.196428 -103.93
0.202534 -102.137
0.208729 -99.9277
0.214876 -100.22
0.220989 -101.497
0.227147 -99.748
0.23329 -96.7801
0.239377 -98.5528
0.245482 -98.997
0.251667 -99.3499
0.257832 -96.8266
0.263955 -99.3382
0.270079 -99.725
0.27624 -96.6693
0.282372 -95.6993
0.28843 -96.2062
0.294538 -95.4954
0.300721 -95.0358
0.30691 -94.575
0.313033 -93.9973
0.319153 -95.4511
0.325316 -95.2701
0.33145 -95.665
0.337538 -92.4145
0.343633 -93.8958
0.349808 -92.448
0.355968 -93.0226
0.362074 -92.6081
0.368217 -91.4328
0.374374 -92.9196
0.380519 -91.4992
0.386598 -91.4889
0.392688 -91.1187
0.39888 -89.953
0.405048 -90.5528
0.411186 -89.2776
0.417313 -89.7735
0.423458 -89.4723
0.429607 -88.9288
0.435692 -88.7065
0.441815 -87.7357
0.447964 -87.9667
0.454126 -88.4429
0.460267 -89.2795
0.466387 -87.0675
0.47254 -88.085
0.478662 -85.0432
0.484765 -85.4232
0.490885 -85.4426
0.497035 -84.9104
0.503198 -84.3169
0.509342 -84.3795
0.515458 -83.8671
0.521598 -84.5002
0.527764 -83.1544
0.533884 -84.1429
0.54 -83.0256
0.546137 -83.575
0.552299 -81.8705
0.558452 -82.5792
0.564573 -82.3696
0.570708 -82.44
0.576825 -81.2797
0.582926 -80.6437
0.589034 -79.8967
0.595184 -81.0338
0.601379 -80.1747
0.607522 -79.2124
0.613639 -78.9651
0.619772 -78.6675
0.625918 -78.008
0.632068 -77.5744
0.638161 -77.0032
0.6443 -77.3308
0.650464 -77.1987
0.656582 -77.184
0.662703 -75.8954
0.668861 -76.4335
0.675024 -75.5558
0.681124 -76.0459
0.687237 -75.1987
0.693381 -74.2036
0.699536 -74.701
0.705665 -74.2169
0.711789 -73.5038
0.717957 -73.6903
0.72409 -73.1607
0.730186 -73.5905
0.736317 -72.3381
0.742472 -72.2126
0.748622 -72.1151
0.75476 -71.3902
0.760888 -71.0913
0.767043 -69.9353
0.773185 -70.1225
0.779291 -69.8305
0.785407 -68.881
0.791564 -69.5493
0.797719 -69.2606
0.803834 -68.9058
0.809972 -68.0253
0.816124 -67.7103
0.822261 -67.8018
0.828378 -67.4278
0.834502 -67.2032
0.840667 -67.0357
0.846816 -65.9711
0.852925 -65.2102
0.859047 -64.9148
0.865192 -65.34
0.871341 -64.8173
0.877463 -64.0522
0.883569 -64.3164
0.889708 -64.1158
0.895864 -63.714
0.902008 -63.1379
0.908149 -62.8137
0.914301 -61.8131
0.920448 -62.1824
0.926574 -61.9305
0.932687 -61.9287
0.938823 -61.7907
0.944975 -61.0536
0.951105 -60.1214
0.957225 -60.0422
0.963368 -59.5298
0.969511 -59.1373
0.975621 -58.5554
0.981748 -58.3867
0.987916 -57.8867
0.99406 -57.8537
1.00019 -57.179
1.00632 -57.3894
1.01246 -57.4018
1.01859 -56.9888
1.02471 -56.3992
1.03085 -55.88
1.03698 -55.2121
1.04314 -54.9937
1.04929 -54.6987
1.05541 -54.3805
1.06154 -54.9265
1.06769 -53.9578
1.07382 -54.0028
1.07993 -53.2024
1.08607 -52.8951
1.09222 -52.7973
1.09836 -52.195
1.10449 -52.1036
1.11063 -51.6883
1.11677 -51.9596
1.1229 -51.4364
1.12903 -51.2038
1.13518 -50.3003
1.14131 -50.414
1.14745 -50.1459
1.15359 -49.8714
1.15973 -48.9115
1.16584 -49.4486
1.17197 -48.6512
1.17811 -47.8368
1.18424 -47.8377
1.19038 -48.1284
1.19652 -47.7341
1.20267 -47.2543
1.20881 -46.9798
1.21495 -46.5083
1.22108 -46.1745
1.2272 -46.4832
1.23334 -45.6665
1.23949 -45.2959
1.24562 -45.0604
1.25174 -45.0498
1.25789 -44.208
1.26402 -44.5095
1.27014 -43.7409
1.27628 -43.7979
1.28244 -43.4081
1.28858 -43.1991
1.29471 -43.4878
1.30084 -42.8272
1.30697 -42.4206
1.31312 -42.2227
1.31925 -41.8756
1.32537 -42.1523
1.33151 -41.7301
1.33765 -41.1823
1.34378 -41.1528
1.34992 -40.7488
1.35606 -40.5128
1.3622 -39.9722
1.36833 -40.0727
1.37445 -39.5689
1.38059 -39.4722
1.38675 -39.2313
1.39288 -38.9252
1.39901 -38.6382
1.40515 -38.3764
1.4113 -38.3035
1.41742 -37.9968
1.42355 -38.068
1.4297 -37.4304
1.43585 -37.1947
1.44198 -36.931
1.44809 -36.8149
1.45423 -36.7135
1.46036 -36.4059
1.46649 -35.9839
1.47263 -35.9924
1.47877 -35.4494
1.48491 -35.6949
1.49104 -35.2576
1.49718 -35.2409
1.50333 -34.9085
1.50947 -34.5971
1.5156 -34.1584
1.52172 -34.315
1.52787 -34.1098
1.534 -34.0465
1.54013 -33.8469
1.54627 -33.4699
1.55241 -33.0862
1.55855 -33.1176
1.56467 -32.735
1.5708 -32.7372
