0.00783031 2331.01
0.013688 252.867
0.019231 143.64
0.0249154 430.599
0.0312784 81.2339
0.0375637 -417.326
0.0433917 -425.476
0.0492413 -482.571
0.0555754 -175.517
0.0619321 56.7934
0.067871 -220.58
0.0738098 -98.95
0.0800417 -347.273
0.0862327 -141.393
0.0921407 -191.298
0.0982031 -227.465
0.104506 -283.336
0.110769 -279.596
0.116806 -231.368
0.122832 -260.596
0.129052 -266.39
0.135211 -227.228
0.141259 -214.672
0.147318 -205.027
0.153489 -246.33
0.159709 -247.556
0.165845 -209.127
0.171974 -234.993
0.178125 -235.106
0.184229 -257.434
0.19034 -242.181
0.196428 -250.72
0.202534 -242.917
0.208729 -227.765
0.214876 -230.989
0.220989 -239.117
0.227147 -254.671
0.23329 -249.097
0.239377 -223.807
0.245482 -242.591
0.251667 -207.618
0.257832 -227.937
0.263955 -219.773
0.270079 -224.919
0.27624 -229.072
0.282372 -224.564
0.28843 -215.369
0.294538 -216.831
0.300721 -210.514
0.30691 -212.573
0.313033 -204.631
0.319153 -213.294
0.325316 -211.687
0.33145 -205.543
0.337538 -220.676
0.343633 -197.911
0.349808 -217.862
0.355968 -206.04
0.362074 -200.317
0.368217 -201.883
0.374374 -201.739
0.380519 -194.251
0.386598 -194.588
0.392688 -196.547
0.39888 -201.208
0.405048 -197.365
0.411186 -193.567
0.417313 -191.718
0.423458 -187.763
0.429607 -192.775
0.435692 -194.304
0.441815 -188.559
0.447964 -188.252
0.454126 -184.975
0.460267 -177.607
0.466387 -184.405
0.47254 -181.599
0.478662 -180.098
0.484765 -181.259
0.490885 -182.675
0.497035 -182.88
0.503198 -177.384
0.509342 -180.788
0.515458 -176.248
0.521598 -173.098
0.527764 -178.076
0.533884 -174.052
0.54 -172.919
0.546137 -172.457
0.552299 -171.823
0.558452 -171.445
0.564573 -168.699
0.570708 -166.477
0.576825 -173.282
0.582926 -164.387
0.589034 -169.943
0.595184 -169.526
0.601379 -162.402
0.607522 -163.691
0.613639 -165.152
0.619772 -164.216
0.625918 -162.012
0.632068 -161.155
0.638161 -160.659
0.6443 -156.508
0.650464 -158.474
0.656582 -154.905
0.662703 -158.996
0.668861 -156.322
0.675024 -155.341
0.681124 -155.285
0.687237 -156.521
0.693381 -156.785
0.699536 -149.848
0.705665 -152.681
0.711789 -151.357
0.717957 -148.541
0.72409 -151.793
0.730186 -148.789
0.736317 -148.926
0.742472 -150.135
0.748622 -150.15
0.75476 -147.506
0.760888 -146.195
0.767043 -147.1
0.773185 -146.158
0.779291 -144.299
0.785407 -143.836
0.791564 -142.385
0.797719 -141.526
0.803834 -141.272
0.809972 -142.003
0.816124 -141.71
0.822261 -141.585
0.828378 -137.392
0.834502 -136.721
0.840667 -138.399
0.846816 -137.388
0.852925 -137.087
0.859047 -136.747
0.865192 -137.671
0.871341 -134.872
0.877463 -134.948
0.883569 -134.576
0.889708 -135.519
0.895864 -134.258
0.902008 -134.532
0.908149 -131.22
0.914301 -133.042
0.920448 -133.11
0.926574 -130.285
0.932687 -131.33
0.938823 -131.651
0.944975 -130.802
0.951105 -128.781
0.957225 -127.224
0.963368 -126.798
0.969511 -126.645
0.975621 -126.653
0.981748 -125.37
0.987916 -124.263
0.99406 -124.273
1.00019 -122.799
1.00632 -123.465
1.01246 -122.998
1.01859 -122.797
1.02471 -121.334
1.03085 -122.163
1.03698 -122.254
1.04314 -120.444
1.04929 -120.523
1.05541 -118.172
1.06154 -118.349
1.06769 -117.582
1.07382 -117.197
1.07993 -117.5
1.08607 -115.866
1.09222 -116.745
1.09836 -114.622
1.10449 -116.156
1.11063 -113.804
1.11677 -113.71
1.1229 -112.919
1.12903 -112.419
1.13518 -111.905
1.14131 -111.805
1.14745 -110.951
1.15359 -111.453
1.15973 -109.538
1.16584 -110.883
1.17197 -108.69
1.17811 -108.614
1.18424 -108.164
1.19038 -108.168
1.19652 -105.912
1.20267 -106.94
1.20881 -106.874
1.21495 -105.559
1.22108 -105.802
1.2272 -104.224
1.23334 -104.135
1.23949 -103.624
1.24562 -103.287
1.25174 -103.071
1.25789 -101.901
1.26402 -101.462
1.27014 -101.761
1.27628 -100.825
1.28244 -99.3935
1.28858 -99.4959
1.29471 -99.4953
1.30084 -99.3026
1.30697 -98.476
1.31312 -97.7086
1.31925 -98.3849
1.32537 -96.3746
1.33151 -96.8889
1.33765 -96.0734
1.34378 -95.3052
1.34992 -94.7099
1.35606 -94.5832
1.3622 -93.825
1.36833 -93.5162
1.37445 -93.4764
1.38059 -92.731
1.38675 -93.1563
1.39288 -92.0289
1.39901 -91.0045
1.40515 -90.5817
1.4113 -91.3915
1.41742 -90.089
1.42355 -89.556
1.4297 -88.0466
1.43585 -88.6279
1.44198 -88.5397
1.44809 -87.5604
1.45423 -87.6254
1.46036 -87.3537
1.46649 -86.7997
1.47263 -85.7592
1.47877 -85.2978
1.48491 -85.2033
1.49104 -84.8949
1.49718 -84.7223
1.50333 -84.0478
1.50947 -83.2659
1.5156 -83.3368
1.52172 -82.2334
1.52787 -82.4969
1.534 -82.0384
1.54013 -82.2429
1.54627 -81.5706
1.55241 -80.324
1.55855 -80.3711
1.56467 -79.8153
1.5708 -80.2124
