0.00783031 21259.8
0.013688 26023.6
0.019231 26462.1
0.0249154 24907.7
0.0312784 20855.1
0.0375637 18123.3
0.0433917 15607.7
0.0492413 14540.4
0.0555754 13241
0.0619321 12462.8
0.067871 11293.7
0.0738098 10650.4
0.0800417 9884.55
0.0862327 8931.45
0.0921407 8387.33
0.0982031 7342.41
0.104506 6930.85
0.110769 6642.95
0.116806 6202.8
0.122832 6085.71
0.129052 5765.05
0.135211 5531.41
0.141259 5195.01
0.147318 4993.26
0.153489 4851.76
0.159709 4457.79
0.165845 4308.36
0.171974 4219.64
0.178125 4061.68
0.184229 3959.01
0.19034 3854.91
0.196428 3706.08
0.202534 3602.57
0.208729 3540.92
0.214876 3369.32
0.220989 3358.28
0.227147 3237.1
0.23329 3199.32
0.239377 3146.97
0.245482 3028.48
0.251667 2894.03
0.257832 2919.49
0.263955 2844.07
0.270079 2777.89
0.27624 2723.8
0.282372 2674.72
0.28843 2654.43
0.294538 2623.98
0.300721 2500.28
0.30691 2494.91
0.313033 2489.94
0.319153 2417.08
0.325316 2387.26
0.33145 2363.76
0.337538 2333.87
0.343633 2292.74
0.349808 2270.91
0.355968 2223.98
0.362074 2204.28
0.368217 2185.6
0.374374 2152.77
0.380519 2134.01
0.386598 2081.56
0.392688 2083.73
0.39888 2078.23
0.405048 2021.64
0.411186 1992.97
0.417313 1979.76
0.423458 1960.07
0.429607 1965.74
0.435692 1930.9
0.441815 1900.31
0.447964 1871.75
0.454126 1873.31
0.460267 1839.17
0.466387 1825.89
0.47254 1809.83
0.478662 1801.65
0.484765 1781.02
0.490885 1762.59
0.497035 1739
0.503198 1734.94
0.509342 1730.64
0.515458 1702.55
0.521598 1698.27
0.527764 1684.38
0.533884 1675.03
0.54 1645.48
0.546137 1627.62
0.552299 1636.6
0.558452 1614.59
0.564573 1606.33
0.570708 1587.37
0.576825 1585.92
0.582926 1558.7
0.589034 1572.43
0.595184 1542.24
0.601379 1531.95
0.607522 1518.33
0.613639 1514.21
0.619772 1501.31
0.625918 1492.57
0.632068 1479.45
0.638161 1466.61
0.6443 1454.74
0.650464 1446.46
0.656582 1426.52
0.662703 1423.91
0.668861 1418.07
0.675024 1407.52
0.681124 1397
0.687237 1385.85
0.693381 1378.65
0.699536 1362.38
0.705665 1357.59
0.711789 1349.44
0.717957 1334.75
0.72409 1330.83
0.730186 1319.96
0.736317 1319.62
0.742472 1307.26
0.748622 1302.62
0.75476 1292.11
0.760888 1280.35
0.767043 1280.4
0.773185 1264.81
0.779291 1256.92
0.785407 1245.79
0.791564 1239.3
0.797719 1230.87
0.803834 1221.29
0.809972 1220.36
0.816124 1213.28
0.822261 1208.5
0.828378 1188.22
0.834502 1182.93
0.840667 1176.07
0.846816 1168.52
0.852925 1168.62
0.859047 1157.25
0.865192 1150.51
0.871341 1144.57
0.877463 1136.6
0.883569 1125.34
0.889708 1124.2
0.895864 1114.23
0.902008 1109.37
0.908149 1101.64
0.914301 1091.06
0.920448 1088.58
0.926574 1081.1
0.932687 1074.64
0.938823 1065.54
0.944975 1065.59
0.951105 1056.75
0.957225 1040.75
0.963368 1040.08
0.969511 1032.76
0.975621 1033.52
0.981748 1023.46
0.987916 1017.93
0.99406 1013.01
1.00019 1000.13
1.00632 998.691
1.01246 986.013
1.01859 987.612
1.02471 979.518
1.03085 971.779
1.03698 967.476
1.04314 963.298
1.04929 954.258
1.05541 949.056
1.06154 945.597
1.06769 937.162
1.07382 930.226
1.07993 927.072
1.08607 921.755
1.09222 913.888
1.09836 908.762
1.10449 905.976
1.11063 896.831
1.11677 897.922
1.1229 883.785
1.12903 881.782
1.13518 877.064
1.14131 870.074
1.14745 864.39
1.15359 862.881
1.15973 852.308
1.16584 850.554
1.17197 845.005
1.17811 838.364
1.18424 836.409
1.19038 833.394
1.19652 824.113
1.20267 818.238
1.20881 817.212
1.21495 808.963
1.22108 808.361
1.2272 802.492
1.23334 797.022
1.23949 790.943
1.24562 788.338
1.25174 784.457
1.25789 778.397
1.26402 773.262
1.27014 766.889
1.27628 764.754
1.28244 758.957
1.28858 756.382
1.29471 750.544
1.30084 748.569
1.30697 742.856
1.31312 736.833
1.31925 736.588
1.32537 729.174
1.33151 726.054
1.33765 719.41
1.34378 717.739
1.34992 712.231
1.35606 707.256
1.3622 704.434
1.36833 701.404
1.37445 694.845
1.38059 689.807
1.38675 687.631
1.39288 682.856
1.39901 679.021
1.40515 674.976
1.4113 673.215
1.41742 666.581
1.42355 665.553
1.4297 660.859
1.43585 657.66
1.44198 654.005
1.44809 648.239
1.45423 644.645
1.46036 643.55
1.46649 638.737
1.47263 632.878
1.47877 630.632
1.48491 626.818
1.49104 620.911
1.49718 619.078
1.50333 617.232
1.50947 613.872
1.5156 609.063
1.52172 603.4
1.52787 602.77
1.534 599.11
1.54013 596.596
1.54627 591.826
1.55241 588.009
1.55855 585.588
1.56467 580.228
1.5708 578.75
