0.00783031 20481.7
0.013688 25081.9
0.019231 25583.7
0.0249154 23421.3
0.0312784 20447.6
0.0375637 16773.7
0.0433917 14596.9
0.0492413 13242.7
0.0555754 12008.4
0.0619321 10855.1
0.067871 10405.5
0.0738098 9865.87
0.0800417 8421.53
0.0862327 7634.41
0.0921407 6801.73
0.0982031 6138.45
0.104506 5569.12
0.110769 5274.47
0.116806 4977.98
0.122832 4674.14
0.129052 4501.36
0.135211 4258.93
0.141259 3919.74
0.147318 3673.27
0.153489 3487.66
0.159709 3182.19
0.165845 3072.03
0.171974 2903.5
0.178125 2800.4
0.184229 2644.35
0.19034 2562.36
0.196428 2445.02
0.202534 2386.03
0.208729 2306.05
0.214876 2166.73
0.220989 2072.01
0.227147 1994.65
0.23329 1921.42
0.239377 1883.51
0.245482 1812.57
0.251667 1765.66
0.257832 1712.89
0.263955 1645.4
0.270079 1601.03
0.27624 1545.96
0.282372 1505.82
0.28843 1454.29
0.294538 1448.61
0.300721 1385.16
0.30691 1354.79
0.313033 1320.85
0.319153 1297.51
0.325316 1259.17
0.33145 1222
0.337538 1214.15
0.343633 1173.31
0.349808 1149.7
0.355968 1129.09
0.362074 1111.37
0.368217 1083.72
0.374374 1055.15
0.380519 1034.44
0.386598 1013.52
0.392688 997.995
0.39888 981.379
0.405048 969.356
0.411186 936.787
0.417313 930.561
0.423458 907.041
0.429607 895.5
0.435692 872.904
0.441815 872.442
0.447964 854.895
0.454126 840.329
0.460267 826.217
0.466387 816.265
0.47254 804.013
0.478662 785.306
0.484765 778.116
0.490885 767.185
0.497035 760.727
0.503198 747.84
0.509342 733.47
0.515458 718.571
0.521598 712.682
0.527764 703.04
0.533884 693.774
0.54 679.489
0.546137 679.653
0.552299 664.537
0.558452 650.482
0.564573 648.358
0.570708 640.245
0.576825 628.921
0.582926 623.137
0.589034 618.353
0.595184 603.895
0.601379 603.632
0.607522 591.304
0.613639 583.582
0.619772 575.727
0.625918 572.138
0.632068 560.727
0.638161 557.03
0.6443 547.54
0.650464 542.261
0.656582 536.511
0.662703 531.632
0.668861 524.396
0.675024 520.084
0.681124 512.836
0.687237 504.864
0.693381 502.043
0.699536 494.214
0.705665 489.55
0.711789 486.499
0.717957 480.333
0.72409 474.243
0.730186 468.49
0.736317 462.61
0.742472 459.215
0.748622 455.34
0.75476 452.44
0.760888 446.103
0.767043 437.734
0.773185 434.138
0.779291 431.521
0.785407 428.17
0.791564 420.772
0.797719 418.85
0.803834 412.576
0.809972 408.88
0.816124 402.622
0.822261 399.178
0.828378 393.139
0.834502 391.947
0.840667 385.608
0.846816 382.595
0.852925 379.662
0.859047 375.704
0.865192 370.15
0.871341 368.222
0.877463 362.934
0.883569 359.116
0.889708 357.492
0.895864 352.479
0.902008 350.205
0.908149 346.885
0.914301 343.731
0.920448 338.189
0.926574 337.757
0.932687 331.591
0.938823 329.614
0.944975 327.115
0.951105 323.523
0.957225 320.462
0.963368 317.659
0.969511 314.028
0.975621 310.475
0.981748 307.177
0.987916 303.53
0.99406 301.017
1.00019 300.215
1.00632 295.603
1.01246 292.916
1.01859 290.889
1.02471 286.966
1.03085 283.534
1.03698 280.017
1.04314 279.235
1.04929 275.845
1.05541 273.235
1.06154 271.341
1.06769 268.423
1.07382 265.919
1.07993 264.055
1.08607 258.849
1.09222 257.259
1.09836 255.027
1.10449 253.647
1.11063 250.973
1.11677 248.347
1.1229 245.723
1.12903 243.455
1.13518 240.954
1.14131 237.661
1.14745 236.885
1.15359 233.983
1.15973 232.14
1.16584 229.178
1.17197 227.324
1.17811 225.931
1.18424 223.254
1.19038 220.771
1.19652 217.945
1.20267 217.212
1.20881 214.505
1.21495 212.259
1.22108 210.57
1.2272 208.724
1.23334 207.177
1.23949 204.325
1.24562 202.537
1.25174 200.844
1.25789 199.159
1.26402 197.23
1.27014 195.498
1.27628 193.71
1.28244 191.064
1.28858 189.314
1.29471 188.002
1.30084 186.387
1.30697 184.643
1.31312 182.1
1.31925 180.559
1.32537 179.033
1.33151 176.823
1.33765 175.409
1.34378 174.653
1.34992 172.829
1.35606 171.346
1.3622 169.098
1.36833 167.937
1.37445 166.088
1.38059 164.683
1.38675 163.117
1.39288 161.613
1.39901 160.377
1.40515 158.857
1.4113 157.311
1.41742 155.58
1.42355 154.512
1.4297 152.771
1.43585 151.144
1.44198 149.689
1.44809 148.495
1.45423 146.884
1.46036 145.393
1.46649 144.395
1.47263 143.404
1.47877 141.932
1.48491 140.137
1.49104 138.945
1.49718 137.918
1.50333 136.602
1.50947 135.61
1.5156 134.125
1.52172 132.591
1.52787 131.959
1.534 130.931
1.54013 129.195
1.54627 128.281
1.55241 126.754
1.55855 126.052
1.56467 125.177
1.5708 123.469
