0.00783031 -3910.1
0.013688 -1886.25
0.019231 -287.529
0.0249154 -277.239
0.0312784 -67.0968
0.0375637 372.707
0.0433917 330.351
0.0492413 1856.72
0.0555754 896.323
0.0619321 1406.11
0.067871 1358.07
0.0738098 1169.26
0.0800417 917.713
0.0862327 1299.74
0.0921407 1403.92
0.0982031 1548.37
0.104506 1528.06
0.110769 1681.36
0.116806 1671.51
0.122832 1788.06
0.129052 1660.08
0.135211 1723.96
0.141259 1933.16
0.147318 1886.01
0.153489 1977.24
0.159709 1844.19
0.165845 2007.75
0.171974 1949.27
0.178125 1992.73
0.184229 1930.9
0.19034 1955.82
0.196428 2019.2
0.202534 1950.08
0.208729 1990.77
0.214876 2001.5
0.220989 2031.17
0.227147 2022.22
0.23329 2050.21
0.239377 2035.42
0.245482 2074.72
0.251667 2086.36
0.257832 2014.23
0.263955 2073.98
0.270079 2066.87
0.27624 2037.07
0.282372 2047.12
0.28843 2084.88
0.294538 2028.58
0.300721 2031.37
0.30691 2031.43
0.313033 2040.89
0.319153 2019.93
0.325316 2004
0.33145 2008.41
0.337538 2003.29
0.343633 2007.87
0.349808 2020.14
0.355968 2019.67
0.362074 2023.49
0.368217 2015.13
0.374374 2014.59
0.380519 2019.21
0.386598 1966.22
0.392688 1974.08
0.39888 2000.92
0.405048 1993.94
0.411186 1965.9
0.417313 1957.48
0.423458 1963.85
0.429607 1974.21
0.435692 1930.3
0.441815 1948.73
0.447964 1939.48
0.454126 1931.6
0.460267 1904.48
0.466387 1902.86
0.47254 1939.5
0.478662 1903.68
0.484765 1913.23
0.490885 1867.66
0.497035 1893.05
0.503198 1872.42
0.509342 1878.83
0.515458 1876.29
0.521598 1869.78
0.527764 1854.33
0.533884 1867.47
0.54 1836.56
0.546137 1835.11
0.552299 1845.78
0.558452 1855.38
0.564573 1828.77
0.570708 1821.3
0.576825 1815.57
0.582926 1818.65
0.589034 1812.75
0.595184 1791.92
0.601379 1804.6
0.607522 1791.62
0.613639 1791.03
0.619772 1791.11
0.625918 1797.45
0.632068 1761.15
0.638161 1761.62
0.6443 1764.06
0.650464 1752.43
0.656582 1753.6
0.662703 1732.18
0.668861 1738.49
0.675024 1724.88
0.681124 1717.15
0.687237 1709.5
0.693381 1700.36
0.699536 1712.41
0.705665 1707.18
0.711789 1691.62
0.717957 1680.76
0.72409 1673.32
0.730186 1672.43
0.736317 1667.74
0.742472 1660.54
0.748622 1652.61
0.75476 1648.35
0.760888 1638.3
0.767043 1634.76
0.773185 1632.02
0.779291 1620.13
0.785407 1609.23
0.791564 1620.2
0.797719 1612.34
0.803834 1608.02
0.809972 1606.86
0.816124 1588.09
0.822261 1592.13
0.828378 1577.45
0.834502 1571.54
0.840667 1569.34
0.846816 1570.71
0.852925 1547.78
0.859047 1552.23
0.865192 1541.36
0.871341 1554.02
0.877463 1528.28
0.883569 1530.56
0.889708 1525.93
0.895864 1511.98
0.902008 1512.92
0.908149 1504.79
0.914301 1486.33
0.920448 1488
0.926574 1481.6
0.932687 1482.76
0.938823 1472.91
0.944975 1463.44
0.951105 1456.04
0.957225 1454.76
0.963368 1448.22
0.969511 1449.02
0.975621 1434.11
0.981748 1422.17
0.987916 1423.2
0.99406 1415.19
1.00019 1416.33
1.00632 1410.32
1.01246 1395.8
1.01859 1394.25
1.02471 1384.36
1.03085 1375.72
1.03698 1371.18
1.04314 1375.86
1.04929 1362.98
1.05541 1355.27
1.06154 1348.81
1.06769 1343.6
1.07382 1344.34
1.07993 1336.04
1.08607 1327.4
1.09222 1322.46
1.09836 1315.38
1.10449 1313.91
1.11063 1305.77
1.11677 1297.02
1.1229 1292.48
1.12903 1289.72
1.13518 1280.09
1.14131 1276.2
1.14745 1266.8
1.15359 1267.3
1.15973 1262.99
1.16584 1250.49
1.17197 1242.76
1.17811 1244.25
1.18424 1233.58
1.19038 1230.46
1.19652 1223.84
1.20267 1220.64
1.20881 1215.23
1.21495 1210.79
1.22108 1204.23
1.2272 1199.57
1.23334 1192.43
1.23949 1186.21
1.24562 1175.92
1.25174 1170.93
1.25789 1172.58
1.26402 1165.89
1.27014 1157.59
1.27628 1151.98
1.28244 1148.2
1.28858 1144.53
1.29471 1139.91
1.30084 1134.8
1.30697 1124.01
1.31312 1124.84
1.31925 1120.56
1.32537 1111.96
1.33151 1105.88
1.33765 1099.08
1.34378 1100.34
1.34992 1089.97
1.35606 1087.48
1.3622 1080.43
1.36833 1083
1.37445 1071.77
1.38059 1065.15
1.38675 1063.02
1.39288 1058.16
1.39901 1050.89
1.40515 1048.23
1.4113 1043.72
1.41742 1035.38
1.42355 1031.89
1.4297 1026.1
1.43585 1020.82
1.44198 1015.15
1.44809 1012.46
1.45423 1007.76
1.46036 1005.57
1.46649 998.033
1.47263 994.943
1.47877 987.896
1.48491 986.825
1.49104 984.768
1.49718 978.712
1.50333 973.614
1.50947 966.573
1.5156 965.707
1.52172 959.525
1.52787 953.572
1.534 947.455
1.54013 941.041
1.54627 938.971
1.55241 938.899
1.55855 930.953
1.56467 926.842
1.5708 922.228
