0.00783031 1.54575
0.013688 2.12965
0.019231 2.29238
0.0249154 2.13805
0.0312784 2.1639
0.0375637 2.15046
0.0433917 1.97004
0.0492413 1.99754
0.0555754 2.09134
0.0619321 2.23797
0.067871 2.39961
0.0738098 2.53227
0.0800417 2.66027
0.0862327 2.67968
0.0921407 2.79047
0.0982031 2.94115
0.104506 3.08878
0.110769 3.23351
0.116806 3.5772
0.122832 3.62649
0.129052 4.01425
0.135211 4.41931
0.141259 4.3765
0.147318 4.79449
0.153489 4.89567
0.159709 5.20947
0.165845 5.4645
0.171974 5.826
0.178125 6.04926
0.184229 6.50946
0.19034 6.87237
0.196428 7.24306
0.202534 7.73469
0.208729 8.06336
0.214876 8.72517
0.220989 8.7791
0.227147 9.21482
0.23329 9.86707
0.239377 10.2488
0.245482 10.629
0.251667 10.9121
0.257832 11.7176
0.263955 12.1134
0.270079 12.5529
0.27624 13.1527
0.282372 13.8812
0.28843 14.2505
0.294538 14.7477
0.300721 15.6562
0.30691 15.902
0.313033 16.8632
0.319153 17.2671
0.325316 17.5484
0.33145 18.4569
0.337538 18.892
0.343633 19.5591
0.349808 20.1879
0.355968 20.8983
0.362074 21.5462
0.368217 22.251
0.374374 22.8458
0.380519 23.4519
0.386598 24.1986
0.392688 24.8999
0.39888 25.8122
0.405048 26.4118
0.411186 27.3681
0.417313 27.8274
0.423458 28.4732
0.429607 29.5057
0.435692 29.8186
0.441815 31.0286
0.447964 31.7057
0.454126 32.242
0.460267 33.0364
0.466387 33.9024
0.47254 34.4438
0.478662 34.9929
0.484765 36.0427
0.490885 36.6593
0.497035 38.0502
0.503198 38.4934
0.509342 39.2771
0.515458 40.3106
0.521598 40.7958
0.527764 41.6529
0.533884 42.2884
0.54 43.3862
0.546137 43.8937
0.552299 44.9982
0.558452 45.7011
0.564573 46.6364
0.570708 47.7638
0.576825 48.6154
0.582926 49.3219
0.589034 50.5748
0.595184 50.7621
0.601379 51.9974
0.607522 52.5428
0.613639 53.5231
0.619772 54.8014
0.625918 55.1502
0.632068 55.9045
0.638161 57.0538
0.6443 58.1215
0.650464 58.7494
0.656582 59.9659
0.662703 60.363
0.668861 61.7799
0.675024 62.2634
0.681124 63.5624
0.687237 64.0491
0.693381 65.0984
0.699536 66.2507
0.705665 66.5598
0.711789 67.6913
0.717957 68.5252
0.72409 69.0695
0.730186 70.1712
0.736317 71.2329
0.742472 72.0477
0.748622 72.8941
0.75476 73.4311
0.760888 74.4898
0.767043 75.5767
0.773185 75.9608
0.779291 77.0768
0.785407 77.8663
0.791564 78.5003
0.797719 79.7552
0.803834 80.2404
0.809972 81.0989
0.816124 81.8586
0.822261 83.1014
0.828378 83.3884
0.834502 84.0309
0.840667 85.1448
0.846816 85.9839
0.852925 86.45
0.859047 87.651
0.865192 88.3563
0.871341 89.0354
0.877463 89.8305
0.883569 90.4329
0.889708 90.8538
0.895864 92.2384
0.902008 92.8504
0.908149 93.5068
0.914301 94.041
0.920448 95.0269
0.926574 95.8912
0.932687 95.8993
0.938823 96.5211
0.944975 97.738
0.951105 98.5423
0.957225 98.7948
0.963368 99.7045
0.969511 99.7839
0.975621 101.841
0.981748 102.145
0.987916 102.123
0.99406 103.746
1.00019 103.839
1.00632 104.613
1.01246 105.112
1.01859 105.521
1.02471 106.31
1.03085 107.161
1.03698 107.426
1.04314 108.129
1.04929 108.815
1.05541 109.23
1.06154 109.79
1.06769 110.124
1.07382 110.807
1.07993 111.254
1.08607 112.018
1.09222 112.557
1.09836 113.572
1.10449 113.613
1.11063 113.854
1.11677 114.999
1.1229 115.319
1.12903 115.362
1.13518 116.183
1.14131 116.263
1.14745 116.741
1.15359 117.24
1.15973 117.63
1.16584 118.489
1.17197 119.175
1.17811 119.515
1.18424 119.452
1.19038 119.916
1.19652 119.909
1.20267 120.854
1.20881 121.434
1.21495 121.971
1.22108 122.25
1.2272 122.259
1.23334 123.089
1.23949 122.928
1.24562 123.29
1.25174 124.318
1.25789 124.294
1.26402 124.36
1.27014 124.692
1.27628 125.534
1.28244 125.764
1.28858 125.845
1.29471 126.28
1.30084 126.64
1.30697 126.604
1.31312 127.658
1.31925 127.304
1.32537 128.042
1.33151 128.076
1.33765 128.257
1.34378 128.802
1.34992 128.659
1.35606 129.488
1.3622 129.368
1.36833 129.674
1.37445 130.308
1.38059 129.726
1.38675 130.645
1.39288 130.774
1.39901 131.128
1.40515 130.969
1.4113 131.327
1.41742 131.967
1.42355 131.93
1.4297 131.726
1.43585 132.148
1.44198 132.419
1.44809 132.607
1.45423 133.3
1.46036 133.218
1.46649 133.82
1.47263 133.601
1.47877 133.859
1.48491 134.008
1.49104 134.28
1.49718 134.273
1.50333 134.562
1.50947 134.567
1.5156 134.746
1.52172 135.02
1.52787 135.289
1.534 135.742
1.54013 135.298
1.54627 135.644
1.55241 135.92
1.55855 136.121
1.56467 135.996
1.5708 136.146
