0.00783031 7005.07
0.013688 13956.2
0.019231 8605.04
0.0249154 8634.76
0.0312784 8906.6
0.0375637 10016.9
0.0433917 9360.64
0.0492413 9690.32
0.0555754 8645.8
0.0619321 8322.21
0.067871 8571.8
0.0738098 8812.91
0.0800417 8177.04
0.0862327 8766.53
0.0921407 8165.57
0.0982031 7720.65
0.104506 8008.1
0.110769 7956.24
0.116806 7455.12
0.122832 7429.96
0.129052 7437.42
0.135211 7186.79
0.141259 7061.8
0.147318 7062.95
0.153489 6989.7
0.159709 6775.06
0.165845 6548.76
0.171974 6442.08
0.178125 6494.89
0.184229 6421.33
0.19034 6202.56
0.196428 6177.69
0.202534 6076.82
0.208729 5928
0.214876 5911.77
0.220989 5886.09
0.227147 5686.25
0.23329 5662.74
0.239377 5639.93
0.245482 5686.42
0.251667 5571.97
0.257832 5478.06
0.263955 5497.52
0.270079 5381.05
0.27624 5297.94
0.282372 5256.32
0.28843 5219.54
0.294538 5099.84
0.300721 5064.94
0.30691 5073.55
0.313033 5059.24
0.319153 4946.81
0.325316 4885.39
0.33145 4847.24
0.337538 4849.04
0.343633 4779.29
0.349808 4765.76
0.355968 4735.35
0.362074 4708.14
0.368217 4680.41
0.374374 4644.81
0.380519 4642.09
0.386598 4552.79
0.392688 4529.88
0.39888 4547.25
0.405048 4499.52
0.411186 4446.06
0.417313 4438.16
0.423458 4373.68
0.429607 4416
0.435692 4349.4
0.441815 4315.38
0.447964 4334.88
0.454126 4305.77
0.460267 4214.68
0.466387 4197.48
0.47254 4249.65
0.478662 4183.67
0.484765 4177.53
0.490885 4096.23
0.497035 4123.17
0.503198 4086.7
0.509342 4060.15
0.515458 4063.47
0.521598 4042.32
0.527764 4014.16
0.533884 4033.22
0.54 3952.05
0.546137 3958.86
0.552299 3972
0.558452 3981.75
0.564573 3922.13
0.570708 3903.06
0.576825 3900.61
0.582926 3874.94
0.589034 3871.49
0.595184 3826.63
0.601379 3845.34
0.607522 3824.72
0.613639 3810.38
0.619772 3806.17
0.625918 3800.42
0.632068 3742.21
0.638161 3749.88
0.6443 3744.74
0.650464 3734.04
0.656582 3731.22
0.662703 3683.07
0.668861 3698.21
0.675024 3664.41
0.681124 3655.49
0.687237 3638.97
0.693381 3621.89
0.699536 3639.76
0.705665 3621.16
0.711789 3603.32
0.717957 3577.14
0.72409 3572.03
0.730186 3571.2
0.736317 3570.69
0.742472 3546.53
0.748622 3536.85
0.75476 3536.86
0.760888 3509.99
0.767043 3514.16
0.773185 3514.8
0.779291 3481.59
0.785407 3477.19
0.791564 3482.71
0.797719 3476.25
0.803834 3470.72
0.809972 3469.7
0.816124 3433.28
0.822261 3448.76
0.828378 3413.99
0.834502 3409.88
0.840667 3408.75
0.846816 3404.89
0.852925 3384.68
0.859047 3382.13
0.865192 3372.51
0.871341 3395.69
0.877463 3348.67
0.883569 3365.44
0.889708 3352.46
0.895864 3327.72
0.902008 3331.88
0.908149 3324.31
0.914301 3297.18
0.920448 3299.64
0.926574 3291.36
0.932687 3291.46
0.938823 3288.24
0.944975 3273.26
0.951105 3263.46
0.957225 3266.7
0.963368 3255.94
0.969511 3258.3
0.975621 3236.08
0.981748 3212.06
0.987916 3226.66
0.99406 3211.1
1.00019 3213.41
1.00632 3217.29
1.01246 3189.55
1.01859 3194.42
1.02471 3171.6
1.03085 3160.98
1.03698 3161.88
1.04314 3167.26
1.04929 3152.49
1.05541 3151.12
1.06154 3140.75
1.06769 3134.2
1.07382 3142.11
1.07993 3134.28
1.08607 3119.85
1.09222 3110.5
1.09836 3093.77
1.10449 3106.87
1.11063 3095.73
1.11677 3079.93
1.1229 3081.64
1.12903 3078.21
1.13518 3057.85
1.14131 3063.34
1.14745 3045.62
1.15359 3051.94
1.15973 3052.5
1.16584 3036.36
1.17197 3023.77
1.17811 3025.81
1.18424 3016.47
1.19038 3009.93
1.19652 3005.1
1.20267 3005.2
1.20881 2992.64
1.21495 2987.71
1.22108 2985.34
1.2272 2985.97
1.23334 2974.44
1.23949 2971.86
1.24562 2954.6
1.25174 2941.04
1.25789 2953.14
1.26402 2951.41
1.27014 2935.62
1.27628 2928.17
1.28244 2929.12
1.28858 2923.63
1.29471 2922.92
1.30084 2920.16
1.30697 2893.19
1.31312 2905.85
1.31925 2904.15
1.32537 2888.51
1.33151 2881.16
1.33765 2872.98
1.34378 2884.68
1.34992 2862.24
1.35606 2857.32
1.3622 2851.35
1.36833 2860.02
1.37445 2843.76
1.38059 2838.96
1.38675 2834.16
1.39288 2830.42
1.39901 2825.31
1.40515 2821.6
1.4113 2812.36
1.41742 2802.7
1.42355 2800.54
1.4297 2792.42
1.43585 2788.64
1.44198 2779.19
1.44809 2777.91
1.45423 2775.96
1.46036 2775.23
1.46649 2761.93
1.47263 2758.81
1.47877 2746.3
1.48491 2753.16
1.49104 2750.58
1.49718 2738.64
1.50333 2734.88
1.50947 2724.56
1.5156 2726.81
1.52172 2718.31
1.52787 2708.39
1.534 2702.93
1.54013 2691.4
1.54627 2690.29
1.55241 2690.2
1.55855 2682.03
1.56467 2676.75
1.5708 2673.46
