0.00783031 3700.7
0.013688 1331.03
0.019231 230.793
0.0249154 1960.54
0.0312784 657.238
0.0375637 -149.968
0.0433917 214.308
0.0492413 433.619
0.0555754 930.262
0.0619321 1150.24
0.067871 1513.82
0.0738098 1244.33
0.0800417 1548.87
0.0862327 1223.06
0.0921407 1691.15
0.0982031 1633.94
0.104506 1472.35
0.110769 1784.26
0.116806 1741.95
0.122832 1531.95
0.129052 1716.13
0.135211 1687.6
0.141259 1661.05
0.147318 1685.17
0.153489 1909.5
0.159709 1788.29
0.165845 1915.63
0.171974 1805.32
0.178125 1856.07
0.184229 1833.6
0.19034 1947.86
0.196428 1784.91
0.202534 1863.95
0.208729 1951.58
0.214876 1872.56
0.220989 1848.82
0.227147 1904.91
0.23329 1857.36
0.239377 1953.43
0.245482 1895.96
0.251667 1960.32
0.257832 1867.04
0.263955 1883.19
0.270079 1900.58
0.27624 1880.78
0.282372 1898.47
0.28843 1916.76
0.294538 1875.63
0.300721 1889.12
0.30691 1862.68
0.313033 1870.86
0.319153 1869.94
0.325316 1842.08
0.33145 1878.16
0.337538 1813.07
0.343633 1866.89
0.349808 1832.04
0.355968 1829.56
0.362074 1830.4
0.368217 1776.54
0.374374 1766.29
0.380519 1804.47
0.386598 1805.47
0.392688 1777.14
0.39888 1756.79
0.405048 1755.34
0.411186 1745.09
0.417313 1733.08
0.423458 1731.44
0.429607 1741.57
0.435692 1737.12
0.441815 1718.54
0.447964 1701.26
0.454126 1732.31
0.460267 1695.05
0.466387 1699.72
0.47254 1682.31
0.478662 1668.4
0.484765 1662.89
0.490885 1642.85
0.497035 1651.82
0.503198 1645.3
0.509342 1638.05
0.515458 1643.65
0.521598 1629.85
0.527764 1597.47
0.533884 1612.73
0.54 1608.38
0.546137 1597.09
0.552299 1586.69
0.558452 1550.04
0.564573 1553.35
0.570708 1569.11
0.576825 1539.08
0.582926 1527.96
0.589034 1536.57
0.595184 1526.11
0.601379 1513.47
0.607522 1519.36
0.613639 1503.28
0.619772 1498.3
0.625918 1490.38
0.632068 1467.09
0.638161 1476.95
0.6443 1467.3
0.650464 1447.38
0.656582 1450.47
0.662703 1425.57
0.668861 1439.64
0.675024 1424.34
0.681124 1418.43
0.687237 1419.71
0.693381 1406.19
0.699536 1400.93
0.705665 1384.6
0.711789 1373.99
0.717957 1380.25
0.72409 1365.89
0.730186 1360.17
0.736317 1352.92
0.742472 1340.48
0.748622 1337.49
0.75476 1342.61
0.760888 1322.7
0.767043 1322.98
0.773185 1310.04
0.779291 1296.3
0.785407 1293.39
0.791564 1286.96
0.797719 1274.55
0.803834 1274.78
0.809972 1270.59
0.816124 1264.38
0.822261 1248.41
0.828378 1246.27
0.834502 1240.12
0.840667 1236.42
0.846816 1232.55
0.852925 1216.46
0.859047 1207.02
0.865192 1203.75
0.871341 1207.05
0.877463 1191.11
0.883569 1185.96
0.889708 1177.07
0.895864 1173.65
0.902008 1164.19
0.908149 1158.76
0.914301 1150.46
0.920448 1146.36
0.926574 1138.89
0.932687 1137.72
0.938823 1128.02
0.944975 1123.38
0.951105 1116.35
0.957225 1109.1
0.963368 1099.71
0.969511 1091.56
0.975621 1085.62
0.981748 1083
0.987916 1077.47
0.99406 1073.15
1.00019 1067.06
1.00632 1056.61
1.01246 1055.57
1.01859 1042.7
1.02471 1037.42
1.03085 1034.74
1.03698 1024.34
1.04314 1023.52
1.04929 1014.97
1.05541 1014.68
1.06154 1006.84
1.06769 994.625
1.07382 987.262
1.07993 983.241
1.08607 980.485
1.09222 971.339
1.09836 961.848
1.10449 961.891
1.11063 957.298
1.11677 950.596
1.1229 942.398
1.12903 938.078
1.13518 928.575
1.14131 926.114
1.14745 921.759
1.15359 909.711
1.15973 904.961
1.16584 902.693
1.17197 901.207
1.17811 893.552
1.18424 888.2
1.19038 878.312
1.19652 871.813
1.20267 871.194
1.20881 863.169
1.21495 858.693
1.22108 854.686
1.2272 847.803
1.23334 846.921
1.23949 838.233
1.24562 832.577
1.25174 826.821
1.25789 819.937
1.26402 815.81
1.27014 812.95
1.27628 805.637
1.28244 802.955
1.28858 795.827
1.29471 792.285
1.30084 784.712
1.30697 783.835
1.31312 776.536
1.31925 772.736
1.32537 768.132
1.33151 764.265
1.33765 757.138
1.34378 753.802
1.34992 747.52
1.35606 743.954
1.3622 737.925
1.36833 731.776
1.37445 729.505
1.38059 725.961
1.38675 720.121
1.39288 713.475
1.39901 712.871
1.40515 704.146
1.4113 701.917
1.41742 695.906
1.42355 691.907
1.4297 687.553
1.43585 683.221
1.44198 679.69
1.44809 675.274
1.45423 670.623
1.46036 666.87
1.46649 662.623
1.47263 657.7
1.47877 653.96
1.48491 649.548
1.49104 646.663
1.49718 642.699
1.50333 636.367
1.50947 633.62
1.5156 629.079
1.52172 623.484
1.52787 620.976
1.534 618.034
1.54013 615.127
1.54627 608.522
1.55241 607.324
1.55855 602.607
1.56467 596.357
1.5708 597.053
