0.00783031 5917.15
0.013688 3017.45
0.019231 4548.99
0.0249154 3719.38
0.0312784 4119.68
0.0375637 3107.29
0.0433917 2741.9
0.0492413 2739.02
0.0555754 2596.04
0.0619321 2308.74
0.067871 2394.83
0.0738098 2174.58
0.0800417 2038.38
0.0862327 1855.64
0.0921407 1827.15
0.0982031 1858.35
0.104506 1663.4
0.110769 1577.93
0.116806 1520.4
0.122832 1515.64
0.129052 1417.55
0.135211 1336.91
0.141259 1351.79
0.147318 1267.04
0.153489 1193.19
0.159709 1203.59
0.165845 1145.57
0.171974 1095.83
0.178125 1045.54
0.184229 1046.77
0.19034 1002.59
0.196428 960.96
0.202534 948.673
0.208729 915.257
0.214876 899.758
0.220989 879.934
0.227147 850.907
0.23329 829.952
0.239377 800.435
0.245482 785.893
0.251667 768.132
0.257832 762.804
0.263955 730.08
0.270079 724.392
0.27624 708.68
0.282372 669.64
0.28843 659.838
0.294538 648.622
0.300721 652.098
0.30691 630.125
0.313033 607.43
0.319153 601.507
0.325316 595.483
0.33145 588.823
0.337538 573.32
0.343633 560.577
0.349808 547.343
0.355968 537.364
0.362074 526.102
0.368217 515.975
0.374374 510.909
0.380519 501.781
0.386598 494.582
0.392688 487.923
0.39888 476.395
0.405048 469.519
0.411186 464.425
0.417313 450.751
0.423458 445.367
0.429607 434.904
0.435692 427.421
0.441815 428.046
0.447964 419.061
0.454126 414.134
0.460267 404.119
0.466387 398.881
0.47254 393.193
0.478662 393.431
0.484765 381.14
0.490885 379.66
0.497035 372.642
0.503198 365.835
0.509342 362.111
0.515458 357.953
0.521598 351.338
0.527764 346.904
0.533884 343.373
0.54 337.698
0.546137 334.608
0.552299 328.668
0.558452 325.958
0.564573 318.286
0.570708 316.333
0.576825 314.515
0.582926 311.694
0.589034 306.422
0.595184 300.845
0.601379 298.39
0.607522 292.539
0.613639 290.98
0.619772 287.797
0.625918 285.541
0.632068 280.959
0.638161 277.363
0.6443 274.957
0.650464 270.143
0.656582 267.412
0.662703 265.73
0.668861 262.689
0.675024 257.515
0.681124 256.529
0.687237 254.675
0.693381 250.59
0.699536 248.433
0.705665 245.628
0.711789 244.82
0.717957 241.74
0.72409 236.765
0.730186 235.878
0.736317 233.546
0.742472 231.539
0.748622 229.286
0.75476 227.411
0.760888 223.296
0.767043 222.264
0.773185 219.845
0.779291 217.103
0.785407 215.644
0.791564 213.559
0.797719 210.056
0.803834 208.855
0.809972 207.411
0.816124 206.181
0.822261 202.754
0.828378 202.4
0.834502 199.973
0.840667 198.503
0.846816 197.033
0.852925 194.827
0.859047 192.966
0.865192 191.546
0.871341 189.889
0.877463 187.807
0.883569 185.724
0.889708 184.013
0.895864 183.008
0.902008 180.949
0.908149 179.474
0.914301 177.852
0.920448 177.276
0.926574 175.806
0.932687 174.611
0.938823 172.554
0.944975 171.284
0.951105 170.943
0.957225 169.285
0.963368 167.966
0.969511 165.91
0.975621 164.762
0.981748 163.805
0.987916 162.554
0.99406 160.38
1.00019 160.843
1.00632 158.603
1.01246 157.644
1.01859 156.477
1.02471 156.302
1.03085 154.469
1.03698 153.34
1.04314 151.889
1.04929 150.62
1.05541 150.347
1.06154 148.666
1.06769 147.931
1.07382 146.707
1.07993 146.423
1.08607 145.011
1.09222 144.399
1.09836 143.422
1.10449 142.417
1.11063 140.865
1.11677 140.617
1.1229 139.617
1.12903 139.017
1.13518 138.369
1.14131 137.645
1.14745 136.494
1.15359 135.767
1.15973 134.758
1.16584 133.852
1.17197 133.52
1.17811 132.199
1.18424 131.556
1.19038 130.984
1.19652 130.49
1.20267 129.809
1.20881 128.648
1.21495 127.909
1.22108 127.338
1.2272 126.555
1.23334 126.024
1.23949 125.463
1.24562 125.094
1.25174 124.484
1.25789 124.153
1.26402 123.098
1.27014 122.438
1.27628 122.039
1.28244 121.439
1.28858 120.884
1.29471 120.232
1.30084 119.474
1.30697 119.16
1.31312 118.329
1.31925 118.105
1.32537 117.799
1.33151 117.283
1.33765 116.541
1.34378 115.974
1.34992 115.658
1.35606 114.991
1.3622 114.312
1.36833 114.423
1.37445 113.787
1.38059 113.303
1.38675 112.971
1.39288 112.1
1.39901 111.816
1.40515 111.012
1.4113 110.93
1.41742 110.539
1.42355 110.067
1.4297 109.878
1.43585 109.25
1.44198 108.644
1.44809 108.61
1.45423 108.284
1.46036 107.781
1.46649 107.595
1.47263 107.282
1.47877 106.754
1.48491 106.407
1.49104 106.241
1.49718 105.839
1.50333 105.268
1.50947 104.996
1.5156 104.765
1.52172 104.387
1.52787 104.338
1.534 103.772
1.54013 103.401
1.54627 103.296
1.55241 102.787
1.55855 102.807
1.56467 102.429
1.5708 101.892
