0.00783031 -168.517
0.013688 2010.34
0.019231 -168.684
0.0249154 107.139
0.0312784 1130.45
0.0375637 -546.45
0.0433917 844.118
0.0492413 231.248
0.0555754 -50.669
0.0619321 729.53
0.067871 473.046
0.0738098 582.42
0.0800417 530.134
0.0862327 605.107
0.0921407 1117.45
0.0982031 975.81
0.104506 971.118
0.110769 851.744
0.116806 874.914
0.122832 1028.22
0.129052 1170.82
0.135211 1037.97
0.141259 1134.71
0.147318 1157.9
0.153489 1074.73
0.159709 1114.5
0.165845 1148.75
0.171974 1134.93
0.178125 1129.97
0.184229 1200.28
0.19034 1106.09
0.196428 1151.32
0.202534 1196.79
0.208729 1184.48
0.214876 1136.09
0.220989 1181.47
0.227147 1189.91
0.23329 1191.26
0.239377 1149.61
0.245482 1152.79
0.251667 1168.36
0.257832 1135.52
0.263955 1200.62
0.270079 1159.61
0.27624 1141.94
0.282372 1116.91
0.28843 1150.88
0.294538 1117.47
0.300721 1156.31
0.30691 1112.48
0.313033 1095.27
0.319153 1119.18
0.325316 1107.57
0.33145 1102.41
0.337538 1086.43
0.343633 1063.4
0.349808 1068.67
0.355968 1066.97
0.362074 1037.6
0.368217 1055.83
0.374374 1046.1
0.380519 1038.96
0.386598 1033.17
0.392688 1014.69
0.39888 1006.18
0.405048 1010.91
0.411186 1000.42
0.417313 993.14
0.423458 991.579
0.429607 977.916
0.435692 984.845
0.441815 967.305
0.447964 959.832
0.454126 947.066
0.460267 929.986
0.466387 935.725
0.47254 926.287
0.478662 923.831
0.484765 916.356
0.490885 909.544
0.497035 909.665
0.503198 887.175
0.509342 893.182
0.515458 881.309
0.521598 864.835
0.527764 860.743
0.533884 861.533
0.54 850.329
0.546137 848.043
0.552299 844.144
0.558452 824.014
0.564573 832.578
0.570708 815.311
0.576825 814.151
0.582926 799.963
0.589034 803.246
0.595184 788.727
0.601379 778.375
0.607522 779.795
0.613639 768.255
0.619772 771.227
0.625918 760.33
0.632068 757.678
0.638161 747.261
0.6443 743.293
0.650464 739.812
0.656582 731.427
0.662703 723.903
0.668861 716.718
0.675024 709.414
0.681124 706.186
0.687237 700.497
0.693381 695.946
0.699536 689.227
0.705665 679.683
0.711789 678.346
0.717957 673.482
0.72409 666.012
0.730186 658.786
0.736317 657.784
0.742472 650.811
0.748622 645.618
0.75476 640.433
0.760888 634.569
0.767043 627.262
0.773185 623.868
0.779291 613.924
0.785407 611.35
0.791564 610.141
0.797719 604.649
0.803834 599.053
0.809972 596.947
0.816124 587.545
0.822261 581.359
0.828378 583.174
0.834502 573.345
0.840667 568.479
0.846816 566.163
0.852925 561.77
0.859047 553.485
0.865192 549.676
0.871341 547.811
0.877463 541.207
0.883569 534.93
0.889708 532.346
0.895864 528.082
0.902008 524.136
0.908149 520.72
0.914301 512.829
0.920448 513.148
0.926574 505.772
0.932687 504.041
0.938823 496.029
0.944975 492.833
0.951105 487.226
0.957225 485.494
0.963368 481.633
0.969511 478.733
0.975621 473.631
0.981748 469.878
0.987916 464.588
0.99406 462.496
1.00019 457.319
1.00632 454.342
1.01246 448.564
1.01859 449.396
1.02471 444.776
1.03085 439.16
1.03698 434.675
1.04314 430.521
1.04929 427.152
1.05541 425.257
1.06154 420.472
1.06769 417.843
1.07382 414.781
1.07993 411.436
1.08607 408.022
1.09222 404.829
1.09836 400.585
1.10449 395.514
1.11063 396.757
1.11677 391.6
1.1229 386.508
1.12903 384.23
1.13518 382.373
1.14131 379.274
1.14745 375.957
1.15359 370.348
1.15973 368.64
1.16584 367.45
1.17197 363.304
1.17811 360.334
1.18424 358.348
1.19038 355.1
1.19652 352.493
1.20267 349.978
1.20881 346.599
1.21495 342.038
1.22108 340.087
1.2272 338.834
1.23334 336.85
1.23949 332.348
1.24562 330.711
1.25174 327.583
1.25789 325.011
1.26402 322.124
1.27014 321.149
1.27628 317.576
1.28244 314.177
1.28858 312.005
1.29471 309.764
1.30084 307.416
1.30697 305.334
1.31312 303.847
1.31925 299.496
1.32537 297.112
1.33151 295.176
1.33765 293.204
1.34378 290.543
1.34992 288.634
1.35606 286.794
1.3622 285.069
1.36833 280.736
1.37445 278.856
1.38059 277.298
1.38675 276.189
1.39288 274.054
1.39901 271.307
1.40515 269.513
1.4113 267.787
1.41742 265.008
1.42355 262.636
1.4297 261.385
1.43585 258.891
1.44198 256.461
1.44809 255.106
1.45423 253.681
1.46036 250.769
1.46649 249.583
1.47263 246.9
1.47877 246.339
1.48491 245.395
1.49104 242.235
1.49718 240.113
1.50333 238.778
1.50947 236.97
1.5156 234.722
1.52172 232.929
1.52787 230.862
1.534 229.363
1.54013 227.392
1.54627 225.876
1.55241 223.936
1.55855 223.062
1.56467 220.563
1.5708 218.881
