0.00783031 2181.53
0.013688 2946.75
0.019231 3510.24
0.0249154 3590.7
0.0312784 3315.93
0.0375637 2804.18
0.0433917 2806.47
0.0492413 2781.84
0.0555754 2770.63
0.0619321 2445.35
0.067871 2339.09
0.0738098 2246.74
0.0800417 2127.18
0.0862327 1966
0.0921407 1896.73
0.0982031 1732.77
0.104506 1713.22
0.110769 1642.08
0.116806 1553.86
0.122832 1513.31
0.129052 1450.44
0.135211 1408.11
0.141259 1325.75
0.147318 1311.85
0.153489 1250.4
0.159709 1207.08
0.165845 1162.15
0.171974 1157.68
0.178125 1093.61
0.184229 1050.28
0.19034 1034.09
0.196428 1006.64
0.202534 961.058
0.208729 960.648
0.214876 923.761
0.220989 895.666
0.227147 892.1
0.23329 863.651
0.239377 844.555
0.245482 813.215
0.251667 805.123
0.257832 772.886
0.263955 760.03
0.270079 761.185
0.27624 741.563
0.282372 721.548
0.28843 696.718
0.294538 681.926
0.300721 668.717
0.30691 674.748
0.313033 636.595
0.319153 634.064
0.325316 627.15
0.33145 605.792
0.337538 605.522
0.343633 589.671
0.349808 579.275
0.355968 575.243
0.362074 563.386
0.368217 550.669
0.374374 546.961
0.380519 535.251
0.386598 527.505
0.392688 508.772
0.39888 510.71
0.405048 504.995
0.411186 493.341
0.417313 485.472
0.423458 472.353
0.429607 472.423
0.435692 461.881
0.441815 458.986
0.447964 447.278
0.454126 442.059
0.460267 434.598
0.466387 433.247
0.47254 425.741
0.478662 418.213
0.484765 411.633
0.490885 409.638
0.497035 404.304
0.503198 397.166
0.509342 391.115
0.515458 389.164
0.521598 381.35
0.527764 374.977
0.533884 373.21
0.54 370.285
0.546137 366.168
0.552299 359.935
0.558452 357.3
0.564573 349.246
0.570708 344.235
0.576825 345.633
0.582926 340.226
0.589034 335.187
0.595184 331.406
0.601379 326.671
0.607522 322.509
0.613639 321.04
0.619772 315.351
0.625918 314.936
0.632068 307.718
0.638161 306.808
0.6443 302.121
0.650464 301.523
0.656582 295.923
0.662703 291.398
0.668861 290.325
0.675024 286.269
0.681124 283.796
0.687237 280.194
0.693381 278.656
0.699536 274.085
0.705665 273.849
0.711789 270.196
0.717957 267.662
0.72409 264.214
0.730186 262.841
0.736317 259.413
0.742472 257.158
0.748622 253.919
0.75476 252.402
0.760888 249.044
0.767043 246.262
0.773185 244.885
0.779291 244.661
0.785407 239.718
0.791564 239.058
0.797719 235.347
0.803834 234.012
0.809972 231.969
0.816124 229.4
0.822261 228.164
0.828378 224.684
0.834502 222.325
0.840667 221.023
0.846816 220.725
0.852925 217.04
0.859047 216.165
0.865192 212.716
0.871341 210.786
0.877463 209.304
0.883569 207.065
0.889708 206.244
0.895864 203.737
0.902008 202.78
0.908149 201.248
0.914301 199.578
0.920448 197.522
0.926574 196.551
0.932687 195.166
0.938823 193.259
0.944975 191.047
0.951105 189.724
0.957225 187.595
0.963368 186.036
0.969511 184.498
0.975621 183.646
0.981748 181.979
0.987916 180.973
0.99406 179.841
1.00019 178.094
1.00632 177.088
1.01246 175.028
1.01859 173.923
1.02471 171.494
1.03085 170.955
1.03698 169.903
1.04314 169.428
1.04929 166.974
1.05541 165.722
1.06154 165.247
1.06769 163.586
1.07382 162.412
1.07993 160.804
1.08607 159.52
1.09222 158.902
1.09836 157.917
1.10449 155.799
1.11063 155.191
1.11677 154.707
1.1229 153.072
1.12903 151.58
1.13518 151.073
1.14131 150.119
1.14745 148.774
1.15359 147.263
1.15973 147.089
1.16584 145.918
1.17197 144.619
1.17811 143.548
1.18424 143.048
1.19038 142.135
1.19652 140.801
1.20267 139.22
1.20881 138.45
1.21495 137.559
1.22108 137.089
1.2272 136.218
1.23334 135.085
1.23949 133.791
1.24562 133.575
1.25174 132.627
1.25789 131.866
1.26402 130.908
1.27014 130.088
1.27628 129.503
1.28244 128.234
1.28858 127.438
1.29471 126.395
1.30084 125.638
1.30697 125.16
1.31312 124.133
1.31925 123.408
1.32537 122.227
1.33151 121.977
1.33765 121.139
1.34378 120.312
1.34992 119.575
1.35606 118.548
1.3622 118.214
1.36833 117.559
1.37445 116.804
1.38059 115.469
1.38675 115.415
1.39288 114.399
1.39901 113.874
1.40515 113.532
1.4113 112.322
1.41742 111.714
1.42355 111.136
1.4297 110.304
1.43585 109.688
1.44198 109.348
1.44809 108.417
1.45423 108.105
1.46036 107.191
1.46649 106.785
1.47263 106.089
1.47877 105.454
1.48491 105.03
1.49104 103.969
1.49718 103.469
1.50333 103.324
1.50947 102.483
1.5156 101.974
1.52172 101.225
1.52787 100.732
1.534 99.8648
1.54013 99.611
1.54627 98.8523
1.55241 98.6453
1.55855 98.0307
1.56467 97.3128
1.5708 96.8181
