0.00783031 -119.566
0.013688 2113.01
0.019231 -99.5315
0.0249154 295.623
0.0312784 1394.33
0.0375637 -201.889
0.0433917 1189.49
0.0492413 675.65
0.0555754 421.61
0.0619321 1268.09
0.067871 1042.05
0.0738098 1127.82
0.0800417 1111.2
0.0862327 1240.79
0.0921407 1798.6
0.0982031 1625.86
0.104506 1705.14
0.110769 1545.77
0.116806 1578.3
0.122832 1754.35
0.129052 1930.28
0.135211 1768.61
0.141259 1893
0.147318 1926.31
0.153489 1816.68
0.159709 1862.38
0.165845 1921.8
0.171974 1883.41
0.178125 1875.48
0.184229 1975.66
0.19034 1842.86
0.196428 1900.15
0.202534 1974.43
0.208729 1953.55
0.214876 1897.02
0.220989 1949.16
0.227147 1958.87
0.23329 1957.97
0.239377 1904.72
0.245482 1901.96
0.251667 1940
0.257832 1884.13
0.263955 1980.27
0.270079 1922.73
0.27624 1899.12
0.282372 1867.91
0.28843 1908.83
0.294538 1877.04
0.300721 1928.25
0.30691 1866.39
0.313033 1845.29
0.319153 1884.25
0.325316 1865.92
0.33145 1858.69
0.337538 1841.33
0.343633 1804.93
0.349808 1816.84
0.355968 1817.66
0.362074 1772.67
0.368217 1804.65
0.374374 1796.58
0.380519 1785.49
0.386598 1779.55
0.392688 1754.1
0.39888 1744.4
0.405048 1751.6
0.411186 1743.32
0.417313 1734.39
0.423458 1737.16
0.429607 1716.78
0.435692 1734.27
0.441815 1708.37
0.447964 1698.79
0.454126 1680.73
0.460267 1656.2
0.466387 1670.18
0.47254 1658.86
0.478662 1660.77
0.484765 1649.8
0.490885 1642.69
0.497035 1649.26
0.503198 1612.14
0.509342 1626.77
0.515458 1613.14
0.521598 1586.89
0.527764 1583.45
0.533884 1589.83
0.54 1571.24
0.546137 1569.75
0.552299 1570.07
0.558452 1537.84
0.564573 1557.93
0.570708 1531.46
0.576825 1530.21
0.582926 1509.69
0.589034 1518.47
0.595184 1497.81
0.601379 1481.84
0.607522 1487.57
0.613639 1469.29
0.619772 1479.24
0.625918 1461.79
0.632068 1462.31
0.638161 1448.8
0.6443 1443.97
0.650464 1440.42
0.656582 1430.39
0.662703 1418.3
0.668861 1406.94
0.675024 1397.82
0.681124 1395.29
0.687237 1386.46
0.693381 1384.66
0.699536 1372.42
0.705665 1357.38
0.711789 1359.28
0.717957 1352.21
0.72409 1340.98
0.730186 1329.91
0.736317 1331.31
0.742472 1320.06
0.748622 1315.32
0.75476 1308.67
0.760888 1297.85
0.767043 1288.17
0.773185 1284.27
0.779291 1268.06
0.785407 1265.4
0.791564 1264.64
0.797719 1259.51
0.803834 1250.22
0.809972 1249.31
0.816124 1234.15
0.822261 1223.55
0.828378 1230.66
0.834502 1214.51
0.840667 1207.26
0.846816 1206.06
0.852925 1201.1
0.859047 1186.3
0.865192 1180.89
0.871341 1180.72
0.877463 1169.33
0.883569 1160.52
0.889708 1156.08
0.895864 1152.15
0.902008 1145
0.908149 1142.65
0.914301 1126.45
0.920448 1130.45
0.926574 1117.7
0.932687 1117.03
0.938823 1100.71
0.944975 1099.06
0.951105 1089.74
0.957225 1087.01
0.963368 1082.41
0.969511 1078.45
0.975621 1070
0.981748 1063.85
0.987916 1053.81
0.99406 1052.96
1.00019 1044.81
1.00632 1038.98
1.01246 1030.2
1.01859 1033.07
1.02471 1025.88
1.03085 1015.2
1.03698 1007.4
1.04314 1000.2
1.04929 995.028
1.05541 992.934
1.06154 984.485
1.06769 980.11
1.07382 974.943
1.07993 970.573
1.08607 965.395
1.09222 960.059
1.09836 951.134
1.10449 943.147
1.11063 946.924
1.11677 937.883
1.1229 927.842
1.12903 923.909
1.13518 921.673
1.14131 916.555
1.14745 910.472
1.15359 900.084
1.15973 897.042
1.16584 896.252
1.17197 888.669
1.17811 883.752
1.18424 880.742
1.19038 874.368
1.19652 870.725
1.20267 866.474
1.20881 858.699
1.21495 851.299
1.22108 846.933
1.2272 846.085
1.23334 842.408
1.23949 834.491
1.24562 830.986
1.25174 824.728
1.25789 820.515
1.26402 816.049
1.27014 814.359
1.27628 807.153
1.28244 800.536
1.28858 796.535
1.29471 792.482
1.30084 788.765
1.30697 784.678
1.31312 782.745
1.31925 774.016
1.32537 769.113
1.33151 765.137
1.33765 761.991
1.34378 757.411
1.34992 753.008
1.35606 750.166
1.3622 746.763
1.36833 737.656
1.37445 734.443
1.38059 731.716
1.38675 729.406
1.39288 726.656
1.39901 720.149
1.40515 717.551
1.4113 714.201
1.41742 708.173
1.42355 703.162
1.4297 702.302
1.43585 696.263
1.44198 691.032
1.44809 688.59
1.45423 686.226
1.46036 679.77
1.46649 678.565
1.47263 672.509
1.47877 671.641
1.48491 670.696
1.49104 663.595
1.49718 659.086
1.50333 656.827
1.50947 652.825
1.5156 648.534
1.52172 643.694
1.52787 639.833
1.534 637.191
1.54013 633.625
1.54627 630.153
1.55241 625.664
1.55855 624.841
1.56467 618.861
1.5708 615.15
