0.00783031 -355.95
0.013688 6371.24
0.019231 -1049.8
0.0249154 771.314
0.0312784 -25.8167
0.0375637 975.688
0.0433917 336.791
0.0492413 628.439
0.0555754 1444.86
0.0619321 322.457
0.067871 965.018
0.0738098 1430.36
0.0800417 1455.38
0.0862327 1403.64
0.0921407 1567.08
0.0982031 1358.05
0.104506 1840.22
0.110769 1703.17
0.116806 1808.72
0.122832 1790.25
0.129052 1719.05
0.135211 1772.72
0.141259 1756
0.147318 1887.89
0.153489 1950.49
0.159709 1987.12
0.165845 1918.8
0.171974 2000.2
0.178125 2064.32
0.184229 1952.82
0.19034 1940.1
0.196428 1935.79
0.202534 1927.2
0.208729 2022.85
0.214876 2028.71
0.220989 2002.26
0.227147 2013.84
0.23329 2031.17
0.239377 2029.31
0.245482 2045.48
0.251667 1959.25
0.257832 1983.36
0.263955 2052.98
0.270079 1980.69
0.27624 1992.26
0.282372 2011.79
0.28843 2020.85
0.294538 2010.04
0.300721 2033.18
0.30691 1969.3
0.313033 1969.83
0.319153 2003.57
0.325316 1979.83
0.33145 1964.06
0.337538 2013.92
0.343633 1992.4
0.349808 1980.21
0.355968 1974.43
0.362074 1959.98
0.368217 1971.64
0.374374 1957.8
0.380519 1968.05
0.386598 1985.32
0.392688 1980.66
0.39888 1957.58
0.405048 1954.28
0.411186 1960.41
0.417313 1929.14
0.423458 1914.35
0.429607 1940.82
0.435692 1927.18
0.441815 1908.38
0.447964 1915.44
0.454126 1908.64
0.460267 1917.19
0.466387 1903.45
0.47254 1874.28
0.478662 1875.47
0.484765 1893.99
0.490885 1897.38
0.497035 1867.36
0.503198 1860.98
0.509342 1842.99
0.515458 1818.28
0.521598 1848.82
0.527764 1842.69
0.533884 1843.84
0.54 1819.82
0.546137 1826.8
0.552299 1829.08
0.558452 1807.09
0.564573 1815.31
0.570708 1813.3
0.576825 1799.03
0.582926 1807.99
0.589034 1785.41
0.595184 1775.42
0.601379 1771.96
0.607522 1776.55
0.613639 1768.29
0.619772 1760.35
0.625918 1748.82
0.632068 1742.07
0.638161 1745.13
0.6443 1728.54
0.650464 1737.26
0.656582 1717.9
0.662703 1717.84
0.668861 1713.21
0.675024 1698.92
0.681124 1701.86
0.687237 1696.07
0.693381 1688.84
0.699536 1693.54
0.705665 1676.44
0.711789 1668.15
0.717957 1673.47
0.72409 1676.78
0.730186 1669.22
0.736317 1659.42
0.742472 1654.34
0.748622 1643.18
0.75476 1649.23
0.760888 1641.95
0.767043 1627.57
0.773185 1618.97
0.779291 1607.63
0.785407 1605.88
0.791564 1612
0.797719 1594.42
0.803834 1593.91
0.809972 1584.71
0.816124 1595.37
0.822261 1575.46
0.828378 1572.41
0.834502 1559.11
0.840667 1571.45
0.846816 1568.37
0.852925 1547.67
0.859047 1543.73
0.865192 1541.75
0.871341 1534.65
0.877463 1536.98
0.883569 1521.18
0.889708 1519.89
0.895864 1517.02
0.902008 1502.09
0.908149 1505.61
0.914301 1504.77
0.920448 1490.9
0.926574 1478.45
0.932687 1485.76
0.938823 1465.17
0.944975 1468.93
0.951105 1465.57
0.957225 1459.24
0.963368 1452.5
0.969511 1441.23
0.975621 1438.83
0.981748 1433.71
0.987916 1420.86
0.99406 1417.29
1.00019 1417.25
1.00632 1409.95
1.01246 1407.1
1.01859 1398.34
1.02471 1390.92
1.03085 1389.13
1.03698 1389.09
1.04314 1381.89
1.04929 1374.19
1.05541 1370.85
1.06154 1364.73
1.06769 1359.16
1.07382 1343.86
1.07993 1343.75
1.08607 1340.23
1.09222 1336.65
1.09836 1328.9
1.10449 1324.1
1.11063 1326.98
1.11677 1307.35
1.1229 1310.32
1.12903 1299.15
1.13518 1297.48
1.14131 1293.91
1.14745 1286.53
1.15359 1286.94
1.15973 1274.91
1.16584 1272.85
1.17197 1263.77
1.17811 1257.98
1.18424 1252.94
1.19038 1249.36
1.19652 1241
1.20267 1239.89
1.20881 1233.99
1.21495 1228.08
1.22108 1226.06
1.2272 1217.48
1.23334 1214.91
1.23949 1204.19
1.24562 1204.4
1.25174 1198.73
1.25789 1186.5
1.26402 1188.14
1.27014 1181.93
1.27628 1177.4
1.28244 1174.72
1.28858 1164.75
1.29471 1167.01
1.30084 1153.76
1.30697 1152.58
1.31312 1146.85
1.31925 1141.91
1.32537 1137.55
1.33151 1134.32
1.33765 1132.05
1.34378 1126.11
1.34992 1117.88
1.35606 1115.38
1.3622 1110.76
1.36833 1107.88
1.37445 1099.45
1.38059 1098.2
1.38675 1090.24
1.39288 1089.05
1.39901 1081.01
1.40515 1076.35
1.4113 1073.25
1.41742 1067.52
1.42355 1062.01
1.4297 1061.81
1.43585 1055.11
1.44198 1046.66
1.44809 1045.58
1.45423 1042.48
1.46036 1037.64
1.46649 1033.53
1.47263 1026.42
1.47877 1023.62
1.48491 1023.41
1.49104 1013.78
1.49718 1009.2
1.50333 1007.45
1.50947 1003.59
1.5156 997.71
1.52172 993.055
1.52787 991.611
1.534 987.129
1.54013 980.321
1.54627 974.518
1.55241 975.907
1.55855 969.376
1.56467 961.388
1.5708 961.51
