0.00783031 20520.3
0.013688 25834.3
0.019231 25558.8
0.0249154 23647.5
0.0312784 20263
0.0375637 17306.5
0.0433917 14994.7
0.0492413 13267
0.0555754 12470.9
0.0619321 11132.4
0.067871 10706.7
0.0738098 9807.95
0.0800417 9088.71
0.0862327 8008.46
0.0921407 7285.64
0.0982031 6521.46
0.104506 6063.71
0.110769 5819.89
0.116806 5390.42
0.122832 5213.52
0.129052 4932.28
0.135211 4825.1
0.141259 4525.39
0.147318 4236.92
0.153489 3930.87
0.159709 3859.59
0.165845 3498.06
0.171974 3388.41
0.178125 3254.14
0.184229 3176.78
0.19034 3098.61
0.196428 2970.49
0.202534 2768.37
0.208729 2829.78
0.214876 2673.34
0.220989 2610.57
0.227147 2490.45
0.23329 2416.04
0.239377 2340.94
0.245482 2311.92
0.251667 2207.01
0.257832 2177.8
0.263955 2130.02
0.270079 2053.03
0.27624 2015.48
0.282372 1982.69
0.28843 1921.25
0.294538 1896.21
0.300721 1869.31
0.30691 1777.17
0.313033 1758.35
0.319153 1756.48
0.325316 1699.79
0.33145 1663.73
0.337538 1659.65
0.343633 1617.16
0.349808 1593.16
0.355968 1562.48
0.362074 1523.24
0.368217 1514.62
0.374374 1478.82
0.380519 1461.38
0.386598 1465.68
0.392688 1422.1
0.39888 1406.78
0.405048 1375.6
0.411186 1368.55
0.417313 1349.68
0.423458 1311.87
0.429607 1305.37
0.435692 1294.63
0.441815 1252.29
0.447964 1248.55
0.454126 1240.65
0.460267 1227.29
0.466387 1205.44
0.47254 1184.93
0.478662 1168.54
0.484765 1161.87
0.490885 1155.47
0.497035 1130.2
0.503198 1115.09
0.509342 1097.22
0.515458 1077.43
0.521598 1074.94
0.527764 1065.92
0.533884 1055.26
0.54 1043.22
0.546137 1035.11
0.552299 1026.94
0.558452 1011.2
0.564573 1006.82
0.570708 990.019
0.576825 982.551
0.582926 978.801
0.589034 963.494
0.595184 951.086
0.601379 941.019
0.607522 930.706
0.613639 923.853
0.619772 918.107
0.625918 906.144
0.632068 898.534
0.638161 889.882
0.6443 876.49
0.650464 871.323
0.656582 861.062
0.662703 857.029
0.668861 847.629
0.675024 834.032
0.681124 829.102
0.687237 822.698
0.693381 812.573
0.699536 810.175
0.705665 797.536
0.711789 792.265
0.717957 789.09
0.72409 781.404
0.730186 775.975
0.736317 765.287
0.742472 758.197
0.748622 754.037
0.75476 747.976
0.760888 743.623
0.767043 734.013
0.773185 726.222
0.779291 720.258
0.785407 711.864
0.791564 709.236
0.797719 703.209
0.803834 695.319
0.809972 690.197
0.816124 686.299
0.822261 678.852
0.828378 674.557
0.834502 663.001
0.840667 664.573
0.846816 659.279
0.852925 649.758
0.859047 645.41
0.865192 640.307
0.871341 633.668
0.877463 630.343
0.883569 623.75
0.889708 620.903
0.895864 616.014
0.902008 608.764
0.908149 604.712
0.914301 602.472
0.920448 594.175
0.926574 586.687
0.932687 585.331
0.938823 576.094
0.944975 575.271
0.951105 570.615
0.957225 565.462
0.963368 560.868
0.969511 554.446
0.975621 551.85
0.981748 544.911
0.987916 539.001
0.99406 535.01
1.00019 533.733
1.00632 528.147
1.01246 524.683
1.01859 518.68
1.02471 513.924
1.03085 511.736
1.03698 508.63
1.04314 503.832
1.04929 499.433
1.05541 495.032
1.06154 490.803
1.06769 487.685
1.07382 479.474
1.07993 477.938
1.08607 473.975
1.09222 471.892
1.09836 466.176
1.10449 463.611
1.11063 461.433
1.11677 453.681
1.1229 452.58
1.12903 446.869
1.13518 444.125
1.14131 441.029
1.14745 437.188
1.15359 434.179
1.15973 429.082
1.16584 426.879
1.17197 422.715
1.17811 418.503
1.18424 416.004
1.19038 412.066
1.19652 407.296
1.20267 406.216
1.20881 402.64
1.21495 398.756
1.22108 397.19
1.2272 392.6
1.23334 389.336
1.23949 384.965
1.24562 383.633
1.25174 379.758
1.25789 375.496
1.26402 373.306
1.27014 370.107
1.27628 367.529
1.28244 365.146
1.28858 361.296
1.29471 359.396
1.30084 355.226
1.30697 352.835
1.31312 349.403
1.31925 346.455
1.32537 344.163
1.33151 342.089
1.33765 339.714
1.34378 336.537
1.34992 333.198
1.35606 330.418
1.3622 327.533
1.36833 325.616
1.37445 322.129
1.38059 320.918
1.38675 317.179
1.39288 315.039
1.39901 311.513
1.40515 309.247
1.4113 307.734
1.41742 304.429
1.42355 301.895
1.4297 300.752
1.43585 297.577
1.44198 294.294
1.44809 292.706
1.45423 290.382
1.46036 288.058
1.46649 285.96
1.47263 283.193
1.47877 281.143
1.48491 280.004
1.49104 276.744
1.49718 273.891
1.50333 272.662
1.50947 269.916
1.5156 267.977
1.52172 265.358
1.52787 263.962
1.534 262.238
1.54013 259.459
1.54627 256.843
1.55241 255.931
1.55855 253.378
1.56467 250.657
1.5708 249.324
