0.00783031 -373.632
0.013688 3490.2
0.019231 -962.048
0.0249154 82.989
0.0312784 -208.388
0.0375637 79.2717
0.0433917 -154.38
0.0492413 -114.756
0.0555754 157.144
0.0619321 -199.07
0.067871 -84.5679
0.0738098 56.0659
0.0800417 -104.318
0.0862327 -100.131
0.0921407 -106.961
0.0982031 -217.142
0.104506 -67.3488
0.110769 -202.571
0.116806 -158.782
0.122832 -118.277
0.129052 -221.171
0.135211 -195.428
0.141259 -209.29
0.147318 -151.453
0.153489 -141.289
0.159709 -162.758
0.165845 -135.723
0.171974 -144.481
0.178125 -139.42
0.184229 -177.457
0.19034 -177.371
0.196428 -145.365
0.202534 -144.383
0.208729 -151.496
0.214876 -150.923
0.220989 -158.607
0.227147 -149.047
0.23329 -143.421
0.239377 -152.487
0.245482 -146.382
0.251667 -149.147
0.257832 -150.503
0.263955 -124.863
0.270079 -137.642
0.27624 -138.469
0.282372 -143.784
0.28843 -130.689
0.294538 -141.969
0.300721 -130.745
0.30691 -124.216
0.313033 -129.428
0.319153 -124.425
0.325316 -121.612
0.33145 -123.333
0.337538 -126.701
0.343633 -120.986
0.349808 -120.512
0.355968 -120.31
0.362074 -111.7
0.368217 -117.143
0.374374 -114.915
0.380519 -107.311
0.386598 -114.213
0.392688 -105.997
0.39888 -110.913
0.405048 -109.01
0.411186 -108.941
0.417313 -110.226
0.423458 -106.681
0.429607 -101.132
0.435692 -102.617
0.441815 -99.5427
0.447964 -100.587
0.454126 -100.522
0.460267 -100.002
0.466387 -98.5994
0.47254 -96.9206
0.478662 -97.0425
0.484765 -96.3317
0.490885 -96.819
0.497035 -92.1535
0.503198 -93.5783
0.509342 -92.468
0.515458 -92.9449
0.521598 -90.0678
0.527764 -91.6818
0.533884 -88.8282
0.54 -91.534
0.546137 -87.9157
0.552299 -89.9249
0.558452 -90.6576
0.564573 -87.4888
0.570708 -84.2642
0.576825 -84.7472
0.582926 -86.4874
0.589034 -85.4855
0.595184 -85.3628
0.601379 -85.5443
0.607522 -84.5957
0.613639 -81.5675
0.619772 -83.0916
0.625918 -83.3329
0.632068 -83.59
0.638161 -80.4861
0.6443 -80.9641
0.650464 -79.5027
0.656582 -81.4075
0.662703 -80.5192
0.668861 -80.202
0.675024 -76.6317
0.681124 -77.0554
0.687237 -75.127
0.693381 -74.7362
0.699536 -75.8568
0.705665 -74.4524
0.711789 -75.4229
0.717957 -76.8139
0.72409 -71.8576
0.730186 -73.2618
0.736317 -70.9155
0.742472 -71.6494
0.748622 -71.8485
0.75476 -70.1267
0.760888 -72.1123
0.767043 -71.5982
0.773185 -71.4718
0.779291 -71.116
0.785407 -69.8014
0.791564 -69.3717
0.797719 -70.1258
0.803834 -68.6061
0.809972 -68.3511
0.816124 -68.2644
0.822261 -66.9124
0.828378 -68.732
0.834502 -65.4428
0.840667 -67.1416
0.846816 -66.4177
0.852925 -66.7578
0.859047 -66.1025
0.865192 -64.819
0.871341 -65.0735
0.877463 -63.8382
0.883569 -63.546
0.889708 -64.8103
0.895864 -64.6806
0.902008 -64.2123
0.908149 -62.8251
0.914301 -63.1566
0.920448 -62.6872
0.926574 -62.0406
0.932687 -61.6498
0.938823 -61.0668
0.944975 -61.0053
0.951105 -60.9902
0.957225 -60.992
0.963368 -60.5424
0.969511 -59.6125
0.975621 -60.5293
0.981748 -58.7057
0.987916 -58.4425
0.99406 -58.5116
1.00019 -59.1222
1.00632 -58.5328
1.01246 -57.501
1.01859 -57.4418
1.02471 -57.1394
1.03085 -57.2408
1.03698 -56.9527
1.04314 -56.3109
1.04929 -56.4544
1.05541 -55.3017
1.06154 -55.8254
1.06769 -55.5394
1.07382 -54.3232
1.07993 -54.6037
1.08607 -53.9947
1.09222 -54.2787
1.09836 -53.1626
1.10449 -53.9612
1.11063 -53.2779
1.11677 -53.4539
1.1229 -52.9719
1.12903 -52.1831
1.13518 -52.4643
1.14131 -51.4235
1.14745 -51.5073
1.15359 -50.681
1.15973 -50.7398
1.16584 -50.8115
1.17197 -50.5384
1.17811 -50.3124
1.18424 -50.3934
1.19038 -49.7228
1.19652 -48.9995
1.20267 -49.7175
1.20881 -49.0735
1.21495 -48.3937
1.22108 -49.0304
1.2272 -48.182
1.23334 -47.6979
1.23949 -47.7337
1.24562 -47.6792
1.25174 -47.4154
1.25789 -47.0624
1.26402 -46.4024
1.27014 -46.3305
1.27628 -46.5623
1.28244 -46.2011
1.28858 -45.7909
1.29471 -45.7121
1.30084 -45.5836
1.30697 -45.3222
1.31312 -44.3856
1.31925 -44.4015
1.32537 -44.2051
1.33151 -44.1965
1.33765 -44.2186
1.34378 -43.6569
1.34992 -43.5794
1.35606 -43.2432
1.3622 -42.6282
1.36833 -42.6341
1.37445 -42.3849
1.38059 -42.4224
1.38675 -42.0407
1.39288 -41.7143
1.39901 -41.21
1.40515 -41.2606
1.4113 -41.3293
1.41742 -40.9663
1.42355 -40.4749
1.4297 -40.5473
1.43585 -40.6893
1.44198 -40.0245
1.44809 -40.1796
1.45423 -39.8628
1.46036 -39.2723
1.46649 -39.3048
1.47263 -39.0783
1.47877 -38.6805
1.48491 -38.7872
1.49104 -38.7573
1.49718 -38.0654
1.50333 -38.3644
1.50947 -37.94
1.5156 -37.829
1.52172 -37.4472
1.52787 -37.3051
1.534 -37.3137
1.54013 -36.6695
1.54627 -36.3145
1.55241 -36.2661
1.55855 -36.0253
1.56467 -36.0662
1.5708 -35.8603
