0.00783031 5933.82
0.013688 8315.69
0.019231 10071.4
0.0249154 8263.27
0.0312784 9199.99
0.0375637 9605.93
0.0433917 9566.11
0.0492413 8638.09
0.0555754 9052.39
0.0619321 8425.98
0.067871 8813.58
0.0738098 8038.56
0.0800417 8468.83
0.0862327 8144.33
0.0921407 7879.81
0.0982031 7901.82
0.104506 7932.09
0.110769 7723.39
0.116806 7753.77
0.122832 7214
0.129052 7335.38
0.135211 7126.55
0.141259 7124.47
0.147318 6959.52
0.153489 6837.92
0.159709 6836.88
0.165845 6652.66
0.171974 6698.93
0.178125 6567.27
0.184229 6284.97
0.19034 6196.98
0.196428 5835.86
0.202534 5931.67
0.208729 5908.44
0.214876 5908.39
0.220989 5842.4
0.227147 5697.85
0.23329 5704.04
0.239377 5647.52
0.245482 5595.44
0.251667 5494.84
0.257832 5389.6
0.263955 5491.59
0.270079 5271.44
0.27624 5212.83
0.282372 5262.99
0.28843 5214.45
0.294538 5147.48
0.300721 5131.95
0.30691 4997.2
0.313033 4975.45
0.319153 4990.71
0.325316 4883.81
0.33145 4859.1
0.337538 4855.26
0.343633 4813.8
0.349808 4766.03
0.355968 4716.8
0.362074 4646.84
0.368217 4668.91
0.374374 4640.13
0.380519 4621.67
0.386598 4630.91
0.392688 4626.86
0.39888 4536.57
0.405048 4488.86
0.411186 4471.91
0.417313 4424.87
0.423458 4390.57
0.429607 4424.92
0.435692 4351.12
0.441815 4346.05
0.447964 4310.11
0.454126 4279.1
0.460267 4278.49
0.466387 4252.97
0.47254 4181.99
0.478662 4167.16
0.484765 4168.92
0.490885 4164.26
0.497035 4115.11
0.503198 4108.63
0.509342 4059.06
0.515458 4017.21
0.521598 4064.6
0.527764 4031.56
0.533884 4028.52
0.54 3970.98
0.546137 3968.28
0.552299 3967.22
0.558452 3923.02
0.564573 3918.56
0.570708 3922.81
0.576825 3886.24
0.582926 3885.45
0.589034 3849.95
0.595184 3828.78
0.601379 3812.82
0.607522 3832.24
0.613639 3797.58
0.619772 3777.52
0.625918 3749.83
0.632068 3733.77
0.638161 3734.85
0.6443 3701.73
0.650464 3721.6
0.656582 3676.84
0.662703 3670.01
0.668861 3659.31
0.675024 3632.91
0.681124 3635.15
0.687237 3623.07
0.693381 3601.95
0.699536 3613.97
0.705665 3587.56
0.711789 3560.58
0.717957 3567.28
0.72409 3575.38
0.730186 3556.99
0.736317 3546.45
0.742472 3536.32
0.748622 3510.09
0.75476 3516.19
0.760888 3499.03
0.767043 3475.34
0.773185 3452.44
0.779291 3425.63
0.785407 3433.76
0.791564 3446.1
0.797719 3397.69
0.803834 3407.29
0.809972 3388.14
0.816124 3414.58
0.822261 3367.41
0.828378 3356.56
0.834502 3346.39
0.840667 3363.79
0.846816 3353.71
0.852925 3319.08
0.859047 3314.5
0.865192 3315.73
0.871341 3295.44
0.877463 3302.58
0.883569 3268.34
0.889708 3258.01
0.895864 3262.29
0.902008 3232.1
0.908149 3243.74
0.914301 3237.97
0.920448 3216.12
0.926574 3195.58
0.932687 3205.99
0.938823 3175.81
0.944975 3175.61
0.951105 3174.25
0.957225 3164.03
0.963368 3154.4
0.969511 3136.57
0.975621 3126.11
0.981748 3127.27
0.987916 3101.21
0.99406 3096.67
1.00019 3088.99
1.00632 3081.49
1.01246 3075.4
1.01859 3063
1.02471 3052.47
1.03085 3044.61
1.03698 3048.49
1.04314 3038.3
1.04929 3024.76
1.05541 3021.98
1.06154 3012.89
1.06769 3001.85
1.07382 2981.93
1.07993 2976.31
1.08607 2976.84
1.09222 2961.64
1.09836 2955.13
1.10449 2943.75
1.11063 2952.75
1.11677 2913.69
1.1229 2923.75
1.12903 2906.96
1.13518 2908.4
1.14131 2902.63
1.14745 2889.66
1.15359 2892.28
1.15973 2870.17
1.16584 2868.17
1.17197 2850.12
1.17811 2842.33
1.18424 2834.25
1.19038 2835
1.19652 2821.9
1.20267 2815.09
1.20881 2807.19
1.21495 2800.03
1.22108 2797.95
1.2272 2782.52
1.23334 2784.77
1.23949 2761.34
1.24562 2761.54
1.25174 2757.12
1.25789 2731.86
1.26402 2742.71
1.27014 2733.11
1.27628 2724.15
1.28244 2719.44
1.28858 2703.54
1.29471 2710.94
1.30084 2683.64
1.30697 2687.77
1.31312 2678.33
1.31925 2672.09
1.32537 2663.2
1.33151 2658.16
1.33765 2655.94
1.34378 2646.5
1.34992 2635.97
1.35606 2633.69
1.3622 2627.5
1.36833 2625.04
1.37445 2608.98
1.38059 2606.05
1.38675 2593.37
1.39288 2596.09
1.39901 2584.26
1.40515 2575.56
1.4113 2569.38
1.41742 2562.26
1.42355 2555.42
1.4297 2555.51
1.43585 2544.3
1.44198 2529.41
1.44809 2528.4
1.45423 2524.99
1.46036 2520.27
1.46649 2512.35
1.47263 2501.9
1.47877 2498.07
1.48491 2497.17
1.49104 2479.23
1.49718 2475.3
1.50333 2474.81
1.50947 2469.73
1.5156 2459.12
1.52172 2454.05
1.52787 2453.65
1.534 2444.44
1.54013 2435.69
1.54627 2422.81
1.55241 2432.09
1.55855 2421.1
1.56467 2404.31
1.5708 2408.94
