0.00783031 1171.56
0.013688 -342.147
0.019231 1302.53
0.0249154 382.454
0.0312784 -400.792
0.0375637 4.34283
0.0433917 436.144
0.0492413 248.31
0.0555754 -178.95
0.0619321 257.969
0.067871 154.435
0.0738098 -20.0871
0.0800417 -56.7047
0.0862327 152.792
0.0921407 -94.8688
0.0982031 57.8706
0.104506 53.8513
0.110769 32.9096
0.116806 -105.872
0.122832 -15.6538
0.129052 -60.2034
0.135211 -27.1812
0.141259 -29.2404
0.147318 -62.1135
0.153489 -73.1743
0.159709 -21.4218
0.165845 -80.0959
0.171974 -38.4351
0.178125 -51.847
0.184229 -63.8992
0.19034 -64.2281
0.196428 -45.433
0.202534 -51.4852
0.208729 -66.4829
0.214876 -67.1034
0.220989 -80.8167
0.227147 -75.0823
0.23329 -78.6814
0.239377 -88.2927
0.245482 -79.6612
0.251667 -69.0611
0.257832 -66.1774
0.263955 -74.165
0.270079 -74.1409
0.27624 -68.8671
0.282372 -80.9106
0.28843 -88.423
0.294538 -76.8262
0.300721 -69.5971
0.30691 -73.4901
0.313033 -72.9464
0.319153 -75.8003
0.325316 -74.5714
0.33145 -77.6584
0.337538 -77.0554
0.343633 -78.9578
0.349808 -73.9034
0.355968 -76.4429
0.362074 -72.96
0.368217 -77.3662
0.374374 -77.3248
0.380519 -73.7375
0.386598 -69.8725
0.392688 -72.0663
0.39888 -73.5643
0.405048 -76.9707
0.411186 -73.3706
0.417313 -71.1177
0.423458 -70.6661
0.429607 -70.8861
0.435692 -66.5501
0.441815 -65.8748
0.447964 -70.9385
0.454126 -68.3317
0.460267 -69.1956
0.466387 -68.0422
0.47254 -63.1027
0.478662 -68.5941
0.484765 -65.334
0.490885 -64.6961
0.497035 -62.9828
0.503198 -60.7404
0.509342 -62.378
0.515458 -60.3032
0.521598 -59.5543
0.527764 -60.8371
0.533884 -54.6752
0.54 -61.217
0.546137 -58.3338
0.552299 -55.7189
0.558452 -57.5468
0.564573 -54.7079
0.570708 -55.9939
0.576825 -52.5011
0.582926 -51.791
0.589034 -51.277
0.595184 -53.2523
0.601379 -52.7553
0.607522 -56.0597
0.613639 -51.0778
0.619772 -48.984
0.625918 -49.5454
0.632068 -51.8963
0.638161 -47.7033
0.6443 -48.2366
0.650464 -48.6189
0.656582 -49.5173
0.662703 -46.0335
0.668861 -44.0744
0.675024 -46.4755
0.681124 -45.3966
0.687237 -44.9228
0.693381 -46.1509
0.699536 -42.8973
0.705665 -45.1139
0.711789 -44.3278
0.717957 -42.3461
0.72409 -43.7718
0.730186 -41.8981
0.736317 -42.3697
0.742472 -41.376
0.748622 -41.7822
0.75476 -41.3217
0.760888 -41.6183
0.767043 -39.7948
0.773185 -40.8236
0.779291 -40.5611
0.785407 -40.7381
0.791564 -41.2381
0.797719 -39.6572
0.803834 -38.1034
0.809972 -37.8846
0.816124 -38.8659
0.822261 -38.0594
0.828378 -38.065
0.834502 -38.9908
0.840667 -37.334
0.846816 -37.6079
0.852925 -38.1039
0.859047 -36.3785
0.865192 -37.7826
0.871341 -35.7364
0.877463 -36.5716
0.883569 -36.4562
0.889708 -37.0122
0.895864 -35.4717
0.902008 -36.0578
0.908149 -37.1829
0.914301 -36.7109
0.920448 -35.8101
0.926574 -36.3152
0.932687 -36.3068
0.938823 -36.1463
0.944975 -34.9748
0.951105 -35.788
0.957225 -35.1337
0.963368 -36.2494
0.969511 -34.8933
0.975621 -36.3587
0.981748 -35.1336
0.987916 -36.0195
0.99406 -34.9393
1.00019 -33.8634
1.00632 -34.7586
1.01246 -34.544
1.01859 -34.3755
1.02471 -34.9342
1.03085 -33.9399
1.03698 -34.9576
1.04314 -34.458
1.04929 -33.6981
1.05541 -34.4618
1.06154 -33.6222
1.06769 -34.4482
1.07382 -33.265
1.07993 -33.526
1.08607 -34.4291
1.09222 -34.2321
1.09836 -33.7314
1.10449 -33.9735
1.11063 -33.6506
1.11677 -33.3596
1.1229 -33.3223
1.12903 -32.2052
1.13518 -33.0825
1.14131 -34.0504
1.14745 -32.6738
1.15359 -32.6093
1.15973 -32.6489
1.16584 -32.9477
1.17197 -33.533
1.17811 -32.3862
1.18424 -31.886
1.19038 -32.3867
1.19652 -32.4059
1.20267 -32.5487
1.20881 -31.7183
1.21495 -31.4449
1.22108 -31.8399
1.2272 -31.8667
1.23334 -31.5041
1.23949 -31.4718
1.24562 -31.4804
1.25174 -31.5165
1.25789 -31.2635
1.26402 -31.6028
1.27014 -31.0023
1.27628 -31.1175
1.28244 -31.1574
1.28858 -30.2186
1.29471 -30.6473
1.30084 -29.5498
1.30697 -29.9616
1.31312 -30.4378
1.31925 -29.8576
1.32537 -29.9058
1.33151 -29.7687
1.33765 -28.6793
1.34378 -29.6916
1.34992 -29.0466
1.35606 -29.2285
1.3622 -29.6672
1.36833 -28.3998
1.37445 -29.0874
1.38059 -28.7347
1.38675 -28.2688
1.39288 -27.8864
1.39901 -28.3902
1.40515 -27.8745
1.4113 -28.0654
1.41742 -27.4462
1.42355 -27.5452
1.4297 -27.4606
1.43585 -27.8008
1.44198 -27.0353
1.44809 -26.9989
1.45423 -27.4367
1.46036 -26.4076
1.46649 -26.4297
1.47263 -26.3619
1.47877 -26.5422
1.48491 -25.8188
1.49104 -26.1786
1.49718 -26.1056
1.50333 -25.8097
1.50947 -25.4314
1.5156 -25.3384
1.52172 -25.2162
1.52787 -25.0148
1.534 -25.194
1.54013 -24.9069
1.54627 -24.9291
1.55241 -24.4154
1.55855 -24.1508
1.56467 -24.1688
1.5708 -23.9273
