0.00783031 6.36151
0.013688 -6.31841
0.019231 8.58074
0.0249154 -0.112035
0.0312784 -1.04872
0.0375637 1.78031
0.0433917 6.79553
0.0492413 5.3574
0.0555754 4.92652
0.0619321 8.27134
0.067871 7.9879
0.0738098 7.79443
0.0800417 9.49668
0.0862327 9.81805
0.0921407 10.039
0.0982031 10.6568
0.104506 13.399
0.110769 12.8031
0.116806 14.5284
0.122832 16.0078
0.129052 18.4216
0.135211 17.6607
0.141259 18.6742
0.147318 21.2271
0.153489 20.3055
0.159709 19.6322
0.165845 22.3065
0.171974 22.5171
0.178125 24.2465
0.184229 23.566
0.19034 26.1748
0.196428 25.4696
0.202534 26.5582
0.208729 27.3775
0.214876 27.6087
0.220989 28.5569
0.227147 29.2707
0.23329 30.569
0.239377 31.418
0.245482 31.279
0.251667 31.3505
0.257832 31.0781
0.263955 31.5099
0.270079 31.9721
0.27624 32.9413
0.282372 33.3706
0.28843 35.7131
0.294538 34.4387
0.300721 33.4951
0.30691 34.2981
0.313033 34.0517
0.319153 34.7496
0.325316 35.0463
0.33145 34.0987
0.337538 35.055
0.343633 35.8854
0.349808 35.7595
0.355968 34.0875
0.362074 35.5982
0.368217 36.1781
0.374374 35.323
0.380519 34.2389
0.386598 35.0623
0.392688 34.4717
0.39888 34.7675
0.405048 35.774
0.411186 35.1327
0.417313 34.1714
0.423458 33.5649
0.429607 33.3527
0.435692 33.044
0.441815 33.1882
0.447964 32.5582
0.454126 31.9028
0.460267 31.8075
0.466387 31.9701
0.47254 31.0404
0.478662 31.2649
0.484765 30.9714
0.490885 29.9425
0.497035 29.9921
0.503198 28.9735
0.509342 28.3005
0.515458 29.1029
0.521598 27.6085
0.527764 28.1934
0.533884 27.2279
0.54 27.3108
0.546137 26.7519
0.552299 26.0373
0.558452 25.4341
0.564573 23.8182
0.570708 25.2646
0.576825 24.2365
0.582926 23.8113
0.589034 23.0082
0.595184 23.4105
0.601379 22.5883
0.607522 22.5043
0.613639 22.2807
0.619772 21.6284
0.625918 21.7046
0.632068 20.8391
0.638161 20.6046
0.6443 20.4127
0.650464 20.1815
0.656582 19.7414
0.662703 19.8531
0.668861 18.5872
0.675024 19.5931
0.681124 18.3416
0.687237 17.9609
0.693381 18.0498
0.699536 17.8068
0.705665 17.155
0.711789 17.3288
0.717957 16.7647
0.72409 16.6941
0.730186 16.3468
0.736317 16.3485
0.742472 16.3821
0.748622 16.4155
0.75476 15.4248
0.760888 15.3858
0.767043 15.5117
0.773185 15.9003
0.779291 15.5513
0.785407 15.5524
0.791564 15.1142
0.797719 14.7533
0.803834 14.4298
0.809972 14.3446
0.816124 14.4856
0.822261 14.4742
0.828378 14.1308
0.834502 14.2634
0.840667 14.0656
0.846816 14.1907
0.852925 14.1547
0.859047 13.9374
0.865192 14.0244
0.871341 13.384
0.877463 13.6256
0.883569 13.542
0.889708 13.7539
0.895864 13.429
0.902008 13.7487
0.908149 13.8812
0.914301 13.7844
0.920448 13.4623
0.926574 13.7687
0.932687 13.6017
0.938823 13.5296
0.944975 13.2065
0.951105 13.3643
0.957225 13.4143
0.963368 13.5293
0.969511 12.8553
0.975621 13.3831
0.981748 13.4635
0.987916 13.1165
0.99406 13.3527
1.00019 12.7595
1.00632 13.4049
1.01246 13.1267
1.01859 13.1282
1.02471 13.0509
1.03085 13.1246
1.03698 13.0977
1.04314 13.1232
1.04929 12.666
1.05541 12.7734
1.06154 12.7443
1.06769 12.7222
1.07382 12.9354
1.07993 12.7831
1.08607 13.1007
1.09222 12.8648
1.09836 13.0759
1.10449 12.8621
1.11063 13.0275
1.11677 12.8161
1.1229 12.8922
1.12903 12.7569
1.13518 12.8209
1.14131 12.7706
1.14745 12.6726
1.15359 12.8343
1.15973 12.4293
1.16584 12.6927
1.17197 12.8745
1.17811 12.7428
1.18424 12.5473
1.19038 12.6644
1.19652 12.3273
1.20267 12.7797
1.20881 12.3752
1.21495 12.1902
1.22108 12.2923
1.2272 12.3954
1.23334 12.6442
1.23949 12.239
1.24562 12.2178
1.25174 12.2358
1.25789 12.5828
1.26402 12.0209
1.27014 12.4197
1.27628 12.2579
1.28244 12.3278
1.28858 11.9847
1.29471 12.4032
1.30084 12.1214
1.30697 12.0848
1.31312 12.1165
1.31925 11.7699
1.32537 11.8965
1.33151 12.1106
1.33765 12.0881
1.34378 11.8931
1.34992 11.741
1.35606 11.7835
1.3622 11.6896
1.36833 11.8111
1.37445 11.578
1.38059 11.6068
1.38675 11.7124
1.39288 11.6431
1.39901 11.5574
1.40515 11.4837
1.4113 11.5756
1.41742 11.6867
1.42355 11.3169
1.4297 11.4286
1.43585 11.3496
1.44198 11.2497
1.44809 11.2873
1.45423 11.2696
1.46036 11.2314
1.46649 11.0233
1.47263 11.1836
1.47877 11.0796
1.48491 10.9501
1.49104 11.063
1.49718 11.2718
1.50333 10.8631
1.50947 10.9684
1.5156 11.0218
1.52172 10.751
1.52787 10.6638
1.534 10.734
1.54013 10.657
1.54627 10.8218
1.55241 10.5986
1.55855 10.6274
1.56467 10.6777
1.5708 10.669
