0.00783031 1915.1
0.013688 1000.47
0.019231 -215.865
0.0249154 -348.423
0.0312784 675.232
0.0375637 -345.997
0.0433917 308.836
0.0492413 77.2533
0.0555754 -322.199
0.0619321 -204.056
0.067871 13.6204
0.0738098 125.449
0.0800417 -234.379
0.0862327 -85.8343
0.0921407 -160.78
0.0982031 -350.553
0.104506 -215.131
0.110769 -223.316
0.116806 -167.339
0.122832 -187.985
0.129052 -251.27
0.135211 -158.424
0.141259 -233.962
0.147318 -242.903
0.153489 -244.409
0.159709 -263.771
0.165845 -216.927
0.171974 -236.477
0.178125 -247.576
0.184229 -271.268
0.19034 -207.683
0.196428 -239.454
0.202534 -238.594
0.208729 -256.183
0.214876 -230.546
0.220989 -249.507
0.227147 -242.743
0.23329 -219.498
0.239377 -215.074
0.245482 -237.908
0.251667 -209.631
0.257832 -212.338
0.263955 -236.627
0.270079 -218.736
0.27624 -209.22
0.282372 -204.265
0.28843 -213.039
0.294538 -212.364
0.300721 -209.691
0.30691 -214.67
0.313033 -211.56
0.319153 -207.288
0.325316 -202.801
0.33145 -202.581
0.337538 -196.35
0.343633 -193.06
0.349808 -205.576
0.355968 -196.559
0.362074 -189.225
0.368217 -185.597
0.374374 -201.966
0.380519 -194.536
0.386598 -195.769
0.392688 -185.818
0.39888 -189.821
0.405048 -185.487
0.411186 -192.941
0.417313 -182.399
0.423458 -181.744
0.429607 -179.506
0.435692 -185.039
0.441815 -191.332
0.447964 -178.661
0.454126 -180.575
0.460267 -174.523
0.466387 -179.792
0.47254 -175.945
0.478662 -173.56
0.484765 -178.802
0.490885 -174.643
0.497035 -174.369
0.503198 -176.04
0.509342 -168.592
0.515458 -171.789
0.521598 -171.714
0.527764 -170.928
0.533884 -171.768
0.54 -168.476
0.546137 -166.058
0.552299 -165.274
0.558452 -164.03
0.564573 -166.606
0.570708 -162.844
0.576825 -166.585
0.582926 -163.019
0.589034 -162.604
0.595184 -158.8
0.601379 -162.77
0.607522 -159.793
0.613639 -157.471
0.619772 -154.056
0.625918 -157.256
0.632068 -157.686
0.638161 -156.221
0.6443 -152.547
0.650464 -150.842
0.656582 -155.665
0.662703 -152.264
0.668861 -152.966
0.675024 -152.977
0.681124 -153.56
0.687237 -150.836
0.693381 -149.261
0.699536 -147.911
0.705665 -147.33
0.711789 -147.374
0.717957 -146.467
0.72409 -146.675
0.730186 -148.15
0.736317 -144.946
0.742472 -144.928
0.748622 -143.818
0.75476 -146.841
0.760888 -140.975
0.767043 -146.431
0.773185 -139.559
0.779291 -143.679
0.785407 -140.482
0.791564 -140.482
0.797719 -139.082
0.803834 -138.84
0.809972 -136.026
0.816124 -138.679
0.822261 -137.972
0.828378 -136.34
0.834502 -134.514
0.840667 -133.193
0.846816 -134.766
0.852925 -134.737
0.859047 -133.265
0.865192 -132.927
0.871341 -131.415
0.877463 -134.088
0.883569 -130.735
0.889708 -130.105
0.895864 -130.629
0.902008 -130.755
0.908149 -130.919
0.914301 -128.667
0.920448 -128.148
0.926574 -126.547
0.932687 -126.854
0.938823 -128.083
0.944975 -126.753
0.951105 -126.741
0.957225 -125.194
0.963368 -123.489
0.969511 -124.156
0.975621 -123.624
0.981748 -124.127
0.987916 -123.417
0.99406 -120.739
1.00019 -121.997
1.00632 -121.377
1.01246 -121.212
1.01859 -120.432
1.02471 -118.931
1.03085 -119.371
1.03698 -118.522
1.04314 -119.334
1.04929 -118.702
1.05541 -116.914
1.06154 -116.275
1.06769 -116.611
1.07382 -115.171
1.07993 -114.006
1.08607 -113.549
1.09222 -114.613
1.09836 -113.559
1.10449 -112.497
1.11063 -111.518
1.11677 -111.3
1.1229 -111.839
1.12903 -110.736
1.13518 -109.44
1.14131 -110.672
1.14745 -108.591
1.15359 -109.507
1.15973 -108.986
1.16584 -108.924
1.17197 -107.79
1.17811 -106.435
1.18424 -106.528
1.19038 -105.943
1.19652 -104.794
1.20267 -105.617
1.20881 -104.053
1.21495 -104.908
1.22108 -103.778
1.2272 -102.87
1.23334 -102.223
1.23949 -101.743
1.24562 -102.747
1.25174 -101.423
1.25789 -100.289
1.26402 -100.031
1.27014 -99.5715
1.27628 -98.7137
1.28244 -98.6658
1.28858 -98.3331
1.29471 -97.1887
1.30084 -97.405
1.30697 -96.104
1.31312 -96.5431
1.31925 -95.3422
1.32537 -94.4105
1.33151 -96.133
1.33765 -94.5769
1.34378 -94.6225
1.34992 -92.6848
1.35606 -93.9558
1.3622 -92.5082
1.36833 -91.4068
1.37445 -91.8514
1.38059 -91.0557
1.38675 -90.6601
1.39288 -89.4724
1.39901 -89.9246
1.40515 -89.479
1.4113 -88.6767
1.41742 -89.5006
1.42355 -87.517
1.4297 -87.5827
1.43585 -88.5055
1.44198 -86.6695
1.44809 -87.0338
1.45423 -85.9116
1.46036 -85.4101
1.46649 -85.0251
1.47263 -85.0893
1.47877 -84.6882
1.48491 -84.0426
1.49104 -83.7419
1.49718 -83.4517
1.50333 -83.0444
1.50947 -82.3032
1.5156 -81.6892
1.52172 -81.4897
1.52787 -81.0013
1.534 -80.7748
1.54013 -80.3434
1.54627 -79.5598
1.55241 -79.8255
1.55855 -79.1621
1.56467 -78.5895
1.5708 -78.4058
