0.00783031 20463.6
0.013688 25226.9
0.019231 25690.9
0.0249154 23603.8
0.0312784 19928.6
0.0375637 17492.6
0.0433917 15115.1
0.0492413 13408.1
0.0555754 12281.7
0.0619321 11282.6
0.067871 10750.4
0.0738098 9768.3
0.0800417 9124.98
0.0862327 8280.56
0.0921407 7438.68
0.0982031 6797.07
0.104506 5928.54
0.110769 5565.56
0.116806 5192.46
0.122832 5086.4
0.129052 4925.6
0.135211 4657.26
0.141259 4394.1
0.147318 4060
0.153489 3836.18
0.159709 3500.17
0.165845 3415.56
0.171974 3295.96
0.178125 3150.65
0.184229 3003.2
0.19034 2942.71
0.196428 2818.89
0.202534 2672.62
0.208729 2571.22
0.214876 2460.88
0.220989 2386.27
0.227147 2343.97
0.23329 2214.98
0.239377 2184.04
0.245482 2086.12
0.251667 2026.37
0.257832 1967.88
0.263955 1945.8
0.270079 1860.95
0.27624 1822.69
0.282372 1740.12
0.28843 1701.23
0.294538 1682.35
0.300721 1632.55
0.30691 1550.32
0.313033 1556.09
0.319153 1478.43
0.325316 1472.99
0.33145 1418.57
0.337538 1400.91
0.343633 1367.25
0.349808 1337.12
0.355968 1312.31
0.362074 1287.32
0.368217 1257.69
0.374374 1216.8
0.380519 1207.08
0.386598 1180.17
0.392688 1143.41
0.39888 1132.43
0.405048 1105.64
0.411186 1097.78
0.417313 1067.49
0.423458 1048.51
0.429607 1031.84
0.435692 1014.82
0.441815 991.045
0.447964 976.23
0.454126 961.834
0.460267 929.044
0.466387 919.236
0.47254 912.448
0.478662 896.179
0.484765 881.606
0.490885 874.693
0.497035 845.313
0.503198 835.761
0.509342 836.06
0.515458 814.807
0.521598 802.12
0.527764 786.774
0.533884 776.766
0.54 767.904
0.546137 755.152
0.552299 739.462
0.558452 725.17
0.564573 718.25
0.570708 713.102
0.576825 700.847
0.582926 690.688
0.589034 676.817
0.595184 674.296
0.601379 663.872
0.607522 653.338
0.613639 644.592
0.619772 634.647
0.625918 625.791
0.632068 619.061
0.638161 610.283
0.6443 603.092
0.650464 590.941
0.656582 583.932
0.662703 576.118
0.668861 569.358
0.675024 558.206
0.681124 554.389
0.687237 549.54
0.693381 546.034
0.699536 534.036
0.705665 527.869
0.711789 521.98
0.717957 517.325
0.72409 510.152
0.730186 503.025
0.736317 495.892
0.742472 489.151
0.748622 485.068
0.75476 477.196
0.760888 472.941
0.767043 466.418
0.773185 460.107
0.779291 458.044
0.785407 448.79
0.791564 444.768
0.797719 439.758
0.803834 434.724
0.809972 428.412
0.816124 424.409
0.822261 416.964
0.828378 416.405
0.834502 412.289
0.840667 406.369
0.846816 398.758
0.852925 395.233
0.859047 390.535
0.865192 387.777
0.871341 383.144
0.877463 379.919
0.883569 375.091
0.889708 369.096
0.895864 366.333
0.902008 362.821
0.908149 357.323
0.914301 352.181
0.920448 350.249
0.926574 344.318
0.932687 342.202
0.938823 337.544
0.944975 335.221
0.951105 331.401
0.957225 326.805
0.963368 321.468
0.969511 319.839
0.975621 317.036
0.981748 312.897
0.987916 309.337
0.99406 306.754
1.00019 303.773
1.00632 297.85
1.01246 296.522
1.01859 294.538
1.02471 290.518
1.03085 286.719
1.03698 284.523
1.04314 280.796
1.04929 277.961
1.05541 275.25
1.06154 271.576
1.06769 270.691
1.07382 266.277
1.07993 263.974
1.08607 259.652
1.09222 258.456
1.09836 256.844
1.10449 252.757
1.11063 250.053
1.11677 247.569
1.1229 245.086
1.12903 242.75
1.13518 240.497
1.14131 238.363
1.14745 235.844
1.15359 234.103
1.15973 230.181
1.16584 228.548
1.17197 226.499
1.17811 224.438
1.18424 221.625
1.19038 218.646
1.19652 216.463
1.20267 214.975
1.20881 213.107
1.21495 210.022
1.22108 209.112
1.2272 207.347
1.23334 204.281
1.23949 201.778
1.24562 200.816
1.25174 197.916
1.25789 196.47
1.26402 195.151
1.27014 193.132
1.27628 189.786
1.28244 188.564
1.28858 187.045
1.29471 185.726
1.30084 183.372
1.30697 182.415
1.31312 179.86
1.31925 178.099
1.32537 176.189
1.33151 175.681
1.33765 172.862
1.34378 171.113
1.34992 169.379
1.35606 168.72
1.3622 166.535
1.36833 165.334
1.37445 163.763
1.38059 162.238
1.38675 160.053
1.39288 158.071
1.39901 157.12
1.40515 155.106
1.4113 154.497
1.41742 152.662
1.42355 150.989
1.4297 149.92
1.43585 148.407
1.44198 146.941
1.44809 145.898
1.45423 143.967
1.46036 142.344
1.46649 141.018
1.47263 140.292
1.47877 138.559
1.48491 137.271
1.49104 135.869
1.49718 134.92
1.50333 133.761
1.50947 132.154
1.5156 130.928
1.52172 129.88
1.52787 128.826
1.534 127.573
1.54013 126.197
1.54627 125.049
1.55241 124.16
1.55855 122.675
1.56467 121.972
1.5708 120.438
