0.00783031 -6288.88
0.013688 2547.47
0.019231 467.72
0.0249154 373.949
0.0312784 -883.492
0.0375637 675.211
0.0433917 446.187
0.0492413 129.181
0.0555754 250.323
0.0619321 885.431
0.067871 588.965
0.0738098 558.323
0.0800417 450.225
0.0862327 388.706
0.0921407 834.791
0.0982031 698.349
0.104506 873.564
0.110769 847.912
0.116806 887.416
0.122832 852.911
0.129052 970.6
0.135211 989.399
0.141259 1057.2
0.147318 1188.28
0.153489 1056.62
0.159709 1085.55
0.165845 1064.57
0.171974 1168.61
0.178125 1139.4
0.184229 1078.01
0.19034 1093.26
0.196428 1115.84
0.202534 1074.24
0.208729 1120.02
0.214876 1111.78
0.220989 1099.14
0.227147 1137.44
0.23329 1113
0.239377 1108.91
0.245482 1098.13
0.251667 1118.81
0.257832 1133.14
0.263955 1116.44
0.270079 1119.37
0.27624 1105.92
0.282372 1064.97
0.28843 1103.19
0.294538 1108.82
0.300721 1093.6
0.30691 1100.86
0.313033 1077.11
0.319153 1105.77
0.325316 1091.71
0.33145 1074.47
0.337538 1039.75
0.343633 1033.24
0.349808 1057.16
0.355968 1027.48
0.362074 1047.83
0.368217 1033.63
0.374374 1031.21
0.380519 1013.3
0.386598 1002.94
0.392688 1010.86
0.39888 1009.6
0.405048 988.654
0.411186 989.188
0.417313 966.289
0.423458 980.952
0.429607 968.292
0.435692 960.525
0.441815 956.102
0.447964 946.053
0.454126 939.896
0.460267 946.076
0.466387 937.345
0.47254 917.316
0.478662 907.163
0.484765 908.603
0.490885 888.808
0.497035 892.848
0.503198 879.111
0.509342 886.446
0.515458 881.073
0.521598 870.535
0.527764 872.798
0.533884 857.513
0.54 844.987
0.546137 848.351
0.552299 826.75
0.558452 825.211
0.564573 820.213
0.570708 813.19
0.576825 807.142
0.582926 802.691
0.589034 796.65
0.595184 792.95
0.601379 788.026
0.607522 775.718
0.613639 768.154
0.619772 771.292
0.625918 763.112
0.632068 750.77
0.638161 749.05
0.6443 746.547
0.650464 732.936
0.656582 731.427
0.662703 732.187
0.668861 719.426
0.675024 711.166
0.681124 712.609
0.687237 707.73
0.693381 702.18
0.699536 694.696
0.705665 680.178
0.711789 684.039
0.717957 674.641
0.72409 674.412
0.730186 665.92
0.736317 662.616
0.742472 653.037
0.748622 653.67
0.75476 644.504
0.760888 641.863
0.767043 634.008
0.773185 631.306
0.779291 626.138
0.785407 624.692
0.791564 611.307
0.797719 612.954
0.803834 609.122
0.809972 596.925
0.816124 596.621
0.822261 592.396
0.828378 581.946
0.834502 579.223
0.840667 580.989
0.846816 572.271
0.852925 569.158
0.859047 560.002
0.865192 556.053
0.871341 550.92
0.877463 549.644
0.883569 545.857
0.889708 539.923
0.895864 536.775
0.902008 531.079
0.908149 528.506
0.914301 521.23
0.920448 517.09
0.926574 514.981
0.932687 510.311
0.938823 508.971
0.944975 501.064
0.951105 497.39
0.957225 492.296
0.963368 490.143
0.969511 483.533
0.975621 478.402
0.981748 477.734
0.987916 473.805
0.99406 469.072
1.00019 465.173
1.00632 465.514
1.01246 456.89
1.01859 455.938
1.02471 450.467
1.03085 449.537
1.03698 444.287
1.04314 439.72
1.04929 438.103
1.05541 433.92
1.06154 430.144
1.06769 428.111
1.07382 422.473
1.07993 418.747
1.08607 417.448
1.09222 412.24
1.09836 411.309
1.10449 407.402
1.11063 402.308
1.11677 400.156
1.1229 398.457
1.12903 393.684
1.13518 391.156
1.14131 388.032
1.14745 384.067
1.15359 382.673
1.15973 378.663
1.16584 374.564
1.17197 372.16
1.17811 368.333
1.18424 367.676
1.19038 364.285
1.19652 361.431
1.20267 358.605
1.20881 356.234
1.21495 351.807
1.22108 350.499
1.2272 348.56
1.23334 344.664
1.23949 342.114
1.24562 338.428
1.25174 335.744
1.25789 332.82
1.26402 332.075
1.27014 329.971
1.27628 325.41
1.28244 323.419
1.28858 320.42
1.29471 317.753
1.30084 316.867
1.30697 313.966
1.31312 312.682
1.31925 309.35
1.32537 306.361
1.33151 303.325
1.33765 300.711
1.34378 299.698
1.34992 297.831
1.35606 294.897
1.3622 292.334
1.36833 291.205
1.37445 288.767
1.38059 287.289
1.38675 284.483
1.39288 281.776
1.39901 280.154
1.40515 276.832
1.4113 275.989
1.41742 274.692
1.42355 271.68
1.4297 269.928
1.43585 267.156
1.44198 265.199
1.44809 263.125
1.45423 262.354
1.46036 259.431
1.46649 257.198
1.47263 255.748
1.47877 253.832
1.48491 252.287
1.49104 250.071
1.49718 247.997
1.50333 247.21
1.50947 244.207
1.5156 243.075
1.52172 241.513
1.52787 239.991
1.534 237.497
1.54013 235.622
1.54627 234.138
1.55241 232.306
1.55855 231.625
1.56467 229.165
1.5708 227.609
