0.00783031 13632.5
0.013688 11376.3
0.019231 7829.62
0.0249154 10933.4
0.0312784 8397.57
0.0375637 9138.63
0.0433917 8998.95
0.0492413 8894.16
0.0555754 9586.44
0.0619321 8847.71
0.067871 8465.46
0.0738098 8729.78
0.0800417 8587.65
0.0862327 8299.92
0.0921407 8203.88
0.0982031 8054.02
0.104506 7807.68
0.110769 7320.46
0.116806 7503.9
0.122832 7830.29
0.129052 7335.75
0.135211 6969.34
0.141259 7022.78
0.147318 6917.45
0.153489 6660.44
0.159709 6631.12
0.165845 6681.79
0.171974 6386.26
0.178125 6346.62
0.184229 6205.16
0.19034 6177.78
0.196428 6078.71
0.202534 6027.42
0.208729 5868.8
0.214876 5878.44
0.220989 5870.32
0.227147 5830.69
0.23329 5627.91
0.239377 5553.68
0.245482 5555.77
0.251667 5561.75
0.257832 5451.34
0.263955 5298.68
0.270079 5377.46
0.27624 5275.09
0.282372 5293.01
0.28843 5105.14
0.294538 5075.18
0.300721 5113.28
0.30691 5058.4
0.313033 4954.53
0.319153 4890.53
0.325316 4907.04
0.33145 4856.29
0.337538 4775.79
0.343633 4769.62
0.349808 4699
0.355968 4707.5
0.362074 4670.77
0.368217 4641.88
0.374374 4596.45
0.380519 4629.74
0.386598 4462.42
0.392688 4540.23
0.39888 4441.81
0.405048 4443.45
0.411186 4406.79
0.417313 4400.8
0.423458 4383.24
0.429607 4344.46
0.435692 4256.83
0.441815 4255.62
0.447964 4218.71
0.454126 4187.89
0.460267 4229.27
0.466387 4127.25
0.47254 4118.75
0.478662 4141.2
0.484765 4071.69
0.490885 4066.2
0.497035 4039.64
0.503198 4007.2
0.509342 3991.58
0.515458 3988.53
0.521598 3933.42
0.527764 3923.62
0.533884 3950.37
0.54 3871.75
0.546137 3842.92
0.552299 3854.46
0.558452 3839.96
0.564573 3774.86
0.570708 3793.77
0.576825 3765.51
0.582926 3755.11
0.589034 3739.37
0.595184 3721.65
0.601379 3708.74
0.607522 3681.94
0.613639 3656.95
0.619772 3670.56
0.625918 3640.37
0.632068 3638.4
0.638161 3588.27
0.6443 3581.87
0.650464 3544.86
0.656582 3558.99
0.662703 3511.92
0.668861 3503.79
0.675024 3478.34
0.681124 3477.43
0.687237 3448.22
0.693381 3448.37
0.699536 3415.57
0.705665 3404.16
0.711789 3408
0.717957 3371.93
0.72409 3362.24
0.730186 3343.23
0.736317 3323.88
0.742472 3310.63
0.748622 3304.67
0.75476 3278.87
0.760888 3279.3
0.767043 3264.38
0.773185 3240.19
0.779291 3220.97
0.785407 3218.44
0.791564 3200.67
0.797719 3182.21
0.803834 3168.79
0.809972 3161.07
0.816124 3143.63
0.822261 3137.53
0.828378 3130.28
0.834502 3126.78
0.840667 3113.79
0.846816 3083.28
0.852925 3073.23
0.859047 3052.64
0.865192 3036.02
0.871341 3042.43
0.877463 3022.57
0.883569 3015.12
0.889708 2989.4
0.895864 2992.13
0.902008 2958.53
0.908149 2968.19
0.914301 2937.32
0.920448 2925.07
0.926574 2907.37
0.932687 2910.76
0.938823 2904.38
0.944975 2893.76
0.951105 2870.2
0.957225 2852.82
0.963368 2844.69
0.969511 2827.19
0.975621 2834.1
0.981748 2815.66
0.987916 2790.24
0.99406 2777.16
1.00019 2785.69
1.00632 2767
1.01246 2759.06
1.01859 2752.44
1.02471 2723.27
1.03085 2712.14
1.03698 2692.54
1.04314 2685.64
1.04929 2681.18
1.05541 2674.05
1.06154 2670.11
1.06769 2650.72
1.07382 2652.65
1.07993 2629.85
1.08607 2624.37
1.09222 2607.21
1.09836 2604.53
1.10449 2586.25
1.11063 2573.79
1.11677 2571.64
1.1229 2557.8
1.12903 2559.36
1.13518 2557.94
1.14131 2530.79
1.14745 2521.41
1.15359 2517.25
1.15973 2495.4
1.16584 2485.19
1.17197 2478.41
1.17811 2478.68
1.18424 2464.88
1.19038 2447.01
1.19652 2438.48
1.20267 2436.09
1.20881 2417.28
1.21495 2419.02
1.22108 2402.99
1.2272 2400.71
1.23334 2394.46
1.23949 2375.52
1.24562 2367.86
1.25174 2359.41
1.25789 2342.08
1.26402 2328.45
1.27014 2336.08
1.27628 2326.95
1.28244 2308
1.28858 2304.25
1.29471 2291.71
1.30084 2288.83
1.30697 2282.29
1.31312 2270.36
1.31925 2272.3
1.32537 2248.98
1.33151 2242.79
1.33765 2229.83
1.34378 2224.72
1.34992 2209.03
1.35606 2207.29
1.3622 2196.97
1.36833 2190.22
1.37445 2180.29
1.38059 2181.91
1.38675 2164.9
1.39288 2156.08
1.39901 2150.49
1.40515 2139.87
1.4113 2132.05
1.41742 2131.74
1.42355 2110.95
1.4297 2107.37
1.43585 2098.14
1.44198 2092.04
1.44809 2088.36
1.45423 2081.22
1.46036 2068.5
1.46649 2065.22
1.47263 2048.75
1.47877 2047.69
1.48491 2038.23
1.49104 2031.21
1.49718 2025.21
1.50333 2020.94
1.50947 2013.27
1.5156 2000.59
1.52172 1996.39
1.52787 1994.85
1.534 1980.2
1.54013 1971.45
1.54627 1962.16
1.55241 1959.67
1.55855 1954.62
1.56467 1945.53
1.5708 1939.54
