0.00783031 -9255.84
0.013688 3210.96
0.019231 1032.14
0.0249154 -594.783
0.0312784 569.106
0.0375637 1262.38
0.0433917 128.769
0.0492413 98.1998
0.0555754 152.898
0.0619321 227.581
0.067871 281.833
0.0738098 600.186
0.0800417 675.537
0.0862327 754.703
0.0921407 644.641
0.0982031 705.249
0.104506 780.379
0.110769 733.917
0.116806 839.711
0.122832 927.513
0.129052 878.242
0.135211 948.654
0.141259 1014.81
0.147318 940.883
0.153489 1091.89
0.159709 1021.59
0.165845 1093.98
0.171974 972.963
0.178125 1043.25
0.184229 1085.77
0.19034 1085.42
0.196428 1072.11
0.202534 1120.22
0.208729 1073.93
0.214876 1075.54
0.220989 1132.1
0.227147 1171.82
0.23329 1084.63
0.239377 1108.38
0.245482 1112.6
0.251667 1147.5
0.257832 1100.52
0.263955 1087.68
0.270079 1114.4
0.27624 1084.67
0.282372 1124.44
0.28843 1056.33
0.294538 1053.74
0.300721 1082.41
0.30691 1091.72
0.313033 1060.28
0.319153 1053.48
0.325316 1062.08
0.33145 1045.48
0.337538 1039.34
0.343633 1031.02
0.349808 1032.96
0.355968 1023.05
0.362074 1015.84
0.368217 1025.67
0.374374 1002.49
0.380519 1018.19
0.386598 969.839
0.392688 991.897
0.39888 976.498
0.405048 982.258
0.411186 972.05
0.417313 971.677
0.423458 963.295
0.429607 962.368
0.435692 934.6
0.441815 931.265
0.447964 925.911
0.454126 920.102
0.460267 931.483
0.466387 911.39
0.47254 902.417
0.478662 911.817
0.484765 883.573
0.490885 887.867
0.497035 887.183
0.503198 872.054
0.509342 864.562
0.515458 865.569
0.521598 852.993
0.527764 848.482
0.533884 851.916
0.54 833.257
0.546137 824.867
0.552299 832.675
0.558452 821.517
0.564573 804.826
0.570708 805.188
0.576825 801.106
0.582926 798.885
0.589034 789.763
0.595184 779.753
0.601379 774.905
0.607522 773.982
0.613639 762.541
0.619772 763.593
0.625918 759.022
0.632068 753.657
0.638161 743.928
0.6443 733.544
0.650464 728.417
0.656582 726.18
0.662703 719.421
0.668861 712.231
0.675024 707.234
0.681124 700.712
0.687237 693.686
0.693381 690.102
0.699536 686.048
0.705665 679.648
0.711789 678.519
0.717957 668.435
0.72409 667.071
0.730186 659.286
0.736317 653.251
0.742472 646.461
0.748622 644.472
0.75476 638.702
0.760888 634.89
0.767043 630.951
0.773185 624.535
0.779291 617.053
0.785407 614.3
0.791564 608.792
0.797719 604.377
0.803834 598.777
0.809972 594.298
0.816124 588.15
0.822261 587.042
0.828378 583.348
0.834502 578.894
0.840667 573.646
0.846816 568.633
0.852925 563.046
0.859047 555.696
0.865192 550.306
0.871341 550.127
0.877463 545.966
0.883569 542.29
0.889708 535.372
0.895864 533.255
0.902008 526.132
0.908149 526.449
0.914301 517.133
0.920448 513.969
0.926574 506.675
0.932687 506.561
0.938823 502.653
0.944975 499.684
0.951105 495.114
0.957225 486.982
0.963368 486.4
0.969511 479.792
0.975621 479.018
0.981748 476.126
0.987916 469.201
0.99406 464.749
1.00019 464.807
1.00632 459.435
1.01246 455.693
1.01859 454.218
1.02471 447.056
1.03085 442.247
1.03698 439.532
1.04314 436.345
1.04929 433
1.05541 430.636
1.06154 427.638
1.06769 424.453
1.07382 421.353
1.07993 416.996
1.08607 414.438
1.09222 410.279
1.09836 408.127
1.10449 403.507
1.11063 399.826
1.11677 398.18
1.1229 395.007
1.12903 393.68
1.13518 390.919
1.14131 385.729
1.14745 383.482
1.15359 380.954
1.15973 376.328
1.16584 374.045
1.17197 371.326
1.17811 370.323
1.18424 366.495
1.19038 361.827
1.19652 358.849
1.20267 358.085
1.20881 352.749
1.21495 353.006
1.22108 348.831
1.2272 346.924
1.23334 344.644
1.23949 340.745
1.24562 338.274
1.25174 335.611
1.25789 331.677
1.26402 328.794
1.27014 328.681
1.27628 325.989
1.28244 322.994
1.28858 320.68
1.29471 317.728
1.30084 315.599
1.30697 313.821
1.31312 310.906
1.31925 309.757
1.32537 306.111
1.33151 303.694
1.33765 300.732
1.34378 299.222
1.34992 295.987
1.35606 294.847
1.3622 292.305
1.36833 289.598
1.37445 287.464
1.38059 286.168
1.38675 283.641
1.39288 280.646
1.39901 279.258
1.40515 276.783
1.4113 275.113
1.41742 273.925
1.42355 270.449
1.4297 268.593
1.43585 266.658
1.44198 264.37
1.44809 263.065
1.45423 261.462
1.46036 258.494
1.46649 257.624
1.47263 254.889
1.47877 253.751
1.48491 251.175
1.49104 249.888
1.49718 247.572
1.50333 246.648
1.50947 244.869
1.5156 242.106
1.52172 240.816
1.52787 240.073
1.534 236.931
1.54013 234.871
1.54627 233.288
1.55241 231.964
1.55855 230.803
1.56467 228.962
1.5708 227.047
