0.00783031 0.00190045
0.013688 0.00521444
0.019231 0.0104278
0.0249154 0.0218638
0.0312784 0.0374869
0.0375637 0.0652216
0.0433917 0.0883813
0.0492413 0.126385
0.0555754 0.195674
0.0619321 0.253956
0.067871 0.331207
0.0738098 0.420047
0.0800417 0.538992
0.0862327 0.618655
0.0921407 0.735808
0.0982031 0.833766
0.104506 1.00061
0.110769 1.15374
0.116806 1.29646
0.122832 1.5545
0.129052 1.76846
0.135211 2.00323
0.141259 2.15427
0.147318 2.42376
0.153489 2.56593
0.159709 2.84447
0.165845 2.99134
0.171974 3.33118
0.178125 3.69833
0.184229 3.93302
0.19034 4.26532
0.196428 4.76615
0.202534 4.98877
0.208729 5.32908
0.214876 5.55786
0.220989 5.89376
0.227147 6.29219
0.23329 6.72194
0.239377 7.08523
0.245482 7.54311
0.251667 8.0224
0.257832 8.42605
0.263955 8.79083
0.270079 9.12411
0.27624 9.58947
0.282372 10.1239
0.28843 10.5031
0.294538 10.9282
0.300721 11.6973
0.30691 12.0695
0.313033 12.5128
0.319153 12.9609
0.325316 13.5305
0.33145 14.1062
0.337538 14.4726
0.343633 15.088
0.349808 15.7749
0.355968 16.1536
0.362074 16.8741
0.368217 17.2939
0.374374 18.0687
0.380519 18.4003
0.386598 18.9466
0.392688 19.7573
0.39888 20.2924
0.405048 20.88
0.411186 21.6619
0.417313 22.1312
0.423458 22.8102
0.429607 23.4918
0.435692 23.9192
0.441815 24.6003
0.447964 25.0716
0.454126 26.0673
0.460267 26.6196
0.466387 26.9774
0.47254 27.8382
0.478662 28.7468
0.484765 29.4244
0.490885 30.0727
0.497035 30.9003
0.503198 31.1147
0.509342 31.9963
0.515458 32.3205
0.521598 33.6862
0.527764 33.9642
0.533884 34.8466
0.54 35.5
0.546137 36.1667
0.552299 37.1519
0.558452 38.3684
0.564573 38.5726
0.570708 39.5221
0.576825 40.1199
0.582926 40.8269
0.589034 41.3854
0.595184 42.4376
0.601379 43.4506
0.607522 44.1704
0.613639 44.7422
0.619772 45.7485
0.625918 46.6382
0.632068 47.0651
0.638161 47.8496
0.6443 49.2758
0.650464 49.5285
0.656582 50.4244
0.662703 51.6374
0.668861 52.0179
0.675024 52.9788
0.681124 53.5721
0.687237 54.4893
0.693381 55.3881
0.699536 56.366
0.705665 56.9865
0.711789 58.0414
0.717957 59.0127
0.72409 59.6531
0.730186 60.4155
0.736317 61.3452
0.742472 62.0706
0.748622 62.9427
0.75476 64.0276
0.760888 65.0144
0.767043 66.1412
0.773185 66.7167
0.779291 67.7538
0.785407 68.5617
0.791564 69.4136
0.797719 70.3951
0.803834 71.3889
0.809972 71.9988
0.816124 73.0761
0.822261 74.2241
0.828378 74.6306
0.834502 75.4944
0.840667 76.5547
0.846816 77.4688
0.852925 78.8302
0.859047 79.779
0.865192 80.4935
0.871341 81.1839
0.877463 82.1767
0.883569 83.3266
0.889708 84.4119
0.895864 85.2272
0.902008 85.7037
0.908149 87.0165
0.914301 87.8112
0.920448 89.1581
0.926574 90.0815
0.932687 91.0769
0.938823 91.7439
0.944975 92.9887
0.951105 93.9464
0.957225 94.9647
0.963368 95.6453
0.969511 97.146
0.975621 97.8046
0.981748 98.9761
0.987916 100.287
0.99406 101.258
1.00019 101.787
1.00632 103.161
1.01246 104.446
1.01859 104.779
1.02471 106.013
1.03085 107.124
1.03698 107.831
1.04314 108.953
1.04929 110.776
1.05541 110.761
1.06154 112.638
1.06769 113.822
1.07382 113.94
1.07993 115.323
1.08607 116.643
1.09222 117.73
1.09836 119.165
1.10449 119.849
1.11063 120.831
1.11677 121.676
1.1229 122.636
1.12903 124.325
1.13518 124.847
1.14131 126.343
1.14745 126.598
1.15359 128.351
1.15973 129.174
1.16584 130.112
1.17197 131.254
1.17811 132.081
1.18424 133.834
1.19038 134.545
1.19652 135.984
1.20267 137.139
1.20881 138.182
1.21495 138.944
1.22108 139.83
1.2272 141.109
1.23334 142.022
1.23949 143.14
1.24562 144.681
1.25174 145.798
1.25789 146.442
1.26402 147.822
1.27014 149.065
1.27628 150.283
1.28244 151.273
1.28858 152.667
1.29471 154.109
1.30084 154.729
1.30697 155.963
1.31312 156.492
1.31925 157.598
1.32537 159.124
1.33151 159.865
1.33765 160.358
1.34378 162.493
1.34992 164.29
1.35606 165.102
1.3622 166.164
1.36833 166.973
1.37445 167.797
1.38059 169.534
1.38675 170.574
1.39288 171.78
1.39901 173.035
1.40515 174.381
1.4113 175.088
1.41742 176.54
1.42355 177.644
1.4297 178.677
1.43585 180.41
1.44198 181.372
1.44809 182.124
1.45423 183.669
1.46036 184.448
1.46649 186.021
1.47263 186.541
1.47877 188.352
1.48491 189.07
1.49104 190.373
1.49718 191.777
1.50333 192.693
1.50947 193.496
1.5156 195.328
1.52172 195.822
1.52787 197.043
1.534 197.938
1.54013 199.46
1.54627 201.126
1.55241 202.077
1.55855 203.017
1.56467 203.969
1.5708 205.593
