0.00783031 2390.54
0.013688 -1440.3
0.019231 338.527
0.0249154 -609.114
0.0312784 65.4721
0.0375637 -178.658
0.0433917 -100.457
0.0492413 316.123
0.0555754 -255.671
0.0619321 -158.853
0.067871 -440.38
0.0738098 -224.341
0.0800417 -225.178
0.0862327 -138.309
0.0921407 37.625
0.0982031 -199.994
0.104506 -234.809
0.110769 -223.401
0.116806 -204.742
0.122832 -178.562
0.129052 -258.175
0.135211 -172.956
0.141259 -174.369
0.147318 -252.798
0.153489 -243.934
0.159709 -180.552
0.165845 -224.893
0.171974 -256.53
0.178125 -257.178
0.184229 -239.912
0.19034 -241.278
0.196428 -244.001
0.202534 -238.257
0.208729 -223.405
0.214876 -221.327
0.220989 -239.795
0.227147 -241.905
0.23329 -231.749
0.239377 -240.516
0.245482 -258.682
0.251667 -231.707
0.257832 -235.013
0.263955 -229.043
0.270079 -223.668
0.27624 -229.186
0.282372 -227.161
0.28843 -226.865
0.294538 -233.522
0.300721 -232.139
0.30691 -216.897
0.313033 -218.01
0.319153 -221.269
0.325316 -204.566
0.33145 -215.272
0.337538 -214.869
0.343633 -207.807
0.349808 -215.114
0.355968 -203.893
0.362074 -209.935
0.368217 -205.486
0.374374 -207.478
0.380519 -205.525
0.386598 -198.777
0.392688 -201.355
0.39888 -196.19
0.405048 -196.308
0.411186 -195.418
0.417313 -192.52
0.423458 -193.21
0.429607 -193.508
0.435692 -185.517
0.441815 -183.139
0.447964 -185.174
0.454126 -186.607
0.460267 -179.231
0.466387 -180.207
0.47254 -177.177
0.478662 -178.113
0.484765 -172.747
0.490885 -175.688
0.497035 -173.519
0.503198 -172.71
0.509342 -173.777
0.515458 -166.689
0.521598 -169.864
0.527764 -164.404
0.533884 -164.079
0.54 -160.186
0.546137 -161.161
0.552299 -160.172
0.558452 -155.802
0.564573 -156.96
0.570708 -155.364
0.576825 -157.994
0.582926 -154.715
0.589034 -154.676
0.595184 -153.055
0.601379 -152.612
0.607522 -148.669
0.613639 -151.285
0.619772 -145.416
0.625918 -144.243
0.632068 -143.355
0.638161 -142.601
0.6443 -140.891
0.650464 -138.288
0.656582 -137.732
0.662703 -139.88
0.668861 -136.306
0.675024 -134.134
0.681124 -133.931
0.687237 -131.581
0.693381 -132.062
0.699536 -131.464
0.705665 -129.651
0.711789 -128.39
0.717957 -128.058
0.72409 -126.127
0.730186 -126.653
0.736317 -122.488
0.742472 -123.644
0.748622 -121.643
0.75476 -123.151
0.760888 -119.141
0.767043 -120.058
0.773185 -118.853
0.779291 -117.091
0.785407 -115.777
0.791564 -115.795
0.797719 -113.901
0.803834 -113.7
0.809972 -113.554
0.816124 -113.219
0.822261 -112.055
0.828378 -111.325
0.834502 -108.592
0.840667 -108.222
0.846816 -106.769
0.852925 -107.717
0.859047 -105.044
0.865192 -106.902
0.871341 -103.657
0.877463 -103.491
0.883569 -104.219
0.889708 -101.849
0.895864 -101.677
0.902008 -101.454
0.908149 -99.5415
0.914301 -99.6472
0.920448 -97.3702
0.926574 -98.5859
0.932687 -95.8324
0.938823 -95.4285
0.944975 -95.4268
0.951105 -95.0248
0.957225 -93.2042
0.963368 -93.1485
0.969511 -93.1862
0.975621 -91.7392
0.981748 -90.8579
0.987916 -91.0397
0.99406 -90.2047
1.00019 -89.641
1.00632 -89.085
1.01246 -87.9996
1.01859 -87.0456
1.02471 -86.7495
1.03085 -85.4495
1.03698 -84.7211
1.04314 -84.679
1.04929 -84.1966
1.05541 -83.1378
1.06154 -82.5018
1.06769 -82.0501
1.07382 -81.9846
1.07993 -81.1342
1.08607 -80.6855
1.09222 -79.8888
1.09836 -79.5712
1.10449 -78.781
1.11063 -79.3335
1.11677 -77.8806
1.1229 -77.598
1.12903 -77.7791
1.13518 -76.3327
1.14131 -75.2839
1.14745 -75.4718
1.15359 -76.0968
1.15973 -74.9044
1.16584 -73.9688
1.17197 -72.9965
1.17811 -73.2931
1.18424 -72.0983
1.19038 -72.2792
1.19652 -71.8519
1.20267 -71.1874
1.20881 -70.3791
1.21495 -70.2221
1.22108 -69.3904
1.2272 -69.6106
1.23334 -68.6977
1.23949 -68.524
1.24562 -68.0943
1.25174 -67.0975
1.25789 -67.0707
1.26402 -66.7817
1.27014 -65.7399
1.27628 -65.1744
1.28244 -65.4068
1.28858 -64.9788
1.29471 -64.1132
1.30084 -64.305
1.30697 -63.3443
1.31312 -63.2047
1.31925 -62.8476
1.32537 -63.0975
1.33151 -62.1219
1.33765 -61.7154
1.34378 -61.4892
1.34992 -60.4346
1.35606 -60.5071
1.3622 -60.0918
1.36833 -59.8681
1.37445 -59.2339
1.38059 -59.1034
1.38675 -58.6567
1.39288 -58.3815
1.39901 -57.7557
1.40515 -57.6196
1.4113 -57.6213
1.41742 -56.9459
1.42355 -56.6292
1.4297 -56.6579
1.43585 -55.8973
1.44198 -55.3985
1.44809 -55.1248
1.45423 -55.0217
1.46036 -54.6669
1.46649 -54.4514
1.47263 -53.781
1.47877 -53.7389
1.48491 -53.714
1.49104 -53.093
1.49718 -53.0012
1.50333 -52.1593
1.50947 -52.2806
1.5156 -51.6619
1.52172 -51.608
1.52787 -51.2892
1.534 -50.9368
1.54013 -50.613
1.54627 -50.5102
1.55241 -49.9311
1.55855 -49.887
1.56467 -49.6928
1.5708 -49.3117
