0.00783031 4528.77
0.013688 4032.09
0.019231 3969
0.0249154 3522.37
0.0312784 3049.61
0.0375637 3120.5
0.0433917 2868.83
0.0492413 2615.84
0.0555754 2582.65
0.0619321 2487.9
0.067871 2390.08
0.0738098 2162.4
0.0800417 2083.47
0.0862327 1936.49
0.0921407 1834.93
0.0982031 1828.45
0.104506 1660.62
0.110769 1620.17
0.116806 1585.83
0.122832 1522.94
0.129052 1457.03
0.135211 1380.59
0.141259 1345.8
0.147318 1310.56
0.153489 1272.54
0.159709 1178.61
0.165845 1176.16
0.171974 1109.91
0.178125 1100.4
0.184229 1052.78
0.19034 1047.01
0.196428 1009.23
0.202534 968.145
0.208729 956.579
0.214876 915.635
0.220989 907.052
0.227147 871.236
0.23329 851.08
0.239377 832.837
0.245482 811.994
0.251667 799.683
0.257832 782.961
0.263955 762.436
0.270079 744.333
0.27624 735.582
0.282372 722.502
0.28843 695.343
0.294538 692.912
0.300721 674.049
0.30691 665.515
0.313033 652.106
0.319153 630.884
0.325316 622.813
0.33145 607.153
0.337538 605.255
0.343633 587.905
0.349808 582.548
0.355968 567.798
0.362074 563.085
0.368217 550.643
0.374374 545.687
0.380519 532.606
0.386598 520.896
0.392688 518.228
0.39888 506.836
0.405048 501.089
0.411186 494.377
0.417313 484.598
0.423458 478.261
0.429607 469.748
0.435692 466.734
0.441815 456.925
0.447964 454.708
0.454126 444.129
0.460267 436.484
0.466387 434.056
0.47254 423.242
0.478662 419.489
0.484765 416.255
0.490885 412.536
0.497035 404.277
0.503198 399.592
0.509342 394.351
0.515458 387.304
0.521598 385.065
0.527764 379.233
0.533884 374.38
0.54 367.914
0.546137 363.539
0.552299 358.283
0.558452 354.731
0.564573 352.149
0.570708 347.95
0.576825 343.133
0.582926 338.992
0.589034 334.328
0.595184 334.234
0.601379 327.428
0.607522 326.488
0.613639 323.646
0.619772 317.114
0.625918 313.829
0.632068 312.748
0.638161 308.593
0.6443 303.174
0.650464 302.568
0.656582 296.196
0.662703 294.617
0.668861 291.74
0.675024 287.183
0.681124 284.451
0.687237 282.607
0.693381 278.201
0.699536 275.469
0.705665 272.995
0.711789 269.836
0.717957 269.541
0.72409 266.064
0.730186 262.472
0.736317 260.231
0.742472 257.16
0.748622 255.445
0.75476 252.316
0.760888 251.015
0.767043 248.891
0.773185 247.105
0.779291 241.768
0.785407 240.767
0.791564 238.763
0.797719 236.286
0.803834 235.694
0.809972 233.424
0.816124 230.308
0.822261 227.741
0.828378 225.838
0.834502 223.552
0.840667 220.826
0.846816 219.343
0.852925 218.131
0.859047 215.851
0.865192 214.455
0.871341 211.321
0.877463 209.907
0.883569 209.36
0.889708 206.416
0.895864 205.76
0.902008 202.886
0.908149 201.143
0.914301 200.108
0.920448 197.942
0.926574 196.461
0.932687 194.726
0.938823 192.871
0.944975 191.79
0.951105 190.71
0.957225 188.17
0.963368 186.215
0.969511 185.614
0.975621 183.529
0.981748 183.419
0.987916 181.687
0.99406 179.692
1.00019 178.181
1.00632 176.406
1.01246 175.679
1.01859 174.468
1.02471 173.284
1.03085 171.418
1.03698 169.398
1.04314 168.711
1.04929 167.593
1.05541 166.228
1.06154 164.423
1.06769 164.181
1.07382 162.699
1.07993 160.674
1.08607 160.412
1.09222 158.862
1.09836 158.014
1.10449 157.201
1.11063 155.807
1.11677 154.524
1.1229 153.166
1.12903 152.343
1.13518 151.528
1.14131 149.895
1.14745 148.939
1.15359 148.324
1.15973 147.217
1.16584 145.744
1.17197 144.601
1.17811 144.141
1.18424 142.743
1.19038 142.181
1.19652 140.965
1.20267 140.1
1.20881 139.298
1.21495 138.365
1.22108 137.355
1.2272 136.218
1.23334 135.938
1.23949 134.3
1.24562 134.019
1.25174 132.456
1.25789 131.606
1.26402 131.18
1.27014 129.791
1.27628 129.643
1.28244 128.219
1.28858 127.805
1.29471 126.902
1.30084 126.03
1.30697 125.16
1.31312 124.155
1.31925 123.588
1.32537 123.024
1.33151 122.319
1.33765 121.71
1.34378 120.897
1.34992 119.317
1.35606 119.031
1.3622 118.475
1.36833 117.479
1.37445 116.799
1.38059 115.924
1.38675 115.362
1.39288 114.932
1.39901 113.592
1.40515 113.047
1.4113 112.958
1.41742 111.809
1.42355 111.353
1.4297 110.64
1.43585 110.07
1.44198 109.349
1.44809 108.734
1.45423 108.429
1.46036 107.31
1.46649 106.749
1.47263 106.099
1.47877 105.284
1.48491 105.128
1.49104 104.449
1.49718 103.722
1.50333 103.394
1.50947 102.693
1.5156 101.974
1.52172 101.517
1.52787 101.012
1.534 100.346
1.54013 99.5636
1.54627 99.2262
1.55241 98.4534
1.55855 98.2236
1.56467 97.5937
1.5708 96.957
