0.00783031 3764.79
0.013688 3312.05
0.019231 3867.85
0.0249154 3681.67
0.0312784 3025.52
0.0375637 2788.64
0.0433917 2792.3
0.0492413 2502.35
0.0555754 2410.23
0.0619321 2260.5
0.067871 2014.78
0.0738098 1939.85
0.0800417 1920.02
0.0862327 1739.99
0.0921407 1658.78
0.0982031 1664.28
0.104506 1548.04
0.110769 1486.49
0.116806 1433.05
0.122832 1283.75
0.129052 1288.91
0.135211 1196.23
0.141259 1153.47
0.147318 1106.08
0.153489 1064.37
0.159709 1055.95
0.165845 994.287
0.171974 987.576
0.178125 936.304
0.184229 907.11
0.19034 863.91
0.196428 835.362
0.202534 822.07
0.208729 803.859
0.214876 751.429
0.220989 737.011
0.227147 715.057
0.23329 714.16
0.239377 680.591
0.245482 659.3
0.251667 640.135
0.257832 630.803
0.263955 613.851
0.270079 603.342
0.27624 577.503
0.282372 573.189
0.28843 553
0.294538 540.996
0.300721 519.402
0.30691 513.845
0.313033 507.387
0.319153 488.016
0.325316 484.108
0.33145 469.71
0.337538 452.761
0.343633 447.21
0.349808 433.583
0.355968 430.052
0.362074 418.485
0.368217 410.752
0.374374 407.051
0.380519 398.598
0.386598 390.345
0.392688 384.778
0.39888 380.401
0.405048 369.025
0.411186 364.93
0.417313 350.903
0.423458 353.649
0.429607 342.005
0.435692 338.417
0.441815 331.052
0.447964 326.955
0.454126 322.699
0.460267 319.912
0.466387 311.134
0.47254 310.103
0.478662 306.044
0.484765 299.685
0.490885 298.054
0.497035 290.605
0.503198 289.283
0.509342 284.022
0.515458 279.175
0.521598 276.428
0.527764 272.158
0.533884 270.316
0.54 264.537
0.546137 265.644
0.552299 261.207
0.558452 259.981
0.564573 256.642
0.570708 255.25
0.576825 251.224
0.582926 248.476
0.589034 246.501
0.595184 244.76
0.601379 239.221
0.607522 240.34
0.613639 238.592
0.619772 235.503
0.625918 234.531
0.632068 232.493
0.638161 230.792
0.6443 229.784
0.650464 225.707
0.656582 224.332
0.662703 223.434
0.668861 222.432
0.675024 220.52
0.681124 220.091
0.687237 218.704
0.693381 216.755
0.699536 215.753
0.705665 214.624
0.711789 214.038
0.717957 212.469
0.72409 211.296
0.730186 210.065
0.736317 210.343
0.742472 207.28
0.748622 206.821
0.75476 206.608
0.760888 206.784
0.767043 203.559
0.773185 204.121
0.779291 203.032
0.785407 202.482
0.791564 200.869
0.797719 200.916
0.803834 200.778
0.809972 200.381
0.816124 198.847
0.822261 198.332
0.828378 198.258
0.834502 196.802
0.840667 197.433
0.846816 195.94
0.852925 197.333
0.859047 194.309
0.865192 194.979
0.871341 193.97
0.877463 193.272
0.883569 192.614
0.889708 192.516
0.895864 192.219
0.902008 191.91
0.908149 191.952
0.914301 191.202
0.920448 191.561
0.926574 189.938
0.932687 189.505
0.938823 189.839
0.944975 189.797
0.951105 190.004
0.957225 189.22
0.963368 187.42
0.969511 187.446
0.975621 188.286
0.981748 188.288
0.987916 186.812
0.99406 187.131
1.00019 187.09
1.00632 187.885
1.01246 187.032
1.01859 186.061
1.02471 186.495
1.03085 185.759
1.03698 186.649
1.04314 186.072
1.04929 186.046
1.05541 184.914
1.06154 184.726
1.06769 184.343
1.07382 183.984
1.07993 184.726
1.08607 184.122
1.09222 183.258
1.09836 183.693
1.10449 183.794
1.11063 183.934
1.11677 182.857
1.1229 182.59
1.12903 183.456
1.13518 182.573
1.14131 181.808
1.14745 182.085
1.15359 182.159
1.15973 182.28
1.16584 182.913
1.17197 181.621
1.17811 181.385
1.18424 181.472
1.19038 181.725
1.19652 181.295
1.20267 181.22
1.20881 180.586
1.21495 180.089
1.22108 180.249
1.2272 180.331
1.23334 179.77
1.23949 180.619
1.24562 180.156
1.25174 179.814
1.25789 179.439
1.26402 180.566
1.27014 179.234
1.27628 179.825
1.28244 179.033
1.28858 179.237
1.29471 179.172
1.30084 179.25
1.30697 178.33
1.31312 178.828
1.31925 178.728
1.32537 178.793
1.33151 178.336
1.33765 178.309
1.34378 178.285
1.34992 177.209
1.35606 178.239
1.3622 177.451
1.36833 177.387
1.37445 177.829
1.38059 177.131
1.38675 177.312
1.39288 177.309
1.39901 177.431
1.40515 177.022
1.4113 176.828
1.41742 176.27
1.42355 176.879
1.4297 175.81
1.43585 176.327
1.44198 176.332
1.44809 176.341
1.45423 176.386
1.46036 175.776
1.46649 176.154
1.47263 175.989
1.47877 175.654
1.48491 175.636
1.49104 176.087
1.49718 175.667
1.50333 175.274
1.50947 174.662
1.5156 174.847
1.52172 174.956
1.52787 174.412
1.534 175.149
1.54013 175.218
1.54627 174.456
1.55241 174.925
1.55855 174.396
1.56467 174.711
1.5708 174.295
