0.00783031 1.00711
0.013688 2.38369
0.019231 2.16146
0.0249154 0.773402
0.0312784 0.16885
0.0375637 5.15264
0.0433917 2.7585
0.0492413 2.99659
0.0555754 8.84229
0.0619321 5.94774
0.067871 5.34144
0.0738098 7.25466
0.0800417 6.76252
0.0862327 6.50832
0.0921407 9.96736
0.0982031 11.5056
0.104506 8.09401
0.110769 9.96107
0.116806 10.6785
0.122832 10.3102
0.129052 8.96151
0.135211 9.21015
0.141259 11.1196
0.147318 11.6134
0.153489 8.57856
0.159709 9.17711
0.165845 9.22866
0.171974 11.8548
0.178125 11.2147
0.184229 12.9674
0.19034 11.4394
0.196428 9.01656
0.202534 10.8808
0.208729 10.1172
0.214876 12.3181
0.220989 13.4721
0.227147 14.3149
0.23329 9.98919
0.239377 12.001
0.245482 9.46797
0.251667 13.2607
0.257832 11.8209
0.263955 10.6326
0.270079 10.8611
0.27624 13.7279
0.282372 8.66672
0.28843 11.163
0.294538 10.864
0.300721 7.87224
0.30691 8.53481
0.313033 9.83434
0.319153 9.79989
0.325316 8.47545
0.33145 8.39929
0.337538 4.55994
0.343633 7.33073
0.349808 11.2143
0.355968 6.03682
0.362074 4.11097
0.368217 6.94211
0.374374 3.8276
0.380519 6.32063
0.386598 5.46808
0.392688 6.96634
0.39888 7.41976
0.405048 5.8279
0.411186 4.31681
0.417313 4.96279
0.423458 5.38925
0.429607 3.08381
0.435692 2.42928
0.441815 1.6976
0.447964 4.07702
0.454126 -0.868342
0.460267 3.26461
0.466387 -2.93016
0.47254 0.165715
0.478662 1.34384
0.484765 -2.07161
0.490885 -0.96812
0.497035 0.875088
0.503198 1.08403
0.509342 -2.12189
0.515458 -2.2365
0.521598 -4.945
0.527764 -1.45516
0.533884 -4.52738
0.54 -5.9356
0.546137 -6.66938
0.552299 -8.13873
0.558452 -6.08858
0.564573 -5.36029
0.570708 -5.95074
0.576825 -6.88726
0.582926 -8.03711
0.589034 -8.63874
0.595184 -7.73866
0.601379 -8.90198
0.607522 -10.3493
0.613639 -11.3182
0.619772 -9.30265
0.625918 -11.5898
0.632068 -10.7106
0.638161 -12.9254
0.6443 -11.8965
0.650464 -14.3046
0.656582 -14.7259
0.662703 -14.8332
0.668861 -13.3635
0.675024 -15.4887
0.681124 -13.7046
0.687237 -15.0458
0.693381 -13.7582
0.699536 -18.2506
0.705665 -16.2419
0.711789 -12.383
0.717957 -15.6834
0.72409 -17.2222
0.730186 -19.143
0.736317 -17.9371
0.742472 -17.3851
0.748622 -16.9589
0.75476 -18.7235
0.760888 -19.4926
0.767043 -19.3097
0.773185 -18.7374
0.779291 -20.5363
0.785407 -21.0213
0.791564 -23.7711
0.797719 -21.6332
0.803834 -21.4743
0.809972 -22.4433
0.816124 -25.4126
0.822261 -25.6823
0.828378 -24.8667
0.834502 -24.4906
0.840667 -24.505
0.846816 -23.8777
0.852925 -25.627
0.859047 -23.8884
0.865192 -26.5842
0.871341 -26.5651
0.877463 -27.199
0.883569 -27.2781
0.889708 -27.7407
0.895864 -27.5015
0.902008 -28.4542
0.908149 -30.0735
0.914301 -28.3863
0.920448 -28.7022
0.926574 -30.6811
0.932687 -31.658
0.938823 -30.8692
0.944975 -28.9815
0.951105 -31.9161
0.957225 -30.1664
0.963368 -30.7155
0.969511 -32.2289
0.975621 -33.8748
0.981748 -34.0384
0.987916 -32.7265
0.99406 -33.231
1.00019 -34.8994
1.00632 -35.2137
1.01246 -32.3214
1.01859 -33.8449
1.02471 -34.5086
1.03085 -35.486
1.03698 -33.2828
1.04314 -34.931
1.04929 -35.9094
1.05541 -34.3273
1.06154 -37.7226
1.06769 -37.83
1.07382 -36.1135
1.07993 -37.1812
1.08607 -36.4442
1.09222 -36.3755
1.09836 -36.7777
1.10449 -37.3348
1.11063 -38.2118
1.11677 -38.3299
1.1229 -38.0663
1.12903 -36.7408
1.13518 -38.621
1.14131 -40.263
1.14745 -43.9611
1.15359 -40.3532
1.15973 -40.9275
1.16584 -41.601
1.17197 -40.6469
1.17811 -39.8509
1.18424 -42.4444
1.19038 -43.2638
1.19652 -41.6468
1.20267 -41.9129
1.20881 -43.3562
1.21495 -42.0203
1.22108 -42.7043
1.2272 -42.8321
1.23334 -44.0441
1.23949 -43.7233
1.24562 -41.7573
1.25174 -45.355
1.25789 -45.2985
1.26402 -44.6013
1.27014 -46.3637
1.27628 -45.8296
1.28244 -47.0712
1.28858 -45.2981
1.29471 -45.9592
1.30084 -44.9147
1.30697 -45.708
1.31312 -46.1951
1.31925 -47.9455
1.32537 -47.1268
1.33151 -48.8669
1.33765 -47.6617
1.34378 -48.7032
1.34992 -47.602
1.35606 -48.9516
1.3622 -47.8412
1.36833 -48.451
1.37445 -49.357
1.38059 -48.3833
1.38675 -48.63
1.39288 -47.6115
1.39901 -49.1858
1.40515 -50.2587
1.4113 -48.5329
1.41742 -49.5182
1.42355 -49.2928
1.4297 -50.9252
1.43585 -50.579
1.44198 -51.7134
1.44809 -49.8112
1.45423 -48.4121
1.46036 -49.434
1.46649 -51.2366
1.47263 -49.6156
1.47877 -50.8326
1.48491 -49.4367
1.49104 -51.3248
1.49718 -52.0556
1.50333 -51.916
1.50947 -50.8019
1.5156 -53.3809
1.52172 -52.4022
1.52787 -51.0377
1.534 -51.4643
1.54013 -51.819
1.54627 -51.5164
1.55241 -51.9404
1.55855 -50.4837
1.56467 -53.5099
1.5708 -52.4113
