0.00783031 -14.9779
0.013688 -22.22
0.019231 -27.4251
0.0249154 -29.8928
0.0312784 -35.1884
0.0375637 -37.7524
0.0433917 -40.3393
0.0492413 -44.6452
0.0555754 -51.3315
0.0619321 -57.8164
0.067871 -61.9443
0.0738098 -67.4701
0.0800417 -72.5309
0.0862327 -73.3577
0.0921407 -72.556
0.0982031 -76.0688
0.104506 -74.4049
0.110769 -75.6002
0.116806 -77.794
0.122832 -85.402
0.129052 -86.5591
0.135211 -90.6612
0.141259 -90.7916
0.147318 -92.1938
0.153489 -94.8856
0.159709 -95.6311
0.165845 -91.86
0.171974 -95.8117
0.178125 -97.2373
0.184229 -97.7282
0.19034 -98.6035
0.196428 -98.9364
0.202534 -100.592
0.208729 -103.245
0.214876 -102.414
0.220989 -102.532
0.227147 -103.953
0.23329 -106.645
0.239377 -106.003
0.245482 -108.355
0.251667 -106.057
0.257832 -106.298
0.263955 -110.396
0.270079 -109.001
0.27624 -109.836
0.282372 -113.768
0.28843 -111.344
0.294538 -111.908
0.300721 -110.436
0.30691 -111.748
0.313033 -113.869
0.319153 -113.539
0.325316 -115.674
0.33145 -114.109
0.337538 -115.457
0.343633 -117.956
0.349808 -114.654
0.355968 -116.101
0.362074 -116.492
0.368217 -117.383
0.374374 -118.032
0.380519 -117.943
0.386598 -118.467
0.392688 -117.246
0.39888 -118.054
0.405048 -118.961
0.411186 -119.098
0.417313 -119.983
0.423458 -119.973
0.429607 -119.011
0.435692 -120.474
0.441815 -121.18
0.447964 -120.092
0.454126 -122.298
0.460267 -120.329
0.466387 -123.93
0.47254 -121.334
0.478662 -122.844
0.484765 -123.824
0.490885 -124.004
0.497035 -122.457
0.503198 -122.031
0.509342 -121.56
0.515458 -124.817
0.521598 -125.248
0.527764 -124.156
0.533884 -123.321
0.54 -125.192
0.546137 -125.705
0.552299 -127.031
0.558452 -126.147
0.564573 -125.267
0.570708 -124.554
0.576825 -125.78
0.582926 -125.8
0.589034 -125.276
0.595184 -125.121
0.601379 -126.377
0.607522 -125.858
0.613639 -127.676
0.619772 -126.433
0.625918 -126.084
0.632068 -127
0.638161 -126.461
0.6443 -125.623
0.650464 -127.275
0.656582 -126.466
0.662703 -127.254
0.668861 -125.756
0.675024 -127.586
0.681124 -126.565
0.687237 -126.068
0.693381 -126.377
0.699536 -127.959
0.705665 -127.064
0.711789 -124.133
0.717957 -125.379
0.72409 -127.579
0.730186 -127.38
0.736317 -126.6
0.742472 -125.893
0.748622 -125.853
0.75476 -127.47
0.760888 -126.764
0.767043 -126.295
0.773185 -125.436
0.779291 -126.731
0.785407 -126.893
0.791564 -127.863
0.797719 -126.736
0.803834 -126.14
0.809972 -126.079
0.816124 -127.312
0.822261 -128.121
0.828378 -126.745
0.834502 -126.293
0.840667 -126.234
0.846816 -125.659
0.852925 -126.629
0.859047 -124.91
0.865192 -125.853
0.871341 -126.216
0.877463 -125.526
0.883569 -125.998
0.889708 -125.631
0.895864 -126.044
0.902008 -125.368
0.908149 -125.762
0.914301 -125.118
0.920448 -125.132
0.926574 -125.784
0.932687 -125.285
0.938823 -124.616
0.944975 -124.069
0.951105 -125.517
0.957225 -123.637
0.963368 -124.251
0.969511 -124.388
0.975621 -124.934
0.981748 -125.387
0.987916 -124.104
0.99406 -123.865
1.00019 -124.775
1.00632 -124.296
1.01246 -123.352
1.01859 -123.713
1.02471 -122.538
1.03085 -123.54
1.03698 -122.658
1.04314 -122.861
1.04929 -122.646
1.05541 -121.623
1.06154 -123.118
1.06769 -122.677
1.07382 -121.305
1.07993 -121.469
1.08607 -121.922
1.09222 -121.5
1.09836 -120.372
1.10449 -121.654
1.11063 -121.692
1.11677 -121.271
1.1229 -120.471
1.12903 -119.221
1.13518 -119.077
1.14131 -121.023
1.14745 -121.816
1.15359 -120.351
1.15973 -119.605
1.16584 -119.901
1.17197 -118.953
1.17811 -119.13
1.18424 -119.691
1.19038 -119.779
1.19652 -118.858
1.20267 -118.933
1.20881 -118.918
1.21495 -118.384
1.22108 -118.306
1.2272 -117.702
1.23334 -117.725
1.23949 -117.98
1.24562 -116.922
1.25174 -117.642
1.25789 -117.753
1.26402 -117.085
1.27014 -117.792
1.27628 -117.451
1.28244 -117.264
1.28858 -117.036
1.29471 -116.06
1.30084 -115.067
1.30697 -115.818
1.31312 -115.692
1.31925 -116.909
1.32537 -116.092
1.33151 -116.147
1.33765 -115.18
1.34378 -115.674
1.34992 -114.815
1.35606 -115.416
1.3622 -114.246
1.36833 -114.854
1.37445 -115.009
1.38059 -114.097
1.38675 -114.119
1.39288 -113.599
1.39901 -113.976
1.40515 -114.319
1.4113 -112.964
1.41742 -113.327
1.42355 -112.835
1.4297 -113.823
1.43585 -113.175
1.44198 -113.383
1.44809 -111.809
1.45423 -111.716
1.46036 -111.979
1.46649 -112.506
1.47263 -110.964
1.47877 -112.083
1.48491 -110.86
1.49104 -111.29
1.49718 -111.965
1.50333 -110.725
1.50947 -110.485
1.5156 -111.517
1.52172 -110.889
1.52787 -110.43
1.534 -109.844
1.54013 -109.955
1.54627 -109.306
1.55241 -109.334
1.55855 -108.787
1.56467 -109.261
1.5708 -108.421
