0.00783031 1651.83
0.013688 -1826.4
0.019231 -151.064
0.0249154 219.339
0.0312784 545.591
0.0375637 339.746
0.0433917 229.832
0.0492413 96.0818
0.0555754 99.8238
0.0619321 -88.9214
0.067871 -222.562
0.0738098 -138.693
0.0800417 -76.5304
0.0862327 -156.127
0.0921407 -177.944
0.0982031 -236.223
0.104506 -185.274
0.110769 -233.126
0.116806 -178.923
0.122832 -172.068
0.129052 -148.244
0.135211 -156.628
0.141259 -168.701
0.147318 -179.009
0.153489 -104.452
0.159709 -146.72
0.165845 -158.58
0.171974 -138.65
0.178125 -144.784
0.184229 -143.851
0.19034 -145.097
0.196428 -142.169
0.202534 -153.054
0.208729 -145.992
0.214876 -138.557
0.220989 -126.877
0.227147 -111.892
0.23329 -126.064
0.239377 -134.631
0.245482 -131.411
0.251667 -136.97
0.257832 -125.526
0.263955 -122.37
0.270079 -126.527
0.27624 -131.667
0.282372 -125.643
0.28843 -118.641
0.294538 -124.134
0.300721 -123.287
0.30691 -112.005
0.313033 -108.877
0.319153 -120.646
0.325316 -120.228
0.33145 -119.635
0.337538 -112.408
0.343633 -118.616
0.349808 -113.024
0.355968 -111.965
0.362074 -106.218
0.368217 -109.995
0.374374 -105.171
0.380519 -105.283
0.386598 -104.483
0.392688 -102.21
0.39888 -105.007
0.405048 -101.176
0.411186 -104.346
0.417313 -102.768
0.423458 -95.4457
0.429607 -99.5901
0.435692 -100.643
0.441815 -97.4695
0.447964 -97.9245
0.454126 -96.5006
0.460267 -98.1851
0.466387 -95.7921
0.47254 -95.5961
0.478662 -91.6557
0.484765 -92.8423
0.490885 -93.9578
0.497035 -87.6191
0.503198 -92.8283
0.509342 -89.8074
0.515458 -91.0317
0.521598 -92.4426
0.527764 -84.7149
0.533884 -88.1618
0.54 -85.266
0.546137 -85.7902
0.552299 -87.3474
0.558452 -86.9826
0.564573 -85.6865
0.570708 -86.9241
0.576825 -84.2974
0.582926 -81.3362
0.589034 -85.0583
0.595184 -82.7411
0.601379 -82.9102
0.607522 -85.0868
0.613639 -83.8764
0.619772 -80.6821
0.625918 -82.3197
0.632068 -81.8772
0.638161 -81.4079
0.6443 -80.7632
0.650464 -81.083
0.656582 -79.0324
0.662703 -79.3162
0.668861 -80.1751
0.675024 -79.8589
0.681124 -77.7072
0.687237 -78.6376
0.693381 -78.9797
0.699536 -79.1742
0.705665 -77.5065
0.711789 -77.7068
0.717957 -80.1905
0.72409 -78.7307
0.730186 -77.666
0.736317 -77
0.742472 -75.9043
0.748622 -75.7837
0.75476 -75.5454
0.760888 -75.785
0.767043 -75.2116
0.773185 -73.0915
0.779291 -74.4671
0.785407 -74.6231
0.791564 -73.7301
0.797719 -74.6878
0.803834 -74.826
0.809972 -73.6689
0.816124 -72.9829
0.822261 -73.6674
0.828378 -72.6664
0.834502 -73.7664
0.840667 -73.9009
0.846816 -71.7348
0.852925 -71.5228
0.859047 -72.9219
0.865192 -71.5902
0.871341 -73.1363
0.877463 -71.3194
0.883569 -71.08
0.889708 -70.1504
0.895864 -70.8904
0.902008 -71.3034
0.908149 -71.5607
0.914301 -70.4695
0.920448 -70.2305
0.926574 -71.278
0.932687 -69.7896
0.938823 -69.0494
0.944975 -68.5816
0.951105 -69.1288
0.957225 -69.1692
0.963368 -69.2031
0.969511 -69.9351
0.975621 -69.1787
0.981748 -68.614
0.987916 -66.7528
0.99406 -68.8126
1.00019 -68.8892
1.00632 -67.8695
1.01246 -67.3807
1.01859 -67.0222
1.02471 -67.7855
1.03085 -67.3727
1.03698 -66.3066
1.04314 -66.8849
1.04929 -67.0149
1.05541 -67.5921
1.06154 -67.0525
1.06769 -66.4469
1.07382 -65.2756
1.07993 -66.0272
1.08607 -65.0192
1.09222 -65.1633
1.09836 -66.16
1.10449 -65.4668
1.11063 -66.7802
1.11677 -64.7729
1.1229 -65.3874
1.12903 -65.4139
1.13518 -64.0458
1.14131 -64.8236
1.14745 -64.8574
1.15359 -64.7825
1.15973 -63.9689
1.16584 -64.5345
1.17197 -63.5887
1.17811 -63.9661
1.18424 -63.4608
1.19038 -63.7383
1.19652 -63.3837
1.20267 -62.5216
1.20881 -62.9948
1.21495 -63.2628
1.22108 -62.7987
1.2272 -62.8701
1.23334 -62.8842
1.23949 -62.4355
1.24562 -62.1844
1.25174 -62.5699
1.25789 -61.3753
1.26402 -61.6177
1.27014 -61.5105
1.27628 -61.635
1.28244 -61.3463
1.28858 -61.5701
1.29471 -60.8942
1.30084 -61.1341
1.30697 -61.0738
1.31312 -60.9418
1.31925 -60.7378
1.32537 -60.5176
1.33151 -60.9092
1.33765 -60.4454
1.34378 -60.2543
1.34992 -60.6802
1.35606 -59.8036
1.3622 -60.2991
1.36833 -59.7558
1.37445 -59.7257
1.38059 -59.5205
1.38675 -59.4379
1.39288 -59.1527
1.39901 -58.4942
1.40515 -58.9008
1.4113 -58.5823
1.41742 -59.0269
1.42355 -58.5062
1.4297 -58.4751
1.43585 -58.4917
1.44198 -57.8471
1.44809 -57.7666
1.45423 -57.7644
1.46036 -57.4581
1.46649 -57.1346
1.47263 -57.1693
1.47877 -56.8743
1.48491 -57.3151
1.49104 -56.7419
1.49718 -56.4031
1.50333 -56.7304
1.50947 -56.2414
1.5156 -56.0828
1.52172 -56.1706
1.52787 -55.5664
1.534 -55.8597
1.54013 -55.8578
1.54627 -55.6446
1.55241 -55.5731
1.55855 -55.2257
1.56467 -55.2478
1.5708 -55.2625
