0.00783031 6419.04
0.013688 3109.5
0.019231 3347.49
0.0249154 3246.96
0.0312784 3535.06
0.0375637 3023.98
0.0433917 2852.75
0.0492413 2647.36
0.0555754 2536.31
0.0619321 2406.09
0.067871 2312.07
0.0738098 2201.85
0.0800417 1881.25
0.0862327 2000.81
0.0921407 1754.05
0.0982031 1674.83
0.104506 1701.93
0.110769 1635.81
0.116806 1500.78
0.122832 1430.47
0.129052 1370.4
0.135211 1322.46
0.141259 1318.27
0.147318 1274.36
0.153489 1205.17
0.159709 1137.69
0.165845 1137.44
0.171974 1088.62
0.178125 1046.99
0.184229 1028.28
0.19034 966.558
0.196428 941.328
0.202534 932.816
0.208729 919.51
0.214876 878.306
0.220989 833.628
0.227147 813.801
0.23329 802.276
0.239377 793.424
0.245482 772.434
0.251667 747.515
0.257832 736.11
0.263955 714.782
0.270079 688.83
0.27624 689.585
0.282372 663.998
0.28843 652.603
0.294538 648.077
0.300721 629.547
0.30691 623.406
0.313033 606.365
0.319153 593.522
0.325316 578.08
0.33145 570.112
0.337538 568.752
0.343633 556.454
0.349808 537.328
0.355968 527.881
0.362074 523.793
0.368217 517.673
0.374374 505.817
0.380519 493.522
0.386598 488.117
0.392688 479.259
0.39888 482.153
0.405048 459.864
0.411186 458.975
0.417313 452.738
0.423458 443.29
0.429607 446.398
0.435692 434.825
0.441815 428.323
0.447964 426.61
0.454126 421.76
0.460267 412.371
0.466387 409.022
0.47254 402.797
0.478662 395.275
0.484765 391.961
0.490885 387.046
0.497035 380.006
0.503198 380.044
0.509342 371.633
0.515458 369.089
0.521598 368.313
0.527764 359.264
0.533884 359.117
0.54 354.324
0.546137 349.051
0.552299 346.838
0.558452 340.391
0.564573 339.318
0.570708 337.613
0.576825 331.824
0.582926 328.832
0.589034 326.519
0.595184 321.011
0.601379 320.642
0.607522 315.482
0.613639 313.748
0.619772 310.336
0.625918 307.763
0.632068 304.633
0.638161 304.409
0.6443 301.265
0.650464 299.308
0.656582 295.087
0.662703 294.078
0.668861 290.083
0.675024 285.627
0.681124 284.758
0.687237 282.243
0.693381 281.061
0.699536 279.148
0.705665 274.961
0.711789 275.043
0.717957 272.563
0.72409 270.474
0.730186 268.119
0.736317 267.071
0.742472 263.465
0.748622 261.629
0.75476 259.675
0.760888 258.691
0.767043 257.495
0.773185 255.375
0.779291 253.552
0.785407 252.745
0.791564 249.185
0.797719 248.54
0.803834 246.636
0.809972 247.278
0.816124 242.934
0.822261 240.781
0.828378 239.581
0.834502 238.717
0.840667 238.322
0.846816 235.524
0.852925 232.641
0.859047 232.135
0.865192 230.161
0.871341 231.059
0.877463 227.553
0.883569 225.788
0.889708 225.519
0.895864 224.004
0.902008 222.213
0.908149 222.216
0.914301 221.575
0.920448 218.73
0.926574 217.652
0.932687 217.032
0.938823 215.672
0.944975 214.291
0.951105 212.113
0.957225 211.955
0.963368 210.467
0.969511 209.968
0.975621 209.658
0.981748 206.56
0.987916 205.36
0.99406 205.314
1.00019 205.021
1.00632 202.959
1.01246 201.87
1.01859 201.313
1.02471 200.141
1.03085 198.958
1.03698 197.788
1.04314 196.778
1.04929 195.772
1.05541 195.712
1.06154 194.893
1.06769 193.165
1.07382 192.26
1.07993 191.726
1.08607 189.744
1.09222 189.67
1.09836 189.065
1.10449 188.006
1.11063 187.353
1.11677 185.999
1.1229 185.529
1.12903 184.762
1.13518 183.439
1.14131 182.514
1.14745 182.16
1.15359 181.563
1.15973 180.259
1.16584 179.331
1.17197 178.637
1.17811 177.805
1.18424 177.247
1.19038 176.661
1.19652 175.939
1.20267 174.835
1.20881 173.274
1.21495 173.519
1.22108 173.362
1.2272 172.003
1.23334 171.046
1.23949 170.731
1.24562 169.286
1.25174 169.194
1.25789 168.391
1.26402 167.232
1.27014 166.739
1.27628 166.436
1.28244 165.608
1.28858 165.258
1.29471 163.708
1.30084 163.802
1.30697 162.375
1.31312 162.785
1.31925 161.67
1.32537 161.183
1.33151 160.564
1.33765 160.104
1.34378 159.263
1.34992 158.868
1.35606 157.919
1.3622 157.351
1.36833 157.483
1.37445 155.995
1.38059 155.731
1.38675 155.069
1.39288 154.41
1.39901 153.636
1.40515 153.376
1.4113 152.431
1.41742 152.569
1.42355 151.577
1.4297 151.371
1.43585 150.371
1.44198 149.976
1.44809 149.372
1.45423 148.979
1.46036 148.134
1.46649 148.052
1.47263 147.472
1.47877 146.706
1.48491 146.736
1.49104 145.649
1.49718 145.314
1.50333 144.393
1.50947 143.879
1.5156 143.845
1.52172 143.334
1.52787 142.909
1.534 142.303
1.54013 141.93
1.54627 141.289
1.55241 140.566
1.55855 140.194
1.56467 139.868
1.5708 139.124
