0.00783031 20086.4
0.013688 24881.1
0.019231 25071.8
0.0249154 23057.3
0.0312784 19685.3
0.0375637 17051.1
0.0433917 15054
0.0492413 13201.4
0.0555754 11920.7
0.0619321 11152.1
0.067871 10193.7
0.0738098 9587.43
0.0800417 8546.56
0.0862327 7555.12
0.0921407 6988.69
0.0982031 6095.06
0.104506 5616.05
0.110769 5141.75
0.116806 4739.09
0.122832 4668.44
0.129052 4319.94
0.135211 4241.41
0.141259 3989.64
0.147318 3788.45
0.153489 3515.33
0.159709 3335.26
0.165845 3072.01
0.171974 2955.01
0.178125 2820.54
0.184229 2693.26
0.19034 2600.99
0.196428 2467.54
0.202534 2389.62
0.208729 2334.9
0.214876 2219.67
0.220989 2143.42
0.227147 2034.3
0.23329 2005.71
0.239377 1962.07
0.245482 1839.97
0.251667 1789.66
0.257832 1775.91
0.263955 1712.51
0.270079 1652.94
0.27624 1623.07
0.282372 1576.65
0.28843 1539.99
0.294538 1481.55
0.300721 1458.23
0.30691 1430.22
0.313033 1373.01
0.319153 1346.55
0.325316 1320.22
0.33145 1305.72
0.337538 1280.81
0.343633 1227.3
0.349808 1181.82
0.355968 1184.25
0.362074 1161.13
0.368217 1145.07
0.374374 1114.29
0.380519 1105.62
0.386598 1080.44
0.392688 1060.54
0.39888 1029.59
0.405048 1026.59
0.411186 1012.08
0.417313 993.414
0.423458 974.437
0.429607 967.469
0.435692 959.411
0.441815 933.086
0.447964 920.117
0.454126 898.223
0.460267 891.989
0.466387 876.777
0.47254 860.065
0.478662 857.552
0.484765 849.2
0.490885 828.506
0.497035 821.804
0.503198 805.239
0.509342 792.21
0.515458 795.876
0.521598 779.767
0.527764 771.31
0.533884 758.916
0.54 750.016
0.546137 742.234
0.552299 736.168
0.558452 725.1
0.564573 712.648
0.570708 713.864
0.576825 704.016
0.582926 692.133
0.589034 683.518
0.595184 680.943
0.601379 671.038
0.607522 664.891
0.613639 658.421
0.619772 647.347
0.625918 645.266
0.632068 636.794
0.638161 633.182
0.6443 622.765
0.650464 615.172
0.656582 612.519
0.662703 605.735
0.668861 598.06
0.675024 599.85
0.681124 586.86
0.687237 579.336
0.693381 575.929
0.699536 571.248
0.705665 567.35
0.711789 561.721
0.717957 553.202
0.72409 551.258
0.730186 545.626
0.736317 541.538
0.742472 536.234
0.748622 528.625
0.75476 526.07
0.760888 524.417
0.767043 519.097
0.773185 506.806
0.779291 507.518
0.785407 503.902
0.791564 498.249
0.797719 496.286
0.803834 489.761
0.809972 484.077
0.816124 485.708
0.822261 479.392
0.828378 476.962
0.834502 471.955
0.840667 467.812
0.846816 461.601
0.852925 460.324
0.859047 453.111
0.865192 451.203
0.871341 448.946
0.877463 445.194
0.883569 441.455
0.889708 438.915
0.895864 433.872
0.902008 428.149
0.908149 427.153
0.914301 422.838
0.920448 420.215
0.926574 416.689
0.932687 414.34
0.938823 410.781
0.944975 405.594
0.951105 404.442
0.957225 400.761
0.963368 398.277
0.969511 395.124
0.975621 390.994
0.981748 386.282
0.987916 384.542
0.99406 381.34
1.00019 379.816
1.00632 375.586
1.01246 372.821
1.01859 370.78
1.02471 366.737
1.03085 365.19
1.03698 359.872
1.04314 358.191
1.04929 354.088
1.05541 353.246
1.06154 350.794
1.06769 347.51
1.07382 344.727
1.07993 343.677
1.08607 339.019
1.09222 336.263
1.09836 335.927
1.10449 331.179
1.11063 330.359
1.11677 327.724
1.1229 324.142
1.12903 321.846
1.13518 319.554
1.14131 315.684
1.14745 314.902
1.15359 311.877
1.15973 309.182
1.16584 306.153
1.17197 304.901
1.17811 301.475
1.18424 300.717
1.19038 298.326
1.19652 296.042
1.20267 293.436
1.20881 291.215
1.21495 288.474
1.22108 285.89
1.2272 284.011
1.23334 281.95
1.23949 280.443
1.24562 277.761
1.25174 275.538
1.25789 274.02
1.26402 272.079
1.27014 269.244
1.27628 267.182
1.28244 265.224
1.28858 263.399
1.29471 261.819
1.30084 259.75
1.30697 257.719
1.31312 256.494
1.31925 254.186
1.32537 252.827
1.33151 249.96
1.33765 248.941
1.34378 246.169
1.34992 243.897
1.35606 242.04
1.3622 240.985
1.36833 239.003
1.37445 236.995
1.38059 235.878
1.38675 234.215
1.39288 232.132
1.39901 230
1.40515 228.458
1.4113 226.677
1.41742 225.132
1.42355 223.631
1.4297 221.32
1.43585 220.394
1.44198 218.385
1.44809 216.689
1.45423 215.697
1.46036 213.661
1.46649 211.748
1.47263 209.395
1.47877 208.657
1.48491 206.947
1.49104 205.7
1.49718 204.375
1.50333 201.857
1.50947 201.113
1.5156 198.708
1.52172 197.623
1.52787 196.389
1.534 194.649
1.54013 193.364
1.54627 192.05
1.55241 190.556
1.55855 188.819
1.56467 188.162
1.5708 186.183
