0.00783031 5202.26
0.013688 3496.51
0.019231 3606.02
0.0249154 3332.11
0.0312784 3147.18
0.0375637 3148.16
0.0433917 2833.89
0.0492413 2829.32
0.0555754 2517.09
0.0619321 2489.51
0.067871 2297.02
0.0738098 2107.13
0.0800417 2124.86
0.0862327 1918.29
0.0921407 1861.52
0.0982031 1758.99
0.104506 1687.91
0.110769 1543.08
0.116806 1498.61
0.122832 1489.42
0.129052 1386.21
0.135211 1383.86
0.141259 1261.96
0.147318 1237.81
0.153489 1197.3
0.159709 1155.35
0.165845 1112.36
0.171974 1095.03
0.178125 1060.97
0.184229 1004.73
0.19034 973.974
0.196428 943.249
0.202534 959.011
0.208729 900.593
0.214876 873.706
0.220989 877.365
0.227147 847.053
0.23329 819.732
0.239377 786.165
0.245482 767.299
0.251667 741.075
0.257832 730.899
0.263955 722.305
0.270079 693.262
0.27624 689.046
0.282372 661.817
0.28843 661.664
0.294538 650.723
0.300721 636.163
0.30691 617.813
0.313033 593.414
0.319153 600.247
0.325316 588.41
0.33145 567.942
0.337538 566.816
0.343633 546.269
0.349808 549.641
0.355968 533.564
0.362074 524.603
0.368217 520.973
0.374374 504.769
0.380519 501.132
0.386598 488.907
0.392688 487.677
0.39888 477.227
0.405048 467.252
0.411186 460.731
0.417313 457.113
0.423458 448.769
0.429607 439.699
0.435692 436.69
0.441815 435.175
0.447964 421.982
0.454126 421.122
0.460267 413.498
0.466387 408.008
0.47254 402.098
0.478662 396.497
0.484765 395.939
0.490885 386.654
0.497035 382.177
0.503198 382.281
0.509342 372.183
0.515458 372.745
0.521598 366.887
0.527764 363.576
0.533884 358.738
0.54 356.649
0.546137 353.095
0.552299 346.751
0.558452 346.701
0.564573 340.37
0.570708 337.557
0.576825 332.523
0.582926 329.859
0.589034 328.126
0.595184 321.124
0.601379 320.817
0.607522 316.75
0.613639 313.081
0.619772 310.058
0.625918 307.948
0.632068 305.203
0.638161 302.859
0.6443 299.666
0.650464 298.49
0.656582 294.597
0.662703 293.609
0.668861 289.943
0.675024 287.862
0.681124 284.927
0.687237 283.387
0.693381 280.398
0.699536 277.753
0.705665 276.126
0.711789 273.706
0.717957 270.175
0.72409 269.452
0.730186 266.392
0.736317 266.468
0.742472 262.851
0.748622 260.47
0.75476 257.413
0.760888 256.167
0.767043 256.948
0.773185 253.098
0.779291 252.11
0.785407 250.302
0.791564 247.371
0.797719 245.481
0.803834 245.116
0.809972 243.651
0.816124 241.79
0.822261 239.66
0.828378 239.612
0.834502 236.483
0.840667 235.647
0.846816 233.972
0.852925 231.147
0.859047 230.37
0.865192 229.428
0.871341 227.05
0.877463 226.134
0.883569 224.691
0.889708 223.733
0.895864 220.889
0.902008 220.564
0.908149 219.925
0.914301 218.342
0.920448 216.971
0.926574 215.498
0.932687 213.498
0.938823 212.978
0.944975 211.131
0.951105 210.177
0.957225 208.712
0.963368 208.103
0.969511 206.163
0.975621 205.6
0.981748 205.043
0.987916 203.855
0.99406 202.767
1.00019 200.591
1.00632 199.798
1.01246 198.771
1.01859 197.818
1.02471 197.298
1.03085 196.01
1.03698 195.097
1.04314 193.92
1.04929 192.369
1.05541 191.137
1.06154 190.382
1.06769 190.008
1.07382 189.6
1.07993 187.608
1.08607 187.118
1.09222 185.946
1.09836 184.692
1.10449 183.719
1.11063 182.9
1.11677 181.983
1.1229 181.493
1.12903 180.446
1.13518 178.944
1.14131 178.8
1.14745 178.201
1.15359 177.115
1.15973 176.143
1.16584 175.572
1.17197 174.518
1.17811 173.93
1.18424 172.526
1.19038 171.316
1.19652 171.568
1.20267 170.36
1.20881 169.59
1.21495 168.414
1.22108 167.964
1.2272 166.882
1.23334 166.264
1.23949 166.342
1.24562 165.34
1.25174 164.227
1.25789 163.431
1.26402 162.614
1.27014 162.256
1.27628 160.971
1.28244 160.878
1.28858 160.204
1.29471 159.352
1.30084 158.863
1.30697 157.755
1.31312 157.272
1.31925 156.943
1.32537 156.147
1.33151 155.355
1.33765 155.297
1.34378 154.261
1.34992 153.825
1.35606 152.863
1.3622 152.427
1.36833 151.546
1.37445 151.061
1.38059 151.016
1.38675 149.615
1.39288 149.411
1.39901 148.654
1.40515 148.073
1.4113 147.792
1.41742 147.415
1.42355 146.372
1.4297 145.396
1.43585 145.344
1.44198 144.245
1.44809 144.241
1.45423 143.821
1.46036 142.837
1.46649 142.412
1.47263 141.87
1.47877 141.758
1.48491 141.102
1.49104 139.643
1.49718 140.697
1.50333 139.496
1.50947 138.766
1.5156 138.2
1.52172 137.757
1.52787 137.588
1.534 136.57
1.54013 136.581
1.54627 135.997
1.55241 135.393
1.55855 135.071
1.56467 134.198
1.5708 133.431
