0.00783031 10.6181
0.013688 -0.307513
0.019231 1.00677
0.0249154 4.93709
0.0312784 2.14336
0.0375637 -1.59171
0.0433917 5.08357
0.0492413 0.810269
0.0555754 6.68085
0.0619321 8.41554
0.067871 6.62049
0.0738098 9.07388
0.0800417 10.6175
0.0862327 9.65636
0.0921407 11.2776
0.0982031 10.1517
0.104506 13.2897
0.110769 13.8173
0.116806 15.5966
0.122832 17.6919
0.129052 18.8139
0.135211 18.7501
0.141259 19.8059
0.147318 19.8119
0.153489 20.4839
0.159709 23.0202
0.165845 23.5902
0.171974 25.3169
0.178125 25.3622
0.184229 27.2461
0.19034 26.9244
0.196428 28.383
0.202534 30.8929
0.208729 31.2933
0.214876 31.6538
0.220989 31.4007
0.227147 33.1271
0.23329 32.3784
0.239377 35.3785
0.245482 34.7629
0.251667 36.021
0.257832 37.6733
0.263955 37.7049
0.270079 38.0505
0.27624 39.2383
0.282372 38.1591
0.28843 39.3839
0.294538 41.4731
0.300721 40.9124
0.30691 42.5862
0.313033 42.297
0.319153 42.9335
0.325316 42.5034
0.33145 43.4409
0.337538 44.7991
0.343633 45.3154
0.349808 46.0964
0.355968 47.0054
0.362074 46.959
0.368217 47.4622
0.374374 47.578
0.380519 47.8986
0.386598 49.1768
0.392688 49.0862
0.39888 49.4845
0.405048 49.7171
0.411186 49.8694
0.417313 50.492
0.423458 51.6179
0.429607 51.0144
0.435692 51.6834
0.441815 51.9078
0.447964 52.4821
0.454126 52.8154
0.460267 53.7101
0.466387 53.1487
0.47254 53.542
0.478662 53.7731
0.484765 54.097
0.490885 54.252
0.497035 55.6549
0.503198 55.4584
0.509342 54.8367
0.515458 55.6656
0.521598 55.4472
0.527764 55.3867
0.533884 56.3832
0.54 56.0828
0.546137 56.795
0.552299 57.0117
0.558452 57.4927
0.564573 57.39
0.570708 56.5572
0.576825 58.3491
0.582926 58.1733
0.589034 56.7228
0.595184 57.6858
0.601379 57.4849
0.607522 57.8703
0.613639 58.2949
0.619772 57.5709
0.625918 58.5399
0.632068 57.5626
0.638161 58.1829
0.6443 57.3802
0.650464 58.3284
0.656582 58.4338
0.662703 59
0.668861 57.7776
0.675024 59.002
0.681124 58.7785
0.687237 58.3066
0.693381 58.3585
0.699536 58.1023
0.705665 58.4885
0.711789 57.8057
0.717957 58.2578
0.72409 57.661
0.730186 57.5271
0.736317 57.708
0.742472 57.4613
0.748622 58.0622
0.75476 57.8229
0.760888 58.1441
0.767043 57.5936
0.773185 57.3897
0.779291 56.6326
0.785407 57.221
0.791564 57.2748
0.797719 57.0156
0.803834 56.5664
0.809972 57.3224
0.816124 56.7797
0.822261 55.9418
0.828378 55.8085
0.834502 55.7749
0.840667 55.0666
0.846816 55.5337
0.852925 55.2172
0.859047 55.0394
0.865192 55.0639
0.871341 55.0166
0.877463 54.7519
0.883569 54.4737
0.889708 54.2706
0.895864 54.1862
0.902008 54.1013
0.908149 53.7907
0.914301 53.1222
0.920448 52.9786
0.926574 52.2222
0.932687 52.4662
0.938823 52.3612
0.944975 51.7752
0.951105 51.2417
0.957225 51.3953
0.963368 51.0814
0.969511 51.0695
0.975621 50.8233
0.981748 50.397
0.987916 49.6992
0.99406 49.6894
1.00019 49.9892
1.00632 49.2037
1.01246 49.0684
1.01859 48.8967
1.02471 48.6219
1.03085 47.7665
1.03698 47.9873
1.04314 47.5998
1.04929 47.454
1.05541 47.3631
1.06154 46.8476
1.06769 46.3584
1.07382 45.7643
1.07993 45.811
1.08607 45.9185
1.09222 45.4541
1.09836 45.0378
1.10449 44.7154
1.11063 44.715
1.11677 44.4443
1.1229 43.667
1.12903 43.6189
1.13518 43.3429
1.14131 42.9011
1.14745 42.7759
1.15359 42.7305
1.15973 42.8741
1.16584 41.9688
1.17197 41.5348
1.17811 41.9717
1.18424 41.2416
1.19038 41.1979
1.19652 40.9307
1.20267 40.3866
1.20881 40.1742
1.21495 39.8422
1.22108 39.7746
1.2272 39.5758
1.23334 38.9653
1.23949 38.8975
1.24562 38.1423
1.25174 38.2885
1.25789 38.1706
1.26402 37.754
1.27014 37.5185
1.27628 37.6858
1.28244 37.2839
1.28858 36.7409
1.29471 36.8864
1.30084 36.1111
1.30697 36.1346
1.31312 36.3154
1.31925 35.7135
1.32537 35.6013
1.33151 35.373
1.33765 35.1579
1.34378 34.8984
1.34992 34.7779
1.35606 34.5487
1.3622 34.0299
1.36833 33.8868
1.37445 34.1326
1.38059 33.3937
1.38675 33.4936
1.39288 33.2258
1.39901 33.0053
1.40515 32.6145
1.4113 32.462
1.41742 32.3364
1.42355 32.2216
1.4297 31.5563
1.43585 31.7082
1.44198 31.3784
1.44809 31.228
1.45423 31.2299
1.46036 30.8414
1.46649 30.7776
1.47263 30.6273
1.47877 30.1829
1.48491 30.0172
1.49104 29.8758
1.49718 29.7642
1.50333 29.8228
1.50947 28.942
1.5156 29.2649
1.52172 29.065
1.52787 28.6507
1.534 28.6897
1.54013 28.6036
1.54627 28.4225
1.55241 28.2312
1.55855 27.9401
1.56467 27.8712
1.5708 27.8564
