0.00783031 16.4787
0.013688 14.5322
0.019231 -1.78866
0.0249154 7.32348
0.0312784 2.97189
0.0375637 6.84108
0.0433917 6.3212
0.0492413 5.61929
0.0555754 6.14733
0.0619321 7.97275
0.067871 9.26575
0.0738098 6.41654
0.0800417 8.78834
0.0862327 9.92318
0.0921407 11.684
0.0982031 10.7257
0.104506 12.3985
0.110769 13.8778
0.116806 15.6065
0.122832 15.8895
0.129052 17.4887
0.135211 19.3302
0.141259 19.9193
0.147318 20.9364
0.153489 20.8464
0.159709 24.4905
0.165845 23.4334
0.171974 24.2736
0.178125 28.0892
0.184229 27.1451
0.19034 28.8691
0.196428 28.7659
0.202534 30.5568
0.208729 31.7446
0.214876 32.6042
0.220989 32.4727
0.227147 32.8176
0.23329 35.0898
0.239377 35.9386
0.245482 37.6005
0.251667 37.8442
0.257832 37.3628
0.263955 39.0455
0.270079 40.264
0.27624 40.8563
0.282372 40.9395
0.28843 43.3182
0.294538 42.2103
0.300721 44.2088
0.30691 45.3084
0.313033 44.7792
0.319153 44.7777
0.325316 45.5379
0.33145 46.447
0.337538 45.195
0.343633 46.7195
0.349808 48.5616
0.355968 48.5919
0.362074 48.9421
0.368217 49.4413
0.374374 49.9971
0.380519 49.8261
0.386598 49.5096
0.392688 51.2931
0.39888 51.7408
0.405048 51.3649
0.411186 51.6721
0.417313 51.761
0.423458 52.3664
0.429607 52.1486
0.435692 52.7918
0.441815 52.918
0.447964 53.3782
0.454126 54.4917
0.460267 54.6697
0.466387 54.7835
0.47254 54.4584
0.478662 54.9783
0.484765 54.7854
0.490885 54.7664
0.497035 55.8749
0.503198 54.9239
0.509342 54.8689
0.515458 55.7972
0.521598 54.9293
0.527764 56.3088
0.533884 55.3058
0.54 56.2352
0.546137 56.52
0.552299 56.2597
0.558452 55.8142
0.564573 55.37
0.570708 55.4497
0.576825 56.605
0.582926 56.601
0.589034 56.8018
0.595184 55.8044
0.601379 56.3778
0.607522 56.2926
0.613639 56.1941
0.619772 56.5711
0.625918 56.0505
0.632068 55.6294
0.638161 55.5836
0.6443 55.6749
0.650464 55.6742
0.656582 55.7632
0.662703 55.3112
0.668861 55.8744
0.675024 54.849
0.681124 55.9829
0.687237 55.4764
0.693381 54.9627
0.699536 55.3987
0.705665 55.0249
0.711789 54.8465
0.717957 54.2138
0.72409 54.3234
0.730186 54.8462
0.736317 54.1036
0.742472 53.6907
0.748622 54.1367
0.75476 53.8319
0.760888 53.4509
0.767043 53.3438
0.773185 52.4177
0.779291 52.8387
0.785407 52.0881
0.791564 51.679
0.797719 51.4496
0.803834 51.2208
0.809972 51.7095
0.816124 51.1313
0.822261 51.3944
0.828378 51.0658
0.834502 50.4896
0.840667 50.9037
0.846816 50.2059
0.852925 49.9231
0.859047 49.1797
0.865192 48.8219
0.871341 48.9692
0.877463 49.0209
0.883569 48.4267
0.889708 48.3778
0.895864 48.4646
0.902008 47.9281
0.908149 48.2822
0.914301 47.8742
0.920448 47.1889
0.926574 46.9833
0.932687 47.2015
0.938823 46.3037
0.944975 45.9054
0.951105 45.4981
0.957225 45.8319
0.963368 45.7554
0.969511 45.1374
0.975621 45.0762
0.981748 44.7481
0.987916 44.1488
0.99406 43.8297
1.00019 43.5766
1.00632 43.8715
1.01246 43.3316
1.01859 42.7773
1.02471 43.009
1.03085 42.238
1.03698 42.5456
1.04314 42.2498
1.04929 42.0715
1.05541 41.3593
1.06154 41.314
1.06769 41.4218
1.07382 40.4089
1.07993 40.2485
1.08607 40.5551
1.09222 39.9978
1.09836 39.9445
1.10449 39.8071
1.11063 39.4836
1.11677 39.4123
1.1229 39.1223
1.12903 39.1355
1.13518 38.4867
1.14131 38.2806
1.14745 38.4877
1.15359 37.9252
1.15973 37.9051
1.16584 37.6863
1.17197 37.4331
1.17811 37.3304
1.18424 36.8387
1.19038 37.0356
1.19652 36.637
1.20267 36.4084
1.20881 36.1413
1.21495 36.3506
1.22108 35.8691
1.2272 35.625
1.23334 35.8145
1.23949 35.0124
1.24562 34.8755
1.25174 35.0524
1.25789 35.1228
1.26402 34.9223
1.27014 34.7
1.27628 34.3016
1.28244 34.3197
1.28858 34.3998
1.29471 34.026
1.30084 33.4864
1.30697 33.6575
1.31312 33.7363
1.31925 33.3045
1.32537 33.247
1.33151 33.7369
1.33765 32.7862
1.34378 32.9579
1.34992 32.5492
1.35606 32.4758
1.3622 32.4829
1.36833 32.3684
1.37445 32.1292
1.38059 32.0857
1.38675 31.9401
1.39288 31.8613
1.39901 31.8957
1.40515 31.7186
1.4113 31.8472
1.41742 31.292
1.42355 31.3077
1.4297 31.2751
1.43585 31.2949
1.44198 30.9546
1.44809 30.4924
1.45423 30.8748
1.46036 30.6933
1.46649 30.8561
1.47263 30.9482
1.47877 30.5099
1.48491 30.5898
1.49104 30.4099
1.49718 30.5597
1.50333 30.2247
1.50947 30.3151
1.5156 29.9844
1.52172 29.972
1.52787 29.6411
1.534 29.592
1.54013 29.9513
1.54627 29.7654
1.55241 29.5306
1.55855 29.227
1.56467 29.186
1.5708 29.4308
