0.00783031 20379.7
0.013688 25134.9
0.019231 25654.6
0.0249154 23143.6
0.0312784 20009.7
0.0375637 17029.2
0.0433917 14601.3
0.0492413 13500.9
0.0555754 12264.8
0.0619321 11348.8
0.067871 10322.4
0.0738098 9416.72
0.0800417 8579.62
0.0862327 7591.58
0.0921407 6989.56
0.0982031 6265.73
0.104506 5711.87
0.110769 5303.79
0.116806 4978.75
0.122832 4826.44
0.129052 4507.34
0.135211 4333.24
0.141259 4036.44
0.147318 3855.14
0.153489 3532.49
0.159709 3283.22
0.165845 3043.41
0.171974 3019.43
0.178125 2941.39
0.184229 2744.22
0.19034 2682.28
0.196428 2569.66
0.202534 2480.92
0.208729 2415.58
0.214876 2275.35
0.220989 2234.14
0.227147 2162
0.23329 2054.44
0.239377 1972.44
0.245482 1935.28
0.251667 1883.03
0.257832 1809
0.263955 1762.03
0.270079 1720.74
0.27624 1667.66
0.282372 1629.15
0.28843 1572.61
0.294538 1548.51
0.300721 1511.7
0.30691 1487.61
0.313033 1446.36
0.319153 1404.44
0.325316 1379.45
0.33145 1349.35
0.337538 1307.31
0.343633 1286.7
0.349808 1261.14
0.355968 1251.55
0.362074 1227.81
0.368217 1197.62
0.374374 1175.47
0.380519 1141.2
0.386598 1142.27
0.392688 1116.17
0.39888 1102.49
0.405048 1077.46
0.411186 1057.18
0.417313 1050.63
0.423458 1027.98
0.429607 1023.42
0.435692 996.756
0.441815 978.96
0.447964 973.98
0.454126 960.065
0.460267 943.132
0.466387 926.927
0.47254 912.554
0.478662 906.146
0.484765 883.996
0.490885 876.333
0.497035 868.561
0.503198 854.714
0.509342 848.424
0.515458 829.277
0.521598 827.007
0.527764 815.772
0.533884 805.363
0.54 799.597
0.546137 783.692
0.552299 777.355
0.558452 764.119
0.564573 757.181
0.570708 750.356
0.576825 743.515
0.582926 734.636
0.589034 724.208
0.595184 718.439
0.601379 707.793
0.607522 699.488
0.613639 693.739
0.619772 687.527
0.625918 680.369
0.632068 675.3
0.638161 667.502
0.6443 654.812
0.650464 653.529
0.656582 642.327
0.662703 635.786
0.668861 631.946
0.675024 627.267
0.681124 622.79
0.687237 613.199
0.693381 612.206
0.699536 601.867
0.705665 595.842
0.711789 594.855
0.717957 587.286
0.72409 580.058
0.730186 574.241
0.736317 572.576
0.742472 566.633
0.748622 561.509
0.75476 555.239
0.760888 549.15
0.767043 542.977
0.773185 541.243
0.779291 536.888
0.785407 525.631
0.791564 524.791
0.797719 519
0.803834 514.845
0.809972 514.834
0.816124 507.806
0.822261 504.234
0.828378 498.805
0.834502 495.389
0.840667 488.371
0.846816 486.001
0.852925 482.144
0.859047 477.769
0.865192 473.497
0.871341 469.617
0.877463 463.607
0.883569 463.128
0.889708 458.28
0.895864 456.576
0.902008 451.319
0.908149 448.818
0.914301 442.891
0.920448 438.058
0.926574 436.696
0.932687 433.996
0.938823 427.396
0.944975 426.314
0.951105 420.657
0.957225 416.852
0.963368 415.84
0.969511 411.965
0.975621 409.182
0.981748 405.201
0.987916 400.04
0.99406 397.305
1.00019 396.047
1.00632 392.027
1.01246 388.964
1.01859 386.904
1.02471 384.585
1.03085 379.569
1.03698 375.8
1.04314 373.768
1.04929 371.376
1.05541 368.2
1.06154 366.012
1.06769 361.834
1.07382 359.709
1.07993 357.133
1.08607 353.97
1.09222 350.611
1.09836 347.144
1.10449 345.636
1.11063 342.419
1.11677 340.563
1.1229 339.314
1.12903 333.647
1.13518 332.238
1.14131 330.383
1.14745 327.82
1.15359 324.636
1.15973 323.246
1.16584 319.218
1.17197 317.549
1.17811 315.082
1.18424 312.43
1.19038 310.139
1.19652 308.46
1.20267 305.671
1.20881 303.335
1.21495 299.875
1.22108 299.303
1.2272 295.701
1.23334 293.949
1.23949 292.364
1.24562 290.007
1.25174 287.954
1.25789 286.311
1.26402 283.01
1.27014 280.859
1.27628 278.441
1.28244 276.846
1.28858 274.942
1.29471 272.236
1.30084 270.085
1.30697 267.509
1.31312 266.692
1.31925 264.07
1.32537 262.685
1.33151 261.065
1.33765 259.928
1.34378 257.76
1.34992 255.373
1.35606 253.803
1.3622 250.43
1.36833 248.801
1.37445 247.27
1.38059 244.903
1.38675 243.191
1.39288 242.249
1.39901 239.651
1.40515 237.957
1.4113 236.424
1.41742 234.39
1.42355 233.239
1.4297 231.025
1.43585 229.453
1.44198 228.456
1.44809 225.803
1.45423 224.079
1.46036 222.745
1.46649 220.666
1.47263 219.613
1.47877 217.511
1.48491 216.166
1.49104 214.313
1.49718 213.169
1.50333 211.633
1.50947 209.935
1.5156 208.621
1.52172 206.75
1.52787 205.146
1.534 203.681
1.54013 202.55
1.54627 200.366
1.55241 199.361
1.55855 198.013
1.56467 196.335
1.5708 195.101
