0.00783031 19409.2
0.013688 23950.9
0.019231 24724.2
0.0249154 22179.9
0.0312784 19360.7
0.0375637 16704.2
0.0433917 14578.8
0.0492413 13807.8
0.0555754 12624.4
0.0619321 11912.7
0.067871 10855.7
0.0738098 10026.1
0.0800417 9302.68
0.0862327 8326.01
0.0921407 7838.67
0.0982031 7164.23
0.104506 6688.8
0.110769 6318.84
0.116806 5918.36
0.122832 5817
0.129052 5509.86
0.135211 5417.79
0.141259 5070.48
0.147318 4953.22
0.153489 4609.26
0.159709 4354.83
0.165845 4096.01
0.171974 4138.02
0.178125 4060.22
0.184229 3842.86
0.19034 3788.1
0.196428 3679.02
0.202534 3572.32
0.208729 3533.15
0.214876 3363.85
0.220989 3367.37
0.227147 3266.85
0.23329 3139.82
0.239377 3051.71
0.245482 3033.11
0.251667 2983.33
0.257832 2892.28
0.263955 2836.5
0.270079 2801.8
0.27624 2739.45
0.282372 2702.41
0.28843 2631.45
0.294538 2610.61
0.300721 2582.41
0.30691 2554.03
0.313033 2508.1
0.319153 2451.32
0.325316 2434.79
0.33145 2400.63
0.337538 2340.62
0.343633 2320.46
0.349808 2294.91
0.355968 2298.16
0.362074 2259.44
0.368217 2224.67
0.374374 2198.1
0.380519 2157.04
0.386598 2167.62
0.392688 2132.84
0.39888 2122.97
0.405048 2092.86
0.411186 2057.59
0.417313 2060.94
0.423458 2024.99
0.429607 2033.34
0.435692 1990.24
0.441815 1973.26
0.447964 1967.38
0.454126 1955.07
0.460267 1931.11
0.466387 1911.62
0.47254 1886.22
0.478662 1888.21
0.484765 1848.59
0.490885 1839.11
0.497035 1836.47
0.503198 1819.95
0.509342 1811.86
0.515458 1782.65
0.521598 1779.05
0.527764 1765.88
0.533884 1753.87
0.54 1748.27
0.546137 1721.66
0.552299 1719.56
0.558452 1695.05
0.564573 1693.13
0.570708 1681.4
0.576825 1675.04
0.582926 1661.07
0.589034 1650.27
0.595184 1642.9
0.601379 1624.01
0.607522 1613.56
0.613639 1607.93
0.619772 1597.55
0.625918 1586.93
0.632068 1582.57
0.638161 1570.77
0.6443 1546.68
0.650464 1552.72
0.656582 1530.22
0.662703 1522.58
0.668861 1517.97
0.675024 1513.05
0.681124 1509.27
0.687237 1491.14
0.693381 1493.77
0.699536 1473.54
0.705665 1464.79
0.711789 1469.04
0.717957 1455.2
0.72409 1443.84
0.730186 1434.52
0.736317 1435.65
0.742472 1427.46
0.748622 1417.73
0.75476 1407.22
0.760888 1398.3
0.767043 1386.77
0.773185 1390.28
0.779291 1381.26
0.785407 1354.87
0.791564 1359.95
0.797719 1349.55
0.803834 1344.57
0.809972 1349.73
0.816124 1335.11
0.822261 1331.21
0.828378 1321.24
0.834502 1318.96
0.840667 1303.98
0.846816 1300.39
0.852925 1293.95
0.859047 1286.23
0.865192 1279.78
0.871341 1272.68
0.877463 1262.57
0.883569 1263.98
0.889708 1254.05
0.895864 1254.43
0.902008 1244.46
0.908149 1242
0.914301 1230.4
0.920448 1219.86
0.926574 1221.07
0.932687 1216.86
0.938823 1202.36
0.944975 1203.32
0.951105 1191.47
0.957225 1185.7
0.963368 1186.15
0.969511 1177.46
0.975621 1174.22
0.981748 1168.13
0.987916 1154.43
0.99406 1152.61
1.00019 1150.65
1.00632 1142.96
1.01246 1137.46
1.01859 1134.91
1.02471 1131.71
1.03085 1120.69
1.03698 1115.36
1.04314 1110.48
1.04929 1108.56
1.05541 1099.43
1.06154 1098.91
1.06769 1089.06
1.07382 1083.94
1.07993 1081.04
1.08607 1075.39
1.09222 1068.37
1.09836 1060.7
1.10449 1059.81
1.11063 1053.46
1.11677 1051.73
1.1229 1049.91
1.12903 1034.83
1.13518 1034.42
1.14131 1031.27
1.14745 1027.5
1.15359 1020.66
1.15973 1019.53
1.16584 1010.86
1.17197 1007.37
1.17811 1002.81
1.18424 996.589
1.19038 993.789
1.19652 991.328
1.20267 985.544
1.20881 979.448
1.21495 972.831
1.22108 972.842
1.2272 964.171
1.23334 961.33
1.23949 958.657
1.24562 952.775
1.25174 948.396
1.25789 947.623
1.26402 939.934
1.27014 934.536
1.27628 927.396
1.28244 926.326
1.28858 922.332
1.29471 916.735
1.30084 912.032
1.30697 906.657
1.31312 905.095
1.31925 899.647
1.32537 897.816
1.33151 895.105
1.33765 892.203
1.34378 887.978
1.34992 882.139
1.35606 879.787
1.3622 870.197
1.36833 868.165
1.37445 865.113
1.38059 858.016
1.38675 855.555
1.39288 853.359
1.39901 848.177
1.40515 844.957
1.4113 840.36
1.41742 835.611
1.42355 834.262
1.4297 828.671
1.43585 826.465
1.44198 823.398
1.44809 817.69
1.45423 813.5
1.46036 810.776
1.46649 805.589
1.47263 804.109
1.47877 799.581
1.48491 796.463
1.49104 792.223
1.49718 789.517
1.50333 786.777
1.50947 782.601
1.5156 779.187
1.52172 773.967
1.52787 769.678
1.534 766.57
1.54013 764.346
1.54627 758.788
1.55241 756.886
1.55855 753.108
1.56467 750.514
1.5708 746.898
