0.00783031 0.0556256
0.013688 0.0628625
0.019231 0.101229
0.0249154 0.139582
0.0312784 0.143497
0.0375637 0.233359
0.0433917 0.309234
0.0492413 0.395815
0.0555754 0.527677
0.0619321 0.627638
0.067871 0.89631
0.0738098 1.04983
0.0800417 1.20098
0.0862327 1.44925
0.0921407 1.7045
0.0982031 2.00008
0.104506 2.24971
0.110769 2.69713
0.116806 2.98924
0.122832 3.41578
0.129052 3.83121
0.135211 4.21518
0.141259 4.68398
0.147318 4.90358
0.153489 5.44496
0.159709 6.09676
0.165845 6.51163
0.171974 7.05251
0.178125 7.79807
0.184229 8.29628
0.19034 8.88011
0.196428 9.4845
0.202534 10.1356
0.208729 10.6381
0.214876 11.2902
0.220989 12.2024
0.227147 12.6206
0.23329 13.2765
0.239377 14.2314
0.245482 14.8794
0.251667 15.7879
0.257832 16.3612
0.263955 17.1038
0.270079 18.3741
0.27624 18.8095
0.282372 19.5339
0.28843 20.5607
0.294538 21.2183
0.300721 21.9691
0.30691 22.8774
0.313033 23.9477
0.319153 24.8726
0.325316 26.1541
0.33145 26.7436
0.337538 27.3659
0.343633 28.5012
0.349808 29.5486
0.355968 30.6047
0.362074 31.5338
0.368217 32.4946
0.374374 33.5212
0.380519 34.3332
0.386598 35.5262
0.392688 36.4341
0.39888 37.3532
0.405048 38.6916
0.411186 39.178
0.417313 40.2471
0.423458 41.7939
0.429607 42.719
0.435692 43.66
0.441815 44.711
0.447964 45.9405
0.454126 47.3234
0.460267 48.2951
0.466387 48.8795
0.47254 50.1779
0.478662 50.8205
0.484765 52.4017
0.490885 53.6911
0.497035 54.5065
0.503198 55.7762
0.509342 56.4245
0.515458 57.7597
0.521598 58.7737
0.527764 60.5349
0.533884 61.122
0.54 62.4451
0.546137 62.9535
0.552299 63.75
0.558452 65.613
0.564573 66.3351
0.570708 67.551
0.576825 68.4809
0.582926 69.9505
0.589034 70.4868
0.595184 72.2559
0.601379 72.7073
0.607522 73.9921
0.613639 74.9787
0.619772 76.1742
0.625918 77.2271
0.632068 77.905
0.638161 78.4756
0.6443 79.9518
0.650464 81.0187
0.656582 81.9565
0.662703 83.0611
0.668861 84.0714
0.675024 84.8147
0.681124 86.7746
0.687237 87.3605
0.693381 87.513
0.699536 89.4251
0.705665 89.8512
0.711789 90.5984
0.717957 92.1076
0.72409 93.0813
0.730186 94.3025
0.736317 95.2745
0.742472 96.0928
0.748622 96.7225
0.75476 97.6435
0.760888 98.2573
0.767043 99.5758
0.773185 100.345
0.779291 100.767
0.785407 101.296
0.791564 103.148
0.797719 103.575
0.803834 104.701
0.809972 105.011
0.816124 105.589
0.822261 106.477
0.828378 107.73
0.834502 107.84
0.840667 108.74
0.846816 109.211
0.852925 110.644
0.859047 111.031
0.865192 111.856
0.871341 112.444
0.877463 113.478
0.883569 113.782
0.889708 114.279
0.895864 115.314
0.902008 115.277
0.908149 116.319
0.914301 116.165
0.920448 117.842
0.926574 117.873
0.932687 118.373
0.938823 119.491
0.944975 120.615
0.951105 120.246
0.957225 120.664
0.963368 121.191
0.969511 121.099
0.975621 122.303
0.981748 122.71
0.987916 123.375
0.99406 123.941
1.00019 124.54
1.00632 125.112
1.01246 125.383
1.01859 125.793
1.02471 126.959
1.03085 126.406
1.03698 126.449
1.04314 127.385
1.04929 127.642
1.05541 128.191
1.06154 128.507
1.06769 129.02
1.07382 129.54
1.07993 129.165
1.08607 130.014
1.09222 129.826
1.09836 130.277
1.10449 131.1
1.11063 130.947
1.11677 131.312
1.1229 132.047
1.12903 131.803
1.13518 132.225
1.14131 132.542
1.14745 132.965
1.15359 133.948
1.15973 133.559
1.16584 134.267
1.17197 133.991
1.17811 133.938
1.18424 134.302
1.19038 134.554
1.19652 134.982
1.20267 135.018
1.20881 135.419
1.21495 135.591
1.22108 135.538
1.2272 136.02
1.23334 135.504
1.23949 136.167
1.24562 135.877
1.25174 136.632
1.25789 136.555
1.26402 136.447
1.27014 136.918
1.27628 136.886
1.28244 137.411
1.28858 137.212
1.29471 138.135
1.30084 137.661
1.30697 137.918
1.31312 138.168
1.31925 138.678
1.32537 138.194
1.33151 138.653
1.33765 138.478
1.34378 138.556
1.34992 138.912
1.35606 138.739
1.3622 138.96
1.36833 139.584
1.37445 138.819
1.38059 139.341
1.38675 139.304
1.39288 139.795
1.39901 139.631
1.40515 139.676
1.4113 140.069
1.41742 140.122
1.42355 140.447
1.4297 140.108
1.43585 140.011
1.44198 140.051
1.44809 140.478
1.45423 140.39
1.46036 140.574
1.46649 140.611
1.47263 140.071
1.47877 140.59
1.48491 141.063
1.49104 140.646
1.49718 141.125
1.50333 140.866
1.50947 141.211
1.5156 140.998
1.52172 141.185
1.52787 141.695
1.534 141.69
1.54013 141.735
1.54627 141.796
1.55241 141.995
1.55855 141.9
1.56467 141.269
1.5708 141.933
