#  k  (h/Mpc)          P(k)  (Mpc/h)^3     P_linear(k)   P_NL(k) (Mpc/h)^3
     0.00783031         20291.8         20513.5           20402 
       0.013688         24958.5         25365.8         25170.4 
       0.019231         25072.8         25635.4         25378.2 
      0.0249154           23418         23617.7         23341.1 
      0.0312784         19676.4         20361.8         20072.2 
      0.0375637         16493.3         17287.6         17029.1 
      0.0433917         14997.2         15046.4         14768.3 
      0.0492413         13253.4         13439.5         13172.6 
      0.0555754         12098.9         12280.2         12034.8 
      0.0619321         11220.3         11423.3         11182.2 
       0.067871         10474.7         10674.3         10455.7 
      0.0738098         9504.19         9842.08         9530.37 
      0.0800417         8633.07         8856.08         8604.23 
      0.0862327         7523.35         7841.33          7739.8 
      0.0921407         6757.18         6940.55         6884.81 
      0.0982031          6185.6         6164.83         6243.98 
       0.104506          5639.7         5561.75         5737.32 
       0.110769         5490.21         5155.89         5263.08 
       0.116806         4990.13         4889.47         4964.46 
       0.122832         4688.02         4677.07         4752.13 
       0.129052         4463.95         4453.97         4522.27 
       0.135211         4178.25         4193.92         4269.83 
       0.141259         3858.18         3896.12         4050.54 
       0.147318         3647.42         3576.26         3807.16 
       0.153489         3540.27          3260.5         3472.32 
       0.159709         3363.79         2982.04         3265.67 
       0.165845         3106.17         2764.14         3130.37 
       0.171974         3016.63         2604.93         2961.41 
       0.178125         2876.21          2488.7         2879.78 
       0.184229         2754.71          2396.6         2743.09 
        0.19034         2661.96         2308.28         2640.78 
       0.196428         2592.25         2211.01            2533 
       0.202534         2427.04         2098.34         2448.32 
       0.208729         2346.26         1971.83          2315.9 
       0.214876         2269.33         1845.05         2253.38 
       0.220989         2210.81         1727.42         2179.44 
       0.227147          2112.4          1625.3         2105.71 
        0.23329         1990.79          1542.2         2040.86 
       0.239377         1953.26         1476.79         1962.14 
       0.245482         1932.41         1423.17         1881.11 
       0.251667         1874.98         1374.77          1839.5 
       0.257832         1782.92         1326.38         1781.24 
       0.263955          1774.2         1274.55         1732.73 
       0.270079         1719.71         1218.63         1683.96 
        0.27624         1649.66         1160.63         1632.19 
       0.282372         1617.86         1104.16         1604.22 
        0.28843         1577.49         1052.29         1569.55 
       0.294538         1529.63         1005.98         1521.93 
       0.300721         1492.93         965.772         1476.82 
        0.30691         1480.35         931.185         1457.29 
       0.313033         1429.98         900.669         1412.21 
       0.319153          1410.1         871.904         1373.99 
       0.325316         1377.12         843.127         1354.28 
        0.33145         1370.94         813.802         1308.65 
       0.337538         1302.98         783.968         1289.04 
       0.343633         1304.71         754.209         1273.23 
       0.349808         1262.57         725.137         1252.72 
       0.355968         1243.57         698.007         1228.96 
       0.362074         1223.93         673.396         1205.73 
       0.368217         1184.66         651.053         1177.75 
       0.374374         1173.01         630.664         1155.05 
       0.380519         1157.47         611.687         1134.08 
       0.386598         1135.37         593.734         1119.14 
       0.392688         1116.55         576.093         1099.03 
        0.39888         1099.96         558.266         1080.83 
       0.405048         1083.03         540.636         1062.65 
       0.411186         1051.89         523.443         1045.26 
       0.417313         1050.36         506.946         1032.01 
       0.423458         1033.08         491.257         1012.47 
       0.429607          1015.4         476.511         996.142 
       0.435692         1008.64         462.871         974.373 
       0.441815         985.999          450.01         971.353 
       0.447964          971.89         437.712         961.022 
       0.454126         964.043         425.821         934.613 
       0.460267         950.997         414.316         932.964 
       0.466387         928.577         403.106         917.372 
        0.47254         921.584         392.064         904.495 
       0.478662          900.84          381.36         891.387 
       0.484765         890.795         371.082         882.092 
       0.490885         886.149         361.225         865.542 
       0.497035         871.788         351.758         858.122 
       0.503198         857.047         342.709         848.092 
       0.509342         854.625         334.099         833.605 
       0.515458         838.883         325.875         827.949 
       0.521598         835.041         317.898         819.807 
       0.527764         814.669         310.109         812.946 
       0.533884         818.321         302.587         804.268 
           0.54         806.444         295.284         794.874 
       0.546137         796.037         288.166         786.409 
       0.552299         786.006         281.241         775.648 
       0.558452         776.428         274.572         769.557 
       0.564573         772.253         268.183         762.401 
       0.570708         763.578         262.019         752.148 
       0.576825         753.294         256.088         743.076 
       0.582926         745.653         250.362         738.298 
       0.589034          734.35           244.8         728.032 
       0.595184          733.63         239.361         720.603 
       0.601379         723.168         234.048         714.925 
       0.607522         714.384         228.943         704.237 
       0.613639         707.756         224.008         701.679 
       0.619772         699.871         219.199         699.531 
       0.625918         694.571         214.523           690.2 
       0.632068             684         209.989         686.291 
       0.638161         678.759          205.63         676.345 
         0.6443         673.484         201.363         670.277 
       0.650464         669.532         197.204         662.339 
       0.656582         663.401         193.195         658.243 
       0.662703         656.479         189.299         653.513 
       0.668861         652.167         185.491         650.291 
       0.675024         642.835         181.786         645.456 
       0.681124         638.384         178.221         636.687 
       0.687237         633.272         174.746         631.235 
       0.693381         623.968         171.349         625.446 
       0.699536         618.783         168.039         621.256 
       0.705665         618.174         164.831         613.993 
       0.711789         608.221         161.707         609.356 
       0.717957         604.592         158.644         608.165 
        0.72409         600.408         155.679         602.232 
       0.730186         593.702          152.81         595.922 
       0.736317          587.26         150.001         592.075 
       0.742472         579.122         147.254         588.343 
       0.748622         579.933         144.576          582.11 
        0.75476         573.214         141.968         582.029 
       0.760888          568.11         139.429           575.8 
       0.767043          562.12         136.944         568.615 
       0.773185         555.858         134.528         565.263 
       0.779291         551.617         132.185         560.659 
       0.785407         546.227         129.892         557.459 
       0.791564          543.87         127.639         555.564 
       0.797719         538.745         125.442         550.541 
       0.803834         536.506         123.312         546.859 
       0.809972         528.094         121.224         543.072 
       0.816124         522.688         119.178         537.397 
       0.822261         522.834         117.186         534.604 
       0.828378         516.444         115.246         530.669 
       0.834502         512.244         113.351         528.875 
       0.840667         510.188         111.487         524.891 
       0.846816         506.956         109.669         520.762 
       0.852925         500.649         107.902         517.784 
       0.859047         498.506          106.17         513.104 
       0.865192         493.318          104.47         510.016 
       0.871341         489.612         102.807         506.384 
       0.877463         484.178         101.188         503.432 
       0.883569          483.07           99.61          501.27 
       0.889708         477.534         98.0585         496.524 
       0.895864         474.591         96.5361         493.723 
       0.902008          470.24         95.0488         490.433 
       0.908149         465.597         93.5935         485.377 
       0.914301         462.266         92.1665         481.772 
       0.920448         459.305         90.7712         480.905 
       0.926574         457.912         89.4101         477.962 
       0.932687         452.678         88.0802         473.294 
       0.938823         447.746         86.7728         471.922 
       0.944975          445.44         85.4889         469.073 
       0.951105         441.327         84.2354         465.903 
       0.957225           437.9          83.009         462.655 
       0.963368         434.813         81.8028         459.815 
       0.969511         431.202         80.6209         456.807 
       0.975621          428.04         79.4694         454.319 
       0.981748         424.775          78.338          451.84 
       0.987916         418.086         77.2216         449.355 
        0.99406         418.294         76.1311         446.431 
        1.00019         414.775         75.0638         442.652 
        1.00632         412.152          74.018         440.061 
        1.01246         408.319         72.9909          437.43 
        1.01859         406.503         71.9852          434.69 
        1.02471         401.392         71.0001         432.302 
        1.03085         400.856         70.0302         430.831 
        1.03698         396.033         69.0805           429.1 
        1.04314         392.694         68.1442         425.571 
        1.04929         389.305          67.227         422.131 
        1.05541         386.608         66.3297         419.711 
        1.06154         383.772         65.4464         417.619 
        1.06769         380.328         64.5783         414.608 
        1.07382         378.349         63.7301         411.904 
        1.07993         374.806         62.9005         410.011 
        1.08607          373.23         62.0832         407.479 
        1.09222         371.236         61.2799         405.191 
        1.09836         367.524         60.4912         403.296 
        1.10449          364.58         59.7167         401.712 
        1.11063          360.87         58.9542         398.537 
        1.11677         360.571         58.2047         396.423 
         1.1229         357.374         57.4691         393.804 
        1.12903         355.113         56.7453          392.03 
        1.13518         350.694         56.0336         388.783 
        1.14131          347.87          55.335         387.644 
        1.14745         346.535         54.6494         384.581 
        1.15359           343.6         53.9759         383.382 
        1.15973         340.753          53.314         381.089 
        1.16584         338.796         52.6667         379.054 
        1.17197         336.119         52.0295         377.377 
        1.17811         332.831         51.4006         374.629 
        1.18424         330.989         50.7833         372.402 
        1.19038         328.994         50.1735          371.22 
        1.19652         326.364         49.5734         368.291 
        1.20267         323.676         48.9833         366.436 
        1.20881         321.544         48.4039         364.926 
        1.21495          318.18         47.8363         362.286 
        1.22108         316.801         47.2789         359.992 
         1.2272         314.832         46.7319         359.043 
        1.23334         311.462         46.1919         356.657 
        1.23949         309.441         45.6581         354.756 
        1.24562         306.598         45.1334         352.657 
        1.25174         305.009         44.6172         351.084 
        1.25789         301.703         44.1075         348.822 
        1.26402         300.025         43.6069         347.609 
        1.27014         298.583         43.1155         345.363 
        1.27628         296.161         42.6304         344.248 
        1.28244         293.573         42.1518         342.606 
        1.28858         291.708         41.6809         340.478 
        1.29471         290.027         41.2183         337.991 
        1.30084         287.735         40.7632         335.917 
        1.30697         285.793         40.3146         334.856 
        1.31312         283.579         39.8726         333.135 
        1.31925         281.168          39.439         331.159 
        1.32537         279.657         39.0126          329.19 
        1.33151          278.05         38.5911         327.926 
        1.33765         274.538         38.1759         326.362 
        1.34378         273.388         37.7675         324.073 
        1.34992         271.176         37.3645         322.575 
        1.35606         269.609         36.9663         320.656 
         1.3622         266.839         36.5745         319.517 
        1.36833         265.992         36.1891         318.305 
        1.37445         262.953         35.8094         315.793 
        1.38059         261.437          35.434         314.721 
        1.38675         260.607         35.0633         313.396 
        1.39288          257.05         34.6997         311.251 
        1.39901         255.265         34.3416         309.548 
        1.40515         254.332          33.988         308.017 
         1.4113         252.287         33.6394         306.267 
        1.41742         249.716         33.2967          304.59 
        1.42355         248.859         32.9578         303.438 
         1.4297         246.813         32.6223         301.328 
        1.43585         244.688         32.2915         300.584 
        1.44198         243.261         31.9668         298.765 
        1.44809         241.599         31.6477         297.196 
        1.45423         239.688         31.3323         295.329 
        1.46036         237.897         31.0223         294.105 
        1.46649         235.782         30.7165         292.844 
        1.47263         234.469         30.4145         291.054 
        1.47877          232.82         30.1163         289.253 
        1.48491         231.603         29.8212         287.663 
        1.49104         229.838         29.5304         286.676 
        1.49718         228.476          29.243         285.836 
        1.50333         225.896         28.9588         283.551 
        1.50947         224.749         28.6791         282.096 
         1.5156         222.474         28.4036         281.309 
        1.52172         221.583          28.132         279.836 
        1.52787         220.041         27.8635         278.436 
          1.534          218.42         27.5991         276.889 
        1.54013         216.936         27.3387         275.619 
        1.54627         215.638         27.0814         274.639 
        1.55241         213.697         26.8275         273.375 
        1.55855         211.994         26.5771         271.725 
        1.56467         210.381         26.3303         270.203 
         1.5708         209.773         26.0858         268.894 
