0.00783031 -6598.16
0.013688 -2365.46
0.019231 -543.334
0.0249154 -442.175
0.0312784 -67.3053
0.0375637 -310.616
0.0433917 735.111
0.0492413 473.397
0.0555754 801.617
0.0619321 851.413
0.067871 344.921
0.0738098 807.142
0.0800417 880.944
0.0862327 662.971
0.0921407 722.604
0.0982031 899.228
0.104506 791.795
0.110769 1041.09
0.116806 952.171
0.122832 913.902
0.129052 948.724
0.135211 976.888
0.141259 1060.76
0.147318 1129.74
0.153489 1237.38
0.159709 1208.76
0.165845 976.014
0.171974 1137.85
0.178125 1120.12
0.184229 1205.24
0.19034 1257.82
0.196428 1181.25
0.202534 1151.47
0.208729 1207.93
0.214876 1214.91
0.220989 1195.82
0.227147 1224.25
0.23329 1206.77
0.239377 1229.24
0.245482 1247.28
0.251667 1232.27
0.257832 1238.02
0.263955 1242.99
0.270079 1231.37
0.27624 1210.03
0.282372 1254.35
0.28843 1221.75
0.294538 1235.44
0.300721 1204.77
0.30691 1251.37
0.313033 1227.39
0.319153 1210.2
0.325316 1232.39
0.33145 1242.96
0.337538 1207.57
0.343633 1241.8
0.349808 1212.48
0.355968 1214.98
0.362074 1220.43
0.368217 1204.51
0.374374 1187.99
0.380519 1200.86
0.386598 1210.75
0.392688 1204.51
0.39888 1212.94
0.405048 1203.67
0.411186 1177.56
0.417313 1191.19
0.423458 1196.82
0.429607 1181.52
0.435692 1199.91
0.441815 1181.39
0.447964 1175.95
0.454126 1181.24
0.460267 1163.89
0.466387 1162.04
0.47254 1157.39
0.478662 1155.77
0.484765 1157.64
0.490885 1151.93
0.497035 1147.12
0.503198 1139.13
0.509342 1154.37
0.515458 1129.73
0.521598 1145.86
0.527764 1126.38
0.533884 1131.91
0.54 1131.35
0.546137 1124.72
0.552299 1129.68
0.558452 1114.26
0.564573 1114.83
0.570708 1114.91
0.576825 1109.09
0.582926 1110.69
0.589034 1102
0.595184 1104.4
0.601379 1098.35
0.607522 1089.81
0.613639 1088.22
0.619772 1087.27
0.625918 1088.04
0.632068 1082.47
0.638161 1074.14
0.6443 1070.28
0.650464 1071.57
0.656582 1068.93
0.662703 1066.39
0.668861 1068.61
0.675024 1064.02
0.681124 1056.3
0.687237 1055.91
0.693381 1049.28
0.699536 1042.69
0.705665 1048.19
0.711789 1035.81
0.717957 1036.12
0.72409 1034
0.730186 1025.26
0.736317 1020.01
0.742472 1011.55
0.748622 1019.96
0.75476 1011.09
0.760888 1004.74
0.767043 1005.33
0.773185 994.036
0.779291 994.619
0.785407 990.445
0.791564 986.894
0.797719 985.292
0.803834 983.963
0.809972 974.54
0.816124 967.985
0.822261 975.662
0.828378 969.076
0.834502 962.862
0.840667 965.423
0.846816 961.353
0.852925 956.218
0.859047 957.675
0.865192 946.896
0.871341 949.77
0.877463 938.678
0.883569 942.251
0.889708 934.185
0.895864 931.882
0.902008 926.724
0.908149 924.58
0.914301 921.677
0.920448 918.246
0.926574 918.358
0.932687 912.6
0.938823 904.847
0.944975 903.415
0.951105 900.909
0.957225 895.25
0.963368 895.826
0.969511 890.426
0.975621 888.992
0.981748 882.218
0.987916 870.744
0.99406 876.645
1.00019 870.273
1.00632 867.636
1.01246 863.237
1.01859 863.357
1.02471 852.275
1.03085 857.348
1.03698 851.263
1.04314 848.367
1.04929 841.552
1.05541 837.138
1.06154 833.585
1.06769 829.462
1.07382 829.899
1.07993 824.982
1.08607 827.587
1.09222 823.5
1.09836 817.988
1.10449 813.573
1.11063 808.74
1.11677 810.095
1.1229 805.015
1.12903 800.982
1.13518 795.961
1.14131 790.585
1.14745 791.68
1.15359 787.522
1.15973 781.181
1.16584 780.139
1.17197 776.843
1.17811 770.581
1.18424 771.156
1.19038 767.696
1.19652 762.498
1.20267 758.604
1.20881 756.739
1.21495 752.495
1.22108 752.2
1.2272 749.669
1.23334 743.242
1.23949 738.459
1.24562 734.408
1.25174 732.518
1.25789 728.447
1.26402 726.272
1.27014 725.45
1.27628 721.082
1.28244 716.641
1.28858 715.419
1.29471 711.209
1.30084 707.088
1.30697 704.897
1.31312 702.447
1.31925 698.584
1.32537 695.485
1.33151 692.795
1.33765 687.966
1.34378 685.827
1.34992 682.497
1.35606 679.229
1.3622 675.259
1.36833 675.22
1.37445 669.774
1.38059 667.434
1.38675 664.195
1.39288 658.907
1.39901 656.826
1.40515 655.857
1.4113 652.148
1.41742 646.466
1.42355 645.941
1.4297 642.497
1.43585 639.036
1.44198 637.941
1.44809 632.947
1.45423 629.794
1.46036 628.02
1.46649 623.902
1.47263 622.313
1.47877 620.31
1.48491 616.025
1.49104 613.777
1.49718 613.486
1.50333 607.019
1.50947 605.218
1.5156 600.212
1.52172 599.717
1.52787 597.493
1.534 594.927
1.54013 590.832
1.54627 588.662
1.55241 585.175
1.55855 582.793
1.56467 579.877
1.5708 579.135
