0.00783031 3917.02
0.013688 4078.16
0.019231 2994.66
0.0249154 3369.72
0.0312784 3036.5
0.0375637 2986.13
0.0433917 3065.97
0.0492413 2760.89
0.0555754 2444.58
0.0619321 2426.26
0.067871 2171.42
0.0738098 2196.32
0.0800417 2007.58
0.0862327 1963.89
0.0921407 1789.67
0.0982031 1792.25
0.104506 1617.35
0.110769 1603.78
0.116806 1538.86
0.122832 1472.68
0.129052 1396.75
0.135211 1366.3
0.141259 1271.51
0.147318 1213.82
0.153489 1221.63
0.159709 1144.55
0.165845 1129.48
0.171974 1079.59
0.178125 1042.32
0.184229 1017.58
0.19034 945.465
0.196428 932.547
0.202534 898.476
0.208729 897.629
0.214876 856.565
0.220989 835.635
0.227147 814.409
0.23329 784.8
0.239377 795.572
0.245482 769.575
0.251667 740.799
0.257832 720.977
0.263955 706.228
0.270079 696.697
0.27624 685.609
0.282372 657.915
0.28843 653.01
0.294538 630.649
0.300721 616.055
0.30691 605.574
0.313033 593.836
0.319153 581.052
0.325316 575.454
0.33145 556.666
0.337538 550.276
0.343633 541.41
0.349808 533.968
0.355968 518.316
0.362074 512.203
0.368217 506.424
0.374374 488.376
0.380519 486.971
0.386598 484.348
0.392688 471.992
0.39888 463.054
0.405048 454.153
0.411186 443.7
0.417313 445.885
0.423458 433.03
0.429607 423.228
0.435692 422.298
0.441815 417.677
0.447964 408.966
0.454126 405.858
0.460267 404.408
0.466387 394.21
0.47254 391.036
0.478662 379.315
0.484765 378.042
0.490885 375.308
0.497035 372.068
0.503198 366.053
0.509342 358.365
0.515458 358.102
0.521598 351.322
0.527764 348.809
0.533884 342.903
0.54 341.084
0.546137 338.748
0.552299 335.247
0.558452 327.901
0.564573 326.991
0.570708 319.88
0.576825 318.051
0.582926 315.888
0.589034 309.737
0.595184 307.605
0.601379 305.812
0.607522 302.474
0.613639 297.345
0.619772 297.866
0.625918 293.8
0.632068 288.916
0.638161 287.696
0.6443 285.256
0.650464 280.237
0.656582 278.821
0.662703 276.804
0.668861 274.087
0.675024 270.52
0.681124 268.95
0.687237 266.587
0.693381 263.261
0.699536 261.273
0.705665 260.45
0.711789 256.922
0.717957 255.412
0.72409 252.749
0.730186 250.57
0.736317 249.222
0.742472 249.287
0.748622 244.753
0.75476 245.283
0.760888 241.327
0.767043 240.102
0.773185 237.315
0.779291 236.619
0.785407 235.464
0.791564 233.636
0.797719 231.021
0.803834 229.065
0.809972 227.634
0.816124 223.984
0.822261 223.999
0.828378 222.605
0.834502 221.049
0.840667 219.859
0.846816 218.786
0.852925 218.25
0.859047 215.222
0.865192 214.097
0.871341 213.132
0.877463 211.443
0.883569 210.372
0.889708 208.817
0.895864 207.018
0.902008 204.968
0.908149 204.951
0.914301 203.897
0.920448 201.45
0.926574 201.849
0.932687 199.295
0.938823 198.474
0.944975 198.478
0.951105 197.252
0.957225 194.801
0.963368 195.104
0.969511 193.207
0.975621 191.818
0.981748 191.818
0.987916 191.104
0.99406 188.69
1.00019 187.879
1.00632 187.061
1.01246 185.887
1.01859 185.609
1.02471 184.118
1.03085 183.165
1.03698 183.526
1.04314 181.084
1.04929 180.73
1.05541 179.084
1.06154 179.139
1.06769 178.551
1.07382 177.698
1.07993 176.734
1.08607 174.99
1.09222 175.272
1.09836 173.81
1.10449 173.142
1.11063 171.65
1.11677 171.404
1.1229 170.791
1.12903 170.393
1.13518 169.282
1.14131 168.75
1.14745 167.86
1.15359 166.697
1.15973 166.776
1.16584 165.841
1.17197 165.046
1.17811 164.708
1.18424 164.119
1.19038 163.253
1.19652 162.976
1.20267 161.576
1.20881 160.675
1.21495 159.866
1.22108 159.549
1.2272 159.444
1.23334 158.614
1.23949 158.009
1.24562 157.175
1.25174 157.129
1.25789 156.707
1.26402 155.668
1.27014 155.228
1.27628 154.303
1.28244 153.843
1.28858 153.422
1.29471 152.942
1.30084 152.868
1.30697 151.692
1.31312 151.467
1.31925 150.784
1.32537 150.522
1.33151 149.654
1.33765 149.072
1.34378 148.559
1.34992 147.944
1.35606 148.037
1.3622 146.918
1.36833 147.052
1.37445 146.196
1.38059 146.176
1.38675 145.488
1.39288 144.778
1.39901 144.282
1.40515 143.611
1.4113 143.654
1.41742 142.694
1.42355 142.322
1.4297 142.102
1.43585 141.66
1.44198 141.415
1.44809 140.952
1.45423 140.774
1.46036 139.749
1.46649 139.767
1.47263 139.282
1.47877 138.955
1.48491 138.427
1.49104 138.358
1.49718 137.978
1.50333 137.142
1.50947 136.953
1.5156 136.298
1.52172 136.376
1.52787 135.862
1.534 135.456
1.54013 134.68
1.54627 134.145
1.55241 134.443
1.55855 133.493
1.56467 133.929
1.5708 133.029
