0.00783031 5957.56
0.013688 6253.36
0.019231 4659.39
0.0249154 5342.37
0.0312784 4898.55
0.0375637 4763.49
0.0433917 5004.62
0.0492413 4608.76
0.0555754 4121.81
0.0619321 3962.79
0.067871 3507.83
0.0738098 3561.79
0.0800417 3122.02
0.0862327 3107.36
0.0921407 2821.75
0.0982031 2825.7
0.104506 2483.1
0.110769 2478.82
0.116806 2305.89
0.122832 2256.17
0.129052 2068.41
0.135211 2042.22
0.141259 1924.07
0.147318 1769.8
0.153489 1767.01
0.159709 1602.42
0.165845 1633.06
0.171974 1521.54
0.178125 1427.32
0.184229 1400.16
0.19034 1288.68
0.196428 1284.82
0.202534 1235.74
0.208729 1216.64
0.214876 1141.89
0.220989 1122.73
0.227147 1055.58
0.23329 1040.66
0.239377 992.62
0.245482 956.505
0.251667 923.721
0.257832 890.992
0.263955 871.629
0.270079 853.62
0.27624 818.619
0.282372 799.087
0.28843 787.065
0.294538 742.339
0.300721 730.658
0.30691 694.157
0.313033 676.101
0.319153 648.842
0.325316 638.295
0.33145 626.581
0.337538 618.486
0.343633 598.184
0.349808 592.912
0.355968 555.829
0.362074 551.436
0.368217 536.779
0.374374 523.001
0.380519 505.639
0.386598 503.189
0.392688 482.118
0.39888 472.677
0.405048 455.439
0.411186 452.54
0.417313 438.588
0.423458 428.314
0.429607 404.576
0.435692 400.045
0.441815 396.539
0.447964 390.646
0.454126 366.672
0.460267 369.276
0.466387 350.542
0.47254 353.063
0.478662 336.856
0.484765 327.92
0.490885 324.716
0.497035 317.838
0.503198 314.663
0.509342 304.433
0.515458 299.405
0.521598 285.617
0.527764 289.585
0.533884 278.52
0.54 270.269
0.546137 261.248
0.552299 264.527
0.558452 252.269
0.564573 246.736
0.570708 238.427
0.576825 237.058
0.582926 229.551
0.589034 222.821
0.595184 217.077
0.601379 209.882
0.607522 213.403
0.613639 201.855
0.619772 195.974
0.625918 196.631
0.632068 188.636
0.638161 187.709
0.6443 182.859
0.650464 177.119
0.656582 170.38
0.662703 167.121
0.668861 162.921
0.675024 155.01
0.681124 161.511
0.687237 154.333
0.693381 146.905
0.699536 146.058
0.705665 142.558
0.711789 136.871
0.717957 133.455
0.72409 128.124
0.730186 126.994
0.736317 119.183
0.742472 121.414
0.748622 116.519
0.75476 115.505
0.760888 111.283
0.767043 110.744
0.773185 104.551
0.779291 100.245
0.785407 99.783
0.791564 98.8213
0.797719 96.7106
0.803834 89.2057
0.809972 87.288
0.816124 86.8144
0.822261 83.2301
0.828378 83.1737
0.834502 78.427
0.840667 77.9384
0.846816 72.9135
0.852925 71.0525
0.859047 68.3673
0.865192 64.2477
0.871341 62.5752
0.877463 61.0629
0.883569 62.4007
0.889708 58.9385
0.895864 57.0094
0.902008 56.8487
0.908149 50.2951
0.914301 48.6082
0.920448 47.3164
0.926574 44.6138
0.932687 44.8201
0.938823 41.0568
0.944975 40.3163
0.951105 38.1591
0.957225 35.6134
0.963368 35.9413
0.969511 32.8274
0.975621 30.9783
0.981748 30.1212
0.987916 26.905
0.99406 26.056
1.00019 24.6191
1.00632 20.9313
1.01246 21.9619
1.01859 22.075
1.02471 17.7952
1.03085 16.0013
1.03698 15.0874
1.04314 12.9305
1.04929 12.4593
1.05541 10.0139
1.06154 8.60473
1.06769 8.54266
1.07382 8.35542
1.07993 5.68317
1.08607 5.69001
1.09222 1.12223
1.09836 3.57314
1.10449 -1.63235
1.11063 -1.79478
1.11677 -3.46149
1.1229 -2.90468
1.12903 -2.16353
1.13518 -5.20248
1.14131 -4.30851
1.14745 -5.30617
1.15359 -8.3656
1.15973 -10.8929
1.16584 -10.1416
1.17197 -10.7984
1.17811 -10.5295
1.18424 -15.5909
1.19038 -14.3771
1.19652 -15.4519
1.20267 -13.9423
1.20881 -16.1851
1.21495 -16.2153
1.22108 -18.7413
1.2272 -19.4828
1.23334 -19.5943
1.23949 -21.4175
1.24562 -21.2236
1.25174 -20.1329
1.25789 -23.9344
1.26402 -24.3032
1.27014 -24.5625
1.27628 -25.6917
1.28244 -25.7261
1.28858 -27.5429
1.29471 -27.8523
1.30084 -28.5435
1.30697 -26.3517
1.31312 -30.0818
1.31925 -30.3663
1.32537 -30.9286
1.33151 -32.2343
1.33765 -30.3914
1.34378 -31.0194
1.34992 -33.7837
1.35606 -33.0343
1.3622 -33.4219
1.36833 -34.1595
1.37445 -32.9833
1.38059 -34.8841
1.38675 -33.4138
1.39288 -35.8327
1.39901 -36.4305
1.40515 -35.1609
1.4113 -36.9317
1.41742 -37.9383
1.42355 -37.3202
1.4297 -37.2135
1.43585 -39.089
1.44198 -39.5412
1.44809 -39.7214
1.45423 -40.84
1.46036 -40.7936
1.46649 -39.377
1.47263 -41.1941
1.47877 -41.9081
1.48491 -40.5057
1.49104 -42.6943
1.49718 -43.4554
1.50333 -42.2794
1.50947 -44.043
1.5156 -42.9297
1.52172 -43.7695
1.52787 -42.948
1.534 -43.9887
1.54013 -43.2409
1.54627 -44.2499
1.55241 -45.2225
1.55855 -45.4842
1.56467 -45.0283
1.5708 -45.4325
