0.00783031 5200.38
0.013688 3498.71
0.019231 3608.02
0.0249154 3332.55
0.0312784 3148.53
0.0375637 3150.76
0.0433917 2838.14
0.0492413 2832.14
0.0555754 2521.05
0.0619321 2497.88
0.067871 2305.13
0.0738098 2114.41
0.0800417 2133.94
0.0862327 1927.82
0.0921407 1870.99
0.0982031 1769.97
0.104506 1697.27
0.110769 1553.67
0.116806 1510.94
0.122832 1503.38
0.129052 1400.04
0.135211 1396.84
0.141259 1275.7
0.147318 1253.75
0.153489 1212.26
0.159709 1171.27
0.165845 1127.86
0.171974 1112.57
0.178125 1077.72
0.184229 1021.95
0.19034 992.146
0.196428 962.447
0.202534 977.173
0.208729 918.496
0.214876 891.904
0.220989 897.309
0.227147 867.723
0.23329 839.995
0.239377 805.816
0.245482 786.522
0.251667 761.086
0.257832 750.546
0.263955 742.736
0.270079 713.415
0.27624 710.724
0.282372 681.726
0.28843 681.998
0.294538 672.435
0.300721 656.802
0.30691 638.906
0.313033 613.558
0.319153 621.237
0.325316 608.331
0.33145 588.17
0.337538 587.871
0.343633 566.725
0.349808 569.811
0.355968 555.406
0.362074 546.047
0.368217 541.568
0.374374 524.94
0.380519 522.106
0.386598 508.515
0.392688 508.622
0.39888 496.861
0.405048 487.274
0.411186 479.288
0.417313 477.09
0.423458 467.714
0.429607 458.883
0.435692 455.661
0.441815 454.307
0.447964 441.398
0.454126 440.589
0.460267 433.214
0.466387 426.365
0.47254 420.157
0.478662 414.085
0.484765 413.019
0.490885 405.083
0.497035 398.576
0.503198 400.174
0.509342 389.523
0.515458 389.878
0.521598 384.041
0.527764 379.858
0.533884 374.88
0.54 372.528
0.546137 369.49
0.552299 363.417
0.558452 362.192
0.564573 356.56
0.570708 353.062
0.576825 347.671
0.582926 344.735
0.589034 342.368
0.595184 334.329
0.601379 333.988
0.607522 330.325
0.613639 326.63
0.619772 323.593
0.625918 321.198
0.632068 318.465
0.638161 314.987
0.6443 312.158
0.650464 309.852
0.656582 305.885
0.662703 305.369
0.668861 301.504
0.675024 298.825
0.681124 296.092
0.687237 293.906
0.693381 290.641
0.699536 288.14
0.705665 285.873
0.711789 283.431
0.717957 280.118
0.72409 278.455
0.730186 275.557
0.736317 275.308
0.742472 271.863
0.748622 269.546
0.75476 266.055
0.760888 264.501
0.767043 265.248
0.773185 260.83
0.779291 259.661
0.785407 257.935
0.791564 253.975
0.797719 252.36
0.803834 251.322
0.809972 250.27
0.816124 248.184
0.822261 246.117
0.828378 245.997
0.834502 242.677
0.840667 241.158
0.846816 239.334
0.852925 236.395
0.859047 234.909
0.865192 234.556
0.871341 231.988
0.877463 231.08
0.883569 228.373
0.889708 227.984
0.895864 224.925
0.902008 224.444
0.908149 223.424
0.914301 221.739
0.920448 219.388
0.926574 218.513
0.932687 216.5
0.938823 215.886
0.944975 213.336
0.951105 212.52
0.957225 210.789
0.963368 209.992
0.969511 207.999
0.975621 207.49
0.981748 206.491
0.987916 204.952
0.99406 203.514
1.00019 201.194
1.00632 200.247
1.01246 198.947
1.01859 198.1
1.02471 197.41
1.03085 196.186
1.03698 195.335
1.04314 193.471
1.04929 192.09
1.05541 190.503
1.06154 189.806
1.06769 188.758
1.07382 188.781
1.07993 186.355
1.08607 185.632
1.09222 184.531
1.09836 182.925
1.10449 181.786
1.11063 181.32
1.11677 180.205
1.1229 179.285
1.12903 177.738
1.13518 176.617
1.14131 176.057
1.14745 175.103
1.15359 173.966
1.15973 173.277
1.16584 172.122
1.17197 171.474
1.17811 170.544
1.18424 168.807
1.19038 167.76
1.19652 167.846
1.20267 166.132
1.20881 165.786
1.21495 164.465
1.22108 163.638
1.2272 162.827
1.23334 161.467
1.23949 161.712
1.24562 160.701
1.25174 159.532
1.25789 158.405
1.26402 157.437
1.27014 156.986
1.27628 155.784
1.28244 155.136
1.28858 154.514
1.29471 153.738
1.30084 152.945
1.30697 151.932
1.31312 151.621
1.31925 150.821
1.32537 149.864
1.33151 149.269
1.33765 148.567
1.34378 147.886
1.34992 147.477
1.35606 145.87
1.3622 145.391
1.36833 144.696
1.37445 144.049
1.38059 144.043
1.38675 142.413
1.39288 142.474
1.39901 141.095
1.40515 140.449
1.4113 139.945
1.41742 139.514
1.42355 138.853
1.4297 137.382
1.43585 137.327
1.44198 136.32
1.44809 135.858
1.45423 135.48
1.46036 134.842
1.46649 134.46
1.47263 133.538
1.47877 133.479
1.48491 132.396
1.49104 131.267
1.49718 131.613
1.50333 130.644
1.50947 129.708
1.5156 129.281
1.52172 128.439
1.52787 128.627
1.534 127.423
1.54013 127.243
1.54627 126.892
1.55241 126.042
1.55855 125.618
1.56467 124.575
1.5708 124.198
