0.00783031 7944.71
0.013688 5242.4
0.019231 5701.45
0.0249154 5262.42
0.0312784 4981.01
0.0375637 5188.61
0.0433917 4730.59
0.0492413 4563.06
0.0555754 4120.77
0.0619321 4127.92
0.067871 3639.99
0.0738098 3299.39
0.0800417 3413.79
0.0862327 3052.95
0.0921407 2993.87
0.0982031 2760.88
0.104506 2628.17
0.110769 2416.87
0.116806 2357.47
0.122832 2352.17
0.129052 2095.94
0.135211 2122.09
0.141259 1913.95
0.147318 1893.08
0.153489 1770.96
0.159709 1698.32
0.165845 1662.4
0.171974 1619.81
0.178125 1527.95
0.184229 1470.82
0.19034 1407.53
0.196428 1362.69
0.202534 1352.24
0.208729 1288.52
0.214876 1222.94
0.220989 1241.63
0.227147 1171.96
0.23329 1127.68
0.239377 1078.68
0.245482 1067.77
0.251667 990.391
0.257832 1004.12
0.263955 963.478
0.270079 911.184
0.27624 909.845
0.282372 863.524
0.28843 865.662
0.294538 837.2
0.300721 833.309
0.30691 777.539
0.313033 748.284
0.319153 748.812
0.325316 724.506
0.33145 712.125
0.337538 699.057
0.343633 678.383
0.349808 664.893
0.355968 651.713
0.362074 625.14
0.368217 632.594
0.374374 601.933
0.380519 601.254
0.386598 582.877
0.392688 569.905
0.39888 548.108
0.405048 536.618
0.411186 530.518
0.417313 525.242
0.423458 512.533
0.429607 498.37
0.435692 488.366
0.441815 479.405
0.447964 469.587
0.454126 465.313
0.460267 452.069
0.466387 443.569
0.47254 434
0.478662 425.602
0.484765 425.911
0.490885 417.386
0.497035 405.082
0.503198 393.932
0.509342 388.524
0.515458 379.253
0.521598 372.636
0.527764 365.668
0.533884 360.799
0.54 353.343
0.546137 349.607
0.552299 340.802
0.558452 341.632
0.564573 333.674
0.570708 325.613
0.576825 310.163
0.582926 311.108
0.589034 308.998
0.595184 296.469
0.601379 299.772
0.607522 287.334
0.613639 282.831
0.619772 283.008
0.625918 269.248
0.632068 267.373
0.638161 262.617
0.6443 258.301
0.650464 255.213
0.656582 250.902
0.662703 249.621
0.668861 242.621
0.675024 240.197
0.681124 236.475
0.687237 232.709
0.693381 227.813
0.699536 221.005
0.705665 214.884
0.711789 213.684
0.717957 211.766
0.72409 208.313
0.730186 202.359
0.736317 201.754
0.742472 195.738
0.748622 191.593
0.75476 187.83
0.760888 187.427
0.767043 184.215
0.773185 180.352
0.779291 174.212
0.785407 174.787
0.791564 172.767
0.797719 165.54
0.803834 168.261
0.809972 161.373
0.816124 160.556
0.822261 156.665
0.828378 153.24
0.834502 152.95
0.840667 146.494
0.846816 146.776
0.852925 142.021
0.859047 141.933
0.865192 136.321
0.871341 135.848
0.877463 133.066
0.883569 129.021
0.889708 125.377
0.895864 125.252
0.902008 127.792
0.908149 118.963
0.914301 117.743
0.920448 114.974
0.926574 112.068
0.932687 112.791
0.938823 108.917
0.944975 108.545
0.951105 104.732
0.957225 105.099
0.963368 100.735
0.969511 99.0503
0.975621 98.2189
0.981748 95.0786
0.987916 92.9427
0.99406 90.291
1.00019 89.4508
1.00632 88.612
1.01246 85.0164
1.01859 81.3298
1.02471 84.2729
1.03085 77.5533
1.03698 81.1948
1.04314 77.0645
1.04929 76.4875
1.05541 74.0266
1.06154 69.6515
1.06769 69.9506
1.07382 70.3153
1.07993 67.4582
1.08607 64.4963
1.09222 64.8613
1.09836 64.284
1.10449 62.0662
1.11063 60.9929
1.11677 57.951
1.1229 59.7136
1.12903 55.736
1.13518 55.5457
1.14131 54.1015
1.14745 52.2586
1.15359 52.4928
1.15973 50.4632
1.16584 48.3853
1.17197 48.2718
1.17811 45.7775
1.18424 45.3061
1.19038 43.5923
1.19652 43.0256
1.20267 41.908
1.20881 39.9628
1.21495 38.6429
1.22108 38.985
1.2272 37.7887
1.23334 35.9977
1.23949 33.9539
1.24562 36.0544
1.25174 34.2822
1.25789 31.0056
1.26402 31.5612
1.27014 31.2774
1.27628 29.1361
1.28244 27.3984
1.28858 26.0071
1.29471 24.3321
1.30084 25.0023
1.30697 23.4063
1.31312 22.4634
1.31925 23.0549
1.32537 19.7932
1.33151 19.9893
1.33765 19.437
1.34378 20.0754
1.34992 18.8114
1.35606 17.0775
1.3622 15.8399
1.36833 16.6614
1.37445 15.3455
1.38059 13.6491
1.38675 12.5957
1.39288 12.4284
1.39901 11.7513
1.40515 10.4872
1.4113 10.0028
1.41742 9.4216
1.42355 7.98515
1.4297 7.97767
1.43585 8.06361
1.44198 5.00024
1.44809 5.88678
1.45423 4.39733
1.46036 4.77735
1.46649 4.81229
1.47263 4.26818
1.47877 1.56931
1.48491 2.04756
1.49104 0.0138379
1.49718 0.629335
1.50333 0.912366
1.50947 -1.84346
1.5156 -1.30568
1.52172 -1.79737
1.52787 -1.93409
1.534 -2.09952
1.54013 -2.83093
1.54627 -4.04918
1.55241 -4.28198
1.55855 -5.07062
1.56467 -5.88954
1.5708 -6.2421
