0.00783031 -10.3126
0.013688 -15.9477
0.019231 -22.687
0.0249154 -26.1777
0.0312784 -31.1625
0.0375637 -37.1529
0.0433917 -38.2843
0.0492413 -44.8868
0.0555754 -48.2645
0.0619321 -55.4194
0.067871 -58.2834
0.0738098 -66.1819
0.0800417 -68.1272
0.0862327 -71.5739
0.0921407 -71.8418
0.0982031 -70.5758
0.104506 -73.2895
0.110769 -76.5804
0.116806 -82.0814
0.122832 -83.3209
0.129052 -89.3815
0.135211 -89.2602
0.141259 -89.6394
0.147318 -91.0479
0.153489 -93.4511
0.159709 -91.0206
0.165845 -94.5584
0.171974 -94.3928
0.178125 -96.1011
0.184229 -96.5394
0.19034 -95.7771
0.196428 -98.1147
0.202534 -100.353
0.208729 -100.685
0.214876 -102.892
0.220989 -103.849
0.227147 -104.529
0.23329 -105.238
0.239377 -106.082
0.245482 -104.811
0.251667 -107.546
0.257832 -108.72
0.263955 -108.033
0.270079 -109.901
0.27624 -108.724
0.282372 -112.029
0.28843 -111.575
0.294538 -111.518
0.300721 -110.972
0.30691 -111.412
0.313033 -113.522
0.319153 -116.016
0.325316 -114.897
0.33145 -117.051
0.337538 -116.054
0.343633 -114.667
0.349808 -115.975
0.355968 -116.838
0.362074 -118.559
0.368217 -117.321
0.374374 -117.667
0.380519 -116.882
0.386598 -119.854
0.392688 -120.671
0.39888 -119.321
0.405048 -120.11
0.411186 -119.848
0.417313 -120.342
0.423458 -120.688
0.429607 -122.346
0.435692 -121.843
0.441815 -120.586
0.447964 -120.08
0.454126 -120.714
0.460267 -123.922
0.466387 -122.786
0.47254 -120.105
0.478662 -122.564
0.484765 -125.481
0.490885 -122.307
0.497035 -121.209
0.503198 -124.231
0.509342 -124.53
0.515458 -124.195
0.521598 -124.074
0.527764 -124.148
0.533884 -125.441
0.54 -124.5
0.546137 -123.886
0.552299 -126.585
0.558452 -124.997
0.564573 -124.879
0.570708 -126.405
0.576825 -125.84
0.582926 -125.203
0.589034 -124.034
0.595184 -124.74
0.601379 -125.042
0.607522 -125.514
0.613639 -125.643
0.619772 -126.138
0.625918 -126.642
0.632068 -124.598
0.638161 -125.439
0.6443 -125.439
0.650464 -125.125
0.656582 -125.928
0.662703 -125.659
0.668861 -126.182
0.675024 -125.661
0.681124 -126.321
0.687237 -127.311
0.693381 -126.928
0.699536 -125.754
0.705665 -125.648
0.711789 -125.782
0.717957 -126.32
0.72409 -125.641
0.730186 -126.338
0.736317 -126.608
0.742472 -127.46
0.748622 -127.079
0.75476 -125.188
0.760888 -126.764
0.767043 -126.411
0.773185 -125.943
0.779291 -126.891
0.785407 -125.182
0.791564 -125.247
0.797719 -126.66
0.803834 -127.005
0.809972 -127.16
0.816124 -125.223
0.822261 -125.308
0.828378 -124.863
0.834502 -126.294
0.840667 -125.207
0.846816 -125.447
0.852925 -126.178
0.859047 -125.288
0.865192 -125.916
0.871341 -126.652
0.877463 -125.188
0.883569 -125.986
0.889708 -125.088
0.895864 -124.837
0.902008 -124.73
0.908149 -125.677
0.914301 -124.266
0.920448 -126.302
0.926574 -125.941
0.932687 -125.233
0.938823 -124.047
0.944975 -123.509
0.951105 -123.811
0.957225 -125.023
0.963368 -125.531
0.969511 -123.555
0.975621 -125.073
0.981748 -124.626
0.987916 -124.264
0.99406 -124.371
1.00019 -122.469
1.00632 -123.09
1.01246 -123.981
1.01859 -122.77
1.02471 -123.41
1.03085 -122.298
1.03698 -123.641
1.04314 -122.515
1.04929 -122.07
1.05541 -123.634
1.06154 -121.848
1.06769 -121.854
1.07382 -121.386
1.07993 -122.138
1.08607 -121.292
1.09222 -121.877
1.09836 -121.345
1.10449 -121.023
1.11063 -120.548
1.11677 -119.869
1.1229 -121.423
1.12903 -120.324
1.13518 -120.433
1.14131 -120.775
1.14745 -118.85
1.15359 -120.481
1.15973 -119.517
1.16584 -118.626
1.17197 -119.345
1.17811 -119.278
1.18424 -118.886
1.19038 -119.024
1.19652 -118.335
1.20267 -119.103
1.20881 -119.11
1.21495 -117.623
1.22108 -118.379
1.2272 -118.416
1.23334 -117.343
1.23949 -117.833
1.24562 -117.146
1.25174 -118.852
1.25789 -116.717
1.26402 -118.308
1.27014 -117.048
1.27628 -116.566
1.28244 -116.243
1.28858 -115.715
1.29471 -116.995
1.30084 -115.676
1.30697 -116.153
1.31312 -115.608
1.31925 -116.242
1.32537 -115.41
1.33151 -115.7
1.33765 -116.01
1.34378 -115.093
1.34992 -115.552
1.35606 -114.486
1.3622 -114.463
1.36833 -114.497
1.37445 -114.472
1.38059 -113.976
1.38675 -114.662
1.39288 -114.075
1.39901 -113.578
1.40515 -113.315
1.4113 -114.12
1.41742 -113.688
1.42355 -113.15
1.4297 -112.938
1.43585 -113.203
1.44198 -112.902
1.44809 -112.847
1.45423 -113.397
1.46036 -112.241
1.46649 -112.323
1.47263 -111.597
1.47877 -112.364
1.48491 -111.214
1.49104 -110.88
1.49718 -111.294
1.50333 -110.774
1.50947 -110.944
1.5156 -110.558
1.52172 -110.381
1.52787 -110.963
1.534 -110.125
1.54013 -109.596
1.54627 -109.602
1.55241 -109.564
1.55855 -109.627
1.56467 -109.075
1.5708 -109.022
