0.00783031 20301.9
0.013688 25362.6
0.019231 25782.2
0.0249154 23794.6
0.0312784 20279.1
0.0375637 17525.6
0.0433917 14828.7
0.0492413 13472.9
0.0555754 12134.2
0.0619321 11232.7
0.067871 10418.1
0.0738098 9971.14
0.0800417 8828.89
0.0862327 8019.13
0.0921407 7291.38
0.0982031 6536.1
0.104506 5982.07
0.110769 5659.69
0.116806 5445.89
0.122832 5086.78
0.129052 5040.69
0.135211 4658.24
0.141259 4335.9
0.147318 4149.7
0.153489 3970.97
0.159709 3671.05
0.165845 3575.91
0.171974 3349.49
0.178125 3248.7
0.184229 3067.08
0.19034 2957.67
0.196428 2846.63
0.202534 2790.67
0.208729 2683.08
0.214876 2620.65
0.220989 2547.95
0.227147 2487.68
0.23329 2394.67
0.239377 2333.55
0.245482 2236.32
0.251667 2220.14
0.257832 2137.33
0.263955 2096.29
0.270079 2056.29
0.27624 1963.13
0.282372 1952.68
0.28843 1909.94
0.294538 1850.38
0.300721 1821.09
0.30691 1750.89
0.313033 1740.68
0.319153 1733.8
0.325316 1664.34
0.33145 1684.24
0.337538 1642.25
0.343633 1575.32
0.349808 1551.63
0.355968 1528.11
0.362074 1508.3
0.368217 1469.75
0.374374 1451.69
0.380519 1423.6
0.386598 1419.82
0.392688 1401.95
0.39888 1376.26
0.405048 1354.2
0.411186 1323.84
0.417313 1327.49
0.423458 1289.4
0.429607 1279.44
0.435692 1254.81
0.441815 1233.05
0.447964 1219.77
0.454126 1211.5
0.460267 1204.07
0.466387 1179.99
0.47254 1150.35
0.478662 1146.64
0.484765 1147.55
0.490885 1127.05
0.497035 1096.14
0.503198 1104.97
0.509342 1091.64
0.515458 1071.08
0.521598 1063.65
0.527764 1041.28
0.533884 1042.9
0.54 1020.14
0.546137 1013.23
0.552299 1016.87
0.558452 999.412
0.564573 986.343
0.570708 974.766
0.576825 963.193
0.582926 952.059
0.589034 943.123
0.595184 935.937
0.601379 923.175
0.607522 912.922
0.613639 904.296
0.619772 900.735
0.625918 892.196
0.632068 877.257
0.638161 868.395
0.6443 864.758
0.650464 854.089
0.656582 847.941
0.662703 841.533
0.668861 833.742
0.675024 825.743
0.681124 817.541
0.687237 814.529
0.693381 804.707
0.699536 792.327
0.705665 785.221
0.711789 780.974
0.717957 771.528
0.72409 767.643
0.730186 758.803
0.736317 751.791
0.742472 750.524
0.748622 742.492
0.75476 730.436
0.760888 730.353
0.767043 720.235
0.773185 714.017
0.779291 707.4
0.785407 703.1
0.791564 693.979
0.797719 689.835
0.803834 691.84
0.809972 676.632
0.816124 671.739
0.822261 665.341
0.828378 663.246
0.834502 659.065
0.840667 651.663
0.846816 646.282
0.852925 640.698
0.859047 634.728
0.865192 632.241
0.871341 627.848
0.877463 616.635
0.883569 616.089
0.889708 609.56
0.895864 603.094
0.902008 596.943
0.908149 595.934
0.914301 587.382
0.920448 584.647
0.926574 580.755
0.932687 576.327
0.938823 570.325
0.944975 563.538
0.951105 563.12
0.957225 557.969
0.963368 552.185
0.969511 547.108
0.975621 543.526
0.981748 540.024
0.987916 535.003
0.99406 534.022
1.00019 525.303
1.00632 521.186
1.01246 518.69
1.01859 513.263
1.02471 508.469
1.03085 503.137
1.03698 499.703
1.04314 497.499
1.04929 492.792
1.05541 491.128
1.06154 485.302
1.06769 481.411
1.07382 476.054
1.07993 473.632
1.08607 469.19
1.09222 468.934
1.09836 464.463
1.10449 457.663
1.11063 454.293
1.11677 452.082
1.1229 450.001
1.12903 442.37
1.13518 438.359
1.14131 436.378
1.14745 432.028
1.15359 429.316
1.15973 426.087
1.16584 421.828
1.17197 418.459
1.17811 413.705
1.18424 411.337
1.19038 410.216
1.19652 404.088
1.20267 403.652
1.20881 398.227
1.21495 394.499
1.22108 394.106
1.2272 389.426
1.23334 385.272
1.23949 381.886
1.24562 379.087
1.25174 377.212
1.25789 374.087
1.26402 372.011
1.27014 367.965
1.27628 364.104
1.28244 362.022
1.28858 357.52
1.29471 357.417
1.30084 353.352
1.30697 351.113
1.31312 348.357
1.31925 344.865
1.32537 341.493
1.33151 338.929
1.33765 336.814
1.34378 334.89
1.34992 332.336
1.35606 328.408
1.3622 327.868
1.36833 322.871
1.37445 321.684
1.38059 319.58
1.38675 316.714
1.39288 313.531
1.39901 310.474
1.40515 307.94
1.4113 306.278
1.41742 304.151
1.42355 300.512
1.4297 298.043
1.43585 296.152
1.44198 293.776
1.44809 291.524
1.45423 288.55
1.46036 287.063
1.46649 283.824
1.47263 281.618
1.47877 279.474
1.48491 278.233
1.49104 275.231
1.49718 273.077
1.50333 271.252
1.50947 269.426
1.5156 265.657
1.52172 264.25
1.52787 262.974
1.534 260.578
1.54013 257.231
1.54627 255.912
1.55241 254.247
1.55855 251.67
1.56467 250.359
1.5708 247.562
