0.00783031 1659.21
0.013688 -213.769
0.019231 -230.365
0.0249154 699.005
0.0312784 1.60897
0.0375637 165.155
0.0433917 102.934
0.0492413 495.182
0.0555754 -96.5873
0.0619321 -2.10624
0.067871 -10.9606
0.0738098 38.7466
0.0800417 -37.3235
0.0862327 -138.514
0.0921407 -72.5622
0.0982031 -102.101
0.104506 -149.204
0.110769 -91.1263
0.116806 -58.007
0.122832 -159.593
0.129052 -124.958
0.135211 -159.368
0.141259 -184.869
0.147318 -181.815
0.153489 -155.012
0.159709 -185.689
0.165845 -138.289
0.171974 -160.278
0.178125 -152.905
0.184229 -167.45
0.19034 -143.625
0.196428 -154.539
0.202534 -151.941
0.208729 -157.309
0.214876 -164.113
0.220989 -164.892
0.227147 -175.994
0.23329 -166.164
0.239377 -153.299
0.245482 -168.899
0.251667 -152.28
0.257832 -143.344
0.263955 -145.067
0.270079 -160.588
0.27624 -146.253
0.282372 -157.065
0.28843 -154.652
0.294538 -158.82
0.300721 -157.245
0.30691 -150.512
0.313033 -155.247
0.319153 -149.517
0.325316 -155.293
0.33145 -143.237
0.337538 -143.477
0.343633 -157.609
0.349808 -145.736
0.355968 -139.693
0.362074 -147.302
0.368217 -149.005
0.374374 -146.128
0.380519 -139.964
0.386598 -138.032
0.392688 -150.754
0.39888 -140.722
0.405048 -139.491
0.411186 -145.249
0.417313 -139.402
0.423458 -141.093
0.429607 -135.829
0.435692 -139.652
0.441815 -133.893
0.447964 -141.098
0.454126 -133.681
0.460267 -132.531
0.466387 -132.88
0.47254 -132.331
0.478662 -136.065
0.484765 -131.28
0.490885 -125.169
0.497035 -130.919
0.503198 -127.86
0.509342 -128.01
0.515458 -122.861
0.521598 -123.759
0.527764 -121.296
0.533884 -120.674
0.54 -122.697
0.546137 -123.436
0.552299 -118.12
0.558452 -115.798
0.564573 -116.216
0.570708 -119.865
0.576825 -121.685
0.582926 -114.514
0.589034 -119.005
0.595184 -112.481
0.601379 -110.646
0.607522 -112.306
0.613639 -110.767
0.619772 -109.027
0.625918 -109.076
0.632068 -106.064
0.638161 -109.951
0.6443 -102.986
0.650464 -103.791
0.656582 -105.151
0.662703 -106.334
0.668861 -101.547
0.675024 -102.435
0.681124 -99.4651
0.687237 -99.2928
0.693381 -97.4336
0.699536 -101.004
0.705665 -99.1827
0.711789 -99.6042
0.717957 -97.9585
0.72409 -95.0922
0.730186 -95.4713
0.736317 -97.9072
0.742472 -94.8926
0.748622 -93.6959
0.75476 -93.9899
0.760888 -91.0946
0.767043 -92.3219
0.773185 -90.0782
0.779291 -92.3169
0.785407 -89.3781
0.791564 -89.9009
0.797719 -89.7479
0.803834 -88.1379
0.809972 -86.8817
0.816124 -86.8895
0.822261 -86.818
0.828378 -85.225
0.834502 -86.4727
0.840667 -83.5061
0.846816 -84.632
0.852925 -84.1384
0.859047 -85.0187
0.865192 -84.2723
0.871341 -82.354
0.877463 -80.9512
0.883569 -83.5416
0.889708 -82.6419
0.895864 -81.1099
0.902008 -79.8261
0.908149 -78.0556
0.914301 -80.4842
0.920448 -78.3796
0.926574 -79.6176
0.932687 -77.9821
0.938823 -78.8377
0.944975 -77.5416
0.951105 -78.3928
0.957225 -75.9074
0.963368 -77.2526
0.969511 -75.7622
0.975621 -76.3334
0.981748 -75.7459
0.987916 -74.0358
0.99406 -75.7066
1.00019 -74.7059
1.00632 -74.0884
1.01246 -75.4034
1.01859 -75.4093
1.02471 -72.5186
1.03085 -72.3233
1.03698 -74.3548
1.04314 -74.0376
1.04929 -71.7227
1.05541 -72.2332
1.06154 -70.2905
1.06769 -73.3352
1.07382 -72.8674
1.07993 -72.1493
1.08607 -72.7257
1.09222 -71.5667
1.09836 -71.4453
1.10449 -70.4443
1.11063 -70.6161
1.11677 -68.7988
1.1229 -70.4078
1.12903 -70.1104
1.13518 -69.1472
1.14131 -69.1825
1.14745 -69.1082
1.15359 -69.0953
1.15973 -68.2808
1.16584 -68.9855
1.17197 -67.0834
1.17811 -68.6591
1.18424 -66.3671
1.19038 -67.6174
1.19652 -67.0938
1.20267 -67.0038
1.20881 -67.2451
1.21495 -66.89
1.22108 -65.8924
1.2272 -65.8637
1.23334 -64.9304
1.23949 -65.2424
1.24562 -65.4055
1.25174 -65.7874
1.25789 -64.97
1.26402 -65.0271
1.27014 -64.4214
1.27628 -64.1332
1.28244 -63.8071
1.28858 -62.5459
1.29471 -62.9831
1.30084 -63.4745
1.30697 -61.1465
1.31312 -61.9595
1.31925 -62.2946
1.32537 -62.8286
1.33151 -60.9895
1.33765 -62.2523
1.34378 -61.1255
1.34992 -60.5207
1.35606 -59.7394
1.3622 -59.9059
1.36833 -59.5038
1.37445 -59.9984
1.38059 -60.0183
1.38675 -58.62
1.39288 -58.8191
1.39901 -58.8619
1.40515 -58.4367
1.4113 -59.2664
1.41742 -57.8062
1.42355 -57.0063
1.4297 -57.4517
1.43585 -57.5348
1.44198 -56.9643
1.44809 -56.9087
1.45423 -55.6357
1.46036 -55.4598
1.46649 -55.8432
1.47263 -55.7506
1.47877 -55.5263
1.48491 -54.2527
1.49104 -54.8891
1.49718 -54.8946
1.50333 -54.1191
1.50947 -53.3391
1.5156 -53.4113
1.52172 -53.8838
1.52787 -52.3044
1.534 -52.8763
1.54013 -52.4093
1.54627 -52.2018
1.55241 -52.606
1.55855 -51.7723
1.56467 -51.5007
1.5708 -51.3765
