0.00783031 21061.3
0.013688 26183
0.019231 26498.2
0.0249154 24392.2
0.0312784 21918.2
0.0375637 18100.2
0.0433917 15813.5
0.0492413 13869.4
0.0555754 12881.9
0.0619321 12370.9
0.067871 11647.1
0.0738098 10389.6
0.0800417 9646.5
0.0862327 8781.11
0.0921407 8202.44
0.0982031 7422.36
0.104506 6783.71
0.110769 6565.37
0.116806 6248.59
0.122832 6214.4
0.129052 5732.66
0.135211 5430.08
0.141259 5212.03
0.147318 5024.38
0.153489 4835.27
0.159709 4522.36
0.165845 4343.24
0.171974 4261.92
0.178125 4104.33
0.184229 3949.12
0.19034 3786.01
0.196428 3669.88
0.202534 3712.63
0.208729 3550.61
0.214876 3455.89
0.220989 3361.32
0.227147 3311.05
0.23329 3231.6
0.239377 3146.44
0.245482 3085.66
0.251667 2939.83
0.257832 2945.06
0.263955 2898.13
0.270079 2876.15
0.27624 2755.27
0.282372 2720.32
0.28843 2658.42
0.294538 2616.95
0.300721 2580.72
0.30691 2568.31
0.313033 2515.56
0.319153 2458.59
0.325316 2441.34
0.33145 2397.98
0.337538 2351.9
0.343633 2356.14
0.349808 2277.6
0.355968 2279.76
0.362074 2245.55
0.368217 2220.05
0.374374 2170.03
0.380519 2142.25
0.386598 2136.14
0.392688 2122.27
0.39888 2096.91
0.405048 2068.34
0.411186 2043.12
0.417313 2030.89
0.423458 2006
0.429607 1981.34
0.435692 1952.03
0.441815 1932.89
0.447964 1898.27
0.454126 1883
0.460267 1876.26
0.466387 1848.38
0.47254 1857.24
0.478662 1842.32
0.484765 1828.96
0.490885 1797.68
0.497035 1761.03
0.503198 1764.03
0.509342 1741.34
0.515458 1732.61
0.521598 1716.25
0.527764 1700.2
0.533884 1703.38
0.54 1670.82
0.546137 1660.03
0.552299 1654.35
0.558452 1652.38
0.564573 1639.42
0.570708 1616.13
0.576825 1592.66
0.582926 1592.98
0.589034 1570.94
0.595184 1555.75
0.601379 1538.03
0.607522 1544.95
0.613639 1525.93
0.619772 1527.79
0.625918 1505.77
0.632068 1494.21
0.638161 1479.4
0.6443 1479.63
0.650464 1464.03
0.656582 1444.35
0.662703 1441.8
0.668861 1433.71
0.675024 1424.96
0.681124 1421.81
0.687237 1402.28
0.693381 1392.03
0.699536 1381.55
0.705665 1380.02
0.711789 1364.6
0.717957 1359.73
0.72409 1345.66
0.730186 1339.5
0.736317 1322.33
0.742472 1312.08
0.748622 1305.08
0.75476 1301.32
0.760888 1289.12
0.767043 1282.17
0.773185 1272.32
0.779291 1267.87
0.785407 1262.02
0.791564 1252.67
0.797719 1237.5
0.803834 1235.12
0.809972 1222.1
0.816124 1218.35
0.822261 1202.56
0.828378 1203.52
0.834502 1199.87
0.840667 1181.6
0.846816 1179.93
0.852925 1172.42
0.859047 1169.4
0.865192 1157.92
0.871341 1153.57
0.877463 1143.21
0.883569 1137.26
0.889708 1131.93
0.895864 1115.53
0.902008 1112.75
0.908149 1101.96
0.914301 1098.51
0.920448 1093.01
0.926574 1088
0.932687 1081.71
0.938823 1074.31
0.944975 1064.21
0.951105 1060.2
0.957225 1055.44
0.963368 1047.96
0.969511 1037.92
0.975621 1029.55
0.981748 1025.46
0.987916 1018.82
0.99406 1015.31
1.00019 1005.18
1.00632 1002.9
1.01246 995.004
1.01859 989.276
1.02471 982.293
1.03085 981.856
1.03698 971.035
1.04314 965.724
1.04929 961.194
1.05541 955.643
1.06154 948.196
1.06769 942.254
1.07382 932.895
1.07993 931.837
1.08607 923.139
1.09222 919.797
1.09836 913.209
1.10449 907.498
1.11063 901.356
1.11677 894.926
1.1229 892.255
1.12903 888.886
1.13518 879.24
1.14131 878.266
1.14745 870.118
1.15359 865.183
1.15973 860.395
1.16584 855.962
1.17197 851.04
1.17811 846.021
1.18424 839.349
1.19038 836.368
1.19652 829.591
1.20267 825.664
1.20881 820.411
1.21495 814.832
1.22108 809.523
1.2272 806.297
1.23334 797.893
1.23949 794.47
1.24562 793.238
1.25174 787.802
1.25789 781.763
1.26402 777.531
1.27014 775.141
1.27628 769.002
1.28244 761.821
1.28858 757.814
1.29471 754.454
1.30084 748.831
1.30697 747.647
1.31312 743.065
1.31925 736.382
1.32537 731.342
1.33151 726.56
1.33765 723.101
1.34378 720.882
1.34992 714.684
1.35606 710.128
1.3622 706.146
1.36833 699.922
1.37445 696.956
1.38059 694.56
1.38675 691.921
1.39288 688.881
1.39901 680.821
1.40515 678.002
1.4113 674.971
1.41742 671.736
1.42355 668.687
1.4297 663.136
1.43585 659.226
1.44198 653.997
1.44809 652.95
1.45423 645.634
1.46036 645.261
1.46649 638.155
1.47263 637.52
1.47877 633.801
1.48491 630.686
1.49104 624.882
1.49718 619.446
1.50333 617.798
1.50947 615.046
1.5156 609.502
1.52172 607.302
1.52787 602.479
1.534 600.313
1.54013 597.384
1.54627 592.172
1.55241 589.267
1.55855 586.323
1.56467 584.209
1.5708 581.445
