0.00783031 2418.19
0.013688 4030.57
0.019231 3641.6
0.0249154 3674.14
0.0312784 3444.08
0.0375637 3029.23
0.0433917 2977.43
0.0492413 2551.52
0.0555754 2480.98
0.0619321 2374.75
0.067871 2117.66
0.0738098 2102.56
0.0800417 1927.59
0.0862327 1892.96
0.0921407 1855.04
0.0982031 1705.83
0.104506 1543.08
0.110769 1562.17
0.116806 1522.65
0.122832 1413.07
0.129052 1369.5
0.135211 1300.5
0.141259 1268.15
0.147318 1189.67
0.153489 1195.62
0.159709 1145.5
0.165845 1074.05
0.171974 1059.8
0.178125 1027.52
0.184229 968.515
0.19034 955.582
0.196428 941.986
0.202534 903.037
0.208729 887.114
0.214876 865.085
0.220989 837.572
0.227147 812.954
0.23329 793.684
0.239377 781.961
0.245482 746.05
0.251667 740.936
0.257832 720.293
0.263955 687.466
0.270079 687.711
0.27624 663.161
0.282372 658.189
0.28843 632.762
0.294538 630.605
0.300721 609.019
0.30691 599.224
0.313033 587.756
0.319153 573.925
0.325316 571.109
0.33145 549.403
0.337538 541.988
0.343633 534.742
0.349808 525.655
0.355968 521.963
0.362074 515.87
0.368217 497.57
0.374374 488.978
0.380519 480.322
0.386598 477.5
0.392688 466.966
0.39888 460.734
0.405048 458.749
0.411186 443.68
0.417313 441.748
0.423458 434.619
0.429607 429.171
0.435692 417.732
0.441815 412.99
0.447964 406.857
0.454126 402.75
0.460267 400.177
0.466387 389.445
0.47254 386.3
0.478662 381.116
0.484765 375.793
0.490885 370.259
0.497035 363.518
0.503198 364.938
0.509342 357.555
0.515458 351.27
0.521598 349.054
0.527764 344.476
0.533884 342.427
0.54 336.994
0.546137 334.228
0.552299 328.051
0.558452 324
0.564573 324.899
0.570708 317.697
0.576825 316.497
0.582926 311.066
0.589034 310.589
0.595184 304.512
0.601379 303.509
0.607522 299.564
0.613639 295.604
0.619772 295.917
0.625918 289.127
0.632068 288.33
0.638161 285.256
0.6443 281.116
0.650464 279.354
0.656582 276.69
0.662703 272.794
0.668861 272.182
0.675024 268.557
0.681124 266.36
0.687237 266.115
0.693381 261.793
0.699536 261.486
0.705665 257.157
0.711789 256.173
0.717957 252.982
0.72409 250.777
0.730186 248.683
0.736317 246.863
0.742472 243.639
0.748622 244.444
0.75476 241.187
0.760888 239.291
0.767043 237.353
0.773185 235.553
0.779291 233.553
0.785407 232.747
0.791564 230.086
0.797719 227.624
0.803834 226.505
0.809972 224.868
0.816124 223.466
0.822261 222.52
0.828378 220.321
0.834502 219.869
0.840667 218.096
0.846816 217.086
0.852925 214.832
0.859047 214.474
0.865192 212.003
0.871341 210.308
0.877463 208.384
0.883569 207.587
0.889708 206.372
0.895864 206.116
0.902008 202.946
0.908149 203.208
0.914301 202.233
0.920448 201.732
0.926574 200.113
0.932687 198.131
0.938823 197.041
0.944975 195.706
0.951105 194.529
0.957225 194.007
0.963368 193.188
0.969511 191.644
0.975621 190.259
0.981748 189.058
0.987916 188.876
0.99406 187.214
1.00019 186.107
1.00632 185.56
1.01246 184.362
1.01859 183.22
1.02471 183.04
1.03085 181.847
1.03698 180.228
1.04314 180.337
1.04929 179.664
1.05541 177.724
1.06154 177.615
1.06769 176.227
1.07382 174.469
1.07993 174.564
1.08607 174.471
1.09222 173.059
1.09836 171.87
1.10449 171.213
1.11063 170.908
1.11677 169.289
1.1229 169.875
1.12903 168.852
1.13518 168.064
1.14131 167.296
1.14745 165.866
1.15359 165.946
1.15973 165.641
1.16584 165.035
1.17197 163.532
1.17811 162.881
1.18424 162.145
1.19038 161.867
1.19652 161.424
1.20267 159.956
1.20881 160.229
1.21495 159.514
1.22108 158.182
1.2272 158.258
1.23334 157.87
1.23949 156.705
1.24562 156.364
1.25174 155.024
1.25789 155.505
1.26402 154.371
1.27014 153.917
1.27628 153.663
1.28244 152.877
1.28858 152.4
1.29471 151.682
1.30084 151.777
1.30697 150.829
1.31312 150.242
1.31925 149.651
1.32537 149.274
1.33151 148.311
1.33765 147.958
1.34378 147.725
1.34992 147.036
1.35606 146.469
1.3622 146.22
1.36833 145.591
1.37445 145.393
1.38059 144.663
1.38675 144.324
1.39288 143.888
1.39901 143.217
1.40515 142.726
1.4113 142.457
1.41742 142.304
1.42355 142.325
1.4297 141.061
1.43585 140.262
1.44198 140.565
1.44809 140.244
1.45423 139.421
1.46036 138.984
1.46649 138.926
1.47263 138.462
1.47877 137.935
1.48491 137.713
1.49104 137.004
1.49718 136.677
1.50333 136.663
1.50947 136.237
1.5156 135.514
1.52172 135.124
1.52787 134.93
1.534 134.559
1.54013 134.134
1.54627 133.473
1.55241 133.632
1.55855 133.108
1.56467 132.772
1.5708 132.806
