0.00783031 5018.97
0.013688 4430.57
0.019231 4690.87
0.0249154 4742.75
0.0312784 4166.29
0.0375637 4366
0.0433917 4569.24
0.0492413 4670.1
0.0555754 4099.61
0.0619321 3728.87
0.067871 3623.08
0.0738098 3422.7
0.0800417 3192.28
0.0862327 2806.28
0.0921407 2728.96
0.0982031 2632.3
0.104506 2489.63
0.110769 2347.96
0.116806 2034.91
0.122832 2091.25
0.129052 2040.52
0.135211 1874.96
0.141259 1814.89
0.147318 1693.97
0.153489 1621.07
0.159709 1514.35
0.165845 1492.85
0.171974 1379.18
0.178125 1371.83
0.184229 1293.81
0.19034 1205.98
0.196428 1159.42
0.202534 1110.03
0.208729 1087.78
0.214876 1045.95
0.220989 1008.28
0.227147 966.555
0.23329 929.008
0.239377 857.946
0.245482 865.703
0.251667 815.872
0.257832 789.437
0.263955 769.501
0.270079 740.14
0.27624 708.245
0.282372 683.732
0.28843 656.689
0.294538 632.406
0.300721 608.832
0.30691 600.159
0.313033 577.757
0.319153 557.981
0.325316 531.151
0.33145 531.699
0.337538 496.59
0.343633 480.031
0.349808 459.592
0.355968 447.186
0.362074 421.103
0.368217 425.755
0.374374 404.256
0.380519 394.244
0.386598 381.336
0.392688 367.067
0.39888 349.358
0.405048 336.803
0.411186 336.561
0.417313 318.473
0.423458 307.859
0.429607 295.877
0.435692 288.752
0.441815 283.886
0.447964 272.358
0.454126 259.184
0.460267 250.53
0.466387 246.219
0.47254 238.352
0.478662 228.382
0.484765 215.641
0.490885 215.581
0.497035 210.972
0.503198 203.322
0.509342 193.817
0.515458 189.849
0.521598 184.848
0.527764 180.531
0.533884 172.996
0.54 166.418
0.546137 161.884
0.552299 155.924
0.558452 155.922
0.564573 150.903
0.570708 140.694
0.576825 137.291
0.582926 137.065
0.589034 129.055
0.595184 129.922
0.601379 122.979
0.607522 117.78
0.613639 120.603
0.619772 115.274
0.625918 109.027
0.632068 105.945
0.638161 100.615
0.6443 100.791
0.650464 98.217
0.656582 96.4984
0.662703 90.897
0.668861 91.4677
0.675024 85.6666
0.681124 85.2559
0.687237 86.4786
0.693381 88.8253
0.699536 80.1949
0.705665 78.3175
0.711789 76.2612
0.717957 74.2752
0.72409 79.5675
0.730186 72.1919
0.736317 68.7868
0.742472 66.6427
0.748622 67.7707
0.75476 67.6707
0.760888 63.3984
0.767043 58.1376
0.773185 61.3926
0.779291 65.8032
0.785407 64.195
0.791564 57.3991
0.797719 59.1152
0.803834 60.79
0.809972 59.7916
0.816124 53.9805
0.822261 57.0662
0.828378 55.5812
0.834502 57.0073
0.840667 53.7209
0.846816 57.112
0.852925 49.3067
0.859047 52.7025
0.865192 54.1061
0.871341 52.3191
0.877463 50.8388
0.883569 49.477
0.889708 51.4167
0.895864 47.7434
0.902008 45.7526
0.908149 48.1972
0.914301 47.4691
0.920448 48.651
0.926574 45.5195
0.932687 45.3155
0.938823 48.6889
0.944975 44.6275
0.951105 47.1082
0.957225 43.5513
0.963368 45.6442
0.969511 44.1462
0.975621 42.7217
0.981748 39.6653
0.987916 42.1398
0.99406 42.1298
1.00019 41.3152
1.00632 40.3199
1.01246 37.1747
1.01859 38.0546
1.02471 39.5399
1.03085 39.9542
1.03698 35.6102
1.04314 38.779
1.04929 38.1528
1.05541 38.7025
1.06154 35.3752
1.06769 33.9355
1.07382 34.7996
1.07993 34.8385
1.08607 33.4266
1.09222 32.1848
1.09836 31.3963
1.10449 32.761
1.11063 33.627
1.11677 30.3042
1.1229 31.1038
1.12903 32.157
1.13518 30.3081
1.14131 31.1957
1.14745 32.0159
1.15359 31.5317
1.15973 28.4184
1.16584 30.3229
1.17197 28.8206
1.17811 28.0114
1.18424 25.6058
1.19038 26.1634
1.19652 25.785
1.20267 26.5424
1.20881 24.544
1.21495 24.9598
1.22108 24.6334
1.2272 22.6765
1.23334 21.5169
1.23949 25.7499
1.24562 24.0594
1.25174 24.2981
1.25789 21.5606
1.26402 23.081
1.27014 23.1328
1.27628 21.7182
1.28244 20.5538
1.28858 20.8719
1.29471 20.3378
1.30084 21.389
1.30697 18.9489
1.31312 18.6753
1.31925 16.5993
1.32537 16.1755
1.33151 17.2334
1.33765 16.4208
1.34378 16.3566
1.34992 15.4385
1.35606 15.8721
1.3622 13.8657
1.36833 15.6497
1.37445 12.5759
1.38059 13.4935
1.38675 13.0768
1.39288 12.7115
1.39901 12.0161
1.40515 11.1787
1.4113 13.1622
1.41742 10.689
1.42355 10.8735
1.4297 10.828
1.43585 11.4373
1.44198 9.73461
1.44809 10.2197
1.45423 6.96668
1.46036 6.98309
1.46649 7.86121
1.47263 7.38629
1.47877 7.46962
1.48491 7.44262
1.49104 6.17281
1.49718 5.40076
1.50333 5.55202
1.50947 5.93684
1.5156 6.04942
1.52172 3.9991
1.52787 5.18684
1.534 4.34018
1.54013 3.40434
1.54627 1.88293
1.55241 3.70962
1.55855 1.93516
1.56467 1.83178
1.5708 2.52922
