0.00783031 7738.71
0.013688 7093.24
0.019231 7472.58
0.0249154 7903.21
0.0312784 7420.72
0.0375637 7877.13
0.0433917 8495.74
0.0492413 9084.83
0.0555754 8472.46
0.0619321 8075.71
0.067871 8065.92
0.0738098 7887.35
0.0800417 7788.2
0.0862327 7342.55
0.0921407 7273.69
0.0982031 7293.86
0.104506 7205.07
0.110769 7111.53
0.116806 6514.77
0.122832 6652
0.129052 6669.34
0.135211 6408.75
0.141259 6387.12
0.147318 6185.92
0.153489 6085.22
0.159709 5970.02
0.165845 5900.99
0.171974 5679.71
0.178125 5759.97
0.184229 5646.32
0.19034 5586.84
0.196428 5391.17
0.202534 5434.9
0.208729 5375.12
0.214876 5289.24
0.220989 5259.46
0.227147 5179.47
0.23329 5118.7
0.239377 4980
0.245482 5058.81
0.251667 4945.31
0.257832 4842.12
0.263955 4861.87
0.270079 4865.92
0.27624 4732.54
0.282372 4705.13
0.28843 4669.23
0.294538 4549.45
0.300721 4548.76
0.30691 4535.46
0.313033 4512.65
0.319153 4503.58
0.325316 4477.13
0.33145 4465.53
0.337538 4370.6
0.343633 4357.63
0.349808 4325.84
0.355968 4356.19
0.362074 4273.09
0.368217 4242.93
0.374374 4247.94
0.380519 4192.94
0.386598 4202.99
0.392688 4155.62
0.39888 4122.97
0.405048 4105.81
0.411186 4134.07
0.417313 4075.18
0.423458 4079.99
0.429607 4061.34
0.435692 4057.41
0.441815 4056.42
0.447964 3990.29
0.454126 3997.55
0.460267 4012.63
0.466387 3974.33
0.47254 3990.78
0.478662 3969.53
0.484765 3929.12
0.490885 3928.66
0.497035 3930.33
0.503198 3911.97
0.509342 3890.51
0.515458 3918.16
0.521598 3884
0.527764 3899.5
0.533884 3914.89
0.54 3859.99
0.546137 3878.87
0.552299 3888.42
0.558452 3864.79
0.564573 3859.73
0.570708 3871.97
0.576825 3877.36
0.582926 3840.94
0.589034 3845.38
0.595184 3865.79
0.601379 3812.12
0.607522 3842.38
0.613639 3833.06
0.619772 3819.24
0.625918 3818.06
0.632068 3831.8
0.638161 3784.62
0.6443 3818.05
0.650464 3815.31
0.656582 3830.06
0.662703 3775.81
0.668861 3807.06
0.675024 3789.58
0.681124 3808.18
0.687237 3790.79
0.693381 3777.08
0.699536 3808.71
0.705665 3788.15
0.711789 3789.27
0.717957 3785.88
0.72409 3772.05
0.730186 3784.68
0.736317 3783.08
0.742472 3747.98
0.748622 3769.74
0.75476 3744.05
0.760888 3727.72
0.767043 3758.54
0.773185 3758.09
0.779291 3751.94
0.785407 3728.73
0.791564 3727.93
0.797719 3732.78
0.803834 3721.5
0.809972 3708.3
0.816124 3743.09
0.822261 3714.51
0.828378 3725.05
0.834502 3706.83
0.840667 3694.24
0.846816 3679.72
0.852925 3701.53
0.859047 3699.63
0.865192 3680.66
0.871341 3694.58
0.877463 3691.65
0.883569 3683.8
0.889708 3666.8
0.895864 3673.13
0.902008 3667.54
0.908149 3664.05
0.914301 3653.54
0.920448 3658.91
0.926574 3646.06
0.932687 3633.65
0.938823 3636.26
0.944975 3627.36
0.951105 3625.68
0.957225 3618.67
0.963368 3614.24
0.969511 3601.91
0.975621 3625.9
0.981748 3604.21
0.987916 3590.63
0.99406 3586.93
1.00019 3582.17
1.00632 3582.57
1.01246 3571.76
1.01859 3575.62
1.02471 3565.49
1.03085 3548.88
1.03698 3555.46
1.04314 3541.34
1.04929 3525.03
1.05541 3517.17
1.06154 3520.55
1.06769 3516.95
1.07382 3521.89
1.07993 3504.71
1.08607 3504
1.09222 3496.21
1.09836 3499.36
1.10449 3499.84
1.11063 3465.04
1.11677 3486.34
1.1229 3486.59
1.12903 3476.29
1.13518 3462.88
1.14131 3448.35
1.14745 3464.13
1.15359 3435.88
1.15973 3442.52
1.16584 3430.51
1.17197 3427.01
1.17811 3418.75
1.18424 3417.7
1.19038 3421.99
1.19652 3415.14
1.20267 3408.12
1.20881 3395.5
1.21495 3398.11
1.22108 3380.1
1.2272 3378.91
1.23334 3369.68
1.23949 3366.39
1.24562 3373.3
1.25174 3361.64
1.25789 3346.85
1.26402 3351.48
1.27014 3356.02
1.27628 3337.28
1.28244 3337.58
1.28858 3329.64
1.29471 3314.82
1.30084 3321.82
1.30697 3316.85
1.31312 3291.7
1.31925 3296.77
1.32537 3294.43
1.33151 3290.47
1.33765 3280.86
1.34378 3287.51
1.34992 3280.71
1.35606 3261.39
1.3622 3270.49
1.36833 3264.45
1.37445 3256.21
1.38059 3249.3
1.38675 3243.35
1.39288 3250.44
1.39901 3234.38
1.40515 3234.47
1.4113 3221.24
1.41742 3213.67
1.42355 3207.14
1.4297 3206.8
1.43585 3204.9
1.44198 3201.69
1.44809 3192.77
1.45423 3185.55
1.46036 3177.31
1.46649 3167.64
1.47263 3178.06
1.47877 3164.23
1.48491 3158.55
1.49104 3158.88
1.49718 3152.78
1.50333 3154.45
1.50947 3134.52
1.5156 3138.64
1.52172 3129.42
1.52787 3141.25
1.534 3124.17
1.54013 3121.67
1.54627 3113.51
1.55241 3100.22
1.55855 3106.24
1.56467 3102.63
1.5708 3093.88
