0.00783031 6.4019
0.013688 -5.18313
0.019231 -13.8054
0.0249154 2.86284
0.0312784 2.75513
0.0375637 2.2637
0.0433917 -2.7033
0.0492413 1.45585
0.0555754 5.8327
0.0619321 4.83311
0.067871 4.71164
0.0738098 6.57605
0.0800417 7.31815
0.0862327 7.60375
0.0921407 7.61241
0.0982031 9.59078
0.104506 10.6511
0.110769 10.5903
0.116806 11.6179
0.122832 13.2383
0.129052 14.0305
0.135211 15.9698
0.141259 17.3995
0.147318 16.7687
0.153489 17.6442
0.159709 19.478
0.165845 20.4117
0.171974 20.9025
0.178125 22.7357
0.184229 22.6591
0.19034 24.3255
0.196428 25.449
0.202534 24.5223
0.208729 26.3495
0.214876 26.6671
0.220989 27.7943
0.227147 27.2677
0.23329 30.1992
0.239377 28.9503
0.245482 30.3962
0.251667 30.8877
0.257832 31.4585
0.263955 31.2352
0.270079 32.5546
0.27624 33.0559
0.282372 32.1133
0.28843 33.8929
0.294538 33.3662
0.300721 32.7907
0.30691 34.1647
0.313033 34.7918
0.319153 34.925
0.325316 35.1044
0.33145 35.2554
0.337538 35.4288
0.343633 35.0603
0.349808 35.9087
0.355968 35.4207
0.362074 35.5701
0.368217 36.2911
0.374374 36.256
0.380519 36.3247
0.386598 35.3582
0.392688 35.5598
0.39888 35.1992
0.405048 35.6192
0.411186 36.2642
0.417313 35.3281
0.423458 35.4042
0.429607 35.7047
0.435692 34.7812
0.441815 33.8401
0.447964 33.9865
0.454126 33.9397
0.460267 34.0745
0.466387 33.5956
0.47254 32.8629
0.478662 32.4728
0.484765 32.3606
0.490885 31.7875
0.497035 32.48
0.503198 31.6499
0.509342 31.2276
0.515458 31.3878
0.521598 30.4714
0.527764 29.918
0.533884 29.4281
0.54 29.287
0.546137 28.7145
0.552299 28.0835
0.558452 27.9514
0.564573 27.5712
0.570708 27.2009
0.576825 27.318
0.582926 26.1236
0.589034 26.1136
0.595184 25.3459
0.601379 25.1978
0.607522 24.8654
0.613639 24.3121
0.619772 23.8605
0.625918 24.0109
0.632068 22.7326
0.638161 22.7352
0.6443 22.8704
0.650464 21.8757
0.656582 21.8431
0.662703 21.9725
0.668861 21.6817
0.675024 21.5901
0.681124 20.7649
0.687237 20.4791
0.693381 20.5164
0.699536 19.6062
0.705665 19.4858
0.711789 19.4682
0.717957 19.1665
0.72409 18.4201
0.730186 18.2862
0.736317 18.1619
0.742472 18.3585
0.748622 18.0082
0.75476 17.794
0.760888 17.2852
0.767043 17.1628
0.773185 16.875
0.779291 16.7529
0.785407 16.4928
0.791564 16.8004
0.797719 16.4311
0.803834 16.5139
0.809972 15.924
0.816124 16.2597
0.822261 15.9284
0.828378 15.9196
0.834502 15.4327
0.840667 15.4139
0.846816 15.145
0.852925 15.451
0.859047 15.0069
0.865192 14.9118
0.871341 15.1468
0.877463 15.1192
0.883569 14.6276
0.889708 14.7938
0.895864 14.8214
0.902008 14.2036
0.908149 14.3564
0.914301 13.6691
0.920448 14.0898
0.926574 13.9021
0.932687 13.9679
0.938823 13.6168
0.944975 13.427
0.951105 13.8311
0.957225 13.2472
0.963368 13.4915
0.969511 13.5285
0.975621 13.2835
0.981748 13.1598
0.987916 13.4352
0.99406 12.9011
1.00019 12.9418
1.00632 13.1131
1.01246 13.3612
1.01859 13.4511
1.02471 12.431
1.03085 12.9424
1.03698 12.9421
1.04314 12.7727
1.04929 12.6397
1.05541 12.8823
1.06154 12.603
1.06769 12.6861
1.07382 12.6068
1.07993 12.173
1.08607 12.665
1.09222 12.0982
1.09836 12.5924
1.10449 12.0483
1.11063 12.2066
1.11677 12.4244
1.1229 12.2323
1.12903 12.1504
1.13518 12.073
1.14131 12.1954
1.14745 12.0652
1.15359 12.016
1.15973 11.8514
1.16584 12.0989
1.17197 11.7806
1.17811 11.7358
1.18424 11.9026
1.19038 11.6297
1.19652 11.8424
1.20267 11.5942
1.20881 11.6158
1.21495 11.6652
1.22108 11.7381
1.2272 11.6355
1.23334 11.5351
1.23949 11.4064
1.24562 11.2316
1.25174 11.5913
1.25789 11.2817
1.26402 11.2773
1.27014 10.9714
1.27628 11.3386
1.28244 11.2059
1.28858 11.0545
1.29471 10.996
1.30084 10.6871
1.30697 10.9079
1.31312 11.0255
1.31925 10.8812
1.32537 10.9848
1.33151 10.7853
1.33765 10.6224
1.34378 10.8453
1.34992 10.7986
1.35606 10.6641
1.3622 10.645
1.36833 10.4716
1.37445 10.647
1.38059 10.631
1.38675 10.5162
1.39288 10.4348
1.39901 10.3749
1.40515 10.2166
1.4113 10.306
1.41742 10.4021
1.42355 10.0742
1.4297 10.1054
1.43585 10.2372
1.44198 10.0158
1.44809 9.81314
1.45423 10.0049
1.46036 9.73916
1.46649 9.85583
1.47263 9.84598
1.47877 9.92456
1.48491 9.64785
1.49104 9.57295
1.49718 9.48456
1.50333 9.77125
1.50947 9.48934
1.5156 9.58172
1.52172 9.54883
1.52787 9.53081
1.534 9.44831
1.54013 9.22502
1.54627 9.17097
1.55241 9.10986
1.55855 9.04538
1.56467 9.07643
1.5708 9.07212
