0.00783031 4807.64
0.013688 2955.09
0.019231 3682.8
0.0249154 3004.9
0.0312784 2841.24
0.0375637 3106.63
0.0433917 2845.88
0.0492413 2740.07
0.0555754 2567.16
0.0619321 2371.24
0.067871 2061.01
0.0738098 1995.23
0.0800417 1856.32
0.0862327 1747.48
0.0921407 1624.87
0.0982031 1637.98
0.104506 1564.71
0.110769 1457.95
0.116806 1342.31
0.122832 1249.63
0.129052 1197.87
0.135211 1181.29
0.141259 1164.42
0.147318 1100.56
0.153489 1047.64
0.159709 1013.36
0.165845 978.484
0.171974 942.309
0.178125 897.304
0.184229 885.429
0.19034 842.008
0.196428 813.675
0.202534 784.636
0.208729 759.414
0.214876 734.735
0.220989 726.031
0.227147 698.95
0.23329 690.172
0.239377 654.704
0.245482 638.21
0.251667 627.782
0.257832 600.772
0.263955 584.367
0.270079 579.179
0.27624 565.62
0.282372 544.065
0.28843 540.611
0.294538 529.723
0.300721 521.46
0.30691 504.852
0.313033 488.032
0.319153 484.938
0.325316 470.809
0.33145 462.478
0.337538 456.071
0.343633 448.055
0.349808 439.321
0.355968 431.097
0.362074 421.994
0.368217 411.447
0.374374 410.463
0.380519 402.1
0.386598 395.509
0.392688 389.022
0.39888 384.83
0.405048 377.042
0.411186 375.645
0.417313 364.184
0.423458 369.335
0.429607 362.867
0.435692 354.818
0.441815 351.8
0.447964 351.128
0.454126 344.602
0.460267 344.203
0.466387 338.309
0.47254 336.512
0.478662 328.803
0.484765 329.902
0.490885 325.158
0.497035 322.072
0.503198 320.466
0.509342 315.448
0.515458 314.194
0.521598 312.919
0.527764 308.14
0.533884 307.802
0.54 305.675
0.546137 302.963
0.552299 301.814
0.558452 297.578
0.564573 295.038
0.570708 297.324
0.576825 295.471
0.582926 290.902
0.589034 291.931
0.595184 288.042
0.601379 285.756
0.607522 286.313
0.613639 283.4
0.619772 284.151
0.625918 280.961
0.632068 281.631
0.638161 279.585
0.6443 278.281
0.650464 277.442
0.656582 275.541
0.662703 273.074
0.668861 274.363
0.675024 272.785
0.681124 271.194
0.687237 270.365
0.693381 270.811
0.699536 267.953
0.705665 267.58
0.711789 266.593
0.717957 266.756
0.72409 265.682
0.730186 265.521
0.736317 265.136
0.742472 262.986
0.748622 261.082
0.75476 262.128
0.760888 260.935
0.767043 259.311
0.773185 258.306
0.779291 258.812
0.785407 257.387
0.791564 257.045
0.797719 257.285
0.803834 256.717
0.809972 255.84
0.816124 255.096
0.822261 255.256
0.828378 253.522
0.834502 251.81
0.840667 252.431
0.846816 251.396
0.852925 250.672
0.859047 250
0.865192 250.933
0.871341 249.189
0.877463 249.767
0.883569 248.265
0.889708 248.4
0.895864 246.989
0.902008 247.174
0.908149 246.593
0.914301 245.646
0.920448 245.52
0.926574 245.548
0.932687 244.317
0.938823 243.178
0.944975 243.958
0.951105 242.783
0.957225 242.003
0.963368 242.276
0.969511 240.244
0.975621 239.199
0.981748 239.206
0.987916 239.606
0.99406 239.135
1.00019 238.38
1.00632 237.644
1.01246 237.101
1.01859 238.263
1.02471 236.215
1.03085 236.933
1.03698 236.35
1.04314 235.721
1.04929 234.522
1.05541 234.331
1.06154 234.522
1.06769 233.36
1.07382 233.796
1.07993 232.854
1.08607 232.656
1.09222 232.33
1.09836 231.037
1.10449 231.249
1.11063 230.081
1.11677 229.402
1.1229 230.473
1.12903 228.692
1.13518 229.177
1.14131 228.726
1.14745 228.285
1.15359 227.297
1.15973 227.362
1.16584 226.208
1.17197 225.953
1.17811 225.74
1.18424 225.388
1.19038 225.255
1.19652 224.746
1.20267 225.027
1.20881 223.453
1.21495 223.087
1.22108 223.462
1.2272 223.407
1.23334 221.796
1.23949 221.526
1.24562 220.528
1.25174 221.062
1.25789 220.778
1.26402 220.624
1.27014 220.285
1.27628 218.84
1.28244 218.656
1.28858 218.399
1.29471 217.414
1.30084 217.68
1.30697 217.101
1.31312 216.351
1.31925 216.76
1.32537 215.775
1.33151 215.543
1.33765 215.723
1.34378 214.435
1.34992 214.439
1.35606 214.949
1.3622 214.631
1.36833 213.598
1.37445 213.371
1.38059 211.891
1.38675 212.418
1.39288 212.112
1.39901 211.06
1.40515 211.254
1.4113 210.717
1.41742 210.418
1.42355 210.657
1.4297 210.063
1.43585 209.591
1.44198 209.487
1.44809 208.833
1.45423 208.373
1.46036 208.193
1.46649 208.102
1.47263 207.382
1.47877 206.961
1.48491 207.211
1.49104 206.501
1.49718 205.634
1.50333 206.113
1.50947 205.198
1.5156 204.554
1.52172 204.614
1.52787 204.372
1.534 203.807
1.54013 203.679
1.54627 203.051
1.55241 203.39
1.55855 202.659
1.56467 202.591
1.5708 202.381
