#  k  (h/Mpc)          P(k)  (Mpc/h)^3     P_linear(k)   P_NL(k) (Mpc/h)^3
     0.00783031         19660.3         20513.5           20402 
       0.013688         25675.8         25365.8         25170.4 
       0.019231         26237.7         25635.4         25378.2 
      0.0249154         24103.7         23617.7         23341.1 
      0.0312784         20797.6         20361.8         20072.2 
      0.0375637         17727.3         17287.6         17029.1 
      0.0433917         15515.3         15046.4         14768.3 
      0.0492413         13493.8         13439.5         13172.6 
      0.0555754         12617.3         12280.2         12034.8 
      0.0619321         11313.4         11423.3         11182.2 
       0.067871         10608.1         10674.3         10455.7 
      0.0738098         10050.9         9842.08         9530.37 
      0.0800417          8999.9         8856.08         8604.23 
      0.0862327         8199.45         7841.33          7739.8 
      0.0921407         7172.24         6940.55         6884.81 
      0.0982031         6367.64         6164.83         6243.98 
       0.104506         6023.76         5561.75         5737.32 
       0.110769         5529.57         5155.89         5263.08 
       0.116806         5314.37         4889.47         4964.46 
       0.122832         4991.02         4677.07         4752.13 
       0.129052         4762.01         4453.97         4522.27 
       0.135211         4498.15         4193.92         4269.83 
       0.141259         4220.13         3896.12         4050.54 
       0.147318         3966.46         3576.26         3807.16 
       0.153489         3760.59          3260.5         3472.32 
       0.159709         3538.19         2982.04         3265.67 
       0.165845         3382.16         2764.14         3130.37 
       0.171974         3167.72         2604.93         2961.41 
       0.178125         3074.95          2488.7         2879.78 
       0.184229         2938.96          2396.6         2743.09 
        0.19034         2812.92         2308.28         2640.78 
       0.196428         2767.71         2211.01            2533 
       0.202534         2638.01         2098.34         2448.32 
       0.208729          2539.9         1971.83          2315.9 
       0.214876         2406.26         1845.05         2253.38 
       0.220989         2353.04         1727.42         2179.44 
       0.227147         2258.25          1625.3         2105.71 
        0.23329         2189.14          1542.2         2040.86 
       0.239377         2103.77         1476.79         1962.14 
       0.245482         2036.31         1423.17         1881.11 
       0.251667         1959.24         1374.77          1839.5 
       0.257832         1931.24         1326.38         1781.24 
       0.263955         1882.02         1274.55         1732.73 
       0.270079         1829.67         1218.63         1683.96 
        0.27624         1763.32         1160.63         1632.19 
       0.282372         1738.31         1104.16         1604.22 
        0.28843         1664.17         1052.29         1569.55 
       0.294538         1618.88         1005.98         1521.93 
       0.300721         1603.62         965.772         1476.82 
        0.30691         1549.77         931.185         1457.29 
       0.313033         1539.81         900.669         1412.21 
       0.319153         1483.66         871.904         1373.99 
       0.325316         1471.76         843.127         1354.28 
        0.33145         1417.22         813.802         1308.65 
       0.337538         1406.34         783.968         1289.04 
       0.343633         1380.82         754.209         1273.23 
       0.349808         1357.97         725.137         1252.72 
       0.355968         1313.26         698.007         1228.96 
       0.362074         1303.69         673.396         1205.73 
       0.368217         1272.03         651.053         1177.75 
       0.374374         1240.92         630.664         1155.05 
       0.380519         1228.46         611.687         1134.08 
       0.386598            1205         593.734         1119.14 
       0.392688          1191.2         576.093         1099.03 
        0.39888         1166.57         558.266         1080.83 
       0.405048         1136.65         540.636         1062.65 
       0.411186          1122.6         523.443         1045.26 
       0.417313         1104.91         506.946         1032.01 
       0.423458         1097.68         491.257         1012.47 
       0.429607         1071.84         476.511         996.142 
       0.435692         1065.26         462.871         974.373 
       0.441815         1040.73          450.01         971.353 
       0.447964         1036.45         437.712         961.022 
       0.454126         1019.18         425.821         934.613 
       0.460267         1001.87         414.316         932.964 
       0.466387         982.766         403.106         917.372 
        0.47254         960.677         392.064         904.495 
       0.478662          954.38          381.36         891.387 
       0.484765         944.566         371.082         882.092 
       0.490885         920.195         361.225         865.542 
       0.497035          920.59         351.758         858.122 
       0.503198         907.001         342.709         848.092 
       0.509342         897.774         334.099         833.605 
       0.515458         888.455         325.875         827.949 
       0.521598         873.558         317.898         819.807 
       0.527764         864.133         310.109         812.946 
       0.533884         850.507         302.587         804.268 
           0.54         846.501         295.284         794.874 
       0.546137         834.746         288.166         786.409 
       0.552299         818.943         281.241         775.648 
       0.558452         813.854         274.572         769.557 
       0.564573         799.588         268.183         762.401 
       0.570708         792.001         262.019         752.148 
       0.576825         780.772         256.088         743.076 
       0.582926         776.125         250.362         738.298 
       0.589034         765.967           244.8         728.032 
       0.595184         759.113         239.361         720.603 
       0.601379         750.304         234.048         714.925 
       0.607522         739.311         228.943         704.237 
       0.613639         733.014         224.008         701.679 
       0.619772         727.769         219.199         699.531 
       0.625918         716.928         214.523           690.2 
       0.632068         709.048         209.989         686.291 
       0.638161         700.401          205.63         676.345 
         0.6443         698.677         201.363         670.277 
       0.650464         693.791         197.204         662.339 
       0.656582         682.033         193.195         658.243 
       0.662703         677.919         189.299         653.513 
       0.668861         668.287         185.491         650.291 
       0.675024         667.711         181.786         645.456 
       0.681124         659.895         178.221         636.687 
       0.687237         648.446         174.746         631.235 
       0.693381         646.419         171.349         625.446 
       0.699536         641.134         168.039         621.256 
       0.705665         637.195         164.831         613.993 
       0.711789         626.844         161.707         609.356 
       0.717957          620.66         158.644         608.165 
        0.72409         616.799         155.679         602.232 
       0.730186         610.317          152.81         595.922 
       0.736317         608.649         150.001         592.075 
       0.742472         599.602         147.254         588.343 
       0.748622         597.952         144.576          582.11 
        0.75476         592.459         141.968         582.029 
       0.760888         585.507         139.429           575.8 
       0.767043         577.439         136.944         568.615 
       0.773185         579.382         134.528         565.263 
       0.779291         568.638         132.185         560.659 
       0.785407         567.769         129.892         557.459 
       0.791564         563.881         127.639         555.564 
       0.797719         558.201         125.442         550.541 
       0.803834         554.495         123.312         546.859 
       0.809972         546.753         121.224         543.072 
       0.816124         543.799         119.178         537.397 
       0.822261         539.035         117.186         534.604 
       0.828378         533.787         115.246         530.669 
       0.834502         530.364         113.351         528.875 
       0.840667          528.93         111.487         524.891 
       0.846816         520.342         109.669         520.762 
       0.852925         517.866         107.902         517.784 
       0.859047         514.456          106.17         513.104 
       0.865192         511.876          104.47         510.016 
       0.871341         504.589         102.807         506.384 
       0.877463         501.927         101.188         503.432 
       0.883569         497.239           99.61          501.27 
       0.889708         491.761         98.0585         496.524 
       0.895864         487.971         96.5361         493.723 
       0.902008         484.757         95.0488         490.433 
       0.908149         484.547         93.5935         485.377 
       0.914301         477.205         92.1665         481.772 
       0.920448         475.422         90.7712         480.905 
       0.926574         470.267         89.4101         477.962 
       0.932687         467.286         88.0802         473.294 
       0.938823         463.393         86.7728         471.922 
       0.944975          461.31         85.4889         469.073 
       0.951105         455.857         84.2354         465.903 
       0.957225         452.086          83.009         462.655 
       0.963368         448.076         81.8028         459.815 
       0.969511         446.102         80.6209         456.807 
       0.975621         442.408         79.4694         454.319 
       0.981748         440.168          78.338          451.84 
       0.987916         434.902         77.2216         449.355 
        0.99406         431.643         76.1311         446.431 
        1.00019         429.095         75.0638         442.652 
        1.00632         425.216          74.018         440.061 
        1.01246         421.576         72.9909          437.43 
        1.01859         417.328         71.9852          434.69 
        1.02471         414.149         71.0001         432.302 
        1.03085         409.735         70.0302         430.831 
        1.03698         408.019         69.0805           429.1 
        1.04314         406.815         68.1442         425.571 
        1.04929         401.787          67.227         422.131 
        1.05541         399.025         66.3297         419.711 
        1.06154         397.815         65.4464         417.619 
        1.06769         393.672         64.5783         414.608 
        1.07382         390.902         63.7301         411.904 
        1.07993          387.11         62.9005         410.011 
        1.08607         382.424         62.0832         407.479 
        1.09222          379.79         61.2799         405.191 
        1.09836         377.043         60.4912         403.296 
        1.10449         374.267         59.7167         401.712 
        1.11063         369.899         58.9542         398.537 
        1.11677         367.746         58.2047         396.423 
         1.1229         365.231         57.4691         393.804 
        1.12903         362.088         56.7453          392.03 
        1.13518         360.786         56.0336         388.783 
        1.14131         354.765          55.335         387.644 
        1.14745         352.463         54.6494         384.581 
        1.15359         352.144         53.9759         383.382 
        1.15973         348.048          53.314         381.089 
        1.16584         344.087         52.6667         379.054 
        1.17197          342.78         52.0295         377.377 
        1.17811         339.246         51.4006         374.629 
        1.18424         337.995         50.7833         372.402 
        1.19038         334.505         50.1735          371.22 
        1.19652         331.338         49.5734         368.291 
        1.20267         330.333         48.9833         366.436 
        1.20881         325.197         48.4039         364.926 
        1.21495           322.2         47.8363         362.286 
        1.22108         321.171         47.2789         359.992 
         1.2272         318.109         46.7319         359.043 
        1.23334         315.323         46.1919         356.657 
        1.23949         312.897         45.6581         354.756 
        1.24562         309.754         45.1334         352.657 
        1.25174         307.743         44.6172         351.084 
        1.25789         304.504         44.1075         348.822 
        1.26402         302.578         43.6069         347.609 
        1.27014         300.556         43.1155         345.363 
        1.27628          296.69         42.6304         344.248 
        1.28244         295.152         42.1518         342.606 
        1.28858         293.673         41.6809         340.478 
        1.29471         291.192         41.2183         337.991 
        1.30084         287.821         40.7632         335.917 
        1.30697         287.386         40.3146         334.856 
        1.31312         283.242         39.8726         333.135 
        1.31925          281.34          39.439         331.159 
        1.32537         278.021         39.0126          329.19 
        1.33151         277.042         38.5911         327.926 
        1.33765         274.423         38.1759         326.362 
        1.34378         272.976         37.7675         324.073 
        1.34992         270.654         37.3645         322.575 
        1.35606         268.091         36.9663         320.656 
         1.3622         265.883         36.5745         319.517 
        1.36833         264.077         36.1891         318.305 
        1.37445         260.895         35.8094         315.793 
        1.38059         259.149          35.434         314.721 
        1.38675         257.399         35.0633         313.396 
        1.39288         254.923         34.6997         311.251 
        1.39901         252.978         34.3416         309.548 
        1.40515         251.193          33.988         308.017 
         1.4113         249.058         33.6394         306.267 
        1.41742         247.326         33.2967          304.59 
        1.42355         245.006         32.9578         303.438 
         1.4297         243.094         32.6223         301.328 
        1.43585         241.657         32.2915         300.584 
        1.44198         240.139         31.9668         298.765 
        1.44809         237.535         31.6477         297.196 
        1.45423         236.643         31.3323         295.329 
        1.46036         233.919         31.0223         294.105 
        1.46649         231.554         30.7165         292.844 
        1.47263         229.835         30.4145         291.054 
        1.47877          228.77         30.1163         289.253 
        1.48491         227.084         29.8212         287.663 
        1.49104          224.83         29.5304         286.676 
        1.49718          223.59          29.243         285.836 
        1.50333         221.014         28.9588         283.551 
        1.50947         219.223         28.6791         282.096 
         1.5156         217.825         28.4036         281.309 
        1.52172         215.897          28.132         279.836 
        1.52787         215.019         27.8635         278.436 
          1.534         213.568         27.5991         276.889 
        1.54013         211.134         27.3387         275.619 
        1.54627          210.51         27.0814         274.639 
        1.55241         208.855         26.8275         273.375 
        1.55855         206.954         26.5771         271.725 
        1.56467         205.289         26.3303         270.203 
         1.5708         203.755         26.0858         268.894 
