0.00783031 -13.3535
0.013688 -20.5395
0.019231 -26.3421
0.0249154 -30.4122
0.0312784 -35.7163
0.0375637 -37.6258
0.0433917 -42.9436
0.0492413 -46.0537
0.0555754 -50.1948
0.0619321 -56.9123
0.067871 -64.3561
0.0738098 -69.1577
0.0800417 -69.6898
0.0862327 -72.1659
0.0921407 -72.4005
0.0982031 -73.8911
0.104506 -76.8461
0.110769 -78.2056
0.116806 -78.8806
0.122832 -84.5218
0.129052 -87.4298
0.135211 -91.5283
0.141259 -89.8457
0.147318 -93.8051
0.153489 -90.7903
0.159709 -92.6428
0.165845 -92.0661
0.171974 -95.8852
0.178125 -99.3612
0.184229 -99.7285
0.19034 -99.2902
0.196428 -97.7636
0.202534 -104.047
0.208729 -101.74
0.214876 -104.103
0.220989 -104.249
0.227147 -104.704
0.23329 -106.444
0.239377 -105.248
0.245482 -106.472
0.251667 -108.384
0.257832 -109.663
0.263955 -110.914
0.270079 -108.94
0.27624 -113.031
0.282372 -111.536
0.28843 -112.666
0.294538 -115.048
0.300721 -113.845
0.30691 -114.437
0.313033 -114.981
0.319153 -116.856
0.325316 -115.64
0.33145 -114.871
0.337538 -114.7
0.343633 -113.575
0.349808 -117.504
0.355968 -114.974
0.362074 -118.949
0.368217 -118.056
0.374374 -118.324
0.380519 -119.187
0.386598 -119.908
0.392688 -120.031
0.39888 -118.686
0.405048 -121.019
0.411186 -121.035
0.417313 -121.263
0.423458 -121.74
0.429607 -118.184
0.435692 -120.311
0.441815 -121.971
0.447964 -123.663
0.454126 -121.731
0.460267 -122.275
0.466387 -120.287
0.47254 -123.469
0.478662 -124.207
0.484765 -122.26
0.490885 -121.542
0.497035 -124.174
0.503198 -121.79
0.509342 -123.395
0.515458 -122.393
0.521598 -124.306
0.527764 -124.214
0.533884 -123.868
0.54 -124.703
0.546137 -125.572
0.552299 -125.487
0.558452 -125.001
0.564573 -123.499
0.570708 -124.642
0.576825 -125.491
0.582926 -124.033
0.589034 -124.405
0.595184 -124.062
0.601379 -124.759
0.607522 -124.568
0.613639 -124.639
0.619772 -125.59
0.625918 -124.272
0.632068 -124.403
0.638161 -126.255
0.6443 -127.258
0.650464 -127.101
0.656582 -126.514
0.662703 -125.44
0.668861 -126.008
0.675024 -127.23
0.681124 -124.963
0.687237 -125.274
0.693381 -126.235
0.699536 -124.31
0.705665 -125.911
0.711789 -127.174
0.717957 -127.071
0.72409 -128.379
0.730186 -126.13
0.736317 -127.285
0.742472 -124.732
0.748622 -127.066
0.75476 -124.776
0.760888 -125.291
0.767043 -125.378
0.773185 -125.24
0.779291 -125.763
0.785407 -126.343
0.791564 -126.463
0.797719 -124.511
0.803834 -125.737
0.809972 -126.969
0.816124 -125.212
0.822261 -126.34
0.828378 -125.806
0.834502 -125.769
0.840667 -126.105
0.846816 -124.513
0.852925 -126.707
0.859047 -125.825
0.865192 -125.69
0.871341 -125.212
0.877463 -124.683
0.883569 -125.446
0.889708 -124.088
0.895864 -124.628
0.902008 -124.122
0.908149 -124.935
0.914301 -123.189
0.920448 -124.917
0.926574 -123.977
0.932687 -124.442
0.938823 -123.563
0.944975 -123.772
0.951105 -124.451
0.957225 -123.312
0.963368 -124.625
0.969511 -122.945
0.975621 -122.69
0.981748 -125.006
0.987916 -123.254
0.99406 -123.843
1.00019 -123.439
1.00632 -121.699
1.01246 -121.681
1.01859 -122.778
1.02471 -123.828
1.03085 -123.468
1.03698 -123.157
1.04314 -123.355
1.04929 -122.408
1.05541 -122.192
1.06154 -121.925
1.06769 -121.166
1.07382 -121.489
1.07993 -121.439
1.08607 -121.744
1.09222 -121.623
1.09836 -120.737
1.10449 -120.804
1.11063 -120.948
1.11677 -120.809
1.1229 -120.768
1.12903 -119.423
1.13518 -120.588
1.14131 -120.294
1.14745 -119.875
1.15359 -119.534
1.15973 -120.537
1.16584 -119.583
1.17197 -119.847
1.17811 -119.195
1.18424 -119.641
1.19038 -118.766
1.19652 -118.876
1.20267 -118.557
1.20881 -119.281
1.21495 -118.48
1.22108 -118.342
1.2272 -118.63
1.23334 -117.28
1.23949 -118.307
1.24562 -118.584
1.25174 -117.469
1.25789 -116.495
1.26402 -117.061
1.27014 -117.548
1.27628 -116.632
1.28244 -116.27
1.28858 -116.345
1.29471 -116.783
1.30084 -116.896
1.30697 -116.147
1.31312 -116.126
1.31925 -116.724
1.32537 -115.289
1.33151 -116.482
1.33765 -115.325
1.34378 -114.693
1.34992 -115.507
1.35606 -114.205
1.3622 -114.173
1.36833 -114.766
1.37445 -113.783
1.38059 -114.311
1.38675 -114.644
1.39288 -114.501
1.39901 -114.382
1.40515 -114.511
1.4113 -112.873
1.41742 -113.771
1.42355 -112.69
1.4297 -113.289
1.43585 -112.255
1.44198 -113.278
1.44809 -112.122
1.45423 -112.766
1.46036 -112.08
1.46649 -111.964
1.47263 -111.736
1.47877 -111.972
1.48491 -111.675
1.49104 -110.989
1.49718 -110.905
1.50333 -110.206
1.50947 -111.187
1.5156 -111.279
1.52172 -110.267
1.52787 -110.712
1.534 -110.085
1.54013 -110.353
1.54627 -109.754
1.55241 -109.784
1.55855 -109.889
1.56467 -110.183
1.5708 -109.357
