0.00783031 0.00954631
0.013688 0.0186791
0.019231 0.0320183
0.0249154 0.048261
0.0312784 0.0799202
0.0375637 0.108049
0.0433917 0.154104
0.0492413 0.206644
0.0555754 0.268283
0.0619321 0.371537
0.067871 0.484092
0.0738098 0.609177
0.0800417 0.699304
0.0862327 0.846926
0.0921407 0.965668
0.0982031 1.1222
0.104506 1.33274
0.110769 1.51362
0.116806 1.70135
0.122832 1.9384
0.129052 2.21894
0.135211 2.57579
0.141259 2.75598
0.147318 3.11969
0.153489 3.23588
0.159709 3.59823
0.165845 3.83765
0.171974 4.26132
0.178125 4.75696
0.184229 5.02637
0.19034 5.35261
0.196428 5.71657
0.202534 6.32489
0.208729 6.58814
0.214876 7.12093
0.220989 7.50681
0.227147 7.93884
0.23329 8.36953
0.239377 8.83018
0.245482 9.41748
0.251667 9.81448
0.257832 10.5124
0.263955 11.2414
0.270079 11.6214
0.27624 12.1222
0.282372 12.7631
0.28843 13.2002
0.294538 13.985
0.300721 14.5232
0.30691 15.0408
0.313033 15.6803
0.319153 16.5819
0.325316 16.8092
0.33145 17.4338
0.337538 18.1149
0.343633 18.6892
0.349808 19.6702
0.355968 20.1267
0.362074 21.1022
0.368217 21.3575
0.374374 22.2952
0.380519 22.8147
0.386598 23.8978
0.392688 24.5794
0.39888 25.3112
0.405048 26.1077
0.411186 26.7866
0.417313 27.6804
0.423458 28.3655
0.429607 28.9219
0.435692 29.9441
0.441815 30.8138
0.447964 31.7357
0.454126 32.2876
0.460267 33.1538
0.466387 33.9388
0.47254 34.9022
0.478662 35.765
0.484765 36.6637
0.490885 37.2074
0.497035 38.294
0.503198 39.0165
0.509342 39.9808
0.515458 40.6485
0.521598 41.8415
0.527764 42.9859
0.533884 43.4092
0.54 44.3475
0.546137 45.6005
0.552299 46.3892
0.558452 47.2406
0.564573 48.5771
0.570708 49.4577
0.576825 50.0256
0.582926 51.1541
0.589034 52.0196
0.595184 52.6625
0.601379 53.927
0.607522 55.0459
0.613639 56.0368
0.619772 56.6912
0.625918 58.158
0.632068 58.7459
0.638161 60.2926
0.6443 61.2648
0.650464 62.3322
0.656582 63.0328
0.662703 64.0531
0.668861 65.0626
0.675024 66.5041
0.681124 67.164
0.687237 68.0486
0.693381 69.1317
0.699536 70.5624
0.705665 71.3239
0.711789 71.9739
0.717957 73.7419
0.72409 75.1754
0.730186 75.8935
0.736317 77.021
0.742472 77.7616
0.748622 79.1169
0.75476 79.7735
0.760888 80.8971
0.767043 82.2224
0.773185 83.3036
0.779291 84.1445
0.785407 85.7494
0.791564 86.6362
0.797719 87.7232
0.803834 89.1675
0.809972 90.5354
0.816124 91.3907
0.822261 92.8626
0.828378 93.7986
0.834502 94.7896
0.840667 95.8562
0.846816 97.1001
0.852925 98.4905
0.859047 99.4217
0.865192 100.588
0.871341 101.736
0.877463 102.806
0.883569 104.305
0.889708 105.096
0.895864 106.298
0.902008 107.762
0.908149 109.251
0.914301 109.892
0.920448 111.485
0.926574 112.013
0.932687 114.105
0.938823 114.851
0.944975 115.875
0.951105 116.985
0.957225 118.393
0.963368 119.845
0.969511 120.696
0.975621 121.51
0.981748 123.385
0.987916 124.555
0.99406 125.756
1.00019 126.98
1.00632 128.024
1.01246 129.172
1.01859 130.309
1.02471 131.952
1.03085 133.29
1.03698 134.556
1.04314 135.665
1.04929 135.862
1.05541 137.776
1.06154 138.801
1.06769 140.312
1.07382 141.754
1.07993 142.695
1.08607 144.664
1.09222 145.623
1.09836 146.155
1.10449 147.335
1.11063 148.605
1.11677 149.837
1.1229 151.788
1.12903 152.839
1.13518 153.366
1.14131 154.882
1.14745 156.197
1.15359 157.668
1.15973 159.257
1.16584 159.711
1.17197 160.998
1.17811 162.626
1.18424 163.813
1.19038 164.58
1.19652 165.741
1.20267 167.524
1.20881 169.379
1.21495 169.804
1.22108 171.008
1.2272 172.883
1.23334 173.493
1.23949 174.805
1.24562 176.411
1.25174 177.483
1.25789 178.556
1.26402 180.267
1.27014 180.389
1.27628 182.461
1.28244 183.288
1.28858 184.57
1.29471 185.89
1.30084 187.437
1.30697 188.049
1.31312 189.827
1.31925 191.104
1.32537 191.791
1.33151 193.675
1.33765 194.397
1.34378 195.685
1.34992 197.289
1.35606 197.836
1.3622 199.136
1.36833 200.463
1.37445 201.458
1.38059 202.815
1.38675 203.82
1.39288 205.341
1.39901 206.288
1.40515 207.288
1.4113 208.615
1.41742 209.8
1.42355 211.446
1.4297 211.94
1.43585 213.163
1.44198 215.058
1.44809 215.588
1.45423 217.136
1.46036 217.711
1.46649 219.049
1.47263 220.161
1.47877 221.938
1.48491 222.132
1.49104 223.125
1.49718 225.146
1.50333 225.504
1.50947 227.004
1.5156 228.886
1.52172 229.081
1.52787 230.162
1.534 231.91
1.54013 232.648
1.54627 233.896
1.55241 234.473
1.55855 235.878
1.56467 237.213
1.5708 238.824
