0.00783031 2.119
0.013688 0.638916
0.019231 -1.00029
0.0249154 0.924454
0.0312784 2.01203
0.0375637 0.503113
0.0433917 1.97582
0.0492413 3.31254
0.0555754 2.89969
0.0619321 5.0949
0.067871 4.77455
0.0738098 7.52779
0.0800417 6.47643
0.0862327 9.77872
0.0921407 9.16258
0.0982031 10.7663
0.104506 14.1833
0.110769 13.6869
0.116806 13.4833
0.122832 14.7231
0.129052 15.2826
0.135211 18.5409
0.141259 18.7112
0.147318 20.4557
0.153489 18.6766
0.159709 21.8969
0.165845 21.189
0.171974 23.8189
0.178125 25.0516
0.184229 24.8629
0.19034 24.8637
0.196428 27.2089
0.202534 28.8714
0.208729 29.3398
0.214876 29.9379
0.220989 32.0957
0.227147 31.5367
0.23329 32.9495
0.239377 33.7391
0.245482 34.1372
0.251667 33.7433
0.257832 36.1737
0.263955 38.5541
0.270079 38.1302
0.27624 37.9202
0.282372 38.8606
0.28843 38.6823
0.294538 41.1491
0.300721 41.6718
0.30691 42.0456
0.313033 43.0352
0.319153 44.8723
0.325316 43.408
0.33145 43.5184
0.337538 44.6302
0.343633 45.8281
0.349808 47.3584
0.355968 46.7312
0.362074 48.6773
0.368217 48.1364
0.374374 47.7866
0.380519 48.8716
0.386598 49.4863
0.392688 50.1801
0.39888 51.0753
0.405048 51.1495
0.411186 52.092
0.417313 53.2377
0.423458 53.0913
0.429607 52.7084
0.435692 53.3658
0.441815 54.1668
0.447964 54.965
0.454126 55.668
0.460267 55.8021
0.466387 55.9478
0.47254 56.97
0.478662 57.7085
0.484765 57.6201
0.490885 57.2019
0.497035 57.7742
0.503198 58.6303
0.509342 59.5948
0.515458 58.6034
0.521598 59.2729
0.527764 60.3103
0.533884 60.1733
0.54 59.3233
0.546137 61.1877
0.552299 60.9407
0.558452 61.0668
0.564573 62.4792
0.570708 62.4445
0.576825 61.917
0.582926 63.2636
0.589034 63.1517
0.595184 62.6054
0.601379 64.0263
0.607522 63.8358
0.613639 64.1478
0.619772 64.3652
0.625918 65.0713
0.632068 64.4112
0.638161 64.8499
0.6443 65.5435
0.650464 66.0504
0.656582 65.6162
0.662703 66.4212
0.668861 66.4872
0.675024 66.8025
0.681124 66.4393
0.687237 66.9043
0.693381 66.8397
0.699536 67.8583
0.705665 67.9338
0.711789 67.3622
0.717957 68.2312
0.72409 68.6796
0.730186 68.8386
0.736317 68.4488
0.742472 68.6902
0.748622 69.2846
0.75476 68.8243
0.760888 69.3438
0.767043 69.1828
0.773185 69.3725
0.779291 70.1038
0.785407 70.0859
0.791564 69.9241
0.797719 70.0599
0.803834 70.0236
0.809972 71.4739
0.816124 70.8903
0.822261 71.4404
0.828378 71.0716
0.834502 70.4426
0.840667 71.1669
0.846816 70.8901
0.852925 71.3853
0.859047 70.9807
0.865192 71.2774
0.871341 71.9127
0.877463 71.4044
0.883569 72.1623
0.889708 71.5523
0.895864 71.9532
0.902008 72.3722
0.908149 72.3283
0.914301 72.2146
0.920448 72.449
0.926574 72.505
0.932687 72.7842
0.938823 72.3895
0.944975 72.6003
0.951105 72.6257
0.957225 72.5315
0.963368 73.1674
0.969511 72.6586
0.975621 72.8313
0.981748 73.031
0.987916 72.8829
0.99406 72.7161
1.00019 72.9438
1.00632 72.8297
1.01246 72.9968
1.01859 73.1695
1.02471 73.4504
1.03085 73.4906
1.03698 73.7589
1.04314 73.4409
1.04929 72.9636
1.05541 73.8352
1.06154 72.8846
1.06769 73.331
1.07382 73.6274
1.07993 73.2639
1.08607 73.7379
1.09222 73.5239
1.09836 72.8875
1.10449 73.1963
1.11063 73.7396
1.11677 73.4149
1.1229 73.5565
1.12903 73.261
1.13518 72.934
1.14131 73.1776
1.14745 73.2205
1.15359 73.247
1.15973 73.8941
1.16584 72.9191
1.17197 73.0673
1.17811 73.4193
1.18424 72.8891
1.19038 73.1352
1.19652 73.2952
1.20267 72.9043
1.20881 73.3354
1.21495 73.1855
1.22108 72.8573
1.2272 73.4734
1.23334 73.0824
1.23949 72.9486
1.24562 72.8801
1.25174 72.8346
1.25789 72.247
1.26402 72.8891
1.27014 72.3954
1.27628 72.2674
1.28244 72.2843
1.28858 72.4944
1.29471 72.2034
1.30084 72.186
1.30697 71.8321
1.31312 71.7319
1.31925 72.271
1.32537 71.6458
1.33151 72.1942
1.33765 71.81
1.34378 71.6342
1.34992 71.1617
1.35606 71.3816
1.3622 71.0016
1.36833 71.1408
1.37445 70.725
1.38059 70.7389
1.38675 70.4071
1.39288 70.6551
1.39901 70.7141
1.40515 70.4456
1.4113 70.2258
1.41742 69.9773
1.42355 70.1334
1.4297 70.0004
1.43585 69.9549
1.44198 69.6581
1.44809 69.4911
1.45423 69.4553
1.46036 69.1131
1.46649 69.0921
1.47263 68.9331
1.47877 68.9797
1.48491 68.6495
1.49104 68.6055
1.49718 68.6548
1.50333 68.3256
1.50947 68.1524
1.5156 68.3228
1.52172 67.741
1.52787 68.0073
1.534 67.9514
1.54013 67.9355
1.54627 67.1817
1.55241 66.9995
1.55855 67.1909
1.56467 67.2331
1.5708 66.8438
