#  k  (h/Mpc)          P(k)  (Mpc/h)^3     P_linear(k)   P_NL(k) (Mpc/h)^3
     0.00783031         20351.2         20513.5           20402 
       0.013688         25017.5         25365.8         25170.4 
       0.019231         25625.6         25635.4         25378.2 
      0.0249154         23647.3         23617.7         23341.1 
      0.0312784         20368.6         20361.8         20072.2 
      0.0375637         16753.6         17287.6         17029.1 
      0.0433917           14681         15046.4         14768.3 
      0.0492413         12956.3         13439.5         13172.6 
      0.0555754         12238.2         12280.2         12034.8 
      0.0619321         10676.4         11423.3         11182.2 
       0.067871           10096         10674.3         10455.7 
      0.0738098         9311.92         9842.08         9530.37 
      0.0800417          8474.4         8856.08         8604.23 
      0.0862327         7642.49         7841.33          7739.8 
      0.0921407         6982.67         6940.55         6884.81 
      0.0982031         6064.71         6164.83         6243.98 
       0.104506         5683.42         5561.75         5737.32 
       0.110769         5333.87         5155.89         5263.08 
       0.116806         4982.22         4889.47         4964.46 
       0.122832         4661.99         4677.07         4752.13 
       0.129052         4524.62         4453.97         4522.27 
       0.135211         4240.45         4193.92         4269.83 
       0.141259         3898.37         3896.12         4050.54 
       0.147318         3589.12         3576.26         3807.16 
       0.153489         3461.16          3260.5         3472.32 
       0.159709         3209.96         2982.04         3265.67 
       0.165845         3056.85         2764.14         3130.37 
       0.171974         2966.31         2604.93         2961.41 
       0.178125         2811.49          2488.7         2879.78 
       0.184229         2644.62          2396.6         2743.09 
        0.19034         2636.41         2308.28         2640.78 
       0.196428         2469.07         2211.01            2533 
       0.202534         2461.05         2098.34         2448.32 
       0.208729         2283.74         1971.83          2315.9 
       0.214876         2201.94         1845.05         2253.38 
       0.220989         2068.07         1727.42         2179.44 
       0.227147         2018.12          1625.3         2105.71 
        0.23329         1946.33          1542.2         2040.86 
       0.239377         1876.43         1476.79         1962.14 
       0.245482         1811.53         1423.17         1881.11 
       0.251667         1746.42         1374.77          1839.5 
       0.257832          1695.9         1326.38         1781.24 
       0.263955         1653.85         1274.55         1732.73 
       0.270079         1608.11         1218.63         1683.96 
        0.27624         1580.38         1160.63         1632.19 
       0.282372         1507.63         1104.16         1604.22 
        0.28843         1487.57         1052.29         1569.55 
       0.294538         1426.85         1005.98         1521.93 
       0.300721         1384.38         965.772         1476.82 
        0.30691         1342.22         931.185         1457.29 
       0.313033          1342.6         900.669         1412.21 
       0.319153         1288.71         871.904         1373.99 
       0.325316         1264.52         843.127         1354.28 
        0.33145         1234.79         813.802         1308.65 
       0.337538         1218.31         783.968         1289.04 
       0.343633         1179.56         754.209         1273.23 
       0.349808         1153.59         725.137         1252.72 
       0.355968         1115.91         698.007         1228.96 
       0.362074         1108.08         673.396         1205.73 
       0.368217         1084.89         651.053         1177.75 
       0.374374         1062.29         630.664         1155.05 
       0.380519          1038.3         611.687         1134.08 
       0.386598         1019.17         593.734         1119.14 
       0.392688         990.377         576.093         1099.03 
        0.39888         988.236         558.266         1080.83 
       0.405048         963.074         540.636         1062.65 
       0.411186         952.074         523.443         1045.26 
       0.417313         926.346         506.946         1032.01 
       0.423458          917.13         491.257         1012.47 
       0.429607         896.937         476.511         996.142 
       0.435692         881.119         462.871         974.373 
       0.441815         873.647          450.01         971.353 
       0.447964         849.983         437.712         961.022 
       0.454126         844.965         425.821         934.613 
       0.460267          834.05         414.316         932.964 
       0.466387         823.461         403.106         917.372 
        0.47254         806.074         392.064         904.495 
       0.478662         782.707          381.36         891.387 
       0.484765         781.884         371.082         882.092 
       0.490885         769.032         361.225         865.542 
       0.497035         762.779         351.758         858.122 
       0.503198         737.869         342.709         848.092 
       0.509342         729.659         334.099         833.605 
       0.515458         723.877         325.875         827.949 
       0.521598         718.575         317.898         819.807 
       0.527764         706.383         310.109         812.946 
       0.533884         686.939         302.587         804.268 
           0.54         688.795         295.284         794.874 
       0.546137          676.47         288.166         786.409 
       0.552299         662.986         281.241         775.648 
       0.558452         655.135         274.572         769.557 
       0.564573         651.777         268.183         762.401 
       0.570708         641.112         262.019         752.148 
       0.576825         630.394         256.088         743.076 
       0.582926         627.462         250.362         738.298 
       0.589034         614.756           244.8         728.032 
       0.595184         608.349         239.361         720.603 
       0.601379         604.058         234.048         714.925 
       0.607522          595.17         228.943         704.237 
       0.613639         586.405         224.008         701.679 
       0.619772         583.207         219.199         699.531 
       0.625918         571.209         214.523           690.2 
       0.632068         568.016         209.989         686.291 
       0.638161         561.249          205.63         676.345 
         0.6443         556.259         201.363         670.277 
       0.650464          546.41         197.204         662.339 
       0.656582         537.713         193.195         658.243 
       0.662703         532.341         189.299         653.513 
       0.668861         524.421         185.491         650.291 
       0.675024         520.815         181.786         645.456 
       0.681124         517.252         178.221         636.687 
       0.687237         509.374         174.746         631.235 
       0.693381         503.185         171.349         625.446 
       0.699536         496.968         168.039         621.256 
       0.705665         491.028         164.831         613.993 
       0.711789         483.149         161.707         609.356 
       0.717957         481.942         158.644         608.165 
        0.72409         476.051         155.679         602.232 
       0.730186         472.524          152.81         595.922 
       0.736317          465.06         150.001         592.075 
       0.742472         460.834         147.254         588.343 
       0.748622         456.442         144.576          582.11 
        0.75476         449.914         141.968         582.029 
       0.760888         443.935         139.429           575.8 
       0.767043         441.931         136.944         568.615 
       0.773185         436.794         134.528         565.263 
       0.779291         434.883         132.185         560.659 
       0.785407         427.485         129.892         557.459 
       0.791564          423.37         127.639         555.564 
       0.797719          418.76         125.442         550.541 
       0.803834         412.899         123.312         546.859 
       0.809972         411.549         121.224         543.072 
       0.816124         403.265         119.178         537.397 
       0.822261         399.711         117.186         534.604 
       0.828378         397.251         115.246         530.669 
       0.834502         394.143         113.351         528.875 
       0.840667         391.823         111.487         524.891 
       0.846816         382.927         109.669         520.762 
       0.852925         382.209         107.902         517.784 
       0.859047         376.452          106.17         513.104 
       0.865192         373.527          104.47         510.016 
       0.871341         368.473         102.807         506.384 
       0.877463         366.032         101.188         503.432 
       0.883569          362.68           99.61          501.27 
       0.889708         358.536         98.0585         496.524 
       0.895864           354.8         96.5361         493.723 
       0.902008         351.693         95.0488         490.433 
       0.908149         348.145         93.5935         485.377 
       0.914301         343.379         92.1665         481.772 
       0.920448         339.038         90.7712         480.905 
       0.926574         336.448         89.4101         477.962 
       0.932687         333.639         88.0802         473.294 
       0.938823         329.926         86.7728         471.922 
       0.944975         326.782         85.4889         469.073 
       0.951105         325.365         84.2354         465.903 
       0.957225         320.833          83.009         462.655 
       0.963368         317.099         81.8028         459.815 
       0.969511         315.859         80.6209         456.807 
       0.975621         312.636         79.4694         454.319 
       0.981748         308.054          78.338          451.84 
       0.987916         303.019         77.2216         449.355 
        0.99406         301.978         76.1311         446.431 
        1.00019         298.286         75.0638         442.652 
        1.00632         295.631          74.018         440.061 
        1.01246         291.739         72.9909          437.43 
        1.01859         290.293         71.9852          434.69 
        1.02471          287.46         71.0001         432.302 
        1.03085         284.731         70.0302         430.831 
        1.03698         281.886         69.0805           429.1 
        1.04314         278.593         68.1442         425.571 
        1.04929         276.974          67.227         422.131 
        1.05541         274.726         66.3297         419.711 
        1.06154         271.142         65.4464         417.619 
        1.06769         269.148         64.5783         414.608 
        1.07382         265.277         63.7301         411.904 
        1.07993         262.879         62.9005         410.011 
        1.08607         260.632         62.0832         407.479 
        1.09222         257.808         61.2799         405.191 
        1.09836         256.096         60.4912         403.296 
        1.10449          253.69         59.7167         401.712 
        1.11063         249.912         58.9542         398.537 
        1.11677         247.417         58.2047         396.423 
         1.1229         246.206         57.4691         393.804 
        1.12903         242.965         56.7453          392.03 
        1.13518         240.523         56.0336         388.783 
        1.14131         238.835          55.335         387.644 
        1.14745          236.38         54.6494         384.581 
        1.15359         233.811         53.9759         383.382 
        1.15973         232.126          53.314         381.089 
        1.16584         229.704         52.6667         379.054 
        1.17197         227.908         52.0295         377.377 
        1.17811         225.432         51.4006         374.629 
        1.18424         223.333         50.7833         372.402 
        1.19038         220.921         50.1735          371.22 
        1.19652          218.95         49.5734         368.291 
        1.20267         216.648         48.9833         366.436 
        1.20881         214.762         48.4039         364.926 
        1.21495         212.132         47.8363         362.286 
        1.22108         210.379         47.2789         359.992 
         1.2272         208.981         46.7319         359.043 
        1.23334         206.548         46.1919         356.657 
        1.23949         204.182         45.6581         354.756 
        1.24562         203.617         45.1334         352.657 
        1.25174          199.86         44.6172         351.084 
        1.25789         198.992         44.1075         348.822 
        1.26402         197.487         43.6069         347.609 
        1.27014         195.263         43.1155         345.363 
        1.27628         193.076         42.6304         344.248 
        1.28244         191.739         42.1518         342.606 
        1.28858         189.156         41.6809         340.478 
        1.29471          188.33         41.2183         337.991 
        1.30084         186.406         40.7632         335.917 
        1.30697         184.177         40.3146         334.856 
        1.31312         182.565         39.8726         333.135 
        1.31925          180.72          39.439         331.159 
        1.32537         179.806         39.0126          329.19 
        1.33151         177.141         38.5911         327.926 
        1.33765          175.39         38.1759         326.362 
        1.34378         174.066         37.7675         324.073 
        1.34992         172.507         37.3645         322.575 
        1.35606         170.888         36.9663         320.656 
         1.3622         169.535         36.5745         319.517 
        1.36833         167.649         36.1891         318.305 
        1.37445         166.216         35.8094         315.793 
        1.38059          164.79          35.434         314.721 
        1.38675         163.043         35.0633         313.396 
        1.39288         162.136         34.6997         311.251 
        1.39901         160.014         34.3416         309.548 
        1.40515         158.133          33.988         308.017 
         1.4113         157.431         33.6394         306.267 
        1.41742         155.825         33.2967          304.59 
        1.42355         154.027         32.9578         303.438 
         1.4297         152.643         32.6223         301.328 
        1.43585         150.748         32.2915         300.584 
        1.44198         149.897         31.9668         298.765 
        1.44809         148.799         31.6477         297.196 
        1.45423         147.539         31.3323         295.329 
        1.46036         145.891         31.0223         294.105 
        1.46649         144.311         30.7165         292.844 
        1.47263         143.196         30.4145         291.054 
        1.47877         141.892         30.1163         289.253 
        1.48491         140.609         29.8212         287.663 
        1.49104         139.156         29.5304         286.676 
        1.49718         138.139          29.243         285.836 
        1.50333         136.613         28.9588         283.551 
        1.50947         135.312         28.6791         282.096 
         1.5156         133.983         28.4036         281.309 
        1.52172         132.789          28.132         279.836 
        1.52787          131.69         27.8635         278.436 
          1.534         130.527         27.5991         276.889 
        1.54013         129.284         27.3387         275.619 
        1.54627          128.38         27.0814         274.639 
        1.55241         127.237         26.8275         273.375 
        1.55855         125.806         26.5771         271.725 
        1.56467         124.534         26.3303         270.203 
         1.5708         123.712         26.0858         268.894 
