0.00783031 6480.87
0.013688 5718.92
0.019231 6136.97
0.0249154 5845.54
0.0312784 5394.38
0.0375637 4784.3
0.0433917 4311.68
0.0492413 4232.73
0.0555754 3883.41
0.0619321 3638.89
0.067871 2973.77
0.0738098 3116.72
0.0800417 2948.13
0.0862327 2728.75
0.0921407 2717.09
0.0982031 2455.21
0.104506 2368.48
0.110769 2194.78
0.116806 2255.14
0.122832 2074.71
0.129052 1854.77
0.135211 1768.57
0.141259 1685.35
0.147318 1615.57
0.153489 1595.36
0.159709 1420.7
0.165845 1370.6
0.171974 1293.25
0.178125 1253.32
0.184229 1178.35
0.19034 1170.43
0.196428 1080.03
0.202534 1002.68
0.208729 973.776
0.214876 930.845
0.220989 898.639
0.227147 861.652
0.23329 861.208
0.239377 786.21
0.245482 742.685
0.251667 742.457
0.257832 682.824
0.263955 658.487
0.270079 647.26
0.27624 625.619
0.282372 578.284
0.28843 564.793
0.294538 556.017
0.300721 510.221
0.30691 493.835
0.313033 462.443
0.319153 440.65
0.325316 449.587
0.33145 405.888
0.337538 397.599
0.343633 384.471
0.349808 370.73
0.355968 348.541
0.362074 349.473
0.368217 312.994
0.374374 314.283
0.380519 308.265
0.386598 294.146
0.392688 284.066
0.39888 268.301
0.405048 262.501
0.411186 254.567
0.417313 237.811
0.423458 218.836
0.429607 215.369
0.435692 206.101
0.441815 205.616
0.447964 189.14
0.454126 175.059
0.460267 171.755
0.466387 169.166
0.47254 158.545
0.478662 142.042
0.484765 149.842
0.490885 138.198
0.497035 134.632
0.503198 127.794
0.509342 119.721
0.515458 120.62
0.521598 108.704
0.527764 102.898
0.533884 95.1513
0.54 100.281
0.546137 94.0445
0.552299 89.1857
0.558452 82.0153
0.564573 79.2747
0.570708 78.7175
0.576825 68.0118
0.582926 66.524
0.589034 69.4634
0.595184 62.7084
0.601379 52.0239
0.607522 55.9308
0.613639 55.1674
0.619772 51.8174
0.625918 47.1543
0.632068 47.0788
0.638161 40.9962
0.6443 41.2143
0.650464 42.3405
0.656582 37.9715
0.662703 35.7771
0.668861 36.2866
0.675024 33.3334
0.681124 28.5637
0.687237 30.1919
0.693381 23.1933
0.699536 30.2557
0.705665 24.2313
0.711789 24.3418
0.717957 20.0289
0.72409 24.8243
0.730186 24.1454
0.736317 30.913
0.742472 20.9858
0.748622 22.6583
0.75476 20.6211
0.760888 18.8448
0.767043 20.0174
0.773185 23.3074
0.779291 17.032
0.785407 22.0952
0.791564 20.5753
0.797719 22.2201
0.803834 22.4984
0.809972 15.5982
0.816124 20.2872
0.822261 21.2486
0.828378 21.9831
0.834502 20.5847
0.840667 23.625
0.846816 18.7635
0.852925 16.5508
0.859047 14.2561
0.865192 21.9367
0.871341 20.2705
0.877463 23.0137
0.883569 21.8309
0.889708 18.3552
0.895864 17.5149
0.902008 22.2977
0.908149 20.4983
0.914301 19.8237
0.920448 22.2567
0.926574 20.5751
0.932687 19.0919
0.938823 19.974
0.944975 24.2174
0.951105 17.3118
0.957225 21.0549
0.963368 24.562
0.969511 19.9252
0.975621 22.8364
0.981748 22.8231
0.987916 22.2559
0.99406 19.9277
1.00019 20.6291
1.00632 23.21
1.01246 19.9323
1.01859 22.905
1.02471 22.9188
1.03085 21.6719
1.03698 22.8244
1.04314 22.9119
1.04929 21.7098
1.05541 21.3116
1.06154 22.682
1.06769 22.4427
1.07382 24.0522
1.07993 24.2059
1.08607 18.2875
1.09222 22.9446
1.09836 22.796
1.10449 22.082
1.11063 21.3197
1.11677 23.543
1.1229 20.0919
1.12903 23.0371
1.13518 20.7916
1.14131 22.4257
1.14745 22.6893
1.15359 22.6025
1.15973 20.8548
1.16584 20.7412
1.17197 21.5779
1.17811 18.1645
1.18424 19.354
1.19038 19.1713
1.19652 19.3638
1.20267 20.1802
1.20881 20.9421
1.21495 19.2012
1.22108 20.9789
1.2272 18.2146
1.23334 16.5403
1.23949 18.1474
1.24562 17.619
1.25174 16.5992
1.25789 16.8599
1.26402 13.0957
1.27014 15.4504
1.27628 12.9352
1.28244 14.821
1.28858 15.7805
1.29471 15.2922
1.30084 13.491
1.30697 14.1179
1.31312 13.5277
1.31925 11.4828
1.32537 11.4295
1.33151 10.5196
1.33765 11.9914
1.34378 10.8828
1.34992 10.1855
1.35606 11.7537
1.3622 8.49558
1.36833 10.1666
1.37445 10.8616
1.38059 8.11889
1.38675 7.58471
1.39288 6.48732
1.39901 6.98619
1.40515 6.82748
1.4113 5.68556
1.41742 5.27963
1.42355 6.03273
1.4297 4.22719
1.43585 3.08484
1.44198 5.72246
1.44809 1.8695
1.45423 2.07876
1.46036 2.45346
1.46649 2.1791
1.47263 2.0655
1.47877 1.40862
1.48491 1.93417
1.49104 -0.745291
1.49718 0.427512
1.50333 -0.421705
1.50947 -1.98046
1.5156 -1.25584
1.52172 -0.855418
1.52787 -4.09115
1.534 -3.37841
1.54013 -3.47535
1.54627 -3.14059
1.55241 -4.14714
1.55855 -4.93499
1.56467 -5.72078
1.5708 -6.38442
