0.00783031 20445.8
0.013688 25098.5
0.019231 25263.4
0.0249154 23349.1
0.0312784 20164.4
0.0375637 16625.9
0.0433917 14797.8
0.0492413 13101
0.0555754 11799
0.0619321 11145.2
0.067871 10291.5
0.0738098 9228.69
0.0800417 8423.96
0.0862327 7576.07
0.0921407 6680.27
0.0982031 5988.37
0.104506 5491.02
0.110769 4968.04
0.116806 4663.74
0.122832 4458.75
0.129052 4275.78
0.135211 3936.81
0.141259 3747.09
0.147318 3446.49
0.153489 3246.89
0.159709 2991.13
0.165845 2794.78
0.171974 2641.27
0.178125 2494.95
0.184229 2390.7
0.19034 2325.97
0.196428 2221.26
0.202534 2091.66
0.208729 1956.41
0.214876 1917.64
0.220989 1872.04
0.227147 1709.53
0.23329 1696.98
0.239377 1585.97
0.245482 1546.68
0.251667 1502.6
0.257832 1396.31
0.263955 1387.08
0.270079 1338.16
0.27624 1285.65
0.282372 1238.3
0.28843 1198.57
0.294538 1163.38
0.300721 1130.12
0.30691 1104.61
0.313033 1053.13
0.319153 1022.38
0.325316 985.624
0.33145 959.411
0.337538 933.93
0.343633 909.436
0.349808 878.342
0.355968 849.849
0.362074 837.263
0.368217 817.982
0.374374 793.824
0.380519 762.785
0.386598 752.703
0.392688 729.43
0.39888 708.053
0.405048 701.029
0.411186 682.059
0.417313 663.046
0.423458 649.545
0.429607 631.394
0.435692 616.845
0.441815 601.661
0.447964 597.075
0.454126 581.57
0.460267 564.004
0.466387 553.99
0.47254 546.72
0.478662 532.437
0.484765 522.818
0.490885 507.832
0.497035 508.133
0.503198 487.403
0.509342 479.573
0.515458 469.641
0.521598 459.221
0.527764 455.517
0.533884 445.147
0.54 440.574
0.546137 425.335
0.552299 420.097
0.558452 413.498
0.564573 406.584
0.570708 397.407
0.576825 387.404
0.582926 384.257
0.589034 378.914
0.595184 372.888
0.601379 364.927
0.607522 359.42
0.613639 354.982
0.619772 347.47
0.625918 340.221
0.632068 335.846
0.638161 332.188
0.6443 326.073
0.650464 319.371
0.656582 315.594
0.662703 308.918
0.668861 304.989
0.675024 302.885
0.681124 296.594
0.687237 290.785
0.693381 286.608
0.699536 281.298
0.705665 276.41
0.711789 273.672
0.717957 271.173
0.72409 266.669
0.730186 262.843
0.736317 259.363
0.742472 252.776
0.748622 250.382
0.75476 247.631
0.760888 243.72
0.767043 239.951
0.773185 237.17
0.779291 233.847
0.785407 230.297
0.791564 226.585
0.797719 224.743
0.803834 222.442
0.809972 218.925
0.816124 215.056
0.822261 212.4
0.828378 208.652
0.834502 206.101
0.840667 203.06
0.846816 200.479
0.852925 197.494
0.859047 194.837
0.865192 193.204
0.871341 190.093
0.877463 187.135
0.883569 183.939
0.889708 181.627
0.895864 179.127
0.902008 178.386
0.908149 175.513
0.914301 173.106
0.920448 170.324
0.926574 168.899
0.932687 166.717
0.938823 164.06
0.944975 161.847
0.951105 159.877
0.957225 157.877
0.963368 156.503
0.969511 154.341
0.975621 151.561
0.981748 149.998
0.987916 148.694
0.99406 145.785
1.00019 144.273
1.00632 142.692
1.01246 140.552
1.01859 139.679
1.02471 137.289
1.03085 135.155
1.03698 133.7
1.04314 132.706
1.04929 131.767
1.05541 129.785
1.06154 127.725
1.06769 126.321
1.07382 124.476
1.07993 123.407
1.08607 121.949
1.09222 120.292
1.09836 119.219
1.10449 117.328
1.11063 116.589
1.11677 114.279
1.1229 113.957
1.12903 112.507
1.13518 111.248
1.14131 109.632
1.14745 108.568
1.15359 107.423
1.15973 106.322
1.16584 105.294
1.17197 103.386
1.17811 102.236
1.18424 101.336
1.19038 100.152
1.19652 99.1605
1.20267 97.8191
1.20881 96.7898
1.21495 95.5342
1.22108 94.6982
1.2272 93.6399
1.23334 92.587
1.23949 91.4464
1.24562 90.4436
1.25174 89.559
1.25789 88.7107
1.26402 87.8267
1.27014 86.3988
1.27628 85.6151
1.28244 84.966
1.28858 83.8519
1.29471 83.1041
1.30084 81.7015
1.30697 81.2504
1.31312 80.2142
1.31925 79.4212
1.32537 78.6938
1.33151 77.6386
1.33765 76.7125
1.34378 76.2639
1.34992 75.2966
1.35606 74.6368
1.3622 73.8502
1.36833 72.8779
1.37445 72.331
1.38059 71.5575
1.38675 70.5622
1.39288 69.6956
1.39901 69.2234
1.40515 68.3724
1.4113 67.8039
1.41742 67.1985
1.42355 66.4865
1.4297 65.7196
1.43585 65.145
1.44198 64.4189
1.44809 63.9431
1.45423 63.3012
1.46036 62.441
1.46649 61.9464
1.47263 61.326
1.47877 60.8531
1.48491 60.2839
1.49104 59.4549
1.49718 58.8472
1.50333 58.2107
1.50947 57.8266
1.5156 57.0438
1.52172 56.6857
1.52787 55.9761
1.534 55.3728
1.54013 54.9118
1.54627 54.2673
1.55241 53.723
1.55855 53.4157
1.56467 52.6831
1.5708 52.3383
