0.00783031 4337.4
0.013688 3980.29
0.019231 3495.09
0.0249154 3468.4
0.0312784 3439.5
0.0375637 2772.45
0.0433917 3106.54
0.0492413 2605.18
0.0555754 2537.77
0.0619321 2411.2
0.067871 2189.29
0.0738098 2208.44
0.0800417 1910.49
0.0862327 1985.87
0.0921407 1846.72
0.0982031 1769.76
0.104506 1652.94
0.110769 1673.58
0.116806 1504.39
0.122832 1452.5
0.129052 1469.61
0.135211 1377.43
0.141259 1333.09
0.147318 1301.52
0.153489 1259.92
0.159709 1180.6
0.165845 1174.62
0.171974 1124.91
0.178125 1087.25
0.184229 1057.63
0.19034 1029.99
0.196428 1008.39
0.202534 996.757
0.208729 936.581
0.214876 907.571
0.220989 898.389
0.227147 868.394
0.23329 866.762
0.239377 844.192
0.245482 831.783
0.251667 797.12
0.257832 785.843
0.263955 764.534
0.270079 751.867
0.27624 730.994
0.282372 711.842
0.28843 702.055
0.294538 676.595
0.300721 670.574
0.30691 655.482
0.313033 656.097
0.319153 636.112
0.325316 627.365
0.33145 609.705
0.337538 601.93
0.343633 585.234
0.349808 574.812
0.355968 573.138
0.362074 564.559
0.368217 557.337
0.374374 547.738
0.380519 532.939
0.386598 529.7
0.392688 523.609
0.39888 507.393
0.405048 493.952
0.411186 496.019
0.417313 487.535
0.423458 471.455
0.429607 473.763
0.435692 465.816
0.441815 456.455
0.447964 449.195
0.454126 446.821
0.460267 437.05
0.466387 430.734
0.47254 427.021
0.478662 420.824
0.484765 413.026
0.490885 405.935
0.497035 403.866
0.503198 397.279
0.509342 395.506
0.515458 387.681
0.521598 385.374
0.527764 378.493
0.533884 377.242
0.54 368.363
0.546137 362.104
0.552299 360.401
0.558452 354.047
0.564573 350.694
0.570708 350.069
0.576825 347.283
0.582926 341.129
0.589034 336.566
0.595184 330.717
0.601379 330.022
0.607522 327.694
0.613639 323.27
0.619772 316.949
0.625918 314.758
0.632068 310.61
0.638161 305.843
0.6443 304.304
0.650464 301.694
0.656582 298.262
0.662703 295.001
0.668861 291.31
0.675024 288.835
0.681124 284.54
0.687237 281.71
0.693381 278.917
0.699536 276.977
0.705665 275.056
0.711789 271.061
0.717957 268.425
0.72409 266.627
0.730186 263.324
0.736317 259.238
0.742472 258.989
0.748622 257.02
0.75476 253.13
0.760888 250.027
0.767043 247.843
0.773185 244.101
0.779291 244.721
0.785407 241.675
0.791564 240.813
0.797719 236.274
0.803834 234.314
0.809972 232.87
0.816124 230.114
0.822261 228.622
0.828378 227.571
0.834502 224.562
0.840667 222.184
0.846816 220.04
0.852925 219.773
0.859047 216.948
0.865192 215.336
0.871341 213.588
0.877463 211.938
0.883569 209.312
0.889708 207.775
0.895864 206.55
0.902008 204.429
0.908149 201.776
0.914301 200.362
0.920448 199.935
0.926574 196.965
0.932687 195.622
0.938823 194.182
0.944975 192.866
0.951105 191.041
0.957225 190.48
0.963368 188.685
0.969511 185.902
0.975621 185.668
0.981748 182.769
0.987916 182.59
0.99406 181.134
1.00019 179.78
1.00632 177.957
1.01246 176.624
1.01859 176.143
1.02471 173.885
1.03085 172.118
1.03698 170.524
1.04314 169.72
1.04929 169.38
1.05541 167.928
1.06154 165.774
1.06769 164.937
1.07382 163.802
1.07993 162.311
1.08607 161.144
1.09222 160.614
1.09836 158.733
1.10449 157.872
1.11063 156.534
1.11677 155.356
1.1229 154.694
1.12903 153.175
1.13518 152.115
1.14131 151.203
1.14745 149.905
1.15359 148.84
1.15973 148.084
1.16584 146.818
1.17197 146.331
1.17811 145.248
1.18424 144.02
1.19038 143.066
1.19652 142.143
1.20267 140.416
1.20881 140.144
1.21495 139.711
1.22108 138.273
1.2272 137.296
1.23334 136.633
1.23949 135.588
1.24562 134.791
1.25174 133.954
1.25789 133.012
1.26402 131.901
1.27014 131.759
1.27628 130.519
1.28244 129.558
1.28858 128.406
1.29471 128.172
1.30084 127.451
1.30697 126.059
1.31312 125.656
1.31925 124.829
1.32537 123.48
1.33151 123.044
1.33765 122.621
1.34378 121.927
1.34992 120.847
1.35606 119.977
1.3622 119.341
1.36833 118.509
1.37445 117.83
1.38059 117.159
1.38675 116.693
1.39288 115.853
1.39901 115.39
1.40515 114.583
1.4113 113.761
1.41742 113.08
1.42355 112.752
1.4297 111.615
1.43585 110.966
1.44198 110.341
1.44809 109.923
1.45423 109.55
1.46036 108.587
1.46649 107.979
1.47263 107.335
1.47877 106.812
1.48491 106.201
1.49104 105.454
1.49718 104.805
1.50333 104.504
1.50947 103.667
1.5156 103.421
1.52172 102.677
1.52787 102.001
1.534 101.42
1.54013 101.125
1.54627 100.206
1.55241 99.9357
1.55855 99.3236
1.56467 98.471
1.5708 98.6072
