0.00783031 0.096686
0.013688 0.0764622
0.019231 0.949503
0.0249154 1.09322
0.0312784 0.0961027
0.0375637 1.91958
0.0433917 1.63405
0.0492413 2.4303
0.0555754 4.16128
0.0619321 5.30752
0.067871 5.27463
0.0738098 5.65324
0.0800417 7.00471
0.0862327 7.49566
0.0921407 9.19316
0.0982031 10.4712
0.104506 10.8005
0.110769 12.4265
0.116806 12.8196
0.122832 13.6017
0.129052 15.5383
0.135211 15.4585
0.141259 16.6378
0.147318 18.7216
0.153489 19.1899
0.159709 18.2815
0.165845 21.1343
0.171974 21.0817
0.178125 21.6322
0.184229 24.1905
0.19034 24.4513
0.196428 25.3083
0.202534 26.7361
0.208729 25.8083
0.214876 27.8202
0.220989 28.9032
0.227147 29.234
0.23329 31.0001
0.239377 30.6485
0.245482 32.0665
0.251667 32.7468
0.257832 33.8518
0.263955 32.9889
0.270079 34.7596
0.27624 35.455
0.282372 34.7056
0.28843 36.6561
0.294538 36.204
0.300721 37.4326
0.30691 38.5788
0.313033 39.9726
0.319153 39.8525
0.325316 41.1075
0.33145 40.7008
0.337538 41.3449
0.343633 41.8772
0.349808 42.0094
0.355968 42.7588
0.362074 43.4061
0.368217 44.3143
0.374374 44.596
0.380519 44.6693
0.386598 45.6396
0.392688 45.6038
0.39888 45.6045
0.405048 45.998
0.411186 47.4755
0.417313 47.0841
0.423458 47.0157
0.429607 47.9327
0.435692 48.5236
0.441815 48.1184
0.447964 48.7323
0.454126 50.2159
0.460267 49.3434
0.466387 49.6284
0.47254 50.6369
0.478662 51.1342
0.484765 50.4447
0.490885 50.8273
0.497035 51.663
0.503198 51.8635
0.509342 52.949
0.515458 51.971
0.521598 52.8583
0.527764 52.2232
0.533884 53.7961
0.54 53.4479
0.546137 52.6686
0.552299 53.9777
0.558452 53.9615
0.564573 53.9685
0.570708 54.9065
0.576825 55.0907
0.582926 55.1986
0.589034 54.7377
0.595184 54.6169
0.601379 55.7619
0.607522 56.0911
0.613639 56.263
0.619772 56.199
0.625918 55.8277
0.632068 56.143
0.638161 55.9709
0.6443 56.7238
0.650464 57.255
0.656582 57.3524
0.662703 57.5201
0.668861 57.0554
0.675024 57.659
0.681124 57.2851
0.687237 57.3818
0.693381 57.9386
0.699536 58.0533
0.705665 57.6942
0.711789 58.1677
0.717957 58.1016
0.72409 58.1231
0.730186 58.3485
0.736317 57.7529
0.742472 58.835
0.748622 59.2091
0.75476 58.8483
0.760888 58.463
0.767043 58.3756
0.773185 58.3146
0.779291 59.0992
0.785407 59.1515
0.791564 59.7473
0.797719 58.8259
0.803834 59.4633
0.809972 59.4823
0.816124 59.3226
0.822261 58.8325
0.828378 59.2579
0.834502 59.4152
0.840667 59.1769
0.846816 59.3701
0.852925 59.7876
0.859047 59.518
0.865192 60.0538
0.871341 60.2496
0.877463 59.7079
0.883569 60.113
0.889708 60.1132
0.895864 60.2982
0.902008 60.0132
0.908149 59.5936
0.914301 59.5871
0.920448 60.5391
0.926574 59.726
0.932687 59.9528
0.938823 59.5426
0.944975 60.1462
0.951105 60.4532
0.957225 60.7717
0.963368 60.4852
0.969511 60.2551
0.975621 60.5843
0.981748 60.014
0.987916 60.0235
0.99406 60.3633
1.00019 60.211
1.00632 60.4963
1.01246 60.1658
1.01859 60.4178
1.02471 60.4506
1.03085 59.7331
1.03698 60.2401
1.04314 60.412
1.04929 61.0005
1.05541 60.6452
1.06154 59.7767
1.06769 60.2201
1.07382 60.1428
1.07993 59.744
1.08607 59.8186
1.09222 60.2819
1.09836 60.3675
1.10449 60.1281
1.11063 59.9018
1.11677 60.0307
1.1229 60.3645
1.12903 60.0929
1.13518 59.9826
1.14131 60.3401
1.14745 60.0062
1.15359 59.5713
1.15973 59.6193
1.16584 60.002
1.17197 60.0856
1.17811 59.97
1.18424 59.9124
1.19038 59.8349
1.19652 59.9265
1.20267 59.5514
1.20881 59.6904
1.21495 59.565
1.22108 59.606
1.2272 59.5501
1.23334 59.8048
1.23949 59.7463
1.24562 59.8054
1.25174 59.5783
1.25789 59.5328
1.26402 59.4462
1.27014 59.8411
1.27628 59.337
1.28244 59.2661
1.28858 59.0637
1.29471 59.1973
1.30084 59.1467
1.30697 59.0821
1.31312 59.2207
1.31925 59.2214
1.32537 58.7897
1.33151 59.2125
1.33765 58.7669
1.34378 59.1489
1.34992 58.6109
1.35606 58.6217
1.3622 59.049
1.36833 58.6135
1.37445 58.6169
1.38059 58.6326
1.38675 58.6303
1.39288 58.683
1.39901 58.8117
1.40515 58.5901
1.4113 58.3964
1.41742 58.3317
1.42355 58.5283
1.4297 58.0142
1.43585 58.3384
1.44198 57.893
1.44809 58.2121
1.45423 58.3286
1.46036 57.7577
1.46649 57.9768
1.47263 57.6531
1.47877 57.9484
1.48491 57.9529
1.49104 57.4688
1.49718 57.6338
1.50333 57.6173
1.50947 57.1362
1.5156 57.0492
1.52172 57.0657
1.52787 57.3432
1.534 57.2849
1.54013 57.1668
1.54627 56.9789
1.55241 56.7189
1.55855 56.7585
1.56467 56.4161
1.5708 56.4728
