0.00783031 0.00217821
0.013688 0.00584481
0.019231 0.0125165
0.0249154 0.0204358
0.0312784 0.0358105
0.0375637 0.0622594
0.0433917 0.0886116
0.0492413 0.132837
0.0555754 0.181183
0.0619321 0.261546
0.067871 0.339909
0.0738098 0.438544
0.0800417 0.531178
0.0862327 0.630571
0.0921407 0.744949
0.0982031 0.865898
0.104506 1.00695
0.110769 1.13675
0.116806 1.31127
0.122832 1.50722
0.129052 1.77457
0.135211 2.00744
0.141259 2.16418
0.147318 2.38167
0.153489 2.65188
0.159709 2.82383
0.165845 3.18252
0.171974 3.3092
0.178125 3.62444
0.184229 3.9827
0.19034 4.39006
0.196428 4.69558
0.202534 5.03678
0.208729 5.25705
0.214876 5.68601
0.220989 6.06964
0.227147 6.348
0.23329 6.83421
0.239377 7.06658
0.245482 7.61532
0.251667 7.9813
0.257832 8.358
0.263955 8.71216
0.270079 9.35795
0.27624 9.68913
0.282372 10.1233
0.28843 10.6408
0.294538 11.0868
0.300721 11.5472
0.30691 12.0912
0.313033 12.6088
0.319153 13.1345
0.325316 13.7328
0.33145 14.1046
0.337538 14.7886
0.343633 15.2592
0.349808 15.6796
0.355968 16.2486
0.362074 16.805
0.368217 17.5473
0.374374 18.027
0.380519 18.5241
0.386598 19.1014
0.392688 19.5985
0.39888 20.1273
0.405048 21.094
0.411186 21.6338
0.417313 22.1075
0.423458 22.5922
0.429607 23.4229
0.435692 23.8489
0.441815 24.6173
0.447964 25.4235
0.454126 26.0771
0.460267 26.4665
0.466387 27.1424
0.47254 28.025
0.478662 28.4732
0.484765 29.0288
0.490885 29.7526
0.497035 31.0642
0.503198 31.5192
0.509342 32.3398
0.515458 32.7874
0.521598 33.266
0.527764 34.1201
0.533884 35.1299
0.54 35.8433
0.546137 36.1668
0.552299 37.3027
0.558452 37.8906
0.564573 38.8813
0.570708 39.4138
0.576825 40.1379
0.582926 41.2189
0.589034 41.5625
0.595184 42.3185
0.601379 43.3812
0.607522 44.1421
0.613639 44.9885
0.619772 45.5942
0.625918 46.3285
0.632068 47.3993
0.638161 48.0745
0.6443 48.8041
0.650464 49.7556
0.656582 50.3696
0.662703 51.4643
0.668861 51.7573
0.675024 53.112
0.681124 53.7681
0.687237 54.269
0.693381 55.8935
0.699536 56.7812
0.705665 57.0596
0.711789 57.7925
0.717957 58.9434
0.72409 59.4916
0.730186 60.5576
0.736317 61.2694
0.742472 62.0792
0.748622 63.5731
0.75476 63.904
0.760888 64.8783
0.767043 65.7509
0.773185 66.1911
0.779291 67.4189
0.785407 68.1772
0.791564 69.8356
0.797719 70.2767
0.803834 71.5539
0.809972 71.8291
0.816124 73.004
0.822261 73.7781
0.828378 75.1902
0.834502 75.5895
0.840667 76.0373
0.846816 77.6092
0.852925 78.6253
0.859047 79.0145
0.865192 80.4785
0.871341 81.4699
0.877463 81.9399
0.883569 83.4649
0.889708 84.877
0.895864 85.1667
0.902008 86.2133
0.908149 86.9171
0.914301 88.1645
0.920448 89.4935
0.926574 89.6982
0.932687 91.0061
0.938823 91.7549
0.944975 93.2205
0.951105 94.2248
0.957225 94.9641
0.963368 96.2723
0.969511 97.1661
0.975621 98.3376
0.981748 98.9804
0.987916 99.9891
0.99406 101.045
1.00019 102.173
1.00632 103.614
1.01246 104.343
1.01859 105.446
1.02471 106.148
1.03085 106.92
1.03698 107.957
1.04314 109.535
1.04929 110.726
1.05541 111.349
1.06154 111.9
1.06769 113.442
1.07382 114.425
1.07993 115.353
1.08607 116.115
1.09222 117.816
1.09836 119.047
1.10449 119.87
1.11063 120.609
1.11677 122.1
1.1229 122.857
1.12903 123.663
1.13518 125.075
1.14131 126.373
1.14745 127.769
1.15359 127.917
1.15973 129.052
1.16584 130.682
1.17197 131.522
1.17811 132.238
1.18424 133.282
1.19038 134.755
1.19652 136.122
1.20267 137.037
1.20881 137.602
1.21495 138.928
1.22108 140.733
1.2272 140.616
1.23334 142.553
1.23949 144.094
1.24562 145.28
1.25174 145.719
1.25789 146.96
1.26402 148.017
1.27014 149.362
1.27628 150.139
1.28244 151.328
1.28858 152.354
1.29471 153.192
1.30084 154.257
1.30697 155.471
1.31312 157.036
1.31925 158.23
1.32537 159.049
1.33151 160.861
1.33765 161.123
1.34378 162.917
1.34992 163.651
1.35606 165.148
1.3622 166.446
1.36833 166.93
1.37445 168.147
1.38059 169.523
1.38675 170.912
1.39288 171.746
1.39901 173.02
1.40515 173.697
1.4113 175.379
1.41742 176.051
1.42355 177.38
1.4297 178.781
1.43585 180.172
1.44198 181.116
1.44809 182.127
1.45423 183.918
1.46036 184.298
1.46649 185.912
1.47263 186.464
1.47877 188.682
1.48491 189.164
1.49104 190.425
1.49718 191.591
1.50333 192.902
1.50947 193.417
1.5156 195.294
1.52172 195.887
1.52787 197.676
1.534 198.729
1.54013 199.598
1.54627 200.927
1.55241 201.977
1.55855 203.161
1.56467 204.326
1.5708 205.426
