0.00783031 5120.48
0.013688 1003.01
0.019231 781.399
0.0249154 1644.64
0.0312784 1134.84
0.0375637 -250.621
0.0433917 847.413
0.0492413 649.473
0.0555754 -263.116
0.0619321 82.2107
0.067871 581.074
0.0738098 837.191
0.0800417 433.354
0.0862327 702.832
0.0921407 605.822
0.0982031 993.599
0.104506 878.887
0.110769 897.624
0.116806 1006.43
0.122832 977.963
0.129052 949.257
0.135211 1096.58
0.141259 1093.28
0.147318 1020.16
0.153489 1013.26
0.159709 1082.16
0.165845 1113.77
0.171974 1137.52
0.178125 1220.61
0.184229 1098.13
0.19034 1117.65
0.196428 1209.54
0.202534 1154.2
0.208729 1134.15
0.214876 1183.73
0.220989 1206.76
0.227147 1171.2
0.23329 1203.16
0.239377 1225.28
0.245482 1194.89
0.251667 1191.31
0.257832 1195.94
0.263955 1178.53
0.270079 1195.06
0.27624 1221.14
0.282372 1154
0.28843 1216.94
0.294538 1212.96
0.300721 1210.08
0.30691 1176.64
0.313033 1190.82
0.319153 1200.14
0.325316 1182.31
0.33145 1196.69
0.337538 1201.73
0.343633 1202.72
0.349808 1191.35
0.355968 1164.04
0.362074 1185.28
0.368217 1186.86
0.374374 1168.93
0.380519 1173.42
0.386598 1177.99
0.392688 1157.8
0.39888 1163.69
0.405048 1166.93
0.411186 1156.56
0.417313 1160.25
0.423458 1158.29
0.429607 1168.49
0.435692 1153.68
0.441815 1159
0.447964 1129.64
0.454126 1132.64
0.460267 1146.85
0.466387 1132.54
0.47254 1121.28
0.478662 1135.34
0.484765 1126.41
0.490885 1135.77
0.497035 1116.58
0.503198 1121.28
0.509342 1113.47
0.515458 1119.2
0.521598 1123.93
0.527764 1104.6
0.533884 1111.78
0.54 1093.52
0.546137 1098.29
0.552299 1086.47
0.558452 1089.14
0.564573 1109.82
0.570708 1090.28
0.576825 1087.55
0.582926 1085.53
0.589034 1074.64
0.595184 1070.44
0.601379 1083.01
0.607522 1064.45
0.613639 1074.46
0.619772 1065.78
0.625918 1067.44
0.632068 1051.75
0.638161 1058.57
0.6443 1059.13
0.650464 1059.15
0.656582 1041.75
0.662703 1036.6
0.668861 1044.87
0.675024 1028.39
0.681124 1027.08
0.687237 1030.53
0.693381 1033.29
0.699536 1031.66
0.705665 1023.72
0.711789 1015.95
0.717957 1011.62
0.72409 1010.52
0.730186 1010.35
0.736317 1014.07
0.742472 1001.47
0.748622 996.862
0.75476 1001.06
0.760888 992.695
0.767043 992.882
0.773185 986.687
0.779291 985.121
0.785407 987.946
0.791564 973.303
0.797719 974.954
0.803834 970.035
0.809972 977.081
0.816124 965.662
0.822261 962.718
0.828378 963.654
0.834502 959.857
0.840667 959.679
0.846816 955.316
0.852925 943.415
0.859047 949.127
0.865192 938.16
0.871341 941.177
0.877463 936.774
0.883569 931.121
0.889708 931.615
0.895864 925.026
0.902008 923.553
0.908149 922.362
0.914301 912.5
0.920448 917.036
0.926574 910.038
0.932687 909.597
0.938823 900.417
0.944975 903.705
0.951105 895.977
0.957225 896.447
0.963368 889.379
0.969511 893.704
0.975621 884.447
0.981748 886.161
0.987916 878.583
0.99406 881.431
1.00019 873.613
1.00632 869.124
1.01246 867.916
1.01859 864.805
1.02471 865.653
1.03085 858.599
1.03698 855.58
1.04314 852.415
1.04929 853.796
1.05541 844.07
1.06154 845.485
1.06769 837.821
1.07382 835.355
1.07993 835.953
1.08607 828.825
1.09222 831.842
1.09836 822.149
1.10449 820.312
1.11063 820.418
1.11677 816.55
1.1229 811.167
1.12903 805.598
1.13518 808.289
1.14131 803.657
1.14745 796.503
1.15359 800.692
1.15973 793.554
1.16584 794.873
1.17197 790.313
1.17811 784.338
1.18424 781.738
1.19038 778.582
1.19652 777.343
1.20267 776.443
1.20881 771.265
1.21495 770.218
1.22108 764.952
1.2272 763.003
1.23334 759.649
1.23949 757.703
1.24562 751.651
1.25174 752.272
1.25789 748.633
1.26402 741.704
1.27014 741.903
1.27628 738.849
1.28244 738.645
1.28858 732.033
1.29471 729.438
1.30084 726.549
1.30697 724.267
1.31312 721.549
1.31925 718.988
1.32537 716.88
1.33151 714.493
1.33765 709.452
1.34378 704.78
1.34992 704.978
1.35606 701.202
1.3622 697.258
1.36833 695.309
1.37445 694.012
1.38059 688.742
1.38675 685.643
1.39288 684.033
1.39901 683.463
1.40515 679.286
1.4113 674.877
1.41742 675.935
1.42355 673.303
1.4297 669.428
1.43585 667.886
1.44198 665.393
1.44809 658.603
1.45423 659.752
1.46036 654.921
1.46649 653.214
1.47263 648.603
1.47877 646.795
1.48491 644.08
1.49104 641.808
1.49718 637.701
1.50333 637.63
1.50947 634.957
1.5156 628.856
1.52172 630.143
1.52787 626.878
1.534 624.012
1.54013 620.972
1.54627 617.003
1.55241 617.146
1.55855 611.888
1.56467 611.688
1.5708 608.734
