0.00783031 469.661
0.013688 692.401
0.019231 -3560.95
0.0249154 562.462
0.0312784 68.3168
0.0375637 997.982
0.0433917 615.807
0.0492413 637.449
0.0555754 614.997
0.0619321 649.177
0.067871 1125
0.0738098 1350.06
0.0800417 1042.45
0.0862327 1107.65
0.0921407 1213.12
0.0982031 1396.35
0.104506 1660.9
0.110769 1397.21
0.116806 1573.17
0.122832 1539.94
0.129052 1702.63
0.135211 1782.24
0.141259 1625.81
0.147318 1574.87
0.153489 1742.24
0.159709 1683.66
0.165845 1774.1
0.171974 1774.21
0.178125 1799.36
0.184229 1845.95
0.19034 1802.07
0.196428 1814.96
0.202534 1853.44
0.208729 1860.2
0.214876 1877.47
0.220989 1905.73
0.227147 1906.56
0.23329 1870.72
0.239377 1891.04
0.245482 1928.34
0.251667 1963.84
0.257832 1909.65
0.263955 1913.84
0.270079 1969.04
0.27624 1912.47
0.282372 1913.14
0.28843 1919.18
0.294538 1931.16
0.300721 1931.85
0.30691 1920.81
0.313033 1902.87
0.319153 1935.94
0.325316 1931.8
0.33145 1907.64
0.337538 1904.9
0.343633 1942.05
0.349808 1955.4
0.355968 1975.96
0.362074 1939.36
0.368217 1901.34
0.374374 1942.37
0.380519 1971.29
0.386598 1973.3
0.392688 1917.08
0.39888 1950.62
0.405048 1914.23
0.411186 1936.65
0.417313 1914.61
0.423458 1919.18
0.429607 1913.55
0.435692 1916.34
0.441815 1927.76
0.447964 1884.27
0.454126 1897.18
0.460267 1913.12
0.466387 1905.97
0.47254 1887.65
0.478662 1890.12
0.484765 1880.82
0.490885 1873.57
0.497035 1875.17
0.503198 1866.93
0.509342 1885.86
0.515458 1853.11
0.521598 1856.57
0.527764 1867.6
0.533884 1851.29
0.54 1837.43
0.546137 1835.15
0.552299 1843.68
0.558452 1831.72
0.564573 1809.13
0.570708 1812.1
0.576825 1801.46
0.582926 1802.48
0.589034 1785.83
0.595184 1806.28
0.601379 1787.61
0.607522 1781.93
0.613639 1783.23
0.619772 1779.96
0.625918 1759.94
0.632068 1758.93
0.638161 1745.17
0.6443 1750.73
0.650464 1738.76
0.656582 1741.53
0.662703 1743.03
0.668861 1727.71
0.675024 1715.48
0.681124 1721.13
0.687237 1698.97
0.693381 1694.04
0.699536 1702.74
0.705665 1693.4
0.711789 1679.79
0.717957 1673.98
0.72409 1666.12
0.730186 1654.06
0.736317 1652.88
0.742472 1645.88
0.748622 1631.6
0.75476 1641.93
0.760888 1631.07
0.767043 1626.22
0.773185 1608.61
0.779291 1600.2
0.785407 1614.21
0.791564 1577.22
0.797719 1590.96
0.803834 1580.36
0.809972 1576.95
0.816124 1572.72
0.822261 1554.92
0.828378 1550.13
0.834502 1547.27
0.840667 1526.63
0.846816 1528.62
0.852925 1521.11
0.859047 1522.04
0.865192 1513.38
0.871341 1506.13
0.877463 1500.13
0.883569 1500.74
0.889708 1494.86
0.895864 1482.13
0.902008 1466.05
0.908149 1465.35
0.914301 1467.6
0.920448 1457.53
0.926574 1449.16
0.932687 1451.03
0.938823 1441.39
0.944975 1430.9
0.951105 1437.04
0.957225 1410.37
0.963368 1419.97
0.969511 1406.6
0.975621 1391.63
0.981748 1400.71
0.987916 1393.63
0.99406 1380.3
1.00019 1373.37
1.00632 1364
1.01246 1355.44
1.01859 1349.72
1.02471 1354.78
1.03085 1343.16
1.03698 1336.25
1.04314 1336.06
1.04929 1333.07
1.05541 1321.83
1.06154 1303.03
1.06769 1310.18
1.07382 1303.57
1.07993 1306.58
1.08607 1296.59
1.09222 1290.88
1.09836 1284.14
1.10449 1277.89
1.11063 1273.39
1.11677 1258.42
1.1229 1258.14
1.12903 1252.76
1.13518 1247.92
1.14131 1248.74
1.14745 1237.58
1.15359 1238.16
1.15973 1228.52
1.16584 1222.31
1.17197 1216.71
1.17811 1216.11
1.18424 1215.68
1.19038 1197.35
1.19652 1193.61
1.20267 1192.13
1.20881 1186.42
1.21495 1181.13
1.22108 1169.71
1.2272 1167.99
1.23334 1164.7
1.23949 1160.73
1.24562 1155.91
1.25174 1143.69
1.25789 1141.12
1.26402 1140.09
1.27014 1127.97
1.27628 1124.11
1.28244 1120.48
1.28858 1116.24
1.29471 1117.08
1.30084 1111
1.30697 1104.36
1.31312 1098.14
1.31925 1098.2
1.32537 1087.55
1.33151 1078.63
1.33765 1081.19
1.34378 1071.43
1.34992 1073.82
1.35606 1068.9
1.3622 1062.33
1.36833 1056.55
1.37445 1051.72
1.38059 1051.65
1.38675 1045.01
1.39288 1042.21
1.39901 1035.32
1.40515 1034.04
1.4113 1033.34
1.41742 1020.97
1.42355 1019.01
1.4297 1014.24
1.43585 1009.72
1.44198 1004.78
1.44809 996.593
1.45423 998.097
1.46036 993.655
1.46649 989.003
1.47263 983.119
1.47877 978.994
1.48491 969.928
1.49104 973.532
1.49718 964.6
1.50333 961.899
1.50947 954.214
1.5156 951.441
1.52172 947.494
1.52787 945.491
1.534 941.398
1.54013 936.119
1.54627 932.911
1.55241 932.834
1.55855 924.616
1.56467 921.065
1.5708 916.106
