0.00783031 20205.7
0.013688 24808
0.019231 25553.9
0.0249154 23864.9
0.0312784 20248.9
0.0375637 16977
0.0433917 14835.3
0.0492413 13150.3
0.0555754 12059.3
0.0619321 11530.7
0.067871 10288.8
0.0738098 9490.59
0.0800417 8768.15
0.0862327 7693.18
0.0921407 6782.69
0.0982031 6215.5
0.104506 5898.17
0.110769 5319.93
0.116806 5098.43
0.122832 4813.47
0.129052 4580.24
0.135211 4254.69
0.141259 4064.3
0.147318 3794.12
0.153489 3687.94
0.159709 3347.33
0.165845 3180.01
0.171974 2982.74
0.178125 2934.14
0.184229 2841.24
0.19034 2721.22
0.196428 2593.59
0.202534 2505.69
0.208729 2443.32
0.214876 2366.58
0.220989 2232.34
0.227147 2191.54
0.23329 2086.15
0.239377 2002.29
0.245482 1995.28
0.251667 1952.6
0.257832 1880.08
0.263955 1819.89
0.270079 1794.47
0.27624 1736.83
0.282372 1682.18
0.28843 1643.47
0.294538 1598.47
0.300721 1562.43
0.30691 1521.77
0.313033 1507.64
0.319153 1489.63
0.325316 1441.62
0.33145 1397.13
0.337538 1374.62
0.343633 1383.17
0.349808 1339.35
0.355968 1309.51
0.362074 1287.21
0.368217 1250.9
0.374374 1243.54
0.380519 1232.99
0.386598 1214.46
0.392688 1178.96
0.39888 1174.09
0.405048 1143.73
0.411186 1130.74
0.417313 1105.98
0.423458 1103.05
0.429607 1076.38
0.435692 1068
0.441815 1065.92
0.447964 1042.35
0.454126 1024.66
0.460267 1007.17
0.466387 1000.89
0.47254 982.881
0.478662 975.475
0.484765 958.496
0.490885 949.001
0.497035 934.608
0.503198 927.137
0.509342 915.486
0.515458 905.665
0.521598 892.266
0.527764 885.986
0.533884 878.465
0.54 864.916
0.546137 855.365
0.552299 854.943
0.558452 838.822
0.564573 823.368
0.570708 821.338
0.576825 813.177
0.582926 804.289
0.589034 793.365
0.595184 797.097
0.601379 785.955
0.607522 776.682
0.613639 771.331
0.619772 764.868
0.625918 756.2
0.632068 745.721
0.638161 740.952
0.6443 736.88
0.650464 729.789
0.656582 723.929
0.662703 722.513
0.668861 713.102
0.675024 703.092
0.681124 700.046
0.687237 692.545
0.693381 688.315
0.699536 687.321
0.705665 680.068
0.711789 671.832
0.717957 667.618
0.72409 662.613
0.730186 656.712
0.736317 652.911
0.742472 646.297
0.748622 642.118
0.75476 639.111
0.760888 635.119
0.767043 629.036
0.773185 627.904
0.779291 617.641
0.785407 621.403
0.791564 610.749
0.797719 609.128
0.803834 602.411
0.809972 600.129
0.816124 598.552
0.822261 589.552
0.828378 589.232
0.834502 584.916
0.840667 580.175
0.846816 578.172
0.852925 573.275
0.859047 568.791
0.865192 568.351
0.871341 563.387
0.877463 560.768
0.883569 558.887
0.889708 555.841
0.895864 552.059
0.902008 545.155
0.908149 544.608
0.914301 543.931
0.920448 538.771
0.926574 536.132
0.932687 533.967
0.938823 530.104
0.944975 526.78
0.951105 524.155
0.957225 520.355
0.963368 519.888
0.969511 512.475
0.975621 510.955
0.981748 508.879
0.987916 506.14
0.99406 503.487
1.00019 499.478
1.00632 495.322
1.01246 492.982
1.01859 492.016
1.02471 490.756
1.03085 486.228
1.03698 482.751
1.04314 482.475
1.04929 479.733
1.05541 476.624
1.06154 472.278
1.06769 472.427
1.07382 468.146
1.07993 465.951
1.08607 466.023
1.09222 461.44
1.09836 457.25
1.10449 456.357
1.11063 454.552
1.11677 449.072
1.1229 448.848
1.12903 447.345
1.13518 442.72
1.14131 442.688
1.14745 437.759
1.15359 437.932
1.15973 434.072
1.16584 432.409
1.17197 428.279
1.17811 426.585
1.18424 425.815
1.19038 419.653
1.19652 418.48
1.20267 417.294
1.20881 414.071
1.21495 411.588
1.22108 408.965
1.2272 405.642
1.23334 404.887
1.23949 401.973
1.24562 399.517
1.25174 395.95
1.25789 393.681
1.26402 391.556
1.27014 387.492
1.27628 384.908
1.28244 383.49
1.28858 380.537
1.29471 377.378
1.30084 376.731
1.30697 373.877
1.31312 370.015
1.31925 369.231
1.32537 365.612
1.33151 363.342
1.33765 361.739
1.34378 357.96
1.34992 357.168
1.35606 355.028
1.3622 351.698
1.36833 349.029
1.37445 346.814
1.38059 345.335
1.38675 342.096
1.39288 339.616
1.39901 336.697
1.40515 335.55
1.4113 333.582
1.41742 330.289
1.42355 327.679
1.4297 326.844
1.43585 323.99
1.44198 321.394
1.44809 319.097
1.45423 316.661
1.46036 314.988
1.46649 313.878
1.47263 310.57
1.47877 308.612
1.48491 305.715
1.49104 304.421
1.49718 302.869
1.50333 301.042
1.50947 298.134
1.5156 295.926
1.52172 294.448
1.52787 293.237
1.534 290.621
1.54013 289.33
1.54627 287.443
1.55241 285.484
1.55855 283.294
1.56467 281.801
1.5708 279.543
