0.00783031 18233.3
0.013688 22758.5
0.019231 23225.3
0.0249154 21383.7
0.0312784 18322.2
0.0375637 15605
0.0433917 13749
0.0492413 12549.7
0.0555754 11470.5
0.0619321 10773
0.067871 10173.2
0.0738098 9777.91
0.0800417 8695.54
0.0862327 7604.17
0.0921407 7165.05
0.0982031 6331.54
0.104506 5885.43
0.110769 5462.6
0.116806 5251.24
0.122832 5054.22
0.129052 4793.14
0.135211 4565.12
0.141259 4405.58
0.147318 4022.76
0.153489 3973.94
0.159709 3660.22
0.165845 3535.26
0.171974 3447.6
0.178125 3289.81
0.184229 3179.4
0.19034 3143.4
0.196428 2916.49
0.202534 2868.8
0.208729 2810.27
0.214876 2667.96
0.220989 2547.47
0.227147 2554.49
0.23329 2457.89
0.239377 2440.53
0.245482 2327.44
0.251667 2342.9
0.257832 2235.33
0.263955 2166.78
0.270079 2129.51
0.27624 2103.53
0.282372 2056.84
0.28843 2020.25
0.294538 1966.44
0.300721 1943.52
0.30691 1904.11
0.313033 1843.21
0.319153 1842.68
0.325316 1792.25
0.33145 1779.39
0.337538 1717.88
0.343633 1729.59
0.349808 1668.83
0.355968 1652.8
0.362074 1631.54
0.368217 1594.68
0.374374 1562.08
0.380519 1559.02
0.386598 1560.55
0.392688 1510.47
0.39888 1488.92
0.405048 1463.13
0.411186 1447.71
0.417313 1430.1
0.423458 1406.86
0.429607 1402.94
0.435692 1380.67
0.441815 1366.61
0.447964 1333.22
0.454126 1336.03
0.460267 1310.91
0.466387 1297.69
0.47254 1290.24
0.478662 1270.16
0.484765 1245.69
0.490885 1237.22
0.497035 1223.3
0.503198 1205.45
0.509342 1194.65
0.515458 1190.94
0.521598 1170.78
0.527764 1158.15
0.533884 1143.45
0.54 1140.75
0.546137 1129.38
0.552299 1112.22
0.558452 1090.31
0.564573 1077.09
0.570708 1087.34
0.576825 1063.86
0.582926 1053.5
0.589034 1042.91
0.595184 1034.77
0.601379 1021.81
0.607522 1013.82
0.613639 1001.78
0.619772 988.772
0.625918 984.335
0.632068 966.051
0.638161 961.279
0.6443 949.851
0.650464 939.409
0.656582 935.753
0.662703 917.848
0.668861 916.239
0.675024 907.199
0.681124 896.727
0.687237 889.531
0.693381 880.752
0.699536 876.602
0.705665 863.661
0.711789 856.456
0.717957 850.914
0.72409 840.406
0.730186 828.998
0.736317 820.339
0.742472 817.727
0.748622 812.795
0.75476 807.537
0.760888 793.444
0.767043 789.041
0.773185 779.446
0.779291 770.423
0.785407 768.994
0.791564 760.827
0.797719 747.252
0.803834 740.35
0.809972 742.988
0.816124 734.912
0.822261 721.319
0.828378 720.081
0.834502 714.673
0.840667 710.841
0.846816 700.518
0.852925 692.059
0.859047 686.617
0.865192 682.486
0.871341 678.034
0.877463 672.196
0.883569 668.367
0.889708 657.876
0.895864 653.441
0.902008 646.758
0.908149 644.388
0.914301 638.901
0.920448 631.934
0.926574 624.236
0.932687 621.082
0.938823 613.313
0.944975 610.446
0.951105 606.192
0.957225 599.709
0.963368 594.182
0.969511 587.974
0.975621 585.416
0.981748 579.6
0.987916 573.369
0.99406 568.921
1.00019 564.815
1.00632 557.706
1.01246 553.263
1.01859 550.979
1.02471 546.303
1.03085 540.505
1.03698 535.632
1.04314 533.526
1.04929 525.823
1.05541 521.918
1.06154 517.324
1.06769 514.162
1.07382 508.559
1.07993 503.2
1.08607 501.712
1.09222 493.168
1.09836 489.767
1.10449 487.048
1.11063 482.893
1.11677 480.275
1.1229 473.21
1.12903 471.496
1.13518 463.818
1.14131 463.276
1.14745 460.374
1.15359 454.526
1.15973 451.374
1.16584 448.056
1.17197 441.591
1.17811 439.745
1.18424 437.247
1.19038 432.681
1.19652 427.362
1.20267 424.269
1.20881 420.943
1.21495 416.73
1.22108 413.51
1.2272 410.897
1.23334 406.2
1.23949 404.327
1.24562 398.572
1.25174 395.986
1.25789 390.933
1.26402 389.5
1.27014 386.531
1.27628 382.526
1.28244 380.047
1.28858 377.433
1.29471 371.657
1.30084 370.595
1.30697 367.053
1.31312 364.34
1.31925 360.74
1.32537 358.241
1.33151 354.203
1.33765 349.333
1.34378 348.25
1.34992 344.366
1.35606 342.1
1.3622 338.92
1.36833 335.971
1.37445 332.651
1.38059 329.349
1.38675 327.386
1.39288 324.724
1.39901 323.066
1.40515 318.227
1.4113 316.938
1.41742 312.835
1.42355 310.139
1.4297 306.563
1.43585 303.627
1.44198 301.694
1.44809 299.452
1.45423 296.6
1.46036 293.814
1.46649 292.056
1.47263 289.314
1.47877 284.726
1.48491 283.523
1.49104 281.703
1.49718 279.033
1.50333 276.039
1.50947 272.19
1.5156 271.964
1.52172 269.033
1.52787 266.691
1.534 264.006
1.54013 260.931
1.54627 259.288
1.55241 257.224
1.55855 254.493
1.56467 252.316
1.5708 250.433
