0.00783031 2173.78
0.013688 1565.48
0.019231 -578.549
0.0249154 -148.172
0.0312784 -502.464
0.0375637 -370.508
0.0433917 -464.588
0.0492413 -420.546
0.0555754 -561.114
0.0619321 -179.348
0.067871 -349.319
0.0738098 -153.483
0.0800417 -222.896
0.0862327 -119.664
0.0921407 -315.696
0.0982031 -339
0.104506 -342.565
0.110769 -306.942
0.116806 -229.037
0.122832 -242.712
0.129052 -262.817
0.135211 -282.405
0.141259 -301.393
0.147318 -322.684
0.153489 -255.178
0.159709 -295.41
0.165845 -323.617
0.171974 -308.463
0.178125 -264.635
0.184229 -337.104
0.19034 -295.895
0.196428 -302.948
0.202534 -285.557
0.208729 -287.886
0.214876 -316.252
0.220989 -284.408
0.227147 -286.61
0.23329 -268.924
0.239377 -288.476
0.245482 -307.701
0.251667 -272.5
0.257832 -278.929
0.263955 -263.267
0.270079 -258.621
0.27624 -265.964
0.282372 -280.964
0.28843 -264.239
0.294538 -269.978
0.300721 -248.468
0.30691 -261.009
0.313033 -251.291
0.319153 -260.42
0.325316 -243.067
0.33145 -235.738
0.337538 -253.35
0.343633 -240.347
0.349808 -240.752
0.355968 -241.952
0.362074 -238.356
0.368217 -231.112
0.374374 -234.688
0.380519 -229.065
0.386598 -222.815
0.392688 -232.341
0.39888 -222.634
0.405048 -225.014
0.411186 -218.227
0.417313 -210.915
0.423458 -214.298
0.429607 -207.885
0.435692 -213.412
0.441815 -212.853
0.447964 -203.683
0.454126 -204.304
0.460267 -197.113
0.466387 -198.668
0.47254 -194.83
0.478662 -192.858
0.484765 -194.624
0.490885 -189.257
0.497035 -185.248
0.503198 -186.292
0.509342 -189.229
0.515458 -182.871
0.521598 -180.848
0.527764 -182.425
0.533884 -172.71
0.54 -176.155
0.546137 -171.448
0.552299 -172.777
0.558452 -171.53
0.564573 -165.7
0.570708 -162.634
0.576825 -164.065
0.582926 -160.799
0.589034 -161.209
0.595184 -156.746
0.601379 -156.043
0.607522 -151.317
0.613639 -151.623
0.619772 -150.11
0.625918 -146.905
0.632068 -148.798
0.638161 -147.643
0.6443 -144.032
0.650464 -143.959
0.656582 -139.479
0.662703 -138.568
0.668861 -136.824
0.675024 -133.283
0.681124 -136.472
0.687237 -132.616
0.693381 -130.049
0.699536 -128.031
0.705665 -126.755
0.711789 -127.508
0.717957 -124.812
0.72409 -122.068
0.730186 -121.483
0.736317 -120.245
0.742472 -118.419
0.748622 -115.082
0.75476 -115.809
0.760888 -114.053
0.767043 -112.228
0.773185 -111.99
0.779291 -110.281
0.785407 -110.543
0.791564 -109.924
0.797719 -106.536
0.803834 -105.166
0.809972 -104.377
0.816124 -102.366
0.822261 -100.525
0.828378 -99.2889
0.834502 -99.6808
0.840667 -98.3716
0.846816 -95.6785
0.852925 -95.0108
0.859047 -94.2708
0.865192 -93.9304
0.871341 -89.588
0.877463 -90.0901
0.883569 -89.1238
0.889708 -88.1835
0.895864 -86.7721
0.902008 -85.0669
0.908149 -86.9086
0.914301 -84.6289
0.920448 -83.1613
0.926574 -81.6016
0.932687 -80.9079
0.938823 -78.8652
0.944975 -77.2676
0.951105 -77.5529
0.957225 -76.1988
0.963368 -76.4242
0.969511 -73.7499
0.975621 -74.5714
0.981748 -73.5082
0.987916 -70.9559
0.99406 -70.8998
1.00019 -70.146
1.00632 -70.6201
1.01246 -67.9847
1.01859 -67.2181
1.02471 -66.7234
1.03085 -67.7929
1.03698 -65.9513
1.04314 -65.7161
1.04929 -63.8634
1.05541 -63.5416
1.06154 -62.9887
1.06769 -62.6483
1.07382 -61.4449
1.07993 -61.1604
1.08607 -60.5816
1.09222 -59.511
1.09836 -58.2899
1.10449 -58.1235
1.11063 -57.9481
1.11677 -56.3264
1.1229 -56.7911
1.12903 -55.1372
1.13518 -55.6046
1.14131 -54.775
1.14745 -54.0067
1.15359 -52.6594
1.15973 -52.3045
1.16584 -51.2433
1.17197 -51.972
1.17811 -51.2834
1.18424 -49.6043
1.19038 -49.0766
1.19652 -48.8943
1.20267 -48.8341
1.20881 -47.9792
1.21495 -48.2577
1.22108 -47.2047
1.2272 -46.6498
1.23334 -47.4379
1.23949 -45.7591
1.24562 -45.7495
1.25174 -44.5004
1.25789 -43.7714
1.26402 -45.1181
1.27014 -44.1108
1.27628 -43.4576
1.28244 -42.8205
1.28858 -42.64
1.29471 -41.6691
1.30084 -41.4998
1.30697 -41.6394
1.31312 -41.1534
1.31925 -39.895
1.32537 -39.9487
1.33151 -40.3447
1.33765 -39.2799
1.34378 -37.9903
1.34992 -38.6403
1.35606 -39.0147
1.3622 -38.3377
1.36833 -37.524
1.37445 -37.5624
1.38059 -37.752
1.38675 -37.0473
1.39288 -36.8264
1.39901 -36.4458
1.40515 -35.0329
1.4113 -36.1529
1.41742 -34.9184
1.42355 -35.1562
1.4297 -35.056
1.43585 -34.4795
1.44198 -33.7329
1.44809 -33.6669
1.45423 -33.7817
1.46036 -33.3951
1.46649 -32.9381
1.47263 -33.3962
1.47877 -32.6253
1.48491 -32.4667
1.49104 -32.0779
1.49718 -31.7907
1.50333 -31.5686
1.50947 -31.3175
1.5156 -32.0774
1.52172 -31.0587
1.52787 -30.3948
1.534 -30.7689
1.54013 -30.3789
1.54627 -30.1564
1.55241 -30.2436
1.55855 -30.0122
1.56467 -29.813
1.5708 -29.7606
