0.00783031 4065.14
0.013688 4867.54
0.019231 4131.53
0.0249154 2741.81
0.0312784 3232.7
0.0375637 2960.98
0.0433917 2534.81
0.0492413 3116.94
0.0555754 2292.45
0.0619321 2474.1
0.067871 2270.44
0.0738098 2119.52
0.0800417 1957.7
0.0862327 1825.62
0.0921407 1834.89
0.0982031 1763.87
0.104506 1590.97
0.110769 1552.66
0.116806 1497.25
0.122832 1408.49
0.129052 1326.29
0.135211 1323.04
0.141259 1248.83
0.147318 1201.13
0.153489 1165.59
0.159709 1155.08
0.165845 1081.07
0.171974 1025.44
0.178125 1025.08
0.184229 1003.22
0.19034 939.665
0.196428 908.885
0.202534 881.094
0.208729 855.808
0.214876 853.038
0.220989 814.329
0.227147 802.59
0.23329 781.669
0.239377 738.914
0.245482 726.542
0.251667 703.092
0.257832 688.755
0.263955 678.104
0.270079 661.668
0.27624 657.01
0.282372 630.734
0.28843 620.312
0.294538 621.606
0.300721 592.975
0.30691 576.211
0.313033 565.098
0.319153 562.104
0.325316 542.048
0.33145 529.472
0.337538 521.925
0.343633 517.846
0.349808 507.072
0.355968 499.749
0.362074 488.798
0.368217 480.491
0.374374 474.496
0.380519 468.195
0.386598 458.224
0.392688 441.877
0.39888 443.321
0.405048 436.252
0.411186 428.351
0.417313 423.989
0.423458 410.202
0.429607 407.683
0.435692 403.929
0.441815 398.147
0.447964 391.459
0.454126 382.799
0.460267 378.538
0.466387 376.029
0.47254 368.684
0.478662 365.579
0.484765 359.702
0.490885 357.032
0.497035 355.353
0.503198 348.792
0.509342 343.513
0.515458 341.328
0.521598 337.589
0.527764 332.537
0.533884 330
0.54 326.867
0.546137 323.603
0.552299 323.168
0.558452 313.789
0.564573 312.83
0.570708 309.338
0.576825 306.932
0.582926 303.54
0.589034 300.123
0.595184 296.927
0.601379 293.471
0.607522 293.38
0.613639 287.863
0.619772 288.834
0.625918 285.093
0.632068 284.05
0.638161 280.581
0.6443 277.768
0.650464 276.183
0.656582 273.582
0.662703 271.287
0.668861 268.87
0.675024 267.675
0.681124 264.632
0.687237 262.645
0.693381 259.74
0.699536 259.492
0.705665 255.965
0.711789 256.048
0.717957 253.039
0.72409 251.291
0.730186 249.667
0.736317 248.918
0.742472 247.46
0.748622 245.294
0.75476 244.412
0.760888 243.395
0.767043 240.82
0.773185 238.919
0.779291 237.434
0.785407 236.612
0.791564 234.222
0.797719 232.745
0.803834 231.92
0.809972 231.348
0.816124 229.693
0.822261 228.206
0.828378 226.34
0.834502 224.553
0.840667 225.526
0.846816 222.604
0.852925 221.846
0.859047 220.816
0.865192 220.644
0.871341 219.36
0.877463 218.123
0.883569 216.106
0.889708 216.626
0.895864 214.782
0.902008 214.5
0.908149 213.114
0.914301 212.349
0.920448 211.875
0.926574 209.646
0.932687 209.337
0.938823 209.383
0.944975 207.565
0.951105 206.599
0.957225 205.461
0.963368 204.667
0.969511 203.852
0.975621 202.889
0.981748 202.875
0.987916 201.266
0.99406 201.711
1.00019 200.341
1.00632 199.043
1.01246 198.318
1.01859 196.878
1.02471 196.927
1.03085 196.731
1.03698 195.903
1.04314 194.526
1.04929 194.803
1.05541 193.423
1.06154 192.356
1.06769 192.302
1.07382 192.281
1.07993 190.905
1.08607 189.998
1.09222 189.773
1.09836 188.82
1.10449 187.967
1.11063 187.934
1.11677 186.94
1.1229 186.637
1.12903 185.991
1.13518 185.275
1.14131 184.616
1.14745 183.761
1.15359 183.132
1.15973 182.628
1.16584 182.525
1.17197 181.934
1.17811 181.671
1.18424 181.17
1.19038 179.901
1.19652 179.838
1.20267 179.535
1.20881 177.944
1.21495 177.318
1.22108 177.101
1.2272 177.574
1.23334 176.259
1.23949 176.668
1.24562 175.6
1.25174 174.808
1.25789 175.138
1.26402 173.688
1.27014 173.77
1.27628 172.627
1.28244 172.665
1.28858 172.01
1.29471 171.611
1.30084 171.507
1.30697 170.633
1.31312 170.434
1.31925 169.981
1.32537 169.229
1.33151 168.988
1.33765 168.495
1.34378 168.084
1.34992 167.457
1.35606 167.333
1.3622 166.816
1.36833 166.328
1.37445 165.869
1.38059 164.964
1.38675 164.864
1.39288 164.869
1.39901 164.247
1.40515 163.633
1.4113 163.744
1.41742 163.221
1.42355 163.082
1.4297 162.189
1.43585 161.771
1.44198 161.455
1.44809 161.311
1.45423 160.217
1.46036 160.375
1.46649 159.609
1.47263 159.615
1.47877 158.96
1.48491 159.21
1.49104 158.635
1.49718 157.892
1.50333 158.499
1.50947 157.359
1.5156 157.309
1.52172 156.516
1.52787 156.36
1.534 155.716
1.54013 155.95
1.54627 154.998
1.55241 155.2
1.55855 154.416
1.56467 154.243
1.5708 153.973
