0.00783031 -85.3
0.013688 357.702
0.019231 196.652
0.0249154 130.451
0.0312784 -429.273
0.0375637 135.642
0.0433917 533.93
0.0492413 755.159
0.0555754 824.557
0.0619321 914.053
0.067871 1022.92
0.0738098 1090.21
0.0800417 1470.69
0.0862327 1450.31
0.0921407 1181.55
0.0982031 1361.37
0.104506 1590.88
0.110769 1565.03
0.116806 1807.18
0.122832 1981.37
0.129052 1907.3
0.135211 1739.9
0.141259 1809.17
0.147318 1888.64
0.153489 1882.71
0.159709 1818.95
0.165845 1915.84
0.171974 1943.47
0.178125 1912.24
0.184229 1946.36
0.19034 1841.63
0.196428 1991.46
0.202534 1938.09
0.208729 1863.39
0.214876 1900.45
0.220989 1829.64
0.227147 1935.1
0.23329 1924.17
0.239377 1876
0.245482 1925.63
0.251667 1910.2
0.257832 1904.17
0.263955 1925.33
0.270079 1943.89
0.27624 1847.78
0.282372 1901.51
0.28843 1896.57
0.294538 1854.46
0.300721 1845.3
0.30691 1841.99
0.313033 1894.91
0.319153 1901.59
0.325316 1819.79
0.33145 1839.42
0.337538 1839.65
0.343633 1828.11
0.349808 1821.41
0.355968 1812.08
0.362074 1791.9
0.368217 1803.47
0.374374 1783.73
0.380519 1779.47
0.386598 1785.42
0.392688 1785.86
0.39888 1753.31
0.405048 1733.87
0.411186 1744.78
0.417313 1748.02
0.423458 1707.44
0.429607 1720.57
0.435692 1700.41
0.441815 1695.88
0.447964 1687.36
0.454126 1680.97
0.460267 1694.54
0.466387 1675.56
0.47254 1649.2
0.478662 1651.41
0.484765 1653.01
0.490885 1635.67
0.497035 1633.23
0.503198 1632.9
0.509342 1608.67
0.515458 1627.11
0.521598 1600.92
0.527764 1608.51
0.533884 1573.37
0.54 1579.03
0.546137 1570.16
0.552299 1561.09
0.558452 1552.57
0.564573 1544.47
0.570708 1566.27
0.576825 1524.93
0.582926 1520.7
0.589034 1505.93
0.595184 1514.77
0.601379 1495.51
0.607522 1488.23
0.613639 1484.01
0.619772 1480.51
0.625918 1467.71
0.632068 1477.59
0.638161 1450.37
0.6443 1449.96
0.650464 1433.23
0.656582 1434.48
0.662703 1431.46
0.668861 1433.44
0.675024 1407.34
0.681124 1404.88
0.687237 1401.51
0.693381 1391.59
0.699536 1383.35
0.705665 1372.77
0.711789 1376.49
0.717957 1364.14
0.72409 1354.38
0.730186 1356.14
0.736317 1338.04
0.742472 1333.93
0.748622 1338.17
0.75476 1316.99
0.760888 1313.38
0.767043 1303.15
0.773185 1301.01
0.779291 1280.94
0.785407 1279.67
0.791564 1278.19
0.797719 1269.82
0.803834 1268.28
0.809972 1260.25
0.816124 1245.21
0.822261 1244.08
0.828378 1234.46
0.834502 1232.33
0.840667 1223.41
0.846816 1223.24
0.852925 1207.63
0.859047 1204.7
0.865192 1203.98
0.871341 1190.43
0.877463 1190.17
0.883569 1180.74
0.889708 1173.21
0.895864 1160.93
0.902008 1155.47
0.908149 1152.17
0.914301 1150.19
0.920448 1136.33
0.926574 1129.13
0.932687 1126.77
0.938823 1117.93
0.944975 1107.49
0.951105 1104.56
0.957225 1104.31
0.963368 1095.13
0.969511 1086.63
0.975621 1084.23
0.981748 1076.93
0.987916 1065.17
0.99406 1062.81
1.00019 1056
1.00632 1055.65
1.01246 1039.71
1.01859 1039.71
1.02471 1042.61
1.03085 1025.33
1.03698 1027.23
1.04314 1019.27
1.04929 1006.54
1.05541 1006.14
1.06154 1003.54
1.06769 997.737
1.07382 995.498
1.07993 983.954
1.08607 979.005
1.09222 973.861
1.09836 968.07
1.10449 960.636
1.11063 956.029
1.11677 954.397
1.1229 947.848
1.12903 938.969
1.13518 938.792
1.14131 929.689
1.14745 924.777
1.15359 921.091
1.15973 913.407
1.16584 910.266
1.17197 904.637
1.17811 898.051
1.18424 891.935
1.19038 890.53
1.19652 883.933
1.20267 877.549
1.20881 873.055
1.21495 865.518
1.22108 863.082
1.2272 857.241
1.23334 853.775
1.23949 849.309
1.24562 839.39
1.25174 840.4
1.25789 833.885
1.26402 829.975
1.27014 822.693
1.27628 823.05
1.28244 815.778
1.28858 810.442
1.29471 804.959
1.30084 800.347
1.30697 797.697
1.31312 791.356
1.31925 788.777
1.32537 781.509
1.33151 779.349
1.33765 774.353
1.34378 770.174
1.34992 767.622
1.35606 759.651
1.3622 755.512
1.36833 751.61
1.37445 747.194
1.38059 743.786
1.38675 739.627
1.39288 737.127
1.39901 730.496
1.40515 725.889
1.4113 721.842
1.41742 719.33
1.42355 716.155
1.4297 712.828
1.43585 706.367
1.44198 703.336
1.44809 700.209
1.45423 698.006
1.46036 690.011
1.46649 684.84
1.47263 681.465
1.47877 678.97
1.48491 676.077
1.49104 671.344
1.49718 669.16
1.50333 663.507
1.50947 659.449
1.5156 658.011
1.52172 654.034
1.52787 649.884
1.534 645.451
1.54013 642.668
1.54627 638.901
1.55241 634.714
1.55855 632.504
1.56467 627.191
1.5708 625.371
