0.00783031 -1005.06
0.013688 76.8063
0.019231 1312.07
0.0249154 -420.883
0.0312784 -132.777
0.0375637 198.101
0.0433917 961.783
0.0492413 957.133
0.0555754 893.001
0.0619321 862.398
0.067871 615.572
0.0738098 877.416
0.0800417 886.412
0.0862327 1280.66
0.0921407 1305.48
0.0982031 1344.38
0.104506 1547.44
0.110769 1336.61
0.116806 1537.14
0.122832 1352.95
0.129052 1704.09
0.135211 1674.43
0.141259 1576.62
0.147318 1742.07
0.153489 1721.06
0.159709 1679.79
0.165845 1723.25
0.171974 1789.91
0.178125 1795.89
0.184229 1862.72
0.19034 1811.34
0.196428 1915.57
0.202534 1778.77
0.208729 1835.73
0.214876 1864.77
0.220989 1875.11
0.227147 1875.21
0.23329 1843.27
0.239377 1940.76
0.245482 1826.1
0.251667 1901.2
0.257832 1874.75
0.263955 1870.63
0.270079 1904.62
0.27624 1921.87
0.282372 1932.79
0.28843 1939.87
0.294538 1924.25
0.300721 1938.6
0.30691 1906.45
0.313033 1933
0.319153 1943.01
0.325316 1958.7
0.33145 1933.52
0.337538 1916.74
0.343633 1887.7
0.349808 1926.99
0.355968 1883.08
0.362074 1937.8
0.368217 1961.64
0.374374 1935.92
0.380519 1915.58
0.386598 1904.51
0.392688 1958.3
0.39888 1913.59
0.405048 1920.93
0.411186 1919.11
0.417313 1915.42
0.423458 1906.81
0.429607 1927.52
0.435692 1916.6
0.441815 1894.85
0.447964 1895.17
0.454126 1875.79
0.460267 1914.45
0.466387 1877.14
0.47254 1928.12
0.478662 1910.31
0.484765 1865.51
0.490885 1863.87
0.497035 1856.2
0.503198 1856.4
0.509342 1844.89
0.515458 1845.26
0.521598 1852.09
0.527764 1839.65
0.533884 1846.17
0.54 1828.03
0.546137 1819.81
0.552299 1828.13
0.558452 1808.09
0.564573 1803.14
0.570708 1814.84
0.576825 1812.12
0.582926 1798.16
0.589034 1803.91
0.595184 1787.61
0.601379 1775.77
0.607522 1794.89
0.613639 1771.22
0.619772 1755.79
0.625918 1756.12
0.632068 1760.45
0.638161 1750.23
0.6443 1748.23
0.650464 1731.98
0.656582 1715.44
0.662703 1736.57
0.668861 1717.25
0.675024 1723.28
0.681124 1706.67
0.687237 1710.31
0.693381 1694.01
0.699536 1690.01
0.705665 1677.07
0.711789 1671.01
0.717957 1658.96
0.72409 1663.93
0.730186 1654.95
0.736317 1649.33
0.742472 1637.9
0.748622 1648.63
0.75476 1627.04
0.760888 1627.12
0.767043 1623.59
0.773185 1607.47
0.779291 1604.69
0.785407 1598.75
0.791564 1601.08
0.797719 1590.43
0.803834 1580.09
0.809972 1567.58
0.816124 1565.02
0.822261 1563.48
0.828378 1550.36
0.834502 1547.99
0.840667 1541.56
0.846816 1531.7
0.852925 1537.48
0.859047 1524.4
0.865192 1512.96
0.871341 1507.75
0.877463 1507.54
0.883569 1501.57
0.889708 1500.19
0.895864 1484.7
0.902008 1469.41
0.908149 1469.03
0.914301 1456.43
0.920448 1449.24
0.926574 1448.02
0.932687 1434.95
0.938823 1431.62
0.944975 1439.65
0.951105 1429.83
0.957225 1427.23
0.963368 1412.98
0.969511 1403.32
0.975621 1401.18
0.981748 1390.52
0.987916 1391.52
0.99406 1381.47
1.00019 1378.79
1.00632 1368.59
1.01246 1358.39
1.01859 1352.93
1.02471 1341.44
1.03085 1344.6
1.03698 1342.17
1.04314 1339.34
1.04929 1329.52
1.05541 1321.38
1.06154 1315.53
1.06769 1313.28
1.07382 1299.28
1.07993 1291.54
1.08607 1288.79
1.09222 1279.51
1.09836 1276.11
1.10449 1272.36
1.11063 1271.07
1.11677 1268.17
1.1229 1256.23
1.12903 1249.62
1.13518 1237.25
1.14131 1245.25
1.14745 1229.08
1.15359 1222.41
1.15973 1224.7
1.16584 1216.26
1.17197 1211.77
1.17811 1207.85
1.18424 1205.96
1.19038 1201.09
1.19652 1190.73
1.20267 1182.24
1.20881 1182.94
1.21495 1183.54
1.22108 1174.77
1.2272 1164.87
1.23334 1166.57
1.23949 1154.29
1.24562 1148.61
1.25174 1146.71
1.25789 1143.65
1.26402 1132.23
1.27014 1131.85
1.27628 1128.36
1.28244 1121.39
1.28858 1121.66
1.29471 1116.04
1.30084 1106.19
1.30697 1110.55
1.31312 1096.14
1.31925 1091.03
1.32537 1089.5
1.33151 1081.63
1.33765 1083.44
1.34378 1071.08
1.34992 1071.5
1.35606 1060.71
1.3622 1065.5
1.36833 1056.01
1.37445 1052.31
1.38059 1049.18
1.38675 1042.24
1.39288 1044.25
1.39901 1036.5
1.40515 1033.65
1.4113 1024.14
1.41742 1021.2
1.42355 1011.31
1.4297 1011.37
1.43585 1004.54
1.44198 1003.55
1.44809 1000.85
1.45423 993.199
1.46036 994.689
1.46649 985.246
1.47263 978.396
1.47877 979.85
1.48491 972.126
1.49104 966.873
1.49718 965.011
1.50333 959.34
1.50947 957.651
1.5156 953.378
1.52172 948.836
1.52787 943.417
1.534 940.578
1.54013 939.443
1.54627 934.272
1.55241 924.991
1.55855 923.801
1.56467 921.417
1.5708 913.474
