0.00783031 -3.80455
0.013688 -2.2709
0.019231 3.68087
0.0249154 0.812507
0.0312784 0.0660181
0.0375637 3.80924
0.0433917 2.57119
0.0492413 2.20598
0.0555754 3.63124
0.0619321 5.65385
0.067871 6.96373
0.0738098 6.65655
0.0800417 6.43905
0.0862327 5.77779
0.0921407 9.94031
0.0982031 10.9153
0.104506 12.7729
0.110769 13.4195
0.116806 12.5669
0.122832 15.1641
0.129052 17.0608
0.135211 16.2831
0.141259 17.8037
0.147318 18.871
0.153489 21.7934
0.159709 22.7528
0.165845 22.0345
0.171974 23.3947
0.178125 24.2387
0.184229 24.1828
0.19034 26.1888
0.196428 27.1244
0.202534 26.9512
0.208729 29.5267
0.214876 28.0404
0.220989 30.1429
0.227147 30.1041
0.23329 30.2929
0.239377 30.9622
0.245482 32.4552
0.251667 32.694
0.257832 32.9619
0.263955 32.694
0.270079 35.0678
0.27624 34.6364
0.282372 34.8863
0.28843 35.7028
0.294538 35.9766
0.300721 36.2649
0.30691 36.4405
0.313033 37.1635
0.319153 36.4325
0.325316 36.9621
0.33145 37.1059
0.337538 36.3984
0.343633 36.8042
0.349808 37.7061
0.355968 36.6524
0.362074 36.7514
0.368217 37.1661
0.374374 37.3526
0.380519 36.7036
0.386598 36.7835
0.392688 35.4023
0.39888 36.9678
0.405048 35.7738
0.411186 36.1537
0.417313 35.7116
0.423458 35.7505
0.429607 34.664
0.435692 34.4616
0.441815 34.3332
0.447964 34.1075
0.454126 33.6826
0.460267 33.4557
0.466387 32.6047
0.47254 32.6037
0.478662 31.3407
0.484765 32.9811
0.490885 31.5394
0.497035 31.3965
0.503198 30.5541
0.509342 30.566
0.515458 30.1435
0.521598 29.5928
0.527764 28.8633
0.533884 28.1851
0.54 27.4024
0.546137 27.018
0.552299 27.2717
0.558452 26.2411
0.564573 25.8194
0.570708 25.5417
0.576825 24.8651
0.582926 24.9211
0.589034 24.0968
0.595184 23.5705
0.601379 23.8165
0.607522 22.9165
0.613639 22.5359
0.619772 21.8557
0.625918 21.4755
0.632068 21.3035
0.638161 20.3475
0.6443 20.3432
0.650464 20.3555
0.656582 19.3248
0.662703 19.6584
0.668861 19.2619
0.675024 18.9721
0.681124 18.267
0.687237 17.6511
0.693381 18.2085
0.699536 17.8635
0.705665 17.647
0.711789 17.6589
0.717957 16.9888
0.72409 17.2283
0.730186 16.3281
0.736317 16.3984
0.742472 16.0344
0.748622 16.0288
0.75476 15.9518
0.760888 15.44
0.767043 15.1929
0.773185 14.874
0.779291 15.6215
0.785407 15.1015
0.791564 15.2765
0.797719 14.9061
0.803834 14.4946
0.809972 14.32
0.816124 14.5581
0.822261 14.4167
0.828378 14.5394
0.834502 14.303
0.840667 14.2108
0.846816 14.3719
0.852925 14.1634
0.859047 13.9461
0.865192 13.8862
0.871341 13.9869
0.877463 13.8618
0.883569 13.8172
0.889708 13.9324
0.895864 13.8663
0.902008 13.9575
0.908149 13.6683
0.914301 13.4904
0.920448 13.686
0.926574 13.5988
0.932687 13.6647
0.938823 13.7355
0.944975 13.454
0.951105 13.481
0.957225 13.768
0.963368 13.4611
0.969511 13.5068
0.975621 13.288
0.981748 13.4627
0.987916 13.4067
0.99406 13.4666
1.00019 13.2414
1.00632 13.1194
1.01246 13.2687
1.01859 13.1708
1.02471 13.2912
1.03085 13.3697
1.03698 13.178
1.04314 13.0926
1.04929 13.3555
1.05541 13.1926
1.06154 13.2708
1.06769 13.0995
1.07382 13.0436
1.07993 13.2627
1.08607 12.952
1.09222 12.694
1.09836 12.7052
1.10449 13.0885
1.11063 13.1206
1.11677 13.0641
1.1229 12.8574
1.12903 12.8664
1.13518 12.8694
1.14131 13.0515
1.14745 12.9449
1.15359 12.8422
1.15973 12.9621
1.16584 12.8259
1.17197 12.8218
1.17811 13.0376
1.18424 12.9676
1.19038 12.9148
1.19652 13.0085
1.20267 12.6617
1.20881 12.5464
1.21495 12.7086
1.22108 12.4785
1.2272 12.4961
1.23334 12.8156
1.23949 12.5197
1.24562 12.7484
1.25174 12.8512
1.25789 12.5253
1.26402 12.6903
1.27014 12.5261
1.27628 12.5897
1.28244 12.3669
1.28858 12.6943
1.29471 12.3464
1.30084 12.1238
1.30697 12.1676
1.31312 12.6533
1.31925 12.5323
1.32537 12.4575
1.33151 12.0548
1.33765 12.3559
1.34378 12.1323
1.34992 12.1844
1.35606 12.4731
1.3622 12.0465
1.36833 12.217
1.37445 12.0898
1.38059 12.2623
1.38675 12.0943
1.39288 12.2137
1.39901 11.8792
1.40515 11.9044
1.4113 12.0179
1.41742 11.922
1.42355 11.6874
1.4297 12.0042
1.43585 11.7348
1.44198 11.8951
1.44809 11.8788
1.45423 11.8805
1.46036 11.885
1.46649 11.4044
1.47263 11.6865
1.47877 11.6527
1.48491 11.7108
1.49104 11.4522
1.49718 11.412
1.50333 11.5614
1.50947 11.2543
1.5156 11.3198
1.52172 11.2768
1.52787 11.1313
1.534 11.4506
1.54013 11.3082
1.54627 11.1061
1.55241 11.0619
1.55855 11.2108
1.56467 11.0617
1.5708 11.0127
