0.00783031 9684.93
0.013688 8990.22
0.019231 9555.34
0.0249154 7143.97
0.0312784 9307.52
0.0375637 8816.68
0.0433917 9144.05
0.0492413 7983.36
0.0555754 8666.27
0.0619321 8246.15
0.067871 7960.58
0.0738098 7914.93
0.0800417 8095.87
0.0862327 7530.97
0.0921407 7538.14
0.0982031 7780.45
0.104506 7694.76
0.110769 7292.62
0.116806 7009.55
0.122832 6902.59
0.129052 6944.59
0.135211 6694.69
0.141259 6583.13
0.147318 6506.01
0.153489 6492.08
0.159709 6441.32
0.165845 6302.07
0.171974 6212.49
0.178125 6039.89
0.184229 6084.79
0.19034 5879.41
0.196428 5924.03
0.202534 5635.64
0.208729 5752.85
0.214876 5630.02
0.220989 5597.71
0.227147 5440.74
0.23329 5369.06
0.239377 5461.87
0.245482 5284.97
0.251667 5325.03
0.257832 5238.77
0.263955 5115.5
0.270079 5134.77
0.27624 5153.66
0.282372 5112.45
0.28843 5047.46
0.294538 4983.7
0.300721 4937.89
0.30691 4879.79
0.313033 4915.94
0.319153 4797.52
0.325316 4783.37
0.33145 4797.12
0.337538 4716.61
0.343633 4621.03
0.349808 4654.54
0.355968 4606.13
0.362074 4628.34
0.368217 4678.86
0.374374 4543.42
0.380519 4538.59
0.386598 4471.63
0.392688 4527.9
0.39888 4467.71
0.405048 4446.08
0.411186 4406.12
0.417313 4382.02
0.423458 4398.63
0.429607 4389.71
0.435692 4377
0.441815 4302.68
0.447964 4315.97
0.454126 4289.91
0.460267 4320.52
0.466387 4223.93
0.47254 4359.89
0.478662 4297.92
0.484765 4216.76
0.490885 4239.71
0.497035 4184.22
0.503198 4196.88
0.509342 4172.09
0.515458 4176.8
0.521598 4170.61
0.527764 4153.89
0.533884 4152.16
0.54 4124.78
0.546137 4094.32
0.552299 4112.65
0.558452 4083.65
0.564573 4081.63
0.570708 4098.55
0.576825 4112.51
0.582926 4080.1
0.589034 4083.5
0.595184 4056.32
0.601379 4041.36
0.607522 4075.12
0.613639 4047.29
0.619772 4027.33
0.625918 4014.9
0.632068 4016.93
0.638161 4007.17
0.6443 4022.38
0.650464 4026.69
0.656582 3981
0.662703 4031.97
0.668861 4001.8
0.675024 3993.5
0.681124 3983.6
0.687237 4010.35
0.693381 3980.3
0.699536 3978.36
0.705665 3956.39
0.711789 3971.4
0.717957 3954.86
0.72409 3961.06
0.730186 3945.39
0.736317 3957.32
0.742472 3950.15
0.748622 3967.8
0.75476 3915.22
0.760888 3934.93
0.767043 3938.23
0.773185 3921.88
0.779291 3909.48
0.785407 3923.64
0.791564 3914.46
0.797719 3933.86
0.803834 3913.04
0.809972 3896.27
0.816124 3911.53
0.822261 3910.98
0.828378 3894.83
0.834502 3902.18
0.840667 3893.66
0.846816 3886.11
0.852925 3888.1
0.859047 3889.93
0.865192 3875.53
0.871341 3881.48
0.877463 3890
0.883569 3887.63
0.889708 3883.9
0.895864 3879.41
0.902008 3860.65
0.908149 3856.01
0.914301 3864.81
0.920448 3851.29
0.926574 3862.56
0.932687 3848.95
0.938823 3844.73
0.944975 3854.95
0.951105 3846.81
0.957225 3854.37
0.963368 3846.13
0.969511 3834.3
0.975621 3842.84
0.981748 3826.95
0.987916 3841.42
0.99406 3827.07
1.00019 3835.29
1.00632 3815.9
1.01246 3819.68
1.01859 3810.34
1.02471 3798.18
1.03085 3813.22
1.03698 3820.59
1.04314 3808.09
1.04929 3806.52
1.05541 3804.39
1.06154 3797.73
1.06769 3798.66
1.07382 3790.37
1.07993 3773.71
1.08607 3761.88
1.09222 3782.99
1.09836 3773.99
1.10449 3760.81
1.11063 3772.82
1.11677 3781.4
1.1229 3765.07
1.12903 3758.71
1.13518 3736.06
1.14131 3758.09
1.14745 3735.53
1.15359 3731.34
1.15973 3743.25
1.16584 3738.57
1.17197 3729.99
1.17811 3735.93
1.18424 3728.31
1.19038 3726.97
1.19652 3710.24
1.20267 3704.59
1.20881 3701.22
1.21495 3717.75
1.22108 3706.74
1.2272 3691.17
1.23334 3696.56
1.23949 3675.14
1.24562 3676.61
1.25174 3678.24
1.25789 3676.3
1.26402 3664.95
1.27014 3663.19
1.27628 3662.3
1.28244 3656.32
1.28858 3647.5
1.29471 3636.58
1.30084 3635.79
1.30697 3643.18
1.31312 3620.86
1.31925 3611.85
1.32537 3612.85
1.33151 3603.02
1.33765 3618.07
1.34378 3588
1.34992 3593.18
1.35606 3571.84
1.3622 3587.67
1.36833 3570.84
1.37445 3571.38
1.38059 3558.13
1.38675 3565.28
1.39288 3555.94
1.39901 3548.82
1.40515 3548.16
1.4113 3531.81
1.41742 3530.87
1.42355 3520.38
1.4297 3516.62
1.43585 3506.7
1.44198 3503.56
1.44809 3502.66
1.45423 3491.55
1.46036 3489.84
1.46649 3485.33
1.47263 3469.17
1.47877 3471.37
1.48491 3462.76
1.49104 3450.12
1.49718 3454.02
1.50333 3444.47
1.50947 3450.4
1.5156 3439.48
1.52172 3421.95
1.52787 3424.09
1.534 3424.32
1.54013 3417.81
1.54627 3408.24
1.55241 3397.82
1.55855 3398.91
1.56467 3392.52
1.5708 3395.86
