0.00783031 3934.2
0.013688 4128.77
0.019231 4290.9
0.0249154 3477.79
0.0312784 3088.66
0.0375637 3057.71
0.0433917 2740.74
0.0492413 2510.03
0.0555754 2456.05
0.0619321 2292.06
0.067871 2131.46
0.0738098 1913.06
0.0800417 1819.15
0.0862327 1814.8
0.0921407 1716.01
0.0982031 1558.48
0.104506 1506.12
0.110769 1445.11
0.116806 1367.32
0.122832 1360.59
0.129052 1252.27
0.135211 1188.84
0.141259 1127.59
0.147318 1061.04
0.153489 1045.88
0.159709 988.576
0.165845 985.651
0.171974 929.223
0.178125 903.567
0.184229 838.925
0.19034 842.795
0.196428 812.155
0.202534 780.058
0.208729 752.391
0.214876 738.986
0.220989 709.123
0.227147 696.886
0.23329 675.442
0.239377 647.232
0.245482 640.469
0.251667 615.658
0.257832 602.603
0.263955 575.866
0.270079 566.818
0.27624 546.66
0.282372 536.626
0.28843 530.927
0.294538 513.881
0.300721 500.099
0.30691 486.534
0.313033 485.012
0.319153 470.295
0.325316 469.959
0.33145 458.952
0.337538 448.237
0.343633 437.255
0.349808 434.012
0.355968 424.787
0.362074 414.691
0.368217 403.924
0.374374 401.854
0.380519 399.144
0.386598 386.064
0.392688 382.567
0.39888 381.487
0.405048 373.559
0.411186 370.475
0.417313 362.816
0.423458 359.102
0.429607 353.689
0.435692 349.413
0.441815 346.294
0.447964 340.199
0.454126 337.978
0.460267 332.436
0.466387 330.253
0.47254 329.271
0.478662 322.596
0.484765 324.632
0.490885 320.499
0.497035 316.934
0.503198 311.048
0.509342 312.268
0.515458 309.112
0.521598 307.027
0.527764 301.771
0.533884 301.416
0.54 298.58
0.546137 298.637
0.552299 294.21
0.558452 294.681
0.564573 294.458
0.570708 291.296
0.576825 287.209
0.582926 284.918
0.589034 283.608
0.595184 284.395
0.601379 281.89
0.607522 279.754
0.613639 278.688
0.619772 278.388
0.625918 278.077
0.632068 275.543
0.638161 274.039
0.6443 272.07
0.650464 271.769
0.656582 271.381
0.662703 269.236
0.668861 269.651
0.675024 267.44
0.681124 268.156
0.687237 267.852
0.693381 264.568
0.699536 265.4
0.705665 263.943
0.711789 262.31
0.717957 260.998
0.72409 260.249
0.730186 260.534
0.736317 259.148
0.742472 259.067
0.748622 257.363
0.75476 257.379
0.760888 256.225
0.767043 256.252
0.773185 254.292
0.779291 255.566
0.785407 254.11
0.791564 253.958
0.797719 252.581
0.803834 251.969
0.809972 250.998
0.816124 251.156
0.822261 250.736
0.828378 248.564
0.834502 249.915
0.840667 248.254
0.846816 248.65
0.852925 247.064
0.859047 247.104
0.865192 247.291
0.871341 246.296
0.877463 245.026
0.883569 244.751
0.889708 244.846
0.895864 243.24
0.902008 243.557
0.908149 242.735
0.914301 241.364
0.920448 243.285
0.926574 242.625
0.932687 241.244
0.938823 239.927
0.944975 240.517
0.951105 239.55
0.957225 238.916
0.963368 237.861
0.969511 237.714
0.975621 237.402
0.981748 237.442
0.987916 236.155
0.99406 235.491
1.00019 236.773
1.00632 235.267
1.01246 234.377
1.01859 235.188
1.02471 234.498
1.03085 233.291
1.03698 232.845
1.04314 233.469
1.04929 231.981
1.05541 230.611
1.06154 231.225
1.06769 232.188
1.07382 231.233
1.07993 229.99
1.08607 230.589
1.09222 229.906
1.09836 229.556
1.10449 228.797
1.11063 228.62
1.11677 227.784
1.1229 228.079
1.12903 227.887
1.13518 227.358
1.14131 226.703
1.14745 227.054
1.15359 226.043
1.15973 226.039
1.16584 225.306
1.17197 223.959
1.17811 224.82
1.18424 223.424
1.19038 223.373
1.19652 222.838
1.20267 222.629
1.20881 221.775
1.21495 221.916
1.22108 221.689
1.2272 221.379
1.23334 220.612
1.23949 220.785
1.24562 220.067
1.25174 219.699
1.25789 219.103
1.26402 218.371
1.27014 218.696
1.27628 218.329
1.28244 217.489
1.28858 217.044
1.29471 216.846
1.30084 216.912
1.30697 216.115
1.31312 215.454
1.31925 214.645
1.32537 214.701
1.33151 213.828
1.33765 214.234
1.34378 214.544
1.34992 213.204
1.35606 213.223
1.3622 212.422
1.36833 211.929
1.37445 211.982
1.38059 211.675
1.38675 211.274
1.39288 210.654
1.39901 210.174
1.40515 209.518
1.4113 209.967
1.41742 208.962
1.42355 208.674
1.4297 208.2
1.43585 207.432
1.44198 208.015
1.44809 206.783
1.45423 207.525
1.46036 207.018
1.46649 206.754
1.47263 206.343
1.47877 205.536
1.48491 204.951
1.49104 205.16
1.49718 204.711
1.50333 204.315
1.50947 203.87
1.5156 204.396
1.52172 203.624
1.52787 203.6
1.534 203.145
1.54013 203.461
1.54627 202.248
1.55241 202.07
1.55855 201.2
1.56467 201.226
1.5708 201.289
