0.00783031 1742.61
0.013688 749.612
0.019231 989.555
0.0249154 464.994
0.0312784 -132.782
0.0375637 79.6909
0.0433917 205.311
0.0492413 -26.014
0.0555754 19.4594
0.0619321 -276.786
0.067871 143.217
0.0738098 90.7406
0.0800417 -200.347
0.0862327 -67.5945
0.0921407 -159.765
0.0982031 -118.505
0.104506 -148.098
0.110769 -121.721
0.116806 -38.7402
0.122832 -195.074
0.129052 -98.4565
0.135211 -164.624
0.141259 -131.191
0.147318 -147.15
0.153489 -156.613
0.159709 -145.598
0.165845 -195.86
0.171974 -153.746
0.178125 -206.525
0.184229 -149.373
0.19034 -158.163
0.196428 -169.733
0.202534 -184.448
0.208729 -189.442
0.214876 -143.076
0.220989 -177.513
0.227147 -175.695
0.23329 -179.275
0.239377 -176.663
0.245482 -163.054
0.251667 -168.558
0.257832 -177.691
0.263955 -146.479
0.270079 -177.536
0.27624 -159.364
0.282372 -161.209
0.28843 -174.543
0.294538 -163.154
0.300721 -162.718
0.30691 -154.754
0.313033 -157.668
0.319153 -164.633
0.325316 -156.26
0.33145 -151.782
0.337538 -157.672
0.343633 -151.272
0.349808 -165.136
0.355968 -161.431
0.362074 -160.147
0.368217 -153.504
0.374374 -148.919
0.380519 -148.32
0.386598 -145.495
0.392688 -144.39
0.39888 -146.491
0.405048 -144.037
0.411186 -149.332
0.417313 -147.911
0.423458 -139.536
0.429607 -145.427
0.435692 -142.726
0.441815 -140.559
0.447964 -141.787
0.454126 -139.745
0.460267 -142.823
0.466387 -137.605
0.47254 -139.14
0.478662 -139.845
0.484765 -136.782
0.490885 -130.679
0.497035 -132.253
0.503198 -128.35
0.509342 -132.527
0.515458 -130.408
0.521598 -130.724
0.527764 -126.501
0.533884 -125.06
0.54 -124.694
0.546137 -124.315
0.552299 -122.257
0.558452 -121.715
0.564573 -125.678
0.570708 -119.259
0.576825 -119.624
0.582926 -116.333
0.589034 -114.48
0.595184 -119.14
0.601379 -116.586
0.607522 -113.55
0.613639 -114.253
0.619772 -109.302
0.625918 -113.125
0.632068 -109.572
0.638161 -106.502
0.6443 -109.749
0.650464 -107.352
0.656582 -106.138
0.662703 -106.103
0.668861 -105.981
0.675024 -103.345
0.681124 -102.471
0.687237 -102.97
0.693381 -103.769
0.699536 -100.756
0.705665 -102.453
0.711789 -100.65
0.717957 -96.8485
0.72409 -98.2987
0.730186 -97.3225
0.736317 -95.6015
0.742472 -94.2517
0.748622 -95.2292
0.75476 -95.2838
0.760888 -93.9254
0.767043 -92.3602
0.773185 -95.8941
0.779291 -93.5277
0.785407 -93.7496
0.791564 -90.6053
0.797719 -89.0446
0.803834 -91.1309
0.809972 -87.3673
0.816124 -91.5536
0.822261 -88.4846
0.828378 -87.5361
0.834502 -88.6234
0.840667 -87.1739
0.846816 -87.8538
0.852925 -85.9622
0.859047 -85.2799
0.865192 -86.9157
0.871341 -87.0153
0.877463 -84.2086
0.883569 -83.7824
0.889708 -83.3555
0.895864 -82.2906
0.902008 -81.9801
0.908149 -80.9874
0.914301 -81.5879
0.920448 -83.1098
0.926574 -81.8634
0.932687 -81.7671
0.938823 -80.4524
0.944975 -79.2326
0.951105 -79.7641
0.957225 -78.9601
0.963368 -78.9765
0.969511 -78.7088
0.975621 -78.9813
0.981748 -79.6229
0.987916 -77.2561
0.99406 -77.6884
1.00019 -77.8107
1.00632 -77.4891
1.01246 -75.6674
1.01859 -77.0326
1.02471 -76.2933
1.03085 -74.0658
1.03698 -73.4817
1.04314 -75.7456
1.04929 -74.9221
1.05541 -73.861
1.06154 -73.4133
1.06769 -74.9258
1.07382 -74.2514
1.07993 -73.5186
1.08607 -73.2201
1.09222 -72.7222
1.09836 -72.6699
1.10449 -72.437
1.11063 -73.3781
1.11677 -70.4482
1.1229 -72.2896
1.12903 -71.7455
1.13518 -70.9097
1.14131 -70.3219
1.14745 -69.832
1.15359 -71.5418
1.15973 -71.0463
1.16584 -69.1596
1.17197 -67.8421
1.17811 -68.6139
1.18424 -68.9985
1.19038 -69.3999
1.19652 -67.6334
1.20267 -67.9883
1.20881 -67.4616
1.21495 -66.8702
1.22108 -66.5442
1.2272 -65.2288
1.23334 -66.3199
1.23949 -66.4331
1.24562 -66.4919
1.25174 -65.8826
1.25789 -65.9275
1.26402 -65.7697
1.27014 -64.3142
1.27628 -64.9808
1.28244 -64.7459
1.28858 -63.8081
1.29471 -64.3724
1.30084 -64.7461
1.30697 -62.9216
1.31312 -61.3101
1.31925 -62.1794
1.32537 -62.6786
1.33151 -61.9668
1.33765 -62.2345
1.34378 -62.3551
1.34992 -61.4092
1.35606 -60.2046
1.3622 -61.0467
1.36833 -59.8842
1.37445 -60.6172
1.38059 -59.8817
1.38675 -59.8335
1.39288 -59.5924
1.39901 -58.5676
1.40515 -59.0768
1.4113 -59.4299
1.41742 -58.5689
1.42355 -58.6485
1.4297 -57.6098
1.43585 -56.6888
1.44198 -57.4446
1.44809 -57.154
1.45423 -55.567
1.46036 -56.3573
1.46649 -57.1846
1.47263 -55.2498
1.47877 -55.0788
1.48491 -54.6977
1.49104 -54.1226
1.49718 -54.9856
1.50333 -54.4305
1.50947 -53.2986
1.5156 -54.4561
1.52172 -54.2406
1.52787 -52.72
1.534 -53.1338
1.54013 -52.6317
1.54627 -52.7556
1.55241 -52.5859
1.55855 -51.8812
1.56467 -51.3988
1.5708 -51.3737
