0.00783031 7709.16
0.013688 5143.83
0.019231 4051.55
0.0249154 5231.25
0.0312784 4598.52
0.0375637 4786.92
0.0433917 4865.87
0.0492413 4470.92
0.0555754 3573.45
0.0619321 4100.43
0.067871 3527.4
0.0738098 3317.37
0.0800417 3268.5
0.0862327 3121.07
0.0921407 2751.82
0.0982031 2764.48
0.104506 2641.08
0.110769 2422.2
0.116806 2322.42
0.122832 2238.78
0.129052 2043.34
0.135211 1970.8
0.141259 1848.81
0.147318 1836.41
0.153489 1788.66
0.159709 1670.72
0.165845 1525.19
0.171974 1481.72
0.178125 1479.44
0.184229 1410.52
0.19034 1348.14
0.196428 1264
0.202534 1248.92
0.208729 1177.04
0.214876 1129.01
0.220989 1131.05
0.227147 1090.91
0.23329 1059.03
0.239377 1019.17
0.245482 976.479
0.251667 932.644
0.257832 928.173
0.263955 886.447
0.270079 850.739
0.27624 831.991
0.282372 817.296
0.28843 793.245
0.294538 775.973
0.300721 734.61
0.30691 713.375
0.313033 692.289
0.319153 666.002
0.325316 654.909
0.33145 633.434
0.337538 620.952
0.343633 628.142
0.349808 587.228
0.355968 569.923
0.362074 548.291
0.368217 550.332
0.374374 550.139
0.380519 523.927
0.386598 505.251
0.392688 500.2
0.39888 488.315
0.405048 466.012
0.411186 453.592
0.417313 444.383
0.423458 436.403
0.429607 427.966
0.435692 416.982
0.441815 394.913
0.447964 391.428
0.454126 380.306
0.460267 369.058
0.466387 368.109
0.47254 358.658
0.478662 350.757
0.484765 342.246
0.490885 334.422
0.497035 331.741
0.503198 325.376
0.509342 316.184
0.515458 304.968
0.521598 302.463
0.527764 299.206
0.533884 284.305
0.54 286.295
0.546137 279.252
0.552299 267.748
0.558452 257.608
0.564573 257.115
0.570708 246.887
0.576825 245.579
0.582926 242.716
0.589034 233.954
0.595184 225.662
0.601379 219.104
0.607522 222.578
0.613639 212.777
0.619772 206.273
0.625918 202.317
0.632068 194.8
0.638161 196.208
0.6443 193.005
0.650464 184.941
0.656582 180.869
0.662703 174.076
0.668861 166.01
0.675024 168.119
0.681124 164.12
0.687237 160.588
0.693381 159.299
0.699536 155.107
0.705665 150.651
0.711789 147.661
0.717957 143.037
0.72409 138.519
0.730186 132.303
0.736317 131.982
0.742472 127.508
0.748622 124.501
0.75476 124.451
0.760888 121.276
0.767043 114.012
0.773185 114.269
0.779291 112.39
0.785407 106.615
0.791564 105.192
0.797719 98.6924
0.803834 93.5725
0.809972 97.4084
0.816124 93.5142
0.822261 91.5903
0.828378 87.8677
0.834502 87.4023
0.840667 80.2962
0.846816 79.9466
0.852925 79.7035
0.859047 77.4778
0.865192 75.7906
0.871341 70.1515
0.877463 67.8445
0.883569 62.1769
0.889708 62.14
0.895864 61.65
0.902008 59.4171
0.908149 58.1825
0.914301 56.0205
0.920448 51.8776
0.926574 49.8489
0.932687 51.4231
0.938823 46.7335
0.944975 45.4941
0.951105 43.4477
0.957225 38.7775
0.963368 39.1071
0.969511 37.1238
0.975621 36.2358
0.981748 35.5307
0.987916 32.6864
0.99406 33.4731
1.00019 26.9534
1.00632 26.6706
1.01246 25.5179
1.01859 26.7878
1.02471 21.8989
1.03085 22.1526
1.03698 20.3922
1.04314 20.2093
1.04929 17.5799
1.05541 12.95
1.06154 13.9155
1.06769 9.88941
1.07382 13.0914
1.07993 11.1687
1.08607 7.47265
1.09222 6.6056
1.09836 3.55919
1.10449 3.98698
1.11063 4.19006
1.11677 0.863287
1.1229 -0.754987
1.12903 1.77336
1.13518 -0.989745
1.14131 -3.85529
1.14745 -3.88707
1.15359 -3.39106
1.15973 -4.68671
1.16584 -7.50555
1.17197 -8.77845
1.17811 -9.9119
1.18424 -6.35405
1.19038 -10.7852
1.19652 -12.1391
1.20267 -11.722
1.20881 -14.8621
1.21495 -14.8221
1.22108 -12.8755
1.2272 -16.6526
1.23334 -16.7243
1.23949 -19.5633
1.24562 -18.4774
1.25174 -18.005
1.25789 -19.8465
1.26402 -20.1098
1.27014 -22.2114
1.27628 -22.3834
1.28244 -23.1459
1.28858 -24.712
1.29471 -26.1169
1.30084 -25.5259
1.30697 -26.1275
1.31312 -24.3813
1.31925 -27.0576
1.32537 -26.7323
1.33151 -27.1234
1.33765 -28.2945
1.34378 -29.4413
1.34992 -30.3308
1.35606 -32.3348
1.3622 -30.5095
1.36833 -32.4143
1.37445 -32.7919
1.38059 -33.0701
1.38675 -33.8857
1.39288 -34.9818
1.39901 -34.7523
1.40515 -33.285
1.4113 -35.7921
1.41742 -35.6569
1.42355 -36.5948
1.4297 -37.3358
1.43585 -36.4016
1.44198 -37.255
1.44809 -38.7457
1.45423 -37.7844
1.46036 -39.7101
1.46649 -38.6537
1.47263 -39.9818
1.47877 -39.8396
1.48491 -39.439
1.49104 -41.6835
1.49718 -42.0854
1.50333 -41.8765
1.50947 -41.7809
1.5156 -42.9375
1.52172 -42.4002
1.52787 -42.663
1.534 -42.7958
1.54013 -42.7135
1.54627 -43.4763
1.55241 -44.7023
1.55855 -43.2848
1.56467 -43.2842
1.5708 -44.9363
