0.00783031 100.914
0.013688 2262.71
0.019231 -372.003
0.0249154 -493.113
0.0312784 -850.188
0.0375637 -25.5075
0.0433917 403.876
0.0492413 -181.161
0.0555754 -145.728
0.0619321 183.455
0.067871 -203.663
0.0738098 36.824
0.0800417 -318.778
0.0862327 -56.2336
0.0921407 -47.2969
0.0982031 -121.127
0.104506 -89.0629
0.110769 -99.6181
0.116806 -209.73
0.122832 -187.175
0.129052 -96.6298
0.135211 -154.364
0.141259 -213.22
0.147318 -155.346
0.153489 -151.344
0.159709 -162.093
0.165845 -169.834
0.171974 -170.504
0.178125 -139.095
0.184229 -151.518
0.19034 -152.205
0.196428 -156.769
0.202534 -149.091
0.208729 -151.163
0.214876 -149.454
0.220989 -151.575
0.227147 -146.77
0.23329 -138.76
0.239377 -130.349
0.245482 -134.269
0.251667 -136.379
0.257832 -135.234
0.263955 -139.439
0.270079 -139.784
0.27624 -130.347
0.282372 -120.784
0.28843 -118.524
0.294538 -123.768
0.300721 -108.138
0.30691 -116.696
0.313033 -104.196
0.319153 -118.266
0.325316 -113.811
0.33145 -113.882
0.337538 -119.712
0.343633 -113.475
0.349808 -122.693
0.355968 -110.526
0.362074 -111.319
0.368217 -109.981
0.374374 -105.618
0.380519 -103.582
0.386598 -110.259
0.392688 -101.448
0.39888 -101.057
0.405048 -102.987
0.411186 -103.679
0.417313 -105.826
0.423458 -100.354
0.429607 -96.5575
0.435692 -98.7057
0.441815 -98.3703
0.447964 -99.8824
0.454126 -93.8748
0.460267 -102.352
0.466387 -91.8449
0.47254 -92.5068
0.478662 -94.8127
0.484765 -89.7739
0.490885 -94.2564
0.497035 -92.1123
0.503198 -94.9858
0.509342 -92.0943
0.515458 -92.904
0.521598 -91.016
0.527764 -88.5162
0.533884 -92.5152
0.54 -87.1826
0.546137 -89.7961
0.552299 -87.6846
0.558452 -87.1334
0.564573 -87.0377
0.570708 -87.3246
0.576825 -85.9946
0.582926 -83.2836
0.589034 -86.0598
0.595184 -84.6216
0.601379 -84.8453
0.607522 -85.9672
0.613639 -81.0533
0.619772 -82.7496
0.625918 -82.8739
0.632068 -82.963
0.638161 -81.2386
0.6443 -78.6284
0.650464 -83.289
0.656582 -79.3067
0.662703 -78.7415
0.668861 -79.1403
0.675024 -79.7327
0.681124 -79.4223
0.687237 -78.5763
0.693381 -78.4284
0.699536 -78.1197
0.705665 -77.1545
0.711789 -76.6919
0.717957 -76.307
0.72409 -76.4383
0.730186 -75.1822
0.736317 -76.2019
0.742472 -76.6576
0.748622 -74.3845
0.75476 -75.4356
0.760888 -77.2726
0.767043 -73.3683
0.773185 -75.7116
0.779291 -73.6221
0.785407 -72.1239
0.791564 -73.3185
0.797719 -74.4775
0.803834 -72.0375
0.809972 -72.2212
0.816124 -71.4362
0.822261 -72.0609
0.828378 -72.6037
0.834502 -71.8507
0.840667 -71.3044
0.846816 -70.8808
0.852925 -69.7863
0.859047 -71.2138
0.865192 -71.6586
0.871341 -71.2697
0.877463 -70.1268
0.883569 -69.7466
0.889708 -71.0571
0.895864 -69.3873
0.902008 -67.8084
0.908149 -67.955
0.914301 -69.4014
0.920448 -67.9817
0.926574 -68.0495
0.932687 -68.6083
0.938823 -67.7287
0.944975 -67.7937
0.951105 -67.4359
0.957225 -67.2902
0.963368 -66.9404
0.969511 -65.798
0.975621 -66.4412
0.981748 -66.283
0.987916 -66.078
0.99406 -66.4739
1.00019 -65.3084
1.00632 -65.7497
1.01246 -65.6125
1.01859 -65.838
1.02471 -65.9441
1.03085 -65.4186
1.03698 -64.9552
1.04314 -64.0693
1.04929 -65.4955
1.05541 -63.7528
1.06154 -64.5816
1.06769 -63.8495
1.07382 -64.3177
1.07993 -63.4507
1.08607 -63.3725
1.09222 -63.4222
1.09836 -62.1832
1.10449 -62.9569
1.11063 -62.467
1.11677 -62.156
1.1229 -61.7128
1.12903 -61.4709
1.13518 -61.7969
1.14131 -61.4012
1.14745 -60.5837
1.15359 -61.4556
1.15973 -61.0655
1.16584 -61.1187
1.17197 -60.6412
1.17811 -60.7287
1.18424 -60.1037
1.19038 -59.4798
1.19652 -60.0346
1.20267 -60.3089
1.20881 -59.164
1.21495 -59.34
1.22108 -58.8758
1.2272 -59.3776
1.23334 -58.3987
1.23949 -59.2054
1.24562 -58.6313
1.25174 -58.2921
1.25789 -58.5731
1.26402 -57.5887
1.27014 -58.0463
1.27628 -57.2825
1.28244 -57.1579
1.28858 -57.2358
1.29471 -57.0142
1.30084 -56.7175
1.30697 -56.9722
1.31312 -56.7227
1.31925 -56.6146
1.32537 -56.2372
1.33151 -56.3451
1.33765 -55.7787
1.34378 -55.3906
1.34992 -55.7377
1.35606 -55.1058
1.3622 -54.9948
1.36833 -55.2137
1.37445 -55.2156
1.38059 -54.3568
1.38675 -54.2591
1.39288 -54.1485
1.39901 -53.7872
1.40515 -53.8843
1.4113 -53.6536
1.41742 -53.4019
1.42355 -53.1719
1.4297 -52.7629
1.43585 -53.0239
1.44198 -52.7174
1.44809 -52.4855
1.45423 -51.9732
1.46036 -52.4526
1.46649 -51.7941
1.47263 -51.5385
1.47877 -51.4779
1.48491 -51.328
1.49104 -51.3233
1.49718 -50.8021
1.50333 -51.0013
1.50947 -50.5407
1.5156 -50.5558
1.52172 -50.3186
1.52787 -49.8045
1.534 -50.0033
1.54013 -49.8767
1.54627 -49.2874
1.55241 -49.3767
1.55855 -49.459
1.56467 -48.9212
1.5708 -48.6527
