0.00783031 2742.1
0.013688 5576.21
0.019231 2997.83
0.0249154 3100.92
0.0312784 2986.7
0.0375637 3214.54
0.0433917 2960.2
0.0492413 2634.75
0.0555754 2428.5
0.0619321 2375.22
0.067871 2371.32
0.0738098 2101.81
0.0800417 1996.01
0.0862327 1955.99
0.0921407 1891.2
0.0982031 1701.42
0.104506 1660.45
0.110769 1606.56
0.116806 1514.96
0.122832 1428.15
0.129052 1405.02
0.135211 1321.05
0.141259 1314.7
0.147318 1275.18
0.153489 1219.86
0.159709 1168.56
0.165845 1153.35
0.171974 1084.78
0.178125 1055.25
0.184229 1039.96
0.19034 1007.92
0.196428 983.041
0.202534 950.005
0.208729 923.934
0.214876 910.778
0.220989 869.777
0.227147 868.269
0.23329 840.39
0.239377 822.911
0.245482 798.899
0.251667 775.219
0.257832 748.903
0.263955 742.436
0.270079 725.705
0.27624 708.972
0.282372 686.04
0.28843 673.589
0.294538 670.201
0.300721 655.525
0.30691 639.347
0.313033 628.163
0.319153 624.253
0.325316 607.441
0.33145 601.065
0.337538 587.246
0.343633 571.968
0.349808 564.155
0.355968 552.402
0.362074 540.209
0.368217 534.686
0.374374 530.853
0.380519 519.755
0.386598 507.502
0.392688 504.2
0.39888 496.672
0.405048 488.859
0.411186 480.858
0.417313 479.072
0.423458 466.07
0.429607 465.113
0.435692 452.718
0.441815 448.178
0.447964 442.981
0.454126 436.935
0.460267 433.705
0.466387 426.338
0.47254 419.724
0.478662 418.882
0.484765 411.309
0.490885 408.632
0.497035 401.088
0.503198 392.193
0.509342 389.467
0.515458 384.723
0.521598 387.316
0.527764 378.517
0.533884 373.84
0.54 373.159
0.546137 365.457
0.552299 360.803
0.558452 360.237
0.564573 354.691
0.570708 350.525
0.576825 348.037
0.582926 344.566
0.589034 339.668
0.595184 337.587
0.601379 333.885
0.607522 328.772
0.613639 326.646
0.619772 325.465
0.625918 321.242
0.632068 317.857
0.638161 313.507
0.6443 311.482
0.650464 310.284
0.656582 305.232
0.662703 304.266
0.668861 299.585
0.675024 299.384
0.681124 295.779
0.687237 294.702
0.693381 291.061
0.699536 289.298
0.705665 285.66
0.711789 284.956
0.717957 282.211
0.72409 279.699
0.730186 276.628
0.736317 274.395
0.742472 272.183
0.748622 271.958
0.75476 266.7
0.760888 265.732
0.767043 263.095
0.773185 261.116
0.779291 258.279
0.785407 257.584
0.791564 254.98
0.797719 255.222
0.803834 251.429
0.809972 250.237
0.816124 247.935
0.822261 246.691
0.828378 245.178
0.834502 242.908
0.840667 241.168
0.846816 239.343
0.852925 237.357
0.859047 235.85
0.865192 233.856
0.871341 232.264
0.877463 230.98
0.883569 229.583
0.889708 227.566
0.895864 224.826
0.902008 224.963
0.908149 222.85
0.914301 221.364
0.920448 220.84
0.926574 218.568
0.932687 217.641
0.938823 216.05
0.944975 213.982
0.951105 213.523
0.957225 210.757
0.963368 209.643
0.969511 208.532
0.975621 207.308
0.981748 206.432
0.987916 204.503
0.99406 203.482
1.00019 201.757
1.00632 201.382
1.01246 199.459
1.01859 198.258
1.02471 196.418
1.03085 195.599
1.03698 194.108
1.04314 193.868
1.04929 192.714
1.05541 190.994
1.06154 190.704
1.06769 189.534
1.07382 187.315
1.07993 186.623
1.08607 185.169
1.09222 184.748
1.09836 183.314
1.10449 182.435
1.11063 181.363
1.11677 179.745
1.1229 178.964
1.12903 177.845
1.13518 177.333
1.14131 175.841
1.14745 174.953
1.15359 174.355
1.15973 172.865
1.16584 171.86
1.17197 171.229
1.17811 170.757
1.18424 169.46
1.19038 168.421
1.19652 167.03
1.20267 166.85
1.20881 165.904
1.21495 165.007
1.22108 164.003
1.2272 162.749
1.23334 162.067
1.23949 160.976
1.24562 160.084
1.25174 159.751
1.25789 159.035
1.26402 157.803
1.27014 156.768
1.27628 156.167
1.28244 155.081
1.28858 154.593
1.29471 153.738
1.30084 153.221
1.30697 152.384
1.31312 151.538
1.31925 150.88
1.32537 150.233
1.33151 149.104
1.33765 148.232
1.34378 147.45
1.34992 147.171
1.35606 146.137
1.3622 145.273
1.36833 144.801
1.37445 144.05
1.38059 143.474
1.38675 142.492
1.39288 141.861
1.39901 141.919
1.40515 140.046
1.4113 140.213
1.41742 139.276
1.42355 138.299
1.4297 137.664
1.43585 136.953
1.44198 136.858
1.44809 136.315
1.45423 135.506
1.46036 134.929
1.46649 134.076
1.47263 133.703
1.47877 132.764
1.48491 131.831
1.49104 132.509
1.49718 131
1.50333 130.955
1.50947 130.062
1.5156 129.449
1.52172 128.942
1.52787 128.231
1.534 127.51
1.54013 126.855
1.54627 126.594
1.55241 125.77
1.55855 125.288
1.56467 124.81
1.5708 124.143
