0.00783031 -106.227
0.013688 -134.005
0.019231 -141.579
0.0249154 -138.414
0.0312784 -131.651
0.0375637 -121.696
0.0433917 -115.196
0.0492413 -112.11
0.0555754 -109.325
0.0619321 -122.444
0.067871 -114.549
0.0738098 -113.002
0.0800417 -116.263
0.0862327 -111.381
0.0921407 -107.68
0.0982031 -101.509
0.104506 -102.607
0.110769 -101.095
0.116806 -103.565
0.122832 -109.862
0.129052 -105.756
0.135211 -107.478
0.141259 -106.964
0.147318 -107.912
0.153489 -103.849
0.159709 -103.235
0.165845 -100.719
0.171974 -103.695
0.178125 -102.612
0.184229 -104.207
0.19034 -104.914
0.196428 -106.479
0.202534 -106.835
0.208729 -104.698
0.214876 -103.568
0.220989 -103.498
0.227147 -104.155
0.23329 -105.94
0.239377 -105.253
0.245482 -101.345
0.251667 -104.549
0.257832 -104.128
0.263955 -103.082
0.270079 -104.694
0.27624 -105.625
0.282372 -104.986
0.28843 -105.749
0.294538 -104.793
0.300721 -103.786
0.30691 -103.739
0.313033 -103.904
0.319153 -103.911
0.325316 -105.298
0.33145 -102.727
0.337538 -102.454
0.343633 -103.111
0.349808 -102.923
0.355968 -102.989
0.362074 -103.269
0.368217 -103.343
0.374374 -105.751
0.380519 -101.864
0.386598 -104.243
0.392688 -103.795
0.39888 -102.927
0.405048 -101.367
0.411186 -101.728
0.417313 -103.083
0.423458 -100.793
0.429607 -102.276
0.435692 -103.304
0.441815 -100.848
0.447964 -102.207
0.454126 -102.248
0.460267 -102.536
0.466387 -100.565
0.47254 -101.356
0.478662 -100.43
0.484765 -101.156
0.490885 -100.243
0.497035 -99.3318
0.503198 -99.0863
0.509342 -100.661
0.515458 -99.699
0.521598 -102.093
0.527764 -99.5406
0.533884 -100.259
0.54 -99.7565
0.546137 -97.6615
0.552299 -99.3801
0.558452 -98.7864
0.564573 -99.8734
0.570708 -98.2555
0.576825 -99.3767
0.582926 -98.5707
0.589034 -97.027
0.595184 -98.5399
0.601379 -98.3204
0.607522 -98.2607
0.613639 -96.5585
0.619772 -96.2664
0.625918 -97.2513
0.632068 -97.4591
0.638161 -97.524
0.6443 -98.5588
0.650464 -96.9254
0.656582 -95.9647
0.662703 -96.3772
0.668861 -96.1991
0.675024 -96.9079
0.681124 -96.7477
0.687237 -95.358
0.693381 -95.2823
0.699536 -95.4078
0.705665 -95.2815
0.711789 -94.7652
0.717957 -93.7075
0.72409 -95.2146
0.730186 -94.1429
0.736317 -94.4557
0.742472 -94.5279
0.748622 -94.0747
0.75476 -93.2265
0.760888 -93.5316
0.767043 -93.778
0.773185 -92.7676
0.779291 -93.3675
0.785407 -93.1025
0.791564 -93.0862
0.797719 -92.5582
0.803834 -92.5706
0.809972 -92.3917
0.816124 -92.78
0.822261 -91.8725
0.828378 -92.1114
0.834502 -92.5725
0.840667 -91.5289
0.846816 -91.9088
0.852925 -90.8795
0.859047 -90.8294
0.865192 -90.7572
0.871341 -91.1692
0.877463 -90.6189
0.883569 -89.6426
0.889708 -90.2077
0.895864 -90.2875
0.902008 -89.6421
0.908149 -89.2278
0.914301 -89.6134
0.920448 -88.654
0.926574 -87.4603
0.932687 -88.3895
0.938823 -88.1743
0.944975 -88.1793
0.951105 -88.3129
0.957225 -87.6547
0.963368 -87.6759
0.969511 -87.2313
0.975621 -87.2743
0.981748 -87.4103
0.987916 -86.7254
0.99406 -87.6051
1.00019 -86.4601
1.00632 -86.8056
1.01246 -86.7096
1.01859 -86.1923
1.02471 -86.5346
1.03085 -85.704
1.03698 -85.3742
1.04314 -84.7193
1.04929 -84.9265
1.05541 -84.6796
1.06154 -84.5796
1.06769 -83.0699
1.07382 -83.7962
1.07993 -84.0589
1.08607 -83.1087
1.09222 -83.2372
1.09836 -83.0014
1.10449 -83.0101
1.11063 -82.2642
1.11677 -82.6413
1.1229 -82.0224
1.12903 -82.3645
1.13518 -81.7396
1.14131 -81.5253
1.14745 -81.375
1.15359 -80.6815
1.15973 -80.3212
1.16584 -81.3138
1.17197 -80.7561
1.17811 -80.4617
1.18424 -79.9276
1.19038 -80.1536
1.19652 -80.0482
1.20267 -79.9388
1.20881 -79.8033
1.21495 -79.2894
1.22108 -79.2174
1.2272 -78.4044
1.23334 -78.0931
1.23949 -78.5344
1.24562 -78.1919
1.25174 -77.9445
1.25789 -77.5944
1.26402 -77.9405
1.27014 -76.9192
1.27628 -77.3713
1.28244 -77.1661
1.28858 -76.1205
1.29471 -75.98
1.30084 -76.2401
1.30697 -75.6758
1.31312 -75.7902
1.31925 -75.1909
1.32537 -75.5641
1.33151 -75.6567
1.33765 -74.4964
1.34378 -74.1553
1.34992 -74.3973
1.35606 -74.2429
1.3622 -73.8823
1.36833 -73.1653
1.37445 -73.8004
1.38059 -73.2353
1.38675 -73.182
1.39288 -72.8135
1.39901 -72.6094
1.40515 -72.4332
1.4113 -71.7679
1.41742 -72.2137
1.42355 -71.2848
1.4297 -71.5404
1.43585 -71.1015
1.44198 -70.6681
1.44809 -71.3887
1.45423 -70.6499
1.46036 -70.2154
1.46649 -69.8848
1.47263 -70.0827
1.47877 -70.2909
1.48491 -69.7843
1.49104 -69.1113
1.49718 -69.5012
1.50333 -69.0818
1.50947 -68.8016
1.5156 -68.3246
1.52172 -68.2314
1.52787 -68.2013
1.534 -67.8779
1.54013 -67.5943
1.54627 -67.5053
1.55241 -67.5496
1.55855 -67.412
1.56467 -67.2968
1.5708 -66.7803
