0.00783031 4828.18
0.013688 2084.58
0.019231 2795.32
0.0249154 3885.95
0.0312784 3003.69
0.0375637 2860.1
0.0433917 2982.2
0.0492413 2487.77
0.0555754 2496.2
0.0619321 2424.53
0.067871 2411.11
0.0738098 2060.77
0.0800417 2069.52
0.0862327 1902.59
0.0921407 1843.78
0.0982031 1751.25
0.104506 1704.46
0.110769 1505.25
0.116806 1540.59
0.122832 1459.04
0.129052 1440.6
0.135211 1293.67
0.141259 1298.59
0.147318 1235.79
0.153489 1166.43
0.159709 1135.26
0.165845 1100.12
0.171974 1097.87
0.178125 1032.98
0.184229 1021.87
0.19034 985.954
0.196428 952.546
0.202534 925.693
0.208729 897.605
0.214876 884.022
0.220989 845.254
0.227147 836.973
0.23329 816.187
0.239377 808.004
0.245482 753.264
0.251667 757.223
0.257832 747.136
0.263955 717.354
0.270079 706.388
0.27624 683.314
0.282372 674.23
0.28843 657.596
0.294538 642.738
0.300721 632.368
0.30691 612.485
0.313033 601.987
0.319153 585.309
0.325316 580.764
0.33145 573.832
0.337538 560.711
0.343633 553.357
0.349808 530.18
0.355968 535.154
0.362074 520.741
0.368217 516.016
0.374374 506.428
0.380519 498.75
0.386598 486.898
0.392688 478.703
0.39888 473.303
0.405048 468.61
0.411186 462.055
0.417313 457.523
0.423458 450.321
0.429607 440.585
0.435692 436.861
0.441815 427.862
0.447964 421.392
0.454126 416.971
0.460267 412.883
0.466387 405.199
0.47254 400.009
0.478662 396.552
0.484765 392.13
0.490885 386.845
0.497035 381.719
0.503198 377.041
0.509342 372.71
0.515458 369.286
0.521598 361.774
0.527764 359.662
0.533884 354.727
0.54 353.692
0.546137 348.613
0.552299 347.137
0.558452 344.228
0.564573 338.644
0.570708 334.732
0.576825 332.689
0.582926 327.806
0.589034 320.996
0.595184 321.39
0.601379 316.581
0.607522 314.159
0.613639 312.772
0.619772 306.867
0.625918 306.247
0.632068 302.319
0.638161 299.575
0.6443 297.8
0.650464 295.56
0.656582 293.193
0.662703 291.395
0.668861 287.911
0.675024 284.507
0.681124 283.117
0.687237 280.144
0.693381 276.671
0.699536 275.903
0.705665 274.69
0.711789 273.121
0.717957 267.531
0.72409 265.484
0.730186 263.289
0.736317 264.066
0.742472 260.415
0.748622 258.647
0.75476 257.515
0.760888 255.465
0.767043 253.575
0.773185 251.237
0.779291 249.625
0.785407 248.001
0.791564 245.788
0.797719 244.254
0.803834 242.03
0.809972 241.19
0.816124 238.718
0.822261 238.871
0.828378 235.707
0.834502 235.311
0.840667 233.956
0.846816 231.577
0.852925 229.4
0.859047 227.403
0.865192 226.915
0.871341 225.048
0.877463 224.284
0.883569 222.077
0.889708 221.238
0.895864 219.883
0.902008 217.986
0.908149 217.559
0.914301 216.562
0.920448 214.697
0.926574 212.142
0.932687 211.979
0.938823 210.994
0.944975 209.065
0.951105 208.435
0.957225 206.795
0.963368 207.035
0.969511 204.386
0.975621 203.25
0.981748 202.934
0.987916 200.549
0.99406 200.086
1.00019 199.532
1.00632 197.125
1.01246 197.554
1.01859 195.512
1.02471 195.699
1.03085 193.267
1.03698 192.908
1.04314 192.321
1.04929 190.459
1.05541 189.815
1.06154 188.484
1.06769 187.388
1.07382 187.028
1.07993 185.804
1.08607 184.407
1.09222 184.082
1.09836 182.471
1.10449 181.644
1.11063 181.389
1.11677 179.932
1.1229 179.582
1.12903 178.918
1.13518 177.712
1.14131 176.63
1.14745 175.714
1.15359 174.564
1.15973 174.58
1.16584 173.201
1.17197 173.433
1.17811 171.521
1.18424 170.843
1.19038 170.43
1.19652 168.965
1.20267 168.521
1.20881 168.189
1.21495 166.601
1.22108 166.622
1.2272 165.169
1.23334 164.797
1.23949 164.212
1.24562 163.511
1.25174 162.664
1.25789 161.884
1.26402 161.306
1.27014 160.935
1.27628 159.745
1.28244 159.651
1.28858 158.05
1.29471 157.959
1.30084 157.058
1.30697 156.691
1.31312 155.746
1.31925 155.627
1.32537 154.504
1.33151 153.909
1.33765 153.02
1.34378 152.494
1.34992 152.252
1.35606 151.368
1.3622 150.725
1.36833 150.445
1.37445 149.661
1.38059 148.927
1.38675 148.213
1.39288 147.903
1.39901 147.496
1.40515 147.051
1.4113 146.22
1.41742 145.832
1.42355 145.076
1.4297 144.091
1.43585 143.906
1.44198 144.089
1.44809 143.153
1.45423 142.138
1.46036 141.562
1.46649 141.365
1.47263 140.639
1.47877 139.922
1.48491 139.521
1.49104 139.352
1.49718 138.627
1.50333 137.951
1.50947 137.589
1.5156 136.975
1.52172 136.352
1.52787 136.064
1.534 135.513
1.54013 134.777
1.54627 134.618
1.55241 134.152
1.55855 133.612
1.56467 133.2
1.5708 132.352
