0.00783031 -13.5609
0.013688 -21.8506
0.019231 -24.8561
0.0249154 -32.8193
0.0312784 -36.5245
0.0375637 -37.525
0.0433917 -41.006
0.0492413 -45.8842
0.0555754 -51.0667
0.0619321 -54.7102
0.067871 -59.1907
0.0738098 -64.8978
0.0800417 -69.9351
0.0862327 -70.2501
0.0921407 -69.1392
0.0982031 -69.3459
0.104506 -71.4566
0.110769 -75.2248
0.116806 -75.6914
0.122832 -80.6406
0.129052 -82.3604
0.135211 -81.8832
0.141259 -79.9622
0.147318 -81.892
0.153489 -81.2643
0.159709 -80.7141
0.165845 -81.3179
0.171974 -82.2628
0.178125 -83.002
0.184229 -84.6936
0.19034 -87.8126
0.196428 -87.9437
0.202534 -88.4186
0.208729 -87.909
0.214876 -85.8041
0.220989 -86.3067
0.227147 -87.1177
0.23329 -87.4619
0.239377 -88.383
0.245482 -88.219
0.251667 -87.5646
0.257832 -86.2911
0.263955 -88.0988
0.270079 -88.3085
0.27624 -87.9929
0.282372 -88.4284
0.28843 -88.3135
0.294538 -86.6955
0.300721 -89.0313
0.30691 -88.2984
0.313033 -86.891
0.319153 -88.231
0.325316 -86.8888
0.33145 -86.6612
0.337538 -87.4559
0.343633 -87.4685
0.349808 -88.0901
0.355968 -86.5925
0.362074 -87.5813
0.368217 -85.6963
0.374374 -86.2238
0.380519 -87.6949
0.386598 -85.5668
0.392688 -85.865
0.39888 -85.2548
0.405048 -84.4577
0.411186 -83.6859
0.417313 -85.147
0.423458 -85.2354
0.429607 -84.9753
0.435692 -84.0906
0.441815 -84.0423
0.447964 -82.6675
0.454126 -84.6285
0.460267 -83.4176
0.466387 -82.3921
0.47254 -83.7921
0.478662 -82.1108
0.484765 -82.3297
0.490885 -82.0326
0.497035 -82.081
0.503198 -82.4174
0.509342 -80.1973
0.515458 -81.297
0.521598 -80.8064
0.527764 -80.2151
0.533884 -81.2319
0.54 -78.9406
0.546137 -80.4095
0.552299 -79.4338
0.558452 -78.7415
0.564573 -78.7138
0.570708 -78.2265
0.576825 -78.8506
0.582926 -78.1752
0.589034 -77.168
0.595184 -77.5836
0.601379 -77.3534
0.607522 -76.7585
0.613639 -76.4526
0.619772 -76.1794
0.625918 -75.4095
0.632068 -75.3288
0.638161 -74.9485
0.6443 -75.3214
0.650464 -75.0531
0.656582 -73.3536
0.662703 -75.2936
0.668861 -74.4502
0.675024 -73.6999
0.681124 -72.9893
0.687237 -73.4221
0.693381 -72.8432
0.699536 -72.5885
0.705665 -72.3826
0.711789 -71.3374
0.717957 -71.3786
0.72409 -71.3688
0.730186 -70.8723
0.736317 -71.1343
0.742472 -70.1521
0.748622 -69.4389
0.75476 -69.454
0.760888 -68.8807
0.767043 -68.5105
0.773185 -68.95
0.779291 -68.3957
0.785407 -68.1079
0.791564 -67.7411
0.797719 -67.9561
0.803834 -68.241
0.809972 -66.8228
0.816124 -66.6815
0.822261 -67.1495
0.828378 -67.1074
0.834502 -65.4145
0.840667 -64.6323
0.846816 -65.4222
0.852925 -64.6675
0.859047 -64.3502
0.865192 -64.7172
0.871341 -63.728
0.877463 -64.0185
0.883569 -63.8318
0.889708 -63.4013
0.895864 -63.1601
0.902008 -62.9275
0.908149 -61.9116
0.914301 -62.4723
0.920448 -60.782
0.926574 -62.1364
0.932687 -60.5116
0.938823 -61.8641
0.944975 -60.5838
0.951105 -60.3248
0.957225 -59.7559
0.963368 -60.1488
0.969511 -59.2899
0.975621 -59.4999
0.981748 -59.1528
0.987916 -58.6965
0.99406 -58.8136
1.00019 -58.5068
1.00632 -58.1049
1.01246 -57.8441
1.01859 -57.5063
1.02471 -56.8623
1.03085 -56.8049
1.03698 -56.6476
1.04314 -56.7308
1.04929 -56.064
1.05541 -55.9983
1.06154 -55.478
1.06769 -54.8868
1.07382 -55.346
1.07993 -55.6213
1.08607 -54.9251
1.09222 -54.5054
1.09836 -53.9713
1.10449 -54.4472
1.11063 -53.6703
1.11677 -53.1184
1.1229 -53.6267
1.12903 -52.3488
1.13518 -52.7386
1.14131 -52.5001
1.14745 -52.0843
1.15359 -52.0477
1.15973 -52.0626
1.16584 -51.8255
1.17197 -51.0834
1.17811 -50.9409
1.18424 -51.2262
1.19038 -50.425
1.19652 -50.554
1.20267 -50.4243
1.20881 -49.5756
1.21495 -50.1477
1.22108 -49.6095
1.2272 -49.0777
1.23334 -49.2085
1.23949 -49.5455
1.24562 -48.4817
1.25174 -48.3993
1.25789 -48.4852
1.26402 -47.832
1.27014 -47.8791
1.27628 -47.5367
1.28244 -47.6632
1.28858 -46.8392
1.29471 -46.6986
1.30084 -46.7109
1.30697 -46.7421
1.31312 -46.2585
1.31925 -46.0059
1.32537 -45.6395
1.33151 -45.8219
1.33765 -45.6078
1.34378 -45.0417
1.34992 -44.9055
1.35606 -44.7774
1.3622 -44.5981
1.36833 -44.1442
1.37445 -43.9498
1.38059 -43.6113
1.38675 -43.4932
1.39288 -43.3805
1.39901 -42.6902
1.40515 -42.9712
1.4113 -42.692
1.41742 -42.3955
1.42355 -42.4122
1.4297 -42.0983
1.43585 -41.4992
1.44198 -41.7878
1.44809 -42.0617
1.45423 -40.7316
1.46036 -41.586
1.46649 -40.8323
1.47263 -40.7795
1.47877 -40.6056
1.48491 -40.3493
1.49104 -40.0771
1.49718 -39.7327
1.50333 -39.8765
1.50947 -39.1905
1.5156 -39.3628
1.52172 -39.1608
1.52787 -38.5837
1.534 -38.8308
1.54013 -38.6131
1.54627 -38.5316
1.55241 -38.5504
1.55855 -38.1034
1.56467 -38.0778
1.5708 -37.7105
