0.00783031 20540.9
0.013688 25538
0.019231 25512.8
0.0249154 23139.3
0.0312784 20449.3
0.0375637 17055.2
0.0433917 14784
0.0492413 13419.5
0.0555754 12322.7
0.0619321 11264.3
0.067871 10619
0.0738098 9930.93
0.0800417 9131.5
0.0862327 8179.67
0.0921407 7344.68
0.0982031 6639.73
0.104506 6170.29
0.110769 5969.63
0.116806 5451.63
0.122832 5318.23
0.129052 5075.03
0.135211 4714.36
0.141259 4350.38
0.147318 4183.55
0.153489 3920.14
0.159709 3682.42
0.165845 3555.51
0.171974 3350.82
0.178125 3239.6
0.184229 3165.78
0.19034 3079.42
0.196428 2988.17
0.202534 2906.97
0.208729 2778.86
0.214876 2647.2
0.220989 2581.83
0.227147 2496.33
0.23329 2414.38
0.239377 2382.13
0.245482 2317.02
0.251667 2232.94
0.257832 2156.12
0.263955 2130.78
0.270079 2067.69
0.27624 2049.62
0.282372 1994.33
0.28843 1942.09
0.294538 1887.38
0.300721 1879.83
0.30691 1831.54
0.313033 1762.35
0.319153 1755.1
0.325316 1713.13
0.33145 1666.03
0.337538 1660.74
0.343633 1616.73
0.349808 1591.35
0.355968 1567.36
0.362074 1554.09
0.368217 1512.73
0.374374 1496.24
0.380519 1483.04
0.386598 1459.02
0.392688 1432.67
0.39888 1401.53
0.405048 1378.94
0.411186 1360.07
0.417313 1341.18
0.423458 1326.81
0.429607 1310.01
0.435692 1298.58
0.441815 1274.15
0.447964 1245.63
0.454126 1241.36
0.460267 1223.5
0.466387 1211.6
0.47254 1194.77
0.478662 1180.42
0.484765 1171.01
0.490885 1154.06
0.497035 1136.77
0.503198 1131.4
0.509342 1110.89
0.515458 1106.6
0.521598 1085.32
0.527764 1076.59
0.533884 1066.26
0.54 1050.75
0.546137 1040.32
0.552299 1028.64
0.558452 1020.68
0.564573 1015.3
0.570708 998.11
0.576825 981.277
0.582926 975.443
0.589034 964.867
0.595184 961.234
0.601379 949.29
0.607522 946.195
0.613639 928.105
0.619772 922.729
0.625918 904.308
0.632068 894.567
0.638161 894.173
0.6443 887.661
0.650464 877.068
0.656582 863.801
0.662703 860.473
0.668861 853.398
0.675024 846.089
0.681124 836.784
0.687237 832.293
0.693381 822.095
0.699536 809.544
0.705665 807.598
0.711789 795.482
0.717957 788.588
0.72409 785.526
0.730186 777.618
0.736317 774.519
0.742472 763.615
0.748622 755.188
0.75476 752.057
0.760888 743.123
0.767043 735.685
0.773185 731.044
0.779291 720.693
0.785407 712.397
0.791564 710.029
0.797719 709.815
0.803834 700.089
0.809972 692.157
0.816124 684.939
0.822261 682.5
0.828378 675.229
0.834502 670.378
0.840667 661.808
0.846816 659.563
0.852925 653.283
0.859047 650.901
0.865192 643.225
0.871341 632.304
0.877463 631.355
0.883569 625.462
0.889708 620.369
0.895864 614.845
0.902008 610.735
0.908149 603.395
0.914301 601.494
0.920448 591.645
0.926574 587.975
0.932687 582.15
0.938823 582.71
0.944975 575.92
0.951105 572.66
0.957225 565.299
0.963368 560.812
0.969511 555.682
0.975621 554.432
0.981748 549.499
0.987916 543.48
0.99406 542.668
1.00019 536.46
1.00632 529.591
1.01246 523.79
1.01859 521.013
1.02471 516.733
1.03085 513.339
1.03698 505.66
1.04314 504.997
1.04929 499.418
1.05541 495.531
1.06154 490.402
1.06769 487.708
1.07382 482.937
1.07993 480.379
1.08607 477.59
1.09222 472.644
1.09836 467.388
1.10449 465.94
1.11063 462.076
1.11677 456.101
1.1229 454.456
1.12903 448.103
1.13518 446.507
1.14131 440.767
1.14745 437.72
1.15359 434.843
1.15973 431.578
1.16584 427.856
1.17197 424.866
1.17811 421.18
1.18424 418.764
1.19038 413.995
1.19652 410.109
1.20267 407.583
1.20881 403.763
1.21495 402.385
1.22108 398.601
1.2272 394.497
1.23334 390.313
1.23949 388.091
1.24562 384.525
1.25174 382.035
1.25789 379.196
1.26402 376.907
1.27014 373.404
1.27628 368.944
1.28244 365.599
1.28858 362.568
1.29471 359.684
1.30084 357.05
1.30697 355.24
1.31312 351.043
1.31925 349.844
1.32537 345.77
1.33151 342.821
1.33765 339.735
1.34378 336.261
1.34992 334.064
1.35606 332.398
1.3622 328.496
1.36833 325.848
1.37445 323.04
1.38059 321.129
1.38675 318.282
1.39288 316.557
1.39901 312.692
1.40515 310.798
1.4113 308.897
1.41742 305.077
1.42355 303.584
1.4297 301.807
1.43585 298.159
1.44198 295.949
1.44809 293.47
1.45423 291.4
1.46036 289.88
1.46649 287.643
1.47263 284.631
1.47877 282.051
1.48491 279.942
1.49104 277.7
1.49718 275.492
1.50333 273.298
1.50947 271.272
1.5156 268.752
1.52172 266.29
1.52787 264.604
1.534 261.663
1.54013 260.254
1.54627 257.808
1.55241 256.915
1.55855 254.006
1.56467 252.627
1.5708 250.354
