0.00783031 4031.14
0.013688 6476.72
0.019231 5876.12
0.0249154 4625.04
0.0312784 4975.59
0.0375637 5374.44
0.0433917 4238.32
0.0492413 5116.42
0.0555754 4471.67
0.0619321 4105.73
0.067871 3534.92
0.0738098 3466.25
0.0800417 3206.02
0.0862327 3142.9
0.0921407 3204.19
0.0982031 2760.55
0.104506 2661.56
0.110769 2546.86
0.116806 2356.69
0.122832 2132.18
0.129052 2068.49
0.135211 2030.13
0.141259 1943.37
0.147318 1791.49
0.153489 1826.48
0.159709 1740.11
0.165845 1646.47
0.171974 1541.89
0.178125 1502.14
0.184229 1473.66
0.19034 1447.17
0.196428 1367.2
0.202534 1290.12
0.208729 1286.25
0.214876 1212.54
0.220989 1205.64
0.227147 1163.78
0.23329 1130.37
0.239377 1065.37
0.245482 1033.4
0.251667 1035.69
0.257832 1027.43
0.263955 970.107
0.270079 935.642
0.27624 900.846
0.282372 898.574
0.28843 834.743
0.294538 804.721
0.300721 796.379
0.30691 767.327
0.313033 757.66
0.319153 752.738
0.325316 730.372
0.33145 684.603
0.337538 669.626
0.343633 646.068
0.349808 655.352
0.355968 633.746
0.362074 617.066
0.368217 611.148
0.374374 588.077
0.380519 568.141
0.386598 550.957
0.392688 552.032
0.39888 548.274
0.405048 534.563
0.411186 525.636
0.417313 500.96
0.423458 490.132
0.429607 479.834
0.435692 479.474
0.441815 465.559
0.447964 456.522
0.454126 443.484
0.460267 440.664
0.466387 428.231
0.47254 417.939
0.478662 411.936
0.484765 407.921
0.490885 396.301
0.497035 392.628
0.503198 380.272
0.509342 377.397
0.515458 364.225
0.521598 364.33
0.527764 350.1
0.533884 342.166
0.54 344.836
0.546137 326.909
0.552299 333.089
0.558452 321.486
0.564573 309.988
0.570708 308.002
0.576825 307.391
0.582926 292.718
0.589034 284.576
0.595184 285.516
0.601379 278.736
0.607522 277.858
0.613639 272.51
0.619772 265.698
0.625918 263.617
0.632068 258.355
0.638161 249.992
0.6443 252.354
0.650464 245.978
0.656582 235.416
0.662703 234.512
0.668861 226.499
0.675024 228.017
0.681124 223.335
0.687237 219.92
0.693381 213.564
0.699536 208.042
0.705665 202.233
0.711789 207.178
0.717957 200.578
0.72409 196.362
0.730186 190.327
0.736317 189.846
0.742472 183.449
0.748622 182.651
0.75476 178.192
0.760888 178.102
0.767043 172.229
0.773185 170.715
0.779291 167.658
0.785407 166.606
0.791564 160.785
0.797719 156.639
0.803834 156.027
0.809972 153.991
0.816124 149.231
0.822261 144.476
0.828378 142.501
0.834502 144.425
0.840667 141.101
0.846816 136.316
0.852925 136.618
0.859047 127.617
0.865192 131.391
0.871341 129.624
0.877463 124.204
0.883569 123.416
0.889708 120.461
0.895864 116.933
0.902008 111.623
0.908149 114.704
0.914301 108.921
0.920448 107.759
0.926574 106.058
0.932687 103.94
0.938823 100.752
0.944975 100.067
0.951105 98.034
0.957225 93.3762
0.963368 93.2281
0.969511 90.5259
0.975621 90.842
0.981748 86.3596
0.987916 86.0301
0.99406 84.9876
1.00019 81.7096
1.00632 81.1925
1.01246 80.026
1.01859 77.4028
1.02471 75.2793
1.03085 71.8909
1.03698 72.8307
1.04314 71.5032
1.04929 68.7487
1.05541 67.671
1.06154 65.853
1.06769 64.6007
1.07382 64.5208
1.07993 59.7452
1.08607 60.2815
1.09222 58.2727
1.09836 57.5987
1.10449 55.8618
1.11063 54.8679
1.11677 52.5483
1.1229 49.4195
1.12903 50.5233
1.13518 48.0715
1.14131 48.7032
1.14745 46.5864
1.15359 44.3098
1.15973 43.4244
1.16584 39.9585
1.17197 40.8939
1.17811 40.9818
1.18424 37.2874
1.19038 39.5349
1.19652 37.2979
1.20267 36.7692
1.20881 31.7974
1.21495 30.1677
1.22108 31.0241
1.2272 31.1842
1.23334 30.4538
1.23949 28.8823
1.24562 27.135
1.25174 26.6549
1.25789 24.8751
1.26402 24.6317
1.27014 24.1146
1.27628 20.7903
1.28244 21.9716
1.28858 21.6374
1.29471 18.2743
1.30084 18.7363
1.30697 17.1843
1.31312 16.5011
1.31925 16.0598
1.32537 15.6913
1.33151 14.4443
1.33765 14.2415
1.34378 15.019
1.34992 11.0154
1.35606 12.1351
1.3622 11.0319
1.36833 12.0203
1.37445 10.3924
1.38059 8.3093
1.38675 8.49554
1.39288 7.05638
1.39901 6.33181
1.40515 6.80251
1.4113 6.28165
1.41742 4.84497
1.42355 3.41646
1.4297 1.88793
1.43585 3.77813
1.44198 1.70671
1.44809 1.56631
1.45423 1.53715
1.46036 -0.644966
1.46649 -0.81808
1.47263 -1.94902
1.47877 -2.48364
1.48491 -3.79761
1.49104 -4.33883
1.49718 -3.75729
1.50333 -4.6341
1.50947 -6.00667
1.5156 -4.68069
1.52172 -6.42831
1.52787 -6.894
1.534 -6.68088
1.54013 -6.66154
1.54627 -8.59
1.55241 -9.45482
1.55855 -9.32294
1.56467 -10.3739
1.5708 -11.7013
