0.00783031 20195.5
0.013688 24973.6
0.019231 25525.8
0.0249154 23232.9
0.0312784 20335.8
0.0375637 16888.6
0.0433917 14186.7
0.0492413 13340.6
0.0555754 11991.8
0.0619321 11015.5
0.067871 10393.1
0.0738098 9407.35
0.0800417 8343.4
0.0862327 7629.92
0.0921407 6736.15
0.0982031 6388.46
0.104506 5658.66
0.110769 5186.96
0.116806 4902.45
0.122832 4757.58
0.129052 4575.65
0.135211 4285.28
0.141259 3954.28
0.147318 3741.39
0.153489 3525.81
0.159709 3295.6
0.165845 3113.09
0.171974 2955.86
0.178125 2787.51
0.184229 2775.89
0.19034 2578.11
0.196428 2504.21
0.202534 2426.56
0.208729 2374.62
0.214876 2179.86
0.220989 2120.75
0.227147 2099.21
0.23329 1982.7
0.239377 1939.57
0.245482 1860.66
0.251667 1814.01
0.257832 1785.83
0.263955 1716.24
0.270079 1670.96
0.27624 1615.56
0.282372 1573.21
0.28843 1544.16
0.294538 1486.78
0.300721 1482.94
0.30691 1425.8
0.313033 1393.34
0.319153 1348.41
0.325316 1325.47
0.33145 1297.18
0.337538 1281.11
0.343633 1245.14
0.349808 1206.81
0.355968 1196.53
0.362074 1181.44
0.368217 1153.53
0.374374 1132.2
0.380519 1108.71
0.386598 1091.12
0.392688 1069.85
0.39888 1046.31
0.405048 1042.36
0.411186 1026.93
0.417313 999.415
0.423458 989.015
0.429607 962.636
0.435692 956.109
0.441815 943.957
0.447964 936.88
0.454126 911.007
0.460267 898.881
0.466387 901.799
0.47254 872.761
0.478662 865.886
0.484765 842.025
0.490885 843.283
0.497035 835.414
0.503198 826.235
0.509342 815.357
0.515458 796.727
0.521598 787.254
0.527764 782.32
0.533884 768.236
0.54 762.966
0.546137 745.77
0.552299 739.735
0.558452 735.027
0.564573 732.444
0.570708 723.791
0.576825 714.078
0.582926 698.48
0.589034 689.571
0.595184 688.506
0.601379 680.509
0.607522 672.239
0.613639 663.416
0.619772 655.345
0.625918 651.918
0.632068 643.402
0.638161 637.072
0.6443 635.931
0.650464 629.504
0.656582 623.193
0.662703 615.685
0.668861 607.077
0.675024 601.707
0.681124 593.055
0.687237 588.379
0.693381 586.039
0.699536 580.132
0.705665 574.57
0.711789 569.855
0.717957 561.457
0.72409 555.792
0.730186 550.24
0.736317 545.154
0.742472 539.517
0.748622 538.041
0.75476 533.484
0.760888 529.38
0.767043 524.284
0.773185 519.597
0.779291 513.818
0.785407 509.461
0.791564 504.006
0.797719 501.204
0.803834 498.079
0.809972 492.598
0.816124 485.995
0.822261 481.007
0.828378 483.853
0.834502 474.998
0.840667 470.378
0.846816 466.086
0.852925 463.017
0.859047 459.294
0.865192 456.657
0.871341 454.768
0.877463 445.656
0.883569 445.895
0.889708 442.224
0.895864 437.599
0.902008 434.145
0.908149 430.178
0.914301 424.375
0.920448 424.861
0.926574 422.345
0.932687 417.109
0.938823 413.657
0.944975 409.958
0.951105 407.505
0.957225 402.399
0.963368 398.965
0.969511 396.779
0.975621 393.36
0.981748 391.295
0.987916 386.718
0.99406 383.431
1.00019 382.513
1.00632 378.705
1.01246 375.408
1.01859 373.668
1.02471 369.063
1.03085 367.48
1.03698 363.567
1.04314 360.87
1.04929 358.624
1.05541 355.457
1.06154 352.492
1.06769 350.581
1.07382 347.793
1.07993 344.514
1.08607 341.315
1.09222 338.918
1.09836 336.537
1.10449 332.899
1.11063 331.276
1.11677 328.51
1.1229 326.203
1.12903 323.736
1.13518 321.33
1.14131 319.405
1.14745 315.275
1.15359 314.186
1.15973 312.354
1.16584 309.221
1.17197 305.418
1.17811 304.366
1.18424 301.208
1.19038 298.487
1.19652 298.574
1.20267 295.245
1.20881 293.122
1.21495 291.289
1.22108 287.456
1.2272 286.309
1.23334 284.932
1.23949 280.692
1.24562 279.447
1.25174 278.179
1.25789 275.857
1.26402 273.36
1.27014 272.193
1.27628 269.614
1.28244 266.699
1.28858 264.398
1.29471 262.62
1.30084 260.918
1.30697 258.46
1.31312 257.126
1.31925 255.466
1.32537 252.935
1.33151 251.359
1.33765 249.892
1.34378 247.589
1.34992 246.167
1.35606 243.416
1.3622 241.74
1.36833 240.038
1.37445 239.301
1.38059 236.448
1.38675 235.234
1.39288 233.38
1.39901 230.887
1.40515 229.309
1.4113 227.765
1.41742 225.583
1.42355 224.586
1.4297 222.79
1.43585 220.631
1.44198 218.667
1.44809 217.673
1.45423 215.578
1.46036 214.077
1.46649 212.965
1.47263 210.786
1.47877 209.333
1.48491 207.745
1.49104 206.12
1.49718 205.111
1.50333 203.245
1.50947 201.692
1.5156 200.118
1.52172 198.376
1.52787 197.251
1.534 195.619
1.54013 193.804
1.54627 193.154
1.55241 191.18
1.55855 190.325
1.56467 188.495
1.5708 187.388
