0.00783031 -18.3757
0.013688 -28.4044
0.019231 -30.7913
0.0249154 -37.7106
0.0312784 -37.8827
0.0375637 -40.2429
0.0433917 -46.7598
0.0492413 -47.5761
0.0555754 -53.6537
0.0619321 -59.6152
0.067871 -64.0967
0.0738098 -68.3087
0.0800417 -67.1458
0.0862327 -70.8309
0.0921407 -69.9638
0.0982031 -70.486
0.104506 -72.9345
0.110769 -68.7661
0.116806 -76.2707
0.122832 -76.2061
0.129052 -79.0364
0.135211 -81.8707
0.141259 -83.2895
0.147318 -84.4283
0.153489 -83.8448
0.159709 -82.1898
0.165845 -82.0786
0.171974 -86.0786
0.178125 -83.4177
0.184229 -84.1246
0.19034 -88.3424
0.196428 -85.5562
0.202534 -88.6537
0.208729 -88.1867
0.214876 -89.2857
0.220989 -87.1839
0.227147 -88.1717
0.23329 -88.6621
0.239377 -89.1538
0.245482 -87.8394
0.251667 -90.4918
0.257832 -89.1927
0.263955 -88.5248
0.270079 -89.3438
0.27624 -88.4499
0.282372 -91.1367
0.28843 -87.3395
0.294538 -88.4048
0.300721 -87.5363
0.30691 -87.5871
0.313033 -90.2662
0.319153 -88.7123
0.325316 -88.0734
0.33145 -87.9985
0.337538 -87.2311
0.343633 -87.375
0.349808 -88.1939
0.355968 -87.4168
0.362074 -88.5117
0.368217 -86.8258
0.374374 -87.2592
0.380519 -87.874
0.386598 -87.4474
0.392688 -88.5788
0.39888 -85.1359
0.405048 -86.659
0.411186 -86.3008
0.417313 -85.476
0.423458 -83.9711
0.429607 -83.7886
0.435692 -85.0478
0.441815 -85.6768
0.447964 -85.779
0.454126 -83.5385
0.460267 -84.1377
0.466387 -81.8003
0.47254 -83.2374
0.478662 -81.9494
0.484765 -82.3343
0.490885 -82.3956
0.497035 -82.8083
0.503198 -81.2924
0.509342 -81.2961
0.515458 -81.2182
0.521598 -81.9959
0.527764 -81.6448
0.533884 -80.2275
0.54 -80.0499
0.546137 -80.1367
0.552299 -79.8323
0.558452 -79.293
0.564573 -78.4827
0.570708 -79.513
0.576825 -79.0279
0.582926 -78.4559
0.589034 -78.7962
0.595184 -77.9987
0.601379 -77.8058
0.607522 -77.2073
0.613639 -76.6683
0.619772 -76.3655
0.625918 -75.8902
0.632068 -75.5027
0.638161 -75.4788
0.6443 -74.6276
0.650464 -74.5029
0.656582 -75.4627
0.662703 -75.1108
0.668861 -74.8899
0.675024 -74.4572
0.681124 -73.3068
0.687237 -72.6923
0.693381 -72.4319
0.699536 -73.2277
0.705665 -72.8935
0.711789 -72.8987
0.717957 -72.3963
0.72409 -71.7984
0.730186 -72.6607
0.736317 -72.0656
0.742472 -70.2861
0.748622 -70.3653
0.75476 -70.3533
0.760888 -69.7813
0.767043 -69.6203
0.773185 -70.0666
0.779291 -68.9816
0.785407 -68.4597
0.791564 -69.4621
0.797719 -68.3817
0.803834 -68.3723
0.809972 -67.9344
0.816124 -67.3647
0.822261 -68.0023
0.828378 -66.9933
0.834502 -67.3319
0.840667 -66.5188
0.846816 -66.1676
0.852925 -66.0269
0.859047 -65.5473
0.865192 -65.7318
0.871341 -64.635
0.877463 -65.3109
0.883569 -64.2174
0.889708 -63.8527
0.895864 -63.6144
0.902008 -63.6022
0.908149 -62.8612
0.914301 -63.441
0.920448 -62.9827
0.926574 -62.4626
0.932687 -62.8076
0.938823 -62.1554
0.944975 -62.0207
0.951105 -61.5312
0.957225 -61.7328
0.963368 -61.2405
0.969511 -60.3986
0.975621 -60.6627
0.981748 -60.2963
0.987916 -59.8206
0.99406 -60.057
1.00019 -59.1485
1.00632 -59.1393
1.01246 -58.405
1.01859 -58.7923
1.02471 -58.5578
1.03085 -57.827
1.03698 -57.6542
1.04314 -57.7881
1.04929 -57.9639
1.05541 -57.1309
1.06154 -56.7321
1.06769 -56.9617
1.07382 -55.8303
1.07993 -56.1968
1.08607 -55.9292
1.09222 -55.2635
1.09836 -55.5917
1.10449 -55.6355
1.11063 -54.7837
1.11677 -54.3676
1.1229 -54.5586
1.12903 -54.0192
1.13518 -54.3251
1.14131 -53.8818
1.14745 -53.1464
1.15359 -53.1626
1.15973 -52.7241
1.16584 -52.3706
1.17197 -52.3542
1.17811 -52.3712
1.18424 -52.093
1.19038 -51.8358
1.19652 -51.6076
1.20267 -51.2807
1.20881 -51.1108
1.21495 -50.6944
1.22108 -50.6831
1.2272 -50.0745
1.23334 -49.8679
1.23949 -49.8885
1.24562 -49.776
1.25174 -49.4937
1.25789 -49.2196
1.26402 -48.8992
1.27014 -48.7822
1.27628 -48.3493
1.28244 -47.7919
1.28858 -47.5234
1.29471 -47.6219
1.30084 -47.761
1.30697 -47.2612
1.31312 -47.4004
1.31925 -47.2129
1.32537 -46.8239
1.33151 -46.4504
1.33765 -46.0173
1.34378 -46.2063
1.34992 -45.876
1.35606 -45.5457
1.3622 -45.3332
1.36833 -45.0942
1.37445 -45.1242
1.38059 -45.2446
1.38675 -44.4982
1.39288 -44.3053
1.39901 -44.5134
1.40515 -44.2189
1.4113 -43.3551
1.41742 -43.3612
1.42355 -43.3081
1.4297 -42.7623
1.43585 -43.4613
1.44198 -42.6273
1.44809 -42.2766
1.45423 -42.4381
1.46036 -42.7661
1.46649 -41.7775
1.47263 -41.6926
1.47877 -41.8299
1.48491 -40.9664
1.49104 -41.1846
1.49718 -40.7015
1.50333 -40.8578
1.50947 -40.7641
1.5156 -40.3971
1.52172 -39.9998
1.52787 -40.2525
1.534 -39.8181
1.54013 -39.8815
1.54627 -39.4434
1.55241 -39.2482
1.55855 -39.2226
1.56467 -38.8747
1.5708 -38.7301
