0.00783031 20381.5
0.013688 25469.6
0.019231 25530.6
0.0249154 23624.7
0.0312784 20611.1
0.0375637 17440.5
0.0433917 15548.8
0.0492413 13911.2
0.0555754 12916.1
0.0619321 12182.5
0.067871 11309.1
0.0738098 10625.6
0.0800417 9428.67
0.0862327 8806.17
0.0921407 7733.45
0.0982031 7276.24
0.104506 6739.66
0.110769 6031.49
0.116806 6040.61
0.122832 5616.5
0.129052 5458.6
0.135211 5340.5
0.141259 5067.23
0.147318 4915.32
0.153489 4588.25
0.159709 4403.31
0.165845 4170.49
0.171974 4109.99
0.178125 3919.91
0.184229 3747.96
0.19034 3819.32
0.196428 3544.98
0.202534 3535.23
0.208729 3433.2
0.214876 3376.76
0.220989 3258.98
0.227147 3193.64
0.23329 3084.38
0.239377 2990.75
0.245482 2942.4
0.251667 2934.37
0.257832 2875.06
0.263955 2792.47
0.270079 2758.56
0.27624 2688.17
0.282372 2678.38
0.28843 2588.25
0.294538 2554.35
0.300721 2492.93
0.30691 2455.14
0.313033 2440.31
0.319153 2412.39
0.325316 2370.58
0.33145 2331
0.337538 2298.93
0.343633 2280.97
0.349808 2240.01
0.355968 2210.58
0.362074 2184.09
0.368217 2159.92
0.374374 2120.59
0.380519 2122.06
0.386598 2104.57
0.392688 2093.01
0.39888 2015.12
0.405048 2021.38
0.411186 1979.46
0.417313 1969.48
0.423458 1932.53
0.429607 1914.21
0.435692 1915.53
0.441815 1903.78
0.447964 1883.83
0.454126 1848.97
0.460267 1830.06
0.466387 1811.95
0.47254 1796.26
0.478662 1778.33
0.484765 1761.83
0.490885 1752.05
0.497035 1736.11
0.503198 1716.23
0.509342 1705.07
0.515458 1695.21
0.521598 1673.15
0.527764 1679.12
0.533884 1636.86
0.54 1643.2
0.546137 1624.63
0.552299 1610.22
0.558452 1604.79
0.564573 1579.79
0.570708 1583.38
0.576825 1568.68
0.582926 1546.33
0.589034 1551.63
0.595184 1528.31
0.601379 1512.56
0.607522 1512.18
0.613639 1488.59
0.619772 1479.43
0.625918 1470.17
0.632068 1461.3
0.638161 1445.29
0.6443 1440.38
0.650464 1430.76
0.656582 1425.39
0.662703 1401.9
0.668861 1404.94
0.675024 1397.53
0.681124 1373.54
0.687237 1364.06
0.693381 1359.44
0.699536 1350.16
0.705665 1350.38
0.711789 1336.77
0.717957 1326.09
0.72409 1315.02
0.730186 1309.89
0.736317 1306.19
0.742472 1290.5
0.748622 1286.53
0.75476 1271
0.760888 1260.68
0.767043 1255.42
0.773185 1250.87
0.779291 1239.05
0.785407 1230.05
0.791564 1227.1
0.797719 1216.5
0.803834 1207.89
0.809972 1202.24
0.816124 1189.05
0.822261 1191.12
0.828378 1179.16
0.834502 1170.63
0.840667 1159.78
0.846816 1154.2
0.852925 1150.01
0.859047 1141.3
0.865192 1136.33
0.871341 1126.24
0.877463 1118.71
0.883569 1110.77
0.889708 1104
0.895864 1094.21
0.902008 1084.51
0.908149 1081.4
0.914301 1077.69
0.920448 1071
0.926574 1063.47
0.932687 1052.3
0.938823 1052.71
0.944975 1046.93
0.951105 1034.31
0.957225 1031.54
0.963368 1024.16
0.969511 1016.23
0.975621 1014.42
0.981748 1003.87
0.987916 1000.08
0.99406 989.198
1.00019 986.37
1.00632 980.239
1.01246 974.64
1.01859 970.261
1.02471 964.116
1.03085 956.129
1.03698 945.616
1.04314 939.684
1.04929 940.739
1.05541 932.823
1.06154 928.635
1.06769 921.264
1.07382 914.08
1.07993 908.384
1.08607 902.994
1.09222 894.91
1.09836 891.69
1.10449 888.338
1.11063 876.729
1.11677 877.453
1.1229 870.325
1.12903 865.048
1.13518 862.111
1.14131 851.37
1.14745 850.646
1.15359 842.551
1.15973 840.135
1.16584 832.156
1.17197 826.563
1.17811 821.139
1.18424 820.607
1.19038 814.391
1.19652 806.664
1.20267 800.772
1.20881 794.186
1.21495 792.483
1.22108 787.361
1.2272 779.925
1.23334 776.796
1.23949 772.163
1.24562 768.726
1.25174 762.346
1.25789 758.663
1.26402 753.564
1.27014 748.675
1.27628 742.884
1.28244 740.844
1.28858 735.529
1.29471 730.305
1.30084 724.383
1.30697 722.806
1.31312 717.186
1.31925 714.577
1.32537 708.207
1.33151 703.789
1.33765 697.328
1.34378 695.31
1.34992 692.008
1.35606 686.249
1.3622 683.876
1.36833 678.838
1.37445 675.583
1.38059 671.065
1.38675 665.235
1.39288 661.328
1.39901 659.457
1.40515 653.236
1.4113 647.568
1.41742 645.204
1.42355 642.084
1.4297 636.49
1.43585 634.341
1.44198 629.537
1.44809 622.931
1.45423 622.898
1.46036 618.493
1.46649 615.366
1.47263 611.131
1.47877 607.199
1.48491 603.366
1.49104 600.473
1.49718 593.767
1.50333 591.955
1.50947 588.366
1.5156 585.794
1.52172 580.667
1.52787 578.045
1.534 575.758
1.54013 570.943
1.54627 567.868
1.55241 563.566
1.55855 559.691
1.56467 557.457
1.5708 554.83
