0.00783031 7531.24
0.013688 9002.99
0.019231 10766.4
0.0249154 10737.9
0.0312784 11185.2
0.0375637 8873.38
0.0433917 9135.89
0.0492413 9382.4
0.0555754 8694.1
0.0619321 9129.94
0.067871 9078.76
0.0738098 9118.66
0.0800417 8133.65
0.0862327 8464.83
0.0921407 8325.51
0.0982031 7562.28
0.104506 7899.68
0.110769 7611.59
0.116806 7707.5
0.122832 7212.06
0.129052 7619.34
0.135211 7305.22
0.141259 7155.81
0.147318 6996.27
0.153489 6765.88
0.159709 6705.64
0.165845 6517.02
0.171974 6573.42
0.178125 6504.53
0.184229 6408.46
0.19034 6303.42
0.196428 6149.96
0.202534 6218.3
0.208729 5957.55
0.214876 6033.88
0.220989 5938.9
0.227147 5729.04
0.23329 5786.78
0.239377 5625.16
0.245482 5627.16
0.251667 5547.01
0.257832 5548.43
0.263955 5530.45
0.270079 5408.21
0.27624 5338.02
0.282372 5356.85
0.28843 5261.48
0.294538 5174.4
0.300721 5162.89
0.30691 5066.94
0.313033 5021.55
0.319153 5023.67
0.325316 4965.93
0.33145 4969.89
0.337538 4921.2
0.343633 4911.22
0.349808 4800.9
0.355968 4795.3
0.362074 4719.07
0.368217 4717.85
0.374374 4619.04
0.380519 4621.33
0.386598 4659.54
0.392688 4593.12
0.39888 4575.98
0.405048 4561.06
0.411186 4499.83
0.417313 4480.54
0.423458 4464.49
0.429607 4395.07
0.435692 4433.13
0.441815 4378.74
0.447964 4353.77
0.454126 4345.85
0.460267 4298.78
0.466387 4312.07
0.47254 4240.08
0.478662 4214.45
0.484765 4226.91
0.490885 4206.84
0.497035 4177.5
0.503198 4146.09
0.509342 4120.95
0.515458 4136
0.521598 4056.77
0.527764 4092.89
0.533884 4052.9
0.54 4049.71
0.546137 4036.37
0.552299 4010.23
0.558452 3999.38
0.564573 3946.31
0.570708 3951.02
0.576825 3939.03
0.582926 3909.76
0.589034 3927.65
0.595184 3882.02
0.601379 3849.97
0.607522 3856.28
0.613639 3839.27
0.619772 3833.05
0.625918 3824.91
0.632068 3799.56
0.638161 3800.78
0.6443 3781.17
0.650464 3766.34
0.656582 3747.73
0.662703 3704.42
0.668861 3723.79
0.675024 3711.09
0.681124 3679.61
0.687237 3663.5
0.693381 3646.67
0.699536 3650.76
0.705665 3652.54
0.711789 3610.26
0.717957 3606.85
0.72409 3590.34
0.730186 3555.74
0.736317 3591.61
0.742472 3566.94
0.748622 3562.29
0.75476 3529.55
0.760888 3538.22
0.767043 3513.46
0.773185 3510.49
0.779291 3490.39
0.785407 3480.6
0.791564 3460.23
0.797719 3462.78
0.803834 3431.57
0.809972 3445.99
0.816124 3406.98
0.822261 3419.65
0.828378 3403.62
0.834502 3387.66
0.840667 3354.69
0.846816 3372.25
0.852925 3360.63
0.859047 3347.58
0.865192 3341.57
0.871341 3314.89
0.877463 3319.81
0.883569 3302.61
0.889708 3294.18
0.895864 3285.63
0.902008 3268.99
0.908149 3271.18
0.914301 3263.23
0.920448 3249.03
0.926574 3242.96
0.932687 3222.18
0.938823 3211.79
0.944975 3223.25
0.951105 3191.97
0.957225 3185.79
0.963368 3180.73
0.969511 3169.17
0.975621 3179.38
0.981748 3155.31
0.987916 3147.47
0.99406 3124.58
1.00019 3125.27
1.00632 3122.85
1.01246 3120.53
1.01859 3110.78
1.02471 3090.86
1.03085 3095.73
1.03698 3069.56
1.04314 3053.18
1.04929 3063.87
1.05541 3055.91
1.06154 3051.67
1.06769 3036.55
1.07382 3031.96
1.07993 3014.64
1.08607 3007.64
1.09222 2997.02
1.09836 2988.98
1.10449 2979.75
1.11063 2968.89
1.11677 2970.2
1.1229 2945.86
1.12903 2947.04
1.13518 2946.1
1.14131 2915.55
1.14745 2940.4
1.15359 2911.24
1.15973 2917.19
1.16584 2905.62
1.17197 2898.16
1.17811 2881.84
1.18424 2889.02
1.19038 2882.03
1.19652 2856.18
1.20267 2850.33
1.20881 2835.51
1.21495 2836.05
1.22108 2836.69
1.2272 2816.64
1.23334 2812.52
1.23949 2814.97
1.24562 2804.44
1.25174 2793.3
1.25789 2788.33
1.26402 2777.88
1.27014 2771.26
1.27628 2759.09
1.28244 2752.24
1.28858 2754.8
1.29471 2747.94
1.30084 2723.03
1.30697 2723.43
1.31312 2719.34
1.31925 2715.69
1.32537 2699.28
1.33151 2706.46
1.33765 2678.6
1.34378 2681.17
1.34992 2681.1
1.35606 2672.39
1.3622 2670.47
1.36833 2659.39
1.37445 2651.88
1.38059 2637.49
1.38675 2635.94
1.39288 2620.53
1.39901 2618.39
1.40515 2611.65
1.4113 2600.5
1.41742 2599.11
1.42355 2592.96
1.4297 2576.27
1.43585 2575.28
1.44198 2574.04
1.44809 2559.33
1.45423 2559.79
1.46036 2547.41
1.46649 2550.07
1.47263 2540.49
1.47877 2528.44
1.48491 2531.08
1.49104 2515.94
1.49718 2507.68
1.50333 2503.23
1.50947 2495.75
1.5156 2495.51
1.52172 2483.49
1.52787 2479.75
1.534 2479.31
1.54013 2463.63
1.54627 2462.34
1.55241 2458.13
1.55855 2446.12
1.56467 2446.71
1.5708 2445.01
