#  k  (h/Mpc)          P(k)  (Mpc/h)^3     P_linear(k)   P_NL(k) (Mpc/h)^3
     0.00783031         20273.2         20513.5           20402 
       0.013688         25292.3         25365.8         25170.4 
       0.019231         25239.8         25635.4         25378.2 
      0.0249154         23180.8         23617.7         23341.1 
      0.0312784         20114.3         20361.8         20072.2 
      0.0375637         16889.7         17287.6         17029.1 
      0.0433917         14981.3         15046.4         14768.3 
      0.0492413         13189.3         13439.5         13172.6 
      0.0555754           12137         12280.2         12034.8 
      0.0619321         11219.7         11423.3         11182.2 
       0.067871         10351.3         10674.3         10455.7 
      0.0738098         9613.95         9842.08         9530.37 
      0.0800417         8409.78         8856.08         8604.23 
      0.0862327         7739.72         7841.33          7739.8 
      0.0921407         6752.11         6940.55         6884.81 
      0.0982031         6224.84         6164.83         6243.98 
       0.104506         5658.38         5561.75         5737.32 
       0.110769         5004.12         5155.89         5263.08 
       0.116806         4944.36         4889.47         4964.46 
       0.122832         4559.03         4677.07         4752.13 
       0.129052         4362.21         4453.97         4522.27 
       0.135211         4181.63         4193.92         4269.83 
       0.141259         3931.03         3896.12         4050.54 
       0.147318         3751.09         3576.26         3807.16 
       0.153489         3438.47          3260.5         3472.32 
       0.159709         3247.86         2982.04         3265.67 
       0.165845         3040.63         2764.14         3130.37 
       0.171974         2948.56         2604.93         2961.41 
       0.178125         2758.52          2488.7         2879.78 
       0.184229         2612.57          2396.6         2743.09 
        0.19034         2623.42         2308.28         2640.78 
       0.196428         2409.51         2211.01            2533 
       0.202534         2373.25         2098.34         2448.32 
       0.208729         2276.32         1971.83          2315.9 
       0.214876          2210.8         1845.05         2253.38 
       0.220989         2103.43         1727.42         2179.44 
       0.227147         2035.93          1625.3         2105.71 
        0.23329         1942.84          1542.2         2040.86 
       0.239377         1869.77         1476.79         1962.14 
       0.245482         1809.24         1423.17         1881.11 
       0.251667         1780.87         1374.77          1839.5 
       0.257832         1732.02         1326.38         1781.24 
       0.263955         1661.57         1274.55         1732.73 
       0.270079         1619.47         1218.63         1683.96 
        0.27624         1563.62         1160.63         1632.19 
       0.282372         1540.27         1104.16         1604.22 
        0.28843         1471.04         1052.29         1569.55 
       0.294538         1439.21         1005.98         1521.93 
       0.300721         1386.72         965.772         1476.82 
        0.30691         1355.12         931.185         1457.29 
       0.313033         1337.23         900.669         1412.21 
       0.319153         1310.22         871.904         1373.99 
       0.325316         1271.66         843.127         1354.28 
        0.33145         1240.78         813.802         1308.65 
       0.337538         1211.78         783.968         1289.04 
       0.343633         1191.46         754.209         1273.23 
       0.349808         1157.63         725.137         1252.72 
       0.355968         1133.53         698.007         1228.96 
       0.362074         1115.31         673.396         1205.73 
       0.368217         1090.03         651.053         1177.75 
       0.374374         1063.99         630.664         1155.05 
       0.380519         1055.09         611.687         1134.08 
       0.386598          1038.9         593.734         1119.14 
       0.392688         1025.07         576.093         1099.03 
        0.39888         978.325         558.266         1080.83 
       0.405048         971.973         540.636         1062.65 
       0.411186         945.725         523.443         1045.26 
       0.417313         932.375         506.946         1032.01 
       0.423458         911.807         491.257         1012.47 
       0.429607         896.568         476.511         996.142 
       0.435692         889.369         462.871         974.373 
       0.441815         879.832          450.01         971.353 
       0.447964         865.301         437.712         961.022 
       0.454126         841.375         425.821         934.613 
       0.460267             829         414.316         932.964 
       0.466387         814.052         403.106         917.372 
        0.47254         803.258         392.064         904.495 
       0.478662         790.086          381.36         891.387 
       0.484765         775.751         371.082         882.092 
       0.490885         768.163         361.225         865.542 
       0.497035         756.219         351.758         858.122 
       0.503198         743.625         342.709         848.092 
       0.509342         733.812         334.099         833.605 
       0.515458         724.978         325.875         827.949 
       0.521598         712.754         317.898         819.807 
       0.527764         709.146         310.109         812.946 
       0.533884         687.584         302.587         804.268 
           0.54         687.921         295.284         794.874 
       0.546137         674.784         288.166         786.409 
       0.552299          667.47         281.241         775.648 
       0.558452          659.03         274.572         769.557 
       0.564573         646.305         268.183         762.401 
       0.570708         643.995         262.019         752.148 
       0.576825          635.11         256.088         743.076 
       0.582926         623.621         250.362         738.298 
       0.589034         621.648           244.8         728.032 
       0.595184         608.983         239.361         720.603 
       0.601379         599.531         234.048         714.925 
       0.607522         597.661         228.943         704.237 
       0.613639         584.299         224.008         701.679 
       0.619772         576.657         219.199         699.531 
       0.625918         570.816         214.523           690.2 
       0.632068         565.763         209.989         686.291 
       0.638161         555.251          205.63         676.345 
         0.6443         551.386         201.363         670.277 
       0.650464         545.646         197.204         662.339 
       0.656582         540.622         193.195         658.243 
       0.662703         528.994         189.299         653.513 
       0.668861         527.378         185.491         650.291 
       0.675024         522.939         181.786         645.456 
       0.681124         511.578         178.221         636.687 
       0.687237         506.209         174.746         631.235 
       0.693381         502.341         171.349         625.446 
       0.699536         495.368         168.039         621.256 
       0.705665         492.984         164.831         613.993 
       0.711789         486.746         161.707         609.356 
       0.717957           480.6         158.644         608.165 
        0.72409         474.679         155.679         602.232 
       0.730186         470.794          152.81         595.922 
       0.736317         466.582         150.001         592.075 
       0.742472          459.63         147.254         588.343 
       0.748622         456.306         144.576          582.11 
        0.75476         448.824         141.968         582.029 
       0.760888         442.945         139.429           575.8 
       0.767043         439.758         136.944         568.615 
       0.773185         435.404         134.528         565.263 
       0.779291         430.246         132.185         560.659 
       0.785407         425.407         129.892         557.459 
       0.791564         422.708         127.639         555.564 
       0.797719         417.201         125.442         550.541 
       0.803834         412.865         123.312         546.859 
       0.809972          409.18         121.224         543.072 
       0.816124         403.026         119.178         537.397 
       0.822261         401.367         117.186         534.604 
       0.828378         396.606         115.246         530.669 
       0.834502         391.636         113.351         528.875 
       0.840667         387.176         111.487         524.891 
       0.846816          382.61         109.669         520.762 
       0.852925         380.196         107.902         517.784 
       0.859047         376.079          106.17         513.104 
       0.865192         372.519          104.47         510.016 
       0.871341         368.362         102.807         506.384 
       0.877463         363.938         101.188         503.432 
       0.883569         359.794           99.61          501.27 
       0.889708          356.78         98.0585         496.524 
       0.895864         351.828         96.5361         493.723 
       0.902008         347.412         95.0488         490.433 
       0.908149         345.387         93.5935         485.377 
       0.914301         342.538         92.1665         481.772 
       0.920448         339.392         90.7712         480.905 
       0.926574         335.724         89.4101         477.962 
       0.932687         330.491         88.0802         473.294 
       0.938823         330.045         86.7728         471.922 
       0.944975         326.712         85.4889         469.073 
       0.951105         321.672         84.2354         465.903 
       0.957225         319.582          83.009         462.655 
       0.963368         316.045         81.8028         459.815 
       0.969511         312.361         80.6209         456.807 
       0.975621         310.538         79.4694         454.319 
       0.981748         306.285          78.338          451.84 
       0.987916         304.506         77.2216         449.355 
        0.99406         299.646         76.1311         446.431 
        1.00019         297.662         75.0638         442.652 
        1.00632         294.645          74.018         440.061 
        1.01246         292.051         72.9909          437.43 
        1.01859         289.522         71.9852          434.69 
        1.02471          286.62         71.0001         432.302 
        1.03085         282.932         70.0302         430.831 
        1.03698         279.003         69.0805           429.1 
        1.04314         276.374         68.1442         425.571 
        1.04929         275.427          67.227         422.131 
        1.05541         272.166         66.3297         419.711 
        1.06154         269.915         65.4464         417.619 
        1.06769         266.725         64.5783         414.608 
        1.07382         263.581         63.7301         411.904 
        1.07993         261.141         62.9005         410.011 
        1.08607         258.856         62.0832         407.479 
        1.09222         255.619         61.2799         405.191 
        1.09836         253.541         60.4912         403.296 
        1.10449         251.802         59.7167         401.712 
        1.11063         247.478         58.9542         398.537 
        1.11677         247.037         58.2047         396.423 
         1.1229         244.093         57.4691         393.804 
        1.12903         241.973         56.7453          392.03 
        1.13518         239.879         56.0336         388.783 
        1.14131         236.237          55.335         387.644 
        1.14745         235.007         54.6494         384.581 
        1.15359         231.932         53.9759         383.382 
        1.15973         230.316          53.314         381.089 
        1.16584         227.427         52.6667         379.054 
        1.17197          224.83         52.0295         377.377 
        1.17811         222.849         51.4006         374.629 
        1.18424         221.849         50.7833         372.402 
        1.19038         219.333         50.1735          371.22 
        1.19652         216.595         49.5734         368.291 
        1.20267         214.333         48.9833         366.436 
        1.20881         211.767         48.4039         364.926 
        1.21495         210.635         47.8363         362.286 
        1.22108         208.492         47.2789         359.992 
         1.2272         205.882         46.7319         359.043 
        1.23334         204.321         46.1919         356.657 
        1.23949         202.051         45.6581         354.756 
        1.24562         200.584         45.1334         352.657 
        1.25174         198.135         44.6172         351.084 
        1.25789         196.616         44.1075         348.822 
        1.26402         194.488         43.6069         347.609 
        1.27014         192.574         43.1155         345.363 
        1.27628         190.502         42.6304         344.248 
        1.28244          189.37         42.1518         342.606 
        1.28858         187.241         41.6809         340.478 
        1.29471         185.171         41.2183         337.991 
        1.30084         183.109         40.7632         335.917 
        1.30697         182.253         40.3146         334.856 
        1.31312         180.045         39.8726         333.135 
        1.31925         178.662          39.439         331.159 
        1.32537         176.573         39.0126          329.19 
        1.33151         174.729         38.5911         327.926 
        1.33765         172.744         38.1759         326.362 
        1.34378          171.48         37.7675         324.073 
        1.34992         170.068         37.3645         322.575 
        1.35606         168.041         36.9663         320.656 
         1.3622         166.946         36.5745         319.517 
        1.36833         165.125         36.1891         318.305 
        1.37445         163.817         35.8094         315.793 
        1.38059         162.219          35.434         314.721 
        1.38675         159.944         35.0633         313.396 
        1.39288         158.687         34.6997         311.251 
        1.39901         157.679         34.3416         309.548 
        1.40515         155.649          33.988         308.017 
         1.4113          153.82         33.6394         306.267 
        1.41742         152.775         33.2967          304.59 
        1.42355         151.357         32.9578         303.438 
         1.4297          149.75         32.6223         301.328 
        1.43585         148.548         32.2915         300.584 
        1.44198         146.925         31.9668         298.765 
        1.44809         144.938         31.6477         297.196 
        1.45423         144.477         31.3323         295.329 
        1.46036         142.867         31.0223         294.105 
        1.46649         141.799         30.7165         292.844 
        1.47263         140.175         30.4145         291.054 
        1.47877         138.809         30.1163         289.253 
        1.48491         137.443         29.8212         287.663 
        1.49104         136.451         29.5304         286.676 
        1.49718          134.44          29.243         285.836 
        1.50333         133.441         28.9588         283.551 
        1.50947         132.334         28.6791         282.096 
         1.5156         131.334         28.4036         281.309 
        1.52172         129.663          28.132         279.836 
        1.52787         128.585         27.8635         278.436 
          1.534         127.828         27.5991         276.889 
        1.54013         126.148         27.3387         275.619 
        1.54627         125.092         27.0814         274.639 
        1.55241         123.604         26.8275         273.375 
        1.55855         122.417         26.5771         271.725 
        1.56467         121.534         26.3303         270.203 
         1.5708         120.494         26.0858         268.894 
