0.00783031 20408.7
0.013688 25394.8
0.019231 25683.2
0.0249154 23059.2
0.0312784 20049
0.0375637 17187.3
0.0433917 15237.3
0.0492413 13617.1
0.0555754 12429.6
0.0619321 11558.3
0.067871 10794.4
0.0738098 9826.23
0.0800417 9129.47
0.0862327 8159.78
0.0921407 7224.22
0.0982031 6593.66
0.104506 5974.71
0.110769 5491.08
0.116806 5356.83
0.122832 5070.51
0.129052 4877.54
0.135211 4581.17
0.141259 4375.64
0.147318 4101.8
0.153489 3776.8
0.159709 3630.37
0.165845 3396.38
0.171974 3129.59
0.178125 3171.53
0.184229 2967.28
0.19034 2923.1
0.196428 2785.25
0.202534 2652.69
0.208729 2547.45
0.214876 2466.78
0.220989 2364.35
0.227147 2328.36
0.23329 2238.24
0.239377 2192.62
0.245482 2076.25
0.251667 1983.92
0.257832 1936.72
0.263955 1896.51
0.270079 1827.93
0.27624 1780.65
0.282372 1732.98
0.28843 1682.8
0.294538 1649.73
0.300721 1602.88
0.30691 1590.03
0.313033 1507.62
0.319153 1479.68
0.325316 1447.46
0.33145 1421.38
0.337538 1395.97
0.343633 1360.33
0.349808 1310.29
0.355968 1296.91
0.362074 1254.06
0.368217 1230.96
0.374374 1221.08
0.380519 1183.71
0.386598 1162.27
0.392688 1134.5
0.39888 1107.33
0.405048 1093.98
0.411186 1075.51
0.417313 1053.96
0.423458 1039.61
0.429607 1014.23
0.435692 1005.74
0.441815 971.813
0.447964 968.301
0.454126 952.493
0.460267 930.75
0.466387 913.838
0.47254 896.782
0.478662 880.359
0.484765 865.081
0.490885 852.291
0.497035 838.217
0.503198 821.122
0.509342 811.23
0.515458 798.541
0.521598 780.384
0.527764 773.034
0.533884 755.574
0.54 749.575
0.546137 730.127
0.552299 728.309
0.558452 720.285
0.564573 705.736
0.570708 692.979
0.576825 687.361
0.582926 669.152
0.589034 663.908
0.595184 659.24
0.601379 643.613
0.607522 635.58
0.613639 627.585
0.619772 622.134
0.625918 614.729
0.632068 599.346
0.638161 596.448
0.6443 585.789
0.650464 578.785
0.656582 570.311
0.662703 561.571
0.668861 555.944
0.675024 546.629
0.681124 541.839
0.687237 533.96
0.693381 529.38
0.699536 517.056
0.705665 515.162
0.711789 507.55
0.717957 498.102
0.72409 494.635
0.730186 485.071
0.736317 480.23
0.742472 473.474
0.748622 470.901
0.75476 463.105
0.760888 457.745
0.767043 453.57
0.773185 447.977
0.779291 443.465
0.785407 437.63
0.791564 431.758
0.797719 426.56
0.803834 421.379
0.809972 412.153
0.816124 411.398
0.822261 407.426
0.828378 400.28
0.834502 396.38
0.840667 390.909
0.846816 386.212
0.852925 380.976
0.859047 377.781
0.865192 374.343
0.871341 371.171
0.877463 364.177
0.883569 361.104
0.889708 355.56
0.895864 352.888
0.902008 349.651
0.908149 344.716
0.914301 340.057
0.920448 338.204
0.926574 332.056
0.932687 328.716
0.938823 325.424
0.944975 321.795
0.951105 317.328
0.957225 313.423
0.963368 311.417
0.969511 307.879
0.975621 303.199
0.981748 301.603
0.987916 298.493
0.99406 294.004
1.00019 291.86
1.00632 287.786
1.01246 285.165
1.01859 281.878
1.02471 278.862
1.03085 275.57
1.03698 272.061
1.04314 268.335
1.04929 265.871
1.05541 264.198
1.06154 261.397
1.06769 258.034
1.07382 255.887
1.07993 252.914
1.08607 249.685
1.09222 247.16
1.09836 245.095
1.10449 242.351
1.11063 240.264
1.11677 238.92
1.1229 235.642
1.12903 231.794
1.13518 230.313
1.14131 228.137
1.14745 224.785
1.15359 222.259
1.15973 221.079
1.16584 219.115
1.17197 216.176
1.17811 214.453
1.18424 211.902
1.19038 209.688
1.19652 207.563
1.20267 206.454
1.20881 203.311
1.21495 202.005
1.22108 199.14
1.2272 197.561
1.23334 195.965
1.23949 193.405
1.24562 191.95
1.25174 189.538
1.25789 187.861
1.26402 186.052
1.27014 184.191
1.27628 182.857
1.28244 180.54
1.28858 178.928
1.29471 176.641
1.30084 175.015
1.30697 173.017
1.31312 171.845
1.31925 170.377
1.32537 168.405
1.33151 166.877
1.33765 164.896
1.34378 164.051
1.34992 162.023
1.35606 160.477
1.3622 159.194
1.36833 156.766
1.37445 156.063
1.38059 154.168
1.38675 153.398
1.39288 151.725
1.39901 149.915
1.40515 148.651
1.4113 146.964
1.41742 145.321
1.42355 143.99
1.4297 142.804
1.43585 141.094
1.44198 140.173
1.44809 138.687
1.45423 137.175
1.46036 136.062
1.46649 134.738
1.47263 133.68
1.47877 132.386
1.48491 130.873
1.49104 130.007
1.49718 128.625
1.50333 127.179
1.50947 125.849
1.5156 124.912
1.52172 123.811
1.52787 123.133
1.534 121.458
1.54013 119.75
1.54627 118.695
1.55241 117.79
1.55855 116.852
1.56467 115.747
1.5708 114.968
