0.00783031 0.0170204
0.013688 0.0297705
0.019231 0.0421189
0.0249154 0.0577268
0.0312784 0.0793649
0.0375637 0.108057
0.0433917 0.137816
0.0492413 0.180822
0.0555754 0.247153
0.0619321 0.320148
0.067871 0.406234
0.0738098 0.48361
0.0800417 0.596138
0.0862327 0.676766
0.0921407 0.809481
0.0982031 0.914744
0.104506 1.02553
0.110769 1.18585
0.116806 1.38825
0.122832 1.54037
0.129052 1.77773
0.135211 1.99836
0.141259 2.22981
0.147318 2.41672
0.153489 2.60895
0.159709 2.8532
0.165845 3.14595
0.171974 3.37618
0.178125 3.65772
0.184229 3.98047
0.19034 4.26287
0.196428 4.66441
0.202534 4.80947
0.208729 5.18659
0.214876 5.52729
0.220989 5.90235
0.227147 6.24625
0.23329 6.64875
0.239377 7.23839
0.245482 7.48622
0.251667 7.70895
0.257832 8.16526
0.263955 8.54705
0.270079 8.8632
0.27624 9.35931
0.282372 9.98995
0.28843 10.3173
0.294538 10.7992
0.300721 11.1501
0.30691 11.9747
0.313033 12.3719
0.319153 12.9063
0.325316 13.2008
0.33145 13.77
0.337538 14.2156
0.343633 14.7904
0.349808 15.244
0.355968 15.7376
0.362074 16.3009
0.368217 16.8324
0.374374 17.3394
0.380519 17.956
0.386598 18.4744
0.392688 19.014
0.39888 19.6215
0.405048 20.163
0.411186 20.6355
0.417313 21.5957
0.423458 22.1143
0.429607 22.5429
0.435692 23.3969
0.441815 23.8842
0.447964 24.5247
0.454126 25.3377
0.460267 25.8865
0.466387 26.626
0.47254 27.2258
0.478662 27.8442
0.484765 28.1865
0.490885 29.2947
0.497035 29.5435
0.503198 30.4091
0.509342 31.331
0.515458 32.0583
0.521598 32.5379
0.527764 33.4084
0.533884 33.7515
0.54 34.695
0.546137 35.109
0.552299 36.0791
0.558452 36.5788
0.564573 37.4732
0.570708 38.0849
0.576825 39.001
0.582926 39.9093
0.589034 40.2074
0.595184 40.9927
0.601379 41.774
0.607522 42.5585
0.613639 43.404
0.619772 44.1431
0.625918 45.0141
0.632068 45.4858
0.638161 46.4913
0.6443 47.3049
0.650464 48.1948
0.656582 48.3348
0.662703 49.3563
0.668861 50.4745
0.675024 50.8672
0.681124 51.8109
0.687237 52.7807
0.693381 53.4131
0.699536 54.1104
0.705665 54.9311
0.711789 55.6038
0.717957 56.4882
0.72409 57.4249
0.730186 58.0812
0.736317 58.824
0.742472 59.7409
0.748622 60.4541
0.75476 61.2554
0.760888 62.0544
0.767043 62.7549
0.773185 63.7012
0.779291 64.5748
0.785407 64.8025
0.791564 66.628
0.797719 66.755
0.803834 67.6497
0.809972 68.1938
0.816124 69.2603
0.822261 70.6124
0.828378 70.7791
0.834502 71.7725
0.840667 72.2157
0.846816 73.2307
0.852925 73.9091
0.859047 75.024
0.865192 75.3809
0.871341 76.772
0.877463 77.565
0.883569 78.5648
0.889708 79.215
0.895864 79.6892
0.902008 80.3817
0.908149 81.4688
0.914301 82.0433
0.920448 83.5041
0.926574 83.8354
0.932687 84.9197
0.938823 84.8511
0.944975 86.3666
0.951105 87.0698
0.957225 87.8064
0.963368 88.5225
0.969511 89.3615
0.975621 89.9225
0.981748 90.8875
0.987916 91.1942
0.99406 92.1755
1.00019 92.9117
1.00632 93.5266
1.01246 94.3852
1.01859 95.3243
1.02471 95.8694
1.03085 96.7576
1.03698 97.6022
1.04314 98.1519
1.04929 98.6452
1.05541 99.8027
1.06154 100.266
1.06769 100.682
1.07382 101.99
1.07993 102.052
1.08607 102.468
1.09222 103.564
1.09836 104.262
1.10449 104.687
1.11063 105.172
1.11677 106.606
1.1229 107.015
1.12903 107.438
1.13518 108.454
1.14131 109.098
1.14745 109.623
1.15359 110.005
1.15973 110.488
1.16584 111.732
1.17197 112.08
1.17811 112.748
1.18424 113.189
1.19038 114.01
1.19652 114.365
1.20267 114.667
1.20881 115.307
1.21495 116.037
1.22108 116.328
1.2272 117.025
1.23334 117.811
1.23949 118.335
1.24562 118.579
1.25174 118.931
1.25789 119.523
1.26402 120.699
1.27014 121.134
1.27628 121.466
1.28244 121.342
1.28858 122.06
1.29471 122.941
1.30084 123.159
1.30697 123.757
1.31312 124.267
1.31925 124.944
1.32537 124.973
1.33151 125.441
1.33765 126.2
1.34378 126.772
1.34992 126.914
1.35606 127.668
1.3622 127.682
1.36833 128.045
1.37445 128.54
1.38059 128.738
1.38675 129.479
1.39288 130.106
1.39901 130.618
1.40515 130.677
1.4113 130.864
1.41742 130.934
1.42355 131.503
1.4297 132.131
1.43585 132.374
1.44198 132.836
1.44809 133.276
1.45423 133.572
1.46036 134.075
1.46649 134.518
1.47263 134.859
1.47877 134.932
1.48491 135.303
1.49104 135.071
1.49718 135.505
1.50333 135.98
1.50947 136.177
1.5156 136.273
1.52172 136.935
1.52787 137.347
1.534 137.751
1.54013 137.261
1.54627 137.656
1.55241 138.212
1.55855 138.417
1.56467 138.768
1.5708 139.257
