0.00783031 -18.4248
0.013688 -26.8697
0.019231 -31.7911
0.0249154 -34.8398
0.0312784 -37.9249
0.0375637 -40.1627
0.0433917 -42.2445
0.0492413 -45.5511
0.0555754 -50.3766
0.0619321 -54.7084
0.067871 -59.2416
0.0738098 -60.8587
0.0800417 -64.3203
0.0862327 -63.6437
0.0921407 -64.7086
0.0982031 -64.3279
0.104506 -63.8584
0.110769 -65.4494
0.116806 -68.4854
0.122832 -69.4413
0.129052 -72.2641
0.135211 -73.6056
0.141259 -74.7913
0.147318 -74.8982
0.153489 -72.8533
0.159709 -73.9164
0.165845 -73.5593
0.171974 -72.3262
0.178125 -74.8747
0.184229 -73.7567
0.19034 -75.0394
0.196428 -75.5297
0.202534 -73.4912
0.208729 -74.1327
0.214876 -73.4983
0.220989 -73.8541
0.227147 -74.561
0.23329 -74.762
0.239377 -76.2482
0.245482 -73.2863
0.251667 -71.6573
0.257832 -71.8392
0.263955 -71.9094
0.270079 -70.7149
0.27624 -70.4661
0.282372 -71.3735
0.28843 -69.9334
0.294538 -70.6376
0.300721 -68.5571
0.30691 -70.3987
0.313033 -68.3218
0.319153 -68.994
0.325316 -67.4514
0.33145 -67.3762
0.337538 -67.2483
0.343633 -67.185
0.349808 -65.1502
0.355968 -64.5615
0.362074 -64.221
0.368217 -64.1516
0.374374 -63.9742
0.380519 -62.8233
0.386598 -62.9763
0.392688 -61.5715
0.39888 -60.6878
0.405048 -60.7605
0.411186 -59.8876
0.417313 -59.8392
0.423458 -59.9571
0.429607 -57.9995
0.435692 -59.6384
0.441815 -57.7808
0.447964 -57.9879
0.454126 -57.3048
0.460267 -56.4313
0.466387 -56.4528
0.47254 -55.7259
0.478662 -54.8141
0.484765 -54.5142
0.490885 -53.9241
0.497035 -53.5972
0.503198 -52.2057
0.509342 -52.4511
0.515458 -52.281
0.521598 -51.3737
0.527764 -51.6684
0.533884 -50.029
0.54 -50.6422
0.546137 -49.5169
0.552299 -49.4161
0.558452 -49.3041
0.564573 -48.3572
0.570708 -47.8985
0.576825 -47.6275
0.582926 -47.4091
0.589034 -46.4934
0.595184 -46.4631
0.601379 -45.4946
0.607522 -45.5278
0.613639 -45.1246
0.619772 -45.2957
0.625918 -44.7682
0.632068 -43.4435
0.638161 -43.4773
0.6443 -42.9274
0.650464 -43.0038
0.656582 -42.133
0.662703 -41.3914
0.668861 -41.8428
0.675024 -40.5136
0.681124 -40.5048
0.687237 -40.3
0.693381 -40.4325
0.699536 -39.5782
0.705665 -39.1604
0.711789 -39.0225
0.717957 -38.531
0.72409 -38.1302
0.730186 -37.731
0.736317 -37.2214
0.742472 -37.1047
0.748622 -36.9048
0.75476 -36.0162
0.760888 -36.0564
0.767043 -35.7542
0.773185 -35.8406
0.779291 -35.2237
0.785407 -35.2404
0.791564 -34.9726
0.797719 -34.1607
0.803834 -33.9991
0.809972 -32.8915
0.816124 -33.375
0.822261 -33.1709
0.828378 -32.5699
0.834502 -32.6293
0.840667 -31.9256
0.846816 -31.8018
0.852925 -31.407
0.859047 -31.2098
0.865192 -30.9387
0.871341 -31.3874
0.877463 -30.39
0.883569 -30.4992
0.889708 -29.5975
0.895864 -29.7942
0.902008 -29.8992
0.908149 -29.2223
0.914301 -28.8983
0.920448 -28.788
0.926574 -28.7275
0.932687 -28.6139
0.938823 -27.9621
0.944975 -27.8137
0.951105 -27.8536
0.957225 -27.4521
0.963368 -27.105
0.969511 -27.0312
0.975621 -26.266
0.981748 -26.7104
0.987916 -26.491
0.99406 -25.9167
1.00019 -26.0957
1.00632 -25.6855
1.01246 -25.9358
1.01859 -25.227
1.02471 -25.0692
1.03085 -24.8383
1.03698 -24.7485
1.04314 -24.3796
1.04929 -24.1803
1.05541 -24.1605
1.06154 -23.8012
1.06769 -23.7684
1.07382 -23.7203
1.07993 -23.0889
1.08607 -22.9374
1.09222 -22.6864
1.09836 -22.6017
1.10449 -22.3571
1.11063 -22.3135
1.11677 -22.2925
1.1229 -22.1424
1.12903 -22.0837
1.13518 -22.0032
1.14131 -21.4922
1.14745 -21.5063
1.15359 -21.1992
1.15973 -21.052
1.16584 -21.1076
1.17197 -20.7169
1.17811 -20.4947
1.18424 -20.1718
1.19038 -20.162
1.19652 -20.0111
1.20267 -19.949
1.20881 -19.5193
1.21495 -19.9269
1.22108 -19.3334
1.2272 -19.2244
1.23334 -19.2165
1.23949 -19.0947
1.24562 -18.6633
1.25174 -18.538
1.25789 -18.6371
1.26402 -18.462
1.27014 -18.2903
1.27628 -18.2436
1.28244 -17.8064
1.28858 -17.7279
1.29471 -17.6738
1.30084 -17.5043
1.30697 -17.1509
1.31312 -17.2266
1.31925 -17.2199
1.32537 -16.8912
1.33151 -16.8406
1.33765 -16.4505
1.34378 -16.6197
1.34992 -16.1483
1.35606 -16.3255
1.3622 -16.2472
1.36833 -15.8517
1.37445 -15.7437
1.38059 -15.6873
1.38675 -15.3946
1.39288 -15.4883
1.39901 -15.4433
1.40515 -15.2357
1.4113 -14.8988
1.41742 -14.7498
1.42355 -14.6913
1.4297 -14.7164
1.43585 -14.2789
1.44198 -14.3362
1.44809 -14.296
1.45423 -13.9856
1.46036 -14.0777
1.46649 -13.8458
1.47263 -13.8393
1.47877 -13.6047
1.48491 -13.5565
1.49104 -13.4564
1.49718 -13.3016
1.50333 -13.2566
1.50947 -12.864
1.5156 -12.8358
1.52172 -12.8497
1.52787 -12.8198
1.534 -12.644
1.54013 -12.3297
1.54627 -12.2508
1.55241 -12.2501
1.55855 -12.1704
1.56467 -12.151
1.5708 -11.9658
