0.00783031 -133.66
0.013688 -170.707
0.019231 -175.61
0.0249154 -162.836
0.0312784 -151.206
0.0375637 -134.555
0.0433917 -122.916
0.0492413 -117.342
0.0555754 -117.224
0.0619321 -114.378
0.067871 -115.051
0.0738098 -118.915
0.0800417 -112.787
0.0862327 -107.731
0.0921407 -103.529
0.0982031 -99.5428
0.104506 -98.8098
0.110769 -104.931
0.116806 -105.235
0.122832 -105.897
0.129052 -105.611
0.135211 -107.684
0.141259 -106.902
0.147318 -106.884
0.153489 -103.05
0.159709 -105.694
0.165845 -105.115
0.171974 -106.198
0.178125 -103.56
0.184229 -105.308
0.19034 -104.238
0.196428 -106.586
0.202534 -107.741
0.208729 -107.94
0.214876 -108.666
0.220989 -105.722
0.227147 -108.648
0.23329 -108.255
0.239377 -107.826
0.245482 -109.811
0.251667 -110.616
0.257832 -111.54
0.263955 -109.763
0.270079 -112.11
0.27624 -109.802
0.282372 -110.986
0.28843 -111.278
0.294538 -111.717
0.300721 -113.358
0.30691 -113.3
0.313033 -112.978
0.319153 -112.837
0.325316 -115
0.33145 -112.681
0.337538 -114.543
0.343633 -110.715
0.349808 -114.609
0.355968 -114.369
0.362074 -113.588
0.368217 -113.097
0.374374 -113.214
0.380519 -113.215
0.386598 -113.959
0.392688 -115.675
0.39888 -112.736
0.405048 -113.928
0.411186 -114.619
0.417313 -113.786
0.423458 -115.14
0.429607 -114.735
0.435692 -115.106
0.441815 -116.062
0.447964 -115.541
0.454126 -114.161
0.460267 -115.908
0.466387 -115.269
0.47254 -114.749
0.478662 -114.702
0.484765 -115.798
0.490885 -115.726
0.497035 -115.839
0.503198 -115.287
0.509342 -114.696
0.515458 -114.955
0.521598 -114.918
0.527764 -114.096
0.533884 -114.226
0.54 -115.039
0.546137 -115.039
0.552299 -115.67
0.558452 -113.851
0.564573 -114.075
0.570708 -115.289
0.576825 -114.509
0.582926 -115.302
0.589034 -115.76
0.595184 -115.407
0.601379 -115.635
0.607522 -115.252
0.613639 -114.427
0.619772 -114.765
0.625918 -114.935
0.632068 -115.145
0.638161 -115.242
0.6443 -114.858
0.650464 -115.541
0.656582 -115.547
0.662703 -116.329
0.668861 -115.89
0.675024 -116.159
0.681124 -116.398
0.687237 -115.447
0.693381 -115.822
0.699536 -115.109
0.705665 -115.475
0.711789 -114.385
0.717957 -115.221
0.72409 -116.795
0.730186 -114.095
0.736317 -115.092
0.742472 -114.718
0.748622 -115.568
0.75476 -115.793
0.760888 -115.285
0.767043 -114.222
0.773185 -113.937
0.779291 -114.101
0.785407 -114.609
0.791564 -114.331
0.797719 -114.175
0.803834 -114.647
0.809972 -113.365
0.816124 -114.234
0.822261 -114.505
0.828378 -113.427
0.834502 -113.313
0.840667 -113.941
0.846816 -113.193
0.852925 -113.443
0.859047 -113.185
0.865192 -112.641
0.871341 -113.129
0.877463 -113.017
0.883569 -112.358
0.889708 -112.187
0.895864 -112.889
0.902008 -112.1
0.908149 -112.132
0.914301 -112.04
0.920448 -112.108
0.926574 -111.873
0.932687 -111.666
0.938823 -111.103
0.944975 -110.817
0.951105 -110.384
0.957225 -111.554
0.963368 -110.155
0.969511 -110.814
0.975621 -110.569
0.981748 -109.939
0.987916 -109.967
0.99406 -109.337
1.00019 -109.199
1.00632 -108.702
1.01246 -108.14
1.01859 -108.049
1.02471 -108.857
1.03085 -108.724
1.03698 -107.371
1.04314 -107.834
1.04929 -107.741
1.05541 -106.688
1.06154 -107.608
1.06769 -106.266
1.07382 -106.819
1.07993 -106.714
1.08607 -105.808
1.09222 -105.613
1.09836 -105.825
1.10449 -105.665
1.11063 -105.342
1.11677 -105.484
1.1229 -104.481
1.12903 -104.11
1.13518 -104.517
1.14131 -104.004
1.14745 -103.987
1.15359 -103.245
1.15973 -102.567
1.16584 -103.208
1.17197 -102.425
1.17811 -102.462
1.18424 -102.236
1.19038 -102.226
1.19652 -102.168
1.20267 -101.454
1.20881 -101.926
1.21495 -101.319
1.22108 -100.701
1.2272 -100.829
1.23334 -100.637
1.23949 -100.56
1.24562 -100.246
1.25174 -99.4023
1.25789 -100.271
1.26402 -99.8779
1.27014 -99.2301
1.27628 -99.5458
1.28244 -99.4607
1.28858 -98.791
1.29471 -98.6214
1.30084 -98.8422
1.30697 -97.8573
1.31312 -97.936
1.31925 -98.3077
1.32537 -97.5424
1.33151 -97.3698
1.33765 -97.2389
1.34378 -97.6819
1.34992 -97.4494
1.35606 -96.7843
1.3622 -97.2266
1.36833 -96.5671
1.37445 -96.3905
1.38059 -96.2797
1.38675 -96.2924
1.39288 -95.8699
1.39901 -96.0114
1.40515 -95.5664
1.4113 -95.3958
1.41742 -95.5034
1.42355 -94.9708
1.4297 -95.0397
1.43585 -94.6825
1.44198 -94.5598
1.44809 -94.8271
1.45423 -94.2761
1.46036 -94.2271
1.46649 -94.1954
1.47263 -93.6475
1.47877 -94.498
1.48491 -93.5728
1.49104 -93.552
1.49718 -93.2606
1.50333 -93.5319
1.50947 -93.0934
1.5156 -92.9979
1.52172 -93.2879
1.52787 -92.6294
1.534 -92.4287
1.54013 -92.5757
1.54627 -92.6103
1.55241 -92.5527
1.55855 -92.0669
1.56467 -92.5448
1.5708 -92.1236
