0.00783031 -3752.66
0.013688 -1056.22
0.019231 1800.61
0.0249154 879.838
0.0312784 -420.416
0.0375637 -70.9452
0.0433917 -244.98
0.0492413 -138.952
0.0555754 -493.476
0.0619321 64.971
0.067871 -195.446
0.0738098 -396.514
0.0800417 -313.476
0.0862327 -205.078
0.0921407 -353.134
0.0982031 -136.24
0.104506 -214.264
0.110769 -217.196
0.116806 -226.76
0.122832 -334.274
0.129052 -259.444
0.135211 -293.995
0.141259 -294.233
0.147318 -298.886
0.153489 -312.097
0.159709 -331.549
0.165845 -307.624
0.171974 -338.46
0.178125 -319.828
0.184229 -290.811
0.19034 -292.191
0.196428 -304.522
0.202534 -304.168
0.208729 -309.06
0.214876 -288.819
0.220989 -272.293
0.227147 -310.086
0.23329 -282.229
0.239377 -278.045
0.245482 -275.735
0.251667 -274.37
0.257832 -272.068
0.263955 -262.17
0.270079 -280.665
0.27624 -250.98
0.282372 -268.741
0.28843 -267.574
0.294538 -262.249
0.300721 -271.781
0.30691 -258.724
0.313033 -258.427
0.319153 -248.266
0.325316 -247.251
0.33145 -248.497
0.337538 -252.196
0.343633 -247.142
0.349808 -249.087
0.355968 -233.944
0.362074 -231.696
0.368217 -233.407
0.374374 -233.137
0.380519 -227.551
0.386598 -225.783
0.392688 -224.479
0.39888 -214.539
0.405048 -219.383
0.411186 -221.85
0.417313 -213.385
0.423458 -212.084
0.429607 -208.199
0.435692 -209.284
0.441815 -211.283
0.447964 -205.818
0.454126 -197.068
0.460267 -203.918
0.466387 -195.885
0.47254 -201.072
0.478662 -192.697
0.484765 -192.361
0.490885 -192.284
0.497035 -188.881
0.503198 -184.316
0.509342 -180.933
0.515458 -184.011
0.521598 -175.907
0.527764 -172.895
0.533884 -168.48
0.54 -173.301
0.546137 -172.5
0.552299 -168.704
0.558452 -164.373
0.564573 -166.006
0.570708 -166.503
0.576825 -160.33
0.582926 -159.171
0.589034 -160.48
0.595184 -151.313
0.601379 -154.586
0.607522 -154.109
0.613639 -148.229
0.619772 -146.392
0.625918 -146.944
0.632068 -146.19
0.638161 -142.993
0.6443 -138.89
0.650464 -138.474
0.656582 -137.087
0.662703 -135.515
0.668861 -135.911
0.675024 -133.395
0.681124 -134.939
0.687237 -132.236
0.693381 -129.929
0.699536 -127.771
0.705665 -125.889
0.711789 -123.574
0.717957 -122.315
0.72409 -120.755
0.730186 -119.184
0.736317 -117.746
0.742472 -117.474
0.748622 -115.736
0.75476 -114.407
0.760888 -111.82
0.767043 -109.014
0.773185 -107.738
0.779291 -106.14
0.785407 -105.952
0.791564 -105.575
0.797719 -102.056
0.803834 -101.477
0.809972 -101.981
0.816124 -97.4612
0.822261 -96.9744
0.828378 -95.8946
0.834502 -95.0572
0.840667 -93.8007
0.846816 -93.9373
0.852925 -90.7101
0.859047 -90.7273
0.865192 -89.328
0.871341 -88.1668
0.877463 -86.5583
0.883569 -85.9589
0.889708 -85.9598
0.895864 -84.8116
0.902008 -83.4627
0.908149 -81.6127
0.914301 -82.6654
0.920448 -79.4754
0.926574 -77.8911
0.932687 -78.7568
0.938823 -77.3714
0.944975 -74.8365
0.951105 -75.9294
0.957225 -73.9804
0.963368 -72.0538
0.969511 -72.2961
0.975621 -71.8544
0.981748 -69.213
0.987916 -70.4328
0.99406 -68.9401
1.00019 -67.9563
1.00632 -65.9129
1.01246 -65.883
1.01859 -64.3869
1.02471 -62.9313
1.03085 -64.9381
1.03698 -64.0904
1.04314 -61.9121
1.04929 -62.5849
1.05541 -60.7521
1.06154 -60.539
1.06769 -59.6287
1.07382 -58.1041
1.07993 -58.85
1.08607 -57.4388
1.09222 -57.7495
1.09836 -55.1658
1.10449 -55.4585
1.11063 -53.8208
1.11677 -53.4842
1.1229 -53.0412
1.12903 -54.326
1.13518 -52.0879
1.14131 -52.3955
1.14745 -51.8885
1.15359 -49.7102
1.15973 -49.7253
1.16584 -48.8687
1.17197 -49.6226
1.17811 -48.1146
1.18424 -48.1265
1.19038 -47.361
1.19652 -46.4348
1.20267 -46.5795
1.20881 -46.1427
1.21495 -45.5892
1.22108 -44.8124
1.2272 -44.7055
1.23334 -45.1131
1.23949 -42.9699
1.24562 -43.6119
1.25174 -41.7889
1.25789 -41.771
1.26402 -42.7789
1.27014 -41.2545
1.27628 -41.5844
1.28244 -40.6582
1.28858 -39.8567
1.29471 -40.3133
1.30084 -40.1233
1.30697 -39.5388
1.31312 -39.0161
1.31925 -39.2206
1.32537 -38.3061
1.33151 -37.8556
1.33765 -37.0423
1.34378 -37.3625
1.34992 -37.8683
1.35606 -36.5479
1.3622 -35.8106
1.36833 -36.4666
1.37445 -35.616
1.38059 -34.6922
1.38675 -35.4343
1.39288 -34.9307
1.39901 -34.9381
1.40515 -34.01
1.4113 -33.535
1.41742 -33.0125
1.42355 -33.0836
1.4297 -33.112
1.43585 -33.0208
1.44198 -32.3417
1.44809 -31.9675
1.45423 -32.4721
1.46036 -31.5914
1.46649 -31.7191
1.47263 -30.9853
1.47877 -31.1522
1.48491 -31.4541
1.49104 -30.6387
1.49718 -30.8589
1.50333 -30.6955
1.50947 -29.5375
1.5156 -29.4963
1.52172 -29.3822
1.52787 -29.7026
1.534 -28.4927
1.54013 -28.5118
1.54627 -29.0025
1.55241 -28.4087
1.55855 -28.7309
1.56467 -28.1591
1.5708 -28.0432
