0.00783031 -9.86236
0.013688 -16.0614
0.019231 -22.1174
0.0249154 -26.5638
0.0312784 -32.2104
0.0375637 -34.5506
0.0433917 -40.2054
0.0492413 -43.7091
0.0555754 -48.0259
0.0619321 -54.8122
0.067871 -62.4374
0.0738098 -67.3507
0.0800417 -68.0135
0.0862327 -70.5787
0.0921407 -71.008
0.0982031 -72.6186
0.104506 -75.5635
0.110769 -77.1554
0.116806 -77.8594
0.122832 -83.4838
0.129052 -86.4598
0.135211 -90.5437
0.141259 -88.925
0.147318 -92.8708
0.153489 -89.9589
0.159709 -91.8291
0.165845 -91.339
0.171974 -95.102
0.178125 -98.635
0.184229 -98.9655
0.19034 -98.5797
0.196428 -97.0787
0.202534 -103.369
0.208729 -101.023
0.214876 -103.436
0.220989 -103.61
0.227147 -104.069
0.23329 -105.819
0.239377 -104.629
0.245482 -105.871
0.251667 -107.774
0.257832 -109.071
0.263955 -110.338
0.270079 -108.395
0.27624 -112.477
0.282372 -110.972
0.28843 -112.087
0.294538 -114.505
0.300721 -113.281
0.30691 -113.909
0.313033 -114.423
0.319153 -116.314
0.325316 -115.089
0.33145 -114.332
0.337538 -114.189
0.343633 -113.053
0.349808 -116.987
0.355968 -114.467
0.362074 -118.42
0.368217 -117.548
0.374374 -117.818
0.380519 -118.675
0.386598 -119.402
0.392688 -119.535
0.39888 -118.171
0.405048 -120.52
0.411186 -120.525
0.417313 -120.758
0.423458 -121.247
0.429607 -117.722
0.435692 -119.843
0.441815 -121.483
0.447964 -123.19
0.454126 -121.255
0.460267 -121.823
0.466387 -119.805
0.47254 -122.99
0.478662 -123.749
0.484765 -121.783
0.490885 -121.08
0.497035 -123.706
0.503198 -121.328
0.509342 -122.944
0.515458 -121.942
0.521598 -123.847
0.527764 -123.777
0.533884 -123.404
0.54 -124.248
0.546137 -125.13
0.552299 -125.029
0.558452 -124.547
0.564573 -123.046
0.570708 -124.181
0.576825 -125.038
0.582926 -123.585
0.589034 -123.939
0.595184 -123.617
0.601379 -124.3
0.607522 -124.12
0.613639 -124.169
0.619772 -125.132
0.625918 -123.809
0.632068 -123.93
0.638161 -125.802
0.6443 -126.766
0.650464 -126.641
0.656582 -126.057
0.662703 -124.995
0.668861 -125.563
0.675024 -126.764
0.681124 -124.501
0.687237 -124.815
0.693381 -125.779
0.699536 -123.861
0.705665 -125.459
0.711789 -126.724
0.717957 -126.602
0.72409 -127.916
0.730186 -125.675
0.736317 -126.834
0.742472 -124.288
0.748622 -126.606
0.75476 -124.31
0.760888 -124.823
0.767043 -124.917
0.773185 -124.816
0.779291 -125.331
0.785407 -125.885
0.791564 -126.023
0.797719 -124.05
0.803834 -125.27
0.809972 -126.507
0.816124 -124.781
0.822261 -125.894
0.828378 -125.363
0.834502 -125.291
0.840667 -125.656
0.846816 -124.055
0.852925 -126.247
0.859047 -125.374
0.865192 -125.211
0.871341 -124.746
0.877463 -124.22
0.883569 -124.978
0.889708 -123.606
0.895864 -124.143
0.902008 -123.666
0.908149 -124.467
0.914301 -122.721
0.920448 -124.446
0.926574 -123.512
0.932687 -123.983
0.938823 -123.095
0.944975 -123.322
0.951105 -123.997
0.957225 -122.843
0.963368 -124.133
0.969511 -122.457
0.975621 -122.211
0.981748 -124.526
0.987916 -122.781
0.99406 -123.374
1.00019 -122.95
1.00632 -121.231
1.01246 -121.207
1.01859 -122.284
1.02471 -123.327
1.03085 -122.991
1.03698 -122.671
1.04314 -122.865
1.04929 -121.912
1.05541 -121.701
1.06154 -121.437
1.06769 -120.663
1.07382 -121.026
1.07993 -120.954
1.08607 -121.255
1.09222 -121.131
1.09836 -120.25
1.10449 -120.302
1.11063 -120.446
1.11677 -120.31
1.1229 -120.291
1.12903 -118.924
1.13518 -120.083
1.14131 -119.789
1.14745 -119.356
1.15359 -119.019
1.15973 -120.062
1.16584 -119.094
1.17197 -119.339
1.17811 -118.706
1.18424 -119.141
1.19038 -118.256
1.19652 -118.365
1.20267 -118.038
1.20881 -118.786
1.21495 -117.979
1.22108 -117.835
1.2272 -118.108
1.23334 -116.775
1.23949 -117.782
1.24562 -118.08
1.25174 -116.973
1.25789 -115.987
1.26402 -116.555
1.27014 -117.052
1.27628 -116.118
1.28244 -115.774
1.28858 -115.839
1.29471 -116.26
1.30084 -116.372
1.30697 -115.624
1.31312 -115.631
1.31925 -116.223
1.32537 -114.779
1.33151 -115.971
1.33765 -114.812
1.34378 -114.187
1.34992 -114.999
1.35606 -113.687
1.3622 -113.65
1.36833 -114.25
1.37445 -113.256
1.38059 -113.795
1.38675 -114.118
1.39288 -113.999
1.39901 -113.866
1.40515 -114
1.4113 -112.359
1.41742 -113.256
1.42355 -112.181
1.4297 -112.785
1.43585 -111.731
1.44198 -112.778
1.44809 -111.597
1.45423 -112.247
1.46036 -111.565
1.46649 -111.464
1.47263 -111.229
1.47877 -111.468
1.48491 -111.168
1.49104 -110.471
1.49718 -110.408
1.50333 -109.711
1.50947 -110.689
1.5156 -110.768
1.52172 -109.753
1.52787 -110.208
1.534 -109.568
1.54013 -109.852
1.54627 -109.246
1.55241 -109.266
1.55855 -109.367
1.56467 -109.645
1.5708 -108.829
