0.00783031 5183.12
0.013688 6928.86
0.019231 4440.98
0.0249154 4929.34
0.0312784 5514.36
0.0375637 4688.1
0.0433917 4407.37
0.0492413 4660.21
0.0555754 3986.67
0.0619321 3950.72
0.067871 3866.71
0.0738098 3611.64
0.0800417 3110.12
0.0862327 3014.73
0.0921407 2927.36
0.0982031 2706.81
0.104506 2594.72
0.110769 2406.05
0.116806 2204.08
0.122832 2236.25
0.129052 2173.75
0.135211 1913.83
0.141259 1841.09
0.147318 1797.58
0.153489 1708.9
0.159709 1691.63
0.165845 1622.75
0.171974 1564.96
0.178125 1426.75
0.184229 1415.02
0.19034 1359.61
0.196428 1318.68
0.202534 1224.65
0.208729 1194.91
0.214876 1185.78
0.220989 1119.47
0.227147 1082.63
0.23329 1070.35
0.239377 1012.45
0.245482 987.273
0.251667 969.415
0.257832 926.214
0.263955 880.176
0.270079 871.946
0.27624 840.176
0.282372 819.381
0.28843 777.249
0.294538 798.535
0.300721 739.49
0.30691 729.555
0.313033 717.243
0.319153 693.551
0.325316 673.838
0.33145 650.723
0.337538 638.211
0.343633 623.32
0.349808 615.639
0.355968 600.068
0.362074 581.553
0.368217 564.973
0.374374 561.899
0.380519 546.823
0.386598 524.854
0.392688 512.708
0.39888 502.228
0.405048 489.298
0.411186 490.406
0.417313 472.25
0.423458 455.948
0.429607 448.616
0.435692 442.385
0.441815 449.626
0.447964 429.799
0.454126 414.993
0.460267 418.268
0.466387 397.903
0.47254 394.726
0.478662 380.338
0.484765 375.768
0.490885 361.216
0.497035 366.102
0.503198 354.606
0.509342 348.162
0.515458 344.514
0.521598 335.584
0.527764 330.965
0.533884 322.294
0.54 325.74
0.546137 307.083
0.552299 305.305
0.558452 302.291
0.564573 292.918
0.570708 289.325
0.576825 289.227
0.582926 280.445
0.589034 278.639
0.595184 269.184
0.601379 266.49
0.607522 259.629
0.613639 257.89
0.619772 251.107
0.625918 248.108
0.632068 243.449
0.638161 236.606
0.6443 236.437
0.650464 234.168
0.656582 220.872
0.662703 221.182
0.668861 217.731
0.675024 216.083
0.681124 212.605
0.687237 206.648
0.693381 204.404
0.699536 206.817
0.705665 193.207
0.711789 195.005
0.717957 193.433
0.72409 188.362
0.730186 182.465
0.736317 179.89
0.742472 178.98
0.748622 175.282
0.75476 172.392
0.760888 172.487
0.767043 169.369
0.773185 164.407
0.779291 162.225
0.785407 157.495
0.791564 157.048
0.797719 152.606
0.803834 148.072
0.809972 145.732
0.816124 146.666
0.822261 139.497
0.828378 141.258
0.834502 138.738
0.840667 134.47
0.846816 130.741
0.852925 131.638
0.859047 125.367
0.865192 126.427
0.871341 125.886
0.877463 123.513
0.883569 117.314
0.889708 119.831
0.895864 116.734
0.902008 113.221
0.908149 113.083
0.914301 108.729
0.920448 106.844
0.926574 105.612
0.932687 103.24
0.938823 101.016
0.944975 99.9509
0.951105 99.0063
0.957225 95.683
0.963368 93.7583
0.969511 93.7095
0.975621 91.092
0.981748 89.2926
0.987916 87.5026
0.99406 87.4145
1.00019 81.4828
1.00632 84.2442
1.01246 78.8385
1.01859 76.873
1.02471 78.1979
1.03085 76.6907
1.03698 77.7904
1.04314 74.9346
1.04929 70.2882
1.05541 73.5052
1.06154 69.3627
1.06769 67.2386
1.07382 65.4083
1.07993 63.6752
1.08607 66.3053
1.09222 61.3423
1.09836 61.544
1.10449 59.3083
1.11063 61.1171
1.11677 56.715
1.1229 54.7728
1.12903 55.8522
1.13518 53.4379
1.14131 50.7131
1.14745 50.1521
1.15359 53.6644
1.15973 49.7601
1.16584 46.3448
1.17197 46.751
1.17811 45.5954
1.18424 44.3754
1.19038 42.0152
1.19652 44.5012
1.20267 41.5765
1.20881 40.9402
1.21495 41.6314
1.22108 39.1772
1.2272 40.0861
1.23334 38.3163
1.23949 37.6953
1.24562 35.4955
1.25174 35.9001
1.25789 34.4971
1.26402 36.427
1.27014 32.399
1.27628 30.4992
1.28244 29.6911
1.28858 28.2722
1.29471 29.1433
1.30084 28.0761
1.30697 27.6892
1.31312 25.4676
1.31925 26.7263
1.32537 26.543
1.33151 26.3632
1.33765 24.6179
1.34378 23.3061
1.34992 21.7036
1.35606 23.6387
1.3622 21.2207
1.36833 20.456
1.37445 19.7215
1.38059 21.467
1.38675 19.5454
1.39288 16.8498
1.39901 17.0036
1.40515 16.265
1.4113 15.2491
1.41742 16.8499
1.42355 14.0862
1.4297 14.3573
1.43585 12.9761
1.44198 12.4536
1.44809 13.6112
1.45423 14.6516
1.46036 13.3705
1.46649 12.1045
1.47263 10.5351
1.47877 9.96999
1.48491 9.46467
1.49104 9.01912
1.49718 8.85574
1.50333 7.30854
1.50947 7.81196
1.5156 7.22631
1.52172 7.42589
1.52787 5.97657
1.534 6.16649
1.54013 4.21403
1.54627 4.75151
1.55241 5.98751
1.55855 2.90722
1.56467 3.64296
1.5708 2.3291
