0.00783031 994.242
0.013688 -1891.68
0.019231 1401.37
0.0249154 100.589
0.0312784 -500.66
0.0375637 18.4466
0.0433917 186.678
0.0492413 318.646
0.0555754 34.717
0.0619321 -233.133
0.067871 101.224
0.0738098 65.432
0.0800417 -15.7093
0.0862327 -120.169
0.0921407 -220.358
0.0982031 -100.236
0.104506 -152.071
0.110769 -216.301
0.116806 -231.056
0.122832 -114.472
0.129052 -227.99
0.135211 -201.768
0.141259 -216.988
0.147318 -210.685
0.153489 -198.195
0.159709 -255.331
0.165845 -233.3
0.171974 -254.619
0.178125 -210.47
0.184229 -216.704
0.19034 -189.608
0.196428 -231.9
0.202534 -225.237
0.208729 -206.41
0.214876 -211.293
0.220989 -218.9
0.227147 -218.976
0.23329 -241.624
0.239377 -224.165
0.245482 -220.87
0.251667 -209.861
0.257832 -217.524
0.263955 -211.284
0.270079 -204.256
0.27624 -208.261
0.282372 -208.523
0.28843 -201.912
0.294538 -221.447
0.300721 -187.294
0.30691 -204.473
0.313033 -201.846
0.319153 -199.291
0.325316 -194.421
0.33145 -200.063
0.337538 -186.437
0.343633 -195.93
0.349808 -200.14
0.355968 -183.889
0.362074 -194.834
0.368217 -189.921
0.374374 -197.98
0.380519 -191.92
0.386598 -188.663
0.392688 -186.319
0.39888 -188.862
0.405048 -186.604
0.411186 -187.445
0.417313 -184.366
0.423458 -185.973
0.429607 -182.351
0.435692 -183.432
0.441815 -183.675
0.447964 -179.128
0.454126 -177.413
0.460267 -173.896
0.466387 -176.794
0.47254 -179.169
0.478662 -179.411
0.484765 -172.037
0.490885 -168.852
0.497035 -168.117
0.503198 -170.445
0.509342 -168.889
0.515458 -170.161
0.521598 -172.948
0.527764 -166.931
0.533884 -168.394
0.54 -166.916
0.546137 -169.547
0.552299 -160.918
0.558452 -163.14
0.564573 -164.98
0.570708 -164.634
0.576825 -161.006
0.582926 -162.1
0.589034 -154.191
0.595184 -156.937
0.601379 -157.729
0.607522 -158.201
0.613639 -155.576
0.619772 -156.932
0.625918 -155.94
0.632068 -155.74
0.638161 -155.464
0.6443 -157.481
0.650464 -151.492
0.656582 -152.942
0.662703 -151.765
0.668861 -150.576
0.675024 -149.636
0.681124 -149.802
0.687237 -149.612
0.693381 -146.891
0.699536 -146.8
0.705665 -147.663
0.711789 -144.397
0.717957 -149.258
0.72409 -145.166
0.730186 -146.96
0.736317 -144.73
0.742472 -143.425
0.748622 -140.814
0.75476 -142.741
0.760888 -141.272
0.767043 -141.701
0.773185 -139.772
0.779291 -140.871
0.785407 -138.201
0.791564 -139.142
0.797719 -137.569
0.803834 -138.144
0.809972 -136.635
0.816124 -138.376
0.822261 -138.806
0.828378 -134.847
0.834502 -132.927
0.840667 -134.276
0.846816 -135.467
0.852925 -132.561
0.859047 -134.747
0.865192 -132.576
0.871341 -131.975
0.877463 -131.118
0.883569 -132.281
0.889708 -129.946
0.895864 -131.201
0.902008 -128.031
0.908149 -130.499
0.914301 -128.972
0.920448 -127.012
0.926574 -127.155
0.932687 -127.559
0.938823 -124.604
0.944975 -125.651
0.951105 -125.15
0.957225 -125.175
0.963368 -124.358
0.969511 -124.889
0.975621 -123.817
0.981748 -123.177
0.987916 -119.867
0.99406 -120.804
1.00019 -121.051
1.00632 -121.318
1.01246 -121.356
1.01859 -118.343
1.02471 -118.97
1.03085 -119.468
1.03698 -120.017
1.04314 -117.019
1.04929 -116.49
1.05541 -116.495
1.06154 -115.781
1.06769 -116.053
1.07382 -115.379
1.07993 -114.831
1.08607 -115.004
1.09222 -113.117
1.09836 -112.436
1.10449 -112.553
1.11063 -112.97
1.11677 -112.245
1.1229 -110.505
1.12903 -110.838
1.13518 -109.341
1.14131 -110.397
1.14745 -108.866
1.15359 -108.355
1.15973 -107.562
1.16584 -106.976
1.17197 -107.407
1.17811 -106.25
1.18424 -106.961
1.19038 -106.063
1.19652 -106.185
1.20267 -103.718
1.20881 -103.73
1.21495 -103.983
1.22108 -103.726
1.2272 -102.864
1.23334 -102.49
1.23949 -101.94
1.24562 -102.064
1.25174 -101.619
1.25789 -101.08
1.26402 -99.8239
1.27014 -100.113
1.27628 -99.4539
1.28244 -98.7671
1.28858 -98.2429
1.29471 -98.2835
1.30084 -97.1646
1.30697 -96.8662
1.31312 -97.1629
1.31925 -96.1662
1.32537 -95.7584
1.33151 -95.4215
1.33765 -94.44
1.34378 -94.0714
1.34992 -93.9006
1.35606 -93.828
1.3622 -93.9228
1.36833 -93.0259
1.37445 -91.9312
1.38059 -91.6727
1.38675 -91.233
1.39288 -91.1786
1.39901 -90.4711
1.40515 -89.7798
1.4113 -90.0705
1.41742 -88.9739
1.42355 -88.8428
1.4297 -88.4673
1.43585 -88.1613
1.44198 -87.487
1.44809 -86.8484
1.45423 -86.2975
1.46036 -86.138
1.46649 -85.3709
1.47263 -85.2067
1.47877 -84.8884
1.48491 -84.0904
1.49104 -84.4682
1.49718 -83.7325
1.50333 -82.6266
1.50947 -82.2339
1.5156 -81.7396
1.52172 -81.7241
1.52787 -81.0773
1.534 -80.4932
1.54013 -80.6649
1.54627 -79.9288
1.55241 -79.6686
1.55855 -79.6573
1.56467 -78.584
1.5708 -78.5021
