0.00783031 6.37818
0.013688 3.67294
0.019231 -2.09565
0.0249154 4.16095
0.0312784 5.96484
0.0375637 4.81027
0.0433917 3.92578
0.0492413 6.12857
0.0555754 5.76567
0.0619321 4.75314
0.067871 4.09776
0.0738098 10.1385
0.0800417 8.60279
0.0862327 9.14666
0.0921407 12.6557
0.0982031 13.8746
0.104506 11.5874
0.110769 13.0876
0.116806 16.3409
0.122832 18.5869
0.129052 18.3692
0.135211 19.5504
0.141259 23.3028
0.147318 21.8188
0.153489 22.2438
0.159709 23.4869
0.165845 24.6134
0.171974 26.3057
0.178125 26.7234
0.184229 26.265
0.19034 28.5359
0.196428 29.5174
0.202534 30.9861
0.208729 31.5926
0.214876 33.1899
0.220989 33.1788
0.227147 35.4034
0.23329 35.1575
0.239377 35.9339
0.245482 36.6272
0.251667 37.1058
0.257832 38.0031
0.263955 39.143
0.270079 40.0532
0.27624 39.4636
0.282372 41.8149
0.28843 41.8422
0.294538 41.2486
0.300721 43.5276
0.30691 43.3236
0.313033 44.5095
0.319153 44.5657
0.325316 45.3346
0.33145 46.1795
0.337538 46.6183
0.343633 46.5636
0.349808 47.3097
0.355968 47.5747
0.362074 48.345
0.368217 48.6007
0.374374 49.3234
0.380519 48.7349
0.386598 50.0799
0.392688 49.9104
0.39888 50.2016
0.405048 50.2543
0.411186 51.117
0.417313 51.6553
0.423458 52.8823
0.429607 52.152
0.435692 52.5815
0.441815 52.5185
0.447964 53.0586
0.454126 52.2809
0.460267 52.0286
0.466387 53.8501
0.47254 53.6652
0.478662 54.2445
0.484765 54.4426
0.490885 54.863
0.497035 54.9237
0.503198 54.9112
0.509342 55.5722
0.515458 54.5011
0.521598 55.8626
0.527764 54.9576
0.533884 55.6773
0.54 56.3077
0.546137 55.7098
0.552299 55.121
0.558452 55.3843
0.564573 55.2897
0.570708 56.1669
0.576825 55.3025
0.582926 54.6517
0.589034 56.0798
0.595184 54.9539
0.601379 55.6971
0.607522 55.6608
0.613639 55.0341
0.619772 55.6252
0.625918 55.5396
0.632068 56.1589
0.638161 55.1594
0.6443 55.5707
0.650464 56.1669
0.656582 55.0771
0.662703 55.4526
0.668861 55.2609
0.675024 55.1258
0.681124 54.9587
0.687237 55.2408
0.693381 54.2965
0.699536 54.8821
0.705665 54.9092
0.711789 54.1713
0.717957 54.3371
0.72409 53.7583
0.730186 54.6456
0.736317 54.0374
0.742472 53.9834
0.748622 52.8739
0.75476 52.4892
0.760888 52.741
0.767043 52.5821
0.773185 51.9814
0.779291 52.0503
0.785407 52.0774
0.791564 51.7061
0.797719 51.0917
0.803834 51.9369
0.809972 51.1559
0.816124 51.128
0.822261 51.4728
0.828378 50.8271
0.834502 50.4305
0.840667 49.8692
0.846816 49.7682
0.852925 49.7961
0.859047 49.048
0.865192 49.2383
0.871341 49.3043
0.877463 48.3712
0.883569 48.3849
0.889708 48.3311
0.895864 48.0037
0.902008 47.8278
0.908149 47.7714
0.914301 47.3298
0.920448 47.5049
0.926574 47.1057
0.932687 46.9109
0.938823 46.2825
0.944975 46.1956
0.951105 45.7698
0.957225 45.1934
0.963368 45.4812
0.969511 45.0938
0.975621 44.6515
0.981748 44.7738
0.987916 44.3122
0.99406 43.7654
1.00019 43.7414
1.00632 43.0202
1.01246 43.0768
1.01859 42.7203
1.02471 43.1801
1.03085 42.4036
1.03698 42.2788
1.04314 41.8926
1.04929 41.3601
1.05541 41.6258
1.06154 41.4662
1.06769 40.825
1.07382 41.0006
1.07993 40.5857
1.08607 39.962
1.09222 40.3006
1.09836 39.9236
1.10449 39.6957
1.11063 39.0183
1.11677 39.165
1.1229 39.3894
1.12903 38.7792
1.13518 38.5136
1.14131 38.7896
1.14745 38.1195
1.15359 38.0191
1.15973 37.7528
1.16584 37.7254
1.17197 37.6287
1.17811 37.5784
1.18424 37.0054
1.19038 36.8828
1.19652 36.4019
1.20267 36.6576
1.20881 36.37
1.21495 36.1695
1.22108 36.0606
1.2272 35.6319
1.23334 35.8136
1.23949 35.3425
1.24562 35.2292
1.25174 35.2409
1.25789 34.9756
1.26402 34.6991
1.27014 34.6217
1.27628 34.4918
1.28244 34.209
1.28858 34.2001
1.29471 34.0678
1.30084 33.7816
1.30697 33.8486
1.31312 33.6916
1.31925 33.2735
1.32537 33.3157
1.33151 33.5587
1.33765 33.089
1.34378 33.1169
1.34992 32.7933
1.35606 32.6909
1.3622 32.6557
1.36833 32.5162
1.37445 32.3225
1.38059 32.4786
1.38675 31.8631
1.39288 31.9973
1.39901 31.6631
1.40515 31.6262
1.4113 31.6644
1.41742 31.3555
1.42355 31.3213
1.4297 31.6652
1.43585 31.3727
1.44198 30.9655
1.44809 30.8595
1.45423 30.9131
1.46036 30.7144
1.46649 30.5469
1.47263 30.6871
1.47877 30.3025
1.48491 30.2008
1.49104 30.586
1.49718 29.9192
1.50333 29.8569
1.50947 30.0968
1.5156 30.0393
1.52172 30.0818
1.52787 29.6668
1.534 29.6403
1.54013 29.2935
1.54627 29.2674
1.55241 29.321
1.55855 29.5785
1.56467 29.496
1.5708 29.4294
