0.00783031 2.91953
0.013688 1.56947
0.019231 0.784261
0.0249154 1.30901
0.0312784 0.0690586
0.0375637 1.59902
0.0433917 1.49936
0.0492413 3.0698
0.0555754 4.16237
0.0619321 4.55299
0.067871 6.70175
0.0738098 5.73388
0.0800417 7.25361
0.0862327 8.37638
0.0921407 9.53295
0.0982031 10.3791
0.104506 11.1731
0.110769 13.1478
0.116806 13.717
0.122832 14.849
0.129052 15.7639
0.135211 17.1224
0.141259 18.6984
0.147318 18.051
0.153489 18.7667
0.159709 20.7404
0.165845 23.6942
0.171974 22.7056
0.178125 25.6788
0.184229 25.8885
0.19034 25.1322
0.196428 25.4375
0.202534 27.9657
0.208729 28.5406
0.214876 29.109
0.220989 31.6031
0.227147 31.3766
0.23329 32.6662
0.239377 33.1334
0.245482 33.7325
0.251667 35.1155
0.257832 35.4425
0.263955 37.0985
0.270079 37.4993
0.27624 38.4217
0.282372 38.9582
0.28843 38.165
0.294538 40.5869
0.300721 41.0472
0.30691 41.4419
0.313033 42.5449
0.319153 43.2655
0.325316 42.66
0.33145 44.0079
0.337538 44.2651
0.343633 44.7576
0.349808 45.5413
0.355968 46.1177
0.362074 48.1428
0.368217 47.2424
0.374374 47.7682
0.380519 49.1469
0.386598 49.2745
0.392688 49.6372
0.39888 49.8356
0.405048 50.8641
0.411186 51.5663
0.417313 51.6939
0.423458 53.1873
0.429607 52.2928
0.435692 52.9016
0.441815 54.1807
0.447964 54.4433
0.454126 54.7886
0.460267 55.1416
0.466387 54.985
0.47254 55.5589
0.478662 54.8262
0.484765 56.369
0.490885 57.1187
0.497035 57.021
0.503198 58.004
0.509342 57.522
0.515458 58.6531
0.521598 58.7988
0.527764 59.8131
0.533884 59.8313
0.54 59.9909
0.546137 60.1996
0.552299 60.8251
0.558452 61.3804
0.564573 61.3024
0.570708 62.1154
0.576825 62.2007
0.582926 61.7037
0.589034 62.1648
0.595184 63.4971
0.601379 63.5856
0.607522 63.4928
0.613639 63.9241
0.619772 63.679
0.625918 64.2857
0.632068 64.3496
0.638161 64.7643
0.6443 64.4189
0.650464 65.4416
0.656582 65.8093
0.662703 65.9393
0.668861 65.6516
0.675024 65.7817
0.681124 66.7936
0.687237 66.885
0.693381 67.0726
0.699536 67.6582
0.705665 67.249
0.711789 67.0999
0.717957 67.5204
0.72409 68.4429
0.730186 68.6481
0.736317 68.4865
0.742472 68.1367
0.748622 68.6193
0.75476 68.5831
0.760888 68.6262
0.767043 69.6169
0.773185 69.2868
0.779291 69.417
0.785407 69.6557
0.791564 69.9429
0.797719 70.7371
0.803834 70.157
0.809972 69.8976
0.816124 69.7453
0.822261 70.9525
0.828378 71.0915
0.834502 70.9028
0.840667 71.4653
0.846816 70.7818
0.852925 70.8242
0.859047 70.8832
0.865192 71.1466
0.871341 71.2413
0.877463 71.6576
0.883569 71.5149
0.889708 71.8132
0.895864 71.9322
0.902008 71.3671
0.908149 72.2227
0.914301 71.4264
0.920448 72.5025
0.926574 72.4067
0.932687 72.5176
0.938823 72.2393
0.944975 72.9656
0.951105 72.4413
0.957225 72.7538
0.963368 72.2486
0.969511 72.4362
0.975621 72.8456
0.981748 72.3209
0.987916 72.1356
0.99406 72.5355
1.00019 73.3577
1.00632 72.643
1.01246 73.3819
1.01859 73.504
1.02471 73.0303
1.03085 73.2167
1.03698 72.8977
1.04314 73.1634
1.04929 72.6366
1.05541 73.2591
1.06154 73.1037
1.06769 73.0401
1.07382 73.3134
1.07993 72.8921
1.08607 73.0463
1.09222 73.4841
1.09836 72.7672
1.10449 72.8003
1.11063 73.1021
1.11677 73.1365
1.1229 73.5899
1.12903 72.9453
1.13518 73.0458
1.14131 73.142
1.14745 72.9252
1.15359 73.33
1.15973 73.2924
1.16584 73.241
1.17197 72.5557
1.17811 72.7398
1.18424 72.6464
1.19038 73.4221
1.19652 72.3131
1.20267 72.5115
1.20881 72.5274
1.21495 72.7853
1.22108 73.0005
1.2272 72.5254
1.23334 72.668
1.23949 71.9576
1.24562 72.6269
1.25174 72.5257
1.25789 72.2777
1.26402 72.2202
1.27014 72.3692
1.27628 71.777
1.28244 72.0131
1.28858 71.7415
1.29471 71.8135
1.30084 71.751
1.30697 71.6636
1.31312 71.6226
1.31925 71.5349
1.32537 71.3393
1.33151 71.4607
1.33765 71.3371
1.34378 71.2008
1.34992 71.4246
1.35606 71.3193
1.3622 70.9821
1.36833 70.8007
1.37445 70.9614
1.38059 70.9896
1.38675 70.8175
1.39288 70.0566
1.39901 70.1177
1.40515 70.1587
1.4113 70.2786
1.41742 70.0996
1.42355 69.8766
1.4297 69.7484
1.43585 69.3747
1.44198 69.6883
1.44809 69.578
1.45423 69.1927
1.46036 69.0013
1.46649 69.0114
1.47263 68.787
1.47877 68.7177
1.48491 68.8753
1.49104 68.5651
1.49718 68.5512
1.50333 68.2025
1.50947 68.157
1.5156 67.8517
1.52172 68.109
1.52787 67.7409
1.534 67.5117
1.54013 67.3574
1.54627 67.6914
1.55241 67.3818
1.55855 67.0228
1.56467 66.8144
1.5708 66.5095
