#  k  (h/Mpc)          P(k)  (Mpc/h)^3     P_linear(k)   P_NL(k) (Mpc/h)^3
     0.00783031         20379.1         20513.5           20402 
       0.013688         24950.3         25365.8         25170.4 
       0.019231         24992.2         25635.4         25378.2 
      0.0249154         23471.8         23617.7         23341.1 
      0.0312784         19611.7         20361.8         20072.2 
      0.0375637         16498.4         17287.6         17029.1 
      0.0433917         14988.1         15046.4         14768.3 
      0.0492413         13306.1         13439.5         13172.6 
      0.0555754         12088.9         12280.2         12034.8 
      0.0619321         11200.9         11423.3         11182.2 
       0.067871         10470.4         10674.3         10455.7 
      0.0738098         9485.95         9842.08         9530.37 
      0.0800417          8615.3         8856.08         8604.23 
      0.0862327         7520.14         7841.33          7739.8 
      0.0921407         6744.82         6940.55         6884.81 
      0.0982031         6149.96         6164.83         6243.98 
       0.104506         5605.07         5561.75         5737.32 
       0.110769         5456.59         5155.89         5263.08 
       0.116806         4959.26         4889.47         4964.46 
       0.122832         4653.06         4677.07         4752.13 
       0.129052         4422.29         4453.97         4522.27 
       0.135211         4130.21         4193.92         4269.83 
       0.141259         3801.43         3896.12         4050.54 
       0.147318         3591.01         3576.26         3807.16 
       0.153489         3483.91          3260.5         3472.32 
       0.159709         3300.06         2982.04         3265.67 
       0.165845         3042.52         2764.14         3130.37 
       0.171974         2948.42         2604.93         2961.41 
       0.178125         2801.75          2488.7         2879.78 
       0.184229         2679.32          2396.6         2743.09 
        0.19034         2578.85         2308.28         2640.78 
       0.196428         2513.72         2211.01            2533 
       0.202534          2342.9         2098.34         2448.32 
       0.208729         2262.63         1971.83          2315.9 
       0.214876         2185.71         1845.05         2253.38 
       0.220989         2125.25         1727.42         2179.44 
       0.227147         2024.06          1625.3         2105.71 
        0.23329          1900.7          1542.2         2040.86 
       0.239377         1863.69         1476.79         1962.14 
       0.245482         1842.62         1423.17         1881.11 
       0.251667         1783.22         1374.77          1839.5 
       0.257832         1689.05         1326.38         1781.24 
       0.263955         1677.69         1274.55         1732.73 
       0.270079         1623.31         1218.63         1683.96 
        0.27624         1553.54         1160.63         1632.19 
       0.282372         1518.34         1104.16         1604.22 
        0.28843         1476.41         1052.29         1569.55 
       0.294538         1427.26         1005.98         1521.93 
       0.300721         1391.27         965.772         1476.82 
        0.30691         1376.84         931.185         1457.29 
       0.313033         1324.82         900.669         1412.21 
       0.319153         1304.26         871.904         1373.99 
       0.325316         1271.69         843.127         1354.28 
        0.33145         1260.36         813.802         1308.65 
       0.337538         1196.51         783.968         1289.04 
       0.343633         1194.39         754.209         1273.23 
       0.349808         1155.71         725.137         1252.72 
       0.355968         1134.22         698.007         1228.96 
       0.362074         1113.38         673.396         1205.73 
       0.368217         1074.55         651.053         1177.75 
       0.374374         1062.71         630.664         1155.05 
       0.380519         1043.74         611.687         1134.08 
       0.386598         1023.86         593.734         1119.14 
       0.392688         1001.99         576.093         1099.03 
        0.39888          985.51         558.266         1080.83 
       0.405048         968.847         540.636         1062.65 
       0.411186         938.716         523.443         1045.26 
       0.417313         934.527         506.946         1032.01 
       0.423458         917.905         491.257         1012.47 
       0.429607         900.314         476.511         996.142 
       0.435692         891.499         462.871         974.373 
       0.441815          869.08          450.01         971.353 
       0.447964         857.661         437.712         961.022 
       0.454126          845.42         425.821         934.613 
       0.460267         833.564         414.316         932.964 
       0.466387         810.748         403.106         917.372 
        0.47254         803.885         392.064         904.495 
       0.478662         783.287          381.36         891.387 
       0.484765         773.922         371.082         882.092 
       0.490885         767.653         361.225         865.542 
       0.497035         752.966         351.758         858.122 
       0.503198         739.555         342.709         848.092 
       0.509342         734.351         334.099         833.605 
       0.515458         719.841         325.875         827.949 
       0.521598         714.595         317.898         819.807 
       0.527764         695.599         310.109         812.946 
       0.533884         696.815         302.587         804.268 
           0.54         684.903         295.284         794.874 
       0.546137         675.032         288.166         786.409 
       0.552299         664.264         281.241         775.648 
       0.558452         654.995         274.572         769.557 
       0.564573         650.235         268.183         762.401 
       0.570708         640.701         262.019         752.148 
       0.576825         631.464         256.088         743.076 
       0.582926           622.6         250.362         738.298 
       0.589034         612.328           244.8         728.032 
       0.595184         610.116         239.361         720.603 
       0.601379         600.684         234.048         714.925 
       0.607522         592.081         228.943         704.237 
       0.613639         585.814         224.008         701.679 
       0.619772         578.308         219.199         699.531 
       0.625918         571.174         214.523           690.2 
       0.632068          562.21         209.989         686.291 
       0.638161         555.849          205.63         676.345 
         0.6443         551.306         201.363         670.277 
       0.650464          545.48         197.204         662.339 
       0.656582         539.331         193.195         658.243 
       0.662703         532.823         189.299         653.513 
       0.668861         528.036         185.491         650.291 
       0.675024         520.151         181.786         645.456 
       0.681124         514.502         178.221         636.687 
       0.687237          508.89         174.746         631.235 
       0.693381         500.741         171.349         625.446 
       0.699536         495.476         168.039         621.256 
       0.705665         493.817         164.831         613.993 
       0.711789         483.799         161.707         609.356 
       0.717957         481.565         158.644         608.165 
        0.72409         476.683         155.679         602.232 
       0.730186         469.817          152.81         595.922 
       0.736317         463.335         150.001         592.075 
       0.742472         456.589         147.254         588.343 
       0.748622         456.063         144.576          582.11 
        0.75476         450.137         141.968         582.029 
       0.760888         444.357         139.429           575.8 
       0.767043         439.171         136.944         568.615 
       0.773185         433.281         134.528         565.263 
       0.779291         428.597         132.185         560.659 
       0.785407          423.51         129.892         557.459 
       0.791564             421         127.639         555.564 
       0.797719         416.216         125.442         550.541 
       0.803834          413.43         123.312         546.859 
       0.809972         405.736         121.224         543.072 
       0.816124         401.254         119.178         537.397 
       0.822261         400.096         117.186         534.604 
       0.828378         394.456         115.246         530.669 
       0.834502         389.689         113.351         528.875 
       0.840667         387.195         111.487         524.891 
       0.846816         382.517         109.669         520.762 
       0.852925         377.941         107.902         517.784 
       0.859047          376.14          106.17         513.104 
       0.865192         370.952          104.47         510.016 
       0.871341         367.203         102.807         506.384 
       0.877463         362.822         101.188         503.432 
       0.883569         361.476           99.61          501.27 
       0.889708         355.846         98.0585         496.524 
       0.895864          353.61         96.5361         493.723 
       0.902008         349.271         95.0488         490.433 
       0.908149         344.713         93.5935         485.377 
       0.914301         342.124         92.1665         481.772 
       0.920448         339.025         90.7712         480.905 
       0.926574         336.842         89.4101         477.962 
       0.932687         332.646         88.0802         473.294 
       0.938823         327.938         86.7728         471.922 
       0.944975         325.299         85.4889         469.073 
       0.951105         321.942         84.2354         465.903 
       0.957225           318.5          83.009         462.655 
       0.963368         315.522         81.8028         459.815 
       0.969511         312.331         80.6209         456.807 
       0.975621         309.477         79.4694         454.319 
       0.981748         305.641          78.338          451.84 
       0.987916         300.488         77.2216         449.355 
        0.99406         300.044         76.1311         446.431 
        1.00019         296.471         75.0638         442.652 
        1.00632         294.154          74.018         440.061 
        1.01246         290.532         72.9909          437.43 
        1.01859          288.44         71.9852          434.69 
        1.02471         284.693         71.0001         432.302 
        1.03085         283.188         70.0302         430.831 
        1.03698         279.065         69.0805           429.1 
        1.04314         276.893         68.1442         425.571 
        1.04929         272.728          67.227         422.131 
        1.05541         270.525         66.3297         419.711 
        1.06154         268.135         65.4464         417.619 
        1.06769         265.144         64.5783         414.608 
        1.07382         262.826         63.7301         411.904 
        1.07993         259.902         62.9005         410.011 
        1.08607         258.517         62.0832         407.479 
        1.09222         255.765         61.2799         405.191 
        1.09836         253.028         60.4912         403.296 
        1.10449         250.101         59.7167         401.712 
        1.11063         247.176         58.9542         398.537 
        1.11677         246.184         58.2047         396.423 
         1.1229         243.809         57.4691         393.804 
        1.12903         241.403         56.7453          392.03 
        1.13518         238.229         56.0336         388.783 
        1.14131          235.52          55.335         387.644 
        1.14745         233.312         54.6494         384.581 
        1.15359         231.277         53.9759         383.382 
        1.15973         228.615          53.314         381.089 
        1.16584         226.538         52.6667         379.054 
        1.17197          224.75         52.0295         377.377 
        1.17811         221.383         51.4006         374.629 
        1.18424         220.004         50.7833         372.402 
        1.19038         218.416         50.1735          371.22 
        1.19652         216.004         49.5734         368.291 
        1.20267         213.906         48.9833         366.436 
        1.20881         211.629         48.4039         364.926 
        1.21495         209.113         47.8363         362.286 
        1.22108         207.637         47.2789         359.992 
         1.2272         206.084         46.7319         359.043 
        1.23334         203.023         46.1919         356.657 
        1.23949         201.225         45.6581         354.756 
        1.24562         198.587         45.1334         352.657 
        1.25174         197.716         44.6172         351.084 
        1.25789         194.775         44.1075         348.822 
        1.26402         193.497         43.6069         347.609 
        1.27014         191.442         43.1155         345.363 
        1.27628         189.773         42.6304         344.248 
        1.28244         187.653         42.1518         342.606 
        1.28858         185.916         41.6809         340.478 
        1.29471         184.724         41.2183         337.991 
        1.30084         182.459         40.7632         335.917 
        1.30697         180.952         40.3146         334.856 
        1.31312         179.037         39.8726         333.135 
        1.31925         177.303          39.439         331.159 
        1.32537         175.516         39.0126          329.19 
        1.33151         174.304         38.5911         327.926 
        1.33765         171.911         38.1759         326.362 
        1.34378         170.554         37.7675         324.073 
        1.34992         168.403         37.3645         322.575 
        1.35606         167.408         36.9663         320.656 
         1.3622         165.629         36.5745         319.517 
        1.36833         164.304         36.1891         318.305 
        1.37445         161.959         35.8094         315.793 
        1.38059           160.7          35.434         314.721 
        1.38675         159.562         35.0633         313.396 
        1.39288         157.217         34.6997         311.251 
        1.39901         155.827         34.3416         309.548 
        1.40515         154.455          33.988         308.017 
         1.4113         153.317         33.6394         306.267 
        1.41742         151.282         33.2967          304.59 
        1.42355         150.441         32.9578         303.438 
         1.4297         148.749         32.6223         301.328 
        1.43585         147.028         32.2915         300.584 
        1.44198         145.792         31.9668         298.765 
        1.44809         144.382         31.6477         297.196 
        1.45423         143.088         31.3323         295.329 
        1.46036         141.439         31.0223         294.105 
        1.46649         140.077         30.7165         292.844 
        1.47263         138.906         30.4145         291.054 
        1.47877         137.541         30.1163         289.253 
        1.48491         136.427         29.8212         287.663 
        1.49104         135.164         29.5304         286.676 
        1.49718         133.869          29.243         285.836 
        1.50333          132.37         28.9588         283.551 
        1.50947         131.252         28.6791         282.096 
         1.5156         129.645         28.4036         281.309 
        1.52172          128.89          28.132         279.836 
        1.52787         127.826         27.8635         278.436 
          1.534         126.361         27.5991         276.889 
        1.54013         125.392         27.3387         275.619 
        1.54627         123.931         27.0814         274.639 
        1.55241         122.547         26.8275         273.375 
        1.55855         121.605         26.5771         271.725 
        1.56467         120.361         26.3303         270.203 
         1.5708          119.53         26.0858         268.894 
