0.00783031 12522.9
0.013688 11024.2
0.019231 8696.61
0.0249154 10150.4
0.0312784 9510.44
0.0375637 8119.28
0.0433917 9298.37
0.0492413 9187.74
0.0555754 8524.27
0.0619321 8982.6
0.067871 8145.72
0.0738098 8856.21
0.0800417 8600.69
0.0862327 8541.11
0.0921407 8228.07
0.0982031 7718.25
0.104506 7716.85
0.110769 7792.66
0.116806 7544.57
0.122832 7298.28
0.129052 7288.04
0.135211 7172.23
0.141259 7003.89
0.147318 7010.81
0.153489 6836.91
0.159709 6677.25
0.165845 6493.4
0.171974 6453.69
0.178125 6356.75
0.184229 6268.33
0.19034 6298.88
0.196428 6177.46
0.202534 5943.79
0.208729 6000.88
0.214876 5794
0.220989 5756.13
0.227147 5827.17
0.23329 5671.61
0.239377 5591.32
0.245482 5531.99
0.251667 5451.41
0.257832 5458.6
0.263955 5360.01
0.270079 5345.3
0.27624 5265.02
0.282372 5302.32
0.28843 5156.01
0.294538 5159.56
0.300721 5078.56
0.30691 5020.93
0.313033 5048.6
0.319153 4962.42
0.325316 4953.03
0.33145 4864.79
0.337538 4799.27
0.343633 4792.47
0.349808 4760.18
0.355968 4702.83
0.362074 4731.37
0.368217 4638.17
0.374374 4590.79
0.380519 4597.59
0.386598 4567.87
0.392688 4532.36
0.39888 4532.09
0.405048 4490.08
0.411186 4416.58
0.417313 4430.36
0.423458 4414.88
0.429607 4362.37
0.435692 4387.35
0.441815 4338.01
0.447964 4335.19
0.454126 4316.14
0.460267 4203.63
0.466387 4201.33
0.47254 4167.37
0.478662 4161.46
0.484765 4189.77
0.490885 4143.78
0.497035 4120.12
0.503198 4089.07
0.509342 4106.58
0.515458 4029.31
0.521598 4045.16
0.527764 4034.68
0.533884 3973.74
0.54 3990.67
0.546137 3969.73
0.552299 3971.08
0.558452 3926.02
0.564573 3900.73
0.570708 3900.72
0.576825 3879.57
0.582926 3866.92
0.589034 3850.76
0.595184 3851.51
0.601379 3823.2
0.607522 3800.1
0.613639 3785.6
0.619772 3783.96
0.625918 3787.75
0.632068 3754.64
0.638161 3711.27
0.6443 3726.43
0.650464 3717.2
0.656582 3694.32
0.662703 3673.17
0.668861 3685.05
0.675024 3683.15
0.681124 3643.35
0.687237 3629.83
0.693381 3624.85
0.699536 3609.54
0.705665 3615.81
0.711789 3578.16
0.717957 3568.76
0.72409 3575.27
0.730186 3538.11
0.736317 3519.24
0.742472 3514.51
0.748622 3511.65
0.75476 3492.83
0.760888 3473.78
0.767043 3478.19
0.773185 3433.85
0.779291 3440.52
0.785407 3424.51
0.791564 3420.4
0.797719 3404.03
0.803834 3400.37
0.809972 3393.32
0.816124 3368.06
0.822261 3386.88
0.828378 3365.28
0.834502 3343.2
0.840667 3350.48
0.846816 3332
0.852925 3326.87
0.859047 3328.35
0.865192 3297.87
0.871341 3301.2
0.877463 3273.58
0.883569 3277.82
0.889708 3254.43
0.895864 3254.96
0.902008 3235.44
0.908149 3234.34
0.914301 3223.08
0.920448 3225.37
0.926574 3209.37
0.932687 3200.48
0.938823 3183.66
0.944975 3180.37
0.951105 3159.45
0.957225 3154.26
0.963368 3153.55
0.969511 3136.92
0.975621 3136.28
0.981748 3115.78
0.987916 3091.23
0.99406 3099.91
1.00019 3086.93
1.00632 3083.84
1.01246 3068.22
1.01859 3074.85
1.02471 3039.25
1.03085 3048.15
1.03698 3037.64
1.04314 3029.63
1.04929 3006.57
1.05541 3010.75
1.06154 2997.5
1.06769 2980.96
1.07382 2975.66
1.07993 2964.91
1.08607 2975.99
1.09222 2963.34
1.09836 2953.67
1.10449 2940.87
1.11063 2926.72
1.11677 2939.44
1.1229 2917.72
1.12903 2912.26
1.13518 2902.17
1.14131 2891.72
1.14745 2883.98
1.15359 2877.07
1.15973 2858.38
1.16584 2857.04
1.17197 2858.52
1.17811 2836.56
1.18424 2846.15
1.19038 2838.4
1.19652 2829.73
1.20267 2815.14
1.20881 2807.67
1.21495 2804.5
1.22108 2796.09
1.2272 2793.32
1.23334 2774.98
1.23949 2766.94
1.24562 2750.11
1.25174 2756.59
1.25789 2738.25
1.26402 2736.85
1.27014 2728.92
1.27628 2720.96
1.28244 2713.01
1.28858 2702.75
1.29471 2706.74
1.30084 2690.27
1.30697 2687.61
1.31312 2677.79
1.31925 2669.5
1.32537 2660.18
1.33151 2656.35
1.33765 2641.73
1.34378 2645.14
1.34992 2631.46
1.35606 2628.52
1.3622 2617.13
1.36833 2624.28
1.37445 2603.88
1.38059 2598.94
1.38675 2593.05
1.39288 2585.95
1.39901 2577.56
1.40515 2574.67
1.4113 2569.43
1.41742 2554.04
1.42355 2551.25
1.4297 2543.91
1.43585 2538.09
1.44198 2533.21
1.44809 2532.41
1.45423 2517.45
1.46036 2507.66
1.46649 2506.26
1.47263 2506.81
1.47877 2501.88
1.48491 2483.73
1.49104 2483.73
1.49718 2482.59
1.50333 2469.58
1.50947 2465
1.5156 2451.19
1.52172 2454.15
1.52787 2447.09
1.534 2442.25
1.54013 2428.96
1.54627 2421.37
1.55241 2424.41
1.55855 2421.45
1.56467 2410.17
1.5708 2405.89
