0.00783031 -1554.02
0.013688 1565.24
0.019231 2072.25
0.0249154 1442.41
0.0312784 45.6687
0.0375637 693.463
0.0433917 1186.91
0.0492413 501.497
0.0555754 828.409
0.0619321 537.074
0.067871 1076.24
0.0738098 1122.08
0.0800417 1390.17
0.0862327 1438.67
0.0921407 1653.03
0.0982031 1400.7
0.104506 1471.08
0.110769 1471.67
0.116806 1727.31
0.122832 1680.8
0.129052 1555.64
0.135211 1612.18
0.141259 1620.45
0.147318 1599.11
0.153489 1623.94
0.159709 1590.63
0.165845 1750.76
0.171974 1809.88
0.178125 1745.64
0.184229 1728.64
0.19034 1793.21
0.196428 1747.65
0.202534 1822.26
0.208729 1829.85
0.214876 1885.96
0.220989 1800.06
0.227147 1868.98
0.23329 1860.18
0.239377 1930.85
0.245482 1784.24
0.251667 1843.18
0.257832 1861.89
0.263955 1918.81
0.270079 1870.01
0.27624 1933.16
0.282372 1843.95
0.28843 1908.13
0.294538 1919.65
0.300721 1890.3
0.30691 1950.92
0.313033 1910.52
0.319153 1918.05
0.325316 1852.66
0.33145 1928.96
0.337538 1875.53
0.343633 1882.79
0.349808 1849.02
0.355968 1882.04
0.362074 1883.51
0.368217 1847.61
0.374374 1880.88
0.380519 1866
0.386598 1906.92
0.392688 1869.09
0.39888 1884.11
0.405048 1861.34
0.411186 1856.69
0.417313 1885.87
0.423458 1842.34
0.429607 1847.78
0.435692 1848.09
0.441815 1841.63
0.447964 1848.94
0.454126 1848.73
0.460267 1809.72
0.466387 1801.96
0.47254 1787.12
0.478662 1799.86
0.484765 1772.89
0.490885 1785.54
0.497035 1789.43
0.503198 1791.27
0.509342 1765.57
0.515458 1756.46
0.521598 1746.71
0.527764 1741.83
0.533884 1740.67
0.54 1748.49
0.546137 1745.07
0.552299 1728.21
0.558452 1713.35
0.564573 1734.94
0.570708 1690.97
0.576825 1711.06
0.582926 1697.08
0.589034 1687.08
0.595184 1681.67
0.601379 1683.61
0.607522 1676.11
0.613639 1665
0.619772 1644.52
0.625918 1644.71
0.632068 1642.27
0.638161 1627.03
0.6443 1635.42
0.650464 1608.4
0.656582 1596.05
0.662703 1597.42
0.668861 1587.34
0.675024 1584.44
0.681124 1569.22
0.687237 1579.68
0.693381 1572.95
0.699536 1545.01
0.705665 1560.09
0.711789 1536.17
0.717957 1541.34
0.72409 1532.87
0.730186 1517.34
0.736317 1520.97
0.742472 1499.87
0.748622 1502.22
0.75476 1491.39
0.760888 1475.45
0.767043 1479.8
0.773185 1472.4
0.779291 1458.27
0.785407 1452
0.791564 1442.1
0.797719 1446.62
0.803834 1427.91
0.809972 1432.44
0.816124 1428.68
0.822261 1408.83
0.828378 1419.5
0.834502 1405.41
0.840667 1395.12
0.846816 1383.4
0.852925 1375.42
0.859047 1362.91
0.865192 1366.59
0.871341 1350.27
0.877463 1354.59
0.883569 1348.74
0.889708 1339.8
0.895864 1333.45
0.902008 1325.8
0.908149 1310.93
0.914301 1314.18
0.920448 1305.02
0.926574 1304.13
0.932687 1291.84
0.938823 1282.73
0.944975 1277.88
0.951105 1268.57
0.957225 1262
0.963368 1258.99
0.969511 1254.31
0.975621 1249.46
0.981748 1241.79
0.987916 1233.78
0.99406 1232.67
1.00019 1218.9
1.00632 1213.81
1.01246 1214.91
1.01859 1193.36
1.02471 1191.14
1.03085 1187.64
1.03698 1177.31
1.04314 1180.38
1.04929 1169.22
1.05541 1162.74
1.06154 1167.66
1.06769 1151.18
1.07382 1145.45
1.07993 1144.03
1.08607 1131.95
1.09222 1129.95
1.09836 1123.28
1.10449 1120.12
1.11063 1116.77
1.11677 1099.32
1.1229 1098.64
1.12903 1093.95
1.13518 1088.75
1.14131 1081.77
1.14745 1078.96
1.15359 1071.28
1.15973 1068.27
1.16584 1064.18
1.17197 1053.15
1.17811 1050.56
1.18424 1046.34
1.19038 1037.16
1.19652 1035.98
1.20267 1026.35
1.20881 1023.79
1.21495 1016.98
1.22108 1012.82
1.2272 1008.94
1.23334 1002.12
1.23949 998.632
1.24562 987.629
1.25174 988.07
1.25789 977.5
1.26402 972.24
1.27014 967.216
1.27628 961.28
1.28244 958.625
1.28858 956.869
1.29471 945.106
1.30084 939.766
1.30697 936.327
1.31312 931.664
1.31925 925.702
1.32537 924.238
1.33151 917.998
1.33765 914.175
1.34378 910.028
1.34992 903.361
1.35606 896.946
1.3622 896.845
1.36833 888.851
1.37445 882.979
1.38059 883.553
1.38675 877.771
1.39288 869.753
1.39901 868.004
1.40515 861.944
1.4113 857.333
1.41742 851.768
1.42355 847.802
1.4297 839.544
1.43585 836.324
1.44198 834.059
1.44809 830.053
1.45423 828.753
1.46036 822.77
1.46649 818.176
1.47263 812.882
1.47877 807.836
1.48491 806.758
1.49104 796.91
1.49718 795.519
1.50333 786.706
1.50947 788.51
1.5156 783.914
1.52172 777.391
1.52787 778.309
1.534 773.974
1.54013 766.32
1.54627 759.956
1.55241 759.452
1.55855 752.748
1.56467 751.859
1.5708 745.414
