0.00783031 -1071.85
0.013688 616.553
0.019231 1247.78
0.0249154 1089.25
0.0312784 -208.277
0.0375637 417.386
0.0433917 486.56
0.0492413 134.87
0.0555754 144.356
0.0619321 -28.0555
0.067871 87.591
0.0738098 144.168
0.0800417 15.428
0.0862327 117.237
0.0921407 112.36
0.0982031 17.325
0.104506 -64.7931
0.110769 -20.4484
0.116806 42.5431
0.122832 -33.7876
0.129052 -79.4319
0.135211 -39.0891
0.141259 -41.053
0.147318 -22.6304
0.153489 -40.0798
0.159709 -87.4858
0.165845 -70.1375
0.171974 -37.0639
0.178125 -54.1854
0.184229 -67.2697
0.19034 -63.9769
0.196428 -75.4392
0.202534 -53.938
0.208729 -81.2136
0.214876 -74.0148
0.220989 -87.5212
0.227147 -65.9998
0.23329 -88.1768
0.239377 -67.9289
0.245482 -76.9689
0.251667 -81.8181
0.257832 -71.538
0.263955 -64.4741
0.270079 -88.6506
0.27624 -63.9726
0.282372 -74.3241
0.28843 -67.6947
0.294538 -74.0423
0.300721 -69.5365
0.30691 -69.4727
0.313033 -87.5426
0.319153 -73.7498
0.325316 -74.8519
0.33145 -81.4233
0.337538 -76.9304
0.343633 -71.7631
0.349808 -73.6872
0.355968 -70.2065
0.362074 -72.7131
0.368217 -71.7239
0.374374 -72.7833
0.380519 -67.1267
0.386598 -69.0425
0.392688 -72.6518
0.39888 -68.1178
0.405048 -72.402
0.411186 -71.2279
0.417313 -69.5047
0.423458 -74.3694
0.429607 -68.793
0.435692 -68.406
0.441815 -70.8447
0.447964 -67.3282
0.454126 -65.9406
0.460267 -65.2985
0.466387 -66.2524
0.47254 -61.7329
0.478662 -63.8189
0.484765 -64.8816
0.490885 -65.8427
0.497035 -62.0623
0.503198 -62.6127
0.509342 -62.6651
0.515458 -62.2246
0.521598 -61.2067
0.527764 -61.6589
0.533884 -59.3717
0.54 -59.2536
0.546137 -60.2373
0.552299 -58.1671
0.558452 -57.6684
0.564573 -55.6007
0.570708 -55.4946
0.576825 -56.0016
0.582926 -54.83
0.589034 -53.2984
0.595184 -52.9069
0.601379 -53.2462
0.607522 -52.4684
0.613639 -49.0567
0.619772 -51.3296
0.625918 -49.8059
0.632068 -49.379
0.638161 -49.3769
0.6443 -50.9945
0.650464 -48.3424
0.656582 -49.0386
0.662703 -46.4937
0.668861 -46.2735
0.675024 -46.2221
0.681124 -46.2159
0.687237 -46.4141
0.693381 -46.7005
0.699536 -45.0196
0.705665 -47.3785
0.711789 -43.2991
0.717957 -45.0862
0.72409 -43.5776
0.730186 -45.1961
0.736317 -43.7589
0.742472 -42.4118
0.748622 -42.1564
0.75476 -40.9363
0.760888 -41.8965
0.767043 -42.1551
0.773185 -39.5671
0.779291 -40.2656
0.785407 -40.4298
0.791564 -41.4153
0.797719 -40.5937
0.803834 -38.9304
0.809972 -39.7139
0.816124 -40.3375
0.822261 -39.1994
0.828378 -40.5579
0.834502 -38.6059
0.840667 -38.5276
0.846816 -40.1807
0.852925 -38.3946
0.859047 -37.5835
0.865192 -37.84
0.871341 -38.1938
0.877463 -37.327
0.883569 -37.8668
0.889708 -37.6365
0.895864 -38.9133
0.902008 -37.2165
0.908149 -38.0073
0.914301 -37.0953
0.920448 -35.7977
0.926574 -37.3349
0.932687 -36.5037
0.938823 -36.5903
0.944975 -36.6643
0.951105 -36.3555
0.957225 -36.5453
0.963368 -36.596
0.969511 -36.1742
0.975621 -37.2346
0.981748 -36.1066
0.987916 -37.0784
0.99406 -36.2219
1.00019 -36.0063
1.00632 -36.7818
1.01246 -37.2628
1.01859 -36.0268
1.02471 -36.0212
1.03085 -35.6209
1.03698 -35.9092
1.04314 -34.5498
1.04929 -36.0668
1.05541 -35.6932
1.06154 -36.6197
1.06769 -34.4735
1.07382 -35.1458
1.07993 -35.0954
1.08607 -35.1014
1.09222 -35.2209
1.09836 -35.9565
1.10449 -34.8701
1.11063 -35.3548
1.11677 -35.0902
1.1229 -34.8822
1.12903 -34.7003
1.13518 -34.1781
1.14131 -34.3405
1.14745 -33.8294
1.15359 -33.3998
1.15973 -34.0132
1.16584 -33.6156
1.17197 -33.869
1.17811 -33.7539
1.18424 -33.0973
1.19038 -33.8349
1.19652 -32.8823
1.20267 -33.1683
1.20881 -33.4027
1.21495 -33.4724
1.22108 -33.1831
1.2272 -33.1612
1.23334 -33.5174
1.23949 -32.4103
1.24562 -31.9662
1.25174 -33.0189
1.25789 -32.1387
1.26402 -31.7007
1.27014 -32.5965
1.27628 -31.5987
1.28244 -32.2777
1.28858 -31.8063
1.29471 -32.4112
1.30084 -31.7104
1.30697 -31.2742
1.31312 -32.6318
1.31925 -30.8667
1.32537 -31.4446
1.33151 -30.7372
1.33765 -31.0444
1.34378 -30.8685
1.34992 -29.4992
1.35606 -30.5427
1.3622 -30.7359
1.36833 -29.5459
1.37445 -29.8553
1.38059 -29.6685
1.38675 -29.1391
1.39288 -28.7611
1.39901 -28.7272
1.40515 -29.23
1.4113 -29.081
1.41742 -28.4309
1.42355 -28.6709
1.4297 -28.4633
1.43585 -28.026
1.44198 -27.7313
1.44809 -27.8889
1.45423 -28.2804
1.46036 -27.6852
1.46649 -27.211
1.47263 -27.3858
1.47877 -26.8676
1.48491 -26.9535
1.49104 -26.3919
1.49718 -26.0639
1.50333 -26.8061
1.50947 -26.8911
1.5156 -26.3484
1.52172 -26.5021
1.52787 -26.3924
1.534 -25.8141
1.54013 -25.3841
1.54627 -25.0919
1.55241 -25.88
1.55855 -25.3269
1.56467 -24.9136
1.5708 -24.984
