0.00783031 -1613.75
0.013688 1844.17
0.019231 2473.5
0.0249154 1892.41
0.0312784 184.652
0.0375637 792.78
0.0433917 1288.29
0.0492413 575.979
0.0555754 903.041
0.0619321 465.148
0.067871 986.061
0.0738098 1022.46
0.0800417 1181.94
0.0862327 1224.61
0.0921407 1372.44
0.0982031 1163.8
0.104506 1120.36
0.110769 1180.08
0.116806 1419.29
0.122832 1396.25
0.129052 1210.64
0.135211 1260.48
0.141259 1245.03
0.147318 1241.31
0.153489 1268.73
0.159709 1210.21
0.165845 1334.6
0.171974 1408.97
0.178125 1333.64
0.184229 1320.29
0.19034 1356.54
0.196428 1322.38
0.202534 1369.12
0.208729 1371.66
0.214876 1404.68
0.220989 1339.9
0.227147 1368.52
0.23329 1367.81
0.239377 1424.06
0.245482 1296.77
0.251667 1334.28
0.257832 1357.58
0.263955 1391.68
0.270079 1343.28
0.27624 1389.29
0.282372 1321.84
0.28843 1367.14
0.294538 1367.63
0.300721 1339.72
0.30691 1388.55
0.313033 1341.31
0.319153 1350.93
0.325316 1296.36
0.33145 1343.19
0.337538 1308.43
0.343633 1315.54
0.349808 1281.05
0.355968 1302.49
0.362074 1297.49
0.368217 1272.04
0.374374 1289.86
0.380519 1281.58
0.386598 1305.83
0.392688 1276.7
0.39888 1280.68
0.405048 1268.73
0.411186 1262.1
0.417313 1277.49
0.423458 1246.23
0.429607 1247.56
0.435692 1243.55
0.441815 1237.12
0.447964 1243.76
0.454126 1238.66
0.460267 1213.81
0.466387 1206.99
0.47254 1193.23
0.478662 1200.58
0.484765 1180.06
0.490885 1188.42
0.497035 1189.6
0.503198 1190.36
0.509342 1169.37
0.515458 1161.53
0.521598 1155.18
0.527764 1150.86
0.533884 1147.96
0.54 1152.08
0.546137 1149.84
0.552299 1136.45
0.558452 1124.84
0.564573 1139.07
0.570708 1112.85
0.576825 1121.48
0.582926 1110.96
0.589034 1102.57
0.595184 1096.87
0.601379 1100.73
0.607522 1091.43
0.613639 1083.68
0.619772 1072.67
0.625918 1069.77
0.632068 1068.04
0.638161 1058.54
0.6443 1065.08
0.650464 1044.94
0.656582 1032.79
0.662703 1037.26
0.668861 1028.23
0.675024 1026.89
0.681124 1013.17
0.687237 1024.07
0.693381 1017.78
0.699536 996.77
0.705665 1005.17
0.711789 985.643
0.717957 993.7
0.72409 984.259
0.730186 977.616
0.736317 976.758
0.742472 959.502
0.748622 961.62
0.75476 954.882
0.760888 943.178
0.767043 944.688
0.773185 939.091
0.779291 928.353
0.785407 922.816
0.791564 915.747
0.797719 918.92
0.803834 908.575
0.809972 907.125
0.816124 902.587
0.822261 889.311
0.828378 897.989
0.834502 886.695
0.840667 880.697
0.846816 870.587
0.852925 865.924
0.859047 857.104
0.865192 854.21
0.871341 845.695
0.877463 845.123
0.883569 843.215
0.889708 836.307
0.895864 829.447
0.902008 824.297
0.908149 815.274
0.914301 815.659
0.920448 806.463
0.926574 806.647
0.932687 798.026
0.938823 790.545
0.944975 786.391
0.951105 780.21
0.957225 775.676
0.963368 769.803
0.969511 766.236
0.975621 764.498
0.981748 756.145
0.987916 751.952
0.99406 748.711
1.00019 739.162
1.00632 736.372
1.01246 734.381
1.01859 720.001
1.02471 718.678
1.03085 716.283
1.03698 708.642
1.04314 709.096
1.04929 700.668
1.05541 696.563
1.06154 694.674
1.06769 685.382
1.07382 681.947
1.07993 679.674
1.08607 670.808
1.09222 670.04
1.09836 663.844
1.10449 661.709
1.11063 657.402
1.11677 647.486
1.1229 647.122
1.12903 638.811
1.13518 639.403
1.14131 630.656
1.14745 627.249
1.15359 623.756
1.15973 619.676
1.16584 618.512
1.17197 609.248
1.17811 608.512
1.18424 604.952
1.19038 598.258
1.19652 595.974
1.20267 589.813
1.20881 587.278
1.21495 580.964
1.22108 580.526
1.2272 572.523
1.23334 570.297
1.23949 566.169
1.24562 561.23
1.25174 558.928
1.25789 552.23
1.26402 550.063
1.27014 546.006
1.27628 540.628
1.28244 538.254
1.28858 537.411
1.29471 528.777
1.30084 525.701
1.30697 524.095
1.31312 517.287
1.31925 515.142
1.32537 513.105
1.33151 508.456
1.33765 506.236
1.34378 502.765
1.34992 498.428
1.35606 494.535
1.3622 492.221
1.36833 486.245
1.37445 485.212
1.38059 483.603
1.38675 478.658
1.39288 473.59
1.39901 472.393
1.40515 470.15
1.4113 463.818
1.41742 461.93
1.42355 458.425
1.4297 454.565
1.43585 451.138
1.44198 449.879
1.44809 446.888
1.45423 444.539
1.46036 440.718
1.46649 437.796
1.47263 433.306
1.47877 432.47
1.48491 430.904
1.49104 424.821
1.49718 423.369
1.50333 418.837
1.50947 416.397
1.5156 414.578
1.52172 410.613
1.52787 410.129
1.534 408.754
1.54013 402.949
1.54627 398.903
1.55241 398.645
1.55855 395.006
1.56467 393.29
1.5708 390.544
