0.00783031 -3612.08
0.013688 2083.61
0.019231 320.261
0.0249154 -79.9538
0.0312784 625.008
0.0375637 -69.1878
0.0433917 273.914
0.0492413 -207.21
0.0555754 59.271
0.0619321 189.908
0.067871 -186.952
0.0738098 -135.122
0.0800417 -120.775
0.0862327 -245.392
0.0921407 -82.7577
0.0982031 -48.9478
0.104506 -201.424
0.110769 -170.364
0.116806 -183.303
0.122832 -129.512
0.129052 -201.548
0.135211 -144.26
0.141259 -147.262
0.147318 -108.419
0.153489 -165.251
0.159709 -185.864
0.165845 -158.882
0.171974 -182.949
0.178125 -145.422
0.184229 -120.275
0.19034 -131.218
0.196428 -130.476
0.202534 -147.106
0.208729 -135.741
0.214876 -153.964
0.220989 -137.079
0.227147 -154.052
0.23329 -148.274
0.239377 -139.08
0.245482 -150.343
0.251667 -130.982
0.257832 -138.417
0.263955 -129.781
0.270079 -127.162
0.27624 -135.896
0.282372 -126.237
0.28843 -118.284
0.294538 -124.76
0.300721 -118.841
0.30691 -121.564
0.313033 -122.192
0.319153 -121.269
0.325316 -112.214
0.33145 -113.387
0.337538 -119.491
0.343633 -108.493
0.349808 -115.528
0.355968 -117.226
0.362074 -118.548
0.368217 -112.195
0.374374 -109.613
0.380519 -108.98
0.386598 -115.801
0.392688 -106.856
0.39888 -110.447
0.405048 -106.58
0.411186 -103.265
0.417313 -105.201
0.423458 -100.916
0.429607 -104.811
0.435692 -106.553
0.441815 -102.887
0.447964 -101.527
0.454126 -100.28
0.460267 -98.42
0.466387 -102.021
0.47254 -97.7563
0.478662 -97.5793
0.484765 -101.861
0.490885 -94.3719
0.497035 -95.591
0.503198 -97.5079
0.509342 -91.7924
0.515458 -95.1329
0.521598 -95.3174
0.527764 -94.5773
0.533884 -95.37
0.54 -93.1534
0.546137 -91.0394
0.552299 -92.0048
0.558452 -90.6241
0.564573 -92.1457
0.570708 -88.4057
0.576825 -88.9928
0.582926 -86.1731
0.589034 -91.2255
0.595184 -87.1417
0.601379 -86.9121
0.607522 -87.9816
0.613639 -87.0379
0.619772 -85.4681
0.625918 -85.9277
0.632068 -82.6509
0.638161 -82.9035
0.6443 -82.9899
0.650464 -85.3941
0.656582 -81.7676
0.662703 -82.747
0.668861 -83.416
0.675024 -82.0686
0.681124 -80.8463
0.687237 -80.9787
0.693381 -80.9992
0.699536 -80.5279
0.705665 -79.9299
0.711789 -79.5058
0.717957 -78.4464
0.72409 -79.8208
0.730186 -78.4305
0.736317 -78.4776
0.742472 -77.3561
0.748622 -78.7853
0.75476 -77.5096
0.760888 -78.1456
0.767043 -76.116
0.773185 -78.0311
0.779291 -76.7773
0.785407 -75.8448
0.791564 -75.2008
0.797719 -75.946
0.803834 -75.1136
0.809972 -74.4028
0.816124 -76.0203
0.822261 -74.6396
0.828378 -73.4603
0.834502 -73.8406
0.840667 -73.0095
0.846816 -73.1433
0.852925 -73.0909
0.859047 -73.6165
0.865192 -73.306
0.871341 -72.2705
0.877463 -72.1629
0.883569 -71.2666
0.889708 -71.9661
0.895864 -72.2479
0.902008 -71.4457
0.908149 -71.8631
0.914301 -70.9197
0.920448 -70.2211
0.926574 -70.3288
0.932687 -71.1018
0.938823 -69.5827
0.944975 -70.7758
0.951105 -69.6494
0.957225 -70.203
0.963368 -67.7923
0.969511 -68.6636
0.975621 -68.3082
0.981748 -68.877
0.987916 -67.9479
0.99406 -67.3797
1.00019 -67.2251
1.00632 -68.051
1.01246 -67.0148
1.01859 -66.9635
1.02471 -67.1474
1.03085 -66.9977
1.03698 -66.6676
1.04314 -66.1741
1.04929 -65.5122
1.05541 -65.4764
1.06154 -65.5423
1.06769 -64.8035
1.07382 -64.1604
1.07993 -64.6845
1.08607 -64.4019
1.09222 -63.9826
1.09836 -64.158
1.10449 -63.784
1.11063 -63.1772
1.11677 -62.6955
1.1229 -63.0329
1.12903 -62.9718
1.13518 -62.4848
1.14131 -62.1563
1.14745 -61.7004
1.15359 -62.0516
1.15973 -61.3489
1.16584 -61.5938
1.17197 -61.3738
1.17811 -61.0034
1.18424 -60.9579
1.19038 -60.4322
1.19652 -60.5729
1.20267 -59.6674
1.20881 -60.0879
1.21495 -59.6812
1.22108 -59.0113
1.2272 -59.5825
1.23334 -59.4638
1.23949 -59.4254
1.24562 -58.5134
1.25174 -58.4672
1.25789 -58.6378
1.26402 -58.0726
1.27014 -57.8301
1.27628 -57.4482
1.28244 -57.4177
1.28858 -57.4107
1.29471 -57.0272
1.30084 -57.6495
1.30697 -56.7995
1.31312 -56.4926
1.31925 -56.6793
1.32537 -56.2702
1.33151 -56.294
1.33765 -55.8156
1.34378 -55.953
1.34992 -55.6754
1.35606 -55.2761
1.3622 -55.4655
1.36833 -54.9476
1.37445 -54.7501
1.38059 -54.1792
1.38675 -54.5943
1.39288 -54.2661
1.39901 -54.2789
1.40515 -53.8774
1.4113 -53.9231
1.41742 -53.237
1.42355 -53.1201
1.4297 -53.0295
1.43585 -52.9983
1.44198 -52.7539
1.44809 -52.6414
1.45423 -52.3809
1.46036 -52.0107
1.46649 -52.3852
1.47263 -51.505
1.47877 -51.4358
1.48491 -51.3975
1.49104 -50.9578
1.49718 -50.8495
1.50333 -50.7095
1.50947 -50.1174
1.5156 -50.3222
1.52172 -50.088
1.52787 -49.7792
1.534 -50.1862
1.54013 -49.4865
1.54627 -49.7386
1.55241 -49.2499
1.55855 -49.4102
1.56467 -48.7785
1.5708 -48.7406
