0.00783031 2056.42
0.013688 1359.52
0.019231 -484.795
0.0249154 -861.322
0.0312784 -371.339
0.0375637 -170.008
0.0433917 -769.57
0.0492413 -672.218
0.0555754 -85.6442
0.0619321 -225.104
0.067871 -159.258
0.0738098 -247.787
0.0800417 -164.766
0.0862327 -264.354
0.0921407 -183.439
0.0982031 -219.553
0.104506 -210.549
0.110769 -264.6
0.116806 -158.348
0.122832 -125.646
0.129052 -145.916
0.135211 -154.971
0.141259 -156.199
0.147318 -156.927
0.153489 -154.534
0.159709 -139.116
0.165845 -180.45
0.171974 -164.541
0.178125 -176.184
0.184229 -136.855
0.19034 -146.908
0.196428 -155.345
0.202534 -125.351
0.208729 -150.131
0.214876 -142.872
0.220989 -145.703
0.227147 -159.059
0.23329 -140.058
0.239377 -143.691
0.245482 -134.511
0.251667 -125.978
0.257832 -138.899
0.263955 -119.657
0.270079 -120.92
0.27624 -110.991
0.282372 -119.042
0.28843 -117.623
0.294538 -106.844
0.300721 -119.143
0.30691 -112.466
0.313033 -109.911
0.319153 -107.266
0.325316 -107.305
0.33145 -106.589
0.337538 -103.733
0.343633 -100.53
0.349808 -101.011
0.355968 -100.494
0.362074 -97.5899
0.368217 -91.96
0.374374 -92.9274
0.380519 -89.8145
0.386598 -89.5171
0.392688 -89.9741
0.39888 -83.27
0.405048 -86.5883
0.411186 -86.833
0.417313 -79.8703
0.423458 -83.4644
0.429607 -83.4247
0.435692 -76.1808
0.441815 -78.1004
0.447964 -75.4824
0.454126 -76.2335
0.460267 -75.1597
0.466387 -71.2558
0.47254 -71.2115
0.478662 -70.5711
0.484765 -69.3706
0.490885 -66.331
0.497035 -65.2037
0.503198 -64.2596
0.509342 -66.6527
0.515458 -64.1448
0.521598 -62.9716
0.527764 -62.6944
0.533884 -63.122
0.54 -61.3754
0.546137 -60.7815
0.552299 -59.1271
0.558452 -57.2847
0.564573 -57.456
0.570708 -56.9611
0.576825 -56.0775
0.582926 -55.0955
0.589034 -54.8073
0.595184 -54.3225
0.601379 -52.4831
0.607522 -52.0512
0.613639 -51.35
0.619772 -51.2123
0.625918 -49.5319
0.632068 -50.099
0.638161 -48.4708
0.6443 -47.9499
0.650464 -48.1352
0.656582 -48.0762
0.662703 -45.9746
0.668861 -46.4909
0.675024 -46.0297
0.681124 -45.2064
0.687237 -45.0802
0.693381 -44.3585
0.699536 -42.7894
0.705665 -41.8587
0.711789 -43.4876
0.717957 -42.9544
0.72409 -41.8412
0.730186 -42.2232
0.736317 -40.3651
0.742472 -40.1623
0.748622 -40.6396
0.75476 -39.8238
0.760888 -39.2323
0.767043 -37.9042
0.773185 -37.4354
0.779291 -35.9467
0.785407 -37.1317
0.791564 -36.3266
0.797719 -36.413
0.803834 -36.3634
0.809972 -35.4732
0.816124 -35.3645
0.822261 -35.8945
0.828378 -34.0918
0.834502 -34.2793
0.840667 -33.3641
0.846816 -33.6423
0.852925 -32.9026
0.859047 -32.8568
0.865192 -32.2521
0.871341 -32.4347
0.877463 -32.3112
0.883569 -31.3433
0.889708 -31.3963
0.895864 -31.1388
0.902008 -30.6709
0.908149 -30.0415
0.914301 -30.0376
0.920448 -29.8216
0.926574 -29.737
0.932687 -28.9317
0.938823 -29.4321
0.944975 -29.3549
0.951105 -29.1871
0.957225 -28.1441
0.963368 -27.4465
0.969511 -27.2479
0.975621 -28.1419
0.981748 -27.4824
0.987916 -26.4071
0.99406 -26.4336
1.00019 -26.5995
1.00632 -26.2904
1.01246 -26.2167
1.01859 -25.9557
1.02471 -25.3777
1.03085 -25.4591
1.03698 -25.0541
1.04314 -24.8211
1.04929 -24.742
1.05541 -24.0467
1.06154 -23.8785
1.06769 -23.7813
1.07382 -23.897
1.07993 -23.3486
1.08607 -22.9504
1.09222 -22.5683
1.09836 -22.7315
1.10449 -22.5106
1.11063 -22.0347
1.11677 -22.2191
1.1229 -22.1225
1.12903 -22.1558
1.13518 -21.8387
1.14131 -21.5734
1.14745 -21.2475
1.15359 -20.9288
1.15973 -21.0572
1.16584 -20.684
1.17197 -20.4661
1.17811 -20.2905
1.18424 -20.371
1.19038 -20.1156
1.19652 -19.6897
1.20267 -19.706
1.20881 -19.4574
1.21495 -19.5548
1.22108 -19.3262
1.2272 -19.0102
1.23334 -18.8018
1.23949 -18.713
1.24562 -18.5649
1.25174 -18.3284
1.25789 -18.2897
1.26402 -17.9841
1.27014 -17.818
1.27628 -17.9142
1.28244 -17.8906
1.28858 -17.5747
1.29471 -17.3917
1.30084 -17.004
1.30697 -17.0031
1.31312 -16.7372
1.31925 -17.0093
1.32537 -16.7144
1.33151 -16.4396
1.33765 -16.4344
1.34378 -16.4028
1.34992 -16.114
1.35606 -15.911
1.3622 -15.5934
1.36833 -15.7191
1.37445 -15.4771
1.38059 -15.3979
1.38675 -15.3361
1.39288 -15.053
1.39901 -15.0403
1.40515 -14.9022
1.4113 -14.6487
1.41742 -14.4799
1.42355 -14.4923
1.4297 -14.2856
1.43585 -14.3287
1.44198 -14.2083
1.44809 -14.0698
1.45423 -13.8511
1.46036 -13.646
1.46649 -13.6952
1.47263 -13.5534
1.47877 -13.1901
1.48491 -13.247
1.49104 -13.2295
1.49718 -13.0096
1.50333 -13.2408
1.50947 -12.8799
1.5156 -12.7387
1.52172 -12.6138
1.52787 -12.6269
1.534 -12.4903
1.54013 -12.1882
1.54627 -12.3772
1.55241 -12.0323
1.55855 -12.0145
1.56467 -11.8851
1.5708 -11.9252
