0.00783031 6940.91
0.013688 6801.04
0.019231 6441.47
0.0249154 5774.11
0.0312784 5459.75
0.0375637 5484.88
0.0433917 5101.53
0.0492413 4368.63
0.0555754 4366.97
0.0619321 3957.34
0.067871 3546.37
0.0738098 3486.47
0.0800417 3207.36
0.0862327 3123.21
0.0921407 2906.46
0.0982031 2635.69
0.104506 2427.9
0.110769 2465.69
0.116806 2359.5
0.122832 2282.37
0.129052 2116.17
0.135211 2062.55
0.141259 1934.33
0.147318 1828.91
0.153489 1811.24
0.159709 1687.77
0.165845 1565.83
0.171974 1558.94
0.178125 1444.64
0.184229 1426.06
0.19034 1352.53
0.196428 1288.85
0.202534 1248.16
0.208729 1234.63
0.214876 1104.6
0.220989 1096.07
0.227147 1043.55
0.23329 1026.44
0.239377 1010.48
0.245482 991.663
0.251667 920.598
0.257832 892.367
0.263955 872.581
0.270079 826.469
0.27624 805.419
0.282372 794.097
0.28843 791.488
0.294538 751.913
0.300721 701.429
0.30691 681.451
0.313033 676.668
0.319153 650.957
0.325316 614.449
0.33145 585.726
0.337538 569.752
0.343633 566.938
0.349808 536.997
0.355968 510.471
0.362074 502.974
0.368217 490.639
0.374374 481.953
0.380519 447.078
0.386598 429.618
0.392688 431.492
0.39888 425.801
0.405048 405.739
0.411186 376.715
0.417313 392.06
0.423458 355.438
0.429607 351.142
0.435692 339.778
0.441815 327.643
0.447964 324.688
0.454126 309.602
0.460267 297.104
0.466387 293.36
0.47254 275.511
0.478662 267.811
0.484765 256.613
0.490885 252.177
0.497035 244.709
0.503198 240.452
0.509342 222.795
0.515458 216.157
0.521598 206.697
0.527764 200.974
0.533884 191.435
0.54 183.599
0.546137 176.656
0.552299 170.285
0.558452 169.341
0.564573 163.763
0.570708 151.985
0.576825 146.535
0.582926 139.466
0.589034 131.582
0.595184 130.343
0.601379 124.255
0.607522 115.056
0.613639 116.503
0.619772 103.473
0.625918 103.494
0.632068 94.8515
0.638161 95.2251
0.6443 94.266
0.650464 81.331
0.656582 78.7636
0.662703 76.2736
0.668861 66.7358
0.675024 62.9344
0.681124 63.0447
0.687237 58.468
0.693381 51.1823
0.699536 49.0163
0.705665 50.6254
0.711789 39.308
0.717957 37.7526
0.72409 35.2853
0.730186 27.4568
0.736317 28.7108
0.742472 24.601
0.748622 18.9939
0.75476 19.969
0.760888 14.561
0.767043 15.5695
0.773185 11.9657
0.779291 13.103
0.785407 6.12867
0.791564 5.72237
0.797719 0.554737
0.803834 -5.57203
0.809972 -4.39588
0.816124 -6.33436
0.822261 -10.966
0.828378 -10.8007
0.834502 -12.5406
0.840667 -15.0794
0.846816 -18.7128
0.852925 -21.2284
0.859047 -22.1761
0.865192 -23.9245
0.871341 -27.1938
0.877463 -31.2514
0.883569 -29.2351
0.889708 -32.7237
0.895864 -34.8259
0.902008 -35.707
0.908149 -37.4634
0.914301 -39.6227
0.920448 -41.2482
0.926574 -43.0029
0.932687 -43.6747
0.938823 -47.4407
0.944975 -49.4327
0.951105 -52.1291
0.957225 -49.4328
0.963368 -48.6907
0.969511 -51.3426
0.975621 -56.0622
0.981748 -56.585
0.987916 -53.7645
0.99406 -57.2858
1.00019 -58.6457
1.00632 -59.7555
1.01246 -62.0355
1.01859 -63.8796
1.02471 -62.8384
1.03085 -64.6475
1.03698 -65.095
1.04314 -65.1372
1.04929 -68.478
1.05541 -68.0636
1.06154 -67.0657
1.06769 -69.8986
1.07382 -70.842
1.07993 -69.2964
1.08607 -71.2821
1.09222 -72.0701
1.09836 -72.1827
1.10449 -72.864
1.11063 -73.5768
1.11677 -74.5845
1.1229 -76.8697
1.12903 -78.064
1.13518 -78.3212
1.14131 -78.4432
1.14745 -79.2587
1.15359 -78.0912
1.15973 -80.2507
1.16584 -80.014
1.17197 -80.2651
1.17811 -81.9313
1.18424 -81.9294
1.19038 -82.5686
1.19652 -81.4782
1.20267 -83.1629
1.20881 -83.5404
1.21495 -84.6985
1.22108 -84.5411
1.2272 -84.5791
1.23334 -84.3499
1.23949 -84.9303
1.24562 -86.1652
1.25174 -85.3194
1.25789 -86.1246
1.26402 -86.5173
1.27014 -86.8691
1.27628 -87.4551
1.28244 -88.4016
1.28858 -88.162
1.29471 -89.3149
1.30084 -87.473
1.30697 -87.7385
1.31312 -88.3933
1.31925 -89.8172
1.32537 -89.0277
1.33151 -87.97
1.33765 -89.8879
1.34378 -90.1415
1.34992 -88.4556
1.35606 -89.117
1.3622 -88.6666
1.36833 -89.3875
1.37445 -90.0056
1.38059 -89.0158
1.38675 -90.4624
1.39288 -89.7784
1.39901 -90.3884
1.40515 -90.1889
1.4113 -89.8399
1.41742 -90.2264
1.42355 -90.4053
1.4297 -90.1994
1.43585 -90.1379
1.44198 -90.0022
1.44809 -90.2118
1.45423 -90.4398
1.46036 -88.7032
1.46649 -89.7623
1.47263 -90.2633
1.47877 -88.305
1.48491 -89.3911
1.49104 -90.0041
1.49718 -89.082
1.50333 -90.6671
1.50947 -88.4153
1.5156 -89.0635
1.52172 -88.4048
1.52787 -89.2911
1.534 -88.2067
1.54013 -87.3807
1.54627 -88.3413
1.55241 -87.5138
1.55855 -88.5819
1.56467 -87.6194
1.5708 -88.3748
