0.00783031 -148.946
0.013688 -179.239
0.019231 -176.182
0.0249154 -175.499
0.0312784 -159.869
0.0375637 -154.503
0.0433917 -135.45
0.0492413 -129.209
0.0555754 -129.615
0.0619321 -128.231
0.067871 -126.057
0.0738098 -124.788
0.0800417 -125.024
0.0862327 -123.615
0.0921407 -120.175
0.0982031 -113.601
0.104506 -105.604
0.110769 -114.322
0.116806 -113.238
0.122832 -113.115
0.129052 -116.257
0.135211 -117.187
0.141259 -114.127
0.147318 -113.339
0.153489 -112.063
0.159709 -115.965
0.165845 -115.052
0.171974 -113.825
0.178125 -116.505
0.184229 -117.057
0.19034 -116.992
0.196428 -117.326
0.202534 -117.469
0.208729 -120.781
0.214876 -113.773
0.220989 -116.306
0.227147 -117.244
0.23329 -116.833
0.239377 -116.477
0.245482 -118.52
0.251667 -115.776
0.257832 -118.83
0.263955 -121.303
0.270079 -119.308
0.27624 -118.911
0.282372 -119.271
0.28843 -120.296
0.294538 -121.52
0.300721 -121.848
0.30691 -122.437
0.313033 -122.366
0.319153 -123.563
0.325316 -123.498
0.33145 -124.868
0.337538 -121.354
0.343633 -122.057
0.349808 -124.74
0.355968 -124.112
0.362074 -123.079
0.368217 -122.599
0.374374 -125.353
0.380519 -125.479
0.386598 -126.595
0.392688 -125.321
0.39888 -125.456
0.405048 -126.657
0.411186 -126.451
0.417313 -124.422
0.423458 -125.475
0.429607 -125.338
0.435692 -127.393
0.441815 -126.607
0.447964 -126.396
0.454126 -124.849
0.460267 -126.679
0.466387 -128.589
0.47254 -126.12
0.478662 -127.396
0.484765 -129.916
0.490885 -128.333
0.497035 -127.356
0.503198 -128.644
0.509342 -126.422
0.515458 -128.978
0.521598 -127.655
0.527764 -128.438
0.533884 -127.005
0.54 -128.151
0.546137 -129.062
0.552299 -128.34
0.558452 -128.544
0.564573 -130.606
0.570708 -128.477
0.576825 -128.866
0.582926 -129.312
0.589034 -127.59
0.595184 -128.839
0.601379 -130.223
0.607522 -128.285
0.613639 -127.561
0.619772 -129.766
0.625918 -129.42
0.632068 -129.269
0.638161 -129.974
0.6443 -129.538
0.650464 -128.431
0.656582 -129.19
0.662703 -129.123
0.668861 -129.213
0.675024 -130.292
0.681124 -130.233
0.687237 -129.513
0.693381 -129.825
0.699536 -129.256
0.705665 -129.713
0.711789 -129.916
0.717957 -130.136
0.72409 -130.317
0.730186 -131.091
0.736317 -129.397
0.742472 -130.91
0.748622 -130.105
0.75476 -130.825
0.760888 -128.774
0.767043 -130.415
0.773185 -130.133
0.779291 -130.713
0.785407 -130.176
0.791564 -130.62
0.797719 -129.985
0.803834 -130.385
0.809972 -129.494
0.816124 -130.597
0.822261 -129.383
0.828378 -130.652
0.834502 -130.882
0.840667 -129.765
0.846816 -129.411
0.852925 -129.983
0.859047 -129.357
0.865192 -128.722
0.871341 -129.634
0.877463 -130.327
0.883569 -129.655
0.889708 -129.425
0.895864 -129.644
0.902008 -130.802
0.908149 -129.971
0.914301 -129.357
0.920448 -129.229
0.926574 -129.707
0.932687 -128.778
0.938823 -129.176
0.944975 -129.239
0.951105 -130.536
0.957225 -129.706
0.963368 -128.672
0.969511 -130.564
0.975621 -129.624
0.981748 -129.095
0.987916 -129.542
0.99406 -128.912
1.00019 -129.242
1.00632 -128.996
1.01246 -129.923
1.01859 -129.427
1.02471 -127.782
1.03085 -128.413
1.03698 -128.257
1.04314 -129.474
1.04929 -129.048
1.05541 -129.174
1.06154 -129.242
1.06769 -128.29
1.07382 -128.535
1.07993 -127.991
1.08607 -127.233
1.09222 -128.51
1.09836 -128.318
1.10449 -127.558
1.11063 -127.26
1.11677 -127.704
1.1229 -128.433
1.12903 -127.574
1.13518 -127.228
1.14131 -126.878
1.14745 -126.932
1.15359 -127.942
1.15973 -127.063
1.16584 -127.084
1.17197 -126.628
1.17811 -125.885
1.18424 -126.604
1.19038 -126.623
1.19652 -125.874
1.20267 -126.366
1.20881 -125.964
1.21495 -126.547
1.22108 -126.006
1.2272 -126.051
1.23334 -125.802
1.23949 -125.432
1.24562 -125.58
1.25174 -124.672
1.25789 -125.396
1.26402 -125.096
1.27014 -124.803
1.27628 -125.14
1.28244 -124.874
1.28858 -125.444
1.29471 -124.577
1.30084 -124.358
1.30697 -124.333
1.31312 -124.189
1.31925 -124.824
1.32537 -123.572
1.33151 -123.823
1.33765 -123.945
1.34378 -123.995
1.34992 -123.4
1.35606 -123.744
1.3622 -122.961
1.36833 -122.147
1.37445 -122.821
1.38059 -122.357
1.38675 -122.493
1.39288 -121.84
1.39901 -122.608
1.40515 -122.747
1.4113 -121.66
1.41742 -121.826
1.42355 -121.479
1.4297 -121.862
1.43585 -122.185
1.44198 -121.209
1.44809 -120.744
1.45423 -121.113
1.46036 -120.192
1.46649 -120.123
1.47263 -119.677
1.47877 -119.886
1.48491 -120.377
1.49104 -120.052
1.49718 -119.977
1.50333 -119.943
1.50947 -119.817
1.5156 -119.083
1.52172 -119.072
1.52787 -119.031
1.534 -118.725
1.54013 -118.49
1.54627 -118.296
1.55241 -119.164
1.55855 -118.049
1.56467 -117.419
1.5708 -118.085
