0.00783031 1.07039
0.013688 1.28905
0.019231 1.27649
0.0249154 1.42289
0.0312784 1.38015
0.0375637 1.60643
0.0433917 1.46544
0.0492413 1.56629
0.0555754 1.70152
0.0619321 1.80681
0.067871 1.91463
0.0738098 2.02098
0.0800417 2.16483
0.0862327 2.37651
0.0921407 2.5182
0.0982031 2.57111
0.104506 2.64387
0.110769 2.97068
0.116806 3.15275
0.122832 3.37706
0.129052 3.69298
0.135211 3.88655
0.141259 4.02309
0.147318 4.38212
0.153489 4.52432
0.159709 4.95555
0.165845 5.25068
0.171974 5.47154
0.178125 5.8913
0.184229 6.19524
0.19034 6.58415
0.196428 6.95371
0.202534 7.2688
0.208729 7.84828
0.214876 7.94355
0.220989 8.47147
0.227147 8.90846
0.23329 9.25575
0.239377 9.63253
0.245482 10.1527
0.251667 10.546
0.257832 11.2716
0.263955 11.9067
0.270079 12.2478
0.27624 12.8092
0.282372 13.0645
0.28843 13.6637
0.294538 14.466
0.300721 14.8331
0.30691 15.4886
0.313033 15.9875
0.319153 16.8596
0.325316 17.0793
0.33145 17.8953
0.337538 18.1102
0.343633 18.8526
0.349808 19.8619
0.355968 20.456
0.362074 20.9101
0.368217 21.3565
0.374374 22.2853
0.380519 22.9529
0.386598 23.9128
0.392688 24.2345
0.39888 24.9234
0.405048 25.7027
0.411186 26.3988
0.417313 27.035
0.423458 27.835
0.429607 28.4079
0.435692 29.4205
0.441815 30.0488
0.447964 30.9184
0.454126 31.539
0.460267 32.2324
0.466387 33.2614
0.47254 33.7266
0.478662 34.87
0.484765 35.6762
0.490885 36.4919
0.497035 37.0259
0.503198 37.8027
0.509342 38.5255
0.515458 39.9683
0.521598 40.1752
0.527764 41.4291
0.533884 41.7114
0.54 42.9833
0.546137 43.8087
0.552299 44.5256
0.558452 45.274
0.564573 46.3686
0.570708 46.9031
0.576825 47.6832
0.582926 48.975
0.589034 49.3005
0.595184 50.4179
0.601379 51.6417
0.607522 52.2567
0.613639 52.8536
0.619772 54.3042
0.625918 54.8211
0.632068 55.5439
0.638161 56.2565
0.6443 57.5109
0.650464 57.9971
0.656582 58.927
0.662703 59.8686
0.668861 60.882
0.675024 61.593
0.681124 62.3237
0.687237 63.3771
0.693381 64.1297
0.699536 65.1943
0.705665 65.6628
0.711789 66.6814
0.717957 67.9727
0.72409 68.6132
0.730186 69.774
0.736317 70.4845
0.742472 71.1129
0.748622 72.0579
0.75476 72.867
0.760888 73.4525
0.767043 74.5081
0.773185 75.6451
0.779291 76.1531
0.785407 77.3445
0.791564 78.0861
0.797719 78.8572
0.803834 79.7287
0.809972 80.2399
0.816124 80.9624
0.822261 81.876
0.828378 83.168
0.834502 83.7435
0.840667 83.9193
0.846816 85.3333
0.852925 86.0137
0.859047 87.0356
0.865192 87.6734
0.871341 88.4686
0.877463 89.1886
0.883569 90.1196
0.889708 90.6101
0.895864 91.6431
0.902008 92.5123
0.908149 92.8121
0.914301 93.5416
0.920448 94.4475
0.926574 95.0374
0.932687 95.7309
0.938823 96.5543
0.944975 96.9155
0.951105 97.9337
0.957225 98.7556
0.963368 99.1869
0.969511 100.173
0.975621 100.408
0.981748 101.195
0.987916 101.693
0.99406 102.564
1.00019 103.203
1.00632 103.506
1.01246 105.445
1.01859 105.026
1.02471 105.464
1.03085 106.006
1.03698 106.8
1.04314 107.381
1.04929 108.115
1.05541 108.965
1.06154 109.122
1.06769 109.576
1.07382 110.732
1.07993 110.719
1.08607 111.178
1.09222 112.292
1.09836 112.859
1.10449 113.215
1.11063 113.716
1.11677 113.802
1.1229 115.082
1.12903 115.261
1.13518 115.43
1.14131 115.865
1.14745 116.494
1.15359 116.659
1.15973 117.562
1.16584 118.187
1.17197 118.293
1.17811 118.467
1.18424 119.176
1.19038 119.378
1.19652 119.956
1.20267 120.637
1.20881 121.155
1.21495 121.379
1.22108 121.855
1.2272 121.969
1.23334 122.507
1.23949 122.641
1.24562 123.306
1.25174 123.442
1.25789 124.238
1.26402 124.38
1.27014 124.85
1.27628 124.989
1.28244 125.224
1.28858 125.891
1.29471 126.352
1.30084 126.532
1.30697 126.448
1.31312 126.91
1.31925 127.357
1.32537 127.427
1.33151 128.187
1.33765 127.927
1.34378 128.059
1.34992 128.418
1.35606 129.272
1.3622 129.03
1.36833 129.427
1.37445 129.846
1.38059 130.231
1.38675 129.719
1.39288 130.346
1.39901 130.969
1.40515 131.292
1.4113 130.918
1.41742 131.328
1.42355 131.23
1.4297 131.84
1.43585 132.185
1.44198 132.098
1.44809 132.427
1.45423 132.538
1.46036 132.756
1.46649 132.968
1.47263 133.158
1.47877 133.264
1.48491 133.667
1.49104 133.694
1.49718 134.142
1.50333 134.278
1.50947 134.556
1.5156 134.615
1.52172 134.773
1.52787 134.609
1.534 134.964
1.54013 135.057
1.54627 135.242
1.55241 135.866
1.55855 135.394
1.56467 135.39
1.5708 136.069
