0.00783031 0.00181315
0.013688 0.00435373
0.019231 0.0106637
0.0249154 0.0203122
0.0312784 0.0361277
0.0375637 0.0620169
0.0433917 0.0887487
0.0492413 0.122128
0.0555754 0.175638
0.0619321 0.233124
0.067871 0.325962
0.0738098 0.409901
0.0800417 0.509054
0.0862327 0.616665
0.0921407 0.70741
0.0982031 0.835907
0.104506 0.941246
0.110769 1.12744
0.116806 1.34287
0.122832 1.50733
0.129052 1.6915
0.135211 1.91787
0.141259 2.2068
0.147318 2.33372
0.153489 2.55412
0.159709 2.72992
0.165845 3.05467
0.171974 3.35377
0.178125 3.54006
0.184229 3.89156
0.19034 4.23869
0.196428 4.5021
0.202534 5.00464
0.208729 5.28009
0.214876 5.54639
0.220989 5.88933
0.227147 6.12628
0.23329 6.68209
0.239377 7.02624
0.245482 7.43657
0.251667 7.83613
0.257832 8.38352
0.263955 8.48362
0.270079 9.11635
0.27624 9.56581
0.282372 9.83973
0.28843 10.4183
0.294538 10.9698
0.300721 11.3012
0.30691 11.6445
0.313033 12.3968
0.319153 12.8191
0.325316 13.194
0.33145 13.8328
0.337538 14.3219
0.343633 14.8456
0.349808 15.2552
0.355968 15.9852
0.362074 16.385
0.368217 17.0445
0.374374 17.5145
0.380519 18.0219
0.386598 18.8443
0.392688 19.231
0.39888 19.8384
0.405048 20.3635
0.411186 21.1026
0.417313 21.6795
0.423458 22.3191
0.429607 22.9496
0.435692 23.5737
0.441815 24.3537
0.447964 24.7612
0.454126 25.4383
0.460267 26.1568
0.466387 26.816
0.47254 27.5766
0.478662 28.2446
0.484765 28.9503
0.490885 29.548
0.497035 30.1722
0.503198 30.8904
0.509342 31.63
0.515458 32.1812
0.521598 32.8866
0.527764 33.4485
0.533884 34.4431
0.54 35.1449
0.546137 36.0357
0.552299 36.6196
0.558452 37.2576
0.564573 38.2803
0.570708 38.8654
0.576825 39.5501
0.582926 40.1242
0.589034 41.0375
0.595184 41.6956
0.601379 42.49
0.607522 43.4725
0.613639 44.266
0.619772 45.1551
0.625918 45.7655
0.632068 46.6906
0.638161 47.4128
0.6443 48.1544
0.650464 48.595
0.656582 49.5857
0.662703 50.4546
0.668861 50.9678
0.675024 52.0999
0.681124 52.8237
0.687237 53.599
0.693381 54.703
0.699536 55.2744
0.705665 56.3722
0.711789 57.0104
0.717957 57.5856
0.72409 58.6052
0.730186 59.8529
0.736317 60.4366
0.742472 61.4973
0.748622 62.3676
0.75476 62.9748
0.760888 64.1258
0.767043 64.6473
0.773185 65.4618
0.779291 66.5222
0.785407 67.3209
0.791564 68.5616
0.797719 69.2576
0.803834 70.1014
0.809972 70.9281
0.816124 72.1248
0.822261 73.1373
0.828378 73.973
0.834502 74.6189
0.840667 75.7544
0.846816 76.4407
0.852925 77.3937
0.859047 78.0958
0.865192 78.82
0.871341 80.3203
0.877463 81.4676
0.883569 82.0132
0.889708 82.9199
0.895864 84.4083
0.902008 85.1547
0.908149 86.0405
0.914301 86.9243
0.920448 87.6626
0.926574 88.4861
0.932687 89.9493
0.938823 90.7802
0.944975 91.9193
0.951105 92.4951
0.957225 93.7669
0.963368 94.3397
0.969511 95.6994
0.975621 96.9202
0.981748 97.9128
0.987916 98.8152
0.99406 99.6981
1.00019 100.901
1.00632 101.881
1.01246 102.546
1.01859 103.901
1.02471 104.986
1.03085 105.698
1.03698 106.871
1.04314 108.016
1.04929 109.028
1.05541 110.084
1.06154 111.022
1.06769 111.997
1.07382 112.945
1.07993 114.064
1.08607 114.914
1.09222 116.469
1.09836 116.503
1.10449 118.259
1.11063 119.404
1.11677 120.184
1.1229 121.289
1.12903 122.224
1.13518 123.929
1.14131 124.991
1.14745 125.796
1.15359 126.689
1.15973 128.383
1.16584 128.781
1.17197 130.03
1.17811 131.363
1.18424 132.28
1.19038 133.218
1.19652 134.768
1.20267 135.809
1.20881 136.754
1.21495 137.288
1.22108 138.427
1.2272 139.907
1.23334 140.98
1.23949 141.425
1.24562 143.455
1.25174 143.982
1.25789 144.753
1.26402 146.396
1.27014 147.623
1.27628 148.019
1.28244 149.686
1.28858 150.193
1.29471 151.877
1.30084 153.11
1.30697 154.087
1.31312 154.977
1.31925 155.868
1.32537 157.075
1.33151 159.132
1.33765 159.491
1.34378 160.609
1.34992 161.647
1.35606 163.626
1.3622 164.446
1.36833 165.585
1.37445 166.787
1.38059 168.06
1.38675 168.958
1.39288 169.825
1.39901 171.185
1.40515 172.002
1.4113 173.412
1.41742 174.366
1.42355 175.854
1.4297 177.083
1.43585 178.031
1.44198 178.867
1.44809 179.806
1.45423 181.463
1.46036 182.626
1.46649 184.378
1.47263 184.716
1.47877 186.329
1.48491 186.827
1.49104 188.875
1.49718 189.152
1.50333 190.25
1.50947 191.711
1.5156 193.348
1.52172 194.287
1.52787 194.906
1.534 197.023
1.54013 197.236
1.54627 198.633
1.55241 199.892
1.55855 200.932
1.56467 202.072
1.5708 203.668
