0.00783031 -6438.24
0.013688 -2414.17
0.019231 -349.569
0.0249154 -543.927
0.0312784 -228.391
0.0375637 -359.181
0.0433917 646.641
0.0492413 408.107
0.0555754 752.794
0.0619321 829.5
0.067871 300.476
0.0738098 790.955
0.0800417 810.812
0.0862327 622.398
0.0921407 680.963
0.0982031 854.8
0.104506 757.283
0.110769 985.72
0.116806 902.334
0.122832 870.16
0.129052 931.419
0.135211 940.267
0.141259 1005.73
0.147318 1082.69
0.153489 1208.83
0.159709 1151.9
0.165845 929.489
0.171974 1092.82
0.178125 1076.13
0.184229 1151.09
0.19034 1206.57
0.196428 1137.91
0.202534 1102.05
0.208729 1167.51
0.214876 1170.45
0.220989 1156.57
0.227147 1180.65
0.23329 1153.07
0.239377 1180.06
0.245482 1199.73
0.251667 1182.55
0.257832 1186.61
0.263955 1197.16
0.270079 1179.03
0.27624 1151.2
0.282372 1205.05
0.28843 1172.31
0.294538 1174.19
0.300721 1151
0.30691 1191.81
0.313033 1171.12
0.319153 1155.58
0.325316 1169.68
0.33145 1181.5
0.337538 1148.55
0.343633 1178.3
0.349808 1153.79
0.355968 1149.98
0.362074 1154.94
0.368217 1137.6
0.374374 1123.54
0.380519 1134.76
0.386598 1138.63
0.392688 1129.56
0.39888 1135.67
0.405048 1134.06
0.411186 1106.5
0.417313 1118.22
0.423458 1122.06
0.429607 1108.42
0.435692 1121.03
0.441815 1100.07
0.447964 1102.95
0.454126 1103.53
0.460267 1088.81
0.466387 1080.54
0.47254 1077.52
0.478662 1072.48
0.484765 1078.71
0.490885 1066.69
0.497035 1061.59
0.503198 1056.21
0.509342 1065.19
0.515458 1041.47
0.521598 1053.21
0.527764 1037.22
0.533884 1037.98
0.54 1037.15
0.546137 1031.08
0.552299 1033.21
0.558452 1021.12
0.564573 1016.03
0.570708 1015.3
0.576825 1008.49
0.582926 1009.46
0.589034 1001.3
0.595184 1004.07
0.601379 993.086
0.607522 989.829
0.613639 985.11
0.619772 983.128
0.625918 981.16
0.632068 972.274
0.638161 963.619
0.6443 964.442
0.650464 963.101
0.656582 955.841
0.662703 950.636
0.668861 953.493
0.675024 952.569
0.681124 940.058
0.687237 938.135
0.693381 931.63
0.699536 924.571
0.705665 928.842
0.711789 913.874
0.717957 915.647
0.72409 913.922
0.730186 902.834
0.736317 896.671
0.742472 890.329
0.748622 894.879
0.75476 887.599
0.760888 878.517
0.767043 879.893
0.773185 867.126
0.779291 865.061
0.785407 861.547
0.791564 858.242
0.797719 853.768
0.803834 853.273
0.809972 844.081
0.816124 837.156
0.822261 841.682
0.828378 834.899
0.834502 828.35
0.840667 828.097
0.846816 821.9
0.852925 818.836
0.859047 819.23
0.865192 808.486
0.871341 806.882
0.877463 799.086
0.883569 799.886
0.889708 791.5
0.895864 791.962
0.902008 784.361
0.908149 779.439
0.914301 777.04
0.920448 774.266
0.926574 771.034
0.932687 766.022
0.938823 759.495
0.944975 757.044
0.951105 752.605
0.957225 747.31
0.963368 745.101
0.969511 739.732
0.975621 736.784
0.981748 730.589
0.987916 720.61
0.99406 723.931
1.00019 719.112
1.00632 716.096
1.01246 710.71
1.01859 709.996
1.02471 700.591
1.03085 701.576
1.03698 694.475
1.04314 692.06
1.04929 683.952
1.05541 681.453
1.06154 678.598
1.06769 673.518
1.07382 670.334
1.07993 666.345
1.08607 667.092
1.09222 661.99
1.09836 657.148
1.10449 651.848
1.11063 647.766
1.11677 647.711
1.1229 642.352
1.12903 639.064
1.13518 633.43
1.14131 629.047
1.14745 626.312
1.15359 623.234
1.15973 617
1.16584 614.46
1.17197 612.531
1.17811 604.773
1.18424 605.761
1.19038 603.003
1.19652 598.915
1.20267 594.303
1.20881 590.374
1.21495 586.497
1.22108 584.147
1.2272 582.527
1.23334 575.519
1.23949 572.341
1.24562 565.891
1.25174 566.967
1.25789 560.372
1.26402 558.87
1.27014 554.814
1.27628 551.565
1.28244 547.972
1.28858 544.632
1.29471 543.33
1.30084 538.772
1.30697 536.27
1.31312 532.778
1.31925 528.796
1.32537 525.182
1.33151 522.874
1.33765 518.034
1.34378 516.381
1.34992 511.628
1.35606 509.819
1.3622 506.336
1.36833 505.04
1.37445 499.3
1.38059 497.371
1.38675 494.299
1.39288 489.818
1.39901 487.114
1.40515 484.513
1.4113 482.698
1.41742 477.264
1.42355 476.337
1.4297 472.917
1.43585 469.334
1.44198 467.042
1.44809 464.217
1.45423 461.052
1.46036 457.403
1.46649 454.821
1.47263 453.407
1.47877 450.507
1.48491 446.786
1.49104 444.995
1.49718 442.478
1.50333 438.559
1.50947 436.565
1.5156 432.507
1.52172 431.527
1.52787 429.323
1.534 426.181
1.54013 423.332
1.54627 419.738
1.55241 417.738
1.55855 416.459
1.56467 412.751
1.5708 410.876
