0.00783031 1833.69
0.013688 1199.03
0.019231 -1107.22
0.0249154 -582.25
0.0312784 212.773
0.0375637 -13.7275
0.0433917 103.986
0.0492413 101.24
0.0555754 109.608
0.0619321 6.99378
0.067871 -169.007
0.0738098 110.395
0.0800417 36.7118
0.0862327 -89.1338
0.0921407 -100.256
0.0982031 -51.1075
0.104506 -56.1159
0.110769 -108.051
0.116806 -113.104
0.122832 -71.3767
0.129052 -153.639
0.135211 -147.741
0.141259 -99.0287
0.147318 -129.367
0.153489 -130.215
0.159709 -194.133
0.165845 -162.886
0.171974 -159.123
0.178125 -158.949
0.184229 -151.393
0.19034 -118.734
0.196428 -160.398
0.202534 -136.544
0.208729 -163.435
0.214876 -158.65
0.220989 -162.791
0.227147 -149.684
0.23329 -130.656
0.239377 -153.19
0.245482 -147.304
0.251667 -175.614
0.257832 -155.142
0.263955 -157.699
0.270079 -172.688
0.27624 -158.002
0.282372 -160.621
0.28843 -152.89
0.294538 -157.605
0.300721 -149.032
0.30691 -147.429
0.313033 -149.411
0.319153 -150.178
0.325316 -148.704
0.33145 -137.1
0.337538 -141.925
0.343633 -147.373
0.349808 -139.873
0.355968 -138.425
0.362074 -141.475
0.368217 -148.179
0.374374 -144.696
0.380519 -141.06
0.386598 -136.687
0.392688 -144.598
0.39888 -144.033
0.405048 -145.746
0.411186 -137.027
0.417313 -134.385
0.423458 -132.885
0.429607 -135.618
0.435692 -136.801
0.441815 -133.174
0.447964 -131.937
0.454126 -131.934
0.460267 -129.119
0.466387 -133.951
0.47254 -127.337
0.478662 -129.854
0.484765 -129.954
0.490885 -129.829
0.497035 -127.016
0.503198 -128.274
0.509342 -128.714
0.515458 -120.573
0.521598 -119.739
0.527764 -119.519
0.533884 -113.147
0.54 -122.583
0.546137 -120.119
0.552299 -118.07
0.558452 -117.412
0.564573 -112.425
0.570708 -114.47
0.576825 -114.349
0.582926 -112.727
0.589034 -110.965
0.595184 -115.559
0.601379 -111.417
0.607522 -110.666
0.613639 -106.221
0.619772 -107.267
0.625918 -107.688
0.632068 -107.454
0.638161 -104.553
0.6443 -105.259
0.650464 -101.796
0.656582 -102.413
0.662703 -103.403
0.668861 -101.601
0.675024 -99.5294
0.681124 -100.593
0.687237 -99.1755
0.693381 -98.949
0.699536 -97.8445
0.705665 -90.9956
0.711789 -97.5688
0.717957 -91.9399
0.72409 -94.4968
0.730186 -90.5937
0.736317 -93.3626
0.742472 -90.7886
0.748622 -91.3882
0.75476 -87.6811
0.760888 -88.8704
0.767043 -89.8159
0.773185 -89.9964
0.779291 -87.1268
0.785407 -87.837
0.791564 -86.9589
0.797719 -86.6641
0.803834 -85.563
0.809972 -84.1438
0.816124 -83.7805
0.822261 -84.672
0.828378 -84.722
0.834502 -82.3392
0.840667 -82.528
0.846816 -80.6626
0.852925 -82.5465
0.859047 -82.4578
0.865192 -83.1869
0.871341 -79.4866
0.877463 -80.6604
0.883569 -78.6802
0.889708 -81.7599
0.895864 -80.4635
0.902008 -78.2183
0.908149 -77.9708
0.914301 -78.5114
0.920448 -78.6267
0.926574 -76.9636
0.932687 -78.3418
0.938823 -77.3357
0.944975 -78.4468
0.951105 -75.7307
0.957225 -76.8434
0.963368 -74.416
0.969511 -74.809
0.975621 -76.1471
0.981748 -74.7295
0.987916 -74.635
0.99406 -75.5155
1.00019 -75.249
1.00632 -73.076
1.01246 -74.7692
1.01859 -73.7651
1.02471 -71.4
1.03085 -72.5288
1.03698 -73.2945
1.04314 -73.2496
1.04929 -73.2894
1.05541 -71.242
1.06154 -72.1907
1.06769 -70.9334
1.07382 -71.2661
1.07993 -69.3888
1.08607 -70.792
1.09222 -69.1393
1.09836 -71.1244
1.10449 -67.9155
1.11063 -69.9413
1.11677 -68.0283
1.1229 -69.7016
1.12903 -68.6451
1.13518 -68.5364
1.14131 -68.8741
1.14745 -67.6659
1.15359 -69.0215
1.15973 -68.3917
1.16584 -67.7193
1.17197 -66.9427
1.17811 -68.5593
1.18424 -67.9001
1.19038 -65.873
1.19652 -67.0193
1.20267 -66.0603
1.20881 -66.1923
1.21495 -65.1507
1.22108 -65.7963
1.2272 -64.9642
1.23334 -65.1858
1.23949 -62.775
1.24562 -64.9324
1.25174 -64.6233
1.25789 -63.9156
1.26402 -63.8637
1.27014 -63.2132
1.27628 -62.8621
1.28244 -62.2001
1.28858 -63.5869
1.29471 -62.074
1.30084 -62.4738
1.30697 -62.0995
1.31312 -61.4434
1.31925 -60.1418
1.32537 -61.4107
1.33151 -61.5946
1.33765 -60.942
1.34378 -59.9009
1.34992 -59.737
1.35606 -60.0249
1.3622 -60.6038
1.36833 -59.5663
1.37445 -59.2692
1.38059 -59.1365
1.38675 -58.3374
1.39288 -58.5533
1.39901 -57.6816
1.40515 -57.1128
1.4113 -56.9202
1.41742 -58.0878
1.42355 -56.7024
1.4297 -55.839
1.43585 -55.9643
1.44198 -56.2155
1.44809 -56.0406
1.45423 -55.5996
1.46036 -55.4488
1.46649 -54.5214
1.47263 -54.1829
1.47877 -54.3187
1.48491 -53.7114
1.49104 -54.1993
1.49718 -54.5122
1.50333 -53.732
1.50947 -52.6255
1.5156 -52.237
1.52172 -52.8719
1.52787 -52.4325
1.534 -52.2858
1.54013 -51.0498
1.54627 -51.6277
1.55241 -51.2237
1.55855 -50.5067
1.56467 -50.5857
1.5708 -50.3202
