0.00783031 12.8147
0.013688 11.1857
0.019231 -12.4723
0.0249154 -6.20902
0.0312784 0.934638
0.0375637 0.419644
0.0433917 3.10995
0.0492413 4.77745
0.0555754 5.36906
0.0619321 3.49736
0.067871 1.40831
0.0738098 5.68273
0.0800417 5.32801
0.0862327 8.10511
0.0921407 7.73296
0.0982031 8.06408
0.104506 9.37648
0.110769 11.7227
0.116806 11.2187
0.122832 13.111
0.129052 13.3366
0.135211 16.0169
0.141259 15.6979
0.147318 17.1603
0.153489 16.781
0.159709 19.6707
0.165845 20.5235
0.171974 20.8089
0.178125 22.8332
0.184229 23.4103
0.19034 22.5961
0.196428 24.4393
0.202534 23.8814
0.208729 27.5008
0.214876 28.0553
0.220989 27.9697
0.227147 27.8583
0.23329 28.576
0.239377 30.0693
0.245482 30.0331
0.251667 32.3968
0.257832 31.558
0.263955 32.2947
0.270079 32.8469
0.27624 32.8399
0.282372 32.9207
0.28843 33.1122
0.294538 34.1856
0.300721 33.7282
0.30691 34.6703
0.313033 35.0771
0.319153 35.5735
0.325316 34.5993
0.33145 35.0184
0.337538 34.9832
0.343633 35.5954
0.349808 35.7378
0.355968 35.5739
0.362074 35.3187
0.368217 35.9356
0.374374 35.5366
0.380519 36.3628
0.386598 35.3442
0.392688 36.3212
0.39888 36.5428
0.405048 35.2364
0.411186 35.2251
0.417313 35.6444
0.423458 34.6484
0.429607 35.376
0.435692 34.9695
0.441815 34.5467
0.447964 34.3189
0.454126 33.4517
0.460267 34.0242
0.466387 33.6134
0.47254 32.6729
0.478662 33.205
0.484765 32.9582
0.490885 31.961
0.497035 31.9387
0.503198 32.1801
0.509342 31.3434
0.515458 30.4101
0.521598 31.0705
0.527764 30.0625
0.533884 28.5236
0.54 29.0425
0.546137 28.3027
0.552299 28.4014
0.558452 27.9397
0.564573 27.8076
0.570708 27.2196
0.576825 26.9984
0.582926 26.5007
0.589034 26.3744
0.595184 25.9417
0.601379 25.4494
0.607522 25.4127
0.613639 24.1079
0.619772 24.2638
0.625918 23.9228
0.632068 23.5457
0.638161 23.2483
0.6443 23.2816
0.650464 22.6885
0.656582 21.4598
0.662703 21.699
0.668861 21.894
0.675024 21.4668
0.681124 21.008
0.687237 20.7578
0.693381 20.5059
0.699536 20.2061
0.705665 19.5111
0.711789 20.0885
0.717957 18.9236
0.72409 19.2244
0.730186 18.8715
0.736317 18.6987
0.742472 18.117
0.748622 18.1543
0.75476 17.828
0.760888 17.6518
0.767043 17.4235
0.773185 17.7261
0.779291 16.7222
0.785407 17.0363
0.791564 16.8716
0.797719 16.862
0.803834 16.354
0.809972 16.1372
0.816124 16.3664
0.822261 15.7566
0.828378 16.2893
0.834502 15.2662
0.840667 15.6772
0.846816 15.4021
0.852925 15.5846
0.859047 15.3804
0.865192 15.2782
0.871341 14.8568
0.877463 14.9003
0.883569 14.9097
0.889708 14.6645
0.895864 14.9142
0.902008 14.4283
0.908149 14.5563
0.914301 14.4876
0.920448 14.3747
0.926574 14.1249
0.932687 14.0191
0.938823 13.9601
0.944975 14.2255
0.951105 13.8007
0.957225 14.0411
0.963368 13.3826
0.969511 13.2383
0.975621 13.2879
0.981748 13.4832
0.987916 13.4768
0.99406 13.7939
1.00019 13.5583
1.00632 13.2288
1.01246 13.3673
1.01859 13.3607
1.02471 12.674
1.03085 13.1234
1.03698 12.6663
1.04314 13.1311
1.04929 13.0556
1.05541 12.6054
1.06154 12.8319
1.06769 12.7401
1.07382 12.8374
1.07993 12.6121
1.08607 12.4527
1.09222 12.4178
1.09836 12.6196
1.10449 12.1375
1.11063 12.2416
1.11677 12.1828
1.1229 12.1739
1.12903 12.1145
1.13518 12.3745
1.14131 12.2193
1.14745 12.3367
1.15359 12.2202
1.15973 12.1607
1.16584 12.1688
1.17197 11.8559
1.17811 12.0966
1.18424 11.8095
1.19038 11.8319
1.19652 11.8728
1.20267 11.8334
1.20881 12.0576
1.21495 11.7245
1.22108 11.7295
1.2272 11.6284
1.23334 11.7616
1.23949 11.2816
1.24562 11.6158
1.25174 11.86
1.25789 11.7569
1.26402 11.2893
1.27014 11.4959
1.27628 11.3803
1.28244 11.2
1.28858 11.5152
1.29471 11.1742
1.30084 11.3317
1.30697 11.1101
1.31312 11.0121
1.31925 10.9468
1.32537 11.04
1.33151 11.0764
1.33765 10.9169
1.34378 10.7259
1.34992 10.9097
1.35606 10.7086
1.3622 10.6733
1.36833 10.7721
1.37445 10.7127
1.38059 10.6679
1.38675 10.5464
1.39288 10.6718
1.39901 10.3293
1.40515 10.2915
1.4113 10.2415
1.41742 10.3372
1.42355 10.1807
1.4297 10.0761
1.43585 10.1423
1.44198 9.95203
1.44809 9.966
1.45423 9.90707
1.46036 9.89116
1.46649 9.87415
1.47263 9.92379
1.47877 9.82654
1.48491 9.67861
1.49104 9.98216
1.49718 9.78132
1.50333 9.62217
1.50947 9.56718
1.5156 9.46491
1.52172 9.40302
1.52787 9.48853
1.534 9.31228
1.54013 9.33184
1.54627 9.31797
1.55241 9.27577
1.55855 9.02077
1.56467 9.00219
1.5708 9.07893
