0.00783031 3117.3
0.013688 2451.62
0.019231 -1002.71
0.0249154 -562.82
0.0312784 852.647
0.0375637 51.6999
0.0433917 879.844
0.0492413 919.977
0.0555754 1068.63
0.0619321 576.795
0.067871 515.157
0.0738098 1292.73
0.0800417 1191.94
0.0862327 1018.07
0.0921407 712.244
0.0982031 1153.65
0.104506 947.8
0.110769 1042.01
0.116806 1193.6
0.122832 1307.2
0.129052 1066.44
0.135211 1147.07
0.141259 1156.81
0.147318 1208.23
0.153489 1221.06
0.159709 1164.57
0.165845 1154.22
0.171974 1231.57
0.178125 1169.49
0.184229 1174.67
0.19034 1286.68
0.196428 1217.07
0.202534 1261.44
0.208729 1213.13
0.214876 1233.08
0.220989 1248.86
0.227147 1224.18
0.23329 1279.16
0.239377 1234.77
0.245482 1312.31
0.251667 1210.88
0.257832 1238.16
0.263955 1262.65
0.270079 1198.99
0.27624 1221
0.282372 1241.97
0.28843 1236.9
0.294538 1229.98
0.300721 1242.59
0.30691 1209.78
0.313033 1210.26
0.319153 1213.1
0.325316 1201.83
0.33145 1190.1
0.337538 1232.44
0.343633 1212.75
0.349808 1204.33
0.355968 1211.22
0.362074 1200.78
0.368217 1169.9
0.374374 1163.78
0.380519 1186.49
0.386598 1169.33
0.392688 1184.77
0.39888 1164.54
0.405048 1173.57
0.411186 1171.28
0.417313 1154.03
0.423458 1156.51
0.429607 1172.76
0.435692 1161.82
0.441815 1132.64
0.447964 1135
0.454126 1126.89
0.460267 1145.38
0.466387 1127.81
0.47254 1130.16
0.478662 1114.81
0.484765 1118.5
0.490885 1108.31
0.497035 1107.33
0.503198 1104.39
0.509342 1107.09
0.515458 1109.6
0.521598 1108.51
0.527764 1089.83
0.533884 1094.99
0.54 1094.91
0.546137 1085.08
0.552299 1067.66
0.558452 1070.94
0.564573 1060.85
0.570708 1058.85
0.576825 1059.66
0.582926 1056.74
0.589034 1037.98
0.595184 1041.71
0.601379 1044.02
0.607522 1032.91
0.613639 1040.34
0.619772 1031.04
0.625918 1021.73
0.632068 1021.02
0.638161 1004.88
0.6443 1007.16
0.650464 1002.39
0.656582 999.88
0.662703 987.878
0.668861 994.434
0.675024 980.881
0.681124 977.159
0.687237 970.304
0.693381 965.808
0.699536 968.696
0.705665 957.399
0.711789 960.182
0.717957 952.723
0.72409 953.929
0.730186 943.226
0.736317 931.279
0.742472 935.188
0.748622 930.829
0.75476 922.867
0.760888 915.413
0.767043 913.306
0.773185 899.703
0.779291 903.713
0.785407 897.157
0.791564 891.404
0.797719 881.105
0.803834 873.866
0.809972 878.18
0.816124 870.689
0.822261 861.656
0.828378 861.663
0.834502 852.101
0.840667 851.297
0.846816 838.993
0.852925 837.125
0.859047 832.655
0.865192 834.695
0.871341 823.651
0.877463 817.542
0.883569 814.922
0.889708 801.917
0.895864 803.011
0.902008 797.926
0.908149 795.074
0.914301 779.823
0.920448 777.844
0.926574 780.117
0.932687 776.174
0.938823 770.502
0.944975 762.975
0.951105 758.769
0.957225 751.669
0.963368 743.315
0.969511 738.39
0.975621 733.927
0.981748 728.828
0.987916 728.933
0.99406 722.605
1.00019 716.829
1.00632 712.048
1.01246 704.817
1.01859 700.474
1.02471 697.163
1.03085 691.248
1.03698 690.016
1.04314 685.74
1.04929 678.461
1.05541 676.69
1.06154 669.343
1.06769 665.268
1.07382 657.281
1.07993 657.029
1.08607 650.516
1.09222 646.634
1.09836 643.032
1.10449 634.852
1.11063 630.046
1.11677 625.498
1.1229 620.9
1.12903 618.819
1.13518 614.163
1.14131 613.21
1.14745 604.798
1.15359 599.554
1.15973 593.86
1.16584 586.618
1.17197 586.593
1.17811 584.113
1.18424 581.447
1.19038 577.662
1.19652 572.905
1.20267 568.591
1.20881 562.739
1.21495 559.77
1.22108 557.535
1.2272 554.463
1.23334 546.835
1.23949 543.986
1.24562 539.579
1.25174 535.912
1.25789 530.89
1.26402 529.021
1.27014 526.509
1.27628 523.317
1.28244 515.088
1.28858 513.211
1.29471 508.927
1.30084 506.14
1.30697 503.155
1.31312 498.146
1.31925 494.814
1.32537 491.966
1.33151 488.737
1.33765 484.897
1.34378 480.519
1.34992 476.662
1.35606 473.093
1.3622 470.271
1.36833 466.085
1.37445 464.888
1.38059 460.49
1.38675 454.391
1.39288 451.776
1.39901 451.591
1.40515 445.783
1.4113 445.551
1.41742 438.337
1.42355 436.469
1.4297 433.413
1.43585 428.73
1.44198 424.982
1.44809 422.463
1.45423 420.556
1.46036 417.657
1.46649 413.385
1.47263 410.546
1.47877 409.444
1.48491 406.412
1.49104 402.594
1.49718 400.157
1.50333 397.992
1.50947 394.125
1.5156 391.583
1.52172 387.97
1.52787 384.49
1.534 384.281
1.54013 377.851
1.54627 376.751
1.55241 372.691
1.55855 371.343
1.56467 368.032
1.5708 364.23
