0.00783031 10950.9
0.013688 11370.5
0.019231 8970.14
0.0249154 7702.08
0.0312784 9680.27
0.0375637 9002.33
0.0433917 8748.26
0.0492413 7952.02
0.0555754 8703.25
0.0619321 8422.98
0.067871 7804.81
0.0738098 8502.35
0.0800417 8159.11
0.0862327 7305.23
0.0921407 7324.13
0.0982031 7321.18
0.104506 7137.38
0.110769 7088.73
0.116806 6779.3
0.122832 6795.6
0.129052 6485.86
0.135211 6420.25
0.141259 6355.89
0.147318 6413
0.153489 6149.66
0.159709 5962.71
0.165845 6033.82
0.171974 5763.68
0.178125 5791.83
0.184229 5652.06
0.19034 5617.59
0.196428 5594.81
0.202534 5438.35
0.208729 5449.46
0.214876 5363
0.220989 5293
0.227147 5131.14
0.23329 5173.9
0.239377 5034.63
0.245482 5048.18
0.251667 4938.88
0.257832 4993.78
0.263955 4847.14
0.270079 4738.87
0.27624 4719.73
0.282372 4716.34
0.28843 4730.35
0.294538 4632.92
0.300721 4625.56
0.30691 4533.3
0.313033 4481.05
0.319153 4488.4
0.325316 4447.45
0.33145 4417.2
0.337538 4425.46
0.343633 4365.52
0.349808 4371.26
0.355968 4340.91
0.362074 4320.28
0.368217 4244.76
0.374374 4203.17
0.380519 4220.77
0.386598 4168.5
0.392688 4207.25
0.39888 4148.74
0.405048 4171.06
0.411186 4132.58
0.417313 4105.59
0.423458 4095.39
0.429607 4109.92
0.435692 4053.32
0.441815 4043.51
0.447964 4055.26
0.454126 4001.35
0.460267 4027.86
0.466387 4006.95
0.47254 4004.56
0.478662 3953.17
0.484765 3985.92
0.490885 3933.84
0.497035 3951
0.503198 3935.19
0.509342 3931.03
0.515458 3963.49
0.521598 3944.12
0.527764 3913.98
0.533884 3938.65
0.54 3904.73
0.546137 3883.65
0.552299 3882.86
0.558452 3893.18
0.564573 3871.86
0.570708 3853.21
0.576825 3877.1
0.582926 3864.74
0.589034 3833.81
0.595184 3843.06
0.601379 3865.73
0.607522 3857.12
0.613639 3867.3
0.619772 3856.73
0.625918 3828.95
0.632068 3853.85
0.638161 3815.13
0.6443 3820.93
0.650464 3830.73
0.656582 3823.05
0.662703 3798.7
0.668861 3824
0.675024 3799.95
0.681124 3802.53
0.687237 3804.41
0.693381 3789.65
0.699536 3811.23
0.705665 3784.19
0.711789 3796.54
0.717957 3791.89
0.72409 3799.16
0.730186 3774.06
0.736317 3760.83
0.742472 3775.52
0.748622 3776.43
0.75476 3760.78
0.760888 3747.42
0.767043 3767.72
0.773185 3748.37
0.779291 3754.02
0.785407 3752.88
0.791564 3739.56
0.797719 3739.66
0.803834 3718
0.809972 3728.21
0.816124 3733.57
0.822261 3716.62
0.828378 3725.21
0.834502 3708.5
0.840667 3716.86
0.846816 3694.55
0.852925 3695.83
0.859047 3706.56
0.865192 3701.24
0.871341 3695.33
0.877463 3687.17
0.883569 3685.62
0.889708 3653.03
0.895864 3682.32
0.902008 3662.97
0.908149 3662.04
0.914301 3629.45
0.920448 3637.23
0.926574 3662.34
0.932687 3652.57
0.938823 3634.13
0.944975 3638.36
0.951105 3640.09
0.957225 3622.71
0.963368 3602.24
0.969511 3601.8
0.975621 3603.35
0.981748 3598.77
0.987916 3595.52
0.99406 3609.05
1.00019 3587.7
1.00632 3588.18
1.01246 3574.16
1.01859 3557.17
1.02471 3564.07
1.03085 3566.72
1.03698 3569.14
1.04314 3559.83
1.04929 3542.68
1.05541 3548.32
1.06154 3531.1
1.06769 3539.39
1.07382 3514.57
1.07993 3528.15
1.08607 3512.35
1.09222 3503.69
1.09836 3510.09
1.10449 3492.57
1.11063 3482.22
1.11677 3480.82
1.1229 3467.63
1.12903 3473.87
1.13518 3474.15
1.14131 3468.35
1.14745 3455.06
1.15359 3450.62
1.15973 3440.01
1.16584 3416.94
1.17197 3430.99
1.17811 3427.67
1.18424 3431.53
1.19038 3427.65
1.19652 3415.75
1.20267 3413.52
1.20881 3406.38
1.21495 3399.56
1.22108 3393.1
1.2272 3395.8
1.23334 3385.26
1.23949 3381.82
1.24562 3370.3
1.25174 3371.8
1.25789 3356.8
1.26402 3354.32
1.27014 3347.43
1.27628 3347.03
1.28244 3333.58
1.28858 3337.58
1.29471 3326.49
1.30084 3319.89
1.30697 3312.39
1.31312 3316.66
1.31925 3305.65
1.32537 3300.78
1.33151 3299.29
1.33765 3292.98
1.34378 3286.3
1.34992 3286.67
1.35606 3277.22
1.3622 3271.85
1.36833 3262.76
1.37445 3268.96
1.38059 3251.2
1.38675 3235.18
1.39288 3239.63
1.39901 3245.19
1.40515 3237.02
1.4113 3233.23
1.41742 3211.17
1.42355 3212.05
1.4297 3215.11
1.43585 3199.68
1.44198 3196.28
1.44809 3194.66
1.45423 3195.05
1.46036 3186.26
1.46649 3179.57
1.47263 3177.63
1.47877 3174.39
1.48491 3160.98
1.49104 3163.42
1.49718 3161.83
1.50333 3156.23
1.50947 3145.64
1.5156 3143.47
1.52172 3138.54
1.52787 3135.66
1.534 3139.89
1.54013 3121.61
1.54627 3120.78
1.55241 3111.07
1.55855 3112.45
1.56467 3099.87
1.5708 3096.81
