0.00783031 -126.638
0.013688 -161.874
0.019231 -165.269
0.0249154 -155.85
0.0312784 -141.155
0.0375637 -131.279
0.0433917 -118.008
0.0492413 -110.115
0.0555754 -105.072
0.0619321 -105.659
0.067871 -104.807
0.0738098 -104.462
0.0800417 -98.769
0.0862327 -99.2263
0.0921407 -95.0704
0.0982031 -88.5954
0.104506 -87.4159
0.110769 -84.7923
0.116806 -86.2388
0.122832 -89.8689
0.129052 -87.557
0.135211 -84.8956
0.141259 -86.4557
0.147318 -85.5966
0.153489 -83.8409
0.159709 -82.8035
0.165845 -83.7333
0.171974 -83.886
0.178125 -82.0388
0.184229 -81.5978
0.19034 -82.3999
0.196428 -82.1292
0.202534 -81.3358
0.208729 -81.3182
0.214876 -81.2221
0.220989 -79.1287
0.227147 -78.6224
0.23329 -78.6332
0.239377 -77.4834
0.245482 -76.1574
0.251667 -77.4404
0.257832 -76.43
0.263955 -77.9403
0.270079 -75.4702
0.27624 -75.179
0.282372 -73.2069
0.28843 -74.0545
0.294538 -74.5671
0.300721 -73.7695
0.30691 -72.6266
0.313033 -71.8292
0.319153 -69.7635
0.325316 -71.4836
0.33145 -69.3836
0.337538 -68.9035
0.343633 -69.3344
0.349808 -68.2593
0.355968 -68.3121
0.362074 -66.9352
0.368217 -65.6392
0.374374 -65.4176
0.380519 -64.671
0.386598 -66.1694
0.392688 -64.2709
0.39888 -63.2388
0.405048 -63.0259
0.411186 -62.5463
0.417313 -61.3108
0.423458 -61.127
0.429607 -60.2142
0.435692 -59.7482
0.441815 -59.4861
0.447964 -58.007
0.454126 -57.8693
0.460267 -57.2572
0.466387 -56.5523
0.47254 -56.0713
0.478662 -55.2606
0.484765 -53.907
0.490885 -53.7585
0.497035 -52.3639
0.503198 -52.0265
0.509342 -51.0826
0.515458 -52.7484
0.521598 -51.0415
0.527764 -50.6618
0.533884 -49.8511
0.54 -48.5543
0.546137 -48.3404
0.552299 -48.0254
0.558452 -47.3831
0.564573 -46.4641
0.570708 -45.4384
0.576825 -45.7242
0.582926 -44.9148
0.589034 -44.0523
0.595184 -44.0553
0.601379 -42.9589
0.607522 -42.6508
0.613639 -41.5961
0.619772 -41.3036
0.625918 -40.7817
0.632068 -39.7056
0.638161 -39.7502
0.6443 -38.8892
0.650464 -38.5169
0.656582 -37.6063
0.662703 -37.8592
0.668861 -36.9679
0.675024 -36.613
0.681124 -35.3768
0.687237 -35.478
0.693381 -34.8231
0.699536 -33.676
0.705665 -34.006
0.711789 -32.8922
0.717957 -32.3758
0.72409 -31.9102
0.730186 -31.7498
0.736317 -31.049
0.742472 -30.6033
0.748622 -30.0265
0.75476 -29.6676
0.760888 -29.3848
0.767043 -28.9504
0.773185 -28.4948
0.779291 -28.3599
0.785407 -27.6828
0.791564 -26.8936
0.797719 -26.1085
0.803834 -25.847
0.809972 -25.657
0.816124 -25.2797
0.822261 -25.2187
0.828378 -24.4909
0.834502 -23.9796
0.840667 -23.6398
0.846816 -23.5745
0.852925 -22.9866
0.859047 -22.7326
0.865192 -22.3563
0.871341 -21.897
0.877463 -21.5033
0.883569 -21.5118
0.889708 -20.9266
0.895864 -20.2754
0.902008 -20.5128
0.908149 -19.8547
0.914301 -19.3494
0.920448 -19.3745
0.926574 -19.0997
0.932687 -18.7532
0.938823 -18.2273
0.944975 -18.1114
0.951105 -17.8187
0.957225 -17.6642
0.963368 -17.1528
0.969511 -16.6988
0.975621 -16.7253
0.981748 -16.4092
0.987916 -16.1448
0.99406 -15.949
1.00019 -15.6797
1.00632 -15.6568
1.01246 -15.1782
1.01859 -14.6957
1.02471 -14.8425
1.03085 -14.0462
1.03698 -14.1532
1.04314 -13.9148
1.04929 -13.8886
1.05541 -13.8263
1.06154 -13.3213
1.06769 -13.3098
1.07382 -13.3561
1.07993 -12.9992
1.08607 -12.5853
1.09222 -12.4579
1.09836 -12.3821
1.10449 -12.2763
1.11063 -11.769
1.11677 -12.0344
1.1229 -11.5782
1.12903 -11.4066
1.13518 -11.4051
1.14131 -11.3626
1.14745 -10.9472
1.15359 -10.8738
1.15973 -11.0878
1.16584 -10.5128
1.17197 -10.5064
1.17811 -10.238
1.18424 -10.3133
1.19038 -10.2904
1.19652 -9.80306
1.20267 -9.70882
1.20881 -9.62126
1.21495 -9.76081
1.22108 -9.44734
1.2272 -9.4474
1.23334 -9.4692
1.23949 -9.22371
1.24562 -8.92947
1.25174 -9.04268
1.25789 -8.8801
1.26402 -8.86153
1.27014 -8.77285
1.27628 -8.6214
1.28244 -8.48563
1.28858 -8.45169
1.29471 -8.31792
1.30084 -8.03586
1.30697 -8.13781
1.31312 -8.01961
1.31925 -8.17352
1.32537 -7.94938
1.33151 -7.84872
1.33765 -7.74563
1.34378 -7.57422
1.34992 -7.80425
1.35606 -7.65016
1.3622 -7.49443
1.36833 -7.56668
1.37445 -7.28182
1.38059 -7.34552
1.38675 -7.10657
1.39288 -7.159
1.39901 -7.17807
1.40515 -6.96373
1.4113 -6.96969
1.41742 -6.86103
1.42355 -6.74985
1.4297 -6.74581
1.43585 -6.81177
1.44198 -6.72668
1.44809 -6.65244
1.45423 -6.73086
1.46036 -6.73345
1.46649 -6.39802
1.47263 -6.47486
1.47877 -6.48715
1.48491 -6.47449
1.49104 -6.26159
1.49718 -6.39697
1.50333 -6.22925
1.50947 -6.23772
1.5156 -6.06149
1.52172 -6.08219
1.52787 -6.11595
1.534 -6.00079
1.54013 -5.97333
1.54627 -5.98903
1.55241 -5.7162
1.55855 -5.74029
1.56467 -5.64868
1.5708 -5.5249
