0.00783031 20962.5
0.013688 25856.5
0.019231 26185
0.0249154 24395.2
0.0312784 20802.3
0.0375637 18122.8
0.0433917 15689.7
0.0492413 13995.1
0.0555754 12660.3
0.0619321 11637.6
0.067871 11099.5
0.0738098 10512
0.0800417 9077.19
0.0862327 8384.21
0.0921407 7466.37
0.0982031 6874.38
0.104506 6222.99
0.110769 5770.57
0.116806 5561.66
0.122832 5170.24
0.129052 5055.25
0.135211 4724.07
0.141259 4467.7
0.147318 4118.68
0.153489 3942.69
0.159709 3694.47
0.165845 3465.74
0.171974 3325.09
0.178125 3212.16
0.184229 3170.32
0.19034 2912.37
0.196428 2884.2
0.202534 2717.52
0.208729 2643.87
0.214876 2531.42
0.220989 2483.69
0.227147 2377.15
0.23329 2297.91
0.239377 2214.66
0.245482 2155.96
0.251667 2092
0.257832 2020.67
0.263955 1943.78
0.270079 1937.17
0.27624 1857.46
0.282372 1809.91
0.28843 1773.64
0.294538 1714.44
0.300721 1678.66
0.30691 1658.67
0.313033 1579.95
0.319153 1553.17
0.325316 1502.63
0.33145 1475.5
0.337538 1470.36
0.343633 1407.43
0.349808 1378.91
0.355968 1337.16
0.362074 1315.87
0.368217 1297.8
0.374374 1268.26
0.380519 1247.36
0.386598 1215.9
0.392688 1186.42
0.39888 1179.66
0.405048 1153.05
0.411186 1122.72
0.417313 1109.14
0.423458 1084.32
0.429607 1074.92
0.435692 1051.92
0.441815 1031.43
0.447964 1008.08
0.454126 993.735
0.460267 977.965
0.466387 962.925
0.47254 941.838
0.478662 924.391
0.484765 911.605
0.490885 899.861
0.497035 884.766
0.503198 868.347
0.509342 855.381
0.515458 839.697
0.521598 827.796
0.527764 818.912
0.533884 807.223
0.54 789.08
0.546137 780.702
0.552299 766.845
0.558452 758.238
0.564573 735.055
0.570708 736.979
0.576825 720.594
0.582926 705.877
0.589034 698.506
0.595184 691.836
0.601379 676.348
0.607522 667.425
0.613639 660.69
0.619772 648.914
0.625918 642.784
0.632068 628.196
0.638161 623.453
0.6443 611.873
0.650464 605.073
0.656582 595.614
0.662703 588.166
0.668861 580.856
0.675024 570.864
0.681124 566.436
0.687237 555.444
0.693381 546.824
0.699536 538.979
0.705665 529.351
0.711789 529.83
0.717957 517.729
0.72409 512.62
0.730186 505.072
0.736317 499.292
0.742472 497.313
0.748622 484.878
0.75476 476.824
0.760888 471.459
0.767043 467.736
0.773185 457.737
0.779291 455.162
0.785407 446.537
0.791564 440.923
0.797719 433.41
0.803834 429.296
0.809972 424.644
0.816124 415.896
0.822261 412.38
0.828378 405.929
0.834502 399.776
0.840667 396.255
0.846816 388.565
0.852925 384.424
0.859047 376.578
0.865192 373.531
0.871341 367.786
0.877463 366.745
0.883569 357.899
0.889708 353.527
0.895864 347.197
0.902008 345.087
0.908149 338.951
0.914301 334.143
0.920448 329.868
0.926574 325.381
0.932687 320.435
0.938823 316.593
0.944975 313.116
0.951105 308.814
0.957225 304.425
0.963368 300.574
0.969511 295.208
0.975621 291.668
0.981748 286.486
0.987916 283.632
0.99406 280.429
1.00019 275.582
1.00632 271.266
1.01246 268.177
1.01859 264.176
1.02471 262.982
1.03085 257.972
1.03698 253.998
1.04314 251.087
1.04929 247.956
1.05541 244.862
1.06154 241.522
1.06769 238.825
1.07382 236.075
1.07993 231.843
1.08607 229.729
1.09222 227.344
1.09836 224.048
1.10449 220.722
1.11063 219.481
1.11677 214.67
1.1229 213.379
1.12903 210.211
1.13518 208.056
1.14131 205.983
1.14745 201.656
1.15359 199.542
1.15973 197.855
1.16584 195.108
1.17197 192.305
1.17811 190.723
1.18424 187.78
1.19038 186.334
1.19652 182.629
1.20267 181.838
1.20881 178.703
1.21495 177.012
1.22108 175.043
1.2272 172.989
1.23334 170.413
1.23949 168.634
1.24562 166.627
1.25174 165.681
1.25789 163.054
1.26402 160.981
1.27014 159.451
1.27628 157.233
1.28244 155.96
1.28858 154.596
1.29471 151.918
1.30084 149.819
1.30697 148.796
1.31312 146.752
1.31925 145.585
1.32537 144.153
1.33151 142.659
1.33765 140.888
1.34378 139.434
1.34992 138.227
1.35606 136.851
1.3622 134.753
1.36833 133.436
1.37445 132.044
1.38059 130.432
1.38675 129.358
1.39288 127.774
1.39901 126.557
1.40515 125.126
1.4113 124.358
1.41742 122.295
1.42355 121.371
1.4297 120.181
1.43585 118.873
1.44198 117.692
1.44809 116.054
1.45423 115.268
1.46036 113.538
1.46649 113.064
1.47263 111.375
1.47877 110.952
1.48491 109.824
1.49104 107.981
1.49718 107.348
1.50333 105.951
1.50947 104.12
1.5156 103.792
1.52172 102.209
1.52787 102.367
1.534 100.475
1.54013 99.3566
1.54627 98.7574
1.55241 98.1711
1.55855 97.5176
1.56467 95.5734
1.5708 94.7977
