0.00783031 9161.66
0.013688 -760.307
0.019231 368.427
0.0249154 1636.18
0.0312784 1406.29
0.0375637 -150.03
0.0433917 90.514
0.0492413 877.666
0.0555754 382.314
0.0619321 740.239
0.067871 705.753
0.0738098 1035.53
0.0800417 1494.78
0.0862327 1299.55
0.0921407 1460.47
0.0982031 1388.47
0.104506 1524.3
0.110769 1645.18
0.116806 1641.11
0.122832 1726.78
0.129052 1975.45
0.135211 1857.86
0.141259 1877.45
0.147318 1911.62
0.153489 1933.62
0.159709 1945.94
0.165845 1879.64
0.171974 1852.87
0.178125 1971.12
0.184229 2026.76
0.19034 1985.53
0.196428 2003.4
0.202534 1936.94
0.208729 2071.05
0.214876 2024.2
0.220989 2075.72
0.227147 1999.43
0.23329 2039.88
0.239377 2055.85
0.245482 2041.62
0.251667 2104.33
0.257832 2043.69
0.263955 2018.6
0.270079 2047.48
0.27624 2098.78
0.282372 2067.53
0.28843 2120.69
0.294538 2020.73
0.300721 2052.7
0.30691 2044.09
0.313033 2033.48
0.319153 1966.71
0.325316 2051.45
0.33145 2022.91
0.337538 2034.77
0.343633 2015.37
0.349808 2022.56
0.355968 2015.5
0.362074 2036.37
0.368217 2030.94
0.374374 1998.85
0.380519 1988.89
0.386598 2010.14
0.392688 1999.06
0.39888 1992.53
0.405048 1970.44
0.411186 1984.27
0.417313 1957.16
0.423458 1945.27
0.429607 1958.6
0.435692 1941.4
0.441815 1938.71
0.447964 1961.07
0.454126 1953.54
0.460267 1921.83
0.466387 1915.03
0.47254 1922.94
0.478662 1917.71
0.484765 1919.44
0.490885 1907.87
0.497035 1895.61
0.503198 1912.3
0.509342 1897.15
0.515458 1887.86
0.521598 1867.19
0.527764 1865.74
0.533884 1875.5
0.54 1852.48
0.546137 1863.44
0.552299 1852.35
0.558452 1844.52
0.564573 1833.05
0.570708 1843.75
0.576825 1839.26
0.582926 1823.9
0.589034 1820.8
0.595184 1808.68
0.601379 1809.42
0.607522 1804.17
0.613639 1792.67
0.619772 1781.22
0.625918 1786.21
0.632068 1769.14
0.638161 1770.44
0.6443 1761.01
0.650464 1759.4
0.656582 1760.39
0.662703 1745
0.668861 1744.19
0.675024 1735.96
0.681124 1731.22
0.687237 1712.42
0.693381 1720.06
0.699536 1699.36
0.705665 1713.32
0.711789 1691.99
0.717957 1689.87
0.72409 1685.66
0.730186 1684.23
0.736317 1665.38
0.742472 1657.76
0.748622 1674.45
0.75476 1640.81
0.760888 1643.55
0.767043 1640.15
0.773185 1635.84
0.779291 1621.24
0.785407 1624.05
0.791564 1619.71
0.797719 1605.11
0.803834 1604.24
0.809972 1586.84
0.816124 1594.66
0.822261 1586.05
0.828378 1582.53
0.834502 1570.02
0.840667 1567.82
0.846816 1572.21
0.852925 1556
0.859047 1548.38
0.865192 1543.12
0.871341 1539.09
0.877463 1533.49
0.883569 1524.99
0.889708 1523.08
0.895864 1511.21
0.902008 1510.35
0.908149 1501.65
0.914301 1494.74
0.920448 1484.04
0.926574 1479.85
0.932687 1474.8
0.938823 1463.62
0.944975 1460.01
0.951105 1454.3
0.957225 1455.46
0.963368 1444.27
0.969511 1433.38
0.975621 1431.38
0.981748 1424.26
0.987916 1418.12
0.99406 1410.38
1.00019 1408.27
1.00632 1393.94
1.01246 1393.22
1.01859 1394.16
1.02471 1386.79
1.03085 1376.13
1.03698 1371.65
1.04314 1367.01
1.04929 1358.86
1.05541 1349.89
1.06154 1348.74
1.06769 1337.47
1.07382 1329.61
1.07993 1323.14
1.08607 1322.31
1.09222 1320.38
1.09836 1302.33
1.10449 1310.17
1.11063 1295.85
1.11677 1291.86
1.1229 1290.09
1.12903 1279.1
1.13518 1276.07
1.14131 1271.92
1.14745 1261.19
1.15359 1257.95
1.15973 1261.81
1.16584 1246.83
1.17197 1241.44
1.17811 1240.57
1.18424 1232.03
1.19038 1222.94
1.19652 1223.45
1.20267 1215.95
1.20881 1208.96
1.21495 1202.2
1.22108 1200.06
1.2272 1195.49
1.23334 1187.88
1.23949 1183.68
1.24562 1177.59
1.25174 1173.91
1.25789 1164.16
1.26402 1161.97
1.27014 1153.64
1.27628 1149.87
1.28244 1146.33
1.28858 1138.17
1.29471 1133.29
1.30084 1129.54
1.30697 1124.58
1.31312 1114.39
1.31925 1114.31
1.32537 1110.87
1.33151 1100.86
1.33765 1097.31
1.34378 1092.07
1.34992 1092.43
1.35606 1083.69
1.3622 1078.12
1.36833 1073.92
1.37445 1071.23
1.38059 1062.94
1.38675 1060.2
1.39288 1055.64
1.39901 1049.54
1.40515 1045.63
1.4113 1035.11
1.41742 1037.24
1.42355 1028.97
1.4297 1028.45
1.43585 1018.52
1.44198 1014.35
1.44809 1011.36
1.45423 1003.6
1.46036 1004.53
1.46649 996.224
1.47263 993.527
1.47877 986.771
1.48491 984.056
1.49104 976.104
1.49718 975.745
1.50333 971.705
1.50947 963.79
1.5156 959.85
1.52172 958.166
1.52787 950.171
1.534 950.23
1.54013 942.723
1.54627 940.85
1.55241 933.509
1.55855 928.314
1.56467 928.665
1.5708 922.522
