0.00783031 -184.839
0.013688 -222.101
0.019231 -227.872
0.0249154 -215.567
0.0312784 -199.642
0.0375637 -176.05
0.0433917 -160.281
0.0492413 -146.881
0.0555754 -146.302
0.0619321 -143.819
0.067871 -144.081
0.0738098 -136.813
0.0800417 -133.081
0.0862327 -128.032
0.0921407 -117.747
0.0982031 -112.537
0.104506 -106.835
0.110769 -111.168
0.116806 -110.324
0.122832 -110.647
0.129052 -111.759
0.135211 -109.643
0.141259 -111.602
0.147318 -109.53
0.153489 -109.641
0.159709 -103.005
0.165845 -102.619
0.171974 -104.476
0.178125 -101.928
0.184229 -101.765
0.19034 -101.927
0.196428 -101.718
0.202534 -100.371
0.208729 -99.3885
0.214876 -98.686
0.220989 -99.9355
0.227147 -99.2346
0.23329 -98.7175
0.239377 -100.558
0.245482 -96.7985
0.251667 -99.9288
0.257832 -96.4849
0.263955 -96.8972
0.270079 -97.6028
0.27624 -96.7462
0.282372 -95.8472
0.28843 -96.3584
0.294538 -96.134
0.300721 -95.6276
0.30691 -94.5927
0.313033 -94.5793
0.319153 -95.2172
0.325316 -94.881
0.33145 -94.9336
0.337538 -95.2226
0.343633 -94.1736
0.349808 -92.7777
0.355968 -95.0391
0.362074 -92.1791
0.368217 -92.4331
0.374374 -93.2445
0.380519 -92.1847
0.386598 -93.0758
0.392688 -93.029
0.39888 -89.877
0.405048 -91.2332
0.411186 -90.4487
0.417313 -90.0077
0.423458 -89.373
0.429607 -89.2326
0.435692 -89.7017
0.441815 -89.3247
0.447964 -87.6414
0.454126 -86.4095
0.460267 -87.2243
0.466387 -86.2328
0.47254 -87.1038
0.478662 -85.8996
0.484765 -84.9948
0.490885 -85.3596
0.497035 -84.0328
0.503198 -86.3627
0.509342 -85.02
0.515458 -84.6374
0.521598 -83.5674
0.527764 -83.5201
0.533884 -83.6088
0.54 -82.747
0.546137 -83.2077
0.552299 -82.4945
0.558452 -82.1771
0.564573 -82.4724
0.570708 -81.255
0.576825 -80.8269
0.582926 -80.5111
0.589034 -79.6543
0.595184 -80.0471
0.601379 -79.6571
0.607522 -80.0903
0.613639 -78.9848
0.619772 -79.0129
0.625918 -78.2481
0.632068 -78.603
0.638161 -76.982
0.6443 -77.1551
0.650464 -77.236
0.656582 -76.4856
0.662703 -76.5284
0.668861 -75.3533
0.675024 -75.203
0.681124 -76.4381
0.687237 -74.7398
0.693381 -74.5849
0.699536 -74.3028
0.705665 -74.2177
0.711789 -73.8651
0.717957 -74.2089
0.72409 -73.0915
0.730186 -72.2208
0.736317 -71.5956
0.742472 -71.4951
0.748622 -71.9196
0.75476 -71.1142
0.760888 -71.2845
0.767043 -70.1849
0.773185 -70.9968
0.779291 -69.9238
0.785407 -69.4362
0.791564 -69.5946
0.797719 -68.9948
0.803834 -68.7634
0.809972 -67.673
0.816124 -67.6919
0.822261 -67.0967
0.828378 -66.6993
0.834502 -66.8832
0.840667 -66.1578
0.846816 -65.5647
0.852925 -65.6488
0.859047 -65.2423
0.865192 -65.2198
0.871341 -64.9647
0.877463 -63.5418
0.883569 -63.6342
0.889708 -62.8289
0.895864 -63.7516
0.902008 -63.083
0.908149 -62.0042
0.914301 -61.8841
0.920448 -61.4395
0.926574 -60.6695
0.932687 -60.9878
0.938823 -61.5284
0.944975 -60.6465
0.951105 -60.3676
0.957225 -60.6561
0.963368 -59.7717
0.969511 -59.2988
0.975621 -58.5526
0.981748 -58.6133
0.987916 -57.5985
0.99406 -58.1052
1.00019 -56.8428
1.00632 -57.3408
1.01246 -56.8887
1.01859 -57.2991
1.02471 -56.4401
1.03085 -55.6022
1.03698 -55.1732
1.04314 -54.8553
1.04929 -55.0115
1.05541 -54.8013
1.06154 -54.7802
1.06769 -54.1166
1.07382 -53.727
1.07993 -53.1561
1.08607 -53.5179
1.09222 -52.9131
1.09836 -52.1503
1.10449 -51.8434
1.11063 -51.7074
1.11677 -51.5873
1.1229 -51.2735
1.12903 -51.0435
1.13518 -50.6217
1.14131 -49.5514
1.14745 -49.8946
1.15359 -49.4244
1.15973 -49.542
1.16584 -49.0015
1.17197 -48.7613
1.17811 -48.4226
1.18424 -48.1946
1.19038 -47.5267
1.19652 -47.586
1.20267 -47.1933
1.20881 -46.7226
1.21495 -46.9861
1.22108 -46.8393
1.2272 -45.7275
1.23334 -46.091
1.23949 -45.8288
1.24562 -45.5092
1.25174 -45.4208
1.25789 -44.6596
1.26402 -44.308
1.27014 -44.037
1.27628 -43.7894
1.28244 -43.2744
1.28858 -43.2399
1.29471 -42.9309
1.30084 -43.0111
1.30697 -42.4147
1.31312 -42.1708
1.31925 -42.107
1.32537 -41.8866
1.33151 -41.2674
1.33765 -41.5463
1.34378 -40.9572
1.34992 -40.879
1.35606 -40.5121
1.3622 -40.2683
1.36833 -39.7736
1.37445 -40.1258
1.38059 -39.2202
1.38675 -39.414
1.39288 -39.2591
1.39901 -38.8049
1.40515 -38.7923
1.4113 -37.7982
1.41742 -37.9284
1.42355 -37.8175
1.4297 -37.4877
1.43585 -37.3157
1.44198 -37.324
1.44809 -36.982
1.45423 -36.6232
1.46036 -36.8334
1.46649 -36.3044
1.47263 -35.869
1.47877 -35.861
1.48491 -35.8507
1.49104 -35.1501
1.49718 -34.9762
1.50333 -34.9918
1.50947 -34.8217
1.5156 -34.2287
1.52172 -34.1242
1.52787 -33.9011
1.534 -33.7186
1.54013 -33.4694
1.54627 -33.4447
1.55241 -33.0157
1.55855 -33.1325
1.56467 -32.7707
1.5708 -32.5445
