0.00783031 21095.6
0.013688 25841.6
0.019231 25900.5
0.0249154 24333.5
0.0312784 21301.9
0.0375637 17458.2
0.0433917 15855.3
0.0492413 14392.7
0.0555754 13174.2
0.0619321 12326.4
0.067871 11652.5
0.0738098 10786.8
0.0800417 9910.26
0.0862327 8948.46
0.0921407 7987.83
0.0982031 7248.97
0.104506 6601.52
0.110769 6564.96
0.116806 6133.16
0.122832 5937.32
0.129052 5719.42
0.135211 5404.8
0.141259 5305.81
0.147318 5050.18
0.153489 4886.21
0.159709 4459.77
0.165845 4316.99
0.171974 4176.9
0.178125 4006.9
0.184229 3919.33
0.19034 3812.34
0.196428 3696.44
0.202534 3524.13
0.208729 3482.51
0.214876 3375.73
0.220989 3353.35
0.227147 3205.78
0.23329 3151.12
0.239377 3114.63
0.245482 3007.26
0.251667 3023.21
0.257832 2872.9
0.263955 2826.68
0.270079 2806.36
0.27624 2761.75
0.282372 2677.11
0.28843 2682.03
0.294538 2588.16
0.300721 2547.97
0.30691 2512.62
0.313033 2466.74
0.319153 2404.85
0.325316 2405.39
0.33145 2368.6
0.337538 2352.76
0.343633 2314.46
0.349808 2273.84
0.355968 2265.71
0.362074 2226.96
0.368217 2196.4
0.374374 2171.43
0.380519 2129.29
0.386598 2132.07
0.392688 2106.83
0.39888 2059.87
0.405048 2038.67
0.411186 2031.26
0.417313 1994.4
0.423458 1965.42
0.429607 1958.6
0.435692 1932.02
0.441815 1921.61
0.447964 1904.59
0.454126 1873.16
0.460267 1856.92
0.466387 1829.3
0.47254 1830.09
0.478662 1807.92
0.484765 1793.64
0.490885 1779.67
0.497035 1747.74
0.503198 1758.72
0.509342 1740.38
0.515458 1722.75
0.521598 1697.71
0.527764 1681.79
0.533884 1680.15
0.54 1650.51
0.546137 1661.05
0.552299 1632.72
0.558452 1620.45
0.564573 1607.5
0.570708 1595.39
0.576825 1589.03
0.582926 1569.73
0.589034 1560.73
0.595184 1547.71
0.601379 1539.67
0.607522 1529.51
0.613639 1511.55
0.619772 1501.22
0.625918 1496.01
0.632068 1478.5
0.638161 1468.8
0.6443 1460.76
0.650464 1452.33
0.656582 1442.43
0.662703 1426.18
0.668861 1418.41
0.675024 1407.54
0.681124 1404.48
0.687237 1382.42
0.693381 1385.36
0.699536 1367.16
0.705665 1366.87
0.711789 1350.22
0.717957 1345.52
0.72409 1335.28
0.730186 1324.77
0.736317 1310.12
0.742472 1299.95
0.748622 1307.61
0.75476 1280.51
0.760888 1280.61
0.767043 1271.08
0.773185 1266.49
0.779291 1250.63
0.785407 1248.07
0.791564 1243.1
0.797719 1227.97
0.803834 1225.11
0.809972 1208.41
0.816124 1208.73
0.822261 1199.95
0.828378 1192.55
0.834502 1184.05
0.840667 1173.86
0.846816 1173.02
0.852925 1161.73
0.859047 1152.83
0.865192 1149.1
0.871341 1142.35
0.877463 1131.98
0.883569 1123.09
0.889708 1118.59
0.895864 1111.43
0.902008 1107.46
0.908149 1095.88
0.914301 1087.04
0.920448 1078.86
0.926574 1072.54
0.932687 1070.89
0.938823 1062.99
0.944975 1055.73
0.951105 1049.8
0.957225 1047.73
0.963368 1037.58
0.969511 1027.24
0.975621 1023.91
0.981748 1017.18
0.987916 1008.51
0.99406 1003.26
1.00019 996.951
1.00632 988.713
1.01246 984.517
1.01859 983.628
1.02471 975.804
1.03085 967.99
1.03698 961.426
1.04314 954.959
1.04929 952.14
1.05541 944.616
1.06154 940.943
1.06769 932.017
1.07382 924.435
1.07993 918.663
1.08607 918.969
1.09222 912.915
1.09836 900.752
1.10449 900.868
1.11063 892.844
1.11677 888.412
1.1229 884.408
1.12903 877.233
1.13518 873.59
1.14131 865.919
1.14745 860.984
1.15359 856.938
1.15973 856.354
1.16584 845.702
1.17197 841.595
1.17811 838.574
1.18424 833.183
1.19038 826.367
1.19652 824.719
1.20267 819.011
1.20881 812.454
1.21495 807.459
1.22108 804.74
1.2272 798.16
1.23334 794.879
1.23949 789.374
1.24562 785.303
1.25174 781.274
1.25789 774.126
1.26402 769.302
1.27014 763.861
1.27628 760.601
1.28244 757.005
1.28858 751.877
1.29471 747.271
1.30084 744.038
1.30697 739.449
1.31312 732.338
1.31925 731.404
1.32537 727.261
1.33151 720.534
1.33765 717.616
1.34378 711.344
1.34992 711.304
1.35606 705.618
1.3622 700.646
1.36833 696.581
1.37445 694.789
1.38059 688.061
1.38675 685.859
1.39288 682.36
1.39901 677.064
1.40515 674.526
1.4113 666.903
1.41742 666.277
1.42355 660.672
1.4297 658.96
1.43585 652.566
1.44198 649.875
1.44809 647.192
1.45423 641.603
1.46036 641.322
1.46649 633.584
1.47263 631.761
1.47877 626.879
1.48491 624.39
1.49104 618.645
1.49718 617.69
1.50333 614.357
1.50947 609.269
1.5156 605.474
1.52172 603.75
1.52787 598.381
1.534 597.122
1.54013 592.833
1.54627 589.691
1.55241 585.482
1.55855 582.668
1.56467 580.687
1.5708 575.94
