0.00783031 0.898097
0.013688 1.24417
0.019231 0.959306
0.0249154 0.969675
0.0312784 0.815756
0.0375637 0.678852
0.0433917 0.661233
0.0492413 0.570847
0.0555754 0.511492
0.0619321 0.569979
0.067871 0.589365
0.0738098 0.690136
0.0800417 0.73643
0.0862327 0.830086
0.0921407 0.96413
0.0982031 1.15117
0.104506 1.27415
0.110769 1.49822
0.116806 1.70267
0.122832 2.03517
0.129052 2.28937
0.135211 2.52236
0.141259 2.91823
0.147318 3.12547
0.153489 3.44851
0.159709 3.8583
0.165845 4.29031
0.171974 4.76612
0.178125 5.15474
0.184229 5.48717
0.19034 6.14054
0.196428 6.52691
0.202534 6.95867
0.208729 7.40412
0.214876 8.09766
0.220989 8.41775
0.227147 9.10162
0.23329 9.56465
0.239377 10.0971
0.245482 10.6962
0.251667 11.4027
0.257832 11.7708
0.263955 12.3615
0.270079 13.1242
0.27624 13.8232
0.282372 14.2628
0.28843 14.9633
0.294538 15.3834
0.300721 16.1353
0.30691 17.0843
0.313033 17.588
0.319153 18.1239
0.325316 18.9105
0.33145 19.5207
0.337538 20.1839
0.343633 20.9063
0.349808 21.4645
0.355968 22.2795
0.362074 23.0314
0.368217 23.4078
0.374374 23.9988
0.380519 24.5572
0.386598 25.1424
0.392688 25.7571
0.39888 26.5087
0.405048 26.9397
0.411186 27.6375
0.417313 28.2379
0.423458 28.8687
0.429607 29.4965
0.435692 29.9353
0.441815 30.6094
0.447964 31.1427
0.454126 31.6992
0.460267 32.3352
0.466387 32.7609
0.47254 33.1518
0.478662 33.7986
0.484765 34.307
0.490885 34.7407
0.497035 35.1036
0.503198 35.5731
0.509342 36.1284
0.515458 36.4716
0.521598 36.8247
0.527764 37.2289
0.533884 37.8325
0.54 38.0865
0.546137 38.1953
0.552299 38.5413
0.558452 39.3477
0.564573 39.7657
0.570708 39.6148
0.576825 40.0949
0.582926 40.4051
0.589034 40.7798
0.595184 40.826
0.601379 41.3942
0.607522 41.3902
0.613639 41.5689
0.619772 41.7552
0.625918 41.7639
0.632068 42.2482
0.638161 42.6539
0.6443 42.4632
0.650464 42.7502
0.656582 42.6949
0.662703 43.21
0.668861 42.9627
0.675024 43.284
0.681124 43.4543
0.687237 43.868
0.693381 44.0028
0.699536 43.5039
0.705665 44.2556
0.711789 44.0696
0.717957 44.0885
0.72409 44.2268
0.730186 44.2416
0.736317 44.3379
0.742472 44.4712
0.748622 44.5089
0.75476 44.3991
0.760888 44.2114
0.767043 44.7259
0.773185 44.4493
0.779291 44.7591
0.785407 44.8725
0.791564 44.571
0.797719 44.7326
0.803834 44.9727
0.809972 44.9119
0.816124 45.0038
0.822261 44.8822
0.828378 45.1459
0.834502 44.7117
0.840667 44.8832
0.846816 45.0883
0.852925 45.1011
0.859047 45.1165
0.865192 44.9002
0.871341 45.0337
0.877463 45.0861
0.883569 45.2317
0.889708 44.7733
0.895864 45.2464
0.902008 44.9926
0.908149 45.0941
0.914301 45.0547
0.920448 45.2019
0.926574 45.2077
0.932687 45.0554
0.938823 45.0958
0.944975 45.1347
0.951105 45.3279
0.957225 45.1501
0.963368 45.2312
0.969511 45.0773
0.975621 45.2161
0.981748 44.9727
0.987916 45.0679
0.99406 45.1885
1.00019 45.202
1.00632 44.9885
1.01246 45.2336
1.01859 45.0972
1.02471 45.1799
1.03085 45.152
1.03698 45.1993
1.04314 45.1928
1.04929 45.1585
1.05541 45.0157
1.06154 45.2058
1.06769 45.1854
1.07382 45.1599
1.07993 45.4145
1.08607 45.1496
1.09222 45.1811
1.09836 45.0425
1.10449 45.2956
1.11063 45.2411
1.11677 45.4332
1.1229 45.1708
1.12903 45.1795
1.13518 45.1355
1.14131 45.2366
1.14745 45.1982
1.15359 45.2074
1.15973 45.4231
1.16584 45.2639
1.17197 45.2227
1.17811 45.3684
1.18424 45.3502
1.19038 45.3569
1.19652 45.3982
1.20267 45.3477
1.20881 45.4085
1.21495 45.3885
1.22108 45.4667
1.2272 45.4111
1.23334 45.5395
1.23949 45.3055
1.24562 45.4785
1.25174 45.2933
1.25789 45.674
1.26402 45.4925
1.27014 45.5733
1.27628 45.6128
1.28244 45.4719
1.28858 45.5757
1.29471 45.5169
1.30084 45.8127
1.30697 45.6286
1.31312 45.5023
1.31925 45.7118
1.32537 45.737
1.33151 45.6679
1.33765 45.7568
1.34378 45.7312
1.34992 45.9324
1.35606 45.7873
1.3622 45.8239
1.36833 45.921
1.37445 45.9617
1.38059 45.9545
1.38675 45.9568
1.39288 45.9786
1.39901 46.0264
1.40515 46.0963
1.4113 45.8709
1.41742 45.9761
1.42355 46.1321
1.4297 46.01
1.43585 46.041
1.44198 46.1584
1.44809 46.184
1.45423 46.0587
1.46036 46.1156
1.46649 46.1969
1.47263 46.12
1.47877 46.2615
1.48491 46.3663
1.49104 46.2793
1.49718 46.278
1.50333 46.3977
1.50947 46.3514
1.5156 46.3265
1.52172 46.2822
1.52787 46.4354
1.534 46.4454
1.54013 46.4223
1.54627 46.4548
1.55241 46.432
1.55855 46.5778
1.56467 46.4483
1.5708 46.4936
