0.00783031 7.22793
0.013688 2.18984
0.019231 -5.2024
0.0249154 4.87496
0.0312784 7.17487
0.0375637 5.25743
0.0433917 11.9837
0.0492413 5.0858
0.0555754 7.19895
0.0619321 8.56655
0.067871 11.6263
0.0738098 12.6664
0.0800417 9.93728
0.0862327 12.3909
0.0921407 12.4397
0.0982031 13.2975
0.104506 18.1075
0.110769 18.1913
0.116806 17.4038
0.122832 17.9461
0.129052 19.1133
0.135211 19.6621
0.141259 18.2486
0.147318 18.7567
0.153489 20.8601
0.159709 23.856
0.165845 22.7089
0.171974 22.671
0.178125 22.5961
0.184229 23.394
0.19034 24.9321
0.196428 20.9961
0.202534 23.99
0.208729 26.3814
0.214876 22.936
0.220989 21.8544
0.227147 22.8445
0.23329 24.3472
0.239377 25.2931
0.245482 23.2835
0.251667 24.1856
0.257832 25.7779
0.263955 23.7279
0.270079 25.9557
0.27624 23.4584
0.282372 24.0844
0.28843 25.1185
0.294538 23.2156
0.300721 24.5685
0.30691 22.9403
0.313033 22.609
0.319153 22.6278
0.325316 22.042
0.33145 22.4512
0.337538 24.8014
0.343633 23.1935
0.349808 18.1878
0.355968 21.3955
0.362074 20.9214
0.368217 20.7853
0.374374 17.2847
0.380519 17.6123
0.386598 15.2722
0.392688 18.8372
0.39888 18.2261
0.405048 18.826
0.411186 18.1193
0.417313 16.9149
0.423458 17.9673
0.429607 18.1008
0.435692 15.9159
0.441815 15.0749
0.447964 12.0563
0.454126 14.5897
0.460267 14.7721
0.466387 13.7523
0.47254 14.2383
0.478662 12.5905
0.484765 13.0502
0.490885 13.216
0.497035 9.59481
0.503198 9.99553
0.509342 11.6793
0.515458 9.33788
0.521598 10.3582
0.527764 8.10995
0.533884 10.3044
0.54 5.40783
0.546137 7.2016
0.552299 8.48024
0.558452 6.74298
0.564573 5.75024
0.570708 6.78466
0.576825 5.59116
0.582926 3.2431
0.589034 2.56354
0.595184 4.03048
0.601379 0.313611
0.607522 3.19127
0.613639 2.3937
0.619772 1.62529
0.625918 1.78547
0.632068 -0.179154
0.638161 -1.34972
0.6443 -2.23399
0.650464 -2.08795
0.656582 -1.20724
0.662703 -1.71573
0.668861 -2.21166
0.675024 -3.29651
0.681124 -5.91578
0.687237 -3.39501
0.693381 -3.50701
0.699536 -5.37615
0.705665 -7.00572
0.711789 -7.26597
0.717957 -7.19484
0.72409 -8.72888
0.730186 -10.0424
0.736317 -9.27755
0.742472 -9.72683
0.748622 -9.4744
0.75476 -9.38272
0.760888 -10.7004
0.767043 -11.5524
0.773185 -11.6604
0.779291 -13.1013
0.785407 -13.4801
0.791564 -13.0558
0.797719 -11.9115
0.803834 -14.8896
0.809972 -13.6429
0.816124 -15.2043
0.822261 -15.2911
0.828378 -14.6129
0.834502 -14.2934
0.840667 -15.5342
0.846816 -16.2206
0.852925 -16.022
0.859047 -16.8575
0.865192 -16.3278
0.871341 -15.882
0.877463 -18.5412
0.883569 -17.8579
0.889708 -16.5629
0.895864 -17.2886
0.902008 -18.2521
0.908149 -19.1001
0.914301 -20.4635
0.920448 -19.643
0.926574 -21.7139
0.932687 -20.4516
0.938823 -20.6733
0.944975 -19.2919
0.951105 -21.0809
0.957225 -20.6176
0.963368 -22.7407
0.969511 -21.0121
0.975621 -22.9336
0.981748 -21.515
0.987916 -21.9134
0.99406 -22.5939
1.00019 -22.4429
1.00632 -23.6165
1.01246 -22.5641
1.01859 -23.4039
1.02471 -23.0096
1.03085 -22.3421
1.03698 -23.7843
1.04314 -23.4906
1.04929 -23.7
1.05541 -23.961
1.06154 -24.1456
1.06769 -23.7534
1.07382 -23.8398
1.07993 -24.1364
1.08607 -25.3077
1.09222 -25.2732
1.09836 -24.3682
1.10449 -26.1772
1.11063 -24.546
1.11677 -24.6433
1.1229 -24.7652
1.12903 -25.814
1.13518 -26.0585
1.14131 -24.8573
1.14745 -25.6423
1.15359 -26.4052
1.15973 -25.2627
1.16584 -26.3034
1.17197 -25.8754
1.17811 -26.5634
1.18424 -25.8496
1.19038 -26.2457
1.19652 -27.1789
1.20267 -25.9353
1.20881 -27.6279
1.21495 -25.7019
1.22108 -26.6402
1.2272 -26.7533
1.23334 -27.1712
1.23949 -26.372
1.24562 -26.8253
1.25174 -27.5563
1.25789 -27.1233
1.26402 -28.836
1.27014 -27.4747
1.27628 -26.1733
1.28244 -26.1799
1.28858 -26.9111
1.29471 -27.4619
1.30084 -27.1685
1.30697 -27.4209
1.31312 -27.4152
1.31925 -26.8282
1.32537 -26.2491
1.33151 -27.5014
1.33765 -27.5541
1.34378 -27.0343
1.34992 -27.5658
1.35606 -28.3303
1.3622 -27.5484
1.36833 -27.6118
1.37445 -28.3443
1.38059 -27.6777
1.38675 -27.0409
1.39288 -28.2339
1.39901 -28.0303
1.40515 -28.2883
1.4113 -27.7714
1.41742 -27.3411
1.42355 -27.5402
1.4297 -28.5074
1.43585 -27.5224
1.44198 -28.3042
1.44809 -27.5797
1.45423 -28.3969
1.46036 -28.536
1.46649 -27.947
1.47263 -27.8382
1.47877 -28.1114
1.48491 -28.0932
1.49104 -27.669
1.49718 -28.0103
1.50333 -27.3389
1.50947 -27.8777
1.5156 -27.7808
1.52172 -27.0881
1.52787 -27.8489
1.534 -28.3445
1.54013 -27.6396
1.54627 -28.5279
1.55241 -27.4356
1.55855 -27.584
1.56467 -27.8033
1.5708 -27.7107
