0.00783031 -17.5499
0.013688 -25.9922
0.019231 -30.3372
0.0249154 -33.779
0.0312784 -36.5709
0.0375637 -39.3513
0.0433917 -42.8616
0.0492413 -43.6351
0.0555754 -50.6017
0.0619321 -54.4558
0.067871 -56.2187
0.0738098 -61.0492
0.0800417 -62.8006
0.0862327 -63.0803
0.0921407 -65.9101
0.0982031 -62.5071
0.104506 -63.4284
0.110769 -66.4642
0.116806 -66.4426
0.122832 -71.9533
0.129052 -73.5637
0.135211 -71.0457
0.141259 -73.7161
0.147318 -74.9274
0.153489 -73.4759
0.159709 -71.5393
0.165845 -73.6674
0.171974 -74.9317
0.178125 -72.8551
0.184229 -74.1193
0.19034 -74.5193
0.196428 -73.049
0.202534 -76.1402
0.208729 -75.5181
0.214876 -74.107
0.220989 -73.971
0.227147 -73.3894
0.23329 -73.6596
0.239377 -72.9313
0.245482 -71.9438
0.251667 -72.2414
0.257832 -73.5022
0.263955 -71.8597
0.270079 -71.3823
0.27624 -70.7856
0.282372 -70.3884
0.28843 -68.9836
0.294538 -70.0778
0.300721 -68.853
0.30691 -67.667
0.313033 -68.211
0.319153 -67.1896
0.325316 -66.9416
0.33145 -65.9309
0.337538 -66.6989
0.343633 -66.595
0.349808 -67.5318
0.355968 -65.1314
0.362074 -63.8495
0.368217 -63.5387
0.374374 -63.4872
0.380519 -62.0818
0.386598 -61.2288
0.392688 -61.268
0.39888 -60.5031
0.405048 -61.3115
0.411186 -60.7155
0.417313 -59.8537
0.423458 -59.1498
0.429607 -58.4422
0.435692 -58.1399
0.441815 -57.7567
0.447964 -57.3494
0.454126 -57.2245
0.460267 -55.802
0.466387 -55.2965
0.47254 -55.3148
0.478662 -56.0071
0.484765 -54.0171
0.490885 -53.382
0.497035 -52.5669
0.503198 -52.2054
0.509342 -52.908
0.515458 -51.7408
0.521598 -51.3473
0.527764 -49.96
0.533884 -50.5009
0.54 -49.8811
0.546137 -48.5991
0.552299 -48.2486
0.558452 -48.4955
0.564573 -48.0145
0.570708 -47.3285
0.576825 -47.6559
0.582926 -46.3581
0.589034 -45.9876
0.595184 -45.9697
0.601379 -45.5521
0.607522 -45.1401
0.613639 -44.7137
0.619772 -43.2817
0.625918 -43.4474
0.632068 -42.9849
0.638161 -42.5346
0.6443 -42.9685
0.650464 -42.5204
0.656582 -41.616
0.662703 -40.883
0.668861 -40.5211
0.675024 -40.0303
0.681124 -39.9746
0.687237 -40.0129
0.693381 -39.1479
0.699536 -38.4381
0.705665 -38.7827
0.711789 -38.5679
0.717957 -37.7598
0.72409 -37.4751
0.730186 -37.2061
0.736317 -37.5372
0.742472 -36.3916
0.748622 -36.082
0.75476 -36.4601
0.760888 -35.7508
0.767043 -34.822
0.773185 -34.6497
0.779291 -34.5444
0.785407 -34.654
0.791564 -34.2422
0.797719 -33.6437
0.803834 -33.3377
0.809972 -33.0132
0.816124 -33.0714
0.822261 -32.9004
0.828378 -32.5114
0.834502 -32.3249
0.840667 -31.7718
0.846816 -31.4071
0.852925 -31.3985
0.859047 -30.9908
0.865192 -30.6607
0.871341 -30.6008
0.877463 -30.523
0.883569 -30.1066
0.889708 -29.7925
0.895864 -29.1936
0.902008 -29.0108
0.908149 -29.2485
0.914301 -28.475
0.920448 -28.4958
0.926574 -28.0393
0.932687 -28.0668
0.938823 -27.8384
0.944975 -27.5229
0.951105 -27.0306
0.957225 -27.113
0.963368 -26.7198
0.969511 -26.1059
0.975621 -26.025
0.981748 -26.0682
0.987916 -25.9548
0.99406 -25.6915
1.00019 -25.5596
1.00632 -25.2534
1.01246 -25.0048
1.01859 -24.3097
1.02471 -24.7208
1.03085 -24.1064
1.03698 -24.6682
1.04314 -23.7192
1.04929 -23.8294
1.05541 -23.4257
1.06154 -23.3777
1.06769 -23.5173
1.07382 -22.8323
1.07993 -22.9486
1.08607 -22.8457
1.09222 -22.5172
1.09836 -22.2656
1.10449 -22.0553
1.11063 -22.0024
1.11677 -21.6892
1.1229 -21.689
1.12903 -21.5758
1.13518 -21.3342
1.14131 -20.9186
1.14745 -20.8343
1.15359 -20.7697
1.15973 -20.824
1.16584 -20.4673
1.17197 -20.6045
1.17811 -20.1055
1.18424 -20.0969
1.19038 -19.7364
1.19652 -19.5492
1.20267 -19.656
1.20881 -19.1295
1.21495 -19.3195
1.22108 -18.9943
1.2272 -19.0532
1.23334 -18.7258
1.23949 -18.576
1.24562 -18.3643
1.25174 -18.1159
1.25789 -18.0515
1.26402 -17.9972
1.27014 -17.6603
1.27628 -17.6871
1.28244 -17.6837
1.28858 -17.3939
1.29471 -17.2408
1.30084 -17.1285
1.30697 -16.9375
1.31312 -17.0237
1.31925 -16.7601
1.32537 -16.6914
1.33151 -16.4937
1.33765 -16.3312
1.34378 -16.157
1.34992 -15.9916
1.35606 -15.9242
1.3622 -15.7242
1.36833 -15.2477
1.37445 -15.4618
1.38059 -15.4162
1.38675 -15.3607
1.39288 -15.1965
1.39901 -14.9823
1.40515 -14.7705
1.4113 -14.6525
1.41742 -14.5809
1.42355 -14.6011
1.4297 -14.3353
1.43585 -14.229
1.44198 -14.0092
1.44809 -13.9351
1.45423 -13.855
1.46036 -13.6099
1.46649 -13.4071
1.47263 -13.531
1.47877 -13.3433
1.48491 -13.1019
1.49104 -13.1421
1.49718 -12.9974
1.50333 -12.8526
1.50947 -12.76
1.5156 -12.9152
1.52172 -12.5591
1.52787 -12.4626
1.534 -12.4101
1.54013 -12.1427
1.54627 -12.0714
1.55241 -12.0919
1.55855 -11.9687
1.56467 -11.7058
1.5708 -11.5691
