0.00783031 -17.6739
0.013688 -26.2525
0.019231 -30.7129
0.0249154 -34.1866
0.0312784 -37.2729
0.0375637 -40.3526
0.0433917 -44.1843
0.0492413 -45.2553
0.0555754 -52.8237
0.0619321 -57.0264
0.067871 -59.0267
0.0738098 -64.7004
0.0800417 -67.1133
0.0862327 -68.0244
0.0921407 -71.5783
0.0982031 -68.5561
0.104506 -70.0096
0.110769 -73.8835
0.116806 -74.6058
0.122832 -81.6366
0.129052 -83.9762
0.135211 -81.8812
0.141259 -85.7734
0.147318 -87.968
0.153489 -87.0752
0.159709 -85.6592
0.165845 -89.0129
0.171974 -91.4615
0.178125 -89.7398
0.184229 -92.0724
0.19034 -93.3034
0.196428 -92.3871
0.202534 -97.387
0.208729 -97.87
0.214876 -96.7512
0.220989 -97.8562
0.227147 -98.092
0.23329 -99.5546
0.239377 -99.3604
0.245482 -99.0963
0.251667 -100.581
0.257832 -103.598
0.263955 -102.087
0.270079 -102.582
0.27624 -102.708
0.282372 -103.52
0.28843 -102.37
0.294538 -104.803
0.300721 -104.155
0.30691 -103.451
0.313033 -105.484
0.319153 -105.303
0.325316 -105.822
0.33145 -105.354
0.337538 -107.668
0.343633 -108.367
0.349808 -111.084
0.355968 -108.461
0.362074 -107.266
0.368217 -108.052
0.374374 -109.081
0.380519 -108.082
0.386598 -107.604
0.392688 -108.642
0.39888 -108.532
0.405048 -110.656
0.411186 -111.433
0.417313 -110.451
0.423458 -110.465
0.429607 -109.975
0.435692 -110.794
0.441815 -111.321
0.447964 -111.393
0.454126 -112.093
0.460267 -110.622
0.466387 -110.755
0.47254 -111.722
0.478662 -113.798
0.484765 -111.503
0.490885 -111.13
0.497035 -110.715
0.503198 -110.81
0.509342 -113.063
0.515458 -111.73
0.521598 -111.978
0.527764 -110.094
0.533884 -111.861
0.54 -111.81
0.546137 -109.955
0.552299 -110.385
0.558452 -111.256
0.564573 -111.323
0.570708 -110.874
0.576825 -112.353
0.582926 -110.597
0.589034 -110.582
0.595184 -111.557
0.601379 -111.134
0.607522 -111.337
0.613639 -111.22
0.619772 -109.122
0.625918 -110.179
0.632068 -109.879
0.638161 -109.344
0.6443 -111.293
0.650464 -111.057
0.656582 -109.85
0.662703 -108.918
0.668861 -108.759
0.675024 -108.629
0.681124 -109.11
0.687237 -109.607
0.693381 -108.691
0.699536 -107.726
0.705665 -109.005
0.711789 -109.143
0.717957 -107.842
0.72409 -108.235
0.730186 -107.684
0.736317 -109.202
0.742472 -107.326
0.748622 -107.07
0.75476 -108.411
0.760888 -107.606
0.767043 -105.915
0.773185 -106.673
0.779291 -106.35
0.785407 -107.705
0.791564 -106.795
0.797719 -106.219
0.803834 -106
0.809972 -105.641
0.816124 -106.261
0.822261 -106.582
0.828378 -105.946
0.834502 -106.177
0.840667 -105.469
0.846816 -104.963
0.852925 -105.145
0.859047 -104.866
0.865192 -104.445
0.871341 -105.093
0.877463 -104.881
0.883569 -104.345
0.889708 -104.276
0.895864 -103.439
0.902008 -103.188
0.908149 -104.057
0.914301 -102.921
0.920448 -102.976
0.926574 -102.422
0.932687 -102.967
0.938823 -102.658
0.944975 -102.466
0.951105 -101.661
0.957225 -102.276
0.963368 -101.791
0.969511 -100.715
0.975621 -100.72
0.981748 -100.984
0.987916 -100.917
0.99406 -100.869
1.00019 -100.681
1.00632 -100.258
1.01246 -99.9653
1.01859 -99.0087
1.02471 -99.7616
1.03085 -99.0947
1.03698 -100.224
1.04314 -98.4242
1.04929 -99.154
1.05541 -98.7411
1.06154 -98.9139
1.06769 -99.2076
1.07382 -97.9884
1.07993 -98.5733
1.08607 -98.6376
1.09222 -97.9729
1.09836 -97.9446
1.10449 -97.3177
1.11063 -97.7165
1.11677 -97.3044
1.1229 -97.6221
1.12903 -97.426
1.13518 -97.089
1.14131 -96.41
1.14745 -96.6645
1.15359 -96.5464
1.15973 -96.9615
1.16584 -96.3788
1.17197 -97.0312
1.17811 -96.1208
1.18424 -96.3528
1.19038 -95.6574
1.19652 -95.5458
1.20267 -96.1767
1.20881 -95.2569
1.21495 -95.5185
1.22108 -94.981
1.2272 -95.2854
1.23334 -94.9293
1.23949 -95.1748
1.24562 -94.7524
1.25174 -94.2671
1.25789 -94.597
1.26402 -94.5018
1.27014 -94.0721
1.27628 -94.4306
1.28244 -94.1591
1.28858 -94.0908
1.29471 -94.1835
1.30084 -93.9183
1.30697 -93.6667
1.31312 -93.8818
1.31925 -93.5446
1.32537 -93.4799
1.33151 -93.3747
1.33765 -93.3024
1.34378 -93.0957
1.34992 -93.1338
1.35606 -92.879
1.3622 -92.6904
1.36833 -91.7753
1.37445 -92.2731
1.38059 -92.5274
1.38675 -92.7547
1.39288 -92.5035
1.39901 -92.3226
1.40515 -91.9277
1.4113 -91.6657
1.41742 -91.7446
1.42355 -91.9808
1.4297 -91.2192
1.43585 -91.4618
1.44198 -91.3202
1.44809 -90.9424
1.45423 -91.4049
1.46036 -90.7114
1.46649 -90.5569
1.47263 -90.6219
1.47877 -90.6438
1.48491 -90.4226
1.49104 -90.5898
1.49718 -90.4118
1.50333 -89.9336
1.50947 -90.2356
1.5156 -90.6271
1.52172 -90.2406
1.52787 -89.9045
1.534 -89.8009
1.54013 -89.595
1.54627 -89.4803
1.55241 -89.6851
1.55855 -89.4335
1.56467 -88.9114
1.5708 -88.8946
