0.00783031 4327.36
0.013688 5316.92
0.019231 5937.78
0.0249154 5458.21
0.0312784 5250.92
0.0375637 4956.36
0.0433917 5060.38
0.0492413 4213.73
0.0555754 4166.7
0.0619321 3654.94
0.067871 3325.75
0.0738098 3393.85
0.0800417 3166.42
0.0862327 3018.27
0.0921407 2761.37
0.0982031 2756.9
0.104506 2473.61
0.110769 2402.49
0.116806 2233.44
0.122832 2151.12
0.129052 2053.81
0.135211 2004.7
0.141259 1882.13
0.147318 1807.64
0.153489 1697.08
0.159709 1634.44
0.165845 1574.43
0.171974 1466.46
0.178125 1388.82
0.184229 1344.01
0.19034 1298.69
0.196428 1307.19
0.202534 1205.91
0.208729 1166.35
0.214876 1133.7
0.220989 1066.82
0.227147 1078.68
0.23329 998.501
0.239377 959.959
0.245482 947.744
0.251667 923.316
0.257832 916.647
0.263955 880.384
0.270079 829.622
0.27624 822.105
0.282372 779.148
0.28843 752.873
0.294538 735.206
0.300721 699.561
0.30691 689.665
0.313033 659.814
0.319153 647.315
0.325316 635.615
0.33145 608.045
0.337538 603.255
0.343633 592.466
0.349808 577.963
0.355968 549.458
0.362074 538.269
0.368217 517.014
0.374374 521.704
0.380519 496.053
0.386598 478.759
0.392688 460.689
0.39888 455.674
0.405048 440.172
0.411186 439.049
0.417313 424.921
0.423458 426.248
0.429607 404.105
0.435692 400.618
0.441815 394.162
0.447964 377.717
0.454126 365.239
0.460267 360.539
0.466387 356.333
0.47254 342.216
0.478662 337.539
0.484765 336.242
0.490885 316.496
0.497035 311.977
0.503198 307.407
0.509342 296.292
0.515458 280.938
0.521598 287.527
0.527764 274.555
0.533884 268.159
0.54 266.641
0.546137 259.658
0.552299 258.6
0.558452 247.195
0.564573 238.346
0.570708 241.801
0.576825 235.627
0.582926 220.924
0.589034 224.571
0.595184 211.536
0.601379 205.365
0.607522 208.505
0.613639 198.551
0.619772 193.796
0.625918 190.033
0.632068 183.322
0.638161 180.037
0.6443 177.21
0.650464 167.68
0.656582 168.03
0.662703 165.643
0.668861 159.26
0.675024 155.27
0.681124 155.611
0.687237 146.087
0.693381 146.357
0.699536 141.666
0.705665 141.105
0.711789 133.867
0.717957 133.669
0.72409 121.899
0.730186 126.897
0.736317 121.342
0.742472 115.802
0.748622 114.074
0.75476 111.661
0.760888 104.856
0.767043 102.856
0.773185 101.964
0.779291 100.394
0.785407 94.4751
0.791564 94.5633
0.797719 89.9907
0.803834 86.9083
0.809972 80.3601
0.816124 84.2012
0.822261 81.9443
0.828378 75.1681
0.834502 75.0773
0.840667 73.592
0.846816 69.4581
0.852925 67.5606
0.859047 64.5319
0.865192 60.848
0.871341 59.942
0.877463 57.4918
0.883569 56.7688
0.889708 54.2692
0.895864 50.815
0.902008 49.3937
0.908149 46.9955
0.914301 47.0435
0.920448 43.4565
0.926574 42.798
0.932687 40.5097
0.938823 37.9772
0.944975 35.8746
0.951105 34.4754
0.957225 33.2618
0.963368 32.0984
0.969511 28.4209
0.975621 27.3243
0.981748 25.6565
0.987916 25.4177
0.99406 21.1792
1.00019 21.4654
1.00632 19.874
1.01246 16.9249
1.01859 15.9177
1.02471 15.252
1.03085 14.5063
1.03698 11.3419
1.04314 10.2064
1.04929 10.0645
1.05541 7.57388
1.06154 7.47044
1.06769 5.93854
1.07382 3.12167
1.07993 0.12438
1.08607 3.24535
1.09222 -0.71684
1.09836 -0.433753
1.10449 -0.672706
1.11063 -4.38522
1.11677 -5.20299
1.1229 -3.51398
1.12903 -6.83464
1.13518 -7.21462
1.14131 -10.7821
1.14745 -10.5075
1.15359 -11.3855
1.15973 -11.2807
1.16584 -11.963
1.17197 -14.6147
1.17811 -15.2322
1.18424 -17.8339
1.19038 -16.8418
1.19652 -17.8082
1.20267 -19.2023
1.20881 -19.7689
1.21495 -21.3389
1.22108 -19.992
1.2272 -22.7771
1.23334 -21.6411
1.23949 -23.7509
1.24562 -24.4039
1.25174 -23.3241
1.25789 -26.6718
1.26402 -25.4288
1.27014 -28.8653
1.27628 -27.9053
1.28244 -29.8444
1.28858 -29.844
1.29471 -28.8142
1.30084 -30.5326
1.30697 -30.3165
1.31312 -32.5378
1.31925 -33.5696
1.32537 -33.4707
1.33151 -33.5043
1.33765 -33.9407
1.34378 -34.7595
1.34992 -35.4539
1.35606 -35.4512
1.3622 -35.9849
1.36833 -36.8876
1.37445 -37.4042
1.38059 -35.4671
1.38675 -38.9358
1.39288 -38.3193
1.39901 -37.8455
1.40515 -40.535
1.4113 -40.1812
1.41742 -40.9543
1.42355 -40.0834
1.4297 -41.634
1.43585 -40.5366
1.44198 -41.5808
1.44809 -42.3065
1.45423 -41.7249
1.46036 -43.1449
1.46649 -43.2759
1.47263 -43.1786
1.47877 -44.0702
1.48491 -44.0311
1.49104 -44.0208
1.49718 -45.4543
1.50333 -44.623
1.50947 -44.793
1.5156 -46.4411
1.52172 -46.4762
1.52787 -46.4858
1.534 -47.3696
1.54013 -47.2002
1.54627 -47.3852
1.55241 -45.952
1.55855 -47.6286
1.56467 -47.6004
1.5708 -47.5892
