0.00783031 20068.2
0.013688 24890.7
0.019231 25540.9
0.0249154 22875.8
0.0312784 20069.5
0.0375637 17285.7
0.0433917 14848.4
0.0492413 12946.6
0.0555754 12123.4
0.0619321 10982.4
0.067871 10221.3
0.0738098 9489.52
0.0800417 8806.79
0.0862327 7610.59
0.0921407 6752.65
0.0982031 6180.53
0.104506 5706.24
0.110769 5303.94
0.116806 4732.18
0.122832 4595.16
0.129052 4575.72
0.135211 4109.33
0.141259 3883.53
0.147318 3595.15
0.153489 3424.49
0.159709 3194.97
0.165845 3074.46
0.171974 2985.16
0.178125 2751.52
0.184229 2685.71
0.19034 2538.83
0.196428 2469.82
0.202534 2402.95
0.208729 2232.03
0.214876 2180.4
0.220989 2062.91
0.227147 2000.1
0.23329 1973.68
0.239377 1873.53
0.245482 1836.23
0.251667 1738.81
0.257832 1691.9
0.263955 1640.06
0.270079 1609.85
0.27624 1558.24
0.282372 1520.63
0.28843 1478.38
0.294538 1425.19
0.300721 1401.02
0.30691 1371.89
0.313033 1351.14
0.319153 1299.12
0.325316 1268.35
0.33145 1250.81
0.337538 1195.86
0.343633 1177.97
0.349808 1156.94
0.355968 1138.21
0.362074 1115.48
0.368217 1082.29
0.374374 1078.28
0.380519 1048.83
0.386598 1031.57
0.392688 1007.29
0.39888 992.235
0.405048 970.521
0.411186 957.949
0.417313 930.854
0.423458 926.056
0.429607 901.207
0.435692 890.701
0.441815 874.408
0.447964 861.835
0.454126 843.739
0.460267 832.166
0.466387 819.706
0.47254 805.542
0.478662 791.097
0.484765 776.944
0.490885 770.252
0.497035 769.107
0.503198 743.568
0.509342 737.662
0.515458 720.898
0.521598 717.978
0.527764 699.689
0.533884 697.581
0.54 684.078
0.546137 674.948
0.552299 665.531
0.558452 660.846
0.564573 649.324
0.570708 640.091
0.576825 632.668
0.582926 628.878
0.589034 615.228
0.595184 609.588
0.601379 600.396
0.607522 593.648
0.613639 585.163
0.619772 582.865
0.625918 572.998
0.632068 568.371
0.638161 562.667
0.6443 551.417
0.650464 546.164
0.656582 540.338
0.662703 537.011
0.668861 529.543
0.675024 522.652
0.681124 513.094
0.687237 508.52
0.693381 506.05
0.699536 500.378
0.705665 492.159
0.711789 488.29
0.717957 480.07
0.72409 475.212
0.730186 471.288
0.736317 464.314
0.742472 457.477
0.748622 455.645
0.75476 452.353
0.760888 447.044
0.767043 439.381
0.773185 437.852
0.779291 429.222
0.785407 427.75
0.791564 423.581
0.797719 417.688
0.803834 414.948
0.809972 411.888
0.816124 405.686
0.822261 399.736
0.828378 397.756
0.834502 391.388
0.840667 387.305
0.846816 385.686
0.852925 382.048
0.859047 376.472
0.865192 374.518
0.871341 368.836
0.877463 365.295
0.883569 361.232
0.889708 357.37
0.895864 354.034
0.902008 352.706
0.908149 347
0.914301 345.031
0.920448 339.606
0.926574 337.178
0.932687 332.663
0.938823 331.167
0.944975 327.43
0.951105 322.725
0.957225 320.655
0.963368 316.452
0.969511 313.472
0.975621 309.597
0.981748 309.662
0.987916 304.241
0.99406 302.06
1.00019 299.759
1.00632 296.308
1.01246 293.862
1.01859 290.686
1.02471 287.527
1.03085 284.942
1.03698 281.218
1.04314 278.611
1.04929 276.312
1.05541 274.983
1.06154 270.626
1.06769 268.512
1.07382 265.162
1.07993 263.675
1.08607 259.821
1.09222 258.655
1.09836 255.184
1.10449 252.057
1.11063 251.791
1.11677 248.282
1.1229 246.096
1.12903 242.866
1.13518 240.565
1.14131 239.56
1.14745 235.844
1.15359 234.564
1.15973 232.383
1.16584 229.264
1.17197 227.24
1.17811 223.653
1.18424 223.54
1.19038 220.136
1.19652 218.675
1.20267 217.29
1.20881 214.534
1.21495 212.577
1.22108 209.845
1.2272 208.365
1.23334 206.935
1.23949 204.471
1.24562 202.395
1.25174 200.623
1.25789 199.465
1.26402 196.369
1.27014 194.877
1.27628 193.028
1.28244 190.853
1.28858 189.178
1.29471 187.62
1.30084 186.291
1.30697 184.375
1.31312 182.083
1.31925 181.243
1.32537 179.398
1.33151 177.102
1.33765 175.635
1.34378 173.839
1.34992 172.326
1.35606 170.381
1.3622 168.753
1.36833 166.894
1.37445 166.019
1.38059 163.708
1.38675 162.708
1.39288 161.541
1.39901 159.606
1.40515 158.605
1.4113 157.209
1.41742 155.005
1.42355 153.221
1.4297 152.172
1.43585 151.202
1.44198 149.885
1.44809 148.496
1.45423 146.367
1.46036 145.581
1.46649 143.787
1.47263 142.638
1.47877 141.636
1.48491 140.134
1.49104 138.803
1.49718 137.542
1.50333 136.319
1.50947 135.08
1.5156 133.665
1.52172 132.798
1.52787 131.339
1.534 130.427
1.54013 128.743
1.54627 127.496
1.55241 126.356
1.55855 125.705
1.56467 124.286
1.5708 123.141
