0.00783031 2900.96
0.013688 3389.92
0.019231 3943.25
0.0249154 3396.69
0.0312784 3272.1
0.0375637 3017.09
0.0433917 3075.83
0.0492413 2589.43
0.0555754 2559.82
0.0619321 2265.94
0.067871 2109.1
0.0738098 2103.46
0.0800417 1978.62
0.0862327 1930.77
0.0921407 1758.75
0.0982031 1746.17
0.104506 1596.24
0.110769 1611.27
0.116806 1456.54
0.122832 1441.9
0.129052 1393.22
0.135211 1344.61
0.141259 1290.25
0.147318 1233.93
0.153489 1168.78
0.159709 1111.79
0.165845 1095.2
0.171974 1059.37
0.178125 1005.2
0.184229 986.517
0.19034 961.81
0.196428 957.728
0.202534 908.329
0.208729 890.004
0.214876 867.13
0.220989 824.73
0.227147 829.092
0.23329 788.014
0.239377 770.314
0.245482 749.113
0.251667 737.783
0.257832 730.981
0.263955 718.982
0.270079 687.641
0.27624 681.808
0.282372 651.543
0.28843 636.205
0.294538 630.431
0.300721 612.229
0.30691 606.149
0.313033 595.758
0.319153 577.575
0.325316 570.538
0.33145 559.498
0.337538 549.419
0.343633 541.572
0.349808 534.27
0.355968 515.693
0.362074 515.72
0.368217 496.115
0.374374 492.474
0.380519 486.271
0.386598 479.666
0.392688 465.373
0.39888 460.551
0.405048 456.361
0.411186 448.339
0.417313 442.613
0.423458 438.123
0.429607 430.089
0.435692 426.935
0.441815 415.364
0.447964 409.455
0.454126 404.016
0.460267 400.609
0.466387 393.829
0.47254 384.92
0.478662 384.834
0.484765 379.366
0.490885 371.444
0.497035 371.093
0.503198 363.929
0.509342 359.103
0.515458 352.357
0.521598 349.301
0.527764 346.677
0.533884 342.589
0.54 339.042
0.546137 334.829
0.552299 332.166
0.558452 327.745
0.564573 322.913
0.570708 319.236
0.576825 318.369
0.582926 313.665
0.589034 310.725
0.595184 307.337
0.601379 303.533
0.607522 302.509
0.613639 297.258
0.619772 295.202
0.625918 293.387
0.632068 288.161
0.638161 287.04
0.6443 283.74
0.650464 280.985
0.656582 280.676
0.662703 279.398
0.668861 273.235
0.675024 271.383
0.681124 270.278
0.687237 265.777
0.693381 266.034
0.699536 260.244
0.705665 259.668
0.711789 257.366
0.717957 255.542
0.72409 252.425
0.730186 249.66
0.736317 248.773
0.742472 245.559
0.748622 245.421
0.75476 243.027
0.760888 240.634
0.767043 239.242
0.773185 237.469
0.779291 236.557
0.785407 233.024
0.791564 232.748
0.797719 231.543
0.803834 228.521
0.809972 227.495
0.816124 226.552
0.822261 223.935
0.828378 223.472
0.834502 219.533
0.840667 219.011
0.846816 217.828
0.852925 217.785
0.859047 215.306
0.865192 212.761
0.871341 211.484
0.877463 210.849
0.883569 209.592
0.889708 208.269
0.895864 206.321
0.902008 205.732
0.908149 203.965
0.914301 203.597
0.920448 202.334
0.926574 201.33
0.932687 199.577
0.938823 198.152
0.944975 197.335
0.951105 195.969
0.957225 196.168
0.963368 194.809
0.969511 192.117
0.975621 191.048
0.981748 191.046
0.987916 189.256
0.99406 189.18
1.00019 188.47
1.00632 186.359
1.01246 186.601
1.01859 185.174
1.02471 183.825
1.03085 182.76
1.03698 181.44
1.04314 181.116
1.04929 180.265
1.05541 179.201
1.06154 178.657
1.06769 177.372
1.07382 177.051
1.07993 175.659
1.08607 175.158
1.09222 174.286
1.09836 173.535
1.10449 172.809
1.11063 172.128
1.11677 171.451
1.1229 170.34
1.12903 169.519
1.13518 168.862
1.14131 167.923
1.14745 167.302
1.15359 166.409
1.15973 166.119
1.16584 166.142
1.17197 164.141
1.17811 163.357
1.18424 163.236
1.19038 162.652
1.19652 161.856
1.20267 161.479
1.20881 160.416
1.21495 160.563
1.22108 159.534
1.2272 158.872
1.23334 158.555
1.23949 157.317
1.24562 157.281
1.25174 156.6
1.25789 156.213
1.26402 155.14
1.27014 154.422
1.27628 154.364
1.28244 153.053
1.28858 152.735
1.29471 152.612
1.30084 152.382
1.30697 151.716
1.31312 150.858
1.31925 150.72
1.32537 149.759
1.33151 149.08
1.33765 148.724
1.34378 148.426
1.34992 148
1.35606 147.221
1.3622 146.559
1.36833 146.543
1.37445 146.13
1.38059 145.167
1.38675 145.294
1.39288 144.511
1.39901 144.083
1.40515 144.093
1.4113 143.221
1.41742 142.736
1.42355 142.316
1.4297 141.58
1.43585 141.536
1.44198 141.267
1.44809 140.916
1.45423 140.335
1.46036 139.866
1.46649 139.683
1.47263 138.909
1.47877 138.23
1.48491 137.929
1.49104 137.545
1.49718 137.467
1.50333 137.076
1.50947 137.098
1.5156 136.368
1.52172 135.746
1.52787 135.58
1.534 134.89
1.54013 134.868
1.54627 134.392
1.55241 134.242
1.55855 133.657
1.56467 133.362
1.5708 133.205
