0.00783031 0.905531
0.013688 19.2388
0.019231 -1.30658
0.0249154 -15.4732
0.0312784 -2.33772
0.0375637 5.31156
0.0433917 15.534
0.0492413 -0.251896
0.0555754 -2.53832
0.0619321 -1.88253
0.067871 -0.355883
0.0738098 -1.25186
0.0800417 0.418454
0.0862327 5.09327
0.0921407 1.97177
0.0982031 -1.04896
0.104506 1.66603
0.110769 2.91841
0.116806 2.8794
0.122832 -0.419661
0.129052 -0.590402
0.135211 4.40777
0.141259 4.07035
0.147318 -1.67066
0.153489 0.195864
0.159709 0.966127
0.165845 -0.760858
0.171974 -0.700668
0.178125 0.241339
0.184229 -0.313264
0.19034 -0.0619958
0.196428 2.7105
0.202534 -1.87992
0.208729 0.900289
0.214876 0.625175
0.220989 -1.20605
0.227147 -3.53672
0.23329 -5.30364
0.239377 -0.266688
0.245482 -3.53788
0.251667 -0.305258
0.257832 1.13817
0.263955 0.628507
0.270079 -3.8518
0.27624 -0.268021
0.282372 -2.94149
0.28843 -2.33107
0.294538 -1.51957
0.300721 -3.06476
0.30691 -4.26122
0.313033 -5.16104
0.319153 -3.28608
0.325316 -0.839327
0.33145 -6.6054
0.337538 -2.88694
0.343633 -4.22294
0.349808 -2.87122
0.355968 -5.33628
0.362074 -4.66271
0.368217 -6.14338
0.374374 -7.47433
0.380519 -6.94544
0.386598 -7.41353
0.392688 -6.5262
0.39888 -6.63555
0.405048 -6.94554
0.411186 -9.04562
0.417313 -8.88893
0.423458 -11.1655
0.429607 -9.73491
0.435692 -8.60398
0.441815 -6.75268
0.447964 -9.53627
0.454126 -10.2684
0.460267 -10.8091
0.466387 -7.62077
0.47254 -10.4025
0.478662 -12.263
0.484765 -8.45843
0.490885 -12.39
0.497035 -12.656
0.503198 -11.5508
0.509342 -11.2969
0.515458 -13.2882
0.521598 -10.4369
0.527764 -12.1812
0.533884 -13.6559
0.54 -11.7118
0.546137 -12.7025
0.552299 -14.1238
0.558452 -13.0149
0.564573 -14.4469
0.570708 -14.4902
0.576825 -14.8831
0.582926 -18.3342
0.589034 -15.2277
0.595184 -16.0789
0.601379 -16.0149
0.607522 -15.7871
0.613639 -18.4037
0.619772 -19.1749
0.625918 -15.5288
0.632068 -19.1634
0.638161 -19.6442
0.6443 -17.8278
0.650464 -19.1751
0.656582 -19.7195
0.662703 -18.9703
0.668861 -17.9179
0.675024 -20.2713
0.681124 -18.592
0.687237 -19.2068
0.693381 -20.4435
0.699536 -21.4619
0.705665 -21.9486
0.711789 -20.7771
0.717957 -19.4603
0.72409 -22.8361
0.730186 -19.2007
0.736317 -22.4175
0.742472 -22.7407
0.748622 -21.5555
0.75476 -20.6331
0.760888 -23.7951
0.767043 -23.4844
0.773185 -22.7538
0.779291 -22.9011
0.785407 -24.8776
0.791564 -23.0989
0.797719 -24.1769
0.803834 -24.6795
0.809972 -27.7306
0.816124 -23.9438
0.822261 -24.5672
0.828378 -25.9411
0.834502 -24.8244
0.840667 -24.2686
0.846816 -26.1534
0.852925 -27.7158
0.859047 -25.3046
0.865192 -25.9714
0.871341 -27.2749
0.877463 -27.4289
0.883569 -26.3022
0.889708 -27.4766
0.895864 -25.911
0.902008 -27.6128
0.908149 -25.0694
0.914301 -29.1579
0.920448 -28.0203
0.926574 -28.3143
0.932687 -28.7686
0.938823 -27.8532
0.944975 -29.2002
0.951105 -27.7127
0.957225 -28.0532
0.963368 -29.349
0.969511 -28.8369
0.975621 -28.4062
0.981748 -28.8134
0.987916 -29.2629
0.99406 -30.2353
1.00019 -30.0609
1.00632 -30.9485
1.01246 -30.6595
1.01859 -30.4302
1.02471 -29.3906
1.03085 -30.5993
1.03698 -31.2085
1.04314 -29.4458
1.04929 -31.2096
1.05541 -33.1207
1.06154 -30.7075
1.06769 -32.587
1.07382 -31.4342
1.07993 -31.5647
1.08607 -30.8385
1.09222 -33.0028
1.09836 -31.0171
1.10449 -31.8748
1.11063 -33.0537
1.11677 -32.9266
1.1229 -32.7503
1.12903 -34.4525
1.13518 -33.2934
1.14131 -33.6936
1.14745 -32.8308
1.15359 -34.4148
1.15973 -33.2831
1.16584 -32.7642
1.17197 -34.9698
1.17811 -33.4912
1.18424 -34.8297
1.19038 -34.1367
1.19652 -34.2732
1.20267 -35.4987
1.20881 -33.5528
1.21495 -35.5214
1.22108 -35.3344
1.2272 -36.218
1.23334 -36.7516
1.23949 -37.1248
1.24562 -35.9259
1.25174 -36.0424
1.25789 -37.1815
1.26402 -35.8274
1.27014 -37.8934
1.27628 -37.0207
1.28244 -37.6105
1.28858 -37.5762
1.29471 -37.984
1.30084 -39.2461
1.30697 -37.1959
1.31312 -37.8303
1.31925 -37.5034
1.32537 -39.9927
1.33151 -38.1228
1.33765 -38.0586
1.34378 -37.9982
1.34992 -39.0282
1.35606 -38.6161
1.3622 -37.375
1.36833 -37.3355
1.37445 -38.3312
1.38059 -38.3036
1.38675 -39.3653
1.39288 -39.9858
1.39901 -39.9179
1.40515 -41.3181
1.4113 -39.8591
1.41742 -39.3592
1.42355 -39.781
1.4297 -39.6458
1.43585 -40.6506
1.44198 -40.4321
1.44809 -41.0055
1.45423 -40.4808
1.46036 -40.1209
1.46649 -41.3322
1.47263 -40.2988
1.47877 -41.6696
1.48491 -41.8605
1.49104 -41.2513
1.49718 -41.589
1.50333 -41.8109
1.50947 -41.526
1.5156 -42.0895
1.52172 -42.4817
1.52787 -42.5553
1.534 -42.6995
1.54013 -41.9347
1.54627 -42.2929
1.55241 -41.7337
1.55855 -44.0091
1.56467 -42.0312
1.5708 -44.0204
