0.00783031 20751.6
0.013688 25999.6
0.019231 26029.1
0.0249154 24516.6
0.0312784 20507.1
0.0375637 18184
0.0433917 15505.3
0.0492413 13980.4
0.0555754 12858.9
0.0619321 11581.6
0.067871 10772.5
0.0738098 10399.9
0.0800417 9607.48
0.0862327 8138.5
0.0921407 7208.46
0.0982031 6803.68
0.104506 6194.3
0.110769 6023.25
0.116806 5575.81
0.122832 5430.53
0.129052 4979.31
0.135211 4698.91
0.141259 4503.07
0.147318 4316.76
0.153489 4095.11
0.159709 3720.57
0.165845 3524.54
0.171974 3436.13
0.178125 3397.15
0.184229 3204.01
0.19034 3133.35
0.196428 3035.96
0.202534 2931.92
0.208729 2831.36
0.214876 2708.7
0.220989 2671.71
0.227147 2566.27
0.23329 2412.48
0.239377 2408.7
0.245482 2338.62
0.251667 2285.28
0.257832 2219.16
0.263955 2153.38
0.270079 2141.9
0.27624 2077.18
0.282372 2002.07
0.28843 1930.34
0.294538 1937.89
0.300721 1882.89
0.30691 1863.99
0.313033 1813.06
0.319153 1779.45
0.325316 1751.82
0.33145 1702.6
0.337538 1704.09
0.343633 1665.58
0.349808 1620.38
0.355968 1565.95
0.362074 1565.69
0.368217 1550.94
0.374374 1520.2
0.380519 1495.32
0.386598 1474.92
0.392688 1463.36
0.39888 1419.8
0.405048 1405.71
0.411186 1404.92
0.417313 1362.65
0.423458 1357.95
0.429607 1328.09
0.435692 1311.19
0.441815 1282.6
0.447964 1278.8
0.454126 1269.02
0.460267 1251.66
0.466387 1233.7
0.47254 1224.66
0.478662 1196.49
0.484765 1188.4
0.490885 1167.21
0.497035 1157.06
0.503198 1136.74
0.509342 1134.69
0.515458 1119.32
0.521598 1109.74
0.527764 1103.06
0.533884 1083.68
0.54 1073.55
0.546137 1062.89
0.552299 1047.87
0.558452 1038.94
0.564573 1025.71
0.570708 1012.97
0.576825 1011.94
0.582926 991.897
0.589034 985.517
0.595184 973.769
0.601379 969.398
0.607522 967.999
0.613639 945.514
0.619772 939.123
0.625918 931.361
0.632068 915.974
0.638161 911.207
0.6443 905.124
0.650464 895.229
0.656582 891.777
0.662703 873.959
0.668861 872.626
0.675024 864.461
0.681124 853.572
0.687237 842.736
0.693381 840.495
0.699536 834.423
0.705665 821.762
0.711789 815.835
0.717957 809.212
0.72409 799.705
0.730186 798.875
0.736317 786.176
0.742472 779.896
0.748622 775.296
0.75476 765.712
0.760888 759.275
0.767043 753.69
0.773185 747.144
0.779291 743.337
0.785407 736.142
0.791564 725.489
0.797719 721.463
0.803834 712.135
0.809972 707.175
0.816124 700.228
0.822261 696.635
0.828378 689.827
0.834502 685.939
0.840667 676.205
0.846816 672.913
0.852925 667.091
0.859047 663.038
0.865192 654.716
0.871341 650.476
0.877463 644.406
0.883569 641.11
0.889708 636.263
0.895864 628.749
0.902008 623.837
0.908149 618.296
0.914301 611.089
0.920448 608.603
0.926574 599.264
0.932687 598.584
0.938823 592.994
0.944975 588.018
0.951105 583.222
0.957225 580.508
0.963368 575.516
0.969511 568.344
0.975621 566.442
0.981748 561.325
0.987916 554.103
0.99406 549.195
1.00019 546.23
1.00632 539.947
1.01246 536.967
1.01859 530.373
1.02471 526.431
1.03085 522.114
1.03698 518.863
1.04314 512.966
1.04929 509.495
1.05541 505.794
1.06154 501.93
1.06769 497.798
1.07382 493.198
1.07993 488.845
1.08607 486.03
1.09222 480.256
1.09836 476.383
1.10449 471.821
1.11063 468.077
1.11677 467.552
1.1229 461.978
1.12903 457.979
1.13518 453.866
1.14131 450.127
1.14745 445.253
1.15359 442.342
1.15973 437.025
1.16584 434.477
1.17197 431.538
1.17811 427.622
1.18424 423.787
1.19038 421.318
1.19652 415.877
1.20267 414.09
1.20881 409.954
1.21495 404.854
1.22108 403.789
1.2272 398.124
1.23334 398.037
1.23949 394.447
1.24562 389.825
1.25174 385.229
1.25789 383.488
1.26402 379.868
1.27014 377.32
1.27628 373.492
1.28244 370.38
1.28858 367.74
1.29471 366.77
1.30084 361.099
1.30697 359.081
1.31312 355.064
1.31925 351.542
1.32537 349.852
1.33151 345.949
1.33765 343.383
1.34378 340.832
1.34992 338.494
1.35606 335.989
1.3622 331.678
1.36833 329.668
1.37445 327.417
1.38059 323.302
1.38675 322.392
1.39288 318.675
1.39901 316.18
1.40515 313.552
1.4113 310.856
1.41742 307.926
1.42355 305.428
1.4297 302.989
1.43585 300.181
1.44198 297.999
1.44809 294.793
1.45423 293.242
1.46036 291.136
1.46649 287.5
1.47263 286.249
1.47877 283.424
1.48491 280.98
1.49104 279.604
1.49718 276.19
1.50333 274.753
1.50947 272.741
1.5156 269.085
1.52172 267.399
1.52787 264.71
1.534 263.974
1.54013 260.956
1.54627 258.999
1.55241 257.398
1.55855 254.607
1.56467 252.233
1.5708 250.319
