0.00783031 -18.3058
0.013688 16.3979
0.019231 -0.347886
0.0249154 -7.53206
0.0312784 1.7978
0.0375637 -9.22118
0.0433917 3.3214
0.0492413 4.65139
0.0555754 6.03613
0.0619321 5.69383
0.067871 7.10969
0.0738098 8.12037
0.0800417 9.13495
0.0862327 8.83089
0.0921407 10.5598
0.0982031 10.8063
0.104506 13.1793
0.110769 15.8652
0.116806 14.4663
0.122832 16.4728
0.129052 17.5523
0.135211 18.9503
0.141259 20.5075
0.147318 19.6649
0.153489 22.7854
0.159709 22.7282
0.165845 23.5842
0.171974 25.7783
0.178125 26.3513
0.184229 26.0716
0.19034 27.8694
0.196428 28.4945
0.202534 28.9926
0.208729 30.8163
0.214876 33.1201
0.220989 32.009
0.227147 33.0952
0.23329 33.4749
0.239377 32.6867
0.245482 35.8958
0.251667 35.6407
0.257832 36.4738
0.263955 37.7635
0.270079 37.8424
0.27624 36.7165
0.282372 39.5078
0.28843 39.1699
0.294538 40.7638
0.300721 41.7795
0.30691 41.888
0.313033 42.0163
0.319153 42.5537
0.325316 43.9806
0.33145 44.8234
0.337538 45.6431
0.343633 45.2432
0.349808 44.4182
0.355968 46.3375
0.362074 45.5905
0.368217 47.4262
0.374374 48.1923
0.380519 48.965
0.386598 48.9322
0.392688 49.2516
0.39888 49.9839
0.405048 50.0489
0.411186 50.0894
0.417313 50.6455
0.423458 51.4929
0.429607 51.0711
0.435692 51.8884
0.441815 51.6113
0.447964 52.5684
0.454126 52.5144
0.460267 53.5039
0.466387 53.1555
0.47254 53.8541
0.478662 53.8635
0.484765 54.3865
0.490885 53.2511
0.497035 54.6435
0.503198 54.5883
0.509342 55.2257
0.515458 54.964
0.521598 55.5206
0.527764 56.1501
0.533884 55.6015
0.54 56.0175
0.546137 56.3221
0.552299 56.4617
0.558452 56.9313
0.564573 56.5751
0.570708 57.2877
0.576825 57.6923
0.582926 57.573
0.589034 57.4913
0.595184 57.6858
0.601379 57.075
0.607522 58.1993
0.613639 57.8104
0.619772 58.0973
0.625918 57.3843
0.632068 58.3372
0.638161 57.7511
0.6443 58.4382
0.650464 57.816
0.656582 58.355
0.662703 58.0242
0.668861 58.1527
0.675024 57.7178
0.681124 58.0186
0.687237 58.352
0.693381 58.6869
0.699536 58.576
0.705665 57.6812
0.711789 58.575
0.717957 58.3834
0.72409 58.4751
0.730186 57.6434
0.736317 57.9945
0.742472 57.9798
0.748622 57.2371
0.75476 57.5582
0.760888 57.7087
0.767043 57.5205
0.773185 57.7267
0.779291 57.1909
0.785407 57.4965
0.791564 56.2675
0.797719 56.7169
0.803834 56.4608
0.809972 56.3271
0.816124 56.0909
0.822261 55.9555
0.828378 55.7387
0.834502 55.3299
0.840667 55.4289
0.846816 55.0585
0.852925 54.8635
0.859047 54.8433
0.865192 54.5725
0.871341 54.779
0.877463 54.1157
0.883569 53.6848
0.889708 53.9143
0.895864 53.6231
0.902008 53.3218
0.908149 52.5851
0.914301 52.7985
0.920448 52.8226
0.926574 52.4144
0.932687 52.4508
0.938823 51.9148
0.944975 51.9049
0.951105 51.3144
0.957225 51.447
0.963368 51.0423
0.969511 50.7415
0.975621 50.3066
0.981748 50.4323
0.987916 49.5403
0.99406 49.6694
1.00019 49.5813
1.00632 49.1025
1.01246 48.8016
1.01859 48.4056
1.02471 48.4014
1.03085 48.2473
1.03698 47.562
1.04314 47.1455
1.04929 47.4404
1.05541 46.9067
1.06154 46.7467
1.06769 45.9578
1.07382 45.877
1.07993 46.1803
1.08607 45.3025
1.09222 45.4043
1.09836 44.9125
1.10449 45.0209
1.11063 43.9181
1.11677 43.9324
1.1229 44.0823
1.12903 43.3194
1.13518 43.1252
1.14131 43.3565
1.14745 42.6023
1.15359 42.6549
1.15973 41.8987
1.16584 41.8525
1.17197 41.3613
1.17811 41.5572
1.18424 40.9305
1.19038 41.133
1.19652 40.6343
1.20267 40.3398
1.20881 40.0235
1.21495 40.0321
1.22108 39.4609
1.2272 39.1557
1.23334 39.2034
1.23949 38.5138
1.24562 38.6059
1.25174 38.1077
1.25789 37.8156
1.26402 37.6169
1.27014 37.6089
1.27628 37.3081
1.28244 36.9867
1.28858 36.7606
1.29471 36.8665
1.30084 36.362
1.30697 36.1539
1.31312 35.948
1.31925 35.6637
1.32537 35.0885
1.33151 35.3456
1.33765 35.1858
1.34378 34.7337
1.34992 34.2694
1.35606 34.223
1.3622 33.8074
1.36833 33.8909
1.37445 33.8233
1.38059 33.3368
1.38675 33.1623
1.39288 33.23
1.39901 32.8412
1.40515 32.4282
1.4113 32.2264
1.41742 32.4386
1.42355 32.0827
1.4297 31.8213
1.43585 31.3598
1.44198 31.4495
1.44809 31.3752
1.45423 31.3163
1.46036 30.8378
1.46649 30.8322
1.47263 30.629
1.47877 30.309
1.48491 30.4608
1.49104 29.8869
1.49718 29.7602
1.50333 29.7155
1.50947 29.3988
1.5156 29.4269
1.52172 28.9509
1.52787 28.8164
1.534 28.6542
1.54013 28.3297
1.54627 28.1467
1.55241 28.1435
1.55855 28.1372
1.56467 27.8554
1.5708 27.7822
