0.00783031 127.95
0.013688 159.261
0.019231 166.181
0.0249154 140.409
0.0312784 112.381
0.0375637 82.7679
0.0433917 69.7666
0.0492413 49.7207
0.0555754 40.442
0.0619321 22.4428
0.067871 12.4812
0.0738098 1.5331
0.0800417 -5.65741
0.0862327 -19.9347
0.0921407 -25.9816
0.0982031 -30.7309
0.104506 -35.789
0.110769 -43.6402
0.116806 -50.3211
0.122832 -56.9572
0.129052 -60.2283
0.135211 -62.4013
0.141259 -69.369
0.147318 -69.9851
0.153489 -72.6872
0.159709 -74.2936
0.165845 -75.3657
0.171974 -78.5868
0.178125 -82.9406
0.184229 -83.6743
0.19034 -87.0844
0.196428 -90.1757
0.202534 -90.4591
0.208729 -92.5215
0.214876 -94.941
0.220989 -94.8315
0.227147 -96.0623
0.23329 -99.7941
0.239377 -99.2404
0.245482 -100.47
0.251667 -102.653
0.257832 -102.504
0.263955 -104.646
0.270079 -103.906
0.27624 -107.812
0.282372 -108.977
0.28843 -110.997
0.294538 -110.22
0.300721 -109.345
0.30691 -112.381
0.313033 -113.129
0.319153 -115.606
0.325316 -115.778
0.33145 -115.153
0.337538 -117.133
0.343633 -119.537
0.349808 -118.097
0.355968 -118.108
0.362074 -118.56
0.368217 -119.828
0.374374 -118.724
0.380519 -122.45
0.386598 -121.012
0.392688 -125.653
0.39888 -124.042
0.405048 -124.796
0.411186 -124.096
0.417313 -124.927
0.423458 -126.795
0.429607 -126.696
0.435692 -126.321
0.441815 -127.34
0.447964 -127.521
0.454126 -130.4
0.460267 -129.45
0.466387 -128.846
0.47254 -128.516
0.478662 -130.362
0.484765 -132.417
0.490885 -130.302
0.497035 -130.83
0.503198 -132.482
0.509342 -131.682
0.515458 -132.752
0.521598 -132.284
0.527764 -133.212
0.533884 -134.467
0.54 -133.584
0.546137 -134.692
0.552299 -137.491
0.558452 -133.516
0.564573 -137.831
0.570708 -135.936
0.576825 -137.65
0.582926 -136.838
0.589034 -137.533
0.595184 -137.264
0.601379 -136.169
0.607522 -136.827
0.613639 -138.528
0.619772 -137.729
0.625918 -136.114
0.632068 -137.248
0.638161 -136.835
0.6443 -138.679
0.650464 -138.319
0.656582 -138.08
0.662703 -139.518
0.668861 -139.254
0.675024 -138.33
0.681124 -139.702
0.687237 -139.308
0.693381 -138.62
0.699536 -140.278
0.705665 -139.624
0.711789 -138.463
0.717957 -138.786
0.72409 -139.166
0.730186 -139.02
0.736317 -137.838
0.742472 -139.422
0.748622 -138.123
0.75476 -137.682
0.760888 -137.997
0.767043 -138.749
0.773185 -137.992
0.779291 -137.354
0.785407 -138.268
0.791564 -138.22
0.797719 -137.53
0.803834 -137.879
0.809972 -137.766
0.816124 -137.49
0.822261 -137.46
0.828378 -136.83
0.834502 -137.536
0.840667 -137.838
0.846816 -136.053
0.852925 -137.129
0.859047 -136.914
0.865192 -136.595
0.871341 -135.853
0.877463 -136.297
0.883569 -135.952
0.889708 -135.533
0.895864 -135.871
0.902008 -135.267
0.908149 -136.427
0.914301 -134.842
0.920448 -134.748
0.926574 -134.914
0.932687 -135.388
0.938823 -133.757
0.944975 -134.282
0.951105 -133.673
0.957225 -133.409
0.963368 -133.462
0.969511 -132.981
0.975621 -132.786
0.981748 -134.02
0.987916 -132.129
0.99406 -132.238
1.00019 -132.3
1.00632 -132.007
1.01246 -131.753
1.01859 -132.184
1.02471 -132.111
1.03085 -130.907
1.03698 -131.346
1.04314 -130.383
1.04929 -130.454
1.05541 -131.532
1.06154 -130.776
1.06769 -130.097
1.07382 -129.918
1.07993 -129.332
1.08607 -129.455
1.09222 -129.085
1.09836 -129.317
1.10449 -129.162
1.11063 -129.442
1.11677 -129.36
1.1229 -128.173
1.12903 -128.986
1.13518 -127.791
1.14131 -127.466
1.14745 -127.847
1.15359 -126.638
1.15973 -127.259
1.16584 -127.172
1.17197 -125.997
1.17811 -126.576
1.18424 -126.417
1.19038 -126.101
1.19652 -126.911
1.20267 -126.249
1.20881 -125.899
1.21495 -126.151
1.22108 -125.244
1.2272 -125.203
1.23334 -124.502
1.23949 -124.644
1.24562 -124.915
1.25174 -125.112
1.25789 -123.983
1.26402 -124.165
1.27014 -123.407
1.27628 -123.421
1.28244 -123.269
1.28858 -123.142
1.29471 -122.424
1.30084 -122.594
1.30697 -122.327
1.31312 -122.715
1.31925 -121.937
1.32537 -121.675
1.33151 -121.466
1.33765 -121.128
1.34378 -121.669
1.34992 -121.168
1.35606 -121.054
1.3622 -120.636
1.36833 -120.222
1.37445 -120.323
1.38059 -119.926
1.38675 -119.858
1.39288 -119.85
1.39901 -119.868
1.40515 -119.664
1.4113 -119.082
1.41742 -118.949
1.42355 -119.042
1.4297 -118.973
1.43585 -119.122
1.44198 -118.284
1.44809 -118.87
1.45423 -117.684
1.46036 -117.868
1.46649 -117.719
1.47263 -117.678
1.47877 -117.494
1.48491 -117.114
1.49104 -116.724
1.49718 -116.671
1.50333 -116.999
1.50947 -116.607
1.5156 -116.768
1.52172 -116.204
1.52787 -116.059
1.534 -115.554
1.54013 -115.959
1.54627 -115.921
1.55241 -115.475
1.55855 -115.39
1.56467 -115.145
1.5708 -115.312
