0.00783031 -20.8437
0.013688 16.6726
0.019231 1.46846
0.0249154 0.502633
0.0312784 -4.74274
0.0375637 0.281138
0.0433917 3.99115
0.0492413 3.00142
0.0555754 5.03537
0.0619321 4.77899
0.067871 5.71947
0.0738098 4.68373
0.0800417 7.19239
0.0862327 8.17256
0.0921407 8.98219
0.0982031 9.36391
0.104506 11.7302
0.110769 12.1405
0.116806 12.8217
0.122832 14.0421
0.129052 14.3665
0.135211 16.6609
0.141259 17.8563
0.147318 17.4445
0.153489 20.3189
0.159709 20.9987
0.165845 21.3277
0.171974 21.8516
0.178125 22.86
0.184229 23.4271
0.19034 22.9526
0.196428 25.2768
0.202534 25.712
0.208729 28.1861
0.214876 27.8263
0.220989 28.9987
0.227147 29.7811
0.23329 29.7835
0.239377 31.101
0.245482 29.2266
0.251667 31.8053
0.257832 32.092
0.263955 31.8779
0.270079 32.2401
0.27624 33.6229
0.282372 34.1037
0.28843 33.7519
0.294538 35.0937
0.300721 34.8979
0.30691 35.0522
0.313033 34.7677
0.319153 36.051
0.325316 36.291
0.33145 35.9588
0.337538 35.704
0.343633 36.8231
0.349808 36.7948
0.355968 36.9417
0.362074 36.4646
0.368217 36.4038
0.374374 36.2374
0.380519 36.9494
0.386598 36.4062
0.392688 36.7944
0.39888 35.9422
0.405048 36.8958
0.411186 36.3062
0.417313 36.3213
0.423458 36.6762
0.429607 35.2691
0.435692 35.1057
0.441815 35.2774
0.447964 35.1439
0.454126 34.6221
0.460267 34.4904
0.466387 33.5874
0.47254 33.6766
0.478662 32.7603
0.484765 33.2202
0.490885 32.1801
0.497035 32.0555
0.503198 31.4946
0.509342 31.1391
0.515458 30.7214
0.521598 30.5327
0.527764 29.8947
0.533884 29.8844
0.54 29.7647
0.546137 28.9838
0.552299 28.8643
0.558452 28.4234
0.564573 27.9809
0.570708 28.2839
0.576825 27.5952
0.582926 27.1967
0.589034 26.669
0.595184 25.5514
0.601379 25.6526
0.607522 25.5411
0.613639 24.8301
0.619772 24.3237
0.625918 24.0944
0.632068 23.4266
0.638161 23.1387
0.6443 22.9301
0.650464 23.1208
0.656582 22.4675
0.662703 22.0689
0.668861 21.7616
0.675024 21.382
0.681124 21.2982
0.687237 20.5606
0.693381 20.9726
0.699536 20.5429
0.705665 19.3736
0.711789 19.1692
0.717957 18.8268
0.72409 18.9133
0.730186 18.4412
0.736317 18.365
0.742472 18.354
0.748622 17.922
0.75476 17.5036
0.760888 17.6813
0.767043 17.6425
0.773185 17.8937
0.779291 17.7817
0.785407 17.3757
0.791564 16.935
0.797719 16.6136
0.803834 16.448
0.809972 16.0511
0.816124 15.8881
0.822261 15.799
0.828378 15.9815
0.834502 15.5789
0.840667 15.6054
0.846816 15.2573
0.852925 15.2042
0.859047 15.5367
0.865192 15.1339
0.871341 15.0331
0.877463 15.3288
0.883569 14.6837
0.889708 14.8628
0.895864 14.9254
0.902008 14.436
0.908149 14.6882
0.914301 14.6292
0.920448 14.2558
0.926574 14.2219
0.932687 14.261
0.938823 13.8047
0.944975 13.9549
0.951105 14.0495
0.957225 13.9703
0.963368 14.1895
0.969511 13.5923
0.975621 13.4207
0.981748 13.7614
0.987916 13.7517
0.99406 13.3818
1.00019 13.4854
1.00632 13.5848
1.01246 13.4821
1.01859 13.2523
1.02471 13.5505
1.03085 13.0789
1.03698 13.0192
1.04314 12.6765
1.04929 12.9615
1.05541 12.7673
1.06154 12.7445
1.06769 12.7473
1.07382 12.6999
1.07993 12.3455
1.08607 12.6022
1.09222 12.7215
1.09836 12.5929
1.10449 12.3522
1.11063 12.6205
1.11677 12.7594
1.1229 12.2642
1.12903 12.5766
1.13518 12.1515
1.14131 12.0655
1.14745 12.5853
1.15359 12.1122
1.15973 12.1996
1.16584 11.9343
1.17197 12.0639
1.17811 11.8745
1.18424 12.0745
1.19038 11.8981
1.19652 11.68
1.20267 11.599
1.20881 11.9338
1.21495 12.0108
1.22108 11.6069
1.2272 11.5929
1.23334 11.5596
1.23949 11.6963
1.24562 11.5962
1.25174 11.4417
1.25789 11.3242
1.26402 11.2571
1.27014 11.5621
1.27628 11.1826
1.28244 11.3874
1.28858 11.3376
1.29471 11.1436
1.30084 11.1476
1.30697 11.0967
1.31312 11.2142
1.31925 10.8633
1.32537 11.0153
1.33151 11.1394
1.33765 10.9311
1.34378 10.896
1.34992 10.5223
1.35606 10.8633
1.3622 10.6908
1.36833 10.5368
1.37445 10.415
1.38059 10.3509
1.38675 10.6741
1.39288 10.4503
1.39901 10.4638
1.40515 10.606
1.4113 10.3159
1.41742 10.3554
1.42355 9.98457
1.4297 10.082
1.43585 10.178
1.44198 10.2151
1.44809 9.99904
1.45423 10.0927
1.46036 9.84806
1.46649 10.1611
1.47263 10.1382
1.47877 9.79773
1.48491 9.83567
1.49104 9.8823
1.49718 9.56281
1.50333 9.67357
1.50947 9.68408
1.5156 9.58846
1.52172 9.4932
1.52787 9.35503
1.534 9.46331
1.54013 9.31789
1.54627 9.43165
1.55241 9.20494
1.55855 9.27809
1.56467 9.13135
1.5708 9.05868
