0.00783031 18834.6
0.013688 23224.2
0.019231 23239.4
0.0249154 22013.6
0.0312784 18869.4
0.0375637 15876.7
0.0433917 14174.9
0.0492413 12784
0.0555754 11484.8
0.0619321 10759
0.067871 10166.6
0.0738098 9486.94
0.0800417 8485.98
0.0862327 8009.6
0.0921407 7231.71
0.0982031 6535.11
0.104506 5832.35
0.110769 5656.28
0.116806 5438.22
0.122832 5174.62
0.129052 4893.35
0.135211 4638.6
0.141259 4486.83
0.147318 4213.86
0.153489 3996.76
0.159709 3773.54
0.165845 3568.74
0.171974 3428.66
0.178125 3317.32
0.184229 3196.61
0.19034 3133.12
0.196428 2996.27
0.202534 2872.89
0.208729 2792.46
0.214876 2717.97
0.220989 2629.69
0.227147 2547.67
0.23329 2506.36
0.239377 2413.15
0.245482 2362.75
0.251667 2310.07
0.257832 2253.87
0.263955 2220.62
0.270079 2130.33
0.27624 2111.56
0.282372 2084.19
0.28843 2049.96
0.294538 1985.07
0.300721 1946.85
0.30691 1905.64
0.313033 1873.06
0.319153 1872.01
0.325316 1814.47
0.33145 1786.35
0.337538 1756.85
0.343633 1726.36
0.349808 1685.28
0.355968 1666.11
0.362074 1644.28
0.368217 1608.91
0.374374 1584.62
0.380519 1575.14
0.386598 1536.12
0.392688 1525.48
0.39888 1489.67
0.405048 1474.41
0.411186 1466.78
0.417313 1439.79
0.423458 1427.48
0.429607 1411.44
0.435692 1386.61
0.441815 1373.51
0.447964 1353.68
0.454126 1349.15
0.460267 1333.09
0.466387 1294.68
0.47254 1287.08
0.478662 1287.04
0.484765 1273.37
0.490885 1244.4
0.497035 1238.19
0.503198 1226.81
0.509342 1214.83
0.515458 1193
0.521598 1179.4
0.527764 1167.44
0.533884 1151.79
0.54 1136.27
0.546137 1134.86
0.552299 1125.86
0.558452 1101.52
0.564573 1103.88
0.570708 1079.4
0.576825 1085.87
0.582926 1062.21
0.589034 1065.51
0.595184 1049.23
0.601379 1030.91
0.607522 1022.37
0.613639 1018.13
0.619772 1005.98
0.625918 990.501
0.632068 987.992
0.638161 971.852
0.6443 967.805
0.650464 958.525
0.656582 945.451
0.662703 943.006
0.668861 936.905
0.675024 915.613
0.681124 915.501
0.687237 903.868
0.693381 896.916
0.699536 890.017
0.705665 880.315
0.711789 865.415
0.717957 854.794
0.72409 856.393
0.730186 843.289
0.736317 837.229
0.742472 829.443
0.748622 822.358
0.75476 813.929
0.760888 808.902
0.767043 804.014
0.773185 794.669
0.779291 779.911
0.785407 776.603
0.791564 773.921
0.797719 766.055
0.803834 755.188
0.809972 753.249
0.816124 741.659
0.822261 737.536
0.828378 726.586
0.834502 722.042
0.840667 719.085
0.846816 707.167
0.852925 702.46
0.859047 701.62
0.865192 691.23
0.871341 681.928
0.877463 680.388
0.883569 673.25
0.889708 668.493
0.895864 658.833
0.902008 654.048
0.908149 652.488
0.914301 647.412
0.920448 634.647
0.926574 634.836
0.932687 629.916
0.938823 621.384
0.944975 616.137
0.951105 608.316
0.957225 603.445
0.963368 598.215
0.969511 597.166
0.975621 587.217
0.981748 587.644
0.987916 580.465
0.99406 571.597
1.00019 570.281
1.00632 563.346
1.01246 557.53
1.01859 553.912
1.02471 550.968
1.03085 542.898
1.03698 538.731
1.04314 531.778
1.04929 529.292
1.05541 526.086
1.06154 520.057
1.06769 515.909
1.07382 511.459
1.07993 506.552
1.08607 503.012
1.09222 497.522
1.09836 492.613
1.10449 489.041
1.11063 488.324
1.11677 482.258
1.1229 477.075
1.12903 474.463
1.13518 468.45
1.14131 465.644
1.14745 461.297
1.15359 452.573
1.15973 454.61
1.16584 449.864
1.17197 441.666
1.17811 441.49
1.18424 437.291
1.19038 434.233
1.19652 432.665
1.20267 426.198
1.20881 422.063
1.21495 420.324
1.22108 416.079
1.2272 411.461
1.23334 408.13
1.23949 403.194
1.24562 401.558
1.25174 399.238
1.25789 394.887
1.26402 391.102
1.27014 387.251
1.27628 384.124
1.28244 379.465
1.28858 377.546
1.29471 373.149
1.30084 370.913
1.30697 368.353
1.31312 365.343
1.31925 360.989
1.32537 357.453
1.33151 354.718
1.33765 351.007
1.34378 349.023
1.34992 345.083
1.35606 342.478
1.3622 339.954
1.36833 335.951
1.37445 332.801
1.38059 330.265
1.38675 327.763
1.39288 324.907
1.39901 322.429
1.40515 318.384
1.4113 316.075
1.41742 312.88
1.42355 311.717
1.4297 308.021
1.43585 305.178
1.44198 302.367
1.44809 300.314
1.45423 297.601
1.46036 294.533
1.46649 290.038
1.47263 288.499
1.47877 286.469
1.48491 283.513
1.49104 281.389
1.49718 278.684
1.50333 276.549
1.50947 273.725
1.5156 271.654
1.52172 268.29
1.52787 265.174
1.534 264.475
1.54013 261.93
1.54627 259.949
1.55241 256.83
1.55855 254.628
1.56467 251.173
1.5708 250.431
