0.00783031 2950.52
0.013688 3021.05
0.019231 4526.52
0.0249154 3045.28
0.0312784 3116.24
0.0375637 2822.99
0.0433917 2686.11
0.0492413 2396.88
0.0555754 2276.54
0.0619321 2282.83
0.067871 2187.59
0.0738098 1975.57
0.0800417 1919.39
0.0862327 1731.72
0.0921407 1611.18
0.0982031 1634.67
0.104506 1558.29
0.110769 1481.36
0.116806 1347.14
0.122832 1339.67
0.129052 1239.66
0.135211 1219.71
0.141259 1137.24
0.147318 1091.94
0.153489 1061.52
0.159709 1034.29
0.165845 954.121
0.171974 941.083
0.178125 904.97
0.184229 859.137
0.19034 830.805
0.196428 828.645
0.202534 780.177
0.208729 752.097
0.214876 745.256
0.220989 724.223
0.227147 698.262
0.23329 671.077
0.239377 645.747
0.245482 654.793
0.251667 623.513
0.257832 599.688
0.263955 586.361
0.270079 575.08
0.27624 562.06
0.282372 553.378
0.28843 532.943
0.294538 522.472
0.300721 509.285
0.30691 497.761
0.313033 491.465
0.319153 476.46
0.325316 473.481
0.33145 464.127
0.337538 443.333
0.343633 442.605
0.349808 439.205
0.355968 419.758
0.362074 419.98
0.368217 414.721
0.374374 407.366
0.380519 400.469
0.386598 391.251
0.392688 382.909
0.39888 380.426
0.405048 374.792
0.411186 371.662
0.417313 368.082
0.423458 364.37
0.429607 360.428
0.435692 351.259
0.441815 348.239
0.447964 346.25
0.454126 341.661
0.460267 340.718
0.466387 334.698
0.47254 330.911
0.478662 327.344
0.484765 326.019
0.490885 322.677
0.497035 318.696
0.503198 318.369
0.509342 313.848
0.515458 310.685
0.521598 308.142
0.527764 305.734
0.533884 304.923
0.54 301.74
0.546137 299.936
0.552299 298.579
0.558452 296.112
0.564573 295.486
0.570708 292.01
0.576825 293.243
0.582926 289.324
0.589034 288.507
0.595184 287.873
0.601379 283.927
0.607522 283.97
0.613639 283.142
0.619772 280.532
0.625918 281.286
0.632068 278.441
0.638161 277.263
0.6443 276.678
0.650464 274.248
0.656582 274.116
0.662703 273.435
0.668861 272.067
0.675024 269.119
0.681124 270.103
0.687237 268.72
0.693381 267.182
0.699536 265.708
0.705665 268.059
0.711789 265.574
0.717957 263.999
0.72409 263.82
0.730186 264.041
0.736317 261.039
0.742472 262.06
0.748622 260.802
0.75476 259.77
0.760888 258.222
0.767043 258.3
0.773185 256.947
0.779291 256.162
0.785407 256.757
0.791564 254.546
0.797719 255.069
0.803834 254.958
0.809972 252.786
0.816124 252.597
0.822261 252.341
0.828378 252.585
0.834502 250.144
0.840667 250.795
0.846816 250.408
0.852925 248.738
0.859047 249.795
0.865192 249.239
0.871341 247.125
0.877463 246.797
0.883569 246.245
0.889708 246.418
0.895864 246.05
0.902008 245.441
0.908149 245.542
0.914301 243.708
0.920448 244.634
0.926574 244.245
0.932687 242.41
0.938823 242.507
0.944975 241.55
0.951105 241.44
0.957225 241.729
0.963368 239.916
0.969511 240.187
0.975621 239.983
0.981748 238.459
0.987916 239.009
0.99406 239.195
1.00019 237.919
1.00632 237.72
1.01246 237.193
1.01859 236.223
1.02471 235.367
1.03085 235.899
1.03698 234.755
1.04314 234.539
1.04929 233.606
1.05541 232.777
1.06154 232.743
1.06769 233.032
1.07382 233.032
1.07993 231.859
1.08607 231.043
1.09222 230.825
1.09836 229.686
1.10449 230.19
1.11063 229.014
1.11677 229.506
1.1229 228.976
1.12903 227.843
1.13518 228.964
1.14131 228.149
1.14745 227.799
1.15359 227.087
1.15973 226.734
1.16584 225.66
1.17197 225.486
1.17811 224.823
1.18424 224.64
1.19038 223.498
1.19652 223.936
1.20267 224.304
1.20881 223.144
1.21495 223.224
1.22108 221.783
1.2272 222.363
1.23334 221.482
1.23949 220.399
1.24562 220.755
1.25174 220.58
1.25789 219.901
1.26402 218.857
1.27014 219.732
1.27628 219.427
1.28244 218.287
1.28858 217.86
1.29471 217.49
1.30084 216.711
1.30697 216.937
1.31312 216.444
1.31925 215.972
1.32537 215.253
1.33151 214.738
1.33765 214.755
1.34378 214.557
1.34992 213.406
1.35606 213.42
1.3622 213.267
1.36833 211.871
1.37445 212.559
1.38059 211.689
1.38675 211.537
1.39288 211.615
1.39901 211.353
1.40515 210.85
1.4113 210.864
1.41742 210.7
1.42355 209.518
1.4297 209.415
1.43585 209.251
1.44198 208.05
1.44809 207.919
1.45423 207.697
1.46036 207.997
1.46649 207.24
1.47263 207.316
1.47877 206.746
1.48491 206.106
1.49104 205.424
1.49718 205.462
1.50333 205.87
1.50947 204.998
1.5156 204.322
1.52172 203.865
1.52787 203.287
1.534 203.509
1.54013 203.111
1.54627 203.228
1.55241 202.536
1.55855 202.182
1.56467 201.716
1.5708 201.646
