0.00783031 6696.6
0.013688 7276.19
0.019231 11631.1
0.0249154 7990.93
0.0312784 9391.8
0.0375637 8481.33
0.0433917 8670.18
0.0492413 8216.66
0.0555754 8357.53
0.0619321 8420.95
0.067871 8143.56
0.0738098 8283.02
0.0800417 8089.68
0.0862327 7620.39
0.0921407 7866.95
0.0982031 7733.97
0.104506 7659.14
0.110769 7621.56
0.116806 7033.4
0.122832 7339.55
0.129052 6930.64
0.135211 6857.27
0.141259 6666.94
0.147318 6710.43
0.153489 6511.2
0.159709 6406.41
0.165845 6159.8
0.171974 6191.28
0.178125 5988.23
0.184229 5931.62
0.19034 5723.76
0.196428 5719.04
0.202534 5634.12
0.208729 5621.31
0.214876 5516.94
0.220989 5499.22
0.227147 5325.11
0.23329 5468.1
0.239377 5301.29
0.245482 5371.72
0.251667 5152.79
0.257832 5064.61
0.263955 5058.91
0.270079 4957.1
0.27624 5040.73
0.282372 4979.91
0.28843 4890.25
0.294538 4851.32
0.300721 4831.33
0.30691 4769.81
0.313033 4748.32
0.319153 4692.91
0.325316 4623.6
0.33145 4550.97
0.337538 4592.78
0.343633 4580.27
0.349808 4543.91
0.355968 4513.06
0.362074 4498.48
0.368217 4482.19
0.374374 4404.22
0.380519 4424.76
0.386598 4385.47
0.392688 4299.42
0.39888 4290.52
0.405048 4296.25
0.411186 4277.24
0.417313 4264.13
0.423458 4250.45
0.429607 4228.74
0.435692 4247.89
0.441815 4196.98
0.447964 4208.49
0.454126 4208.36
0.460267 4129.27
0.466387 4172.71
0.47254 4141.52
0.478662 4151.98
0.484765 4138.23
0.490885 4121.06
0.497035 4117.25
0.503198 4105.68
0.509342 4110.15
0.515458 4064.63
0.521598 4076.66
0.527764 4044.45
0.533884 4057.61
0.54 4037.65
0.546137 4048.25
0.552299 4043.28
0.558452 3990.44
0.564573 4057.91
0.570708 4001.03
0.576825 4026.17
0.582926 4018.7
0.589034 4012.02
0.595184 4002.49
0.601379 3983.29
0.607522 3987.97
0.613639 3969.81
0.619772 3984.16
0.625918 3984.98
0.632068 3967.44
0.638161 3982.63
0.6443 3913.69
0.650464 3943.97
0.656582 3970.46
0.662703 3953.76
0.668861 3948.61
0.675024 3943.66
0.681124 3950.42
0.687237 3919.37
0.693381 3929.26
0.699536 3931.29
0.705665 3921.45
0.711789 3926.03
0.717957 3909.42
0.72409 3890.28
0.730186 3896.91
0.736317 3898.24
0.742472 3886.29
0.748622 3889.34
0.75476 3894.11
0.760888 3888.09
0.767043 3867.6
0.773185 3868.02
0.779291 3891.03
0.785407 3866.7
0.791564 3867.31
0.797719 3843.79
0.803834 3851.22
0.809972 3849.27
0.816124 3848.49
0.822261 3834.59
0.828378 3839.37
0.834502 3822.44
0.840667 3844.37
0.846816 3837
0.852925 3842.45
0.859047 3805.23
0.865192 3843
0.871341 3810.41
0.877463 3815.58
0.883569 3819.42
0.889708 3811.69
0.895864 3781.01
0.902008 3778.06
0.908149 3777.67
0.914301 3779.09
0.920448 3756.47
0.926574 3771.27
0.932687 3755.37
0.938823 3752.84
0.944975 3729.73
0.951105 3741.74
0.957225 3736.21
0.963368 3750.81
0.969511 3732.22
0.975621 3735.41
0.981748 3710.89
0.987916 3732.03
0.99406 3686.89
1.00019 3708.26
1.00632 3694.97
1.01246 3677
1.01859 3675.55
1.02471 3664.11
1.03085 3670.63
1.03698 3656.63
1.04314 3654.02
1.04929 3645.41
1.05541 3652.12
1.06154 3648.38
1.06769 3626.66
1.07382 3630.73
1.07993 3628.77
1.08607 3616.53
1.09222 3616.72
1.09836 3604.54
1.10449 3585.41
1.11063 3584.34
1.11677 3594.41
1.1229 3581.25
1.12903 3576.05
1.13518 3571.18
1.14131 3561.12
1.14745 3553.96
1.15359 3551.08
1.15973 3547.28
1.16584 3550.86
1.17197 3538.42
1.17811 3523.12
1.18424 3519.68
1.19038 3508.48
1.19652 3506.66
1.20267 3509.64
1.20881 3509.61
1.21495 3496.95
1.22108 3479
1.2272 3484.11
1.23334 3470.95
1.23949 3475.24
1.24562 3465.4
1.25174 3454.46
1.25789 3441.82
1.26402 3438
1.27014 3434.81
1.27628 3430.19
1.28244 3432.1
1.28858 3413.68
1.29471 3399.06
1.30084 3406.99
1.30697 3401.69
1.31312 3393.33
1.31925 3395.24
1.32537 3386.17
1.33151 3371.55
1.33765 3374.36
1.34378 3363.27
1.34992 3355.75
1.35606 3353.41
1.3622 3341.79
1.36833 3332.74
1.37445 3328.79
1.38059 3329.21
1.38675 3328.88
1.39288 3319.05
1.39901 3306.38
1.40515 3309.09
1.4113 3294.88
1.41742 3295.96
1.42355 3281.65
1.4297 3277.38
1.43585 3274.84
1.44198 3274.86
1.44809 3262.5
1.45423 3260.77
1.46036 3261.08
1.46649 3247.98
1.47263 3243.26
1.47877 3236.76
1.48491 3227.37
1.49104 3228.73
1.49718 3220.5
1.50333 3222.98
1.50947 3211.17
1.5156 3204.76
1.52172 3206.54
1.52787 3204.44
1.534 3190.95
1.54013 3186.99
1.54627 3175.17
1.55241 3173.19
1.55855 3175.98
1.56467 3166.85
1.5708 3154.17
