0.00783031 3017.03
0.013688 3389.76
0.019231 3249.16
0.0249154 3319.95
0.0312784 3559.07
0.0375637 2714.79
0.0433917 2685.71
0.0492413 2541.1
0.0555754 2432.29
0.0619321 2524.69
0.067871 2115.74
0.0738098 1999.01
0.0800417 1963.91
0.0862327 1923.22
0.0921407 1809.89
0.0982031 1633.99
0.104506 1684.41
0.110769 1506.51
0.116806 1484.68
0.122832 1416.52
0.129052 1422.63
0.135211 1340.28
0.141259 1265.54
0.147318 1215.57
0.153489 1197.89
0.159709 1113.33
0.165845 1043.49
0.171974 1049.61
0.178125 992.847
0.184229 960.132
0.19034 941.455
0.196428 905.691
0.202534 898.405
0.208729 865.659
0.214876 854.609
0.220989 817.69
0.227147 795.176
0.23329 786.859
0.239377 747.824
0.245482 738.749
0.251667 715.682
0.257832 697.879
0.263955 681.007
0.270079 657.262
0.27624 652.909
0.282372 626.877
0.28843 627.715
0.294538 603.955
0.300721 596.601
0.30691 580.871
0.313033 567.622
0.319153 563.414
0.325316 539.828
0.33145 532.506
0.337538 526.289
0.343633 517.979
0.349808 504.668
0.355968 494.632
0.362074 490.291
0.368217 481.799
0.374374 476.395
0.380519 464.531
0.386598 455.369
0.392688 450.715
0.39888 436.47
0.405048 434.82
0.411186 424.146
0.417313 418.829
0.423458 414.582
0.429607 406.873
0.435692 402.289
0.441815 394.854
0.447964 393.313
0.454126 385.932
0.460267 380.182
0.466387 373.884
0.47254 368.079
0.478662 364.675
0.484765 362.714
0.490885 359.788
0.497035 353.296
0.503198 349.005
0.509342 344.169
0.515458 338.712
0.521598 336.62
0.527764 333.929
0.533884 330.606
0.54 328.279
0.546137 324.016
0.552299 319.913
0.558452 315.049
0.564573 311.435
0.570708 307.461
0.576825 307.968
0.582926 304.565
0.589034 299.968
0.595184 296.694
0.601379 293.504
0.607522 292.383
0.613639 288.367
0.619772 283.874
0.625918 281.717
0.632068 282.956
0.638161 280.027
0.6443 278.349
0.650464 274.243
0.656582 272.252
0.662703 269.781
0.668861 269.549
0.675024 267.093
0.681124 263.212
0.687237 262.022
0.693381 259.165
0.699536 260.167
0.705665 255.916
0.711789 255.298
0.717957 251.585
0.72409 250.393
0.730186 249.689
0.736317 246.057
0.742472 245.542
0.748622 243.694
0.75476 243.321
0.760888 240.834
0.767043 240.987
0.773185 238.729
0.779291 236.37
0.785407 234.462
0.791564 234.982
0.797719 232.125
0.803834 230.467
0.809972 228.986
0.816124 229.119
0.822261 228.269
0.828378 226.134
0.834502 225.317
0.840667 222.761
0.846816 223.353
0.852925 222.687
0.859047 220.945
0.865192 220.521
0.871341 218.214
0.877463 217.676
0.883569 216.598
0.889708 216.013
0.895864 214.745
0.902008 212.131
0.908149 211.594
0.914301 210.242
0.920448 210.245
0.926574 208.241
0.932687 208.81
0.938823 207.646
0.944975 206.932
0.951105 205.557
0.957225 204.645
0.963368 204.478
0.969511 204.265
0.975621 202.043
0.981748 201.129
0.987916 200.926
0.99406 199.912
1.00019 198.13
1.00632 198.281
1.01246 197.112
1.01859 196.31
1.02471 195.563
1.03085 195.583
1.03698 194.14
1.04314 193.631
1.04929 192.96
1.05541 192.051
1.06154 191.807
1.06769 190.854
1.07382 190.615
1.07993 189.822
1.08607 189.598
1.09222 188.284
1.09836 187.785
1.10449 187.385
1.11063 186.407
1.11677 185.83
1.1229 185.045
1.12903 183.992
1.13518 183.118
1.14131 183.235
1.14745 183.036
1.15359 182.374
1.15973 181.157
1.16584 180.877
1.17197 180.254
1.17811 179.861
1.18424 179.019
1.19038 178.643
1.19652 178.419
1.20267 177.888
1.20881 176.397
1.21495 176.325
1.22108 175.852
1.2272 175.779
1.23334 175.26
1.23949 174.884
1.24562 174.58
1.25174 173.455
1.25789 173.251
1.26402 172.303
1.27014 172.542
1.27628 172.114
1.28244 171.426
1.28858 170.856
1.29471 170.745
1.30084 169.715
1.30697 169.581
1.31312 168.812
1.31925 168.583
1.32537 168.117
1.33151 168.104
1.33765 167.803
1.34378 167.223
1.34992 166.807
1.35606 165.136
1.3622 165.506
1.36833 164.654
1.37445 164.926
1.38059 164.016
1.38675 163.851
1.39288 164.026
1.39901 163.092
1.40515 162.951
1.4113 162.087
1.41742 161.356
1.42355 160.824
1.4297 161.234
1.43585 160.335
1.44198 160.346
1.44809 159.922
1.45423 159.54
1.46036 159.463
1.46649 158.803
1.47263 158.03
1.47877 157.477
1.48491 157.323
1.49104 157.066
1.49718 156.724
1.50333 156.178
1.50947 156.21
1.5156 155.477
1.52172 155.513
1.52787 154.741
1.534 154.425
1.54013 154.813
1.54627 154.335
1.55241 153.516
1.55855 153.374
1.56467 153.056
1.5708 152.603
