0.00783031 1.61443
0.013688 1.97797
0.019231 2.20664
0.0249154 2.22805
0.0312784 2.08737
0.0375637 2.05493
0.0433917 1.9682
0.0492413 2.04699
0.0555754 2.2327
0.0619321 2.33619
0.067871 2.48512
0.0738098 2.44895
0.0800417 2.56085
0.0862327 2.81918
0.0921407 2.90028
0.0982031 2.94329
0.104506 3.01984
0.110769 3.26504
0.116806 3.50931
0.122832 3.82883
0.129052 4.05347
0.135211 4.33024
0.141259 4.55771
0.147318 4.7879
0.153489 4.89755
0.159709 5.21455
0.165845 5.49877
0.171974 5.93805
0.178125 6.23188
0.184229 6.44626
0.19034 7.0672
0.196428 7.29031
0.202534 7.71432
0.208729 8.25203
0.214876 8.66349
0.220989 8.90566
0.227147 9.33053
0.23329 9.71115
0.239377 10.2351
0.245482 10.7309
0.251667 11.3191
0.257832 11.6451
0.263955 12.2077
0.270079 12.5965
0.27624 13.4432
0.282372 13.7195
0.28843 14.1077
0.294538 14.6646
0.300721 15.2397
0.30691 15.8595
0.313033 16.4305
0.319153 17.1495
0.325316 17.3045
0.33145 18.4894
0.337538 18.9689
0.343633 19.4916
0.349808 20.2295
0.355968 20.8988
0.362074 21.7369
0.368217 22.1968
0.374374 22.9835
0.380519 23.3456
0.386598 23.9121
0.392688 25.0111
0.39888 25.4791
0.405048 26.3597
0.411186 26.7256
0.417313 27.7838
0.423458 28.335
0.429607 29.0508
0.435692 29.8438
0.441815 30.7169
0.447964 31.8487
0.454126 32.1203
0.460267 32.748
0.466387 33.8285
0.47254 34.6692
0.478662 35.3731
0.484765 36.4959
0.490885 37.0622
0.497035 37.7854
0.503198 38.4321
0.509342 39.4602
0.515458 40.3002
0.521598 40.7915
0.527764 41.6853
0.533884 42.5803
0.54 43.1614
0.546137 44.2992
0.552299 45.2024
0.558452 46.0936
0.564573 46.7692
0.570708 47.368
0.576825 48.157
0.582926 49.3653
0.589034 50.1251
0.595184 51.573
0.601379 51.3568
0.607522 52.6744
0.613639 53.517
0.619772 54.585
0.625918 55.0913
0.632068 56.4413
0.638161 57.0199
0.6443 57.7963
0.650464 58.8506
0.656582 59.2168
0.662703 60.7763
0.668861 61.6324
0.675024 62.0835
0.681124 63.351
0.687237 64.0569
0.693381 65.0949
0.699536 65.9012
0.705665 66.9644
0.711789 67.3128
0.717957 67.9593
0.72409 69.3206
0.730186 70.2169
0.736317 71.2667
0.742472 71.6269
0.748622 72.1689
0.75476 73.8189
0.760888 74.6334
0.767043 75.1459
0.773185 76.245
0.779291 76.8745
0.785407 77.937
0.791564 78.9088
0.797719 79.3476
0.803834 80.1352
0.809972 80.9217
0.816124 82.1427
0.822261 83.052
0.828378 83.5085
0.834502 84.3515
0.840667 84.9381
0.846816 85.6586
0.852925 86.538
0.859047 87.2045
0.865192 88.6149
0.871341 88.539
0.877463 89.7383
0.883569 90.1969
0.889708 91.2873
0.895864 91.9061
0.902008 92.5135
0.908149 93.4877
0.914301 93.7752
0.920448 95.2603
0.926574 95.6165
0.932687 96.7403
0.938823 96.9644
0.944975 97.6412
0.951105 98.6734
0.957225 98.9836
0.963368 99.9171
0.969511 100.668
0.975621 101.087
0.981748 101.896
0.987916 102.76
0.99406 103.121
1.00019 104.165
1.00632 104.707
1.01246 105.028
1.01859 105.133
1.02471 106.167
1.03085 106.991
1.03698 107.313
1.04314 108.15
1.04929 108.763
1.05541 108.932
1.06154 109.488
1.06769 110.442
1.07382 111.263
1.07993 111.284
1.08607 112.139
1.09222 112.556
1.09836 113.297
1.10449 113.51
1.11063 113.954
1.11677 114.352
1.1229 114.952
1.12903 115.718
1.13518 115.873
1.14131 116.524
1.14745 117.188
1.15359 117.233
1.15973 117.615
1.16584 118.323
1.17197 118.715
1.17811 118.886
1.18424 119.655
1.19038 120.27
1.19652 120.53
1.20267 120.716
1.20881 121.319
1.21495 121.847
1.22108 121.802
1.2272 122.047
1.23334 122.708
1.23949 123.5
1.24562 123.617
1.25174 124.101
1.25789 123.987
1.26402 124.781
1.27014 124.302
1.27628 125.671
1.28244 125.484
1.28858 125.859
1.29471 125.859
1.30084 126.73
1.30697 126.97
1.31312 127.29
1.31925 127.605
1.32537 128.129
1.33151 128.175
1.33765 128.407
1.34378 128.618
1.34992 128.998
1.35606 129.262
1.3622 129.164
1.36833 129.891
1.37445 130.033
1.38059 130.391
1.38675 130.464
1.39288 130.483
1.39901 131.234
1.40515 131.236
1.4113 131.574
1.41742 131.71
1.42355 131.992
1.4297 132.17
1.43585 132.583
1.44198 132.678
1.44809 133.156
1.45423 132.996
1.46036 133.199
1.46649 133.142
1.47263 133.683
1.47877 133.869
1.48491 134.025
1.49104 134.157
1.49718 134.268
1.50333 134.63
1.50947 135.089
1.5156 135.097
1.52172 135.176
1.52787 135.247
1.534 135.513
1.54013 135.399
1.54627 135.805
1.55241 135.917
1.55855 135.85
1.56467 136.012
1.5708 136.191
