0.00783031 7163
0.013688 8229.73
0.019231 8430.44
0.0249154 8785.87
0.0312784 10241.3
0.0375637 8804.25
0.0433917 8722.19
0.0492413 8416.32
0.0555754 8510.88
0.0619321 8780.94
0.067871 8098.82
0.0738098 8274.43
0.0800417 8274.62
0.0862327 7997.94
0.0921407 7815.81
0.0982031 7536.89
0.104506 7558.71
0.110769 7355.11
0.116806 7553.69
0.122832 7251.03
0.129052 7306.76
0.135211 7029.64
0.141259 6869.83
0.147318 6748.75
0.153489 6647.65
0.159709 6518.35
0.165845 6435.85
0.171974 6475.46
0.178125 6312.92
0.184229 6052.11
0.19034 6116.31
0.196428 6024.48
0.202534 5863.31
0.208729 5737.07
0.214876 5772.95
0.220989 5588.28
0.227147 5615.77
0.23329 5621.57
0.239377 5481.89
0.245482 5412.66
0.251667 5365.38
0.257832 5406.8
0.263955 5244.93
0.270079 5172.53
0.27624 5176.39
0.282372 5018.37
0.28843 5065.41
0.294538 5028.62
0.300721 4993.98
0.30691 4934.02
0.313033 4890.53
0.319153 4813.29
0.325316 4763.15
0.33145 4739.57
0.337538 4625.51
0.343633 4691.66
0.349808 4629.22
0.355968 4620.18
0.362074 4587
0.368217 4531.64
0.374374 4474.02
0.380519 4452.77
0.386598 4460.18
0.392688 4372.74
0.39888 4367.82
0.405048 4348.88
0.411186 4328.69
0.417313 4280.4
0.423458 4266.99
0.429607 4252.51
0.435692 4226.28
0.441815 4156.63
0.447964 4172.76
0.454126 4115.7
0.460267 4162.69
0.466387 4091.03
0.47254 4099.86
0.478662 4072.79
0.484765 4054.75
0.490885 4053.13
0.497035 4040.57
0.503198 4002.78
0.509342 3961.09
0.515458 3942.64
0.521598 3951.85
0.527764 3929.74
0.533884 3895.93
0.54 3902.78
0.546137 3854.61
0.552299 3864.49
0.558452 3828.52
0.564573 3837.57
0.570708 3824.61
0.576825 3793.89
0.582926 3781.79
0.589034 3791.26
0.595184 3783.39
0.601379 3733.13
0.607522 3727.77
0.613639 3722.85
0.619772 3679.42
0.625918 3672.08
0.632068 3662.48
0.638161 3678.12
0.6443 3670.87
0.650464 3655.45
0.656582 3612.47
0.662703 3620.14
0.668861 3593.79
0.675024 3573.83
0.681124 3585.77
0.687237 3575.47
0.693381 3543.23
0.699536 3562.52
0.705665 3539.41
0.711789 3522.69
0.717957 3529.67
0.72409 3496.99
0.730186 3490.15
0.736317 3479.5
0.742472 3466.8
0.748622 3472.05
0.75476 3458.22
0.760888 3443.91
0.767043 3445.66
0.773185 3435.67
0.779291 3405.15
0.785407 3417.28
0.791564 3382.93
0.797719 3408.31
0.803834 3386.94
0.809972 3361.49
0.816124 3354.41
0.822261 3369.37
0.828378 3353.92
0.834502 3338.64
0.840667 3313.36
0.846816 3328.25
0.852925 3327.05
0.859047 3327.87
0.865192 3301.32
0.871341 3283.91
0.877463 3293.46
0.883569 3268.89
0.889708 3274.55
0.895864 3259.73
0.902008 3256.08
0.908149 3247.43
0.914301 3227.12
0.920448 3239.98
0.926574 3223.4
0.932687 3206.78
0.938823 3195.53
0.944975 3200.16
0.951105 3186.92
0.957225 3174.86
0.963368 3182.7
0.969511 3183.43
0.975621 3167.53
0.981748 3141.19
0.987916 3149.31
0.99406 3153.3
1.00019 3135.79
1.00632 3137.93
1.01246 3121.14
1.01859 3127.99
1.02471 3102.86
1.03085 3109
1.03698 3100.64
1.04314 3086.43
1.04929 3087.98
1.05541 3087.1
1.06154 3079.12
1.06769 3073.12
1.07382 3061.36
1.07993 3059.02
1.08607 3045.59
1.09222 3044.21
1.09836 3037.04
1.10449 3033.27
1.11063 3029.5
1.11677 3027.19
1.1229 3013.7
1.12903 3029.06
1.13518 3005.33
1.14131 3003.94
1.14745 3000.09
1.15359 2990.95
1.15973 2981.37
1.16584 2988.67
1.17197 2977.92
1.17811 2959.55
1.18424 2962.91
1.19038 2963.68
1.19652 2952.07
1.20267 2953.52
1.20881 2948.06
1.21495 2935.96
1.22108 2934.98
1.2272 2932.98
1.23334 2923.89
1.23949 2918.48
1.24562 2920.95
1.25174 2902.87
1.25789 2895.27
1.26402 2889.65
1.27014 2896.71
1.27628 2884.62
1.28244 2879.69
1.28858 2880.48
1.29471 2862.81
1.30084 2864.46
1.30697 2855.18
1.31312 2850.74
1.31925 2840.8
1.32537 2839.84
1.33151 2844.5
1.33765 2833.78
1.34378 2826.54
1.34992 2822.88
1.35606 2817.24
1.3622 2814.9
1.36833 2799.74
1.37445 2801.17
1.38059 2790.88
1.38675 2789.8
1.39288 2789.98
1.39901 2785.41
1.40515 2768.32
1.4113 2768.77
1.41742 2767.88
1.42355 2753.28
1.4297 2752.45
1.43585 2739.24
1.44198 2746.67
1.44809 2739.69
1.45423 2734.92
1.46036 2728.4
1.46649 2721.67
1.47263 2719.07
1.47877 2709.38
1.48491 2703.22
1.49104 2692.03
1.49718 2694.95
1.50333 2693.11
1.50947 2682.18
1.5156 2679.52
1.52172 2678.75
1.52787 2673.52
1.534 2667.95
1.54013 2664.56
1.54627 2656.39
1.55241 2646.44
1.55855 2644.08
1.56467 2636.03
1.5708 2637.33
