0.00783031 3568.3
0.013688 2951.09
0.019231 3081.53
0.0249154 2969.57
0.0312784 2754.32
0.0375637 2760.89
0.0433917 3024.97
0.0492413 2949.17
0.0555754 2592.73
0.0619321 2405.24
0.067871 2353.73
0.0738098 2211.99
0.0800417 2090.66
0.0862327 1800.36
0.0921407 1798.96
0.0982031 1696.62
0.104506 1652.87
0.110769 1612.05
0.116806 1440.46
0.122832 1445.33
0.129052 1450.62
0.135211 1352.19
0.141259 1320.82
0.147318 1253.4
0.153489 1187.82
0.159709 1187.9
0.165845 1142.32
0.171974 1087.01
0.178125 1080.94
0.184229 1040.92
0.19034 1001.08
0.196428 978.331
0.202534 929.091
0.208729 919.053
0.214876 882.026
0.220989 871.351
0.227147 840.226
0.23329 823.643
0.239377 805.908
0.245482 787.255
0.251667 757.286
0.257832 743.649
0.263955 721.744
0.270079 708.704
0.27624 700.444
0.282372 681.233
0.28843 666.953
0.294538 649.202
0.300721 636.282
0.30691 624.884
0.313033 617.611
0.319153 599.717
0.325316 592.385
0.33145 582.525
0.337538 565.358
0.343633 553.867
0.349808 549.887
0.355968 537.997
0.362074 524.338
0.368217 514.267
0.374374 512.912
0.380519 503.224
0.386598 489.463
0.392688 485.578
0.39888 476.27
0.405048 473.692
0.411186 462.262
0.417313 449.466
0.423458 448.481
0.429607 438.839
0.435692 434.442
0.441815 422.43
0.447964 417.846
0.454126 414.464
0.460267 410.253
0.466387 401.114
0.47254 394.82
0.478662 389.317
0.484765 384.434
0.490885 377.021
0.497035 372.296
0.503198 366.349
0.509342 362.01
0.515458 357.441
0.521598 355.351
0.527764 346.191
0.533884 345.171
0.54 340.571
0.546137 337.321
0.552299 329.503
0.558452 325.874
0.564573 322.27
0.570708 316.399
0.576825 311.503
0.582926 310.572
0.589034 305.508
0.595184 303.778
0.601379 300.564
0.607522 295.839
0.613639 290.474
0.619772 289.2
0.625918 284.795
0.632068 279.206
0.638161 277.214
0.6443 275.492
0.650464 270.276
0.656582 270.616
0.662703 263.782
0.668861 261.487
0.675024 259.965
0.681124 257.283
0.687237 254.883
0.693381 252.401
0.699536 250.579
0.705665 245.464
0.711789 244.164
0.717957 240.621
0.72409 237.954
0.730186 237.674
0.736317 234.094
0.742472 230.342
0.748622 229.539
0.75476 227.064
0.760888 224.587
0.767043 221.754
0.773185 219.55
0.779291 218.378
0.785407 215.834
0.791564 213.753
0.797719 212.18
0.803834 209.914
0.809972 207.438
0.816124 205.923
0.822261 204.248
0.828378 201.612
0.834502 199.495
0.840667 198.284
0.846816 196.773
0.852925 195.293
0.859047 192.784
0.865192 190.756
0.871341 189.21
0.877463 188.161
0.883569 186.152
0.889708 185.282
0.895864 182.925
0.902008 182.136
0.908149 179.96
0.914301 177.99
0.920448 176.379
0.926574 176.36
0.932687 174.099
0.938823 172.768
0.944975 172.354
0.951105 170.863
0.957225 168.237
0.963368 166.806
0.969511 166.809
0.975621 165.327
0.981748 164.086
0.987916 162.126
0.99406 161.018
1.00019 159.664
1.00632 158.908
1.01246 157.592
1.01859 156.885
1.02471 156.161
1.03085 154.29
1.03698 152.613
1.04314 152.372
1.04929 151.032
1.05541 150.453
1.06154 149.262
1.06769 148.345
1.07382 147.279
1.07993 146.349
1.08607 145.378
1.09222 144.716
1.09836 143.965
1.10449 142.553
1.11063 141.684
1.11677 141.046
1.1229 139.799
1.12903 139.571
1.13518 138.315
1.14131 137.261
1.14745 136.935
1.15359 135.824
1.15973 135.29
1.16584 134.894
1.17197 133.695
1.17811 132.58
1.18424 131.661
1.19038 131.255
1.19652 130.734
1.20267 129.617
1.20881 129.256
1.21495 128.241
1.22108 127.823
1.2272 126.997
1.23334 126.551
1.23949 125.839
1.24562 125.318
1.25174 124.126
1.25789 123.955
1.26402 123.372
1.27014 122.638
1.27628 122.02
1.28244 121.834
1.28858 120.993
1.29471 120.962
1.30084 119.664
1.30697 119.21
1.31312 118.648
1.31925 118.161
1.32537 117.609
1.33151 117.082
1.33765 116.817
1.34378 116.244
1.34992 115.791
1.35606 115.442
1.3622 114.459
1.36833 113.922
1.37445 113.488
1.38059 113.212
1.38675 113.035
1.39288 112.16
1.39901 111.693
1.40515 111.723
1.4113 111.085
1.41742 110.894
1.42355 110.36
1.4297 110.087
1.43585 109.806
1.44198 109.055
1.44809 108.957
1.45423 108.431
1.46036 108.033
1.46649 107.684
1.47263 107.121
1.47877 106.841
1.48491 106.683
1.49104 106.348
1.49718 105.997
1.50333 105.968
1.50947 105.315
1.5156 104.969
1.52172 104.605
1.52787 104.319
1.534 103.733
1.54013 103.726
1.54627 103.276
1.55241 102.7
1.55855 102.682
1.56467 102.765
1.5708 102.12
