0.00783031 -1165.67
0.013688 3868.01
0.019231 5502.04
0.0249154 576.902
0.0312784 1232.39
0.0375637 542.387
0.0433917 908.569
0.0492413 1189.39
0.0555754 977.775
0.0619321 1542.09
0.067871 1329.64
0.0738098 1192.87
0.0800417 1406.59
0.0862327 1351.79
0.0921407 1632.38
0.0982031 1589.16
0.104506 1451.61
0.110769 1762.47
0.116806 1569.97
0.122832 1510.45
0.129052 1742.76
0.135211 1779.49
0.141259 1831.16
0.147318 1741.72
0.153489 1802.46
0.159709 1832.11
0.165845 1883.47
0.171974 1855.68
0.178125 1975.73
0.184229 1985.18
0.19034 1997.85
0.196428 1987.56
0.202534 2040.74
0.208729 1955.69
0.214876 1927.74
0.220989 1929.97
0.227147 1963.1
0.23329 1989.46
0.239377 1986.87
0.245482 1922.46
0.251667 1872.03
0.257832 1933.9
0.263955 1966.95
0.270079 1901.89
0.27624 1943.1
0.282372 1970.53
0.28843 1893.38
0.294538 1872.12
0.300721 1863.18
0.30691 1895.72
0.313033 1876.3
0.319153 1878.71
0.325316 1836.54
0.33145 1890.68
0.337538 1833.11
0.343633 1847.6
0.349808 1863.25
0.355968 1813.74
0.362074 1815.17
0.368217 1809.18
0.374374 1828.68
0.380519 1818.74
0.386598 1796.83
0.392688 1800.17
0.39888 1762.65
0.405048 1757.04
0.411186 1758.44
0.417313 1791.3
0.423458 1750.45
0.429607 1747.03
0.435692 1766.25
0.441815 1729.52
0.447964 1737.3
0.454126 1722.43
0.460267 1711.26
0.466387 1721.58
0.47254 1713.34
0.478662 1682.62
0.484765 1676.45
0.490885 1676.22
0.497035 1650.35
0.503198 1651.47
0.509342 1637.02
0.515458 1655.83
0.521598 1628.26
0.527764 1616.2
0.533884 1617.11
0.54 1597.79
0.546137 1587.73
0.552299 1586.46
0.558452 1580.76
0.564573 1573.73
0.570708 1552.85
0.576825 1557.56
0.582926 1540.33
0.589034 1544.2
0.595184 1535.11
0.601379 1523.42
0.607522 1504.4
0.613639 1509.76
0.619772 1502.95
0.625918 1496.51
0.632068 1485.76
0.638161 1465.83
0.6443 1455.6
0.650464 1452.32
0.656582 1444.35
0.662703 1432.53
0.668861 1420.77
0.675024 1428.87
0.681124 1413.78
0.687237 1410.72
0.693381 1393.25
0.699536 1389.54
0.705665 1382.24
0.711789 1374.3
0.717957 1361.49
0.72409 1350.61
0.730186 1350.05
0.736317 1342.87
0.742472 1340.36
0.748622 1327.21
0.75476 1332.99
0.760888 1319.67
0.767043 1317.43
0.773185 1294.93
0.779291 1290.61
0.785407 1290.36
0.791564 1275.2
0.797719 1271.15
0.803834 1265.98
0.809972 1264.45
0.816124 1254.96
0.822261 1239.01
0.828378 1245.19
0.834502 1228.6
0.840667 1218.62
0.846816 1219.32
0.852925 1213.52
0.859047 1202.47
0.865192 1192.84
0.871341 1190.19
0.877463 1179.18
0.883569 1173.02
0.889708 1168.49
0.895864 1164.4
0.902008 1143.79
0.908149 1148.1
0.914301 1134.89
0.920448 1133.4
0.926574 1126.92
0.932687 1116
0.938823 1108.58
0.944975 1104.05
0.951105 1092.5
0.957225 1090.61
0.963368 1081.05
0.969511 1075.38
0.975621 1070.09
0.981748 1063.76
0.987916 1056.37
0.99406 1052.33
1.00019 1039.16
1.00632 1034.74
1.01246 1030.02
1.01859 1021.19
1.02471 1020.11
1.03085 1009.68
1.03698 999.126
1.04314 1001.49
1.04929 993.67
1.05541 983.045
1.06154 974.324
1.06769 972.327
1.07382 966.587
1.07993 963.656
1.08607 959.166
1.09222 950.279
1.09836 941.617
1.10449 935.794
1.11063 931.287
1.11677 930.63
1.1229 917.526
1.12903 915.511
1.13518 908.709
1.14131 904.094
1.14745 895.762
1.15359 886.556
1.15973 886.549
1.16584 880.614
1.17197 871.326
1.17811 867.961
1.18424 861.424
1.19038 855.883
1.19652 854.051
1.20267 843.44
1.20881 842.914
1.21495 833.647
1.22108 832.477
1.2272 821.58
1.23334 818.867
1.23949 811.407
1.24562 812.756
1.25174 803.425
1.25789 797.933
1.26402 791.525
1.27014 789.298
1.27628 783.251
1.28244 781.945
1.28858 772.471
1.29471 772.604
1.30084 765.447
1.30697 759.817
1.31312 752.085
1.31925 751.484
1.32537 744.401
1.33151 740.937
1.33765 730.729
1.34378 729.759
1.34992 726.354
1.35606 721.752
1.3622 716.926
1.36833 708.884
1.37445 706.05
1.38059 702.353
1.38675 696.882
1.39288 694.824
1.39901 688.149
1.40515 684.068
1.4113 676.394
1.41742 674.774
1.42355 668.622
1.4297 667.434
1.43585 662.018
1.44198 655.782
1.44809 654.082
1.45423 648.354
1.46036 645.315
1.46649 639.244
1.47263 637.479
1.47877 630.797
1.48491 626.742
1.49104 625.866
1.49718 619.274
1.50333 614.105
1.50947 610.601
1.5156 606.151
1.52172 604.174
1.52787 601.769
1.534 598.308
1.54013 593.197
1.54627 587.134
1.55241 585.086
1.55855 581.494
1.56467 576.737
1.5708 576.553
