0.00783031 1992.69
0.013688 801.182
0.019231 -465.278
0.0249154 297.648
0.0312784 -387.693
0.0375637 -295.264
0.0433917 269.447
0.0492413 -311.275
0.0555754 4.04338
0.0619321 -153.908
0.067871 20.9786
0.0738098 -1.98778
0.0800417 -136.855
0.0862327 -28.7012
0.0921407 -244.855
0.0982031 -160.23
0.104506 -184.576
0.110769 -310.344
0.116806 -63.8591
0.122832 -112.077
0.129052 -192.694
0.135211 -204.172
0.141259 -189.199
0.147318 -189.447
0.153489 -193.834
0.159709 -157.321
0.165845 -171.181
0.171974 -248.624
0.178125 -189.708
0.184229 -169.758
0.19034 -200.143
0.196428 -170.472
0.202534 -191.868
0.208729 -171.424
0.214876 -192.707
0.220989 -203.397
0.227147 -162.679
0.23329 -197.378
0.239377 -196.871
0.245482 -187.963
0.251667 -165.714
0.257832 -186.375
0.263955 -179.149
0.270079 -175.56
0.27624 -174.096
0.282372 -173.196
0.28843 -172.112
0.294538 -167.254
0.300721 -157.145
0.30691 -165.577
0.313033 -162.706
0.319153 -168.968
0.325316 -163.286
0.33145 -153.394
0.337538 -156.019
0.343633 -162.359
0.349808 -162.944
0.355968 -164.351
0.362074 -156.047
0.368217 -162.089
0.374374 -154.095
0.380519 -149.245
0.386598 -153.373
0.392688 -157.033
0.39888 -148.611
0.405048 -145.814
0.411186 -142.755
0.417313 -147.349
0.423458 -138.81
0.429607 -142.106
0.435692 -139.374
0.441815 -136.376
0.447964 -130.99
0.454126 -136.072
0.460267 -127.192
0.466387 -135.002
0.47254 -132.431
0.478662 -134.308
0.484765 -127.626
0.490885 -126.587
0.497035 -124.946
0.503198 -124.607
0.509342 -121.775
0.515458 -127.402
0.521598 -115.532
0.527764 -122.94
0.533884 -124.096
0.54 -121.828
0.546137 -120.189
0.552299 -115.021
0.558452 -115.166
0.564573 -117.435
0.570708 -112.761
0.576825 -112.211
0.582926 -108.183
0.589034 -111.612
0.595184 -111.998
0.601379 -109.134
0.607522 -110.131
0.613639 -104.08
0.619772 -104.18
0.625918 -103.525
0.632068 -104.009
0.638161 -102.544
0.6443 -100.416
0.650464 -99.9536
0.656582 -98.5282
0.662703 -96.4188
0.668861 -95.8319
0.675024 -96.1889
0.681124 -97.0225
0.687237 -96.4825
0.693381 -95.9438
0.699536 -93.3891
0.705665 -95.1398
0.711789 -93.5007
0.717957 -92.7861
0.72409 -91.8692
0.730186 -90.1773
0.736317 -87.654
0.742472 -88.0664
0.748622 -89.9331
0.75476 -88.6646
0.760888 -87.2419
0.767043 -85.9305
0.773185 -86.18
0.779291 -86.5969
0.785407 -85.7155
0.791564 -81.8349
0.797719 -85.0114
0.803834 -83.5451
0.809972 -84.986
0.816124 -82.639
0.822261 -82.7231
0.828378 -83.4252
0.834502 -81.746
0.840667 -79.4976
0.846816 -79.5958
0.852925 -81.3666
0.859047 -79.6592
0.865192 -79.5294
0.871341 -78.7472
0.877463 -79.6578
0.883569 -78.2728
0.889708 -79.7632
0.895864 -77.0671
0.902008 -80.9739
0.908149 -78.9447
0.914301 -78.7469
0.920448 -77.972
0.926574 -77.2796
0.932687 -74.2977
0.938823 -76.461
0.944975 -76.5916
0.951105 -77.7056
0.957225 -78.5032
0.963368 -73.1183
0.969511 -76.1518
0.975621 -73.1418
0.981748 -75.0749
0.987916 -73.9125
0.99406 -76.4501
1.00019 -75.1349
1.00632 -74.5839
1.01246 -75.5711
1.01859 -74.9534
1.02471 -73.1654
1.03085 -74.0329
1.03698 -74.717
1.04314 -74.4524
1.04929 -72.3751
1.05541 -73.7215
1.06154 -72.7807
1.06769 -72.4355
1.07382 -71.6924
1.07993 -71.9409
1.08607 -71.0473
1.09222 -71.3058
1.09836 -70.5033
1.10449 -70.2745
1.11063 -71.1459
1.11677 -69.7365
1.1229 -71.5681
1.12903 -70.442
1.13518 -69.6647
1.14131 -70.0502
1.14745 -68.7349
1.15359 -70.309
1.15973 -69.889
1.16584 -68.0962
1.17197 -70.2918
1.17811 -68.5321
1.18424 -68.4854
1.19038 -68.074
1.19652 -69.1642
1.20267 -68.8501
1.20881 -68.3867
1.21495 -67.6863
1.22108 -68.1545
1.2272 -67.3567
1.23334 -67.2775
1.23949 -67.1795
1.24562 -67.1211
1.25174 -66.5811
1.25789 -65.8186
1.26402 -65.58
1.27014 -66.2272
1.27628 -64.4963
1.28244 -65.701
1.28858 -65.3419
1.29471 -64.8197
1.30084 -64.8861
1.30697 -64.5981
1.31312 -65.1945
1.31925 -62.9944
1.32537 -64.5607
1.33151 -63.5614
1.33765 -64.027
1.34378 -62.042
1.34992 -63.8108
1.35606 -63.2351
1.3622 -62.4567
1.36833 -63.311
1.37445 -61.8285
1.38059 -62.6139
1.38675 -62.113
1.39288 -62.9958
1.39901 -61.607
1.40515 -62.355
1.4113 -60.8428
1.41742 -60.3024
1.42355 -60.9405
1.4297 -59.8822
1.43585 -58.2263
1.44198 -59.0027
1.44809 -59.2824
1.45423 -58.7672
1.46036 -59.0288
1.46649 -59.5517
1.47263 -57.9909
1.47877 -57.7937
1.48491 -58.2635
1.49104 -57.583
1.49718 -57.506
1.50333 -57.0718
1.50947 -57.3942
1.5156 -57.0081
1.52172 -56.6152
1.52787 -55.9316
1.534 -56.0483
1.54013 -56.3026
1.54627 -55.537
1.55241 -55.418
1.55855 -55.5289
1.56467 -54.0809
1.5708 -54.1833
