0.00783031 20455.6
0.013688 25346.2
0.019231 25157.9
0.0249154 23315.4
0.0312784 19937.1
0.0375637 17327.8
0.0433917 14443.5
0.0492413 12749.1
0.0555754 11883.1
0.0619321 11052.3
0.067871 10664.1
0.0738098 9297.63
0.0800417 8378.33
0.0862327 7661.97
0.0921407 6839.17
0.0982031 6170.02
0.104506 5626.52
0.110769 5226.6
0.116806 4937.29
0.122832 4824.03
0.129052 4431.35
0.135211 4149.17
0.141259 3852.01
0.147318 3768.42
0.153489 3485.72
0.159709 3258.51
0.165845 3081.69
0.171974 2970.42
0.178125 2798.32
0.184229 2674.02
0.19034 2586.51
0.196428 2445.73
0.202534 2332.67
0.208729 2259.6
0.214876 2182.98
0.220989 2090.09
0.227147 2051
0.23329 1958.63
0.239377 1861.47
0.245482 1850.82
0.251667 1740.83
0.257832 1697.94
0.263955 1663.73
0.270079 1635.3
0.27624 1583.52
0.282372 1516.66
0.28843 1465.92
0.294538 1433.85
0.300721 1403.06
0.30691 1366.5
0.313033 1328.9
0.319153 1295.45
0.325316 1279.78
0.33145 1235.49
0.337538 1211.14
0.343633 1207.66
0.349808 1159.9
0.355968 1130.07
0.362074 1110.16
0.368217 1076.84
0.374374 1066.69
0.380519 1048.63
0.386598 1022.94
0.392688 997.46
0.39888 983.735
0.405048 966.895
0.411186 944.595
0.417313 932.102
0.423458 920.521
0.429607 908.908
0.435692 893.475
0.441815 880.706
0.447964 853.369
0.454126 844.963
0.460267 833.316
0.466387 822.918
0.47254 801.787
0.478662 796.407
0.484765 775.186
0.490885 768.543
0.497035 759.377
0.503198 747.169
0.509342 733.573
0.515458 722.763
0.521598 712.878
0.527764 711.427
0.533884 687.203
0.54 687.891
0.546137 676.679
0.552299 663.229
0.558452 661.972
0.564573 647.27
0.570708 639.22
0.576825 631.193
0.582926 626.709
0.589034 619.542
0.595184 610.813
0.601379 602.072
0.607522 597.266
0.613639 588.016
0.619772 579.444
0.625918 574.172
0.632068 568.113
0.638161 561.014
0.6443 554.174
0.650464 549.779
0.656582 541.712
0.662703 532.924
0.668861 526.082
0.675024 519.799
0.681124 514.971
0.687237 511.489
0.693381 505.772
0.699536 495.629
0.705665 491.02
0.711789 486.875
0.717957 481.595
0.72409 475.018
0.730186 471.102
0.736317 464.985
0.742472 459.661
0.748622 453.719
0.75476 452.685
0.760888 444.048
0.767043 440.342
0.773185 435.791
0.779291 430.683
0.785407 427.579
0.791564 423.385
0.797719 417.523
0.803834 412.973
0.809972 410.347
0.816124 404.935
0.822261 401.128
0.828378 396.13
0.834502 390.668
0.840667 389.931
0.846816 385.22
0.852925 378.539
0.859047 376.939
0.865192 373.879
0.871341 369.651
0.877463 368.106
0.883569 361.768
0.889708 358.251
0.895864 352.974
0.902008 350.891
0.908149 348.018
0.914301 344.025
0.920448 340.361
0.926574 336.616
0.932687 334.629
0.938823 329.592
0.944975 326.699
0.951105 324.35
0.957225 320.813
0.963368 317.416
0.969511 314.318
0.975621 310.051
0.981748 307.823
0.987916 304.665
0.99406 301.411
1.00019 298.791
1.00632 293.988
1.01246 292.457
1.01859 289.611
1.02471 287.096
1.03085 284.265
1.03698 282.642
1.04314 278.517
1.04929 276.76
1.05541 273.544
1.06154 271.487
1.06769 267.66
1.07382 265.35
1.07993 263.128
1.08607 259.593
1.09222 257.264
1.09836 254.24
1.10449 253.105
1.11063 250.162
1.11677 247.432
1.1229 246.275
1.12903 242.853
1.13518 240.748
1.14131 238.823
1.14745 237.047
1.15359 234.097
1.15973 231.987
1.16584 229.315
1.17197 227.354
1.17811 225.249
1.18424 223.298
1.19038 221.283
1.19652 218.634
1.20267 216.918
1.20881 214.028
1.21495 213.582
1.22108 210.397
1.2272 208.788
1.23334 205.826
1.23949 204.522
1.24562 203.004
1.25174 200.961
1.25789 198.958
1.26402 196.531
1.27014 194.681
1.27628 192.921
1.28244 190.781
1.28858 188.754
1.29471 187.365
1.30084 185.665
1.30697 183.965
1.31312 182.059
1.31925 179.977
1.32537 178.559
1.33151 176.875
1.33765 176.177
1.34378 173.541
1.34992 172.122
1.35606 170.405
1.3622 168.761
1.36833 167.108
1.37445 165.254
1.38059 164.532
1.38675 162.634
1.39288 161.305
1.39901 159.585
1.40515 158.286
1.4113 156.48
1.41742 154.74
1.42355 154.061
1.4297 152.346
1.43585 150.656
1.44198 149.465
1.44809 148.071
1.45423 147.323
1.46036 145.677
1.46649 143.828
1.47263 142.983
1.47877 141.538
1.48491 139.702
1.49104 138.831
1.49718 137.668
1.50333 136.232
1.50947 135.176
1.5156 133.836
1.52172 132.907
1.52787 131.443
1.534 130.123
1.54013 128.753
1.54627 127.707
1.55241 126.563
1.55855 125.794
1.56467 124.455
1.5708 123.374
