0.00783031 4082.76
0.013688 3465.98
0.019231 2530.34
0.0249154 3731.82
0.0312784 3685.95
0.0375637 2947.37
0.0433917 2904.56
0.0492413 2437.45
0.0555754 2358.43
0.0619321 2152.29
0.067871 2095.52
0.0738098 1939.15
0.0800417 1819.39
0.0862327 1830.66
0.0921407 1674.13
0.0982031 1637.03
0.104506 1543.15
0.110769 1460.47
0.116806 1404.15
0.122832 1345.64
0.129052 1317.36
0.135211 1297.62
0.141259 1200.73
0.147318 1139.48
0.153489 1089.51
0.159709 1061.41
0.165845 1018.72
0.171974 969.613
0.178125 938.172
0.184229 913.448
0.19034 896.182
0.196428 853.566
0.202534 824.244
0.208729 785.532
0.214876 774.83
0.220989 750.574
0.227147 733.173
0.23329 707.875
0.239377 688.485
0.245482 673.868
0.251667 654.732
0.257832 633.337
0.263955 623.799
0.270079 600.073
0.27624 590.661
0.282372 564.826
0.28843 559.301
0.294538 541.338
0.300721 517.509
0.30691 512.586
0.313033 496.328
0.319153 496.849
0.325316 482.27
0.33145 470.305
0.337538 459.54
0.343633 456.25
0.349808 442.165
0.355968 432.687
0.362074 424.434
0.368217 417.74
0.374374 410.339
0.380519 401.295
0.386598 393.242
0.392688 386.925
0.39888 374.505
0.405048 366.619
0.411186 363.034
0.417313 356.165
0.423458 352.056
0.429607 347.089
0.435692 340.941
0.441815 336.655
0.447964 327.118
0.454126 325.915
0.460267 323.442
0.466387 317.228
0.47254 309.581
0.478662 308.506
0.484765 305.329
0.490885 298.756
0.497035 296
0.503198 290.992
0.509342 285.77
0.515458 284.019
0.521598 279.88
0.527764 275.731
0.533884 273.057
0.54 269.167
0.546137 265.309
0.552299 262.339
0.558452 262.025
0.564573 257.555
0.570708 255.344
0.576825 252.492
0.582926 252.411
0.589034 248.531
0.595184 247.554
0.601379 243.903
0.607522 241.227
0.613639 239.881
0.619772 239.03
0.625918 235.824
0.632068 234.085
0.638161 231.917
0.6443 230.844
0.650464 229.377
0.656582 227.593
0.662703 226.334
0.668861 224.282
0.675024 222.949
0.681124 221.185
0.687237 220.923
0.693381 219.98
0.699536 218.346
0.705665 215.93
0.711789 214.862
0.717957 214.113
0.72409 212.649
0.730186 211.106
0.736317 210.065
0.742472 209.717
0.748622 208.077
0.75476 206.831
0.760888 206.579
0.767043 205.444
0.773185 205.425
0.779291 204.505
0.785407 203.248
0.791564 203.393
0.797719 201.375
0.803834 200.68
0.809972 200.078
0.816124 200.605
0.822261 199.234
0.828378 198.412
0.834502 197.371
0.840667 197.645
0.846816 197.705
0.852925 196.424
0.859047 195.192
0.865192 195.315
0.871341 195.356
0.877463 194.479
0.883569 193.879
0.889708 194.714
0.895864 193.859
0.902008 192.447
0.908149 192.135
0.914301 192.448
0.920448 192.296
0.926574 191.824
0.932687 191.341
0.938823 191.051
0.944975 190.947
0.951105 189.673
0.957225 189.575
0.963368 189.616
0.969511 189.589
0.975621 189.942
0.981748 188.714
0.987916 188.685
0.99406 187.864
1.00019 187.455
1.00632 187.912
1.01246 187.779
1.01859 187.182
1.02471 187.053
1.03085 187.066
1.03698 186.253
1.04314 186.295
1.04929 186.16
1.05541 185.251
1.06154 185.439
1.06769 184.317
1.07382 185.005
1.07993 184.53
1.08607 184.446
1.09222 184.95
1.09836 184.713
1.10449 183.074
1.11063 184.637
1.11677 183.631
1.1229 184.027
1.12903 183.615
1.13518 183.783
1.14131 182.184
1.14745 182.824
1.15359 182.728
1.15973 182.617
1.16584 182.357
1.17197 182.684
1.17811 181.58
1.18424 182.295
1.19038 182.044
1.19652 180.785
1.20267 181.739
1.20881 181.018
1.21495 181.427
1.22108 181.165
1.2272 180.718
1.23334 180.483
1.23949 180.85
1.24562 180.107
1.25174 180.51
1.25789 180.338
1.26402 179.467
1.27014 180.499
1.27628 179.502
1.28244 180.5
1.28858 179.417
1.29471 179.049
1.30084 179.764
1.30697 179.571
1.31312 179.014
1.31925 178.797
1.32537 179.038
1.33151 178.413
1.33765 179.31
1.34378 178.417
1.34992 178.523
1.35606 178.222
1.3622 177.869
1.36833 178.424
1.37445 177.608
1.38059 177.83
1.38675 177.768
1.39288 177.281
1.39901 177.134
1.40515 177.543
1.4113 177.788
1.41742 177.011
1.42355 177.054
1.4297 176.824
1.43585 176.946
1.44198 176.75
1.44809 176.807
1.45423 176.764
1.46036 176.138
1.46649 176.253
1.47263 175.804
1.47877 176.59
1.48491 176.238
1.49104 176.32
1.49718 175.553
1.50333 176.027
1.50947 175.947
1.5156 176.017
1.52172 175.344
1.52787 175.504
1.534 175.548
1.54013 175.503
1.54627 174.767
1.55241 175.013
1.55855 175.268
1.56467 175.062
1.5708 174.408
