#  k  (h/Mpc)          P(k)  (Mpc/h)^3     P_linear(k)   P_NL(k) (Mpc/h)^3
     0.00783031         20619.6         20513.5           20402 
       0.013688         25437.7         25365.8         25170.4 
       0.019231         25483.4         25635.4         25378.2 
      0.0249154         23503.8         23617.7         23341.1 
      0.0312784         20023.2         20361.8         20072.2 
      0.0375637         17123.3         17287.6         17029.1 
      0.0433917         14672.9         15046.4         14768.3 
      0.0492413         13217.8         13439.5         13172.6 
      0.0555754         12055.6         12280.2         12034.8 
      0.0619321         11397.3         11423.3         11182.2 
       0.067871         10452.3         10674.3         10455.7 
      0.0738098         9266.98         9842.08         9530.37 
      0.0800417         8669.38         8856.08         8604.23 
      0.0862327         7658.96         7841.33          7739.8 
      0.0921407         6923.53         6940.55         6884.81 
      0.0982031          6079.3         6164.83         6243.98 
       0.104506         5590.45         5561.75         5737.32 
       0.110769         5193.32         5155.89         5263.08 
       0.116806         4945.17         4889.47         4964.46 
       0.122832         4753.32         4677.07         4752.13 
       0.129052         4545.26         4453.97         4522.27 
       0.135211         4297.52         4193.92         4269.83 
       0.141259         4082.77         3896.12         4050.54 
       0.147318         3783.41         3576.26         3807.16 
       0.153489         3529.41          3260.5         3472.32 
       0.159709         3313.68         2982.04         3265.67 
       0.165845         3106.79         2764.14         3130.37 
       0.171974         2999.02         2604.93         2961.41 
       0.178125         2849.33          2488.7         2879.78 
       0.184229         2764.12          2396.6         2743.09 
        0.19034         2685.33         2308.28         2640.78 
       0.196428          2516.6         2211.01            2533 
       0.202534         2462.97         2098.34         2448.32 
       0.208729         2375.54         1971.83          2315.9 
       0.214876         2201.87         1845.05         2253.38 
       0.220989         2235.12         1727.42         2179.44 
       0.227147         2133.68          1625.3         2105.71 
        0.23329         2034.33          1542.2         2040.86 
       0.239377         1997.53         1476.79         1962.14 
       0.245482         1887.53         1423.17         1881.11 
       0.251667          1855.9         1374.77          1839.5 
       0.257832         1823.02         1326.38         1781.24 
       0.263955         1750.35         1274.55         1732.73 
       0.270079         1710.92         1218.63         1683.96 
        0.27624          1650.2         1160.63         1632.19 
       0.282372         1610.35         1104.16         1604.22 
        0.28843         1554.17         1052.29         1569.55 
       0.294538         1541.62         1005.98         1521.93 
       0.300721         1495.36         965.772         1476.82 
        0.30691         1471.66         931.185         1457.29 
       0.313033         1433.78         900.669         1412.21 
       0.319153         1410.97         871.904         1373.99 
       0.325316         1358.12         843.127         1354.28 
        0.33145         1344.35         813.802         1308.65 
       0.337538         1296.94         783.968         1289.04 
       0.343633         1294.59         754.209         1273.23 
       0.349808         1265.03         725.137         1252.72 
       0.355968         1224.96         698.007         1228.96 
       0.362074         1213.28         673.396         1205.73 
       0.368217         1208.12         651.053         1177.75 
       0.374374         1158.53         630.664         1155.05 
       0.380519         1144.14         611.687         1134.08 
       0.386598         1127.73         593.734         1119.14 
       0.392688          1109.2         576.093         1099.03 
        0.39888         1095.67         558.266         1080.83 
       0.405048          1070.7         540.636         1062.65 
       0.411186          1048.5         523.443         1045.26 
       0.417313         1043.14         506.946         1032.01 
       0.423458         1022.59         491.257         1012.47 
       0.429607         1002.99         476.511         996.142 
       0.435692         992.912         462.871         974.373 
       0.441815         993.194          450.01         971.353 
       0.447964         966.757         437.712         961.022 
       0.454126         953.272         425.821         934.613 
       0.460267         945.246         414.316         932.964 
       0.466387         926.061         403.106         917.372 
        0.47254         912.058         392.064         904.495 
       0.478662         899.796          381.36         891.387 
       0.484765         888.595         371.082         882.092 
       0.490885         879.144         361.225         865.542 
       0.497035         874.736         351.758         858.122 
       0.503198         858.908         342.709         848.092 
       0.509342         842.785         334.099         833.605 
       0.515458         835.524         325.875         827.949 
       0.521598         824.955         317.898         819.807 
       0.527764         814.343         310.109         812.946 
       0.533884         814.829         302.587         804.268 
           0.54         805.247         295.284         794.874 
       0.546137         791.954         288.166         786.409 
       0.552299         780.696         281.241         775.648 
       0.558452         772.191         274.572         769.557 
       0.564573         767.381         268.183         762.401 
       0.570708         755.951         262.019         752.148 
       0.576825         754.973         256.088         743.076 
       0.582926         743.889         250.362         738.298 
       0.589034          736.39           244.8         728.032 
       0.595184         723.584         239.361         720.603 
       0.601379          718.38         234.048         714.925 
       0.607522         710.487         228.943         704.237 
       0.613639         707.287         224.008         701.679 
       0.619772         692.835         219.199         699.531 
       0.625918         690.031         214.523           690.2 
       0.632068         679.014         209.989         686.291 
       0.638161          674.46          205.63         676.345 
         0.6443         666.223         201.363         670.277 
       0.650464          665.24         197.204         662.339 
       0.656582         657.903         193.195         658.243 
       0.662703         650.997         189.299         653.513 
       0.668861         643.311         185.491         650.291 
       0.675024         641.711         181.786         645.456 
       0.681124         633.226         178.221         636.687 
       0.687237         623.516         174.746         631.235 
       0.693381         623.094         171.349         625.446 
       0.699536         615.905         168.039         621.256 
       0.705665         607.432         164.831         613.993 
       0.711789         604.505         161.707         609.356 
       0.717957          600.47         158.644         608.165 
        0.72409          593.41         155.679         602.232 
       0.730186         586.143          152.81         595.922 
       0.736317         580.865         150.001         592.075 
       0.742472         579.734         147.254         588.343 
       0.748622         573.192         144.576          582.11 
        0.75476         567.705         141.968         582.029 
       0.760888         566.056         139.429           575.8 
       0.767043         557.081         136.944         568.615 
       0.773185         558.757         134.528         565.263 
       0.779291         548.893         132.185         560.659 
       0.785407         544.805         129.892         557.459 
       0.791564         540.753         127.639         555.564 
       0.797719         537.094         125.442         550.541 
       0.803834          528.79         123.312         546.859 
       0.809972         523.773         121.224         543.072 
       0.816124         522.909         119.178         537.397 
       0.822261         514.514         117.186         534.604 
       0.828378         516.136         115.246         530.669 
       0.834502         508.767         113.351         528.875 
       0.840667         505.472         111.487         524.891 
       0.846816         502.396         109.669         520.762 
       0.852925         496.119         107.902         517.784 
       0.859047         492.452          106.17         513.104 
       0.865192         490.386          104.47         510.016 
       0.871341         483.976         102.807         506.384 
       0.877463         479.403         101.188         503.432 
       0.883569         478.121           99.61          501.27 
       0.889708         473.716         98.0585         496.524 
       0.895864         470.133         96.5361         493.723 
       0.902008         467.036         95.0488         490.433 
       0.908149          463.39         93.5935         485.377 
       0.914301         459.623         92.1665         481.772 
       0.920448         454.494         90.7712         480.905 
       0.926574         452.425         89.4101         477.962 
       0.932687         449.702         88.0802         473.294 
       0.938823         445.413         86.7728         471.922 
       0.944975         439.688         85.4889         469.073 
       0.951105          438.68         84.2354         465.903 
       0.957225         433.333          83.009         462.655 
       0.963368         431.634         81.8028         459.815 
       0.969511         426.266         80.6209         456.807 
       0.975621         425.313         79.4694         454.319 
       0.981748         420.285          78.338          451.84 
       0.987916         418.825         77.2216         449.355 
        0.99406         414.732         76.1311         446.431 
        1.00019         410.213         75.0638         442.652 
        1.00632         409.559          74.018         440.061 
        1.01246         405.821         72.9909          437.43 
        1.01859         403.178         71.9852          434.69 
        1.02471         400.832         71.0001         432.302 
        1.03085         397.089         70.0302         430.831 
        1.03698         393.746         69.0805           429.1 
        1.04314         390.709         68.1442         425.571 
        1.04929         387.078          67.227         422.131 
        1.05541         383.434         66.3297         419.711 
        1.06154         382.259         65.4464         417.619 
        1.06769         379.635         64.5783         414.608 
        1.07382         376.218         63.7301         411.904 
        1.07993         372.402         62.9005         410.011 
        1.08607         369.958         62.0832         407.479 
        1.09222         367.721         61.2799         405.191 
        1.09836         363.567         60.4912         403.296 
        1.10449         362.321         59.7167         401.712 
        1.11063         358.807         58.9542         398.537 
        1.11677         355.915         58.2047         396.423 
         1.1229         353.639         57.4691         393.804 
        1.12903         350.879         56.7453          392.03 
        1.13518         348.668         56.0336         388.783 
        1.14131         345.677          55.335         387.644 
        1.14745         342.534         54.6494         384.581 
        1.15359         341.098         53.9759         383.382 
        1.15973         338.444          53.314         381.089 
        1.16584         336.683         52.6667         379.054 
        1.17197         334.092         52.0295         377.377 
        1.17811         332.253         51.4006         374.629 
        1.18424          328.98         50.7833         372.402 
        1.19038         326.433         50.1735          371.22 
        1.19652         324.476         49.5734         368.291 
        1.20267         321.412         48.9833         366.436 
        1.20881          319.02         48.4039         364.926 
        1.21495         316.289         47.8363         362.286 
        1.22108          314.15         47.2789         359.992 
         1.2272         312.749         46.7319         359.043 
        1.23334         310.095         46.1919         356.657 
        1.23949         307.433         45.6581         354.756 
        1.24562         305.418         45.1334         352.657 
        1.25174         303.793         44.6172         351.084 
        1.25789         300.111         44.1075         348.822 
        1.26402         298.457         43.6069         347.609 
        1.27014         296.701         43.1155         345.363 
        1.27628         293.941         42.6304         344.248 
        1.28244         290.746         42.1518         342.606 
        1.28858         290.001         41.6809         340.478 
        1.29471         287.032         41.2183         337.991 
        1.30084         285.913         40.7632         335.917 
        1.30697         283.877         40.3146         334.856 
        1.31312         281.651         39.8726         333.135 
        1.31925         279.825          39.439         331.159 
        1.32537          277.81         39.0126          329.19 
        1.33151         275.281         38.5911         327.926 
        1.33765         273.725         38.1759         326.362 
        1.34378         271.177         37.7675         324.073 
        1.34992         269.511         37.3645         322.575 
        1.35606         268.307         36.9663         320.656 
         1.3622         265.256         36.5745         319.517 
        1.36833         264.619         36.1891         318.305 
        1.37445         262.586         35.8094         315.793 
        1.38059         259.436          35.434         314.721 
        1.38675         257.618         35.0633         313.396 
        1.39288         255.997         34.6997         311.251 
        1.39901         254.054         34.3416         309.548 
        1.40515         253.287          33.988         308.017 
         1.4113         251.151         33.6394         306.267 
        1.41742         249.239         33.2967          304.59 
        1.42355         246.383         32.9578         303.438 
         1.4297         244.558         32.6223         301.328 
        1.43585         243.129         32.2915         300.584 
        1.44198         241.427         31.9668         298.765 
        1.44809         240.598         31.6477         297.196 
        1.45423         238.554         31.3323         295.329 
        1.46036         236.894         31.0223         294.105 
        1.46649         235.179         30.7165         292.844 
        1.47263         232.702         30.4145         291.054 
        1.47877           231.2         30.1163         289.253 
        1.48491         229.929         29.8212         287.663 
        1.49104         228.678         29.5304         286.676 
        1.49718         226.252          29.243         285.836 
        1.50333         225.061         28.9588         283.551 
        1.50947         223.318         28.6791         282.096 
         1.5156         221.358         28.4036         281.309 
        1.52172         219.936          28.132         279.836 
        1.52787         218.375         27.8635         278.436 
          1.534         216.701         27.5991         276.889 
        1.54013         215.786         27.3387         275.619 
        1.54627         214.071         27.0814         274.639 
        1.55241         212.207         26.8275         273.375 
        1.55855         210.899         26.5771         271.725 
        1.56467         209.078         26.3303         270.203 
         1.5708         207.792         26.0858         268.894 
