0.00783031 -4053.71
0.013688 -586.954
0.019231 169.237
0.0249154 -1431.59
0.0312784 760.073
0.0375637 102.205
0.0433917 494.144
0.0492413 1427.23
0.0555754 749.88
0.0619321 550.757
0.067871 645.332
0.0738098 715.688
0.0800417 621.305
0.0862327 959.799
0.0921407 996.47
0.0982031 1140.09
0.104506 960.609
0.110769 1168.32
0.116806 1017.21
0.122832 1140.48
0.129052 1170.88
0.135211 1171.6
0.141259 1323.34
0.147318 1176.77
0.153489 1225.56
0.159709 1268.07
0.165845 1214.21
0.171974 1341.02
0.178125 1284.37
0.184229 1307.28
0.19034 1346.7
0.196428 1331.88
0.202534 1313.18
0.208729 1363.77
0.214876 1320.44
0.220989 1373.53
0.227147 1335.35
0.23329 1351.46
0.239377 1398.94
0.245482 1389.26
0.251667 1362.37
0.257832 1346.91
0.263955 1392.25
0.270079 1347.79
0.27624 1357.4
0.282372 1323.99
0.28843 1365.7
0.294538 1330.58
0.300721 1356.74
0.30691 1314.26
0.313033 1324.88
0.319153 1332.32
0.325316 1328.69
0.33145 1294.23
0.337538 1311.11
0.343633 1317.81
0.349808 1312.8
0.355968 1299.77
0.362074 1313.87
0.368217 1311.19
0.374374 1308.62
0.380519 1306.93
0.386598 1299.37
0.392688 1298.92
0.39888 1280.44
0.405048 1285.05
0.411186 1296.17
0.417313 1266.8
0.423458 1267.54
0.429607 1248.1
0.435692 1270.19
0.441815 1250.07
0.447964 1241.95
0.454126 1242.98
0.460267 1249.19
0.466387 1237.02
0.47254 1234.41
0.478662 1211.63
0.484765 1221.02
0.490885 1210.33
0.497035 1216.47
0.503198 1229.91
0.509342 1204.35
0.515458 1205.62
0.521598 1199.31
0.527764 1196.17
0.533884 1170.53
0.54 1184.25
0.546137 1175.67
0.552299 1179.23
0.558452 1163.99
0.564573 1153.11
0.570708 1157.01
0.576825 1153.9
0.582926 1147.64
0.589034 1131.58
0.595184 1127.78
0.601379 1127.34
0.607522 1122.87
0.613639 1122.58
0.619772 1115.94
0.625918 1106.07
0.632068 1106.25
0.638161 1101.06
0.6443 1107.49
0.650464 1088.77
0.656582 1080.14
0.662703 1084.77
0.668861 1088.59
0.675024 1074.62
0.681124 1066.83
0.687237 1066.34
0.693381 1058.22
0.699536 1060.92
0.705665 1046.59
0.711789 1051.64
0.717957 1040.5
0.72409 1034.49
0.730186 1046.34
0.736317 1033.12
0.742472 1027.33
0.748622 1016.42
0.75476 1013.95
0.760888 1010.57
0.767043 1004.49
0.773185 997.886
0.779291 997.704
0.785407 991.081
0.791564 983.518
0.797719 978.019
0.803834 979.955
0.809972 971.35
0.816124 959.903
0.822261 958.484
0.828378 963.596
0.834502 944.628
0.840667 936.947
0.846816 937.103
0.852925 930.012
0.859047 932.419
0.865192 923.221
0.871341 921.88
0.877463 920.652
0.883569 914.583
0.889708 903.87
0.895864 903.883
0.902008 896.003
0.908149 883.474
0.914301 884.684
0.920448 876.48
0.926574 882.169
0.932687 874.068
0.938823 867.087
0.944975 863.991
0.951105 854.883
0.957225 853.123
0.963368 850.19
0.969511 840.463
0.975621 836.355
0.981748 837.988
0.987916 830.192
0.99406 825.273
1.00019 821.977
1.00632 815.843
1.01246 813.07
1.01859 807.162
1.02471 807.552
1.03085 793.853
1.03698 788.928
1.04314 789.856
1.04929 778.724
1.05541 776.218
1.06154 770.861
1.06769 773.144
1.07382 763.535
1.07993 761.709
1.08607 753.435
1.09222 747.617
1.09836 747.41
1.10449 740.954
1.11063 734.863
1.11677 734.525
1.1229 726.367
1.12903 723.105
1.13518 719.063
1.14131 710.864
1.14745 712.654
1.15359 707.618
1.15973 700.535
1.16584 692.073
1.17197 691.947
1.17811 690.005
1.18424 685.597
1.19038 679.667
1.19652 673.669
1.20267 672.562
1.20881 668.621
1.21495 660.445
1.22108 660.633
1.2272 653.471
1.23334 650.035
1.23949 647.074
1.24562 643.599
1.25174 639.338
1.25789 633.734
1.26402 626.181
1.27014 624.27
1.27628 621.126
1.28244 619.353
1.28858 614.83
1.29471 607.296
1.30084 604.306
1.30697 600.611
1.31312 600.601
1.31925 593.658
1.32537 590.495
1.33151 585.863
1.33765 587.263
1.34378 577.373
1.34992 575.69
1.35606 574.098
1.3622 569.964
1.36833 565.741
1.37445 562.494
1.38059 558.17
1.38675 555.596
1.39288 552.166
1.39901 547.999
1.40515 545.167
1.4113 542.29
1.41742 537.462
1.42355 533.751
1.4297 531.691
1.43585 530.339
1.44198 525.114
1.44809 519.809
1.45423 517.875
1.46036 517.564
1.46649 513.897
1.47263 512.435
1.47877 507.623
1.48491 503.961
1.49104 503.399
1.49718 497.174
1.50333 493.373
1.50947 494.755
1.5156 488.826
1.52172 487.8
1.52787 483.719
1.534 481.323
1.54013 478.521
1.54627 474.451
1.55241 474.146
1.55855 468.138
1.56467 465.705
1.5708 463.008
