0.00783031 -5.24009
0.013688 -10.1336
0.019231 -15.4463
0.0249154 -20.8938
0.0312784 -25.3524
0.0375637 -29.9992
0.0433917 -32.6661
0.0492413 -38.0253
0.0555754 -43.4944
0.0619321 -49.0769
0.067871 -55.4986
0.0738098 -59.0821
0.0800417 -61.0313
0.0862327 -62.3574
0.0921407 -61.9413
0.0982031 -66.5035
0.104506 -64.4108
0.110769 -69.8755
0.116806 -73.7727
0.122832 -78.7661
0.129052 -78.7649
0.135211 -81.7462
0.141259 -83.3602
0.147318 -84.4503
0.153489 -84.4929
0.159709 -81.757
0.165845 -86.0733
0.171974 -84.6014
0.178125 -89.1756
0.184229 -90.6606
0.19034 -91.3449
0.196428 -94.6672
0.202534 -94.863
0.208729 -93.7525
0.214876 -98.1877
0.220989 -96.6184
0.227147 -98.0419
0.23329 -98.2214
0.239377 -98.0531
0.245482 -96.8021
0.251667 -103.021
0.257832 -102.714
0.263955 -100.068
0.270079 -102.375
0.27624 -102.342
0.282372 -103.828
0.28843 -103.35
0.294538 -103.467
0.300721 -104.347
0.30691 -104.819
0.313033 -105.261
0.319153 -105.914
0.325316 -105.667
0.33145 -106.971
0.337538 -108.178
0.343633 -106.819
0.349808 -108.829
0.355968 -107.589
0.362074 -108.471
0.368217 -109.646
0.374374 -109.961
0.380519 -106.599
0.386598 -108.29
0.392688 -110.138
0.39888 -111.848
0.405048 -108.423
0.411186 -109.162
0.417313 -109.271
0.423458 -111.677
0.429607 -110.334
0.435692 -110.204
0.441815 -111.786
0.447964 -111.019
0.454126 -109.808
0.460267 -111.122
0.466387 -111.392
0.47254 -112.671
0.478662 -112.063
0.484765 -109.814
0.490885 -109.685
0.497035 -112.215
0.503198 -110.87
0.509342 -112.028
0.515458 -112.152
0.521598 -112.741
0.527764 -112.065
0.533884 -111.845
0.54 -112.407
0.546137 -109.652
0.552299 -110.681
0.558452 -112.151
0.564573 -111.86
0.570708 -110.837
0.576825 -111.737
0.582926 -112.065
0.589034 -111.942
0.595184 -111.533
0.601379 -111.275
0.607522 -112.23
0.613639 -111.267
0.619772 -111.26
0.625918 -110.96
0.632068 -109.9
0.638161 -110.422
0.6443 -111.561
0.650464 -109.652
0.656582 -109.723
0.662703 -111.196
0.668861 -110.815
0.675024 -109.756
0.681124 -110.68
0.687237 -109.34
0.693381 -109.591
0.699536 -109.096
0.705665 -108.825
0.711789 -108.24
0.717957 -108.531
0.72409 -109.499
0.730186 -109.367
0.736317 -109.441
0.742472 -108.221
0.748622 -108.147
0.75476 -107.308
0.760888 -107.75
0.767043 -106.761
0.773185 -106.821
0.779291 -106.273
0.785407 -107.784
0.791564 -106.773
0.797719 -105.899
0.803834 -107.103
0.809972 -105.771
0.816124 -106.287
0.822261 -106.217
0.828378 -106.37
0.834502 -105.186
0.840667 -104.316
0.846816 -105.611
0.852925 -104.2
0.859047 -104.831
0.865192 -104.2
0.871341 -104.276
0.877463 -104.018
0.883569 -102.776
0.889708 -103.69
0.895864 -103.473
0.902008 -102.44
0.908149 -102.158
0.914301 -102.581
0.920448 -101.829
0.926574 -102.145
0.932687 -101.223
0.938823 -100.638
0.944975 -101.081
0.951105 -101.041
0.957225 -100.686
0.963368 -100.8
0.969511 -100.013
0.975621 -99.642
0.981748 -99.8902
0.987916 -99.828
0.99406 -99.4198
1.00019 -98.8104
1.00632 -99.715
1.01246 -98.8248
1.01859 -98.7868
1.02471 -99.1537
1.03085 -98.1904
1.03698 -98.2481
1.04314 -98.3688
1.04929 -98.0776
1.05541 -97.035
1.06154 -97.5158
1.06769 -96.7872
1.07382 -96.4962
1.07993 -95.8011
1.08607 -95.9936
1.09222 -95.7405
1.09836 -95.6666
1.10449 -94.8638
1.11063 -95.049
1.11677 -95.1762
1.1229 -94.5962
1.12903 -95.0307
1.13518 -94.7915
1.14131 -93.8585
1.14745 -94.7327
1.15359 -93.5679
1.15973 -94.1746
1.16584 -93.4939
1.17197 -92.9731
1.17811 -93.8779
1.18424 -92.3653
1.19038 -92.3583
1.19652 -93.0206
1.20267 -91.4003
1.20881 -91.8223
1.21495 -91.8712
1.22108 -91.4409
1.2272 -91.4459
1.23334 -92.1974
1.23949 -91.232
1.24562 -91.2653
1.25174 -90.2193
1.25789 -90.8964
1.26402 -91.3924
1.27014 -90.5853
1.27628 -90.5077
1.28244 -90.6485
1.28858 -89.8736
1.29471 -89.8286
1.30084 -89.1568
1.30697 -88.9958
1.31312 -89.4032
1.31925 -88.9848
1.32537 -88.7588
1.33151 -88.6689
1.33765 -88.2577
1.34378 -88.4646
1.34992 -88.2674
1.35606 -87.7718
1.3622 -87.6149
1.36833 -87.773
1.37445 -86.6733
1.38059 -87.4282
1.38675 -87.1527
1.39288 -86.2732
1.39901 -86.5276
1.40515 -86.3322
1.4113 -85.9091
1.41742 -86.2118
1.42355 -85.8201
1.4297 -85.9091
1.43585 -85.3819
1.44198 -85.7025
1.44809 -85.2323
1.45423 -85.8478
1.46036 -85.0596
1.46649 -85.307
1.47263 -84.4107
1.47877 -84.8756
1.48491 -84.0505
1.49104 -84.0122
1.49718 -84.2756
1.50333 -84.0317
1.50947 -83.8344
1.5156 -83.0588
1.52172 -83.385
1.52787 -83.3136
1.534 -82.5024
1.54013 -82.7102
1.54627 -83.238
1.55241 -82.9516
1.55855 -82.9636
1.56467 -82.4275
1.5708 -82.4482
