0.00783031 20353
0.013688 24973.7
0.019231 25328.7
0.0249154 23382.8
0.0312784 19960.4
0.0375637 17252
0.0433917 14704.5
0.0492413 13331
0.0555754 11855.3
0.0619321 10975.8
0.067871 10319.4
0.0738098 9270.36
0.0800417 8350.08
0.0862327 7296.01
0.0921407 6457.65
0.0982031 6042.97
0.104506 5154.14
0.110769 4910.72
0.116806 4737.23
0.122832 4522.84
0.129052 4261.39
0.135211 3941.45
0.141259 3661.15
0.147318 3435.71
0.153489 3215.4
0.159709 2906.68
0.165845 2800.85
0.171974 2583.98
0.178125 2495.98
0.184229 2417.72
0.19034 2294.2
0.196428 2225.5
0.202534 2110.76
0.208729 1977.85
0.214876 1921.98
0.220989 1827.73
0.227147 1773.72
0.23329 1675.92
0.239377 1586.82
0.245482 1510.56
0.251667 1500.49
0.257832 1437.32
0.263955 1350.7
0.270079 1329.45
0.27624 1275.11
0.282372 1236.7
0.28843 1187.05
0.294538 1145.24
0.300721 1110.57
0.30691 1072.39
0.313033 1038.59
0.319153 1004.79
0.325316 974.443
0.33145 944.925
0.337538 934.924
0.343633 888.932
0.349808 868.33
0.355968 855.585
0.362074 827.236
0.368217 804.204
0.374374 789.427
0.380519 753.339
0.386598 735.469
0.392688 727.181
0.39888 713.355
0.405048 678.384
0.411186 666.908
0.417313 653.112
0.423458 639.632
0.429607 621.25
0.435692 603.163
0.441815 600.023
0.447964 582.439
0.454126 569.217
0.460267 556.486
0.466387 545.651
0.47254 536.377
0.478662 523.169
0.484765 509.934
0.490885 500.4
0.497035 493.606
0.503198 481.034
0.509342 477.116
0.515458 468.389
0.521598 454.661
0.527764 445.432
0.533884 438.876
0.54 428.934
0.546137 419.247
0.552299 409.833
0.558452 405.804
0.564573 400.012
0.570708 391.941
0.576825 385.999
0.582926 379.652
0.589034 370.708
0.595184 362.19
0.601379 359.469
0.607522 354.568
0.613639 347.735
0.619772 342.981
0.625918 335.237
0.632068 327.08
0.638161 323.47
0.6443 317.958
0.650464 313.139
0.656582 307.039
0.662703 305.653
0.668861 300.446
0.675024 295.661
0.681124 290.005
0.687237 284.86
0.693381 282.383
0.699536 275.902
0.705665 271.164
0.711789 267.617
0.717957 264.092
0.72409 260.487
0.730186 257.559
0.736317 251.752
0.742472 249.139
0.748622 246.845
0.75476 242.14
0.760888 238.26
0.767043 235.33
0.773185 231.731
0.779291 229.469
0.785407 226.318
0.791564 222.786
0.797719 218.493
0.803834 215.897
0.809972 211.896
0.816124 209.886
0.822261 208.886
0.828378 204.386
0.834502 201.541
0.840667 197.53
0.846816 196.395
0.852925 192.52
0.859047 190.315
0.865192 187.992
0.871341 184.819
0.877463 182.948
0.883569 179.381
0.889708 177.415
0.895864 175.264
0.902008 173.618
0.908149 170.993
0.914301 168.467
0.920448 166.453
0.926574 164.048
0.932687 161.796
0.938823 159.422
0.944975 158.151
0.951105 156.15
0.957225 154.015
0.963368 151.87
0.969511 149.832
0.975621 147.901
0.981748 146.6
0.987916 144.205
0.99406 142.355
1.00019 140.573
1.00632 139.304
1.01246 137.306
1.01859 135.984
1.02471 133.945
1.03085 131.835
1.03698 130.782
1.04314 129.03
1.04929 127.576
1.05541 125.601
1.06154 124.395
1.06769 123.261
1.07382 121.625
1.07993 119.746
1.08607 118.395
1.09222 117.539
1.09836 115.865
1.10449 114.227
1.11063 113.087
1.11677 111.717
1.1229 110.524
1.12903 108.978
1.13518 107.826
1.14131 106.875
1.14745 105.356
1.15359 104.208
1.15973 102.956
1.16584 101.867
1.17197 100.521
1.17811 99.5522
1.18424 98.5926
1.19038 97.0458
1.19652 96.2194
1.20267 94.6555
1.20881 93.9674
1.21495 92.7218
1.22108 91.7142
1.2272 90.5659
1.23334 89.8295
1.23949 88.9227
1.24562 88.1781
1.25174 86.7041
1.25789 85.9938
1.26402 84.98
1.27014 84.0446
1.27628 83.3373
1.28244 82.2248
1.28858 81.4334
1.29471 80.3075
1.30084 79.6264
1.30697 78.618
1.31312 77.8647
1.31925 77.1268
1.32537 76.3142
1.33151 75.5227
1.33765 74.4054
1.34378 73.6864
1.34992 73.0386
1.35606 72.0268
1.3622 71.616
1.36833 70.7615
1.37445 69.7175
1.38059 69.3269
1.38675 68.5265
1.39288 67.7959
1.39901 67.0991
1.40515 66.1142
1.4113 65.6884
1.41742 65.0633
1.42355 64.1315
1.4297 63.5584
1.43585 63.0316
1.44198 62.3497
1.44809 62.0012
1.45423 61.247
1.46036 60.5204
1.46649 59.7464
1.47263 59.3312
1.47877 58.6662
1.48491 58.0858
1.49104 57.4358
1.49718 57.0231
1.50333 56.2903
1.50947 55.7774
1.5156 55.0503
1.52172 54.6952
1.52787 54.1669
1.534 53.384
1.54013 53.1293
1.54627 52.5611
1.55241 51.9569
1.55855 51.6299
1.56467 51.0491
1.5708 50.4772
