#  k  (h/Mpc)          P(k)  (Mpc/h)^3     P_linear(k)   P_NL(k) (Mpc/h)^3
     0.00783031           20353         20513.5           20402 
       0.013688         24973.7         25365.8         25170.4 
       0.019231         25328.7         25635.4         25378.2 
      0.0249154         23382.8         23617.7         23341.1 
      0.0312784         19960.4         20361.8         20072.2 
      0.0375637           17252         17287.6         17029.1 
      0.0433917         14704.5         15046.4         14768.3 
      0.0492413           13331         13439.5         13172.6 
      0.0555754         11855.3         12280.2         12034.8 
      0.0619321         10975.8         11423.3         11182.2 
       0.067871         10319.4         10674.3         10455.7 
      0.0738098         9270.36         9842.08         9530.37 
      0.0800417         8350.08         8856.08         8604.23 
      0.0862327         7296.01         7841.33          7739.8 
      0.0921407         6457.65         6940.55         6884.81 
      0.0982031         6042.97         6164.83         6243.98 
       0.104506         5154.14         5561.75         5737.32 
       0.110769         4910.72         5155.89         5263.08 
       0.116806         4737.23         4889.47         4964.46 
       0.122832         4522.84         4677.07         4752.13 
       0.129052         4261.39         4453.97         4522.27 
       0.135211         3941.45         4193.92         4269.83 
       0.141259         3661.15         3896.12         4050.54 
       0.147318         3435.71         3576.26         3807.16 
       0.153489          3215.4          3260.5         3472.32 
       0.159709         2906.68         2982.04         3265.67 
       0.165845         2800.85         2764.14         3130.37 
       0.171974         2583.98         2604.93         2961.41 
       0.178125         2495.98          2488.7         2879.78 
       0.184229         2417.72          2396.6         2743.09 
        0.19034          2294.2         2308.28         2640.78 
       0.196428          2225.5         2211.01            2533 
       0.202534         2110.76         2098.34         2448.32 
       0.208729         1977.85         1971.83          2315.9 
       0.214876         1921.98         1845.05         2253.38 
       0.220989         1827.73         1727.42         2179.44 
       0.227147         1773.72          1625.3         2105.71 
        0.23329         1675.92          1542.2         2040.86 
       0.239377         1586.82         1476.79         1962.14 
       0.245482         1510.56         1423.17         1881.11 
       0.251667         1500.49         1374.77          1839.5 
       0.257832         1437.32         1326.38         1781.24 
       0.263955          1350.7         1274.55         1732.73 
       0.270079         1329.45         1218.63         1683.96 
        0.27624         1275.11         1160.63         1632.19 
       0.282372          1236.7         1104.16         1604.22 
        0.28843         1187.05         1052.29         1569.55 
       0.294538         1145.24         1005.98         1521.93 
       0.300721         1110.57         965.772         1476.82 
        0.30691         1072.39         931.185         1457.29 
       0.313033         1038.59         900.669         1412.21 
       0.319153         1004.79         871.904         1373.99 
       0.325316         974.443         843.127         1354.28 
        0.33145         944.925         813.802         1308.65 
       0.337538         934.924         783.968         1289.04 
       0.343633         888.932         754.209         1273.23 
       0.349808          868.33         725.137         1252.72 
       0.355968         855.585         698.007         1228.96 
       0.362074         827.236         673.396         1205.73 
       0.368217         804.204         651.053         1177.75 
       0.374374         789.427         630.664         1155.05 
       0.380519         753.339         611.687         1134.08 
       0.386598         735.469         593.734         1119.14 
       0.392688         727.181         576.093         1099.03 
        0.39888         713.355         558.266         1080.83 
       0.405048         678.384         540.636         1062.65 
       0.411186         666.908         523.443         1045.26 
       0.417313         653.112         506.946         1032.01 
       0.423458         639.632         491.257         1012.47 
       0.429607          621.25         476.511         996.142 
       0.435692         603.163         462.871         974.373 
       0.441815         600.023          450.01         971.353 
       0.447964         582.439         437.712         961.022 
       0.454126         569.217         425.821         934.613 
       0.460267         556.486         414.316         932.964 
       0.466387         545.651         403.106         917.372 
        0.47254         536.377         392.064         904.495 
       0.478662         523.169          381.36         891.387 
       0.484765         509.934         371.082         882.092 
       0.490885           500.4         361.225         865.542 
       0.497035         493.606         351.758         858.122 
       0.503198         481.034         342.709         848.092 
       0.509342         477.116         334.099         833.605 
       0.515458         468.389         325.875         827.949 
       0.521598         454.661         317.898         819.807 
       0.527764         445.432         310.109         812.946 
       0.533884         438.876         302.587         804.268 
           0.54         428.934         295.284         794.874 
       0.546137         419.247         288.166         786.409 
       0.552299         409.833         281.241         775.648 
       0.558452         405.804         274.572         769.557 
       0.564573         400.012         268.183         762.401 
       0.570708         391.941         262.019         752.148 
       0.576825         385.999         256.088         743.076 
       0.582926         379.652         250.362         738.298 
       0.589034         370.708           244.8         728.032 
       0.595184          362.19         239.361         720.603 
       0.601379         359.469         234.048         714.925 
       0.607522         354.568         228.943         704.237 
       0.613639         347.735         224.008         701.679 
       0.619772         342.981         219.199         699.531 
       0.625918         335.237         214.523           690.2 
       0.632068          327.08         209.989         686.291 
       0.638161          323.47          205.63         676.345 
         0.6443         317.958         201.363         670.277 
       0.650464         313.139         197.204         662.339 
       0.656582         307.039         193.195         658.243 
       0.662703         305.653         189.299         653.513 
       0.668861         300.446         185.491         650.291 
       0.675024         295.661         181.786         645.456 
       0.681124         290.005         178.221         636.687 
       0.687237          284.86         174.746         631.235 
       0.693381         282.383         171.349         625.446 
       0.699536         275.902         168.039         621.256 
       0.705665         271.164         164.831         613.993 
       0.711789         267.617         161.707         609.356 
       0.717957         264.092         158.644         608.165 
        0.72409         260.487         155.679         602.232 
       0.730186         257.559          152.81         595.922 
       0.736317         251.752         150.001         592.075 
       0.742472         249.139         147.254         588.343 
       0.748622         246.845         144.576          582.11 
        0.75476          242.14         141.968         582.029 
       0.760888          238.26         139.429           575.8 
       0.767043          235.33         136.944         568.615 
       0.773185         231.731         134.528         565.263 
       0.779291         229.469         132.185         560.659 
       0.785407         226.318         129.892         557.459 
       0.791564         222.786         127.639         555.564 
       0.797719         218.493         125.442         550.541 
       0.803834         215.897         123.312         546.859 
       0.809972         211.896         121.224         543.072 
       0.816124         209.886         119.178         537.397 
       0.822261         208.886         117.186         534.604 
       0.828378         204.386         115.246         530.669 
       0.834502         201.541         113.351         528.875 
       0.840667          197.53         111.487         524.891 
       0.846816         196.395         109.669         520.762 
       0.852925          192.52         107.902         517.784 
       0.859047         190.315          106.17         513.104 
       0.865192         187.992          104.47         510.016 
       0.871341         184.819         102.807         506.384 
       0.877463         182.948         101.188         503.432 
       0.883569         179.381           99.61          501.27 
       0.889708         177.415         98.0585         496.524 
       0.895864         175.264         96.5361         493.723 
       0.902008         173.618         95.0488         490.433 
       0.908149         170.993         93.5935         485.377 
       0.914301         168.467         92.1665         481.772 
       0.920448         166.453         90.7712         480.905 
       0.926574         164.048         89.4101         477.962 
       0.932687         161.796         88.0802         473.294 
       0.938823         159.422         86.7728         471.922 
       0.944975         158.151         85.4889         469.073 
       0.951105          156.15         84.2354         465.903 
       0.957225         154.015          83.009         462.655 
       0.963368          151.87         81.8028         459.815 
       0.969511         149.832         80.6209         456.807 
       0.975621         147.901         79.4694         454.319 
       0.981748           146.6          78.338          451.84 
       0.987916         144.205         77.2216         449.355 
        0.99406         142.355         76.1311         446.431 
        1.00019         140.573         75.0638         442.652 
        1.00632         139.304          74.018         440.061 
        1.01246         137.306         72.9909          437.43 
        1.01859         135.984         71.9852          434.69 
        1.02471         133.945         71.0001         432.302 
        1.03085         131.835         70.0302         430.831 
        1.03698         130.782         69.0805           429.1 
        1.04314          129.03         68.1442         425.571 
        1.04929         127.576          67.227         422.131 
        1.05541         125.601         66.3297         419.711 
        1.06154         124.395         65.4464         417.619 
        1.06769         123.261         64.5783         414.608 
        1.07382         121.625         63.7301         411.904 
        1.07993         119.746         62.9005         410.011 
        1.08607         118.395         62.0832         407.479 
        1.09222         117.539         61.2799         405.191 
        1.09836         115.865         60.4912         403.296 
        1.10449         114.227         59.7167         401.712 
        1.11063         113.087         58.9542         398.537 
        1.11677         111.717         58.2047         396.423 
         1.1229         110.524         57.4691         393.804 
        1.12903         108.978         56.7453          392.03 
        1.13518         107.826         56.0336         388.783 
        1.14131         106.875          55.335         387.644 
        1.14745         105.356         54.6494         384.581 
        1.15359         104.208         53.9759         383.382 
        1.15973         102.956          53.314         381.089 
        1.16584         101.867         52.6667         379.054 
        1.17197         100.521         52.0295         377.377 
        1.17811         99.5522         51.4006         374.629 
        1.18424         98.5926         50.7833         372.402 
        1.19038         97.0458         50.1735          371.22 
        1.19652         96.2194         49.5734         368.291 
        1.20267         94.6555         48.9833         366.436 
        1.20881         93.9674         48.4039         364.926 
        1.21495         92.7218         47.8363         362.286 
        1.22108         91.7142         47.2789         359.992 
         1.2272         90.5659         46.7319         359.043 
        1.23334         89.8295         46.1919         356.657 
        1.23949         88.9227         45.6581         354.756 
        1.24562         88.1781         45.1334         352.657 
        1.25174         86.7041         44.6172         351.084 
        1.25789         85.9938         44.1075         348.822 
        1.26402           84.98         43.6069         347.609 
        1.27014         84.0446         43.1155         345.363 
        1.27628         83.3373         42.6304         344.248 
        1.28244         82.2248         42.1518         342.606 
        1.28858         81.4334         41.6809         340.478 
        1.29471         80.3075         41.2183         337.991 
        1.30084         79.6264         40.7632         335.917 
        1.30697          78.618         40.3146         334.856 
        1.31312         77.8647         39.8726         333.135 
        1.31925         77.1268          39.439         331.159 
        1.32537         76.3142         39.0126          329.19 
        1.33151         75.5227         38.5911         327.926 
        1.33765         74.4054         38.1759         326.362 
        1.34378         73.6864         37.7675         324.073 
        1.34992         73.0386         37.3645         322.575 
        1.35606         72.0268         36.9663         320.656 
         1.3622          71.616         36.5745         319.517 
        1.36833         70.7615         36.1891         318.305 
        1.37445         69.7175         35.8094         315.793 
        1.38059         69.3269          35.434         314.721 
        1.38675         68.5265         35.0633         313.396 
        1.39288         67.7959         34.6997         311.251 
        1.39901         67.0991         34.3416         309.548 
        1.40515         66.1142          33.988         308.017 
         1.4113         65.6884         33.6394         306.267 
        1.41742         65.0633         33.2967          304.59 
        1.42355         64.1315         32.9578         303.438 
         1.4297         63.5584         32.6223         301.328 
        1.43585         63.0316         32.2915         300.584 
        1.44198         62.3497         31.9668         298.765 
        1.44809         62.0012         31.6477         297.196 
        1.45423          61.247         31.3323         295.329 
        1.46036         60.5204         31.0223         294.105 
        1.46649         59.7464         30.7165         292.844 
        1.47263         59.3312         30.4145         291.054 
        1.47877         58.6662         30.1163         289.253 
        1.48491         58.0858         29.8212         287.663 
        1.49104         57.4358         29.5304         286.676 
        1.49718         57.0231          29.243         285.836 
        1.50333         56.2903         28.9588         283.551 
        1.50947         55.7774         28.6791         282.096 
         1.5156         55.0503         28.4036         281.309 
        1.52172         54.6952          28.132         279.836 
        1.52787         54.1669         27.8635         278.436 
          1.534          53.384         27.5991         276.889 
        1.54013         53.1293         27.3387         275.619 
        1.54627         52.5611         27.0814         274.639 
        1.55241         51.9569         26.8275         273.375 
        1.55855         51.6299         26.5771         271.725 
        1.56467         51.0491         26.3303         270.203 
         1.5708         50.4772         26.0858         268.894 
