0.00783031 2982.06
0.013688 -1275.48
0.019231 18.942
0.0249154 -220.424
0.0312784 484.443
0.0375637 -583.948
0.0433917 350.304
0.0492413 -235.139
0.0555754 -383.394
0.0619321 -85.1506
0.067871 -167.171
0.0738098 -305.362
0.0800417 -121.297
0.0862327 -219.489
0.0921407 -205.829
0.0982031 -138.788
0.104506 -153.631
0.110769 -126.964
0.116806 -189.272
0.122832 -245.076
0.129052 -160.731
0.135211 -186.263
0.141259 -184.737
0.147318 -173.346
0.153489 -181.178
0.159709 -122.897
0.165845 -170.337
0.171974 -144.952
0.178125 -184.123
0.184229 -148.255
0.19034 -135.297
0.196428 -134.372
0.202534 -137.418
0.208729 -153.253
0.214876 -157.541
0.220989 -133.348
0.227147 -132.348
0.23329 -121.044
0.239377 -127.212
0.245482 -111.75
0.251667 -142.155
0.257832 -130.595
0.263955 -125.486
0.270079 -123.056
0.27624 -117.569
0.282372 -111.374
0.28843 -116.461
0.294538 -113.925
0.300721 -107.4
0.30691 -110.585
0.313033 -105.347
0.319153 -105.145
0.325316 -104.77
0.33145 -104.036
0.337538 -95.0575
0.343633 -101.448
0.349808 -100.883
0.355968 -96.1337
0.362074 -89.6571
0.368217 -90.2475
0.374374 -88.4964
0.380519 -83.4896
0.386598 -83.8488
0.392688 -82.272
0.39888 -88.0749
0.405048 -82.1412
0.411186 -81.5581
0.417313 -78.0043
0.423458 -78.8807
0.429607 -74.8074
0.435692 -74.6429
0.441815 -74.2526
0.447964 -69.6186
0.454126 -69.6233
0.460267 -71.3984
0.466387 -71.0646
0.47254 -69.9536
0.478662 -69.2342
0.484765 -64.959
0.490885 -64.8413
0.497035 -64.7644
0.503198 -65.7539
0.509342 -65.0521
0.515458 -61.0781
0.521598 -60.6249
0.527764 -59.7422
0.533884 -57.9166
0.54 -59.6482
0.546137 -56.2262
0.552299 -56.2536
0.558452 -56.4305
0.564573 -55.7468
0.570708 -54.3935
0.576825 -56.2715
0.582926 -53.2957
0.589034 -53.1477
0.595184 -51.8677
0.601379 -50.7965
0.607522 -51.1542
0.613639 -48.6289
0.619772 -47.8741
0.625918 -48.4482
0.632068 -47.0353
0.638161 -47.0645
0.6443 -47.9517
0.650464 -46.2957
0.656582 -45.4651
0.662703 -46.5168
0.668861 -45.1864
0.675024 -44.007
0.681124 -43.5639
0.687237 -42.9738
0.693381 -42.1619
0.699536 -41.4693
0.705665 -41.2542
0.711789 -39.3576
0.717957 -40.1783
0.72409 -40.7128
0.730186 -39.3372
0.736317 -39.172
0.742472 -38.8604
0.748622 -37.9367
0.75476 -37.4836
0.760888 -37.068
0.767043 -36.4724
0.773185 -36.4602
0.779291 -35.5278
0.785407 -35.8366
0.791564 -35.7484
0.797719 -34.5475
0.803834 -34.6023
0.809972 -34.3795
0.816124 -34.0451
0.822261 -34.1075
0.828378 -33.6109
0.834502 -32.9598
0.840667 -31.7774
0.846816 -32.1779
0.852925 -31.6953
0.859047 -32.0623
0.865192 -30.5115
0.871341 -30.8704
0.877463 -30.867
0.883569 -29.6788
0.889708 -29.7403
0.895864 -29.8888
0.902008 -29.3507
0.908149 -28.5937
0.914301 -29.0926
0.920448 -28.1046
0.926574 -28.507
0.932687 -27.9762
0.938823 -27.4815
0.944975 -27.2429
0.951105 -27.6916
0.957225 -27.2448
0.963368 -26.7437
0.969511 -26.635
0.975621 -26.0829
0.981748 -26.4024
0.987916 -25.8971
0.99406 -25.6802
1.00019 -25.2056
1.00632 -25.1816
1.01246 -25.412
1.01859 -24.9805
1.02471 -24.7749
1.03085 -23.9829
1.03698 -24.5041
1.04314 -24.0152
1.04929 -23.9701
1.05541 -23.764
1.06154 -23.3348
1.06769 -23.107
1.07382 -22.9462
1.07993 -23.0809
1.08607 -22.376
1.09222 -22.2786
1.09836 -22.147
1.10449 -22.0788
1.11063 -21.6898
1.11677 -21.9593
1.1229 -21.2926
1.12903 -21.1061
1.13518 -21.5629
1.14131 -21.2937
1.14745 -20.6398
1.15359 -20.6288
1.15973 -20.4553
1.16584 -20.549
1.17197 -20.212
1.17811 -20.4047
1.18424 -20.1701
1.19038 -19.7777
1.19652 -19.9822
1.20267 -19.3237
1.20881 -19.2339
1.21495 -19.3292
1.22108 -18.9679
1.2272 -19.0605
1.23334 -19.3272
1.23949 -18.8931
1.24562 -18.7743
1.25174 -18.2369
1.25789 -18.4993
1.26402 -18.2129
1.27014 -18.0367
1.27628 -17.7625
1.28244 -18.1621
1.28858 -17.5901
1.29471 -17.7327
1.30084 -17.5985
1.30697 -17.3865
1.31312 -17.2699
1.31925 -17.0456
1.32537 -16.9843
1.33151 -16.9868
1.33765 -16.492
1.34378 -16.6118
1.34992 -16.5776
1.35606 -16.2779
1.3622 -16.2147
1.36833 -16.3129
1.37445 -15.9533
1.38059 -15.9532
1.38675 -15.9885
1.39288 -15.5793
1.39901 -15.5783
1.40515 -15.4035
1.4113 -15.1966
1.41742 -15.3648
1.42355 -15.1791
1.4297 -15.041
1.43585 -14.9406
1.44198 -14.9498
1.44809 -14.8381
1.45423 -14.7993
1.46036 -14.5349
1.46649 -14.6815
1.47263 -14.3013
1.47877 -14.2621
1.48491 -14.1728
1.49104 -14.0427
1.49718 -13.9519
1.50333 -13.7686
1.50947 -13.8286
1.5156 -13.7807
1.52172 -13.5423
1.52787 -13.4213
1.534 -13.2764
1.54013 -13.3204
1.54627 -13.3009
1.55241 -13.0236
1.55855 -13.0066
1.56467 -12.9747
1.5708 -12.9621
