0.00783031 36.2699
0.013688 29.5764
0.019231 29.9774
0.0249154 23.0215
0.0312784 2.1668
0.0375637 -2.01455
0.0433917 -19.0722
0.0492413 -16.7196
0.0555754 -31.6574
0.0619321 -43.3787
0.067871 -46.3608
0.0738098 -52.6719
0.0800417 -55.4824
0.0862327 -59.3183
0.0921407 -66.1182
0.0982031 -64.9606
0.104506 -69.4791
0.110769 -72.6806
0.116806 -76.543
0.122832 -81.0182
0.129052 -81.104
0.135211 -87.5959
0.141259 -89.0158
0.147318 -91.8205
0.153489 -92.1144
0.159709 -95.036
0.165845 -91.1044
0.171974 -92.6189
0.178125 -92.4817
0.184229 -94.1747
0.19034 -96.3885
0.196428 -96.2478
0.202534 -96.84
0.208729 -99.2559
0.214876 -98.6269
0.220989 -99.9488
0.227147 -98.0007
0.23329 -99.091
0.239377 -101.898
0.245482 -98.079
0.251667 -99.9191
0.257832 -104.264
0.263955 -102.389
0.270079 -101.458
0.27624 -101.93
0.282372 -103.137
0.28843 -103.407
0.294538 -102.216
0.300721 -103.492
0.30691 -102.65
0.313033 -100.403
0.319153 -102.383
0.325316 -103.922
0.33145 -105.356
0.337538 -104.516
0.343633 -101.059
0.349808 -99.632
0.355968 -102.284
0.362074 -102.537
0.368217 -102.845
0.374374 -102.3
0.380519 -101.829
0.386598 -102.055
0.392688 -103.61
0.39888 -100.074
0.405048 -102.967
0.411186 -103.259
0.417313 -103.148
0.423458 -102.667
0.429607 -103.243
0.435692 -103.163
0.441815 -103.561
0.447964 -103.319
0.454126 -99.3247
0.460267 -101.358
0.466387 -101.304
0.47254 -99.966
0.478662 -100.583
0.484765 -102.527
0.490885 -100.04
0.497035 -101.227
0.503198 -101.045
0.509342 -100.084
0.515458 -101.688
0.521598 -100.54
0.527764 -101.244
0.533884 -100.393
0.54 -100.598
0.546137 -101.064
0.552299 -100.246
0.558452 -100.159
0.564573 -99.7427
0.570708 -99.2509
0.576825 -100.199
0.582926 -99.154
0.589034 -99.4242
0.595184 -99.0559
0.601379 -98.8491
0.607522 -99.0561
0.613639 -99.0684
0.619772 -97.3192
0.625918 -98.7428
0.632068 -97.7158
0.638161 -99.0548
0.6443 -97.6567
0.650464 -97.5157
0.656582 -98.0881
0.662703 -97.6624
0.668861 -96.5812
0.675024 -97.0569
0.681124 -96.4048
0.687237 -96.4499
0.693381 -96.4163
0.699536 -95.6525
0.705665 -95.4959
0.711789 -96.285
0.717957 -95.2194
0.72409 -95.847
0.730186 -95.1
0.736317 -95.6969
0.742472 -94.3052
0.748622 -93.8651
0.75476 -94.5832
0.760888 -93.7516
0.767043 -94.4625
0.773185 -92.0425
0.779291 -93.8623
0.785407 -93.5745
0.791564 -92.7439
0.797719 -93.0678
0.803834 -91.2868
0.809972 -91.7256
0.816124 -92.2585
0.822261 -91.9945
0.828378 -91.5421
0.834502 -90.9303
0.840667 -90.4427
0.846816 -90.0029
0.852925 -90.8035
0.859047 -89.4312
0.865192 -89.3434
0.871341 -89.5255
0.877463 -89.3631
0.883569 -88.7889
0.889708 -89.0497
0.895864 -87.7583
0.902008 -87.678
0.908149 -88.5417
0.914301 -87.4814
0.920448 -87.9894
0.926574 -87.4057
0.932687 -86.7996
0.938823 -86.7417
0.944975 -85.998
0.951105 -86.2921
0.957225 -85.517
0.963368 -85.2533
0.969511 -85.5145
0.975621 -85.2231
0.981748 -84.1987
0.987916 -84.5877
0.99406 -84.2803
1.00019 -84.242
1.00632 -83.2471
1.01246 -83.4085
1.01859 -83.5708
1.02471 -81.9075
1.03085 -83.3739
1.03698 -82.0824
1.04314 -82.4098
1.04929 -80.7213
1.05541 -81.8036
1.06154 -81.6233
1.06769 -81.1946
1.07382 -81.1672
1.07993 -80.7456
1.08607 -80.0066
1.09222 -79.1195
1.09836 -79.754
1.10449 -78.6019
1.11063 -79.3323
1.11677 -78.6569
1.1229 -78.5681
1.12903 -78.1542
1.13518 -77.6467
1.14131 -77.3969
1.14745 -77.8024
1.15359 -77.1426
1.15973 -76.7598
1.16584 -75.8908
1.17197 -76.1429
1.17811 -75.6607
1.18424 -75.7709
1.19038 -75.5303
1.19652 -75.0319
1.20267 -75.1986
1.20881 -74.8245
1.21495 -74.3824
1.22108 -73.7304
1.2272 -73.2643
1.23334 -73.0392
1.23949 -73.1488
1.24562 -72.6542
1.25174 -72.3773
1.25789 -72.3513
1.26402 -72.6186
1.27014 -71.7051
1.27628 -71.6328
1.28244 -70.9126
1.28858 -71.2116
1.29471 -71.2487
1.30084 -70.6257
1.30697 -70.1632
1.31312 -69.6742
1.31925 -69.6819
1.32537 -69.5267
1.33151 -69.3426
1.33765 -69.3729
1.34378 -68.6414
1.34992 -67.9484
1.35606 -68.0358
1.3622 -68.1303
1.36833 -67.978
1.37445 -67.3211
1.38059 -67.4178
1.38675 -67.2374
1.39288 -67.0671
1.39901 -66.584
1.40515 -66.3211
1.4113 -66.1616
1.41742 -65.9456
1.42355 -66.1724
1.4297 -65.3392
1.43585 -65.2862
1.44198 -65.1546
1.44809 -64.9702
1.45423 -64.7518
1.46036 -64.1972
1.46649 -64.0236
1.47263 -63.7223
1.47877 -64.0129
1.48491 -63.4731
1.49104 -62.9012
1.49718 -63.4392
1.50333 -62.4179
1.50947 -62.5732
1.5156 -62.3091
1.52172 -62.2773
1.52787 -62.1404
1.534 -61.6214
1.54013 -61.219
1.54627 -61.1674
1.55241 -61.0454
1.55855 -60.7839
1.56467 -60.5883
1.5708 -60.4285
