0.00783031 -751.014
0.013688 637.804
0.019231 -624.014
0.0249154 117.451
0.0312784 159.526
0.0375637 -7.03639
0.0433917 -316.696
0.0492413 -399.462
0.0555754 46.209
0.0619321 -180.643
0.067871 -227.966
0.0738098 -72.504
0.0800417 -62.3772
0.0862327 24.1818
0.0921407 -105.7
0.0982031 -98.2621
0.104506 -200.099
0.110769 -151.673
0.116806 -60.4285
0.122832 -109.35
0.129052 -85.6589
0.135211 -173.455
0.141259 -131.822
0.147318 -125.844
0.153489 -172.511
0.159709 -140.343
0.165845 -137.335
0.171974 -139.188
0.178125 -132.315
0.184229 -122.245
0.19034 -143.898
0.196428 -132.051
0.202534 -134.106
0.208729 -132.837
0.214876 -114.938
0.220989 -130.617
0.227147 -126.097
0.23329 -125.982
0.239377 -120.003
0.245482 -107.404
0.251667 -125.57
0.257832 -115.845
0.263955 -114.573
0.270079 -120.227
0.27624 -109.306
0.282372 -124.935
0.28843 -114.825
0.294538 -107.23
0.300721 -109.938
0.30691 -123.392
0.313033 -103.821
0.319153 -116.8
0.325316 -113.181
0.33145 -104.835
0.337538 -110.287
0.343633 -102.344
0.349808 -101.216
0.355968 -96.8598
0.362074 -105.724
0.368217 -98.7654
0.374374 -101.885
0.380519 -93.0923
0.386598 -93.4261
0.392688 -99.7893
0.39888 -98.3832
0.405048 -96.2863
0.411186 -92.9634
0.417313 -93.1922
0.423458 -92.1536
0.429607 -91.0508
0.435692 -93.448
0.441815 -94.5928
0.447964 -88.9211
0.454126 -88.3312
0.460267 -89.3433
0.466387 -87.682
0.47254 -86.4293
0.478662 -88.97
0.484765 -86.6322
0.490885 -79.9787
0.497035 -83.6385
0.503198 -87.4722
0.509342 -83.8868
0.515458 -85.3084
0.521598 -84.4005
0.527764 -84.4747
0.533884 -82.5724
0.54 -82.6015
0.546137 -81.8084
0.552299 -81.7458
0.558452 -80.8092
0.564573 -78.3228
0.570708 -79.5406
0.576825 -84.2178
0.582926 -80.7965
0.589034 -80.805
0.595184 -78.4409
0.601379 -77.8306
0.607522 -78.7053
0.613639 -79.4726
0.619772 -75.2233
0.625918 -77.4846
0.632068 -77.0804
0.638161 -77.49
0.6443 -76.3761
0.650464 -77.0015
0.656582 -76.1678
0.662703 -75.6885
0.668861 -74.5894
0.675024 -75.2543
0.681124 -74.1928
0.687237 -73.8191
0.693381 -73.8056
0.699536 -72.4764
0.705665 -74.3133
0.711789 -73.05
0.717957 -70.4635
0.72409 -71.0746
0.730186 -71.26
0.736317 -72.3822
0.742472 -71.6299
0.748622 -70.7642
0.75476 -69.7642
0.760888 -70.1217
0.767043 -69.9537
0.773185 -69.2526
0.779291 -70.8052
0.785407 -70.1451
0.791564 -66.7145
0.797719 -69.6208
0.803834 -67.7803
0.809972 -68.1215
0.816124 -67.6748
0.822261 -67.2518
0.828378 -67.5282
0.834502 -66.3093
0.840667 -67.5868
0.846816 -65.8585
0.852925 -66.4251
0.859047 -65.1219
0.865192 -65.7486
0.871341 -65.5239
0.877463 -65.3731
0.883569 -64.9241
0.889708 -64.746
0.895864 -63.7919
0.902008 -62.7104
0.908149 -64.7149
0.914301 -63.9276
0.920448 -63.9096
0.926574 -64.1552
0.932687 -62.1983
0.938823 -62.9905
0.944975 -61.8322
0.951105 -62.4264
0.957225 -61.5098
0.963368 -61.4746
0.969511 -61.2732
0.975621 -61.5043
0.981748 -61.2561
0.987916 -60.887
0.99406 -61.5327
1.00019 -60.9745
1.00632 -59.8807
1.01246 -60.3895
1.01859 -60.6598
1.02471 -58.9249
1.03085 -60.4804
1.03698 -58.717
1.04314 -59.4701
1.04929 -58.385
1.05541 -58.2727
1.06154 -58.493
1.06769 -58.53
1.07382 -58.0109
1.07993 -57.5534
1.08607 -57.3421
1.09222 -57.7417
1.09836 -56.3029
1.10449 -56.0067
1.11063 -56.6847
1.11677 -56.4166
1.1229 -56.0167
1.12903 -56.3792
1.13518 -55.2808
1.14131 -55.6785
1.14745 -55.8468
1.15359 -54.9526
1.15973 -54.9033
1.16584 -55.0396
1.17197 -54.4893
1.17811 -54.094
1.18424 -54.0431
1.19038 -53.8703
1.19652 -53.4511
1.20267 -53.706
1.20881 -53.386
1.21495 -52.5421
1.22108 -52.5268
1.2272 -52.0643
1.23334 -51.7711
1.23949 -53.3679
1.24562 -51.906
1.25174 -52.0817
1.25789 -51.8671
1.26402 -51.3097
1.27014 -51.0509
1.27628 -51.1303
1.28244 -50.4147
1.28858 -50.9424
1.29471 -51.0872
1.30084 -50.6429
1.30697 -50.0868
1.31312 -49.8532
1.31925 -50.0206
1.32537 -49.6082
1.33151 -49.515
1.33765 -49.2884
1.34378 -48.7039
1.34992 -48.9747
1.35606 -49.0657
1.3622 -48.2816
1.36833 -48.669
1.37445 -48.2941
1.38059 -48.3241
1.38675 -48.2472
1.39288 -48.17
1.39901 -47.3814
1.40515 -47.2092
1.4113 -47.1425
1.41742 -47.3063
1.42355 -46.7653
1.4297 -46.7376
1.43585 -46.3843
1.44198 -46.58
1.44809 -46.3399
1.45423 -46.1429
1.46036 -45.8272
1.46649 -45.7142
1.47263 -45.1915
1.47877 -45.9141
1.48491 -45.115
1.49104 -45.1359
1.49718 -45.1813
1.50333 -44.7541
1.50947 -44.7037
1.5156 -44.4118
1.52172 -44.597
1.52787 -44.3679
1.534 -43.9348
1.54013 -43.8426
1.54627 -43.6592
1.55241 -43.9162
1.55855 -43.6615
1.56467 -43.1771
1.5708 -43.3484
