0.00783031 0.0719147
0.013688 0.0586655
0.019231 0.10947
0.0249154 0.111802
0.0312784 0.150788
0.0375637 0.213641
0.0433917 0.290394
0.0492413 0.375102
0.0555754 0.511691
0.0619321 0.678725
0.067871 0.824434
0.0738098 1.01946
0.0800417 1.18643
0.0862327 1.43763
0.0921407 1.72539
0.0982031 1.94201
0.104506 2.24678
0.110769 2.63755
0.116806 2.9924
0.122832 3.38877
0.129052 3.71545
0.135211 4.22405
0.141259 4.74009
0.147318 5.15564
0.153489 5.60093
0.159709 6.27891
0.165845 6.59412
0.171974 7.04267
0.178125 7.62373
0.184229 8.17217
0.19034 8.83308
0.196428 9.44085
0.202534 9.99638
0.208729 10.72
0.214876 11.468
0.220989 12.08
0.227147 12.6029
0.23329 13.4099
0.239377 14.2331
0.245482 14.6942
0.251667 15.591
0.257832 16.6499
0.263955 17.2074
0.270079 17.9457
0.27624 18.8167
0.282372 19.7015
0.28843 20.6079
0.294538 21.5715
0.300721 22.5873
0.30691 23.0853
0.313033 23.743
0.319153 24.7852
0.325316 25.8753
0.33145 27.2128
0.337538 27.8955
0.343633 28.6319
0.349808 29.0746
0.355968 30.5222
0.362074 31.6096
0.368217 32.622
0.374374 33.3301
0.380519 34.4391
0.386598 35.2023
0.392688 36.504
0.39888 37.5534
0.405048 38.7654
0.411186 39.3253
0.417313 40.6142
0.423458 41.6729
0.429607 43.0866
0.435692 43.7249
0.441815 44.7677
0.447964 46.1936
0.454126 46.5794
0.460267 48.5355
0.466387 48.8752
0.47254 49.9146
0.478662 51.0212
0.484765 52.7124
0.490885 53.2251
0.497035 54.4434
0.503198 55.5197
0.509342 56.1263
0.515458 57.6876
0.521598 58.8119
0.527764 59.9328
0.533884 61.0196
0.54 62.2254
0.546137 63.6911
0.552299 64.3538
0.558452 65.5324
0.564573 66.6723
0.570708 67.4899
0.576825 68.2983
0.582926 69.3173
0.589034 70.4775
0.595184 71.9734
0.601379 72.9692
0.607522 74.042
0.613639 75.3943
0.619772 75.2096
0.625918 77.1503
0.632068 77.8387
0.638161 79.3525
0.6443 80.095
0.650464 80.9558
0.656582 81.9864
0.662703 83.3746
0.668861 84.1265
0.675024 85.2714
0.681124 85.9278
0.687237 87.3083
0.693381 87.8308
0.699536 88.9115
0.705665 89.829
0.711789 90.9046
0.717957 91.7999
0.72409 92.9163
0.730186 93.5724
0.736317 94.8763
0.742472 95.5412
0.748622 96.3663
0.75476 96.8885
0.760888 97.7408
0.767043 99.2558
0.773185 100.1
0.779291 100.978
0.785407 101.691
0.791564 102.32
0.797719 103.555
0.803834 103.625
0.809972 105.168
0.816124 105.706
0.822261 106.5
0.828378 107.335
0.834502 107.774
0.840667 108.828
0.846816 109.294
0.852925 110.497
0.859047 111.234
0.865192 110.789
0.871341 112.505
0.877463 112.885
0.883569 113.165
0.889708 114.189
0.895864 114.465
0.902008 115.454
0.908149 116.484
0.914301 116.421
0.920448 117.441
0.926574 117.908
0.932687 118.806
0.938823 119.515
0.944975 119.299
0.951105 119.854
0.957225 120.518
0.963368 121.17
0.969511 122.145
0.975621 122.389
0.981748 123.099
0.987916 123.254
0.99406 123.626
1.00019 124.283
1.00632 124.651
1.01246 125.367
1.01859 125.518
1.02471 125.534
1.03085 126.572
1.03698 126.806
1.04314 127.564
1.04929 126.942
1.05541 128.782
1.06154 128.582
1.06769 129.017
1.07382 129.62
1.07993 129.89
1.08607 129.696
1.09222 130.007
1.09836 130.401
1.10449 130.531
1.11063 130.802
1.11677 131.349
1.1229 131.501
1.12903 132.176
1.13518 132.125
1.14131 132.678
1.14745 132.913
1.15359 133.599
1.15973 133.607
1.16584 133.258
1.17197 133.68
1.17811 134.092
1.18424 134.609
1.19038 134.955
1.19652 134.615
1.20267 135.249
1.20881 135.346
1.21495 135.324
1.22108 135.617
1.2272 136.223
1.23334 135.592
1.23949 136.095
1.24562 136.339
1.25174 136.979
1.25789 136.955
1.26402 137.448
1.27014 137.365
1.27628 137.541
1.28244 137.609
1.28858 137.451
1.29471 137.921
1.30084 137.976
1.30697 137.456
1.31312 137.79
1.31925 137.931
1.32537 138.492
1.33151 138.494
1.33765 139.006
1.34378 138.251
1.34992 138.308
1.35606 138.375
1.3622 138.91
1.36833 139.17
1.37445 139.197
1.38059 139.008
1.38675 138.999
1.39288 139.676
1.39901 139.611
1.40515 139.624
1.4113 139.676
1.41742 139.951
1.42355 140.574
1.4297 140.008
1.43585 140.692
1.44198 140.126
1.44809 140.62
1.45423 140.029
1.46036 140.559
1.46649 140.437
1.47263 140.426
1.47877 140.813
1.48491 140.587
1.49104 140.952
1.49718 140.961
1.50333 140.872
1.50947 141.091
1.5156 141.21
1.52172 141.215
1.52787 141.229
1.534 141.21
1.54013 140.919
1.54627 141.313
1.55241 141.338
1.55855 141.298
1.56467 141.281
1.5708 141.051
