0.00783031 20066
0.013688 25217.4
0.019231 25513.2
0.0249154 23057.5
0.0312784 20045.3
0.0375637 17233.2
0.0433917 15074.7
0.0492413 13305.7
0.0555754 11900
0.0619321 11192.5
0.067871 10386.2
0.0738098 9579.25
0.0800417 8592.28
0.0862327 7810.5
0.0921407 6933.82
0.0982031 5953.17
0.104506 5692.46
0.110769 5100.85
0.116806 4905.7
0.122832 4821.36
0.129052 4467.17
0.135211 4184.55
0.141259 3971.32
0.147318 3694.78
0.153489 3492.8
0.159709 3187.03
0.165845 3075.26
0.171974 2897.48
0.178125 2806.69
0.184229 2641.71
0.19034 2541.98
0.196428 2507.59
0.202534 2339.24
0.208729 2275.78
0.214876 2221.39
0.220989 2105.36
0.227147 1998.52
0.23329 1963.33
0.239377 1883.92
0.245482 1842.28
0.251667 1763.85
0.257832 1707.58
0.263955 1652.67
0.270079 1601.94
0.27624 1581.25
0.282372 1541.59
0.28843 1490.33
0.294538 1425.47
0.300721 1396.12
0.30691 1390.19
0.313033 1322.29
0.319153 1307.77
0.325316 1271.58
0.33145 1235.54
0.337538 1204.66
0.343633 1193.01
0.349808 1163.66
0.355968 1149.96
0.362074 1112.44
0.368217 1080.82
0.374374 1066.39
0.380519 1049
0.386598 1022.9
0.392688 1016.03
0.39888 993.151
0.405048 977.56
0.411186 951.521
0.417313 931.833
0.423458 910.084
0.429607 905.791
0.435692 890.095
0.441815 869.559
0.447964 861.193
0.454126 848.807
0.460267 825.187
0.466387 817.843
0.47254 805.187
0.478662 797.11
0.484765 779.892
0.490885 770.545
0.497035 758.106
0.503198 735.086
0.509342 731.14
0.515458 718.166
0.521598 712.811
0.527764 705.494
0.533884 698.644
0.54 680.985
0.546137 679.643
0.552299 668.654
0.558452 654.785
0.564573 645.419
0.570708 644.821
0.576825 629.832
0.582926 625.436
0.589034 613.987
0.595184 612.792
0.601379 602.09
0.607522 596.731
0.613639 588.826
0.619772 577.746
0.625918 567.622
0.632068 561.169
0.638161 556.179
0.6443 553.175
0.650464 542.188
0.656582 540.557
0.662703 533.429
0.668861 525.745
0.675024 520.059
0.681124 513.971
0.687237 507.579
0.693381 500.385
0.699536 497.761
0.705665 494.57
0.711789 485.284
0.717957 479.699
0.72409 474.361
0.730186 470.624
0.736317 464.276
0.742472 457.909
0.748622 453.53
0.75476 451.222
0.760888 441.49
0.767043 440.309
0.773185 433.319
0.779291 432.639
0.785407 423.517
0.791564 419.361
0.797719 416.517
0.803834 411.112
0.809972 405.563
0.816124 405.301
0.822261 399.595
0.828378 394.924
0.834502 390.67
0.840667 384.971
0.846816 384.009
0.852925 378.73
0.859047 375.837
0.865192 371.823
0.871341 367.977
0.877463 363.097
0.883569 361.72
0.889708 357.144
0.895864 351.622
0.902008 347.759
0.908149 345.498
0.914301 342.366
0.920448 338.062
0.926574 335.166
0.932687 331.819
0.938823 327.391
0.944975 325.661
0.951105 320.872
0.957225 318.194
0.963368 315.485
0.969511 311.139
0.975621 308.19
0.981748 306.618
0.987916 302.73
0.99406 299.114
1.00019 296.607
1.00632 293.592
1.01246 289.993
1.01859 287.835
1.02471 285.043
1.03085 281.928
1.03698 279.775
1.04314 276.451
1.04929 273.529
1.05541 270.74
1.06154 267.775
1.06769 265.798
1.07382 263.983
1.07993 262.086
1.08607 258.971
1.09222 256.106
1.09836 253.132
1.10449 250.773
1.11063 247.914
1.11677 245.028
1.1229 243.07
1.12903 240.751
1.13518 239.957
1.14131 236.496
1.14745 234.293
1.15359 231.444
1.15973 230.226
1.16584 227.755
1.17197 225.462
1.17811 222.646
1.18424 220.431
1.19038 218.141
1.19652 216.558
1.20267 213.799
1.20881 211.409
1.21495 209.736
1.22108 208.248
1.2272 204.879
1.23334 203.478
1.23949 201.271
1.24562 199.864
1.25174 197.678
1.25789 196.246
1.26402 193.472
1.27014 192.138
1.27628 189.754
1.28244 188.948
1.28858 186.853
1.29471 184.443
1.30084 183.294
1.30697 181.246
1.31312 179.585
1.31925 177.299
1.32537 175.999
1.33151 174.313
1.33765 172.423
1.34378 170.759
1.34992 169.536
1.35606 167.583
1.3622 165.818
1.36833 164.214
1.37445 162.873
1.38059 161.549
1.38675 159.565
1.39288 158.114
1.39901 156.428
1.40515 155.439
1.4113 153.385
1.41742 152.241
1.42355 150.704
1.4297 149.486
1.43585 147.501
1.44198 146.241
1.44809 144.789
1.45423 143.947
1.46036 141.706
1.46649 141.015
1.47263 139.879
1.47877 138.316
1.48491 136.885
1.49104 135.523
1.49718 134.194
1.50333 132.723
1.50947 132.04
1.5156 130.219
1.52172 128.895
1.52787 127.823
1.534 126.573
1.54013 125.51
1.54627 124.12
1.55241 122.672
1.55855 122.067
1.56467 120.879
1.5708 119.593
