0.00783031 -12.1332
0.013688 -16.9499
0.019231 -22.5878
0.0249154 -27.256
0.0312784 -31.3292
0.0375637 -34.7208
0.0433917 -41.1345
0.0492413 -42.4422
0.0555754 -48.6624
0.0619321 -53.5108
0.067871 -60.6752
0.0738098 -63.4223
0.0800417 -65.9007
0.0862327 -69.7381
0.0921407 -68.2768
0.0982031 -66.1456
0.104506 -68.9214
0.110769 -69.4251
0.116806 -72.7563
0.122832 -76.937
0.129052 -78.2134
0.135211 -81.17
0.141259 -83.4401
0.147318 -81.1907
0.153489 -81.5236
0.159709 -80.9213
0.165845 -82.58
0.171974 -82.4919
0.178125 -83.0721
0.184229 -83.8926
0.19034 -83.2739
0.196428 -87.2311
0.202534 -85.3504
0.208729 -84.8154
0.214876 -87.9104
0.220989 -86.0386
0.227147 -84.8596
0.23329 -86.6125
0.239377 -86.6265
0.245482 -87.3475
0.251667 -86.4256
0.257832 -87.5646
0.263955 -85.9476
0.270079 -86.0751
0.27624 -87.8086
0.282372 -88.5649
0.28843 -88.6735
0.294538 -86.3534
0.300721 -86.6276
0.30691 -88.2559
0.313033 -87.0356
0.319153 -87.1472
0.325316 -85.1241
0.33145 -85.4587
0.337538 -86.1447
0.343633 -86.3831
0.349808 -85.9662
0.355968 -86.6424
0.362074 -85.9595
0.368217 -84.5445
0.374374 -85.5173
0.380519 -83.8823
0.386598 -85.2228
0.392688 -85.5196
0.39888 -84.1862
0.405048 -84.6987
0.411186 -84.2135
0.417313 -83.339
0.423458 -82.4839
0.429607 -83.8393
0.435692 -83.1639
0.441815 -82.3204
0.447964 -84.2502
0.454126 -82.8945
0.460267 -81.2233
0.466387 -83.4274
0.47254 -81.2463
0.478662 -81.9522
0.484765 -81.2616
0.490885 -81.1809
0.497035 -80.8463
0.503198 -79.6879
0.509342 -79.8688
0.515458 -79.4593
0.521598 -79.8345
0.527764 -81.0571
0.533884 -79.3929
0.54 -77.099
0.546137 -78.9361
0.552299 -78.7992
0.558452 -77.005
0.564573 -77.5193
0.570708 -77.8727
0.576825 -76.5812
0.582926 -76.7108
0.589034 -76.231
0.595184 -76.6802
0.601379 -76.6918
0.607522 -76.025
0.613639 -75.3545
0.619772 -74.7017
0.625918 -74.8346
0.632068 -74.195
0.638161 -74.2765
0.6443 -73.5206
0.650464 -73.7645
0.656582 -73.6355
0.662703 -73.8228
0.668861 -72.8737
0.675024 -73.153
0.681124 -73.6097
0.687237 -71.9327
0.693381 -71.735
0.699536 -71.8025
0.705665 -71.9225
0.711789 -70.5785
0.717957 -70.5731
0.72409 -70.0145
0.730186 -70.3516
0.736317 -69.6731
0.742472 -69.6222
0.748622 -69.2507
0.75476 -69.037
0.760888 -68.6281
0.767043 -69.0909
0.773185 -68.0721
0.779291 -67.9096
0.785407 -67.3014
0.791564 -67.131
0.797719 -67.0173
0.803834 -67.1276
0.809972 -65.9743
0.816124 -66.5466
0.822261 -65.5334
0.828378 -65.564
0.834502 -65.3825
0.840667 -64.392
0.846816 -64.8142
0.852925 -64.7433
0.859047 -63.23
0.865192 -64.0867
0.871341 -63.7595
0.877463 -63.9599
0.883569 -63.1358
0.889708 -62.783
0.895864 -62.8645
0.902008 -62.2206
0.908149 -62.3542
0.914301 -61.9671
0.920448 -61.8397
0.926574 -61.1332
0.932687 -61.0552
0.938823 -60.3098
0.944975 -60.4023
0.951105 -59.9773
0.957225 -59.6181
0.963368 -60.4017
0.969511 -58.8344
0.975621 -59.512
0.981748 -58.9661
0.987916 -59.2328
0.99406 -58.2427
1.00019 -58.0837
1.00632 -57.6175
1.01246 -57.0883
1.01859 -57.3966
1.02471 -57.0991
1.03085 -56.4808
1.03698 -56.4009
1.04314 -56.278
1.04929 -55.8249
1.05541 -55.5243
1.06154 -55.4982
1.06769 -55.774
1.07382 -54.8552
1.07993 -55.2808
1.08607 -54.6704
1.09222 -54.1014
1.09836 -53.7525
1.10449 -53.7547
1.11063 -53.4631
1.11677 -52.5563
1.1229 -52.6792
1.12903 -52.6591
1.13518 -53.0231
1.14131 -52.3342
1.14745 -51.7459
1.15359 -52.0656
1.15973 -51.6027
1.16584 -51.0666
1.17197 -50.8884
1.17811 -50.7949
1.18424 -50.6299
1.19038 -50.4942
1.19652 -50.3629
1.20267 -49.4162
1.20881 -49.4315
1.21495 -49.0811
1.22108 -49.3017
1.2272 -48.2539
1.23334 -48.5791
1.23949 -48.5252
1.24562 -48.3137
1.25174 -47.7224
1.25789 -47.4542
1.26402 -46.9437
1.27014 -47.2807
1.27628 -46.7464
1.28244 -46.8605
1.28858 -46.7273
1.29471 -46.3178
1.30084 -46.3923
1.30697 -45.8493
1.31312 -45.7873
1.31925 -45.7372
1.32537 -45.2367
1.33151 -44.8623
1.33765 -44.9709
1.34378 -44.9225
1.34992 -44.2465
1.35606 -43.9842
1.3622 -44.1163
1.36833 -43.7511
1.37445 -43.3651
1.38059 -43.4852
1.38675 -43.3863
1.39288 -42.7695
1.39901 -42.5609
1.40515 -42.7286
1.4113 -41.9319
1.41742 -42.4012
1.42355 -41.7494
1.4297 -41.3174
1.43585 -41.303
1.44198 -40.9463
1.44809 -41.3045
1.45423 -40.687
1.46036 -40.8311
1.46649 -40.5291
1.47263 -40.3537
1.47877 -39.9664
1.48491 -39.8242
1.49104 -39.7453
1.49718 -39.6318
1.50333 -38.8544
1.50947 -39.1397
1.5156 -38.7988
1.52172 -38.8613
1.52787 -38.2158
1.534 -38.0755
1.54013 -38.1071
1.54627 -37.8571
1.55241 -38.0207
1.55855 -37.2481
1.56467 -37.4513
1.5708 -37.4315
