0.00783031 0.858642
0.013688 -0.770333
0.019231 0.818487
0.0249154 -0.711108
0.0312784 2.11816
0.0375637 1.40323
0.0433917 2.39838
0.0492413 2.82823
0.0555754 2.8647
0.0619321 6.5876
0.067871 8.42641
0.0738098 6.56883
0.0800417 6.44862
0.0862327 7.8342
0.0921407 11.4631
0.0982031 10.6022
0.104506 12.2091
0.110769 12.9338
0.116806 13.2402
0.122832 14.3393
0.129052 16.2258
0.135211 16.3356
0.141259 18.8793
0.147318 18.9736
0.153489 19.1319
0.159709 21.4626
0.165845 22.9653
0.171974 24.114
0.178125 23.3996
0.184229 25.9248
0.19034 26.168
0.196428 26.2165
0.202534 27.6991
0.208729 28.7082
0.214876 30.4291
0.220989 30.018
0.227147 30.8498
0.23329 32.7411
0.239377 32.6489
0.245482 34.0512
0.251667 35.351
0.257832 35.7741
0.263955 35.3563
0.270079 37.674
0.27624 38.6099
0.282372 38.2012
0.28843 40.3603
0.294538 39.1166
0.300721 40.9743
0.30691 41.4901
0.313033 42.6448
0.319153 43.1453
0.325316 42.8452
0.33145 44.2271
0.337538 44.4299
0.343633 45.0543
0.349808 46.8531
0.355968 47.2617
0.362074 46.714
0.368217 48.1655
0.374374 48.8946
0.380519 48.3122
0.386598 49.2358
0.392688 49.2353
0.39888 49.4503
0.405048 51.3669
0.411186 51.2613
0.417313 51.5442
0.423458 51.5738
0.429607 52.3679
0.435692 52.9557
0.441815 53.824
0.447964 55.3185
0.454126 54.5141
0.460267 55.3974
0.466387 56.0051
0.47254 55.3745
0.478662 56.8971
0.484765 56.5103
0.490885 56.955
0.497035 58.7538
0.503198 57.468
0.509342 58.2833
0.515458 59.3021
0.521598 59.2171
0.527764 59.8324
0.533884 59.871
0.54 59.8689
0.546137 60.4342
0.552299 61.2079
0.558452 61.2383
0.564573 60.9294
0.570708 62.2742
0.576825 61.9456
0.582926 62.4551
0.589034 62.3681
0.595184 63.4398
0.601379 64.051
0.607522 63.4214
0.613639 63.7016
0.619772 63.6037
0.625918 64.2466
0.632068 64.4499
0.638161 64.6529
0.6443 65.5395
0.650464 65.9842
0.656582 65.9401
0.662703 66.1128
0.668861 65.9473
0.675024 66.7324
0.681124 66.5476
0.687237 66.8812
0.693381 66.9191
0.699536 66.8535
0.705665 66.4896
0.711789 68.2057
0.717957 68.421
0.72409 67.4889
0.730186 68.5588
0.736317 68.2438
0.742472 68.4521
0.748622 69.2127
0.75476 68.858
0.760888 68.9215
0.767043 69.3652
0.773185 69.0254
0.779291 69.9106
0.785407 69.6488
0.791564 69.4176
0.797719 69.5417
0.803834 70.2726
0.809972 69.9614
0.816124 70.701
0.822261 70.3261
0.828378 70.4899
0.834502 71.0788
0.840667 70.5665
0.846816 70.8638
0.852925 71.1823
0.859047 70.9627
0.865192 71.432
0.871341 71.5891
0.877463 71.8667
0.883569 71.4846
0.889708 71.5105
0.895864 72.5235
0.902008 72.2269
0.908149 72.1687
0.914301 72.1818
0.920448 71.9496
0.926574 72.4809
0.932687 72.3772
0.938823 72.5011
0.944975 73.2295
0.951105 72.3636
0.957225 72.4911
0.963368 73.0175
0.969511 72.7194
0.975621 73.1933
0.981748 73.045
0.987916 73.3514
0.99406 72.5977
1.00019 72.8583
1.00632 73.3812
1.01246 73.0241
1.01859 73.4034
1.02471 73.2902
1.03085 73.5118
1.03698 73.2249
1.04314 73.166
1.04929 73.0517
1.05541 73.0203
1.06154 73.4306
1.06769 73.4398
1.07382 72.5841
1.07993 73.3261
1.08607 72.9988
1.09222 72.8071
1.09836 73.4442
1.10449 73.0336
1.11063 73.8768
1.11677 72.9363
1.1229 73.2056
1.12903 72.8067
1.13518 73.7127
1.14131 73.194
1.14745 73.3262
1.15359 72.9242
1.15973 72.9069
1.16584 73.1417
1.17197 73.2184
1.17811 72.6689
1.18424 73.1291
1.19038 72.9162
1.19652 72.5249
1.20267 72.9963
1.20881 72.6998
1.21495 72.6406
1.22108 73.0523
1.2272 72.3828
1.23334 72.1975
1.23949 72.3227
1.24562 72.5704
1.25174 72.2777
1.25789 72.3168
1.26402 72.0481
1.27014 72.1422
1.27628 72.4161
1.28244 71.9302
1.28858 72.2515
1.29471 71.988
1.30084 71.9792
1.30697 71.7397
1.31312 71.6577
1.31925 71.802
1.32537 71.5682
1.33151 71.6228
1.33765 71.3047
1.34378 71.3574
1.34992 71.4363
1.35606 71.4398
1.3622 70.9124
1.36833 70.912
1.37445 70.7364
1.38059 70.5125
1.38675 70.8844
1.39288 70.5571
1.39901 70.1494
1.40515 70.4063
1.4113 70.3942
1.41742 70.062
1.42355 70.1242
1.4297 69.1674
1.43585 69.7744
1.44198 69.6126
1.44809 69.4364
1.45423 69.2567
1.46036 69.5046
1.46649 69.4125
1.47263 69.2214
1.47877 68.8518
1.48491 68.8782
1.49104 68.5027
1.49718 68.672
1.50333 68.3099
1.50947 68.2621
1.5156 67.9678
1.52172 67.8843
1.52787 67.5091
1.534 67.1529
1.54013 67.5544
1.54627 67.4637
1.55241 67.2516
1.55855 66.9352
1.56467 67.0303
1.5708 66.9164
