0.00783031 -320.608
0.013688 -2878.58
0.019231 305.443
0.0249154 232.417
0.0312784 -10.4185
0.0375637 -769.087
0.0433917 -120.231
0.0492413 59.1289
0.0555754 38.1997
0.0619321 102.785
0.067871 -362.855
0.0738098 -130.515
0.0800417 -164.835
0.0862327 -237.022
0.0921407 -115.479
0.0982031 -262.242
0.104506 -179.695
0.110769 -176.307
0.116806 -183.396
0.122832 -149.198
0.129052 -202.071
0.135211 -189.788
0.141259 -167.77
0.147318 -188.29
0.153489 -136.932
0.159709 -190.237
0.165845 -163.2
0.171974 -177.205
0.178125 -199.32
0.184229 -197.033
0.19034 -174.284
0.196428 -171.984
0.202534 -168.134
0.208729 -176.457
0.214876 -155.146
0.220989 -174.191
0.227147 -158.646
0.23329 -155.479
0.239377 -162.265
0.245482 -147.778
0.251667 -164.309
0.257832 -156.24
0.263955 -154.249
0.270079 -146.04
0.27624 -149.319
0.282372 -146.78
0.28843 -139.155
0.294538 -142.346
0.300721 -149.834
0.30691 -138.639
0.313033 -134.383
0.319153 -141.423
0.325316 -138.02
0.33145 -134.59
0.337538 -133.418
0.343633 -126.752
0.349808 -126.847
0.355968 -135.534
0.362074 -121.212
0.368217 -119.791
0.374374 -126.075
0.380519 -118.498
0.386598 -124.526
0.392688 -118.94
0.39888 -123.436
0.405048 -116.694
0.411186 -117.475
0.417313 -115.035
0.423458 -111.404
0.429607 -109.305
0.435692 -111.244
0.441815 -108.097
0.447964 -106.286
0.454126 -107.62
0.460267 -111.29
0.466387 -104.936
0.47254 -106.747
0.478662 -101.735
0.484765 -97.754
0.490885 -104.005
0.497035 -97.9836
0.503198 -100.304
0.509342 -102.264
0.515458 -100.561
0.521598 -97.2271
0.527764 -100.81
0.533884 -95.9419
0.54 -93.7855
0.546137 -96.8728
0.552299 -95.8054
0.558452 -93.9516
0.564573 -93.2659
0.570708 -94.0848
0.576825 -90.9587
0.582926 -94.5001
0.589034 -91.5135
0.595184 -90.8013
0.601379 -90.2871
0.607522 -88.6494
0.613639 -89.1765
0.619772 -89.0407
0.625918 -87.6683
0.632068 -85.5922
0.638161 -87.5757
0.6443 -86.3699
0.650464 -83.2341
0.656582 -84.059
0.662703 -83.8682
0.668861 -84.4162
0.675024 -82.6308
0.681124 -83.2957
0.687237 -81.2336
0.693381 -81.0382
0.699536 -81.323
0.705665 -79.9682
0.711789 -78.7657
0.717957 -77.7304
0.72409 -79.2612
0.730186 -78.5046
0.736317 -78.5316
0.742472 -77.6021
0.748622 -77.0683
0.75476 -75.706
0.760888 -74.8843
0.767043 -75.3774
0.773185 -74.7771
0.779291 -76.1912
0.785407 -74.4796
0.791564 -72.9145
0.797719 -72.2245
0.803834 -72.3537
0.809972 -74.2833
0.816124 -70.594
0.822261 -71.8065
0.828378 -70.8373
0.834502 -70.3877
0.840667 -70.4424
0.846816 -70.8053
0.852925 -69.8907
0.859047 -69.6883
0.865192 -68.7303
0.871341 -69.0194
0.877463 -67.2339
0.883569 -67.5414
0.889708 -67.2868
0.895864 -66.7409
0.902008 -66.6129
0.908149 -65.7576
0.914301 -65.6613
0.920448 -65.0103
0.926574 -65.1796
0.932687 -64.3357
0.938823 -64.7062
0.944975 -62.2219
0.951105 -63.3639
0.957225 -62.3371
0.963368 -61.999
0.969511 -62.0971
0.975621 -62.1467
0.981748 -61.1002
0.987916 -61.2575
0.99406 -60.496
1.00019 -60.2108
1.00632 -59.9523
1.01246 -59.9342
1.01859 -59.3803
1.02471 -58.6717
1.03085 -58.7222
1.03698 -57.8886
1.04314 -58.1108
1.04929 -57.3786
1.05541 -56.8277
1.06154 -56.3965
1.06769 -56.2731
1.07382 -55.9855
1.07993 -55.8482
1.08607 -54.937
1.09222 -55.025
1.09836 -54.8868
1.10449 -54.2563
1.11063 -54.167
1.11677 -53.8336
1.1229 -53.7365
1.12903 -53.6312
1.13518 -53.1143
1.14131 -52.3699
1.14745 -52.5891
1.15359 -51.9793
1.15973 -51.4184
1.16584 -51.5165
1.17197 -51.1523
1.17811 -51.5175
1.18424 -50.0854
1.19038 -49.3301
1.19652 -50.037
1.20267 -49.7503
1.20881 -48.9117
1.21495 -48.9436
1.22108 -48.5922
1.2272 -48.3259
1.23334 -48.3032
1.23949 -48.2292
1.24562 -47.975
1.25174 -47.1675
1.25789 -47.0787
1.26402 -46.7352
1.27014 -46.6766
1.27628 -46.0623
1.28244 -45.961
1.28858 -45.8467
1.29471 -45.5057
1.30084 -45.3123
1.30697 -44.5569
1.31312 -44.6699
1.31925 -44.4886
1.32537 -43.6843
1.33151 -44.0594
1.33765 -44.022
1.34378 -43.0503
1.34992 -42.5752
1.35606 -42.7341
1.3622 -42.3307
1.36833 -42.2445
1.37445 -41.9652
1.38059 -41.7587
1.38675 -41.8904
1.39288 -41.0931
1.39901 -40.7847
1.40515 -40.9365
1.4113 -40.3893
1.41742 -40.3484
1.42355 -40.0293
1.4297 -39.6696
1.43585 -39.5696
1.44198 -39.2148
1.44809 -39.0259
1.45423 -39.0519
1.46036 -38.3339
1.46649 -38.6781
1.47263 -38.1244
1.47877 -37.9008
1.48491 -38.0258
1.49104 -37.2755
1.49718 -37.2661
1.50333 -37.1346
1.50947 -36.8276
1.5156 -36.6265
1.52172 -36.2388
1.52787 -36.0572
1.534 -36.0096
1.54013 -35.6811
1.54627 -35.3624
1.55241 -34.9229
1.55855 -34.9067
1.56467 -34.9045
1.5708 -34.6861
