#  k  (h/Mpc)          P(k)  (Mpc/h)^3     P_linear(k)   P_NL(k) (Mpc/h)^3
     0.00783031         20333.2         20513.5           20402 
       0.013688         25431.6         25365.8         25170.4 
       0.019231         25358.1         25635.4         25378.2 
      0.0249154         23305.7         23617.7         23341.1 
      0.0312784         20165.1         20361.8         20072.2 
      0.0375637         16683.1         17287.6         17029.1 
      0.0433917         14577.2         15046.4         14768.3 
      0.0492413         13241.5         13439.5         13172.6 
      0.0555754         11950.2         12280.2         12034.8 
      0.0619321         10773.7         11423.3         11182.2 
       0.067871         10415.7         10674.3         10455.7 
      0.0738098         9301.37         9842.08         9530.37 
      0.0800417         8510.35         8856.08         8604.23 
      0.0862327         7648.48         7841.33          7739.8 
      0.0921407         6733.33         6940.55         6884.81 
      0.0982031         6159.43         6164.83         6243.98 
       0.104506         5736.67         5561.75         5737.32 
       0.110769         5137.04         5155.89         5263.08 
       0.116806         4746.45         4889.47         4964.46 
       0.122832         4692.04         4677.07         4752.13 
       0.129052         4500.39         4453.97         4522.27 
       0.135211            4206         4193.92         4269.83 
       0.141259         3939.78         3896.12         4050.54 
       0.147318         3634.94         3576.26         3807.16 
       0.153489         3386.67          3260.5         3472.32 
       0.159709         3231.88         2982.04         3265.67 
       0.165845         3060.15         2764.14         3130.37 
       0.171974         2935.11         2604.93         2961.41 
       0.178125         2803.78          2488.7         2879.78 
       0.184229         2667.13          2396.6         2743.09 
        0.19034         2545.28         2308.28         2640.78 
       0.196428         2497.93         2211.01            2533 
       0.202534         2374.94         2098.34         2448.32 
       0.208729         2280.09         1971.83          2315.9 
       0.214876         2201.82         1845.05         2253.38 
       0.220989         2067.94         1727.42         2179.44 
       0.227147         1985.57          1625.3         2105.71 
        0.23329         1980.87          1542.2         2040.86 
       0.239377         1915.08         1476.79         1962.14 
       0.245482         1816.28         1423.17         1881.11 
       0.251667          1746.1         1374.77          1839.5 
       0.257832         1687.83         1326.38         1781.24 
       0.263955         1685.19         1274.55         1732.73 
       0.270079         1626.92         1218.63         1683.96 
        0.27624         1554.94         1160.63         1632.19 
       0.282372         1513.09         1104.16         1604.22 
        0.28843         1491.36         1052.29         1569.55 
       0.294538         1410.56         1005.98         1521.93 
       0.300721         1422.19         965.772         1476.82 
        0.30691         1366.69         931.185         1457.29 
       0.313033         1334.28         900.669         1412.21 
       0.319153         1308.71         871.904         1373.99 
       0.325316         1281.51         843.127         1354.28 
        0.33145            1233         813.802         1308.65 
       0.337538         1212.16         783.968         1289.04 
       0.343633         1184.32         754.209         1273.23 
       0.349808         1151.01         725.137         1252.72 
       0.355968         1142.19         698.007         1228.96 
       0.362074         1116.49         673.396         1205.73 
       0.368217         1090.41         651.053         1177.75 
       0.374374         1062.48         630.664         1155.05 
       0.380519         1044.27         611.687         1134.08 
       0.386598         1026.49         593.734         1119.14 
       0.392688         1008.29         576.093         1099.03 
        0.39888         994.666         558.266         1080.83 
       0.405048         971.903         540.636         1062.65 
       0.411186         951.054         523.443         1045.26 
       0.417313          945.71         506.946         1032.01 
       0.423458         915.616         491.257         1012.47 
       0.429607         909.395         476.511         996.142 
       0.435692         897.819         462.871         974.373 
       0.441815         861.685          450.01         971.353 
       0.447964         855.738         437.712         961.022 
       0.454126         849.202         425.821         934.613 
       0.460267         836.028         414.316         932.964 
       0.466387         816.082         403.106         917.372 
        0.47254         801.501         392.064         904.495 
       0.478662          793.79          381.36         891.387 
       0.484765         775.961         371.082         882.092 
       0.490885         775.073         361.225         865.542 
       0.497035         761.391         351.758         858.122 
       0.503198         743.138         342.709         848.092 
       0.509342          739.59         334.099         833.605 
       0.515458         723.563         325.875         827.949 
       0.521598         715.191         317.898         819.807 
       0.527764         712.837         310.109         812.946 
       0.533884         695.406         302.587         804.268 
           0.54         682.564         295.284         794.874 
       0.546137         684.562         288.166         786.409 
       0.552299          670.41         281.241         775.648 
       0.558452          662.09         274.572         769.557 
       0.564573          651.03         268.183         762.401 
       0.570708         643.749         262.019         752.148 
       0.576825          632.35         256.088         743.076 
       0.582926           630.4         250.362         738.298 
       0.589034         620.593           244.8         728.032 
       0.595184         613.324         239.361         720.603 
       0.601379         602.976         234.048         714.925 
       0.607522         597.242         228.943         704.237 
       0.613639         591.369         224.008         701.679 
       0.619772         582.739         219.199         699.531 
       0.625918         574.497         214.523           690.2 
       0.632068         567.229         209.989         686.291 
       0.638161         559.841          205.63         676.345 
         0.6443         553.249         201.363         670.277 
       0.650464         544.438         197.204         662.339 
       0.656582         541.595         193.195         658.243 
       0.662703         536.092         189.299         653.513 
       0.668861         530.045         185.491         650.291 
       0.675024         521.835         181.786         645.456 
       0.681124         517.279         178.221         636.687 
       0.687237         510.088         174.746         631.235 
       0.693381         504.539         171.349         625.446 
       0.699536         499.245         168.039         621.256 
       0.705665         495.486         164.831         613.993 
       0.711789         487.413         161.707         609.356 
       0.717957         481.812         158.644         608.165 
        0.72409         477.271         155.679         602.232 
       0.730186         474.419          152.81         595.922 
       0.736317         467.474         150.001         592.075 
       0.742472         461.386         147.254         588.343 
       0.748622         458.342         144.576          582.11 
        0.75476         451.715         141.968         582.029 
       0.760888         445.526         139.429           575.8 
       0.767043         444.828         136.944         568.615 
       0.773185         436.394         134.528         565.263 
       0.779291         437.138         132.185         560.659 
       0.785407         429.605         129.892         557.459 
       0.791564         424.374         127.639         555.564 
       0.797719         420.377         125.442         550.541 
       0.803834         415.831         123.312         546.859 
       0.809972          409.82         121.224         543.072 
       0.816124         405.843         119.178         537.397 
       0.822261         403.031         117.186         534.604 
       0.828378         397.965         115.246         530.669 
       0.834502         394.723         113.351         528.875 
       0.840667         390.028         111.487         524.891 
       0.846816         387.198         109.669         520.762 
       0.852925         381.641         107.902         517.784 
       0.859047         379.173          106.17         513.104 
       0.865192          374.11          104.47         510.016 
       0.871341         369.246         102.807         506.384 
       0.877463         366.731         101.188         503.432 
       0.883569         361.407           99.61          501.27 
       0.889708         359.416         98.0585         496.524 
       0.895864         355.412         96.5361         493.723 
       0.902008         352.981         95.0488         490.433 
       0.908149         349.337         93.5935         485.377 
       0.914301         344.443         92.1665         481.772 
       0.920448         342.483         90.7712         480.905 
       0.926574         338.095         89.4101         477.962 
       0.932687         334.721         88.0802         473.294 
       0.938823         332.139         86.7728         471.922 
       0.944975         328.495         85.4889         469.073 
       0.951105         325.283         84.2354         465.903 
       0.957225         321.697          83.009         462.655 
       0.963368         317.228         81.8028         459.815 
       0.969511         314.799         80.6209         456.807 
       0.975621         312.727         79.4694         454.319 
       0.981748          309.02          78.338          451.84 
       0.987916         306.507         77.2216         449.355 
        0.99406         302.961         76.1311         446.431 
        1.00019         301.087         75.0638         442.652 
        1.00632         296.544          74.018         440.061 
        1.01246         295.982         72.9909          437.43 
        1.01859         291.793         71.9852          434.69 
        1.02471         287.957         71.0001         432.302 
        1.03085         285.496         70.0302         430.831 
        1.03698         281.844         69.0805           429.1 
        1.04314         279.929         68.1442         425.571 
        1.04929         277.715          67.227         422.131 
        1.05541          274.47         66.3297         419.711 
        1.06154         271.457         65.4464         417.619 
        1.06769         268.602         64.5783         414.608 
        1.07382         267.062         63.7301         411.904 
        1.07993         263.986         62.9005         410.011 
        1.08607         261.119         62.0832         407.479 
        1.09222         259.731         61.2799         405.191 
        1.09836         257.077         60.4912         403.296 
        1.10449         255.312         59.7167         401.712 
        1.11063         251.003         58.9542         398.537 
        1.11677          249.21         58.2047         396.423 
         1.1229         247.181         57.4691         393.804 
        1.12903         245.525         56.7453          392.03 
        1.13518         242.208         56.0336         388.783 
        1.14131         240.537          55.335         387.644 
        1.14745         237.414         54.6494         384.581 
        1.15359         234.414         53.9759         383.382 
        1.15973         232.436          53.314         381.089 
        1.16584          230.96         52.6667         379.054 
        1.17197         227.973         52.0295         377.377 
        1.17811         226.581         51.4006         374.629 
        1.18424         223.522         50.7833         372.402 
        1.19038         221.528         50.1735          371.22 
        1.19652          219.56         49.5734         368.291 
        1.20267         217.637         48.9833         366.436 
        1.20881         214.666         48.4039         364.926 
        1.21495         213.401         47.8363         362.286 
        1.22108         211.246         47.2789         359.992 
         1.2272         209.394         46.7319         359.043 
        1.23334         206.887         46.1919         356.657 
        1.23949         205.597         45.6581         354.756 
        1.24562         203.154         45.1334         352.657 
        1.25174         201.179         44.6172         351.084 
        1.25789         199.444         44.1075         348.822 
        1.26402         197.393         43.6069         347.609 
        1.27014         196.151         43.1155         345.363 
        1.27628         193.522         42.6304         344.248 
        1.28244         192.767         42.1518         342.606 
        1.28858         190.022         41.6809         340.478 
        1.29471         187.491         41.2183         337.991 
        1.30084         186.953         40.7632         335.917 
        1.30697         184.814         40.3146         334.856 
        1.31312         183.134         39.8726         333.135 
        1.31925         181.413          39.439         331.159 
        1.32537         179.657         39.0126          329.19 
        1.33151         178.386         38.5911         327.926 
        1.33765         176.325         38.1759         326.362 
        1.34378         174.923         37.7675         324.073 
        1.34992         172.483         37.3645         322.575 
        1.35606         171.046         36.9663         320.656 
         1.3622         169.606         36.5745         319.517 
        1.36833         167.827         36.1891         318.305 
        1.37445         166.121         35.8094         315.793 
        1.38059         164.723          35.434         314.721 
        1.38675         163.406         35.0633         313.396 
        1.39288         161.751         34.6997         311.251 
        1.39901         159.887         34.3416         309.548 
        1.40515         158.841          33.988         308.017 
         1.4113         157.497         33.6394         306.267 
        1.41742         155.744         33.2967          304.59 
        1.42355         154.101         32.9578         303.438 
         1.4297         152.413         32.6223         301.328 
        1.43585         151.377         32.2915         300.584 
        1.44198         150.178         31.9668         298.765 
        1.44809         148.361         31.6477         297.196 
        1.45423         147.766         31.3323         295.329 
        1.46036         146.054         31.0223         294.105 
        1.46649         144.908         30.7165         292.844 
        1.47263         142.818         30.4145         291.054 
        1.47877         142.156         30.1163         289.253 
        1.48491         140.558         29.8212         287.663 
        1.49104          139.07         29.5304         286.676 
        1.49718         138.131          29.243         285.836 
        1.50333         136.909         28.9588         283.551 
        1.50947          134.92         28.6791         282.096 
         1.5156         134.397         28.4036         281.309 
        1.52172         133.083          28.132         279.836 
        1.52787          132.01         27.8635         278.436 
          1.534         130.719         27.5991         276.889 
        1.54013         129.207         27.3387         275.619 
        1.54627         127.992         27.0814         274.639 
        1.55241         126.828         26.8275         273.375 
        1.55855         125.866         26.5771         271.725 
        1.56467         124.583         26.3303         270.203 
         1.5708         123.717         26.0858         268.894 
