0.00783031 -175.349
0.013688 -232.545
0.019231 -233.56
0.0249154 -214.513
0.0312784 -192.173
0.0375637 -167.626
0.0433917 -158.623
0.0492413 -148.438
0.0555754 -148.619
0.0619321 -139.613
0.067871 -143.477
0.0738098 -138.179
0.0800417 -130.228
0.0862327 -126.855
0.0921407 -117.15
0.0982031 -116.014
0.104506 -114.659
0.110769 -109.664
0.116806 -108.282
0.122832 -110.758
0.129052 -113.438
0.135211 -112.966
0.141259 -109.131
0.147318 -105.539
0.153489 -103.03
0.159709 -103.284
0.165845 -102.489
0.171974 -104.665
0.178125 -104.205
0.184229 -102.699
0.19034 -103.335
0.196428 -104.533
0.202534 -102.346
0.208729 -102.685
0.214876 -102.047
0.220989 -99.4229
0.227147 -96.0427
0.23329 -101.711
0.239377 -101.529
0.245482 -97.4529
0.251667 -97.4743
0.257832 -97.4639
0.263955 -99.04
0.270079 -99.1617
0.27624 -97.5817
0.282372 -97.2939
0.28843 -96.2426
0.294538 -94.7472
0.300721 -96.7867
0.30691 -95.6877
0.313033 -96.0782
0.319153 -95.8804
0.325316 -95.8208
0.33145 -93.542
0.337538 -94.7722
0.343633 -92.6459
0.349808 -93.3367
0.355968 -94.2613
0.362074 -93.2747
0.368217 -92.0433
0.374374 -91.9655
0.380519 -91.3647
0.386598 -91.8319
0.392688 -90.3285
0.39888 -91.0019
0.405048 -90.5471
0.411186 -89.6249
0.417313 -90.8423
0.423458 -87.9999
0.429607 -89.581
0.435692 -89.2149
0.441815 -87.0995
0.447964 -86.8528
0.454126 -87.8121
0.460267 -88.8338
0.466387 -87.5823
0.47254 -86.1393
0.478662 -86.3655
0.484765 -84.378
0.490885 -86.5379
0.497035 -85.1284
0.503198 -85.1389
0.509342 -85.333
0.515458 -84.0375
0.521598 -83.6143
0.527764 -85.6901
0.533884 -83.3803
0.54 -83.0143
0.546137 -83.1535
0.552299 -83.0872
0.558452 -82.5862
0.564573 -82.2279
0.570708 -81.7021
0.576825 -81.3213
0.582926 -81.9277
0.589034 -80.9394
0.595184 -80.5869
0.601379 -80.348
0.607522 -79.8388
0.613639 -79.6103
0.619772 -79.0102
0.625918 -78.7482
0.632068 -78.7401
0.638161 -77.5916
0.6443 -77.8056
0.650464 -76.5943
0.656582 -76.5921
0.662703 -76.7581
0.668861 -76.2139
0.675024 -76.8253
0.681124 -75.7428
0.687237 -75.222
0.693381 -74.7472
0.699536 -74.4903
0.705665 -74.1964
0.711789 -73.8983
0.717957 -73.5381
0.72409 -73.3531
0.730186 -73.6198
0.736317 -72.1735
0.742472 -72.3096
0.748622 -72.0285
0.75476 -71.5591
0.760888 -69.689
0.767043 -71.1321
0.773185 -69.3987
0.779291 -71.3646
0.785407 -69.2615
0.791564 -69.061
0.797719 -68.8582
0.803834 -68.6729
0.809972 -68.3877
0.816124 -68.0699
0.822261 -67.8921
0.828378 -66.3472
0.834502 -66.3584
0.840667 -66.1106
0.846816 -66.2315
0.852925 -65.1003
0.859047 -65.7435
0.865192 -65.0084
0.871341 -63.7478
0.877463 -64.4079
0.883569 -63.426
0.889708 -64.2594
0.895864 -63.7203
0.902008 -62.764
0.908149 -62.3948
0.914301 -62.2254
0.920448 -62.0519
0.926574 -61.173
0.932687 -61.5123
0.938823 -61.0939
0.944975 -60.3856
0.951105 -60.9259
0.957225 -59.9331
0.963368 -59.3541
0.969511 -59.0952
0.975621 -59.4454
0.981748 -59.1612
0.987916 -58.2413
0.99406 -58.3123
1.00019 -57.9034
1.00632 -57.2837
1.01246 -57.5348
1.01859 -56.6084
1.02471 -55.8648
1.03085 -56.259
1.03698 -55.4837
1.04314 -55.7285
1.04929 -55.2278
1.05541 -54.1444
1.06154 -54.0414
1.06769 -53.6509
1.07382 -53.6013
1.07993 -53.134
1.08607 -52.5244
1.09222 -52.6756
1.09836 -52.5087
1.10449 -52.2645
1.11063 -51.4235
1.11677 -51.2793
1.1229 -51.2719
1.12903 -51.3416
1.13518 -50.8442
1.14131 -50.1807
1.14745 -49.7527
1.15359 -49.054
1.15973 -49.2542
1.16584 -49.006
1.17197 -48.7087
1.17811 -48.8194
1.18424 -47.7632
1.19038 -47.5352
1.19652 -47.6941
1.20267 -47.3273
1.20881 -46.7718
1.21495 -46.3882
1.22108 -46.2858
1.2272 -46.1118
1.23334 -45.8072
1.23949 -46.0057
1.24562 -45.5001
1.25174 -44.7083
1.25789 -44.7267
1.26402 -44.4328
1.27014 -44.0309
1.27628 -43.5821
1.28244 -44.13
1.28858 -43.4006
1.29471 -42.9675
1.30084 -42.8485
1.30697 -43.0067
1.31312 -42.2005
1.31925 -42.1547
1.32537 -41.7182
1.33151 -41.7012
1.33765 -41.2645
1.34378 -41.4031
1.34992 -40.5823
1.35606 -40.5493
1.3622 -40.1809
1.36833 -40.0736
1.37445 -39.7385
1.38059 -40.0085
1.38675 -39.2382
1.39288 -39.0873
1.39901 -38.9151
1.40515 -38.776
1.4113 -38.3514
1.41742 -37.8886
1.42355 -37.8062
1.4297 -37.6227
1.43585 -37.178
1.44198 -37.156
1.44809 -36.7675
1.45423 -36.9271
1.46036 -36.6231
1.46649 -36.2982
1.47263 -35.7813
1.47877 -35.821
1.48491 -35.839
1.49104 -35.373
1.49718 -35.1341
1.50333 -35.0554
1.50947 -34.3527
1.5156 -34.5635
1.52172 -34.5876
1.52787 -34.0516
1.534 -33.8403
1.54013 -33.8747
1.54627 -33.5945
1.55241 -33.1808
1.55855 -32.9204
1.56467 -32.5117
1.5708 -32.6107
