0.00783031 20393.8
0.013688 25043.6
0.019231 25823.2
0.0249154 23480.6
0.0312784 20027.9
0.0375637 17090.1
0.0433917 14529.7
0.0492413 13244.8
0.0555754 11713.8
0.0619321 10955
0.067871 10339.9
0.0738098 9783.04
0.0800417 8516.33
0.0862327 7432.57
0.0921407 6979.76
0.0982031 6089.9
0.104506 5518.3
0.110769 5071.21
0.116806 4896.97
0.122832 4626.6
0.129052 4503.59
0.135211 4237.74
0.141259 3856.07
0.147318 3735.08
0.153489 3366.37
0.159709 3202.82
0.165845 3053.52
0.171974 2867.59
0.178125 2811.25
0.184229 2644.7
0.19034 2570.83
0.196428 2469.58
0.202534 2342.14
0.208729 2285.75
0.214876 2158.36
0.220989 2135.26
0.227147 1993.18
0.23329 1932.74
0.239377 1892.33
0.245482 1814.94
0.251667 1771.13
0.257832 1705.1
0.263955 1677.77
0.270079 1596.35
0.27624 1555.03
0.282372 1508.54
0.28843 1490.73
0.294538 1438.64
0.300721 1411.82
0.30691 1353.5
0.313033 1326.69
0.319153 1304.67
0.325316 1265.67
0.33145 1231.37
0.337538 1212.61
0.343633 1179.61
0.349808 1160.25
0.355968 1128.96
0.362074 1105.35
0.368217 1085.89
0.374374 1064.13
0.380519 1040.81
0.386598 1028.25
0.392688 1005.51
0.39888 981.563
0.405048 961.23
0.411186 940.393
0.417313 933.515
0.423458 915.342
0.429607 905.543
0.435692 892.54
0.441815 861.815
0.447964 861.19
0.454126 850.06
0.460267 832.333
0.466387 811.855
0.47254 800.824
0.478662 785.859
0.484765 785.181
0.490885 766.857
0.497035 755.539
0.503198 747.016
0.509342 732.805
0.515458 723.844
0.521598 713.835
0.527764 704.852
0.533884 694.398
0.54 683.777
0.546137 674.859
0.552299 665.4
0.558452 660.36
0.564573 651.864
0.570708 639.547
0.576825 637.523
0.582926 624.746
0.589034 620.778
0.595184 610.701
0.601379 599.881
0.607522 595.493
0.613639 587.252
0.619772 578.438
0.625918 577.188
0.632068 566.498
0.638161 560.862
0.6443 554.389
0.650464 546.478
0.656582 538.382
0.662703 534.997
0.668861 525.481
0.675024 520.484
0.681124 515.291
0.687237 511.693
0.693381 504.436
0.699536 501.71
0.705665 492.72
0.711789 485.036
0.717957 481.29
0.72409 478.495
0.730186 471.461
0.736317 465.556
0.742472 461.4
0.748622 458.124
0.75476 454.65
0.760888 446.891
0.767043 438.703
0.773185 437.622
0.779291 433.743
0.785407 427.757
0.791564 421.653
0.797719 417.548
0.803834 414.289
0.809972 410.286
0.816124 406.715
0.822261 400.545
0.828378 395.058
0.834502 395.529
0.840667 389.961
0.846816 385.358
0.852925 380.528
0.859047 376.949
0.865192 373.401
0.871341 370.774
0.877463 364.943
0.883569 361.439
0.889708 358.747
0.895864 354.938
0.902008 351.616
0.908149 346.706
0.914301 345.143
0.920448 340.751
0.926574 337.015
0.932687 333.991
0.938823 332.951
0.944975 327.854
0.951105 324.08
0.957225 321.524
0.963368 317.86
0.969511 314.737
0.975621 312.68
0.981748 308.987
0.987916 305.76
0.99406 302.682
1.00019 299.888
1.00632 297.325
1.01246 293.67
1.01859 291.235
1.02471 288.182
1.03085 284.643
1.03698 283.556
1.04314 278.977
1.04929 276.108
1.05541 275.027
1.06154 271.161
1.06769 269.527
1.07382 266.435
1.07993 262.672
1.08607 260.807
1.09222 259.019
1.09836 256.205
1.10449 253.456
1.11063 251.425
1.11677 249.532
1.1229 246.619
1.12903 244.171
1.13518 242.408
1.14131 239.361
1.14745 236.853
1.15359 234.639
1.15973 232.296
1.16584 230.566
1.17197 227.371
1.17811 225.417
1.18424 223.522
1.19038 221.542
1.19652 219.326
1.20267 216.753
1.20881 215.953
1.21495 212.888
1.22108 211.508
1.2272 208.308
1.23334 207.535
1.23949 204.589
1.24562 203.364
1.25174 201.136
1.25789 199.277
1.26402 197.004
1.27014 195.581
1.27628 194.262
1.28244 192.006
1.28858 189.878
1.29471 187.713
1.30084 186.507
1.30697 184.461
1.31312 182.473
1.31925 180.738
1.32537 179.259
1.33151 177.411
1.33765 175.46
1.34378 174.325
1.34992 172.541
1.35606 170.065
1.3622 169.218
1.36833 167.662
1.37445 166.436
1.38059 165.438
1.38675 162.955
1.39288 161.675
1.39901 160.595
1.40515 158.265
1.4113 157.259
1.41742 156.061
1.42355 154.164
1.4297 152.86
1.43585 151.593
1.44198 150.289
1.44809 148.699
1.45423 147.081
1.46036 146.127
1.46649 144.725
1.47263 143.16
1.47877 142.064
1.48491 140.588
1.49104 139.294
1.49718 137.547
1.50333 136.491
1.50947 135.509
1.5156 134.352
1.52172 132.679
1.52787 131.777
1.534 130.605
1.54013 128.932
1.54627 128.532
1.55241 126.82
1.55855 125.795
1.56467 124.691
1.5708 123.857
