0.00783031 6351.16
0.013688 6241.86
0.019231 5837.45
0.0249154 4727.3
0.0312784 4668.1
0.0375637 4619.02
0.0433917 4786.24
0.0492413 4439.94
0.0555754 3793.03
0.0619321 3871.37
0.067871 3708.48
0.0738098 3592.46
0.0800417 3100.92
0.0862327 3101.65
0.0921407 2713.2
0.0982031 2700.1
0.104506 2528.81
0.110769 2332.7
0.116806 2189.16
0.122832 2134.68
0.129052 2009.98
0.135211 2009.68
0.141259 1857.66
0.147318 1759.01
0.153489 1750.5
0.159709 1636.49
0.165845 1540.78
0.171974 1565.58
0.178125 1416.49
0.184229 1331.72
0.19034 1310.83
0.196428 1266.78
0.202534 1203.81
0.208729 1195.91
0.214876 1166.04
0.220989 1061.18
0.227147 1077.41
0.23329 1031.41
0.239377 960.7
0.245482 957.362
0.251667 898.26
0.257832 868.227
0.263955 839.398
0.270079 840.166
0.27624 779.329
0.282372 764.43
0.28843 779.588
0.294538 738.298
0.300721 723.855
0.30691 691.13
0.313033 665.659
0.319153 654.27
0.325316 619.456
0.33145 610.855
0.337538 591.872
0.343633 585.598
0.349808 567.757
0.355968 547.887
0.362074 538.559
0.368217 507.723
0.374374 508.969
0.380519 487.779
0.386598 474.994
0.392688 464.581
0.39888 458.902
0.405048 449.009
0.411186 447.389
0.417313 411.878
0.423458 426.118
0.429607 399.721
0.435692 396.339
0.441815 380.298
0.447964 365.66
0.454126 360.502
0.460267 352.897
0.466387 350.591
0.47254 336.838
0.478662 330.596
0.484765 316.485
0.490885 314.891
0.497035 306.287
0.503198 301.7
0.509342 292.473
0.515458 288.905
0.521598 284.396
0.527764 278.715
0.533884 268.606
0.54 264.674
0.546137 249.128
0.552299 248.132
0.558452 242.619
0.564573 234.14
0.570708 228.226
0.576825 227.055
0.582926 217.465
0.589034 210.619
0.595184 211.713
0.601379 202.237
0.607522 200.447
0.613639 191.467
0.619772 191.596
0.625918 186.003
0.632068 179.673
0.638161 180.025
0.6443 173.328
0.650464 167.865
0.656582 165.488
0.662703 159.814
0.668861 157.53
0.675024 154.671
0.681124 147.718
0.687237 146.823
0.693381 137.825
0.699536 138.007
0.705665 130.471
0.711789 131.423
0.717957 126.133
0.72409 123.903
0.730186 119.409
0.736317 118.217
0.742472 109.441
0.748622 106.035
0.75476 107.155
0.760888 105.407
0.767043 100.549
0.773185 100.718
0.779291 95.9284
0.785407 93.682
0.791564 93.4419
0.797719 91.7772
0.803834 86.733
0.809972 84.2049
0.816124 79.642
0.822261 77.8723
0.828378 76.0621
0.834502 72.5514
0.840667 69.9287
0.846816 68.5105
0.852925 64.0206
0.859047 63.9781
0.865192 62.0162
0.871341 58.0459
0.877463 56.5773
0.883569 53.6336
0.889708 53.2538
0.895864 49.9092
0.902008 46.5221
0.908149 45.7134
0.914301 40.4394
0.920448 40.84
0.926574 39.6525
0.932687 39.7633
0.938823 36.8786
0.944975 31.7814
0.951105 33.3846
0.957225 29.2422
0.963368 32.0197
0.969511 27.2232
0.975621 25.0157
0.981748 24.0481
0.987916 20.3486
0.99406 19.8133
1.00019 18.6688
1.00632 18.4831
1.01246 17.193
1.01859 13.2855
1.02471 12.4685
1.03085 11.9368
1.03698 9.29233
1.04314 10.0146
1.04929 6.65945
1.05541 5.85648
1.06154 4.40158
1.06769 2.59248
1.07382 2.29732
1.07993 -0.339162
1.08607 -0.202008
1.09222 -4.00931
1.09836 -2.33117
1.10449 -3.48081
1.11063 -3.83854
1.11677 -6.97321
1.1229 -7.91653
1.12903 -8.86373
1.13518 -10.823
1.14131 -13.1613
1.14745 -11.6482
1.15359 -14.3836
1.15973 -12.9884
1.16584 -13.9454
1.17197 -14.1258
1.17811 -16.8466
1.18424 -17.8991
1.19038 -17.4117
1.19652 -19.6843
1.20267 -19.2667
1.20881 -23.1453
1.21495 -22.4899
1.22108 -23.5532
1.2272 -23.5463
1.23334 -24.4725
1.23949 -23.9076
1.24562 -27.2088
1.25174 -27.9938
1.25789 -28.541
1.26402 -27.8733
1.27014 -28.8636
1.27628 -29.6854
1.28244 -31.5423
1.28858 -30.486
1.29471 -31.766
1.30084 -30.1851
1.30697 -33.1562
1.31312 -33.7053
1.31925 -32.4255
1.32537 -33.1609
1.33151 -33.9884
1.33765 -34.323
1.34378 -36.5579
1.34992 -36.3637
1.35606 -34.8574
1.3622 -37.4596
1.36833 -37.7295
1.37445 -38.1441
1.38059 -39.7052
1.38675 -40.0067
1.39288 -40.8055
1.39901 -39.8986
1.40515 -40.7264
1.4113 -40.6997
1.41742 -40.6838
1.42355 -42.0128
1.4297 -41.9748
1.43585 -41.4119
1.44198 -42.491
1.44809 -43.8331
1.45423 -41.9839
1.46036 -43.36
1.46649 -45.2546
1.47263 -44.647
1.47877 -45.1197
1.48491 -44.0861
1.49104 -44.6405
1.49718 -44.0704
1.50333 -46.1377
1.50947 -45.5346
1.5156 -45.6365
1.52172 -45.3539
1.52787 -47.7123
1.534 -46.9021
1.54013 -45.8359
1.54627 -48.4402
1.55241 -47.6976
1.55855 -48.0146
1.56467 -48.0006
1.5708 -48.6931
