0.00783031 2.67649
0.013688 16.3814
0.019231 5.89564
0.0249154 -4.31011
0.0312784 -2.24928
0.0375637 5.143
0.0433917 1.36768
0.0492413 5.45323
0.0555754 6.53839
0.0619321 8.72533
0.067871 6.27085
0.0738098 9.00114
0.0800417 14.1185
0.0862327 9.92546
0.0921407 10.3929
0.0982031 13.5679
0.104506 11.2875
0.110769 15.8108
0.116806 16.1274
0.122832 16.3
0.129052 16.2247
0.135211 20.6697
0.141259 20.6925
0.147318 19.9651
0.153489 21.088
0.159709 21.6913
0.165845 26.0935
0.171974 25.8353
0.178125 26.6722
0.184229 26.2927
0.19034 28.0859
0.196428 28.1351
0.202534 30.4254
0.208729 29.7047
0.214876 31.6145
0.220989 32.1714
0.227147 33.9179
0.23329 33.456
0.239377 34.9241
0.245482 35.6309
0.251667 36.2424
0.257832 36.8044
0.263955 36.8151
0.270079 38.7588
0.27624 39.1713
0.282372 38.7654
0.28843 39.801
0.294538 40.9351
0.300721 42.0354
0.30691 42.3057
0.313033 41.8823
0.319153 43.3165
0.325316 43.3881
0.33145 44.73
0.337538 44.8655
0.343633 44.7155
0.349808 45.0617
0.355968 46.5158
0.362074 46.2283
0.368217 47.0382
0.374374 48.365
0.380519 49.8204
0.386598 48.4305
0.392688 49.0286
0.39888 49.9774
0.405048 49.2443
0.411186 50.7299
0.417313 49.9817
0.423458 51.0162
0.429607 51.3787
0.435692 51.4777
0.441815 52.6366
0.447964 52.5484
0.454126 52.434
0.460267 52.0237
0.466387 53.5063
0.47254 53.4868
0.478662 53.0287
0.484765 54.4214
0.490885 53.1633
0.497035 54.9005
0.503198 54.864
0.509342 55.7448
0.515458 55.4146
0.521598 55.1181
0.527764 55.7861
0.533884 56.0286
0.54 56.5338
0.546137 56.7461
0.552299 57.4308
0.558452 57.155
0.564573 56.7997
0.570708 56.8084
0.576825 56.7923
0.582926 57.0939
0.589034 57.9876
0.595184 58.2213
0.601379 58.2288
0.607522 58.0549
0.613639 57.9798
0.619772 57.8991
0.625918 58.9834
0.632068 58.3086
0.638161 58.1869
0.6443 58.4597
0.650464 58.1207
0.656582 58.8679
0.662703 58.6001
0.668861 58.8009
0.675024 58.3682
0.681124 58.3454
0.687237 58.6441
0.693381 58.6853
0.699536 58.1264
0.705665 58.818
0.711789 57.8007
0.717957 58.2484
0.72409 58.0741
0.730186 57.9288
0.736317 57.8804
0.742472 57.8557
0.748622 58.0835
0.75476 57.7503
0.760888 57.2831
0.767043 57.7013
0.773185 57.1394
0.779291 57.4029
0.785407 57.1539
0.791564 56.9546
0.797719 57.2315
0.803834 56.7622
0.809972 56.3477
0.816124 56.3493
0.822261 56.3188
0.828378 56.2702
0.834502 55.5157
0.840667 55.5454
0.846816 55.5645
0.852925 55.6714
0.859047 55.4802
0.865192 55.0223
0.871341 54.4794
0.877463 54.2183
0.883569 54.8823
0.889708 53.6828
0.895864 53.5525
0.902008 54.0993
0.908149 53.7084
0.914301 53.1599
0.920448 53.4054
0.926574 52.5875
0.932687 52.6474
0.938823 52.1392
0.944975 52.3282
0.951105 51.5329
0.957225 51.4677
0.963368 51.2035
0.969511 51.0234
0.975621 50.3367
0.981748 50.0118
0.987916 50.1689
0.99406 49.7396
1.00019 49.7275
1.00632 49.3447
1.01246 48.8188
1.01859 48.7001
1.02471 48.3772
1.03085 48.1706
1.03698 48.2
1.04314 47.7501
1.04929 46.9746
1.05541 46.7241
1.06154 46.5315
1.06769 46.6684
1.07382 46.4054
1.07993 46.172
1.08607 45.977
1.09222 44.9892
1.09836 45.1915
1.10449 45.058
1.11063 44.4299
1.11677 44.2447
1.1229 44.3987
1.12903 43.8754
1.13518 43.4333
1.14131 42.8749
1.14745 42.6698
1.15359 42.5927
1.15973 42.2218
1.16584 42.3494
1.17197 41.2484
1.17811 41.3763
1.18424 41.4876
1.19038 40.8151
1.19652 40.8632
1.20267 41.0059
1.20881 40.2921
1.21495 40.1429
1.22108 39.6304
1.2272 39.6475
1.23334 38.8806
1.23949 38.7566
1.24562 38.5373
1.25174 38.1601
1.25789 38.3103
1.26402 38.2217
1.27014 37.6001
1.27628 37.5058
1.28244 37.5453
1.28858 36.6732
1.29471 36.8724
1.30084 36.7678
1.30697 36.2644
1.31312 36.0183
1.31925 35.8645
1.32537 35.4407
1.33151 35.4046
1.33765 35.3593
1.34378 34.7488
1.34992 34.8872
1.35606 34.4979
1.3622 34.2799
1.36833 34.1064
1.37445 34.0979
1.38059 33.8105
1.38675 33.2784
1.39288 33.1631
1.39901 32.8602
1.40515 32.7237
1.4113 32.7319
1.41742 32.4668
1.42355 32.0724
1.4297 31.8901
1.43585 32.0654
1.44198 31.4479
1.44809 31.4346
1.45423 31.1861
1.46036 31.1814
1.46649 30.8274
1.47263 30.5858
1.47877 30.4501
1.48491 30.4507
1.49104 29.9938
1.49718 30.0952
1.50333 29.8444
1.50947 29.4851
1.5156 29.4869
1.52172 29.153
1.52787 28.7957
1.534 28.9975
1.54013 28.7083
1.54627 28.798
1.55241 28.4597
1.55855 28.2385
1.56467 27.8641
1.5708 27.7657
