0.00783031 -778.796
0.013688 -1896.17
0.019231 -556.942
0.0249154 490.249
0.0312784 149.957
0.0375637 -287.028
0.0433917 -97.5955
0.0492413 -286.914
0.0555754 -215.087
0.0619321 -282.752
0.067871 -43.5532
0.0738098 -150.767
0.0800417 -425.777
0.0862327 -147.006
0.0921407 -133.144
0.0982031 -257.127
0.104506 -123.868
0.110769 -236.059
0.116806 -176.349
0.122832 -171.412
0.129052 -166.039
0.135211 -253.494
0.141259 -186.327
0.147318 -145.394
0.153489 -173.67
0.159709 -161.536
0.165845 -232.445
0.171974 -176.936
0.178125 -181.942
0.184229 -151.107
0.19034 -179.718
0.196428 -157.88
0.202534 -183.932
0.208729 -143.197
0.214876 -176.878
0.220989 -165.226
0.227147 -177.121
0.23329 -153.848
0.239377 -168.818
0.245482 -155.792
0.251667 -151.704
0.257832 -143.316
0.263955 -147.516
0.270079 -154.292
0.27624 -142.582
0.282372 -142.663
0.28843 -136.868
0.294538 -140.583
0.300721 -138.478
0.30691 -137.723
0.313033 -134.746
0.319153 -133.285
0.325316 -134.836
0.33145 -133.038
0.337538 -130.462
0.343633 -121.805
0.349808 -121.686
0.355968 -124.217
0.362074 -120.432
0.368217 -116.667
0.374374 -127.093
0.380519 -126.031
0.386598 -115.835
0.392688 -117.13
0.39888 -120.964
0.405048 -115.802
0.411186 -119.601
0.417313 -115.838
0.423458 -112.415
0.429607 -114.173
0.435692 -108.456
0.441815 -108.351
0.447964 -108.639
0.454126 -105.071
0.460267 -104.285
0.466387 -103.864
0.47254 -106.199
0.478662 -103.456
0.484765 -104.324
0.490885 -98.5722
0.497035 -100.531
0.503198 -99.1304
0.509342 -97.8172
0.515458 -99.6113
0.521598 -97.8472
0.527764 -94.8282
0.533884 -94.6891
0.54 -95.7291
0.546137 -92.4476
0.552299 -94.3003
0.558452 -92.8888
0.564573 -90.2917
0.570708 -91.1953
0.576825 -93.4973
0.582926 -90.0674
0.589034 -86.6832
0.595184 -91.6912
0.601379 -89.6754
0.607522 -87.1941
0.613639 -86.0886
0.619772 -85.1281
0.625918 -87.5753
0.632068 -85.095
0.638161 -85.0684
0.6443 -83.0341
0.650464 -84.6049
0.656582 -84.4877
0.662703 -82.2444
0.668861 -83.6238
0.675024 -82.0981
0.681124 -81.6354
0.687237 -80.5541
0.693381 -79.7189
0.699536 -77.8031
0.705665 -79.7873
0.711789 -77.8337
0.717957 -77.4406
0.72409 -78.1773
0.730186 -76.0822
0.736317 -76.25
0.742472 -75.2528
0.748622 -74.9265
0.75476 -75.1353
0.760888 -75.0909
0.767043 -73.3353
0.773185 -72.1341
0.779291 -73.4189
0.785407 -73.4247
0.791564 -71.4258
0.797719 -72.6003
0.803834 -71.3534
0.809972 -70.3776
0.816124 -69.433
0.822261 -70.1944
0.828378 -70.6047
0.834502 -68.7967
0.840667 -68.5746
0.846816 -68.1391
0.852925 -68.0128
0.859047 -68.2442
0.865192 -67.3229
0.871341 -66.9109
0.877463 -66.6815
0.883569 -66.4472
0.889708 -66.0744
0.895864 -65.0151
0.902008 -64.424
0.908149 -65.3227
0.914301 -64.3919
0.920448 -63.7261
0.926574 -62.6812
0.932687 -63.868
0.938823 -63.6125
0.944975 -61.7525
0.951105 -61.0126
0.957225 -60.1597
0.963368 -61.726
0.969511 -60.9136
0.975621 -59.5793
0.981748 -59.5986
0.987916 -60.0108
0.99406 -59.7588
1.00019 -58.5302
1.00632 -58.5827
1.01246 -58.2133
1.01859 -58.2227
1.02471 -57.6601
1.03085 -57.0693
1.03698 -57.0703
1.04314 -56.7069
1.04929 -56.3012
1.05541 -55.5499
1.06154 -55.7377
1.06769 -54.4198
1.07382 -54.1358
1.07993 -54.5758
1.08607 -54.0896
1.09222 -53.4415
1.09836 -53.2989
1.10449 -53.2509
1.11063 -53.0611
1.11677 -52.6747
1.1229 -52.9835
1.12903 -51.6186
1.13518 -51.2279
1.14131 -50.5756
1.14745 -51.2247
1.15359 -50.7552
1.15973 -51.1791
1.16584 -50.4928
1.17197 -49.6121
1.17811 -49.5539
1.18424 -49.1313
1.19038 -48.9528
1.19652 -49.0911
1.20267 -48.8633
1.20881 -47.8087
1.21495 -48.016
1.22108 -47.712
1.2272 -47.2769
1.23334 -46.7995
1.23949 -46.9068
1.24562 -46.1605
1.25174 -46.2096
1.25789 -45.9146
1.26402 -46.0204
1.27014 -44.9731
1.27628 -45.0109
1.28244 -44.692
1.28858 -44.631
1.29471 -44.2221
1.30084 -43.6645
1.30697 -43.8979
1.31312 -43.5445
1.31925 -43.0296
1.32537 -42.9636
1.33151 -42.6679
1.33765 -42.2198
1.34378 -42.3053
1.34992 -41.9236
1.35606 -41.7032
1.3622 -41.6149
1.36833 -41.1043
1.37445 -40.9382
1.38059 -40.5587
1.38675 -40.3566
1.39288 -39.999
1.39901 -39.8408
1.40515 -39.6334
1.4113 -39.5651
1.41742 -39.1946
1.42355 -39.0723
1.4297 -38.9186
1.43585 -38.5721
1.44198 -38.4855
1.44809 -38.257
1.45423 -37.6388
1.46036 -37.8981
1.46649 -37.7867
1.47263 -37.1427
1.47877 -36.693
1.48491 -37.2074
1.49104 -36.2228
1.49718 -36.2333
1.50333 -36.2182
1.50947 -35.9593
1.5156 -35.9418
1.52172 -35.4344
1.52787 -35.0951
1.534 -35.0503
1.54013 -34.8006
1.54627 -34.6601
1.55241 -34.5534
1.55855 -34.2123
1.56467 -34.1239
1.5708 -33.9217
