0.00783031 20288
0.013688 25237.1
0.019231 25483.9
0.0249154 23267.5
0.0312784 20126.5
0.0375637 16812.3
0.0433917 14636.7
0.0492413 13217.5
0.0555754 12090.7
0.0619321 11053.4
0.067871 10410.3
0.0738098 9536.78
0.0800417 8532.46
0.0862327 7531.09
0.0921407 6722.23
0.0982031 6234.38
0.104506 5572.62
0.110769 5222.36
0.116806 4912.74
0.122832 4707.18
0.129052 4500.27
0.135211 4115.71
0.141259 3929.92
0.147318 3530.42
0.153489 3494.26
0.159709 3280.18
0.165845 3081.09
0.171974 2838.44
0.178125 2775.56
0.184229 2682.44
0.19034 2536.53
0.196428 2435.81
0.202534 2341.67
0.208729 2260.89
0.214876 2141.59
0.220989 2088.4
0.227147 2006.67
0.23329 1977.1
0.239377 1853.59
0.245482 1828.85
0.251667 1740.28
0.257832 1724.35
0.263955 1632.31
0.270079 1608.42
0.27624 1556.06
0.282372 1524.61
0.28843 1461.79
0.294538 1437.44
0.300721 1393.92
0.30691 1366.34
0.313033 1320.53
0.319153 1291.42
0.325316 1258.89
0.33145 1241.07
0.337538 1206.58
0.343633 1180.8
0.349808 1153.88
0.355968 1103.48
0.362074 1095.09
0.368217 1092.12
0.374374 1067.73
0.380519 1049.97
0.386598 1025.17
0.392688 997.425
0.39888 986.769
0.405048 956.181
0.411186 947.958
0.417313 939.468
0.423458 910.98
0.429607 897.748
0.435692 878.763
0.441815 864.509
0.447964 857.473
0.454126 834.374
0.460267 829.157
0.466387 813.508
0.47254 796.962
0.478662 787.263
0.484765 784.279
0.490885 766.873
0.497035 759.86
0.503198 737.2
0.509342 734.748
0.515458 712.923
0.521598 708.989
0.527764 700.01
0.533884 691.39
0.54 679.647
0.546137 673.076
0.552299 667.418
0.558452 651.124
0.564573 647.481
0.570708 637.268
0.576825 631.426
0.582926 619.821
0.589034 612.76
0.595184 608.315
0.601379 603.865
0.607522 589.283
0.613639 579.892
0.619772 575.19
0.625918 568.752
0.632068 561.123
0.638161 555.697
0.6443 544.758
0.650464 546.748
0.656582 539.5
0.662703 531.019
0.668861 526.419
0.675024 519.758
0.681124 515.401
0.687237 505.418
0.693381 501.876
0.699536 493.797
0.705665 490.942
0.711789 483.081
0.717957 480.553
0.72409 472.706
0.730186 468.031
0.736317 465.073
0.742472 457.489
0.748622 454.83
0.75476 450.485
0.760888 447.053
0.767043 438.02
0.773185 433.087
0.779291 429.034
0.785407 426.983
0.791564 420.232
0.797719 416.836
0.803834 413
0.809972 406.285
0.816124 402.354
0.822261 400.191
0.828378 394.3
0.834502 390.73
0.840667 387.419
0.846816 382.048
0.852925 379.585
0.859047 377.851
0.865192 371.985
0.871341 368.147
0.877463 363.084
0.883569 359.073
0.889708 355.627
0.895864 353.466
0.902008 350.377
0.908149 345.59
0.914301 343.538
0.920448 340.363
0.926574 334.718
0.932687 332.882
0.938823 329.874
0.944975 325.52
0.951105 321.318
0.957225 318.59
0.963368 315.881
0.969511 312.347
0.975621 310.069
0.981748 307.25
0.987916 304.047
0.99406 301.592
1.00019 298.265
1.00632 294.385
1.01246 292.199
1.01859 290.036
1.02471 285.149
1.03085 283.595
1.03698 281.243
1.04314 278.58
1.04929 275.215
1.05541 272.545
1.06154 270.108
1.06769 266.712
1.07382 263.888
1.07993 262.21
1.08607 258.479
1.09222 256.916
1.09836 254.442
1.10449 251.426
1.11063 249.48
1.11677 246.882
1.1229 245.014
1.12903 241.6
1.13518 240.261
1.14131 237.227
1.14745 235.647
1.15359 233.043
1.15973 230.807
1.16584 228.469
1.17197 226.349
1.17811 224.488
1.18424 221.483
1.19038 219.491
1.19652 218.642
1.20267 215.701
1.20881 212.874
1.21495 211.862
1.22108 210.362
1.2272 207.055
1.23334 205.517
1.23949 203.239
1.24562 201.043
1.25174 199.525
1.25789 197.844
1.26402 196.672
1.27014 193.456
1.27628 192.017
1.28244 189.932
1.28858 188.057
1.29471 186.202
1.30084 184.743
1.30697 183.184
1.31312 181.202
1.31925 179.864
1.32537 177.97
1.33151 175.914
1.33765 174.862
1.34378 173.043
1.34992 171.34
1.35606 170.033
1.3622 167.97
1.36833 166.422
1.37445 165.285
1.38059 162.85
1.38675 161.894
1.39288 160.391
1.39901 158.385
1.40515 157.369
1.4113 155.801
1.41742 154.693
1.42355 153.35
1.4297 151.441
1.43585 150.195
1.44198 148.986
1.44809 147.703
1.45423 146.399
1.46036 145.119
1.46649 143.527
1.47263 142.129
1.47877 140.725
1.48491 139.928
1.49104 138.406
1.49718 137.347
1.50333 135.705
1.50947 134.164
1.5156 133.613
1.52172 132.137
1.52787 130.451
1.534 129.117
1.54013 128.196
1.54627 127.167
1.55241 126.199
1.55855 124.888
1.56467 123.656
1.5708 122.568
