#  k  (h/Mpc)          P(k)  (Mpc/h)^3     P_linear(k)   P_NL(k) (Mpc/h)^3
     0.00783031           20288         20513.5           20402 
       0.013688         25237.1         25365.8         25170.4 
       0.019231         25483.9         25635.4         25378.2 
      0.0249154         23267.5         23617.7         23341.1 
      0.0312784         20126.5         20361.8         20072.2 
      0.0375637         16812.3         17287.6         17029.1 
      0.0433917         14636.7         15046.4         14768.3 
      0.0492413         13217.5         13439.5         13172.6 
      0.0555754         12090.7         12280.2         12034.8 
      0.0619321         11053.4         11423.3         11182.2 
       0.067871         10410.3         10674.3         10455.7 
      0.0738098         9536.78         9842.08         9530.37 
      0.0800417         8532.46         8856.08         8604.23 
      0.0862327         7531.09         7841.33          7739.8 
      0.0921407         6722.23         6940.55         6884.81 
      0.0982031         6234.38         6164.83         6243.98 
       0.104506         5572.62         5561.75         5737.32 
       0.110769         5222.36         5155.89         5263.08 
       0.116806         4912.74         4889.47         4964.46 
       0.122832         4707.18         4677.07         4752.13 
       0.129052         4500.27         4453.97         4522.27 
       0.135211         4115.71         4193.92         4269.83 
       0.141259         3929.92         3896.12         4050.54 
       0.147318         3530.42         3576.26         3807.16 
       0.153489         3494.26          3260.5         3472.32 
       0.159709         3280.18         2982.04         3265.67 
       0.165845         3081.09         2764.14         3130.37 
       0.171974         2838.44         2604.93         2961.41 
       0.178125         2775.56          2488.7         2879.78 
       0.184229         2682.44          2396.6         2743.09 
        0.19034         2536.53         2308.28         2640.78 
       0.196428         2435.81         2211.01            2533 
       0.202534         2341.67         2098.34         2448.32 
       0.208729         2260.89         1971.83          2315.9 
       0.214876         2141.59         1845.05         2253.38 
       0.220989          2088.4         1727.42         2179.44 
       0.227147         2006.67          1625.3         2105.71 
        0.23329          1977.1          1542.2         2040.86 
       0.239377         1853.59         1476.79         1962.14 
       0.245482         1828.85         1423.17         1881.11 
       0.251667         1740.28         1374.77          1839.5 
       0.257832         1724.35         1326.38         1781.24 
       0.263955         1632.31         1274.55         1732.73 
       0.270079         1608.42         1218.63         1683.96 
        0.27624         1556.06         1160.63         1632.19 
       0.282372         1524.61         1104.16         1604.22 
        0.28843         1461.79         1052.29         1569.55 
       0.294538         1437.44         1005.98         1521.93 
       0.300721         1393.92         965.772         1476.82 
        0.30691         1366.34         931.185         1457.29 
       0.313033         1320.53         900.669         1412.21 
       0.319153         1291.42         871.904         1373.99 
       0.325316         1258.89         843.127         1354.28 
        0.33145         1241.07         813.802         1308.65 
       0.337538         1206.58         783.968         1289.04 
       0.343633          1180.8         754.209         1273.23 
       0.349808         1153.88         725.137         1252.72 
       0.355968         1103.48         698.007         1228.96 
       0.362074         1095.09         673.396         1205.73 
       0.368217         1092.12         651.053         1177.75 
       0.374374         1067.73         630.664         1155.05 
       0.380519         1049.97         611.687         1134.08 
       0.386598         1025.17         593.734         1119.14 
       0.392688         997.425         576.093         1099.03 
        0.39888         986.769         558.266         1080.83 
       0.405048         956.181         540.636         1062.65 
       0.411186         947.958         523.443         1045.26 
       0.417313         939.468         506.946         1032.01 
       0.423458          910.98         491.257         1012.47 
       0.429607         897.748         476.511         996.142 
       0.435692         878.763         462.871         974.373 
       0.441815         864.509          450.01         971.353 
       0.447964         857.473         437.712         961.022 
       0.454126         834.374         425.821         934.613 
       0.460267         829.157         414.316         932.964 
       0.466387         813.508         403.106         917.372 
        0.47254         796.962         392.064         904.495 
       0.478662         787.263          381.36         891.387 
       0.484765         784.279         371.082         882.092 
       0.490885         766.873         361.225         865.542 
       0.497035          759.86         351.758         858.122 
       0.503198           737.2         342.709         848.092 
       0.509342         734.748         334.099         833.605 
       0.515458         712.923         325.875         827.949 
       0.521598         708.989         317.898         819.807 
       0.527764          700.01         310.109         812.946 
       0.533884          691.39         302.587         804.268 
           0.54         679.647         295.284         794.874 
       0.546137         673.076         288.166         786.409 
       0.552299         667.418         281.241         775.648 
       0.558452         651.124         274.572         769.557 
       0.564573         647.481         268.183         762.401 
       0.570708         637.268         262.019         752.148 
       0.576825         631.426         256.088         743.076 
       0.582926         619.821         250.362         738.298 
       0.589034          612.76           244.8         728.032 
       0.595184         608.315         239.361         720.603 
       0.601379         603.865         234.048         714.925 
       0.607522         589.283         228.943         704.237 
       0.613639         579.892         224.008         701.679 
       0.619772          575.19         219.199         699.531 
       0.625918         568.752         214.523           690.2 
       0.632068         561.123         209.989         686.291 
       0.638161         555.697          205.63         676.345 
         0.6443         544.758         201.363         670.277 
       0.650464         546.748         197.204         662.339 
       0.656582           539.5         193.195         658.243 
       0.662703         531.019         189.299         653.513 
       0.668861         526.419         185.491         650.291 
       0.675024         519.758         181.786         645.456 
       0.681124         515.401         178.221         636.687 
       0.687237         505.418         174.746         631.235 
       0.693381         501.876         171.349         625.446 
       0.699536         493.797         168.039         621.256 
       0.705665         490.942         164.831         613.993 
       0.711789         483.081         161.707         609.356 
       0.717957         480.553         158.644         608.165 
        0.72409         472.706         155.679         602.232 
       0.730186         468.031          152.81         595.922 
       0.736317         465.073         150.001         592.075 
       0.742472         457.489         147.254         588.343 
       0.748622          454.83         144.576          582.11 
        0.75476         450.485         141.968         582.029 
       0.760888         447.053         139.429           575.8 
       0.767043          438.02         136.944         568.615 
       0.773185         433.087         134.528         565.263 
       0.779291         429.034         132.185         560.659 
       0.785407         426.983         129.892         557.459 
       0.791564         420.232         127.639         555.564 
       0.797719         416.836         125.442         550.541 
       0.803834             413         123.312         546.859 
       0.809972         406.285         121.224         543.072 
       0.816124         402.354         119.178         537.397 
       0.822261         400.191         117.186         534.604 
       0.828378           394.3         115.246         530.669 
       0.834502          390.73         113.351         528.875 
       0.840667         387.419         111.487         524.891 
       0.846816         382.048         109.669         520.762 
       0.852925         379.585         107.902         517.784 
       0.859047         377.851          106.17         513.104 
       0.865192         371.985          104.47         510.016 
       0.871341         368.147         102.807         506.384 
       0.877463         363.084         101.188         503.432 
       0.883569         359.073           99.61          501.27 
       0.889708         355.627         98.0585         496.524 
       0.895864         353.466         96.5361         493.723 
       0.902008         350.377         95.0488         490.433 
       0.908149          345.59         93.5935         485.377 
       0.914301         343.538         92.1665         481.772 
       0.920448         340.363         90.7712         480.905 
       0.926574         334.718         89.4101         477.962 
       0.932687         332.882         88.0802         473.294 
       0.938823         329.874         86.7728         471.922 
       0.944975          325.52         85.4889         469.073 
       0.951105         321.318         84.2354         465.903 
       0.957225          318.59          83.009         462.655 
       0.963368         315.881         81.8028         459.815 
       0.969511         312.347         80.6209         456.807 
       0.975621         310.069         79.4694         454.319 
       0.981748          307.25          78.338          451.84 
       0.987916         304.047         77.2216         449.355 
        0.99406         301.592         76.1311         446.431 
        1.00019         298.265         75.0638         442.652 
        1.00632         294.385          74.018         440.061 
        1.01246         292.199         72.9909          437.43 
        1.01859         290.036         71.9852          434.69 
        1.02471         285.149         71.0001         432.302 
        1.03085         283.595         70.0302         430.831 
        1.03698         281.243         69.0805           429.1 
        1.04314          278.58         68.1442         425.571 
        1.04929         275.215          67.227         422.131 
        1.05541         272.545         66.3297         419.711 
        1.06154         270.108         65.4464         417.619 
        1.06769         266.712         64.5783         414.608 
        1.07382         263.888         63.7301         411.904 
        1.07993          262.21         62.9005         410.011 
        1.08607         258.479         62.0832         407.479 
        1.09222         256.916         61.2799         405.191 
        1.09836         254.442         60.4912         403.296 
        1.10449         251.426         59.7167         401.712 
        1.11063          249.48         58.9542         398.537 
        1.11677         246.882         58.2047         396.423 
         1.1229         245.014         57.4691         393.804 
        1.12903           241.6         56.7453          392.03 
        1.13518         240.261         56.0336         388.783 
        1.14131         237.227          55.335         387.644 
        1.14745         235.647         54.6494         384.581 
        1.15359         233.043         53.9759         383.382 
        1.15973         230.807          53.314         381.089 
        1.16584         228.469         52.6667         379.054 
        1.17197         226.349         52.0295         377.377 
        1.17811         224.488         51.4006         374.629 
        1.18424         221.483         50.7833         372.402 
        1.19038         219.491         50.1735          371.22 
        1.19652         218.642         49.5734         368.291 
        1.20267         215.701         48.9833         366.436 
        1.20881         212.874         48.4039         364.926 
        1.21495         211.862         47.8363         362.286 
        1.22108         210.362         47.2789         359.992 
         1.2272         207.055         46.7319         359.043 
        1.23334         205.517         46.1919         356.657 
        1.23949         203.239         45.6581         354.756 
        1.24562         201.043         45.1334         352.657 
        1.25174         199.525         44.6172         351.084 
        1.25789         197.844         44.1075         348.822 
        1.26402         196.672         43.6069         347.609 
        1.27014         193.456         43.1155         345.363 
        1.27628         192.017         42.6304         344.248 
        1.28244         189.932         42.1518         342.606 
        1.28858         188.057         41.6809         340.478 
        1.29471         186.202         41.2183         337.991 
        1.30084         184.743         40.7632         335.917 
        1.30697         183.184         40.3146         334.856 
        1.31312         181.202         39.8726         333.135 
        1.31925         179.864          39.439         331.159 
        1.32537          177.97         39.0126          329.19 
        1.33151         175.914         38.5911         327.926 
        1.33765         174.862         38.1759         326.362 
        1.34378         173.043         37.7675         324.073 
        1.34992          171.34         37.3645         322.575 
        1.35606         170.033         36.9663         320.656 
         1.3622          167.97         36.5745         319.517 
        1.36833         166.422         36.1891         318.305 
        1.37445         165.285         35.8094         315.793 
        1.38059          162.85          35.434         314.721 
        1.38675         161.894         35.0633         313.396 
        1.39288         160.391         34.6997         311.251 
        1.39901         158.385         34.3416         309.548 
        1.40515         157.369          33.988         308.017 
         1.4113         155.801         33.6394         306.267 
        1.41742         154.693         33.2967          304.59 
        1.42355          153.35         32.9578         303.438 
         1.4297         151.441         32.6223         301.328 
        1.43585         150.195         32.2915         300.584 
        1.44198         148.986         31.9668         298.765 
        1.44809         147.703         31.6477         297.196 
        1.45423         146.399         31.3323         295.329 
        1.46036         145.119         31.0223         294.105 
        1.46649         143.527         30.7165         292.844 
        1.47263         142.129         30.4145         291.054 
        1.47877         140.725         30.1163         289.253 
        1.48491         139.928         29.8212         287.663 
        1.49104         138.406         29.5304         286.676 
        1.49718         137.347          29.243         285.836 
        1.50333         135.705         28.9588         283.551 
        1.50947         134.164         28.6791         282.096 
         1.5156         133.613         28.4036         281.309 
        1.52172         132.137          28.132         279.836 
        1.52787         130.451         27.8635         278.436 
          1.534         129.117         27.5991         276.889 
        1.54013         128.196         27.3387         275.619 
        1.54627         127.167         27.0814         274.639 
        1.55241         126.199         26.8275         273.375 
        1.55855         124.888         26.5771         271.725 
        1.56467         123.656         26.3303         270.203 
         1.5708         122.568         26.0858         268.894 
