0.00783031 -4924.08
0.013688 3229.74
0.019231 1176.88
0.0249154 934.206
0.0312784 -327.446
0.0375637 1033.63
0.0433917 1006.13
0.0492413 776.757
0.0555754 902.105
0.0619321 1251.15
0.067871 1117.83
0.0738098 959.442
0.0800417 780.608
0.0862327 690.201
0.0921407 1153.31
0.0982031 1053.1
0.104506 1141.28
0.110769 1176.46
0.116806 1198.43
0.122832 1085.83
0.129052 1261.18
0.135211 1174.79
0.141259 1306.57
0.147318 1396.72
0.153489 1272.95
0.159709 1279.94
0.165845 1282.71
0.171974 1370.68
0.178125 1338.96
0.184229 1315.69
0.19034 1316.89
0.196428 1348.91
0.202534 1275.14
0.208729 1360.86
0.214876 1318.71
0.220989 1307.58
0.227147 1314.8
0.23329 1311.67
0.239377 1300.4
0.245482 1307.62
0.251667 1339.15
0.257832 1345.59
0.263955 1349.18
0.270079 1332.94
0.27624 1311.4
0.282372 1298.57
0.28843 1338.56
0.294538 1324.87
0.300721 1319.9
0.30691 1333.15
0.313033 1292.53
0.319153 1320.26
0.325316 1323.14
0.33145 1303.82
0.337538 1286.46
0.343633 1275.88
0.349808 1271.73
0.355968 1277.13
0.362074 1289.6
0.368217 1268.03
0.374374 1275.51
0.380519 1252.48
0.386598 1251.9
0.392688 1254.52
0.39888 1257.82
0.405048 1240.39
0.411186 1245.44
0.417313 1213.31
0.423458 1230.99
0.429607 1213.17
0.435692 1214.55
0.441815 1216.1
0.447964 1203.6
0.454126 1203.2
0.460267 1204.93
0.466387 1201.92
0.47254 1192.95
0.478662 1173.06
0.484765 1181.63
0.490885 1156.22
0.497035 1158.92
0.503198 1154.94
0.509342 1160.83
0.515458 1155.76
0.521598 1150.61
0.527764 1152.24
0.533884 1133.69
0.54 1122.77
0.546137 1128.39
0.552299 1113.75
0.558452 1104.71
0.564573 1103.59
0.570708 1111.24
0.576825 1091.9
0.582926 1088.02
0.589034 1080.52
0.595184 1084.23
0.601379 1076.85
0.607522 1070.36
0.613639 1048.77
0.619772 1071
0.625918 1050
0.632068 1053.39
0.638161 1047.9
0.6443 1047.84
0.650464 1039.3
0.656582 1027.3
0.662703 1038.42
0.668861 1019.28
0.675024 1013.98
0.681124 1013.96
0.687237 1007.79
0.693381 1001.36
0.699536 1004.82
0.705665 986.241
0.711789 985.363
0.717957 975.393
0.72409 976.532
0.730186 965.955
0.736317 958.806
0.742472 954.548
0.748622 950.271
0.75476 937.537
0.760888 941.613
0.767043 933.101
0.773185 934.018
0.779291 922.356
0.785407 918.79
0.791564 908.276
0.797719 904.054
0.803834 906.211
0.809972 894.461
0.816124 891.235
0.822261 882.519
0.828378 875.609
0.834502 873.505
0.840667 872.089
0.846816 862.926
0.852925 853.128
0.859047 854.413
0.865192 846.289
0.871341 842.264
0.877463 833.787
0.883569 833.664
0.889708 834.225
0.895864 820.282
0.902008 815.465
0.908149 810.205
0.914301 804.754
0.920448 802.482
0.926574 797.606
0.932687 794.995
0.938823 786.012
0.944975 780.112
0.951105 773.357
0.957225 771.417
0.963368 768.189
0.969511 761.568
0.975621 757.377
0.981748 753.774
0.987916 746.438
0.99406 746.069
1.00019 736.236
1.00632 734.241
1.01246 722.946
1.01859 717.51
1.02471 716.722
1.03085 712.411
1.03698 698.948
1.04314 704.284
1.04929 702.556
1.05541 695.865
1.06154 688.965
1.06769 684.605
1.07382 675.54
1.07993 676.3
1.08607 666.803
1.09222 665.217
1.09836 656.231
1.10449 655.391
1.11063 654.807
1.11677 646.817
1.1229 641.772
1.12903 638.083
1.13518 633.187
1.14131 629.858
1.14745 622.45
1.15359 622.388
1.15973 615.023
1.16584 612.552
1.17197 609.619
1.17811 601.889
1.18424 597.243
1.19038 596.066
1.19652 591.399
1.20267 586.225
1.20881 579.968
1.21495 578.949
1.22108 570.671
1.2272 570.464
1.23334 566.28
1.23949 563.974
1.24562 559.316
1.25174 553.637
1.25789 551.637
1.26402 546.643
1.27014 544.703
1.27628 540.435
1.28244 536.94
1.28858 532.681
1.29471 528.35
1.30084 525.637
1.30697 522.649
1.31312 517.923
1.31925 516.026
1.32537 510.39
1.33151 506.745
1.33765 504.44
1.34378 502.019
1.34992 496.943
1.35606 490.676
1.3622 492.574
1.36833 484.507
1.37445 482.291
1.38059 478.06
1.38675 475.103
1.39288 473.996
1.39901 469.42
1.40515 464.725
1.4113 464.201
1.41742 460.192
1.42355 457.464
1.4297 455.079
1.43585 450.923
1.44198 445.685
1.44809 443.483
1.45423 439.72
1.46036 438.481
1.46649 433.501
1.47263 432.68
1.47877 429.12
1.48491 428.449
1.49104 424.023
1.49718 422.302
1.50333 419.251
1.50947 416.315
1.5156 411.692
1.52172 409.568
1.52787 407.095
1.534 403.672
1.54013 402.666
1.54627 397.118
1.55241 396.277
1.55855 392.381
1.56467 389.08
1.5708 386.156
