0.00783031 0.550631
0.013688 0.876849
0.019231 0.75839
0.0249154 0.931038
0.0312784 0.821095
0.0375637 0.860192
0.0433917 0.939662
0.0492413 0.879633
0.0555754 1.00475
0.0619321 1.10858
0.067871 1.13627
0.0738098 1.25092
0.0800417 1.44039
0.0862327 1.53534
0.0921407 1.66899
0.0982031 1.86102
0.104506 2.10521
0.110769 2.30361
0.116806 2.50923
0.122832 2.76776
0.129052 3.18482
0.135211 3.5478
0.141259 3.84323
0.147318 4.09356
0.153489 4.53373
0.159709 5.11152
0.165845 5.36042
0.171974 5.79682
0.178125 6.09489
0.184229 6.79606
0.19034 7.27035
0.196428 7.84044
0.202534 8.29156
0.208729 8.81433
0.214876 9.65531
0.220989 9.95254
0.227147 10.5975
0.23329 11.2221
0.239377 11.6184
0.245482 12.5998
0.251667 13.0927
0.257832 13.6454
0.263955 13.9924
0.270079 15.0621
0.27624 15.8621
0.282372 16.4234
0.28843 16.7083
0.294538 17.3197
0.300721 18.5611
0.30691 18.9583
0.313033 19.7355
0.319153 20.1792
0.325316 20.8554
0.33145 21.5104
0.337538 22.3926
0.343633 22.8333
0.349808 23.5342
0.355968 24.6101
0.362074 25.129
0.368217 25.3355
0.374374 26.4316
0.380519 26.9673
0.386598 27.256
0.392688 28.1106
0.39888 28.6765
0.405048 29.3336
0.411186 30.0544
0.417313 30.6725
0.423458 31.357
0.429607 31.9011
0.435692 32.572
0.441815 33.238
0.447964 33.8136
0.454126 34.5688
0.460267 34.8773
0.466387 35.3763
0.47254 35.8545
0.478662 36.1672
0.484765 36.5599
0.490885 37.2214
0.497035 37.8032
0.503198 38.2833
0.509342 38.6786
0.515458 38.8876
0.521598 39.1731
0.527764 40.0729
0.533884 40.5537
0.54 40.4272
0.546137 41.3074
0.552299 41.3974
0.558452 41.5752
0.564573 41.9413
0.570708 42.192
0.576825 42.627
0.582926 42.9849
0.589034 43.242
0.595184 43.5287
0.601379 43.599
0.607522 43.7464
0.613639 43.9594
0.619772 44.3553
0.625918 44.2507
0.632068 44.6844
0.638161 44.7572
0.6443 45.0162
0.650464 45.0676
0.656582 45.1533
0.662703 45.3899
0.668861 45.2656
0.675024 45.1984
0.681124 45.6714
0.687237 45.8193
0.693381 45.9734
0.699536 45.6511
0.705665 45.7546
0.711789 46.0507
0.717957 45.923
0.72409 46.2263
0.730186 46.0812
0.736317 46.0332
0.742472 46.4358
0.748622 46.3818
0.75476 46.3192
0.760888 46.4942
0.767043 46.3989
0.773185 46.2578
0.779291 46.4877
0.785407 46.3689
0.791564 46.2843
0.797719 46.6703
0.803834 46.4231
0.809972 46.6784
0.816124 46.2555
0.822261 46.2423
0.828378 46.5064
0.834502 46.5266
0.840667 46.3805
0.846816 46.4013
0.852925 46.4093
0.859047 46.3682
0.865192 46.5
0.871341 46.6041
0.877463 46.3978
0.883569 46.5001
0.889708 46.3645
0.895864 46.1289
0.902008 46.1101
0.908149 46.5167
0.914301 46.2686
0.920448 46.2497
0.926574 46.3078
0.932687 46.3225
0.938823 46.2337
0.944975 46.1119
0.951105 46.0325
0.957225 46.0785
0.963368 46.3041
0.969511 46.2298
0.975621 46.2651
0.981748 46.115
0.987916 46.1189
0.99406 46.0801
1.00019 45.8843
1.00632 46.1272
1.01246 46.0386
1.01859 46.0629
1.02471 45.8842
1.03085 45.8962
1.03698 45.8749
1.04314 45.8999
1.04929 45.9976
1.05541 45.9514
1.06154 45.8462
1.06769 45.8499
1.07382 45.7844
1.07993 45.9416
1.08607 45.8492
1.09222 45.7918
1.09836 45.5956
1.10449 46.0321
1.11063 45.995
1.11677 45.7843
1.1229 45.8172
1.12903 45.867
1.13518 45.8103
1.14131 45.8318
1.14745 45.889
1.15359 45.9763
1.15973 45.9801
1.16584 45.8515
1.17197 45.7797
1.17811 46.0159
1.18424 45.8662
1.19038 45.728
1.19652 45.789
1.20267 45.7804
1.20881 45.8831
1.21495 45.8805
1.22108 45.8729
1.2272 45.7302
1.23334 45.8199
1.23949 45.8639
1.24562 45.7795
1.25174 45.8512
1.25789 45.9017
1.26402 45.8877
1.27014 45.8441
1.27628 45.8555
1.28244 45.7494
1.28858 45.8826
1.29471 45.8758
1.30084 46.0209
1.30697 46.1605
1.31312 46.0776
1.31925 45.9747
1.32537 46.1264
1.33151 45.9911
1.33765 46.022
1.34378 45.9183
1.34992 46.0724
1.35606 46.0697
1.3622 46.1262
1.36833 45.9463
1.37445 46.1759
1.38059 46.0019
1.38675 46.2405
1.39288 46.1555
1.39901 46.1702
1.40515 46.3091
1.4113 46.281
1.41742 46.1761
1.42355 46.3685
1.4297 46.3448
1.43585 46.2159
1.44198 46.3746
1.44809 46.3315
1.45423 46.3375
1.46036 46.3487
1.46649 46.3187
1.47263 46.4326
1.47877 46.2508
1.48491 46.3863
1.49104 46.4976
1.49718 46.457
1.50333 46.3539
1.50947 46.5125
1.5156 46.5038
1.52172 46.5217
1.52787 46.5577
1.534 46.4601
1.54013 46.469
1.54627 46.5546
1.55241 46.5133
1.55855 46.7125
1.56467 46.5499
1.5708 46.8048
