0.00783031 0.0654182
0.013688 0.0712403
0.019231 0.121661
0.0249154 0.125591
0.0312784 0.16348
0.0375637 0.219271
0.0433917 0.313289
0.0492413 0.39098
0.0555754 0.527298
0.0619321 0.674552
0.067871 0.874676
0.0738098 1.05116
0.0800417 1.23761
0.0862327 1.50943
0.0921407 1.84932
0.0982031 1.98379
0.104506 2.34574
0.110769 2.75251
0.116806 3.03617
0.122832 3.35711
0.129052 3.77492
0.135211 4.28626
0.141259 4.62882
0.147318 5.06846
0.153489 5.42413
0.159709 5.99335
0.165845 6.66763
0.171974 7.22366
0.178125 7.6609
0.184229 8.33822
0.19034 9.07665
0.196428 9.51178
0.202534 10.1103
0.208729 10.6029
0.214876 11.3935
0.220989 12.0182
0.227147 12.5001
0.23329 13.3635
0.239377 14.2506
0.245482 14.6749
0.251667 15.8281
0.257832 16.6138
0.263955 17.2959
0.270079 18.1456
0.27624 18.685
0.282372 19.7541
0.28843 20.525
0.294538 21.4674
0.300721 22.2699
0.30691 22.8264
0.313033 24.1324
0.319153 24.954
0.325316 25.6365
0.33145 27.0137
0.337538 27.6164
0.343633 28.9089
0.349808 29.3589
0.355968 30.5898
0.362074 31.8427
0.368217 32.2425
0.374374 32.926
0.380519 34.3235
0.386598 35.2808
0.392688 36.4121
0.39888 37.651
0.405048 38.4647
0.411186 39.2242
0.417313 40.3215
0.423458 41.2549
0.429607 42.9068
0.435692 43.7326
0.441815 44.6099
0.447964 45.4094
0.454126 46.8549
0.460267 47.5704
0.466387 48.8356
0.47254 50.3697
0.478662 52.0318
0.484765 52.4965
0.490885 53.6822
0.497035 54.0954
0.503198 55.5615
0.509342 56.6903
0.515458 57.7599
0.521598 59.3178
0.527764 59.9009
0.533884 61.1127
0.54 62.02
0.546137 63.0679
0.552299 64.2046
0.558452 65.3891
0.564573 65.9008
0.570708 67.5924
0.576825 67.9056
0.582926 69.3348
0.589034 70.5565
0.595184 71.6409
0.601379 73.0855
0.607522 73.8174
0.613639 74.5282
0.619772 76.0716
0.625918 76.6586
0.632068 78.1115
0.638161 79.1771
0.6443 80.1515
0.650464 80.9971
0.656582 82.4623
0.662703 82.8353
0.668861 83.9299
0.675024 85.7256
0.681124 85.459
0.687237 87.0941
0.693381 87.9017
0.699536 88.5947
0.705665 90.1528
0.711789 91.0728
0.717957 92.3266
0.72409 92.9636
0.730186 93.6112
0.736317 94.3775
0.742472 95.086
0.748622 96.3429
0.75476 97.5027
0.760888 98.4901
0.767043 99.2119
0.773185 100.153
0.779291 100.847
0.785407 101.785
0.791564 102.796
0.797719 104.027
0.803834 104.123
0.809972 105.195
0.816124 105.644
0.822261 106.255
0.828378 107.274
0.834502 107.851
0.840667 108.383
0.846816 108.804
0.852925 110.378
0.859047 111.138
0.865192 111.663
0.871341 112.361
0.877463 113.278
0.883569 113.394
0.889708 114.144
0.895864 114.75
0.902008 115.552
0.908149 116.023
0.914301 116.716
0.920448 117.178
0.926574 118.037
0.932687 117.946
0.938823 119.425
0.944975 119.601
0.951105 119.927
0.957225 120.202
0.963368 120.389
0.969511 121.672
0.975621 122.361
0.981748 122.519
0.987916 123.308
0.99406 123.588
1.00019 124.017
1.00632 124.676
1.01246 124.874
1.01859 125.893
1.02471 126.361
1.03085 126.686
1.03698 126.673
1.04314 127.451
1.04929 127.851
1.05541 127.968
1.06154 128.311
1.06769 128.562
1.07382 129.093
1.07993 130.017
1.08607 129.818
1.09222 130.314
1.09836 130.158
1.10449 130.665
1.11063 131.517
1.11677 131.377
1.1229 131.577
1.12903 131.834
1.13518 132.492
1.14131 132.561
1.14745 132.588
1.15359 133.431
1.15973 133.618
1.16584 134.01
1.17197 133.744
1.17811 134.273
1.18424 134.139
1.19038 134.348
1.19652 134.673
1.20267 134.447
1.20881 135.223
1.21495 135.305
1.22108 135.304
1.2272 135.838
1.23334 136.037
1.23949 135.745
1.24562 135.894
1.25174 136.432
1.25789 136.725
1.26402 136.703
1.27014 136.794
1.27628 136.967
1.28244 137.055
1.28858 136.663
1.29471 137.311
1.30084 137.667
1.30697 137.931
1.31312 137.894
1.31925 137.966
1.32537 137.984
1.33151 138.208
1.33765 138.268
1.34378 138.071
1.34992 138.627
1.35606 138.707
1.3622 139.014
1.36833 139.228
1.37445 138.733
1.38059 139.303
1.38675 139.344
1.39288 139.41
1.39901 138.892
1.40515 139.304
1.4113 139.989
1.41742 140.258
1.42355 139.592
1.4297 139.836
1.43585 140.063
1.44198 140.354
1.44809 140.686
1.45423 140.067
1.46036 140.291
1.46649 140.423
1.47263 140.342
1.47877 140.519
1.48491 140.773
1.49104 141.109
1.49718 140.624
1.50333 141.155
1.50947 141.07
1.5156 140.786
1.52172 141.049
1.52787 141.005
1.534 141.339
1.54013 141.268
1.54627 141.145
1.55241 141.068
1.55855 141.03
1.56467 141.293
1.5708 141.211
