0.00783031 13149.9
0.013688 9021.05
0.019231 8692.38
0.0249154 9214.98
0.0312784 9911.19
0.0375637 9413.56
0.0433917 9213.59
0.0492413 8117.64
0.0555754 9102.53
0.0619321 8642.16
0.067871 9288.51
0.0738098 8389.07
0.0800417 8193.43
0.0862327 8284.62
0.0921407 7864.63
0.0982031 7962.21
0.104506 7688.34
0.110769 7634.55
0.116806 7516.53
0.122832 7116.96
0.129052 7319.18
0.135211 7020.54
0.141259 6977.12
0.147318 6911.72
0.153489 6700.16
0.159709 6740.32
0.165845 6689.05
0.171974 6488.74
0.178125 6529.48
0.184229 6344.28
0.19034 6216.23
0.196428 6086.85
0.202534 5934.73
0.208729 5945.49
0.214876 5854.37
0.220989 5864.45
0.227147 5650.13
0.23329 5619.07
0.239377 5488.57
0.245482 5428.43
0.251667 5430.94
0.257832 5401.59
0.263955 5373.78
0.270079 5276.02
0.27624 5098.27
0.282372 5132.57
0.28843 5121.63
0.294538 5036.79
0.300721 4988.4
0.30691 4966.27
0.313033 4934.51
0.319153 4820.87
0.325316 4840.85
0.33145 4780.46
0.337538 4721.16
0.343633 4727.18
0.349808 4664.39
0.355968 4574.22
0.362074 4571.28
0.368217 4621.71
0.374374 4502.09
0.380519 4536.52
0.386598 4448
0.392688 4429.15
0.39888 4445.05
0.405048 4412.03
0.411186 4351.73
0.417313 4295.06
0.423458 4269.23
0.429607 4279.69
0.435692 4280.98
0.441815 4249.14
0.447964 4214.56
0.454126 4187.38
0.460267 4146.63
0.466387 4141.01
0.47254 4123.28
0.478662 4081.6
0.484765 4110.58
0.490885 4039.17
0.497035 4043.95
0.503198 4035.58
0.509342 4017.9
0.515458 3988.83
0.521598 4011.95
0.527764 3957.33
0.533884 3931.6
0.54 3920.24
0.546137 3937.79
0.552299 3874.85
0.558452 3908.06
0.564573 3869.33
0.570708 3859.17
0.576825 3812.85
0.582926 3837.25
0.589034 3823.9
0.595184 3784.91
0.601379 3782.18
0.607522 3756.54
0.613639 3742.77
0.619772 3719.63
0.625918 3727.22
0.632068 3687.61
0.638161 3674.3
0.6443 3659.54
0.650464 3673.45
0.656582 3642.09
0.662703 3647.43
0.668861 3621.37
0.675024 3599.24
0.681124 3600.12
0.687237 3586.79
0.693381 3551.28
0.699536 3553.98
0.705665 3561
0.711789 3557.55
0.717957 3525.8
0.72409 3535.9
0.730186 3537.7
0.736317 3500.42
0.742472 3480.52
0.748622 3515.91
0.75476 3480.89
0.760888 3459.85
0.767043 3461.5
0.773185 3450.18
0.779291 3448.84
0.785407 3414.53
0.791564 3429.94
0.797719 3403.23
0.803834 3411.48
0.809972 3390.91
0.816124 3384.43
0.822261 3371.14
0.828378 3364.73
0.834502 3368.59
0.840667 3346.87
0.846816 3344.06
0.852925 3338.74
0.859047 3314.95
0.865192 3309.55
0.871341 3317.18
0.877463 3288.35
0.883569 3288.45
0.889708 3282.28
0.895864 3266.86
0.902008 3273.6
0.908149 3268.78
0.914301 3265.81
0.920448 3245.35
0.926574 3253.95
0.932687 3250.73
0.938823 3229.78
0.944975 3219.83
0.951105 3214.46
0.957225 3216.01
0.963368 3221.65
0.969511 3195.95
0.975621 3193.6
0.981748 3173.47
0.987916 3186.39
0.99406 3160.55
1.00019 3169.61
1.00632 3154.57
1.01246 3153.12
1.01859 3159.95
1.02471 3147.91
1.03085 3126.19
1.03698 3128.25
1.04314 3115.29
1.04929 3123.69
1.05541 3099.79
1.06154 3098.26
1.06769 3085.94
1.07382 3068.11
1.07993 3084.92
1.08607 3072.23
1.09222 3069.42
1.09836 3062.07
1.10449 3035.01
1.11063 3047.07
1.11677 3045.99
1.1229 3039.19
1.12903 3032.03
1.13518 3034.28
1.14131 3017.55
1.14745 3018.81
1.15359 3001.62
1.15973 3003.16
1.16584 2990.84
1.17197 2981.95
1.17811 2997.55
1.18424 2976.25
1.19038 2958.75
1.19652 2961.39
1.20267 2956.75
1.20881 2943.64
1.21495 2947.2
1.22108 2943.91
1.2272 2929.84
1.23334 2937.48
1.23949 2925.15
1.24562 2920.93
1.25174 2912.83
1.25789 2902.52
1.26402 2908.51
1.27014 2902.92
1.27628 2891.74
1.28244 2883.02
1.28858 2886.13
1.29471 2876.72
1.30084 2875.73
1.30697 2860.66
1.31312 2858.34
1.31925 2855.95
1.32537 2850.41
1.33151 2845.9
1.33765 2831.31
1.34378 2834.53
1.34992 2818.1
1.35606 2815.56
1.3622 2818.33
1.36833 2813.3
1.37445 2798.73
1.38059 2798.98
1.38675 2791.82
1.39288 2788.08
1.39901 2788.83
1.40515 2786.52
1.4113 2774.8
1.41742 2776.98
1.42355 2768.99
1.4297 2754.33
1.43585 2746.4
1.44198 2743.45
1.44809 2746.49
1.45423 2729.17
1.46036 2732.18
1.46649 2729.66
1.47263 2727
1.47877 2718.14
1.48491 2708.93
1.49104 2708.76
1.49718 2702.98
1.50333 2686.95
1.50947 2692.85
1.5156 2696.22
1.52172 2681.42
1.52787 2679
1.534 2663.89
1.54013 2667.33
1.54627 2661.21
1.55241 2658.55
1.55855 2648.2
1.56467 2642.15
1.5708 2637.13
