0.00783031 8759.21
0.013688 5580.3
0.019231 5194.39
0.0249154 5354.38
0.0312784 5510.41
0.0375637 5054.76
0.0433917 4651.69
0.0492413 3992.6
0.0555754 4048.95
0.0619321 3807.19
0.067871 3814.08
0.0738098 3367.44
0.0800417 3157.09
0.0862327 2946.24
0.0921407 2719.47
0.0982031 2711.03
0.104506 2517.3
0.110769 2449.8
0.116806 2319.55
0.122832 2134.24
0.129052 2115.98
0.135211 1920.77
0.141259 1880.39
0.147318 1816.99
0.153489 1674.33
0.159709 1683.99
0.165845 1594.31
0.171974 1486.63
0.178125 1468.51
0.184229 1419.61
0.19034 1342.72
0.196428 1287.05
0.202534 1213.6
0.208729 1195.03
0.214876 1145.34
0.220989 1105.57
0.227147 1034.25
0.23329 997.943
0.239377 970.668
0.245482 934.311
0.251667 929.246
0.257832 911.065
0.263955 899.774
0.270079 833.19
0.27624 798.781
0.282372 762.674
0.28843 782.132
0.294538 759.429
0.300721 712.916
0.30691 706.671
0.313033 666.387
0.319153 644.981
0.325316 644.654
0.33145 637.296
0.337538 611.959
0.343633 595.016
0.349808 559.689
0.355968 561.046
0.362074 543.638
0.368217 532.965
0.374374 515.182
0.380519 517.524
0.386598 490.851
0.392688 471.469
0.39888 476.831
0.405048 446.18
0.411186 438.335
0.417313 424.495
0.423458 418.494
0.429607 409.794
0.435692 390.989
0.441815 389.983
0.447964 385.912
0.454126 378.224
0.460267 357.886
0.466387 348.759
0.47254 338.434
0.478662 338.069
0.484765 329.298
0.490885 320.334
0.497035 308.045
0.503198 307.251
0.509342 305.7
0.515458 290.908
0.521598 293.79
0.527764 279.656
0.533884 271.07
0.54 269.791
0.546137 260.929
0.552299 255.733
0.558452 254.972
0.564573 243.4
0.570708 240.815
0.576825 228.62
0.582926 231.702
0.589034 225.508
0.595184 214.773
0.601379 211.783
0.607522 202.177
0.613639 205.152
0.619772 195.809
0.625918 199.189
0.632068 188.83
0.638161 183.044
0.6443 174.303
0.650464 176.437
0.656582 167.57
0.662703 162.961
0.668861 166.446
0.675024 159.302
0.681124 156.046
0.687237 152.401
0.693381 151.872
0.699536 145.617
0.705665 135.587
0.711789 137.498
0.717957 134.48
0.72409 130.128
0.730186 127.795
0.736317 123.134
0.742472 119.888
0.748622 119.708
0.75476 110.699
0.760888 107.287
0.767043 107.202
0.773185 100.686
0.779291 100.324
0.785407 90.8725
0.791564 98.0696
0.797719 92.4223
0.803834 89.7406
0.809972 86.7749
0.816124 84.6247
0.822261 80.1698
0.828378 78.6657
0.834502 74.324
0.840667 73.0548
0.846816 72.8025
0.852925 70.655
0.859047 67.4269
0.865192 63.9187
0.871341 58.0578
0.877463 56.8963
0.883569 56.3618
0.889708 53.355
0.895864 55.9821
0.902008 49.7923
0.908149 49.9467
0.914301 45.7774
0.920448 46.7713
0.926574 44.8586
0.932687 43.7817
0.938823 37.4113
0.944975 35.4744
0.951105 35.551
0.957225 33.5689
0.963368 33.7627
0.969511 30.0082
0.975621 27.0371
0.981748 23.802
0.987916 23.7081
0.99406 23.622
1.00019 22.1826
1.00632 21.7683
1.01246 19.5207
1.01859 17.0702
1.02471 15.8449
1.03085 14.6275
1.03698 13.0918
1.04314 11.1925
1.04929 9.25252
1.05541 8.82918
1.06154 5.56755
1.06769 6.1782
1.07382 5.96869
1.07993 3.71349
1.08607 3.03012
1.09222 2.95942
1.09836 -1.09065
1.10449 1.60489
1.11063 -1.96307
1.11677 -1.02893
1.1229 -5.5336
1.12903 -8.00061
1.13518 -6.7544
1.14131 -8.90926
1.14745 -9.77152
1.15359 -9.91465
1.15973 -10.8128
1.16584 -11.9274
1.17197 -11.1472
1.17811 -14.2876
1.18424 -15.5907
1.19038 -15.7485
1.19652 -17.9633
1.20267 -16.903
1.20881 -18.8833
1.21495 -19.1287
1.22108 -20.1222
1.2272 -20.8064
1.23334 -23.0419
1.23949 -21.7509
1.24562 -23.8212
1.25174 -25.0239
1.25789 -23.8946
1.26402 -26.1058
1.27014 -26.6366
1.27628 -27.1605
1.28244 -28.2011
1.28858 -28.2179
1.29471 -29.4177
1.30084 -30.4228
1.30697 -31.0587
1.31312 -31.8723
1.31925 -30.8404
1.32537 -34.1545
1.33151 -31.0595
1.33765 -32.4975
1.34378 -34.8975
1.34992 -34.3209
1.35606 -34.3163
1.3622 -35.9905
1.36833 -36.2731
1.37445 -35.787
1.38059 -38.0421
1.38675 -38.549
1.39288 -37.3451
1.39901 -38.5543
1.40515 -38.6935
1.4113 -38.5111
1.41742 -39.901
1.42355 -38.4251
1.4297 -38.8244
1.43585 -39.8925
1.44198 -40.8437
1.44809 -40.2235
1.45423 -41.8006
1.46036 -43.0263
1.46649 -43.0746
1.47263 -43.1989
1.47877 -42.5676
1.48491 -42.8968
1.49104 -43.108
1.49718 -44.5048
1.50333 -45.4212
1.50947 -44.9956
1.5156 -45.6745
1.52172 -45.2523
1.52787 -44.2428
1.534 -46.3653
1.54013 -45.9103
1.54627 -46.7301
1.55241 -46.4151
1.55855 -47.2866
1.56467 -47.2147
1.5708 -46.804
