0.00783031 20358.1
0.013688 25517.6
0.019231 25371.7
0.0249154 23330.3
0.0312784 20095.8
0.0375637 16903.7
0.0433917 15121.4
0.0492413 13472
0.0555754 12195.9
0.0619321 11309.3
0.067871 10979.1
0.0738098 10150.9
0.0800417 9058.93
0.0862327 8283.04
0.0921407 7285.29
0.0982031 6656.25
0.104506 6248.18
0.110769 5675.34
0.116806 5300.58
0.122832 5234.82
0.129052 4966.79
0.135211 4725.28
0.141259 4388.5
0.147318 4272.94
0.153489 3963.41
0.159709 3766.81
0.165845 3551.85
0.171974 3449.32
0.178125 3360.14
0.184229 3229.43
0.19034 3089.98
0.196428 2953.15
0.202534 2924.56
0.208729 2774.71
0.214876 2681.37
0.220989 2599.57
0.227147 2514.03
0.23329 2465.85
0.239377 2374.42
0.245482 2307.43
0.251667 2286.4
0.257832 2217.67
0.263955 2151.01
0.270079 2088.52
0.27624 2106.17
0.282372 2019.8
0.28843 1984.03
0.294538 1937.31
0.300721 1890.94
0.30691 1864.63
0.313033 1831.09
0.319153 1795.99
0.325316 1774.57
0.33145 1727.89
0.337538 1691.17
0.343633 1648.6
0.349808 1639.83
0.355968 1599.71
0.362074 1593.46
0.368217 1572.54
0.374374 1553.51
0.380519 1535.56
0.386598 1505.03
0.392688 1484.43
0.39888 1452.84
0.405048 1448.01
0.411186 1431.14
0.417313 1412.93
0.423458 1390.16
0.429607 1356.85
0.435692 1353.38
0.441815 1339.91
0.447964 1326.38
0.454126 1306.61
0.460267 1305.29
0.466387 1266.85
0.47254 1273.03
0.478662 1257.87
0.484765 1232.93
0.490885 1224.97
0.497035 1222.64
0.503198 1194.35
0.509342 1197.85
0.515458 1179.58
0.521598 1175.2
0.527764 1162.91
0.533884 1160.78
0.54 1135.17
0.546137 1134.27
0.552299 1121.32
0.558452 1114.88
0.564573 1095.03
0.570708 1087.81
0.576825 1085.23
0.582926 1068.25
0.589034 1054.59
0.595184 1052.48
0.601379 1043.36
0.607522 1027.6
0.613639 1028.31
0.619772 1025.4
0.625918 1010.84
0.632068 1002.74
0.638161 997.708
0.6443 995.196
0.650464 984.802
0.656582 978.78
0.662703 964.598
0.668861 962.045
0.675024 959.439
0.681124 945.623
0.687237 942.647
0.693381 934.106
0.699536 922.254
0.705665 916.902
0.711789 914.287
0.717957 909.871
0.72409 901.292
0.730186 896.046
0.736317 894.833
0.742472 881.669
0.748622 879.329
0.75476 866.618
0.760888 866.314
0.767043 856.987
0.773185 855.094
0.779291 850.887
0.785407 842.384
0.791564 841.331
0.797719 831.766
0.803834 827.455
0.809972 824.264
0.816124 814.151
0.822261 810.377
0.828378 806.987
0.834502 800.688
0.840667 798.161
0.846816 791.442
0.852925 789.607
0.859047 779.488
0.865192 778.055
0.871341 772.242
0.877463 765.853
0.883569 763.484
0.889708 753.781
0.895864 753.597
0.902008 746.171
0.908149 741.347
0.914301 737.635
0.920448 738.636
0.926574 733.403
0.932687 726.888
0.938823 720.247
0.944975 715.505
0.951105 714.938
0.957225 707.732
0.963368 703.762
0.969511 699.877
0.975621 695.139
0.981748 694.805
0.987916 687.199
0.99406 683.084
1.00019 679.155
1.00632 674.095
1.01246 669.204
1.01859 669.008
1.02471 664.91
1.03085 660.363
1.03698 656.716
1.04314 653.161
1.04929 648.045
1.05541 643.833
1.06154 642.046
1.06769 637.572
1.07382 634.35
1.07993 629.715
1.08607 626.726
1.09222 622.121
1.09836 620.425
1.10449 615.975
1.11063 613.361
1.11677 609.455
1.1229 606.412
1.12903 600.69
1.13518 600.854
1.14131 597.689
1.14745 591.309
1.15359 588.41
1.15973 585.653
1.16584 583.215
1.17197 579.751
1.17811 575.406
1.18424 573.138
1.19038 567.58
1.19652 566.748
1.20267 562.719
1.20881 560.652
1.21495 556.606
1.22108 551.971
1.2272 552.188
1.23334 543.896
1.23949 543.109
1.24562 541.538
1.25174 539.023
1.25789 534.212
1.26402 530.59
1.27014 528.141
1.27628 523.819
1.28244 521.907
1.28858 518.389
1.29471 517.88
1.30084 513.724
1.30697 510.433
1.31312 506.605
1.31925 505.269
1.32537 502.116
1.33151 499.803
1.33765 495.799
1.34378 491.619
1.34992 491.075
1.35606 487.419
1.3622 484.779
1.36833 482.872
1.37445 479.185
1.38059 476.278
1.38675 475.148
1.39288 471.216
1.39901 468.755
1.40515 468.194
1.4113 462.417
1.41742 460.787
1.42355 458.305
1.4297 456.428
1.43585 452.109
1.44198 450.228
1.44809 448.193
1.45423 446.601
1.46036 443.559
1.46649 441.063
1.47263 437.473
1.47877 435.471
1.48491 432.336
1.49104 430.934
1.49718 428.741
1.50333 425.425
1.50947 425.166
1.5156 422.463
1.52172 418.358
1.52787 416.959
1.534 414.101
1.54013 411.994
1.54627 409.2
1.55241 408.036
1.55855 405.07
1.56467 403.293
1.5708 400.818
