0.00783031 -2578.62
0.013688 201.215
0.019231 1321.13
0.0249154 -612.207
0.0312784 -630.901
0.0375637 497.53
0.0433917 267.075
0.0492413 -113.522
0.0555754 86.6708
0.0619321 -138.561
0.067871 54.098
0.0738098 -235.856
0.0800417 -46.9427
0.0862327 -145.3
0.0921407 -146.89
0.0982031 -141.969
0.104506 -211.446
0.110769 -213.789
0.116806 -93.2104
0.122832 -168.742
0.129052 -171.276
0.135211 -199.141
0.141259 -193.779
0.147318 -189.753
0.153489 -116.418
0.159709 -172.633
0.165845 -124.788
0.171974 -185.04
0.178125 -180.185
0.184229 -119.715
0.19034 -132.159
0.196428 -131.945
0.202534 -138.644
0.208729 -146.657
0.214876 -142.674
0.220989 -168.849
0.227147 -135.412
0.23329 -149.905
0.239377 -134.258
0.245482 -133.265
0.251667 -122.606
0.257832 -134.096
0.263955 -148.596
0.270079 -121.496
0.27624 -129.242
0.282372 -122.589
0.28843 -120.769
0.294538 -129.283
0.300721 -127.145
0.30691 -128.838
0.313033 -124.183
0.319153 -126.866
0.325316 -115.608
0.33145 -116.267
0.337538 -112.617
0.343633 -113.363
0.349808 -113.534
0.355968 -116.042
0.362074 -115.612
0.368217 -112.776
0.374374 -109.004
0.380519 -105.636
0.386598 -104.798
0.392688 -100.39
0.39888 -99.6956
0.405048 -103.683
0.411186 -104.201
0.417313 -105.496
0.423458 -103.183
0.429607 -97.0209
0.435692 -99.7939
0.441815 -100.48
0.447964 -97.7829
0.454126 -100.502
0.460267 -96.8629
0.466387 -97.6059
0.47254 -98.6339
0.478662 -99.4525
0.484765 -96.3879
0.490885 -92.4888
0.497035 -92.092
0.503198 -93.4242
0.509342 -94.1838
0.515458 -91.6681
0.521598 -94.6313
0.527764 -94.3161
0.533884 -90.4305
0.54 -87.1605
0.546137 -88.9967
0.552299 -87.374
0.558452 -88.4858
0.564573 -87.1355
0.570708 -88.7303
0.576825 -84.7537
0.582926 -88.183
0.589034 -86.6998
0.595184 -83.5018
0.601379 -85.3996
0.607522 -84.3705
0.613639 -84.0924
0.619772 -84.4047
0.625918 -82.2129
0.632068 -81.04
0.638161 -82.9127
0.6443 -83.4373
0.650464 -83.6291
0.656582 -80.4971
0.662703 -80.3953
0.668861 -79.6018
0.675024 -81.3531
0.681124 -79.6566
0.687237 -79.0161
0.693381 -79.7316
0.699536 -78.59
0.705665 -78.486
0.711789 -79.4234
0.717957 -80.1242
0.72409 -79.6436
0.730186 -78.4429
0.736317 -77.8265
0.742472 -74.3533
0.748622 -78.2974
0.75476 -75.092
0.760888 -75.8911
0.767043 -75.9913
0.773185 -75.1756
0.779291 -77.679
0.785407 -75.7433
0.791564 -76.1169
0.797719 -74.6531
0.803834 -73.4398
0.809972 -74.8471
0.816124 -72.9014
0.822261 -72.964
0.828378 -72.7362
0.834502 -72.0619
0.840667 -73.4069
0.846816 -71.2074
0.852925 -73.2437
0.859047 -71.6996
0.865192 -71.4222
0.871341 -71.5309
0.877463 -71.5682
0.883569 -70.5987
0.889708 -70.4367
0.895864 -70.8363
0.902008 -70.0944
0.908149 -68.5868
0.914301 -71.1224
0.920448 -70.6553
0.926574 -69.1216
0.932687 -69.093
0.938823 -69.7369
0.944975 -69.3895
0.951105 -68.5709
0.957225 -69.2079
0.963368 -69.2105
0.969511 -67.4458
0.975621 -68.0209
0.981748 -68.3925
0.987916 -67.037
0.99406 -66.953
1.00019 -67.8072
1.00632 -66.7175
1.01246 -66.6485
1.01859 -66.7623
1.02471 -67.3273
1.03085 -67.6147
1.03698 -66.2849
1.04314 -66.7963
1.04929 -66.4279
1.05541 -66.5244
1.06154 -65.6647
1.06769 -66.2517
1.07382 -65.9578
1.07993 -65.5949
1.08607 -65.6107
1.09222 -64.8271
1.09836 -65.1442
1.10449 -65.318
1.11063 -65.2847
1.11677 -64.5885
1.1229 -64.2725
1.12903 -63.5194
1.13518 -63.9243
1.14131 -64.0405
1.14745 -64.1125
1.15359 -62.8429
1.15973 -63.6509
1.16584 -62.8342
1.17197 -62.8423
1.17811 -62.6952
1.18424 -62.3855
1.19038 -61.7538
1.19652 -62.7407
1.20267 -61.9022
1.20881 -62.1844
1.21495 -61.7234
1.22108 -61.7151
1.2272 -61.3721
1.23334 -61.0137
1.23949 -61.5808
1.24562 -60.9648
1.25174 -60.8659
1.25789 -59.9449
1.26402 -60.5532
1.27014 -60.1926
1.27628 -60.1809
1.28244 -59.9856
1.28858 -59.6137
1.29471 -59.778
1.30084 -59.9225
1.30697 -59.0225
1.31312 -58.2126
1.31925 -59.2881
1.32537 -58.7772
1.33151 -58.7042
1.33765 -58.4254
1.34378 -58.3891
1.34992 -58.2206
1.35606 -58.0875
1.3622 -57.3892
1.36833 -57.5742
1.37445 -57.167
1.38059 -57.1749
1.38675 -57.144
1.39288 -56.6859
1.39901 -56.7275
1.40515 -56.8549
1.4113 -56.5856
1.41742 -56.1214
1.42355 -55.7967
1.4297 -56.2108
1.43585 -55.6262
1.44198 -55.419
1.44809 -55.2611
1.45423 -55.1558
1.46036 -55.102
1.46649 -55.0868
1.47263 -54.8371
1.47877 -54.4268
1.48491 -54.0015
1.49104 -54.0213
1.49718 -54.209
1.50333 -53.6821
1.50947 -53.7354
1.5156 -53.8625
1.52172 -53.0352
1.52787 -53.2692
1.534 -53.0744
1.54013 -53.111
1.54627 -52.4166
1.55241 -52.5523
1.55855 -52.5344
1.56467 -52.3276
1.5708 -51.7602
