0.00783031 20459.5
0.013688 25479.3
0.019231 25832
0.0249154 23784.2
0.0312784 20500.3
0.0375637 17910.6
0.0433917 15966.1
0.0492413 14169.5
0.0555754 12787.5
0.0619321 12120.1
0.067871 11313.8
0.0738098 10668.6
0.0800417 9612.26
0.0862327 8692.25
0.0921407 8165.1
0.0982031 7219.22
0.104506 6730.9
0.110769 6199.42
0.116806 5809.99
0.122832 5796.85
0.129052 5406.77
0.135211 5431.05
0.141259 5161.77
0.147318 4946.82
0.153489 4685.6
0.159709 4530.09
0.165845 4206.43
0.171974 4081.73
0.178125 3953
0.184229 3827.07
0.19034 3735.47
0.196428 3608.33
0.202534 3538.68
0.208729 3468.33
0.214876 3357.22
0.220989 3268.62
0.227147 3144.16
0.23329 3134.8
0.239377 3104.44
0.245482 2930.51
0.251667 2885.26
0.257832 2873.24
0.263955 2804.91
0.270079 2745.86
0.27624 2703.33
0.282372 2660.35
0.28843 2625.54
0.294538 2543.58
0.300721 2521.71
0.30691 2516.02
0.313033 2419.28
0.319153 2396.12
0.325316 2364.58
0.33145 2350.74
0.337538 2328.33
0.343633 2254.14
0.349808 2179.62
0.355968 2196
0.362074 2181.39
0.368217 2158.78
0.374374 2113.74
0.380519 2104.83
0.386598 2071.77
0.392688 2044.74
0.39888 2002.87
0.405048 2005.41
0.411186 1989.56
0.417313 1966.73
0.423458 1932.8
0.429607 1936.05
0.435692 1927.78
0.441815 1881.05
0.447964 1864.43
0.454126 1831.81
0.460267 1831.26
0.466387 1810.48
0.47254 1784.65
0.478662 1785.1
0.484765 1773.09
0.490885 1738.87
0.497035 1733.97
0.503198 1706.32
0.509342 1684.66
0.515458 1700.39
0.521598 1673.97
0.527764 1663.07
0.533884 1640.81
0.54 1630.57
0.546137 1616.24
0.552299 1606.33
0.558452 1591.23
0.564573 1571.24
0.570708 1579.19
0.576825 1561.49
0.582926 1544.39
0.589034 1528.58
0.595184 1529.65
0.601379 1509.47
0.607522 1501.86
0.613639 1491.26
0.619772 1472.17
0.625918 1470.26
0.632068 1455.44
0.638161 1450.57
0.6443 1431.75
0.650464 1419.99
0.656582 1416.02
0.662703 1402.7
0.668861 1394.14
0.675024 1398.34
0.681124 1374.37
0.687237 1356.48
0.693381 1355.04
0.699536 1345.24
0.705665 1340.07
0.711789 1330.34
0.717957 1314.85
0.72409 1310.94
0.730186 1303.04
0.736317 1295.66
0.742472 1287.19
0.748622 1269.3
0.75476 1268.7
0.760888 1265.86
0.767043 1255.29
0.773185 1230.95
0.779291 1233.8
0.785407 1227.74
0.791564 1217.11
0.797719 1215.46
0.803834 1200.96
0.809972 1190.08
0.816124 1196.82
0.822261 1182.48
0.828378 1179.94
0.834502 1170.47
0.840667 1163.99
0.846816 1150.08
0.852925 1148.41
0.859047 1131.61
0.865192 1130.9
0.871341 1126.07
0.877463 1119.72
0.883569 1111.29
0.889708 1108.03
0.895864 1098.19
0.902008 1085.29
0.908149 1084.27
0.914301 1075.47
0.920448 1069.73
0.926574 1064.25
0.932687 1060.47
0.938823 1052.52
0.944975 1041.57
0.951105 1039.67
0.957225 1032.75
0.963368 1027.28
0.969511 1021.23
0.975621 1013.32
0.981748 1002.1
0.987916 998.623
0.99406 992.962
1.00019 990.217
1.00632 980.316
1.01246 975.593
1.01859 971.679
1.02471 964.487
1.03085 962.43
1.03698 947.62
1.04314 945.81
1.04929 936.203
1.05541 934.525
1.06154 931.018
1.06769 924.298
1.07382 918.401
1.07993 916.014
1.08607 906.538
1.09222 900.636
1.09836 899.2
1.10449 889.712
1.11063 888.119
1.11677 881.732
1.1229 874.821
1.12903 869.896
1.13518 865.198
1.14131 856.245
1.14745 855.761
1.15359 847.841
1.15973 842.521
1.16584 834.356
1.17197 832.44
1.17811 825.336
1.18424 824.834
1.19038 820.276
1.19652 814.859
1.20267 809.759
1.20881 803.613
1.21495 798.348
1.22108 792.426
1.2272 788.272
1.23334 783.234
1.23949 781.287
1.24562 775.428
1.25174 769.29
1.25789 765.968
1.26402 763.683
1.27014 755.68
1.27628 750.79
1.28244 747.038
1.28858 743.255
1.29471 738.759
1.30084 735.254
1.30697 731.199
1.31312 728.323
1.31925 721.783
1.32537 719.597
1.33151 713.821
1.33765 711.87
1.34378 704.333
1.34992 700.301
1.35606 695
1.3622 694.803
1.36833 689.837
1.37445 684.738
1.38059 681.423
1.38675 677.658
1.39288 674.877
1.39901 669.291
1.40515 665.873
1.4113 661.005
1.41742 657.591
1.42355 654.716
1.4297 649.022
1.43585 647.971
1.44198 642.18
1.44809 637.991
1.45423 636.906
1.46036 631.759
1.46649 627.472
1.47263 621.685
1.47877 619.474
1.48491 616.187
1.49104 613.682
1.49718 610.517
1.50333 604.579
1.50947 602.637
1.5156 596.565
1.52172 594.212
1.52787 592.1
1.534 588.189
1.54013 583.856
1.54627 581.481
1.55241 578.387
1.55855 573.614
1.56467 572.893
1.5708 567.481
