0.00783031 0.842051
0.013688 0.997934
0.019231 1.23215
0.0249154 1.3353
0.0312784 1.34229
0.0375637 1.36303
0.0433917 1.3458
0.0492413 1.49878
0.0555754 1.49185
0.0619321 1.71611
0.067871 1.94659
0.0738098 2.02631
0.0800417 2.18649
0.0862327 2.2327
0.0921407 2.27002
0.0982031 2.45755
0.104506 2.5868
0.110769 2.78678
0.116806 2.94907
0.122832 3.30687
0.129052 3.47933
0.135211 3.86633
0.141259 4.06479
0.147318 4.42186
0.153489 4.62478
0.159709 4.8979
0.165845 5.16578
0.171974 5.4322
0.178125 5.69138
0.184229 6.05694
0.19034 6.40991
0.196428 6.83605
0.202534 7.15528
0.208729 7.60092
0.214876 8.00214
0.220989 8.50014
0.227147 8.84227
0.23329 9.24509
0.239377 9.77515
0.245482 10.04
0.251667 10.4744
0.257832 11.3531
0.263955 11.6577
0.270079 12.1065
0.27624 12.6483
0.282372 13.1823
0.28843 13.7909
0.294538 14.2874
0.300721 14.9845
0.30691 15.3186
0.313033 15.6423
0.319153 16.6512
0.325316 17.1422
0.33145 17.9841
0.337538 18.5126
0.343633 18.9596
0.349808 19.2833
0.355968 20.2201
0.362074 21.0298
0.368217 21.565
0.374374 22.2149
0.380519 22.935
0.386598 23.5885
0.392688 24.4119
0.39888 25.0244
0.405048 25.6808
0.411186 26.2571
0.417313 27.1497
0.423458 27.8383
0.429607 28.6779
0.435692 29.1696
0.441815 30.1443
0.447964 30.9078
0.454126 31.3886
0.460267 32.4675
0.466387 32.8392
0.47254 33.4946
0.478662 34.4219
0.484765 35.501
0.490885 36.2403
0.497035 36.9155
0.503198 37.6165
0.509342 38.2894
0.515458 39.6685
0.521598 40.0338
0.527764 40.9425
0.533884 41.6818
0.54 42.7908
0.546137 43.8082
0.552299 44.3208
0.558452 45.2876
0.564573 46.3151
0.570708 46.8745
0.576825 47.4683
0.582926 48.4102
0.589034 49.3113
0.595184 50.3292
0.601379 51.0816
0.607522 51.9251
0.613639 53.1379
0.619772 53.1136
0.625918 54.6122
0.632068 55.366
0.638161 56.574
0.6443 57.3272
0.650464 58.2099
0.656582 58.9143
0.662703 60.1054
0.668861 60.7747
0.675024 61.4966
0.681124 61.9694
0.687237 63.4039
0.693381 63.763
0.699536 65.0954
0.705665 65.86
0.711789 66.619
0.717957 67.5084
0.72409 68.3015
0.730186 68.9833
0.736317 70.2307
0.742472 71.3468
0.748622 71.9686
0.75476 72.7411
0.760888 73.2946
0.767043 74.3506
0.773185 75.458
0.779291 76.2247
0.785407 76.8198
0.791564 77.7266
0.797719 78.5004
0.803834 79.1058
0.809972 80.2602
0.816124 81.0627
0.822261 82.1153
0.828378 82.7462
0.834502 83.628
0.840667 84.4422
0.846816 85.2499
0.852925 85.8847
0.859047 87.1364
0.865192 87.3569
0.871341 88.2034
0.877463 89.4305
0.883569 89.3815
0.889708 90.2254
0.895864 90.9413
0.902008 91.69
0.908149 92.9856
0.914301 93.5825
0.920448 94.1033
0.926574 94.6824
0.932687 95.7639
0.938823 96.8058
0.944975 97.0899
0.951105 97.6394
0.957225 98.4753
0.963368 98.8639
0.969511 100.058
0.975621 100.374
0.981748 101.202
0.987916 101.763
0.99406 102.567
1.00019 102.895
1.00632 103.313
1.01246 104.076
1.01859 104.957
1.02471 105.276
1.03085 106.427
1.03698 106.633
1.04314 107.062
1.04929 107.73
1.05541 108.942
1.06154 109.475
1.06769 110.122
1.07382 110.574
1.07993 111.277
1.08607 111.105
1.09222 112.189
1.09836 112.803
1.10449 112.623
1.11063 113.964
1.11677 113.592
1.1229 114.676
1.12903 114.809
1.13518 115.269
1.14131 116.022
1.14745 116.473
1.15359 117.235
1.15973 117.492
1.16584 117.568
1.17197 117.861
1.17811 118.705
1.18424 119.503
1.19038 119.891
1.19652 119.795
1.20267 120.536
1.20881 120.947
1.21495 120.895
1.22108 121.793
1.2272 121.968
1.23334 122.472
1.23949 122.836
1.24562 123.008
1.25174 123.648
1.25789 123.897
1.26402 124.374
1.27014 124.394
1.27628 124.713
1.28244 125.484
1.28858 125.497
1.29471 125.526
1.30084 126.574
1.30697 126.573
1.31312 126.711
1.31925 127.036
1.32537 127.13
1.33151 128.028
1.33765 128.363
1.34378 127.815
1.34992 128.181
1.35606 128.346
1.3622 129.282
1.36833 129.461
1.37445 129.42
1.38059 129.718
1.38675 129.667
1.39288 130.288
1.39901 130.583
1.40515 130.842
1.4113 130.867
1.41742 131.517
1.42355 131.866
1.4297 131.803
1.43585 132.35
1.44198 132.199
1.44809 131.999
1.45423 132.642
1.46036 132.993
1.46649 132.956
1.47263 132.889
1.47877 133.256
1.48491 133.331
1.49104 133.798
1.49718 133.696
1.50333 134.092
1.50947 134.451
1.5156 134.193
1.52172 134.177
1.52787 134.529
1.534 134.9
1.54013 134.759
1.54627 134.909
1.55241 135.387
1.55855 135.463
1.56467 135.418
1.5708 135.483
