0.00783031 -838.29
0.013688 535.403
0.019231 -702.365
0.0249154 46.5322
0.0312784 85.3932
0.0375637 -34.7857
0.0433917 -345.114
0.0492413 -464.134
0.0555754 15.4033
0.0619321 -211.579
0.067871 -301.838
0.0738098 -141.551
0.0800417 -117.582
0.0862327 -33.9629
0.0921407 -157.831
0.0982031 -168.677
0.104506 -272.017
0.110769 -216.918
0.116806 -117.264
0.122832 -178.069
0.129052 -161.344
0.135211 -261.416
0.141259 -217.756
0.147318 -208.616
0.153489 -264.352
0.159709 -229.193
0.165845 -222.539
0.171974 -224.104
0.178125 -224.129
0.184229 -210.941
0.19034 -236.425
0.196428 -223.278
0.202534 -229.408
0.208729 -223.235
0.214876 -204.803
0.220989 -223.692
0.227147 -222.38
0.23329 -218.404
0.239377 -213.299
0.245482 -195.721
0.251667 -219.448
0.257832 -204.655
0.263955 -208.265
0.270079 -215.993
0.27624 -204.288
0.282372 -221.062
0.28843 -210.53
0.294538 -203.244
0.300721 -201.165
0.30691 -221.086
0.313033 -197.143
0.319153 -213.842
0.325316 -210.165
0.33145 -195.669
0.337538 -205.888
0.343633 -193.554
0.349808 -196.629
0.355968 -186.068
0.362074 -199.613
0.368217 -186.881
0.374374 -192.746
0.380519 -183.872
0.386598 -181.678
0.392688 -191.275
0.39888 -188.468
0.405048 -184.928
0.411186 -181.107
0.417313 -181.577
0.423458 -179.209
0.429607 -177.902
0.435692 -180.153
0.441815 -182.05
0.447964 -174.593
0.454126 -173.935
0.460267 -174.939
0.466387 -171.921
0.47254 -169.339
0.478662 -173.61
0.484765 -169.892
0.490885 -161.139
0.497035 -164.908
0.503198 -172.395
0.509342 -163.318
0.515458 -168.595
0.521598 -165.577
0.527764 -167.132
0.533884 -162.038
0.54 -163.429
0.546137 -162.761
0.552299 -161.552
0.558452 -159.225
0.564573 -157.738
0.570708 -158.286
0.576825 -163.47
0.582926 -159.276
0.589034 -158.026
0.595184 -155.032
0.601379 -152.917
0.607522 -155.803
0.613639 -155.994
0.619772 -151.083
0.625918 -155.387
0.632068 -155.056
0.638161 -153.756
0.6443 -151.237
0.650464 -151.743
0.656582 -151.017
0.662703 -150.351
0.668861 -149.288
0.675024 -149.829
0.681124 -146.85
0.687237 -146.653
0.693381 -146.293
0.699536 -145.966
0.705665 -146.955
0.711789 -144.081
0.717957 -142.306
0.72409 -142.097
0.730186 -141.701
0.736317 -142.286
0.742472 -142.517
0.748622 -141.374
0.75476 -140.348
0.760888 -138.346
0.767043 -139.181
0.773185 -137.942
0.779291 -140.738
0.785407 -137.452
0.791564 -134.55
0.797719 -136.953
0.803834 -134.881
0.809972 -135.565
0.816124 -134.839
0.822261 -134.261
0.828378 -134.552
0.834502 -133.087
0.840667 -133.947
0.846816 -131.723
0.852925 -131.444
0.859047 -128.613
0.865192 -131.518
0.871341 -130.709
0.877463 -130.324
0.883569 -128.876
0.889708 -129.921
0.895864 -127.329
0.902008 -124.622
0.908149 -129.186
0.914301 -127.687
0.920448 -125.979
0.926574 -126.658
0.932687 -124.48
0.938823 -125.157
0.944975 -122.736
0.951105 -124.274
0.957225 -121.555
0.963368 -121.909
0.969511 -122.257
0.975621 -121.929
0.981748 -120.951
0.987916 -120.422
0.99406 -121.048
1.00019 -120.169
1.00632 -118.028
1.01246 -119.264
1.01859 -119.137
1.02471 -116.824
1.03085 -118.541
1.03698 -115.113
1.04314 -117.436
1.04929 -115.5
1.05541 -113.965
1.06154 -115.687
1.06769 -114.759
1.07382 -113.796
1.07993 -113.342
1.08607 -113.128
1.09222 -112.558
1.09836 -111.242
1.10449 -110.236
1.11063 -110.965
1.11677 -110.128
1.1229 -109.228
1.12903 -109.796
1.13518 -108.146
1.14131 -107.774
1.14745 -108.047
1.15359 -106.901
1.15973 -106.818
1.16584 -105.882
1.17197 -105.349
1.17811 -105.477
1.18424 -105.015
1.19038 -104.994
1.19652 -103.677
1.20267 -103.131
1.20881 -103.002
1.21495 -102.12
1.22108 -101.09
1.2272 -100.771
1.23334 -100.054
1.23949 -101.435
1.24562 -99.826
1.25174 -98.9636
1.25789 -99.0118
1.26402 -98.5683
1.27014 -97.1345
1.27628 -97.2493
1.28244 -96.8407
1.28858 -97.1726
1.29471 -96.3675
1.30084 -96.1431
1.30697 -95.8139
1.31312 -94.8311
1.31925 -94.743
1.32537 -93.9813
1.33151 -94.1803
1.33765 -93.1214
1.34378 -91.7827
1.34992 -92.3302
1.35606 -91.72
1.3622 -91.0906
1.36833 -90.9272
1.37445 -90.5034
1.38059 -90.4534
1.38675 -89.6317
1.39288 -89.5239
1.39901 -88.4405
1.40515 -88.4502
1.4113 -87.6106
1.41742 -87.6084
1.42355 -87.1823
1.4297 -86.7106
1.43585 -86.0421
1.44198 -85.8685
1.44809 -85.2074
1.45423 -85.3456
1.46036 -84.4886
1.46649 -84.0486
1.47263 -83.4006
1.47877 -83.8356
1.48491 -82.7487
1.49104 -82.5548
1.49718 -82.2111
1.50333 -81.5099
1.50947 -81.481
1.5156 -80.3808
1.52172 -79.8574
1.52787 -79.9237
1.534 -78.9508
1.54013 -79.0015
1.54627 -79.0244
1.55241 -78.4138
1.55855 -77.9776
1.56467 -77.5587
1.5708 -76.9556
