0.00783031 3234.62
0.013688 698.506
0.019231 1096.33
0.0249154 -2414.25
0.0312784 -680.719
0.0375637 197.102
0.0433917 517.79
0.0492413 695.07
0.0555754 475.613
0.0619321 462.704
0.067871 992.87
0.0738098 939.619
0.0800417 1553.09
0.0862327 1273.66
0.0921407 1657.56
0.0982031 1488.53
0.104506 1574
0.110769 1609.7
0.116806 1497.33
0.122832 1539.6
0.129052 1698.55
0.135211 1591.74
0.141259 1843.9
0.147318 1754.25
0.153489 1871.83
0.159709 1816.92
0.165845 1905.63
0.171974 1933.86
0.178125 1826.94
0.184229 1810.55
0.19034 1824.26
0.196428 1888.8
0.202534 1863.26
0.208729 1874.42
0.214876 1894.33
0.220989 1896.27
0.227147 1907.21
0.23329 1874.89
0.239377 1955.75
0.245482 1904.16
0.251667 1865.78
0.257832 1855.54
0.263955 1833.78
0.270079 1841.62
0.27624 1848.24
0.282372 1886.62
0.28843 1917.65
0.294538 1889.08
0.300721 1856.36
0.30691 1838.99
0.313033 1829.14
0.319153 1829.66
0.325316 1825.24
0.33145 1827.58
0.337538 1827.02
0.343633 1788.79
0.349808 1838.07
0.355968 1799.29
0.362074 1787.38
0.368217 1785.57
0.374374 1775.93
0.380519 1781.83
0.386598 1771.95
0.392688 1750.35
0.39888 1770.89
0.405048 1730.9
0.411186 1742.68
0.417313 1728.59
0.423458 1709.88
0.429607 1702.1
0.435692 1698.99
0.441815 1683.51
0.447964 1694.98
0.454126 1676.95
0.460267 1666.17
0.466387 1631.52
0.47254 1634.01
0.478662 1620.79
0.484765 1618.15
0.490885 1644.96
0.497035 1616.92
0.503198 1635.73
0.509342 1587.48
0.515458 1611.14
0.521598 1597.6
0.527764 1591.05
0.533884 1581.98
0.54 1567.14
0.546137 1559.49
0.552299 1557.9
0.558452 1540.26
0.564573 1532.16
0.570708 1521.06
0.576825 1521.62
0.582926 1497.63
0.589034 1521.02
0.595184 1500.02
0.601379 1491.81
0.607522 1485.05
0.613639 1479.16
0.619772 1458.43
0.625918 1456.96
0.632068 1461.1
0.638161 1439.57
0.6443 1430.82
0.650464 1425.91
0.656582 1421.96
0.662703 1422.32
0.668861 1411.95
0.675024 1403.81
0.681124 1397.38
0.687237 1383.54
0.693381 1370.86
0.699536 1376.57
0.705665 1361.6
0.711789 1358
0.717957 1346.82
0.72409 1348.14
0.730186 1338.99
0.736317 1332.05
0.742472 1324.17
0.748622 1314.98
0.75476 1303.78
0.760888 1299.82
0.767043 1302.04
0.773185 1278.78
0.779291 1269.72
0.785407 1280.73
0.791564 1266.19
0.797719 1256.78
0.803834 1256
0.809972 1250.76
0.816124 1236.84
0.822261 1224.21
0.828378 1221.82
0.834502 1217.41
0.840667 1212.47
0.846816 1199.63
0.852925 1196.51
0.859047 1188.96
0.865192 1185.3
0.871341 1178.81
0.877463 1172.46
0.883569 1166.51
0.889708 1151.4
0.895864 1151.21
0.902008 1148.34
0.908149 1135.82
0.914301 1131.88
0.920448 1127.02
0.926574 1121.39
0.932687 1117.76
0.938823 1109.14
0.944975 1100.27
0.951105 1088.3
0.957225 1088.73
0.963368 1084.01
0.969511 1074.68
0.975621 1069.54
0.981748 1064.33
0.987916 1062.2
0.99406 1047.14
1.00019 1043.42
1.00632 1037.84
1.01246 1034.93
1.01859 1031.53
1.02471 1020.76
1.03085 1014.39
1.03698 1011.8
1.04314 1003.44
1.04929 999.774
1.05541 991.974
1.06154 993.504
1.06769 984.923
1.07382 980.512
1.07993 969.267
1.08607 969.486
1.09222 966.124
1.09836 952.217
1.10449 951.268
1.11063 942.953
1.11677 939.026
1.1229 937.169
1.12903 930.359
1.13518 927.822
1.14131 917.486
1.14745 912.303
1.15359 909.944
1.15973 902.735
1.16584 900.92
1.17197 893.902
1.17811 887.808
1.18424 878.14
1.19038 878.724
1.19652 872.045
1.20267 867.391
1.20881 862.5
1.21495 854.782
1.22108 854.537
1.2272 851.459
1.23334 842.822
1.23949 843.171
1.24562 834.1
1.25174 829.313
1.25789 827.098
1.26402 820.474
1.27014 813.842
1.27628 807.504
1.28244 805.639
1.28858 799.117
1.29471 796.03
1.30084 793.138
1.30697 789.653
1.31312 783.838
1.31925 782.018
1.32537 774.836
1.33151 770.808
1.33765 766.898
1.34378 760.117
1.34992 759.365
1.35606 755.73
1.3622 751.544
1.36833 745.027
1.37445 741.832
1.38059 738.068
1.38675 731.076
1.39288 729.427
1.39901 727.027
1.40515 718.709
1.4113 718.969
1.41742 711.934
1.42355 710.443
1.4297 702.516
1.43585 700.869
1.44198 698.237
1.44809 691.658
1.45423 687.907
1.46036 682.892
1.46649 680.083
1.47263 675.391
1.47877 675.128
1.48491 669.965
1.49104 663.253
1.49718 662.653
1.50333 660.295
1.50947 657.03
1.5156 652.872
1.52172 648.666
1.52787 643.448
1.534 640.855
1.54013 637.676
1.54627 634.42
1.55241 630.302
1.55855 628.126
1.56467 623.385
1.5708 621.821
