0.00783031 -181.844
0.013688 -227.173
0.019231 -239.443
0.0249154 -221.543
0.0312784 -198.668
0.0375637 -175.08
0.0433917 -158.281
0.0492413 -151.475
0.0555754 -142.181
0.0619321 -148.006
0.067871 -143.878
0.0738098 -138.037
0.0800417 -127.783
0.0862327 -121.956
0.0921407 -120.183
0.0982031 -114.797
0.104506 -109.567
0.110769 -109.26
0.116806 -111.115
0.122832 -112.257
0.129052 -110.427
0.135211 -110.689
0.141259 -107.821
0.147318 -106.867
0.153489 -107.344
0.159709 -102.647
0.165845 -101.198
0.171974 -102.266
0.178125 -100.346
0.184229 -100.512
0.19034 -103.652
0.196428 -99.3474
0.202534 -102.548
0.208729 -102.243
0.214876 -101.002
0.220989 -99.7831
0.227147 -98.1009
0.23329 -100.05
0.239377 -97.8522
0.245482 -97.9118
0.251667 -99.1958
0.257832 -99.9058
0.263955 -97.3528
0.270079 -97.7817
0.27624 -94.8747
0.282372 -96.9092
0.28843 -97.0366
0.294538 -97.2642
0.300721 -96.1597
0.30691 -94.6711
0.313033 -93.8199
0.319153 -95.4284
0.325316 -94.9013
0.33145 -93.4895
0.337538 -93.3827
0.343633 -91.9446
0.349808 -92.8327
0.355968 -93.1524
0.362074 -91.8202
0.368217 -91.6702
0.374374 -92.6931
0.380519 -93.1327
0.386598 -91.4294
0.392688 -92.0251
0.39888 -92.4174
0.405048 -91.6662
0.411186 -90.4614
0.417313 -89.6905
0.423458 -88.8756
0.429607 -89.5037
0.435692 -87.4245
0.441815 -88.2813
0.447964 -88.035
0.454126 -86.6873
0.460267 -88.5367
0.466387 -87.0357
0.47254 -86.2369
0.478662 -86.2889
0.484765 -85.3827
0.490885 -86.0603
0.497035 -85.2589
0.503198 -85.808
0.509342 -84.6054
0.515458 -83.8508
0.521598 -84.5919
0.527764 -83.3428
0.533884 -83.2223
0.54 -82.596
0.546137 -82.256
0.552299 -82.4183
0.558452 -80.9736
0.564573 -81.9367
0.570708 -80.2163
0.576825 -81.3924
0.582926 -80.1611
0.589034 -79.712
0.595184 -80.0721
0.601379 -79.964
0.607522 -79.7331
0.613639 -80.0255
0.619772 -79.046
0.625918 -77.7346
0.632068 -78.3743
0.638161 -76.8305
0.6443 -76.6969
0.650464 -76.9891
0.656582 -76.545
0.662703 -76.1809
0.668861 -75.1715
0.675024 -75.7114
0.681124 -75.039
0.687237 -74.0404
0.693381 -74.4579
0.699536 -74.7728
0.705665 -73.4585
0.711789 -73.7906
0.717957 -73.2911
0.72409 -73.2928
0.730186 -72.299
0.736317 -72.9055
0.742472 -71.7556
0.748622 -71.6939
0.75476 -72.1441
0.760888 -71.6814
0.767043 -70.6138
0.773185 -70.1155
0.779291 -69.939
0.785407 -69.682
0.791564 -69.9981
0.797719 -69.0533
0.803834 -67.9472
0.809972 -68.3631
0.816124 -68.4291
0.822261 -67.4641
0.828378 -66.724
0.834502 -67.1138
0.840667 -66.6153
0.846816 -66.4711
0.852925 -65.5625
0.859047 -65.4837
0.865192 -65.7386
0.871341 -64.6224
0.877463 -65.0888
0.883569 -64.5133
0.889708 -64.025
0.895864 -63.6237
0.902008 -63.1054
0.908149 -62.577
0.914301 -61.9589
0.920448 -61.2879
0.926574 -62.2377
0.932687 -61.0712
0.938823 -61.0967
0.944975 -60.7231
0.951105 -60.4506
0.957225 -60.0635
0.963368 -59.6714
0.969511 -59.1833
0.975621 -58.7315
0.981748 -58.2122
0.987916 -58.229
0.99406 -58.3936
1.00019 -57.6259
1.00632 -57.2402
1.01246 -56.6102
1.01859 -56.8955
1.02471 -55.7245
1.03085 -56.3362
1.03698 -55.8644
1.04314 -54.6763
1.04929 -54.8418
1.05541 -54.2922
1.06154 -54.5332
1.06769 -53.6716
1.07382 -53.5582
1.07993 -53.2959
1.08607 -52.9165
1.09222 -52.3227
1.09836 -52.4547
1.10449 -51.5007
1.11063 -51.8941
1.11677 -51.3194
1.1229 -50.9898
1.12903 -50.7826
1.13518 -50.6027
1.14131 -50.3469
1.14745 -49.5634
1.15359 -49.2376
1.15973 -49.3282
1.16584 -49.1841
1.17197 -48.7854
1.17811 -48.5827
1.18424 -47.4044
1.19038 -47.9252
1.19652 -47.5058
1.20267 -46.9333
1.20881 -47.0106
1.21495 -46.3145
1.22108 -46.4674
1.2272 -46.1152
1.23334 -45.4537
1.23949 -45.6051
1.24562 -45.6661
1.25174 -44.5581
1.25789 -45.0592
1.26402 -44.3094
1.27014 -44.0946
1.27628 -44.0654
1.28244 -43.6821
1.28858 -43.5942
1.29471 -42.7174
1.30084 -42.945
1.30697 -42.3231
1.31312 -42.3121
1.31925 -42.1109
1.32537 -41.5425
1.33151 -41.3408
1.33765 -40.6342
1.34378 -40.8656
1.34992 -40.5082
1.35606 -40.3173
1.3622 -39.7699
1.36833 -39.8337
1.37445 -39.4131
1.38059 -39.5502
1.38675 -39.1586
1.39288 -39.1264
1.39901 -38.8998
1.40515 -38.4666
1.4113 -38.1051
1.41742 -37.9536
1.42355 -37.6303
1.4297 -37.2847
1.43585 -37.6277
1.44198 -37.2449
1.44809 -36.9512
1.45423 -36.5798
1.46036 -36.2954
1.46649 -36.0445
1.47263 -35.7672
1.47877 -35.5513
1.48491 -35.1814
1.49104 -35.0325
1.49718 -35.018
1.50333 -35.0822
1.50947 -34.6327
1.5156 -34.3736
1.52172 -34.2331
1.52787 -33.8373
1.534 -34.2058
1.54013 -33.4791
1.54627 -33.3019
1.55241 -33.4476
1.55855 -33.3043
1.56467 -32.7225
1.5708 -32.689
