0.00783031 -0.37023
0.013688 -1.42059
0.019231 -1.03292
0.0249154 1.62062
0.0312784 1.45715
0.0375637 2.53156
0.0433917 2.76471
0.0492413 3.82096
0.0555754 4.80926
0.0619321 3.54738
0.067871 4.80456
0.0738098 8.13785
0.0800417 8.35725
0.0862327 7.82582
0.0921407 10.9338
0.0982031 10.4012
0.104506 13.3482
0.110769 14.6072
0.116806 15.4013
0.122832 14.9148
0.129052 15.3398
0.135211 17.0115
0.141259 17.9905
0.147318 19.3042
0.153489 20.6248
0.159709 22.6333
0.165845 21.9975
0.171974 24.0602
0.178125 23.1192
0.184229 25.4734
0.19034 24.8745
0.196428 28.8089
0.202534 28.62
0.208729 31.5465
0.214876 28.7192
0.220989 30.04
0.227147 30.8528
0.23329 33.4233
0.239377 33.862
0.245482 34.7883
0.251667 35.9684
0.257832 36.9318
0.263955 38.2195
0.270079 37.9661
0.27624 38.5789
0.282372 39.3144
0.28843 39.1909
0.294538 41.1373
0.300721 41.0296
0.30691 42.9505
0.313033 43.3001
0.319153 42.0414
0.325316 45.2212
0.33145 45.6567
0.337538 45.9573
0.343633 46.244
0.349808 45.7617
0.355968 46.8183
0.362074 48.372
0.368217 47.5664
0.374374 48.3334
0.380519 50.4926
0.386598 49.7793
0.392688 49.8242
0.39888 51.2936
0.405048 51.9377
0.411186 53.1283
0.417313 53.2785
0.423458 52.8424
0.429607 53.326
0.435692 53.2301
0.441815 53.9378
0.447964 55.2962
0.454126 55.1159
0.460267 55.235
0.466387 57.2266
0.47254 57.0728
0.478662 56.8697
0.484765 57.5438
0.490885 57.0771
0.497035 58.4523
0.503198 58.5389
0.509342 57.7751
0.515458 59.3756
0.521598 59.8309
0.527764 59.8887
0.533884 61.7158
0.54 61.1731
0.546137 60.6839
0.552299 61.1053
0.558452 62.7249
0.564573 62.5125
0.570708 61.7211
0.576825 63.4042
0.582926 62.9949
0.589034 63.178
0.595184 63.3498
0.601379 64.0561
0.607522 63.2703
0.613639 64.5938
0.619772 64.8645
0.625918 65.1009
0.632068 65.5585
0.638161 65.2575
0.6443 65.3692
0.650464 65.9946
0.656582 65.9054
0.662703 66.8611
0.668861 66.3989
0.675024 66.9415
0.681124 66.8164
0.687237 67.5716
0.693381 67.6375
0.699536 67.682
0.705665 67.9213
0.711789 67.8549
0.717957 68.3076
0.72409 68.0798
0.730186 67.9176
0.736317 68.4966
0.742472 69.3058
0.748622 69.4166
0.75476 69.3783
0.760888 69.9903
0.767043 69.1085
0.773185 70.0533
0.779291 69.7665
0.785407 70.2482
0.791564 69.8657
0.797719 69.9947
0.803834 69.8322
0.809972 70.5865
0.816124 71.1555
0.822261 71.0768
0.828378 71.2962
0.834502 71.6898
0.840667 71.2028
0.846816 71.6314
0.852925 70.6414
0.859047 71.5699
0.865192 71.0774
0.871341 72.0776
0.877463 71.379
0.883569 72.1989
0.889708 72.1707
0.895864 72.2492
0.902008 71.7839
0.908149 72.2922
0.914301 71.8317
0.920448 71.6676
0.926574 72.5983
0.932687 73.2562
0.938823 72.1969
0.944975 72.8319
0.951105 72.8166
0.957225 73.265
0.963368 72.8574
0.969511 73.6814
0.975621 73.1578
0.981748 72.796
0.987916 73.2099
0.99406 73.3909
1.00019 73.503
1.00632 72.7658
1.01246 73.4439
1.01859 73.7015
1.02471 73.1086
1.03085 73.5306
1.03698 73.2284
1.04314 73.1383
1.04929 73.1617
1.05541 73.9526
1.06154 73.545
1.06769 73.8866
1.07382 73.4158
1.07993 74.0725
1.08607 73.7244
1.09222 73.355
1.09836 73.6435
1.10449 73.524
1.11063 73.3021
1.11677 72.925
1.1229 73.0459
1.12903 73.6698
1.13518 73.3126
1.14131 73.7127
1.14745 73.4689
1.15359 73.3841
1.15973 73.1221
1.16584 73.2117
1.17197 73.4826
1.17811 73.3401
1.18424 73.4682
1.19038 73.0167
1.19652 73.4361
1.20267 72.7203
1.20881 73.0386
1.21495 72.8777
1.22108 72.7547
1.2272 73.207
1.23334 72.8732
1.23949 72.4154
1.24562 72.9082
1.25174 72.9568
1.25789 72.4029
1.26402 72.4738
1.27014 72.6476
1.27628 72.1534
1.28244 72.9621
1.28858 72.4725
1.29471 72.4566
1.30084 72.1006
1.30697 72.3413
1.31312 71.6335
1.31925 71.973
1.32537 72.0946
1.33151 72.0626
1.33765 71.8738
1.34378 72.3149
1.34992 71.4094
1.35606 71.3682
1.3622 71.1018
1.36833 71.3286
1.37445 71.7122
1.38059 71.494
1.38675 71.124
1.39288 70.7186
1.39901 70.8784
1.40515 70.3433
1.4113 70.9394
1.41742 70.4367
1.42355 70.3354
1.4297 70.2772
1.43585 70.1307
1.44198 69.587
1.44809 69.8054
1.45423 69.5578
1.46036 69.5232
1.46649 69.6012
1.47263 69.3744
1.47877 69.1881
1.48491 68.9454
1.49104 68.646
1.49718 68.6145
1.50333 68.8519
1.50947 68.3746
1.5156 68.3558
1.52172 68.5692
1.52787 68.2059
1.534 67.8934
1.54013 67.6636
1.54627 67.3389
1.55241 67.2117
1.55855 67.6444
1.56467 66.932
1.5708 67.0912
