0.00783031 832.412
0.013688 -756.663
0.019231 731.357
0.0249154 -68.4075
0.0312784 229.74
0.0375637 -16.4729
0.0433917 252.933
0.0492413 275.3
0.0555754 -352.148
0.0619321 -31.8379
0.067871 -246.657
0.0738098 -147.353
0.0800417 -101.071
0.0862327 -135.834
0.0921407 -299.07
0.0982031 -176.789
0.104506 -170.154
0.110769 -143.069
0.116806 -135.847
0.122832 -195.707
0.129052 -149.025
0.135211 -186.87
0.141259 -159.472
0.147318 -188.762
0.153489 -201.606
0.159709 -183.684
0.165845 -137.638
0.171974 -172.353
0.178125 -169.274
0.184229 -177.204
0.19034 -157.724
0.196428 -180.892
0.202534 -175.035
0.208729 -133.511
0.214876 -162.258
0.220989 -174.937
0.227147 -170.334
0.23329 -159.467
0.239377 -161.107
0.245482 -156.244
0.251667 -144.759
0.257832 -155.024
0.263955 -146.48
0.270079 -145.166
0.27624 -137.916
0.282372 -146.315
0.28843 -138.316
0.294538 -134.093
0.300721 -140.79
0.30691 -129.239
0.313033 -129.963
0.319153 -129.08
0.325316 -131.321
0.33145 -130.231
0.337538 -126.692
0.343633 -126.587
0.349808 -128.127
0.355968 -124.108
0.362074 -115.224
0.368217 -113.708
0.374374 -123.75
0.380519 -121.582
0.386598 -115.966
0.392688 -111.649
0.39888 -111.659
0.405048 -112.573
0.411186 -115.265
0.417313 -107.823
0.423458 -108.34
0.429607 -102.27
0.435692 -106.5
0.441815 -108.958
0.447964 -104.842
0.454126 -105.881
0.460267 -103.986
0.466387 -102.344
0.47254 -100.679
0.478662 -101.054
0.484765 -96.7561
0.490885 -101.66
0.497035 -94.102
0.503198 -101.272
0.509342 -96.6904
0.515458 -98.0046
0.521598 -96.2132
0.527764 -94.1544
0.533884 -94.8992
0.54 -91.9947
0.546137 -88.9084
0.552299 -92.9671
0.558452 -93.0064
0.564573 -89.6498
0.570708 -88.5281
0.576825 -88.5723
0.582926 -88.7751
0.589034 -87.6518
0.595184 -87.8329
0.601379 -86.6351
0.607522 -85.5082
0.613639 -84.6297
0.619772 -81.6731
0.625918 -84.8733
0.632068 -82.4611
0.638161 -85.4557
0.6443 -82.0083
0.650464 -82.2467
0.656582 -81.7871
0.662703 -82.2964
0.668861 -80.8295
0.675024 -80.3559
0.681124 -77.5755
0.687237 -76.3814
0.693381 -77.7272
0.699536 -78.9412
0.705665 -77.0749
0.711789 -77.015
0.717957 -76.5636
0.72409 -74.4455
0.730186 -75.1574
0.736317 -75.8203
0.742472 -73.0734
0.748622 -74.6876
0.75476 -72.7103
0.760888 -73.5078
0.767043 -72.8703
0.773185 -71.8194
0.779291 -71.6327
0.785407 -71.4734
0.791564 -71.0669
0.797719 -70.7045
0.803834 -70.0534
0.809972 -69.8479
0.816124 -69.4032
0.822261 -68.9971
0.828378 -68.986
0.834502 -67.82
0.840667 -68.1193
0.846816 -69.2039
0.852925 -66.1655
0.859047 -66.6522
0.865192 -65.2904
0.871341 -65.7365
0.877463 -64.6148
0.883569 -65.0157
0.889708 -66.1599
0.895864 -64.5283
0.902008 -63.8766
0.908149 -64.455
0.914301 -63.3717
0.920448 -63.3786
0.926574 -62.4893
0.932687 -62.404
0.938823 -61.3706
0.944975 -61.5911
0.951105 -61.4648
0.957225 -61.003
0.963368 -60.8628
0.969511 -60.8759
0.975621 -60.5238
0.981748 -60.0649
0.987916 -59.1809
0.99406 -59.3247
1.00019 -58.7909
1.00632 -57.7764
1.01246 -57.8751
1.01859 -57.902
1.02471 -55.9532
1.03085 -56.333
1.03698 -56.2694
1.04314 -56.3615
1.04929 -55.3898
1.05541 -55.6159
1.06154 -55.1575
1.06769 -54.6447
1.07382 -54.3426
1.07993 -54.644
1.08607 -54.1694
1.09222 -53.0293
1.09836 -53.7416
1.10449 -53.4772
1.11063 -52.8421
1.11677 -52.1836
1.1229 -52.4281
1.12903 -51.74
1.13518 -51.6055
1.14131 -50.3819
1.14745 -51.2018
1.15359 -50.8596
1.15973 -49.8465
1.16584 -49.9826
1.17197 -49.4599
1.17811 -49.7225
1.18424 -48.8353
1.19038 -49.1106
1.19652 -48.9518
1.20267 -48.3952
1.20881 -48.5044
1.21495 -47.8832
1.22108 -47.7074
1.2272 -47.3524
1.23334 -47.3469
1.23949 -47.2871
1.24562 -46.4986
1.25174 -46.2247
1.25789 -45.6702
1.26402 -45.8834
1.27014 -45.8142
1.27628 -45.1218
1.28244 -45.1799
1.28858 -44.5493
1.29471 -44.2924
1.30084 -44.0176
1.30697 -43.8474
1.31312 -43.2034
1.31925 -43.6947
1.32537 -43.034
1.33151 -43.0232
1.33765 -42.448
1.34378 -42.1638
1.34992 -41.8285
1.35606 -41.8782
1.3622 -41.4508
1.36833 -41.2948
1.37445 -40.8088
1.38059 -40.7896
1.38675 -40.6071
1.39288 -40.2454
1.39901 -40.165
1.40515 -39.5639
1.4113 -39.6216
1.41742 -39.4553
1.42355 -39.5328
1.4297 -38.6188
1.43585 -38.6788
1.44198 -38.327
1.44809 -38.4077
1.45423 -37.9563
1.46036 -38.0748
1.46649 -37.8526
1.47263 -37.3678
1.47877 -36.8642
1.48491 -36.8603
1.49104 -36.9628
1.49718 -36.4832
1.50333 -36.682
1.50947 -36.0613
1.5156 -35.8364
1.52172 -35.3713
1.52787 -35.5894
1.534 -35.4722
1.54013 -34.8592
1.54627 -34.8381
1.55241 -34.6653
1.55855 -34.1873
1.56467 -34.1485
1.5708 -33.8962
