0.00783031 20225.1
0.013688 25016.8
0.019231 25725.5
0.0249154 23240.4
0.0312784 19951.3
0.0375637 16779
0.0433917 14568.8
0.0492413 13236
0.0555754 12133.6
0.0619321 11275.1
0.067871 10624.4
0.0738098 9199.16
0.0800417 8526.21
0.0862327 7695.8
0.0921407 6955.67
0.0982031 6233.06
0.104506 5429.72
0.110769 5163.3
0.116806 4833.24
0.122832 4787.86
0.129052 4401.32
0.135211 4314.74
0.141259 3855.23
0.147318 3651.94
0.153489 3607.4
0.159709 3157
0.165845 3075.56
0.171974 2899.29
0.178125 2807.52
0.184229 2687.21
0.19034 2593.1
0.196428 2455.92
0.202534 2400.98
0.208729 2252.99
0.214876 2159.9
0.220989 2102.78
0.227147 2030.95
0.23329 1947.02
0.239377 1914.2
0.245482 1810.96
0.251667 1767.66
0.257832 1706.34
0.263955 1609.73
0.270079 1587.4
0.27624 1595.25
0.282372 1519.76
0.28843 1481.73
0.294538 1437.64
0.300721 1392.84
0.30691 1368.84
0.313033 1316.02
0.319153 1308.01
0.325316 1250.44
0.33145 1251.99
0.337538 1196.74
0.343633 1186.16
0.349808 1168.19
0.355968 1136.6
0.362074 1099.45
0.368217 1085.68
0.374374 1062.31
0.380519 1051.36
0.386598 1035.21
0.392688 1015.83
0.39888 982.369
0.405048 968.721
0.411186 947.58
0.417313 924.861
0.423458 917.793
0.429607 904.005
0.435692 888.521
0.441815 872.798
0.447964 860.998
0.454126 840.024
0.460267 832.768
0.466387 821.13
0.47254 805.437
0.478662 790.43
0.484765 780.002
0.490885 778.285
0.497035 752.662
0.503198 749.655
0.509342 737.986
0.515458 730.712
0.521598 718.403
0.527764 703.603
0.533884 700.557
0.54 681.792
0.546137 674.936
0.552299 668.618
0.558452 658.489
0.564573 653.182
0.570708 639.981
0.576825 631.665
0.582926 623.779
0.589034 619.053
0.595184 609.504
0.601379 601.188
0.607522 594.527
0.613639 585.217
0.619772 579.114
0.625918 574.08
0.632068 562.028
0.638161 561.67
0.6443 552.147
0.650464 547.73
0.656582 538.851
0.662703 535.237
0.668861 527.957
0.675024 517.487
0.681124 517.759
0.687237 509.925
0.693381 501.73
0.699536 498.508
0.705665 495.555
0.711789 486.996
0.717957 478.372
0.72409 475.223
0.730186 472.43
0.736317 465.447
0.742472 462.172
0.748622 460.348
0.75476 452.32
0.760888 446.489
0.767043 440.37
0.773185 436.905
0.779291 435.177
0.785407 427.417
0.791564 424.288
0.797719 418.52
0.803834 414.623
0.809972 411.772
0.816124 406.61
0.822261 403.725
0.828378 397.951
0.834502 393.333
0.840667 390.67
0.846816 388.129
0.852925 381.025
0.859047 378.529
0.865192 372.288
0.871341 369.348
0.877463 366.471
0.883569 363.11
0.889708 360.824
0.895864 355.573
0.902008 352.838
0.908149 350.633
0.914301 344.727
0.920448 343.028
0.926574 337.919
0.932687 336.649
0.938823 332.95
0.944975 326.403
0.951105 323.889
0.957225 322.294
0.963368 319.537
0.969511 316.325
0.975621 310.498
0.981748 308.047
0.987916 305.08
0.99406 303.396
1.00019 299.947
1.00632 295.835
1.01246 293.641
1.01859 292.267
1.02471 288.588
1.03085 284.739
1.03698 281.948
1.04314 279.542
1.04929 276.128
1.05541 273.99
1.06154 271.242
1.06769 269.257
1.07382 265.2
1.07993 263.693
1.08607 262.439
1.09222 258.74
1.09836 257.498
1.10449 254.063
1.11063 251.616
1.11677 248.27
1.1229 245.876
1.12903 244.362
1.13518 241.82
1.14131 238.909
1.14745 237.28
1.15359 234.785
1.15973 231.715
1.16584 230.263
1.17197 227.391
1.17811 224.717
1.18424 222.739
1.19038 220.869
1.19652 219.148
1.20267 216.663
1.20881 215.091
1.21495 213.363
1.22108 210.887
1.2272 208.292
1.23334 206.845
1.23949 205.199
1.24562 202.948
1.25174 200.971
1.25789 198.755
1.26402 197.631
1.27014 194.981
1.27628 193.158
1.28244 192.04
1.28858 189.727
1.29471 187.713
1.30084 185.996
1.30697 185.056
1.31312 182.728
1.31925 181.071
1.32537 179.348
1.33151 177.503
1.33765 175.372
1.34378 173.775
1.34992 172.918
1.35606 171.132
1.3622 169.229
1.36833 168.163
1.37445 166.117
1.38059 164.694
1.38675 163.016
1.39288 161.221
1.39901 160.01
1.40515 158.07
1.4113 157.181
1.41742 155.428
1.42355 154.156
1.4297 152.496
1.43585 151.22
1.44198 149.793
1.44809 148.538
1.45423 146.854
1.46036 146.101
1.46649 144.602
1.47263 142.896
1.47877 141.498
1.48491 140.438
1.49104 139.051
1.49718 137.649
1.50333 136.705
1.50947 135.46
1.5156 134.076
1.52172 132.839
1.52787 131.444
1.534 130.351
1.54013 129.123
1.54627 128.476
1.55241 127.108
1.55855 125.648
1.56467 124.385
1.5708 123.338
