0.00783031 8265.37
0.013688 11884.6
0.019231 11958.7
0.0249154 9116.59
0.0312784 9522.08
0.0375637 9965.09
0.0433917 9611.09
0.0492413 9213.7
0.0555754 9419
0.0619321 8806.59
0.067871 8846.28
0.0738098 8707.81
0.0800417 8500.48
0.0862327 8532.63
0.0921407 8166.65
0.0982031 7982.34
0.104506 7903.65
0.110769 7622.59
0.116806 7355.41
0.122832 7427.97
0.129052 7414.44
0.135211 7170.79
0.141259 7185.25
0.147318 6918.44
0.153489 6670.88
0.159709 6701.83
0.165845 6728.6
0.171974 6603.8
0.178125 6566.63
0.184229 6291.94
0.19034 6214.48
0.196428 6190.55
0.202534 6137.94
0.208729 6131.18
0.214876 5783.24
0.220989 5882.03
0.227147 5789.52
0.23329 5622.65
0.239377 5677.81
0.245482 5583.12
0.251667 5571.8
0.257832 5419.67
0.263955 5355.48
0.270079 5342.43
0.27624 5331.57
0.282372 5222.47
0.28843 5230.98
0.294538 5161.77
0.300721 5202.57
0.30691 5094.37
0.313033 4947.73
0.319153 4999.59
0.325316 4856.08
0.33145 4904.86
0.337538 4894.98
0.343633 4828.04
0.349808 4722.42
0.355968 4750.35
0.362074 4647.45
0.368217 4679.19
0.374374 4622.38
0.380519 4607.86
0.386598 4617.35
0.392688 4579.34
0.39888 4476.62
0.405048 4470.73
0.411186 4507.4
0.417313 4439.6
0.423458 4388.47
0.429607 4438.73
0.435692 4359.31
0.441815 4334.02
0.447964 4330.76
0.454126 4279.34
0.460267 4299.64
0.466387 4268.72
0.47254 4198.05
0.478662 4178.41
0.484765 4203.23
0.490885 4182.27
0.497035 4124.77
0.503198 4110.29
0.509342 4118.63
0.515458 4119.03
0.521598 4059.59
0.527764 4033.95
0.533884 4037.55
0.54 4019.08
0.546137 4030.45
0.552299 3984.77
0.558452 3961.94
0.564573 3972.64
0.570708 3941.78
0.576825 3920.24
0.582926 3913.17
0.589034 3880.43
0.595184 3869.6
0.601379 3852.62
0.607522 3833.69
0.613639 3809.23
0.619772 3804.9
0.625918 3793.2
0.632068 3779.57
0.638161 3751.14
0.6443 3763.54
0.650464 3757.25
0.656582 3735.08
0.662703 3720.77
0.668861 3706.74
0.675024 3687.89
0.681124 3696.05
0.687237 3676.08
0.693381 3650.52
0.699536 3634.57
0.705665 3641.55
0.711789 3624.74
0.717957 3586.63
0.72409 3617.85
0.730186 3595.29
0.736317 3577.07
0.742472 3595.98
0.748622 3599.34
0.75476 3571.98
0.760888 3551.79
0.767043 3538.71
0.773185 3530.87
0.779291 3537.94
0.785407 3506.84
0.791564 3518.83
0.797719 3495.33
0.803834 3477.54
0.809972 3473.47
0.816124 3486.74
0.822261 3458.72
0.828378 3445.44
0.834502 3438.83
0.840667 3428.78
0.846816 3431.08
0.852925 3418.1
0.859047 3420.64
0.865192 3400.11
0.871341 3392.37
0.877463 3390.66
0.883569 3372.95
0.889708 3381.07
0.895864 3359
0.902008 3367.89
0.908149 3345.39
0.914301 3326.49
0.920448 3337.31
0.926574 3324.44
0.932687 3345.41
0.938823 3321.64
0.944975 3288.49
0.951105 3291.58
0.957225 3280.19
0.963368 3285.65
0.969511 3274.77
0.975621 3252.44
0.981748 3246.9
0.987916 3248.03
0.99406 3251.61
1.00019 3234.02
1.00632 3223.47
1.01246 3213.4
1.01859 3227.86
1.02471 3212.91
1.03085 3186.84
1.03698 3192.32
1.04314 3184.12
1.04929 3191.09
1.05541 3174.49
1.06154 3163.14
1.06769 3175.87
1.07382 3152.58
1.07993 3151.27
1.08607 3156.41
1.09222 3141.56
1.09836 3140
1.10449 3127.46
1.11063 3131.34
1.11677 3123.27
1.1229 3101.1
1.12903 3101.88
1.13518 3093.06
1.14131 3088.66
1.14745 3081.83
1.15359 3072.24
1.15973 3062.58
1.16584 3066.85
1.17197 3066.41
1.17811 3050.44
1.18424 3047.13
1.19038 3035.73
1.19652 3042.47
1.20267 3022.11
1.20881 3025.37
1.21495 3018.71
1.22108 3011.9
1.2272 2994.27
1.23334 2996.36
1.23949 2992.55
1.24562 2979.81
1.25174 2979.22
1.25789 2974.56
1.26402 2971.6
1.27014 2958.8
1.27628 2950.09
1.28244 2954.91
1.28858 2951.87
1.29471 2944.07
1.30084 2933.18
1.30697 2933.41
1.31312 2930
1.31925 2916.89
1.32537 2916.72
1.33151 2912.46
1.33765 2887.98
1.34378 2888.92
1.34992 2891.13
1.35606 2890.36
1.3622 2883.14
1.36833 2872.26
1.37445 2870.58
1.38059 2858.75
1.38675 2858.26
1.39288 2849.19
1.39901 2839.58
1.40515 2840.7
1.4113 2840.99
1.41742 2828.45
1.42355 2816.65
1.4297 2822.68
1.43585 2820.59
1.44198 2804.14
1.44809 2800.14
1.45423 2791.49
1.46036 2793.05
1.46649 2789.98
1.47263 2784.47
1.47877 2772.14
1.48491 2773.54
1.49104 2766.42
1.49718 2759.21
1.50333 2749.11
1.50947 2747.44
1.5156 2743.63
1.52172 2734.95
1.52787 2726.12
1.534 2716.14
1.54013 2711.49
1.54627 2718
1.55241 2710.58
1.55855 2709.26
1.56467 2691.14
1.5708 2687.89
