0.00783031 5367.81
0.013688 7567.43
0.019231 7365.04
0.0249154 5374.63
0.0312784 5408.59
0.0375637 5195.49
0.0433917 4888.08
0.0492413 4564.99
0.0555754 4390.86
0.0619321 3722.06
0.067871 3765.08
0.0738098 3427.31
0.0800417 3078.74
0.0862327 2978.93
0.0921407 2936.69
0.0982031 2747.07
0.104506 2589.64
0.110769 2401.54
0.116806 2222
0.122832 2208.62
0.129052 2104.16
0.135211 1918.52
0.141259 1961.42
0.147318 1787.75
0.153489 1661.04
0.159709 1609.86
0.165845 1605.19
0.171974 1550.57
0.178125 1450.36
0.184229 1375.77
0.19034 1315.73
0.196428 1302.65
0.202534 1248.54
0.208729 1258.06
0.214876 1124.91
0.220989 1111.45
0.227147 1092.31
0.23329 1014.28
0.239377 1016.63
0.245482 978.786
0.251667 928.448
0.257832 892.646
0.263955 872.774
0.270079 871.976
0.27624 823.139
0.282372 790.832
0.28843 782.817
0.294538 748.786
0.300721 736.287
0.30691 704.125
0.313033 678.315
0.319153 661.446
0.325316 640.874
0.33145 637.912
0.337538 627.801
0.343633 581.424
0.349808 564.72
0.355968 570.128
0.362074 550.298
0.368217 537.403
0.374374 518.677
0.380519 515.539
0.386598 503.664
0.392688 478.6
0.39888 463.101
0.405048 458.394
0.411186 453.575
0.417313 442.113
0.423458 424.916
0.429607 419.444
0.435692 408.017
0.441815 394.35
0.447964 387.08
0.454126 378.919
0.460267 373.58
0.466387 366.139
0.47254 357.341
0.478662 339.403
0.484765 340.734
0.490885 325.73
0.497035 324.609
0.503198 305.955
0.509342 306.98
0.515458 292.613
0.521598 290.346
0.527764 285.603
0.533884 278.088
0.54 277.947
0.546137 272.763
0.552299 265.765
0.558452 253.414
0.564573 255.235
0.570708 248.581
0.576825 234.719
0.582926 233.391
0.589034 228.708
0.595184 220.903
0.601379 215.828
0.607522 210.466
0.613639 204.498
0.619772 207.747
0.625918 195.351
0.632068 193.21
0.638161 188.198
0.6443 189.51
0.650464 177.32
0.656582 173.754
0.662703 169.106
0.668861 168.685
0.675024 161.71
0.681124 164.345
0.687237 155.742
0.693381 154.539
0.699536 149.171
0.705665 145.327
0.711789 136.028
0.717957 135.745
0.72409 136.971
0.730186 130.815
0.736317 125.143
0.742472 126.838
0.748622 120.677
0.75476 121.246
0.760888 111.446
0.767043 110.32
0.773185 109.401
0.779291 104.273
0.785407 102.615
0.791564 97.7173
0.797719 94.8884
0.803834 94.8826
0.809972 88.3117
0.816124 90.0439
0.822261 85.8312
0.828378 82.6199
0.834502 77.6047
0.840667 76.6906
0.846816 70.8976
0.852925 74.8194
0.859047 71.4164
0.865192 69.7036
0.871341 66.1598
0.877463 65.9926
0.883569 61.3083
0.889708 57.1095
0.895864 55.7007
0.902008 55.4959
0.908149 50.383
0.914301 48.685
0.920448 47.2832
0.926574 46.7835
0.932687 45.2004
0.938823 43.393
0.944975 39.6024
0.951105 35.698
0.957225 37.2733
0.963368 35.399
0.969511 30.5697
0.975621 30.2834
0.981748 28.0461
0.987916 27.9465
0.99406 25.4387
1.00019 23.8834
1.00632 23.8192
1.01246 21.3305
1.01859 18.6408
1.02471 21.468
1.03085 18.5412
1.03698 16.7852
1.04314 13.6675
1.04929 13.7329
1.05541 10.899
1.06154 8.71947
1.06769 8.94432
1.07382 7.57804
1.07993 4.13323
1.08607 3.20906
1.09222 5.37623
1.09836 1.92872
1.10449 -1.91217
1.11063 -0.826907
1.11677 -0.820173
1.1229 -4.66672
1.12903 -3.82152
1.13518 -4.51298
1.14131 -3.14878
1.14745 -6.7615
1.15359 -7.93205
1.15973 -7.0343
1.16584 -9.12761
1.17197 -9.35421
1.17811 -12.7705
1.18424 -12.9424
1.19038 -14.5562
1.19652 -15.0149
1.20267 -14.8755
1.20881 -17.9259
1.21495 -17.9506
1.22108 -18.6382
1.2272 -17.6064
1.23334 -20.6421
1.23949 -21.5261
1.24562 -22.7244
1.25174 -21.9383
1.25789 -22.5505
1.26402 -24.757
1.27014 -26.0529
1.27628 -25.3741
1.28244 -26.4104
1.28858 -27.0787
1.29471 -26.8512
1.30084 -28.1254
1.30697 -27.8981
1.31312 -27.5342
1.31925 -31.707
1.32537 -29.7723
1.33151 -30.5393
1.33765 -30.6998
1.34378 -31.5121
1.34992 -32.4048
1.35606 -33.7523
1.3622 -34.8303
1.36833 -34.7926
1.37445 -33.641
1.38059 -35.4905
1.38675 -35.5715
1.39288 -36.4661
1.39901 -36.0117
1.40515 -35.5148
1.4113 -37.4981
1.41742 -37.8597
1.42355 -39.436
1.4297 -37.2113
1.43585 -39.9039
1.44198 -39.1752
1.44809 -39.9303
1.45423 -39.8786
1.46036 -41.4157
1.46649 -42.7082
1.47263 -42.2299
1.47877 -40.819
1.48491 -42.3529
1.49104 -43.3977
1.49718 -43.1902
1.50333 -44.2637
1.50947 -42.9797
1.5156 -44.237
1.52172 -43.507
1.52787 -44.9149
1.534 -45.3809
1.54013 -44.2465
1.54627 -44.6322
1.55241 -45.4655
1.55855 -44.6598
1.56467 -45.3897
1.5708 -46.3459
