0.00783031 753.288
0.013688 -4987.07
0.019231 -131.896
0.0249154 -314.344
0.0312784 -534.872
0.0375637 946.465
0.0433917 -349.091
0.0492413 207.656
0.0555754 1037.34
0.0619321 991.388
0.067871 779.892
0.0738098 915.04
0.0800417 1678.88
0.0862327 1211.47
0.0921407 1577.81
0.0982031 1537.85
0.104506 1641.96
0.110769 1397.5
0.116806 1580.35
0.122832 1600.81
0.129052 1622.48
0.135211 1841.62
0.141259 1800.79
0.147318 1864.26
0.153489 1867.48
0.159709 1840.01
0.165845 1944.62
0.171974 1984.52
0.178125 1973.19
0.184229 1859.93
0.19034 2043.52
0.196428 1962.6
0.202534 1992.45
0.208729 2020.22
0.214876 2041.38
0.220989 2030.19
0.227147 2047.99
0.23329 2016.69
0.239377 1962.66
0.245482 2004.04
0.251667 2050.51
0.257832 2006.15
0.263955 2023.45
0.270079 2055.04
0.27624 2041.94
0.282372 2054.2
0.28843 2025.46
0.294538 2033.39
0.300721 2026.23
0.30691 1973.84
0.313033 2012.6
0.319153 2035.08
0.325316 2004.14
0.33145 1980.21
0.337538 1992.84
0.343633 2010.08
0.349808 1980.57
0.355968 2008.75
0.362074 1996.61
0.368217 1988.62
0.374374 1996.26
0.380519 1962.8
0.386598 1952.49
0.392688 1938.86
0.39888 1959.61
0.405048 1937.16
0.411186 1940.45
0.417313 1908.45
0.423458 1941.7
0.429607 1971.91
0.435692 1912.51
0.441815 1928.75
0.447964 1940.58
0.454126 1902.14
0.460267 1893.35
0.466387 1901.24
0.47254 1920.59
0.478662 1887.42
0.484765 1895.12
0.490885 1872.84
0.497035 1883.27
0.503198 1871.78
0.509342 1882.75
0.515458 1869.55
0.521598 1871.52
0.527764 1872.51
0.533884 1856.85
0.54 1849.45
0.546137 1835.37
0.552299 1844.25
0.558452 1829.78
0.564573 1818.98
0.570708 1824.5
0.576825 1837.58
0.582926 1810.89
0.589034 1810.73
0.595184 1800.3
0.601379 1798.15
0.607522 1799.93
0.613639 1790.36
0.619772 1781.33
0.625918 1786.72
0.632068 1771.41
0.638161 1749.97
0.6443 1762.52
0.650464 1757.6
0.656582 1755.82
0.662703 1732.75
0.668861 1725.9
0.675024 1728.7
0.681124 1713.83
0.687237 1716.17
0.693381 1709.73
0.699536 1701.49
0.705665 1701.49
0.711789 1694.77
0.717957 1681.63
0.72409 1676.42
0.730186 1666.93
0.736317 1668.85
0.742472 1660.69
0.748622 1649.22
0.75476 1647.65
0.760888 1644.76
0.767043 1643.43
0.773185 1634.16
0.779291 1620.79
0.785407 1626.74
0.791564 1611.7
0.797719 1605.02
0.803834 1593.86
0.809972 1592.91
0.816124 1591.82
0.822261 1585.09
0.828378 1574.17
0.834502 1563.37
0.840667 1567.5
0.846816 1557.48
0.852925 1551.03
0.859047 1537.27
0.865192 1530.44
0.871341 1526.76
0.877463 1525.4
0.883569 1515.55
0.889708 1513
0.895864 1505.83
0.902008 1504.48
0.908149 1495.59
0.914301 1491.17
0.920448 1484.03
0.926574 1471.61
0.932687 1475.3
0.938823 1466.65
0.944975 1463.2
0.951105 1456.85
0.957225 1450.1
0.963368 1441.58
0.969511 1441.77
0.975621 1432.55
0.981748 1425.22
0.987916 1417.54
0.99406 1414.17
1.00019 1407.57
1.00632 1410.68
1.01246 1398.34
1.01859 1386.67
1.02471 1386.17
1.03085 1377.07
1.03698 1378.48
1.04314 1370.65
1.04929 1365.39
1.05541 1360.95
1.06154 1352.45
1.06769 1341.82
1.07382 1341.32
1.07993 1337.9
1.08607 1328.17
1.09222 1325.57
1.09836 1321.98
1.10449 1303.5
1.11063 1306.82
1.11677 1301.1
1.1229 1296.42
1.12903 1288.82
1.13518 1279.59
1.14131 1273.75
1.14745 1268.18
1.15359 1265.53
1.15973 1260.17
1.16584 1251.07
1.17197 1247.34
1.17811 1243.18
1.18424 1238.69
1.19038 1235.99
1.19652 1226.83
1.20267 1222.97
1.20881 1217.27
1.21495 1210.64
1.22108 1201.83
1.2272 1201.41
1.23334 1193.64
1.23949 1187.11
1.24562 1181.63
1.25174 1175.61
1.25789 1174.22
1.26402 1166.24
1.27014 1163.33
1.27628 1154.97
1.28244 1152.61
1.28858 1144.34
1.29471 1143.27
1.30084 1132.96
1.30697 1132.75
1.31312 1123.3
1.31925 1117.28
1.32537 1116.51
1.33151 1107.94
1.33765 1104.29
1.34378 1099.01
1.34992 1092.32
1.35606 1089.83
1.3622 1082.64
1.36833 1076.57
1.37445 1069.67
1.38059 1068.97
1.38675 1062.44
1.39288 1059.65
1.39901 1056.67
1.40515 1044.21
1.4113 1045.52
1.41742 1039.74
1.42355 1032.62
1.4297 1027.42
1.43585 1024.21
1.44198 1014.99
1.44809 1014.53
1.45423 1008.17
1.46036 1008.59
1.46649 1001.47
1.47263 994.451
1.47877 993.85
1.48491 987.752
1.49104 984.244
1.49718 978.355
1.50333 974.537
1.50947 970.008
1.5156 966.378
1.52172 965.099
1.52787 958.673
1.534 953.899
1.54013 948.037
1.54627 942.85
1.55241 941.021
1.55855 935.793
1.56467 931.546
1.5708 929.895
