0.00783031 3089.73
0.013688 671.772
0.019231 545.345
0.0249154 737.59
0.0312784 571.856
0.0375637 -127.23
0.0433917 277.038
0.0492413 152.102
0.0555754 -312.287
0.0619321 -297.648
0.067871 -25.8303
0.0738098 27.1381
0.0800417 -186.193
0.0862327 -116.203
0.0921407 -174.785
0.0982031 -46.6456
0.104506 -117.407
0.110769 -162.329
0.116806 -125.856
0.122832 -68.985
0.129052 -134.237
0.135211 -115.311
0.141259 -120.438
0.147318 -157.942
0.153489 -155.416
0.159709 -137.561
0.165845 -119.159
0.171974 -115.63
0.178125 -144.786
0.184229 -117.568
0.19034 -140.786
0.196428 -106.934
0.202534 -147.05
0.208729 -132.02
0.214876 -120.973
0.220989 -115.592
0.227147 -125.621
0.23329 -119.048
0.239377 -105.737
0.245482 -130.832
0.251667 -144.829
0.257832 -120.36
0.263955 -114.194
0.270079 -125.218
0.27624 -115.636
0.282372 -118.736
0.28843 -104.106
0.294538 -106.263
0.300721 -107.252
0.30691 -111.285
0.313033 -110.28
0.319153 -104.344
0.325316 -104.312
0.33145 -113.139
0.337538 -110.724
0.343633 -102.224
0.349808 -101.385
0.355968 -99.5994
0.362074 -97.3996
0.368217 -101.385
0.374374 -99.4842
0.380519 -100.322
0.386598 -95.7019
0.392688 -104.404
0.39888 -104.031
0.405048 -99.3941
0.411186 -97.6767
0.417313 -100.826
0.423458 -93.1451
0.429607 -90.4055
0.435692 -93.2849
0.441815 -96.3196
0.447964 -95.265
0.454126 -92.7846
0.460267 -90.7008
0.466387 -91.6776
0.47254 -94.1426
0.478662 -86.3001
0.484765 -89.4466
0.490885 -82.5452
0.497035 -88.2911
0.503198 -91.2852
0.509342 -85.3025
0.515458 -86.8605
0.521598 -85.9352
0.527764 -84.2587
0.533884 -84.483
0.54 -84.4313
0.546137 -87.1521
0.552299 -82.0167
0.558452 -81.8427
0.564573 -87.4248
0.570708 -80.8124
0.576825 -80.9671
0.582926 -80.9473
0.589034 -82.002
0.595184 -83.868
0.601379 -80.3545
0.607522 -82.2043
0.613639 -80.8037
0.619772 -78.8162
0.625918 -79.23
0.632068 -77.7761
0.638161 -79.6051
0.6443 -78.8648
0.650464 -79.3939
0.656582 -78.05
0.662703 -78.5304
0.668861 -75.1013
0.675024 -75.5851
0.681124 -76.2651
0.687237 -75.9629
0.693381 -73.4517
0.699536 -72.1129
0.705665 -75.0933
0.711789 -73.9724
0.717957 -74.6885
0.72409 -72.3106
0.730186 -73.2776
0.736317 -73.802
0.742472 -72.3435
0.748622 -71.7816
0.75476 -71.8617
0.760888 -70.7231
0.767043 -71.7869
0.773185 -71.8204
0.779291 -69.8356
0.785407 -71.0317
0.791564 -70.2345
0.797719 -70.0172
0.803834 -68.5524
0.809972 -69.636
0.816124 -68.1252
0.822261 -69.4628
0.828378 -68.5944
0.834502 -68.2064
0.840667 -66.9744
0.846816 -67.1662
0.852925 -68.5673
0.859047 -67.0863
0.865192 -66.5205
0.871341 -67.3313
0.877463 -66.9396
0.883569 -65.6736
0.889708 -66.231
0.895864 -65.9264
0.902008 -65.2297
0.908149 -65.732
0.914301 -65.5978
0.920448 -64.8933
0.926574 -63.7009
0.932687 -64.5462
0.938823 -64.3154
0.944975 -63.4614
0.951105 -64.084
0.957225 -63.3719
0.963368 -62.576
0.969511 -61.8917
0.975621 -62.955
0.981748 -62.0549
0.987916 -61.7367
0.99406 -61.141
1.00019 -62.4032
1.00632 -60.9032
1.01246 -61.1333
1.01859 -60.4384
1.02471 -60.7935
1.03085 -59.4517
1.03698 -59.8737
1.04314 -60.6261
1.04929 -59.4604
1.05541 -59.0763
1.06154 -57.9421
1.06769 -59.1306
1.07382 -57.9094
1.07993 -58.353
1.08607 -58.1107
1.09222 -57.9758
1.09836 -58.3964
1.10449 -57.3076
1.11063 -57.7092
1.11677 -57.6809
1.1229 -56.7664
1.12903 -56.9628
1.13518 -56.7443
1.14131 -56.479
1.14745 -56.4248
1.15359 -55.8711
1.15973 -56.0466
1.16584 -55.8273
1.17197 -55.7381
1.17811 -55.2007
1.18424 -54.4699
1.19038 -54.5215
1.19652 -54.9412
1.20267 -54.0813
1.20881 -54.1021
1.21495 -54.3256
1.22108 -54.3362
1.2272 -53.6963
1.23334 -53.6285
1.23949 -53.3508
1.24562 -52.9656
1.25174 -52.7979
1.25789 -52.5753
1.26402 -52.2102
1.27014 -52.3955
1.27628 -52.0647
1.28244 -51.5612
1.28858 -51.6791
1.29471 -51.0418
1.30084 -51.3581
1.30697 -50.7761
1.31312 -50.6124
1.31925 -50.9521
1.32537 -50.3476
1.33151 -50.6648
1.33765 -50.0165
1.34378 -49.5131
1.34992 -49.7596
1.35606 -49.6503
1.3622 -48.9234
1.36833 -49.1775
1.37445 -49.0453
1.38059 -49.1419
1.38675 -48.6689
1.39288 -48.8863
1.39901 -48.2655
1.40515 -48.1345
1.4113 -47.5871
1.41742 -47.9051
1.42355 -47.3471
1.4297 -47.2059
1.43585 -46.9252
1.44198 -47.0189
1.44809 -47.0524
1.45423 -46.2568
1.46036 -46.6463
1.46649 -46.2492
1.47263 -46.01
1.47877 -46.3007
1.48491 -45.8099
1.49104 -45.3592
1.49718 -45.232
1.50333 -44.7587
1.50947 -45.2329
1.5156 -44.8125
1.52172 -44.708
1.52787 -44.6986
1.534 -44.4967
1.54013 -44.2007
1.54627 -44.3513
1.55241 -44.3594
1.55855 -44.0549
1.56467 -43.5741
1.5708 -43.812
