0.00783031 -0.724998
0.013688 0.639658
0.019231 -0.359919
0.0249154 0.819532
0.0312784 -2.58764
0.0375637 -2.94286
0.0433917 2.32181
0.0492413 6.15476
0.0555754 4.61948
0.0619321 5.87993
0.067871 8.84289
0.0738098 10.709
0.0800417 10.32
0.0862327 10.6084
0.0921407 12.0879
0.0982031 12.126
0.104506 12.3851
0.110769 13.6909
0.116806 16.4626
0.122832 15.9035
0.129052 17.2298
0.135211 20.3734
0.141259 19.4376
0.147318 20.8095
0.153489 23.0026
0.159709 23.962
0.165845 24.1358
0.171974 23.7571
0.178125 26.9381
0.184229 27.1228
0.19034 28.6126
0.196428 29.86
0.202534 29.1292
0.208729 30.4455
0.214876 31.4948
0.220989 33.1157
0.227147 33.1426
0.23329 33.8244
0.239377 35.4127
0.245482 36.5942
0.251667 37.0731
0.257832 36.2816
0.263955 36.7741
0.270079 38.2224
0.27624 38.7443
0.282372 39.6763
0.28843 40.4967
0.294538 41.0294
0.300721 41.3158
0.30691 43.0344
0.313033 43.4995
0.319153 43.3288
0.325316 43.8369
0.33145 44.9894
0.337538 44.9359
0.343633 45.803
0.349808 47.0983
0.355968 46.8859
0.362074 47.1946
0.368217 47.6298
0.374374 48.415
0.380519 48.4637
0.386598 49.6408
0.392688 48.6413
0.39888 49.7971
0.405048 50.6719
0.411186 51.4791
0.417313 50.7289
0.423458 51.3119
0.429607 51.2945
0.435692 52.4714
0.441815 52.2805
0.447964 52.924
0.454126 53.1022
0.460267 53.2492
0.466387 53.2291
0.47254 54.0957
0.478662 54.6916
0.484765 54.6215
0.490885 55.1593
0.497035 54.9769
0.503198 55.6311
0.509342 55.1391
0.515458 55.5598
0.521598 55.5667
0.527764 56.062
0.533884 56.8382
0.54 56.0364
0.546137 56.5748
0.552299 56.2522
0.558452 57.5561
0.564573 57.1663
0.570708 57.7198
0.576825 57.0176
0.582926 58.2663
0.589034 57.9486
0.595184 57.5657
0.601379 57.4065
0.607522 57.6976
0.613639 58.9593
0.619772 58.4122
0.625918 58.9414
0.632068 58.8655
0.638161 59.1537
0.6443 58.2035
0.650464 58.3549
0.656582 58.3574
0.662703 57.8516
0.668861 58.1283
0.675024 59.1728
0.681124 58.7702
0.687237 58.4142
0.693381 58.8707
0.699536 58.3849
0.705665 58.5966
0.711789 58.9382
0.717957 58.1488
0.72409 58.649
0.730186 58.2743
0.736317 58.0919
0.742472 57.5488
0.748622 57.6968
0.75476 57.368
0.760888 57.549
0.767043 57.6908
0.773185 57.3858
0.779291 57.2321
0.785407 56.8757
0.791564 56.7701
0.797719 56.9412
0.803834 56.4495
0.809972 56.9926
0.816124 56.5862
0.822261 56.5973
0.828378 55.9923
0.834502 55.6665
0.840667 56.4574
0.846816 55.5441
0.852925 55.3836
0.859047 55.1137
0.865192 54.8028
0.871341 54.2438
0.877463 54.579
0.883569 54.8114
0.889708 54.0016
0.895864 53.669
0.902008 52.9941
0.908149 53.3039
0.914301 52.8265
0.920448 53.0326
0.926574 52.6839
0.932687 52.6008
0.938823 52.6478
0.944975 52.0745
0.951105 51.8398
0.957225 51.6029
0.963368 50.877
0.969511 51.1916
0.975621 50.8489
0.981748 50.6989
0.987916 50.0162
0.99406 49.4809
1.00019 49.4
1.00632 49.6265
1.01246 49.1012
1.01859 49.03
1.02471 48.6352
1.03085 48.2163
1.03698 48.1972
1.04314 47.8881
1.04929 47.4216
1.05541 46.9694
1.06154 46.9037
1.06769 46.3646
1.07382 46.3833
1.07993 45.6279
1.08607 45.4267
1.09222 45.3095
1.09836 45.2911
1.10449 44.8927
1.11063 44.3682
1.11677 44.5892
1.1229 44.5919
1.12903 43.4207
1.13518 43.6068
1.14131 43.5082
1.14745 43.2662
1.15359 42.5867
1.15973 42.2202
1.16584 42.1245
1.17197 41.8691
1.17811 41.9108
1.18424 41.3027
1.19038 40.9464
1.19652 40.8537
1.20267 40.8623
1.20881 40.2574
1.21495 40.053
1.22108 39.8471
1.2272 39.8558
1.23334 39.2576
1.23949 38.9466
1.24562 38.8103
1.25174 38.2044
1.25789 38.5615
1.26402 38.2761
1.27014 38.045
1.27628 37.5486
1.28244 37.2655
1.28858 36.8098
1.29471 36.8093
1.30084 36.5778
1.30697 36.4025
1.31312 35.9412
1.31925 35.3863
1.32537 35.4359
1.33151 35.3819
1.33765 35.3706
1.34378 34.6235
1.34992 34.4561
1.35606 34.3493
1.3622 34.279
1.36833 34.3296
1.37445 34.0442
1.38059 33.7995
1.38675 33.3021
1.39288 32.7743
1.39901 33.1927
1.40515 32.6947
1.4113 32.7743
1.41742 32.3162
1.42355 32.1389
1.4297 31.9908
1.43585 32.1381
1.44198 31.3912
1.44809 31.3881
1.45423 31.2896
1.46036 30.9038
1.46649 30.8299
1.47263 30.7631
1.47877 30.38
1.48491 30.5226
1.49104 30.1534
1.49718 30.0848
1.50333 29.7464
1.50947 29.7745
1.5156 29.7399
1.52172 29.2553
1.52787 28.8161
1.534 28.8237
1.54013 28.8616
1.54627 28.3826
1.55241 28.3164
1.55855 28.2834
1.56467 28.4006
1.5708 27.667
