0.00783031 -181.149
0.013688 -236.322
0.019231 -234.561
0.0249154 -223.892
0.0312784 -206.206
0.0375637 -174.866
0.0433917 -172.357
0.0492413 -159.109
0.0555754 -146.969
0.0619321 -145.893
0.067871 -153.904
0.0738098 -152.249
0.0800417 -141.886
0.0862327 -133.919
0.0921407 -131.946
0.0982031 -126.865
0.104506 -124.397
0.110769 -120.211
0.116806 -124.624
0.122832 -121.328
0.129052 -126.861
0.135211 -125.261
0.141259 -124.318
0.147318 -125.874
0.153489 -122.449
0.159709 -120.139
0.165845 -122.607
0.171974 -117.17
0.178125 -122.36
0.184229 -123.17
0.19034 -121.797
0.196428 -123.94
0.202534 -125.547
0.208729 -124.157
0.214876 -122.834
0.220989 -126.582
0.227147 -122.411
0.23329 -126.479
0.239377 -125.168
0.245482 -127.086
0.251667 -126.269
0.257832 -123.682
0.263955 -125.246
0.270079 -125.985
0.27624 -126.44
0.282372 -125.648
0.28843 -128.918
0.294538 -129.152
0.300721 -128.25
0.30691 -128.133
0.313033 -127.623
0.319153 -129.92
0.325316 -128.628
0.33145 -130.901
0.337538 -129.112
0.343633 -128.707
0.349808 -130.985
0.355968 -131.204
0.362074 -129.763
0.368217 -130.045
0.374374 -129.814
0.380519 -127.777
0.386598 -130.793
0.392688 -129.335
0.39888 -130.364
0.405048 -130.418
0.411186 -131.126
0.417313 -130.187
0.423458 -130.868
0.429607 -130.336
0.435692 -130.016
0.441815 -131.946
0.447964 -131.292
0.454126 -130.919
0.460267 -130.527
0.466387 -131.129
0.47254 -130.536
0.478662 -130.992
0.484765 -132.364
0.490885 -133.879
0.497035 -132.179
0.503198 -131.888
0.509342 -131.143
0.515458 -131.346
0.521598 -133.87
0.527764 -132.6
0.533884 -133.348
0.54 -131.359
0.546137 -132.389
0.552299 -133.083
0.558452 -133.836
0.564573 -132.388
0.570708 -134.476
0.576825 -133.296
0.582926 -135.616
0.589034 -133.566
0.595184 -132.846
0.601379 -132.628
0.607522 -133.371
0.613639 -133.359
0.619772 -133.021
0.625918 -133.484
0.632068 -133.869
0.638161 -133.911
0.6443 -133.635
0.650464 -132.084
0.656582 -133.766
0.662703 -132.007
0.668861 -132.927
0.675024 -134.787
0.681124 -133.53
0.687237 -132.983
0.693381 -133.056
0.699536 -134.167
0.705665 -132.632
0.711789 -132.285
0.717957 -133.083
0.72409 -132.982
0.730186 -132.809
0.736317 -132.118
0.742472 -130.739
0.748622 -134.18
0.75476 -131.645
0.760888 -133.292
0.767043 -131.88
0.773185 -134.567
0.779291 -131.601
0.785407 -132.796
0.791564 -132.803
0.797719 -132.713
0.803834 -133.162
0.809972 -133.024
0.816124 -133.918
0.822261 -131.647
0.828378 -133.531
0.834502 -133.145
0.840667 -133.418
0.846816 -131.935
0.852925 -131.983
0.859047 -131.509
0.865192 -132.306
0.871341 -131.689
0.877463 -133.021
0.883569 -131.745
0.889708 -131.921
0.895864 -131.382
0.902008 -131.432
0.908149 -133.365
0.914301 -132.077
0.920448 -131.618
0.926574 -131.924
0.932687 -131.061
0.938823 -132.434
0.944975 -132.604
0.951105 -131.436
0.957225 -132.359
0.963368 -131.07
0.969511 -131.817
0.975621 -131.811
0.981748 -132.316
0.987916 -132.19
0.99406 -130.381
1.00019 -130.98
1.00632 -132.704
1.01246 -131.85
1.01859 -132.207
1.02471 -131.776
1.03085 -130.687
1.03698 -130.586
1.04314 -130.768
1.04929 -131.418
1.05541 -130.639
1.06154 -130.942
1.06769 -131.307
1.07382 -130.504
1.07993 -130.218
1.08607 -130.196
1.09222 -130.596
1.09836 -131.024
1.10449 -129.722
1.11063 -129.514
1.11677 -129.725
1.1229 -130.14
1.12903 -129.617
1.13518 -130.066
1.14131 -130.416
1.14745 -129.351
1.15359 -129.395
1.15973 -128.855
1.16584 -129.293
1.17197 -128.903
1.17811 -128.742
1.18424 -129.05
1.19038 -128.913
1.19652 -128.574
1.20267 -129.156
1.20881 -128.872
1.21495 -128.553
1.22108 -127.735
1.2272 -128.328
1.23334 -127.73
1.23949 -127.703
1.24562 -128.173
1.25174 -127.367
1.25789 -128.106
1.26402 -128.254
1.27014 -127.719
1.27628 -126.725
1.28244 -127.531
1.28858 -126.815
1.29471 -127.003
1.30084 -126.265
1.30697 -126.921
1.31312 -126.226
1.31925 -125.173
1.32537 -126.492
1.33151 -125.468
1.33765 -125.237
1.34378 -125.35
1.34992 -125.338
1.35606 -125.734
1.3622 -124.312
1.36833 -125.955
1.37445 -125.948
1.38059 -124.698
1.38675 -124.69
1.39288 -124.133
1.39901 -124.152
1.40515 -124.982
1.4113 -124.149
1.41742 -124.049
1.42355 -123.678
1.4297 -123.342
1.43585 -123.582
1.44198 -123.247
1.44809 -123.683
1.45423 -123.538
1.46036 -123.095
1.46649 -122.937
1.47263 -122.095
1.47877 -122.355
1.48491 -122.127
1.49104 -122.787
1.49718 -121.279
1.50333 -122.473
1.50947 -122.126
1.5156 -122.435
1.52172 -121.286
1.52787 -120.787
1.534 -121.517
1.54013 -121.178
1.54627 -120.751
1.55241 -120.477
1.55855 -120.087
1.56467 -120.042
1.5708 -119.578
