0.00783031 -1771.35
0.013688 765.935
0.019231 179.565
0.0249154 902.89
0.0312784 417.762
0.0375637 -952.098
0.0433917 107.845
0.0492413 -141.381
0.0555754 -51.5967
0.0619321 -248.164
0.067871 32.4559
0.0738098 123.443
0.0800417 -284.942
0.0862327 -109.232
0.0921407 -248.675
0.0982031 -274.778
0.104506 -145.857
0.110769 -142.191
0.116806 -123.054
0.122832 -189.419
0.129052 -220.853
0.135211 -207.619
0.141259 -166.848
0.147318 -133.174
0.153489 -141.937
0.159709 -147.87
0.165845 -173.35
0.171974 -175.128
0.178125 -179.504
0.184229 -159.872
0.19034 -169.47
0.196428 -147.954
0.202534 -167.852
0.208729 -136.867
0.214876 -150.824
0.220989 -168.363
0.227147 -143.95
0.23329 -146.153
0.239377 -158.763
0.245482 -132.1
0.251667 -138.614
0.257832 -140.835
0.263955 -139.426
0.270079 -142.277
0.27624 -150.913
0.282372 -128.492
0.28843 -134.622
0.294538 -133.801
0.300721 -137.961
0.30691 -127.651
0.313033 -125.718
0.319153 -130.044
0.325316 -120.675
0.33145 -127.257
0.337538 -126.964
0.343633 -124.082
0.349808 -120.031
0.355968 -115.026
0.362074 -114.955
0.368217 -111.2
0.374374 -116.931
0.380519 -115.959
0.386598 -111.43
0.392688 -113.856
0.39888 -111.752
0.405048 -109.857
0.411186 -110.478
0.417313 -105.99
0.423458 -105.966
0.429607 -109.868
0.435692 -105.179
0.441815 -97.6307
0.447964 -105.079
0.454126 -102.742
0.460267 -97.1966
0.466387 -96.5092
0.47254 -100.887
0.478662 -97.3063
0.484765 -98.9349
0.490885 -98.962
0.497035 -97.0969
0.503198 -97.6674
0.509342 -95.8452
0.515458 -95.4035
0.521598 -91.5217
0.527764 -91.9447
0.533884 -93.5117
0.54 -92.1974
0.546137 -92.2699
0.552299 -90.9174
0.558452 -87.2171
0.564573 -89.4055
0.570708 -88.7419
0.576825 -85.0433
0.582926 -86.6425
0.589034 -85.4602
0.595184 -86.2938
0.601379 -84.2542
0.607522 -83.4689
0.613639 -83.6
0.619772 -82.8477
0.625918 -81.3391
0.632068 -81.179
0.638161 -79.4051
0.6443 -79.8793
0.650464 -79.3629
0.656582 -78.798
0.662703 -80.048
0.668861 -78.3978
0.675024 -77.765
0.681124 -76.7638
0.687237 -76.9235
0.693381 -75.625
0.699536 -75.1053
0.705665 -76.1054
0.711789 -76.244
0.717957 -72.8406
0.72409 -74.7269
0.730186 -73.2476
0.736317 -74.2905
0.742472 -72.9473
0.748622 -72.5272
0.75476 -71.0152
0.760888 -72.6256
0.767043 -70.834
0.773185 -70.1706
0.779291 -70.0383
0.785407 -70.7068
0.791564 -70.0042
0.797719 -69.3163
0.803834 -71.2064
0.809972 -69.7813
0.816124 -67.8931
0.822261 -67.9552
0.828378 -68.0814
0.834502 -66.7359
0.840667 -66.7574
0.846816 -66.214
0.852925 -66.6443
0.859047 -66.0142
0.865192 -65.985
0.871341 -65.8606
0.877463 -65.1036
0.883569 -64.8527
0.889708 -64.3102
0.895864 -63.6404
0.902008 -62.2716
0.908149 -62.4145
0.914301 -63.02
0.920448 -63.0091
0.926574 -61.4626
0.932687 -62.1505
0.938823 -60.0647
0.944975 -61.1614
0.951105 -59.8703
0.957225 -60.2838
0.963368 -58.7404
0.969511 -59.4304
0.975621 -58.5071
0.981748 -58.9239
0.987916 -58.1032
0.99406 -58.3757
1.00019 -57.9548
1.00632 -57.3761
1.01246 -57.2307
1.01859 -57.3984
1.02471 -56.0663
1.03085 -56.4731
1.03698 -55.9635
1.04314 -55.3091
1.04929 -54.6647
1.05541 -55.333
1.06154 -53.9529
1.06769 -54.9602
1.07382 -53.6851
1.07993 -53.523
1.08607 -53.9305
1.09222 -53.0967
1.09836 -52.5868
1.10449 -52.756
1.11063 -51.6115
1.11677 -51.6975
1.1229 -51.79
1.12903 -51.0196
1.13518 -50.3358
1.14131 -50.7094
1.14745 -50.5791
1.15359 -49.9361
1.15973 -49.8441
1.16584 -49.5786
1.17197 -48.7991
1.17811 -49.1673
1.18424 -48.3748
1.19038 -48.1763
1.19652 -47.7656
1.20267 -47.6791
1.20881 -47.0679
1.21495 -47.4795
1.22108 -46.8691
1.2272 -46.3555
1.23334 -46.5396
1.23949 -46.2633
1.24562 -46.6635
1.25174 -45.9782
1.25789 -45.7963
1.26402 -45.3033
1.27014 -44.9015
1.27628 -44.6744
1.28244 -44.5629
1.28858 -44.4778
1.29471 -44.0377
1.30084 -43.8608
1.30697 -43.3178
1.31312 -43.1309
1.31925 -42.6446
1.32537 -42.851
1.33151 -42.4816
1.33765 -42.2075
1.34378 -42.0022
1.34992 -41.4318
1.35606 -41.2887
1.3622 -41.366
1.36833 -41.2728
1.37445 -40.6956
1.38059 -40.57
1.38675 -40.1874
1.39288 -40.2137
1.39901 -39.6802
1.40515 -39.4832
1.4113 -39.0607
1.41742 -39.5264
1.42355 -38.8927
1.4297 -38.5486
1.43585 -38.1377
1.44198 -38.1668
1.44809 -38.123
1.45423 -37.435
1.46036 -37.4626
1.46649 -37.5629
1.47263 -37.2159
1.47877 -37.1171
1.48491 -36.7262
1.49104 -36.3623
1.49718 -36.1854
1.50333 -35.9264
1.50947 -35.8193
1.5156 -35.5778
1.52172 -35.4236
1.52787 -35.3352
1.534 -35.0257
1.54013 -34.765
1.54627 -34.8001
1.55241 -34.4654
1.55855 -34.2657
1.56467 -33.8347
1.5708 -33.8245
