#  k  (h/Mpc)          P(k)  (Mpc/h)^3     P_linear(k)   P_NL(k) (Mpc/h)^3
     0.00783031         20494.9         20513.5           20402 
       0.013688         25092.9         25365.8         25170.4 
       0.019231         25453.2         25635.4         25378.2 
      0.0249154         23212.5         23617.7         23341.1 
      0.0312784         19962.4         20361.8         20072.2 
      0.0375637         16978.2         17287.6         17029.1 
      0.0433917         14511.2         15046.4         14768.3 
      0.0492413         13385.6         13439.5         13172.6 
      0.0555754         12110.5         12280.2         12034.8 
      0.0619321         11139.6         11423.3         11182.2 
       0.067871         10653.7         10674.3         10455.7 
      0.0738098          9138.3         9842.08         9530.37 
      0.0800417         8617.03         8856.08         8604.23 
      0.0862327         7705.33         7841.33          7739.8 
      0.0921407         7007.71         6940.55         6884.81 
      0.0982031         6129.38         6164.83         6243.98 
       0.104506          5643.9         5561.75         5737.32 
       0.110769         5222.23         5155.89         5263.08 
       0.116806         4829.04         4889.47         4964.46 
       0.122832          4765.6         4677.07         4752.13 
       0.129052         4469.32         4453.97         4522.27 
       0.135211         4184.11         4193.92         4269.83 
       0.141259         3967.16         3896.12         4050.54 
       0.147318          3737.1         3576.26         3807.16 
       0.153489         3435.73          3260.5         3472.32 
       0.159709         3147.04         2982.04         3265.67 
       0.165845          3103.3         2764.14         3130.37 
       0.171974         2923.67         2604.93         2961.41 
       0.178125         2819.61          2488.7         2879.78 
       0.184229         2665.87          2396.6         2743.09 
        0.19034         2597.46         2308.28         2640.78 
       0.196428         2476.18         2211.01            2533 
       0.202534         2386.74         2098.34         2448.32 
       0.208729         2245.27         1971.83          2315.9 
       0.214876          2179.5         1845.05         2253.38 
       0.220989         2121.37         1727.42         2179.44 
       0.227147         2018.93          1625.3         2105.71 
        0.23329         1952.54          1542.2         2040.86 
       0.239377         1870.41         1476.79         1962.14 
       0.245482         1815.13         1423.17         1881.11 
       0.251667         1809.03         1374.77          1839.5 
       0.257832         1715.24         1326.38         1781.24 
       0.263955         1648.95         1274.55         1732.73 
       0.270079         1625.01         1218.63         1683.96 
        0.27624         1553.61         1160.63         1632.19 
       0.282372         1527.54         1104.16         1604.22 
        0.28843         1498.91         1052.29         1569.55 
       0.294538         1438.04         1005.98         1521.93 
       0.300721         1409.49         965.772         1476.82 
        0.30691         1361.67         931.185         1457.29 
       0.313033         1343.09         900.669         1412.21 
       0.319153         1314.61         871.904         1373.99 
       0.325316          1288.1         843.127         1354.28 
        0.33145         1234.21         813.802         1308.65 
       0.337538         1218.15         783.968         1289.04 
       0.343633         1202.45         754.209         1273.23 
       0.349808         1158.99         725.137         1252.72 
       0.355968         1129.69         698.007         1228.96 
       0.362074         1102.82         673.396         1205.73 
       0.368217         1098.95         651.053         1177.75 
       0.374374         1074.92         630.664         1155.05 
       0.380519         1060.88         611.687         1134.08 
       0.386598         1025.69         593.734         1119.14 
       0.392688         1008.02         576.093         1099.03 
        0.39888         989.944         558.266         1080.83 
       0.405048         963.958         540.636         1062.65 
       0.411186         959.919         523.443         1045.26 
       0.417313         926.214         506.946         1032.01 
       0.423458         925.752         491.257         1012.47 
       0.429607         897.573         476.511         996.142 
       0.435692          893.33         462.871         974.373 
       0.441815         867.388          450.01         971.353 
       0.447964         865.213         437.712         961.022 
       0.454126         847.554         425.821         934.613 
       0.460267         830.443         414.316         932.964 
       0.466387         824.522         403.106         917.372 
        0.47254          804.92         392.064         904.495 
       0.478662         790.618          381.36         891.387 
       0.484765         777.301         371.082         882.092 
       0.490885         768.594         361.225         865.542 
       0.497035          761.77         351.758         858.122 
       0.503198         753.539         342.709         848.092 
       0.509342         739.283         334.099         833.605 
       0.515458         730.922         325.875         827.949 
       0.521598         721.974         317.898         819.807 
       0.527764         703.409         310.109         812.946 
       0.533884         696.552         302.587         804.268 
           0.54         691.361         295.284         794.874 
       0.546137         684.271         288.166         786.409 
       0.552299         664.923         281.241         775.648 
       0.558452         659.897         274.572         769.557 
       0.564573         648.516         268.183         762.401 
       0.570708         642.876         262.019         752.148 
       0.576825         638.571         256.088         743.076 
       0.582926         626.032         250.362         738.298 
       0.589034          616.71           244.8         728.032 
       0.595184         610.135         239.361         720.603 
       0.601379         601.323         234.048         714.925 
       0.607522         595.288         228.943         704.237 
       0.613639         585.591         224.008         701.679 
       0.619772         581.147         219.199         699.531 
       0.625918         575.691         214.523           690.2 
       0.632068          562.87         209.989         686.291 
       0.638161         557.294          205.63         676.345 
         0.6443         550.571         201.363         670.277 
       0.650464         547.363         197.204         662.339 
       0.656582         542.144         193.195         658.243 
       0.662703         537.235         189.299         653.513 
       0.668861         524.621         185.491         650.291 
       0.675024         521.481         181.786         645.456 
       0.681124         515.212         178.221         636.687 
       0.687237         507.179         174.746         631.235 
       0.693381         504.767         171.349         625.446 
       0.699536         497.637         168.039         621.256 
       0.705665         492.632         164.831         613.993 
       0.711789         490.013         161.707         609.356 
       0.717957         481.436         158.644         608.165 
        0.72409         475.924         155.679         602.232 
       0.730186         471.948          152.81         595.922 
       0.736317         466.056         150.001         592.075 
       0.742472         461.379         147.254         588.343 
       0.748622         454.965         144.576          582.11 
        0.75476         452.584         141.968         582.029 
       0.760888         445.542         139.429           575.8 
       0.767043         441.119         136.944         568.615 
       0.773185         436.774         134.528         565.263 
       0.779291          433.21         132.185         560.659 
       0.785407         427.176         129.892         557.459 
       0.791564         423.638         127.639         555.564 
       0.797719         420.123         125.442         550.541 
       0.803834         415.667         123.312         546.859 
       0.809972         410.105         121.224         543.072 
       0.816124         404.922         119.178         537.397 
       0.822261         400.606         117.186         534.604 
       0.828378         396.672         115.246         530.669 
       0.834502         393.474         113.351         528.875 
       0.840667         388.509         111.487         524.891 
       0.846816         384.332         109.669         520.762 
       0.852925         381.246         107.902         517.784 
       0.859047         377.129          106.17         513.104 
       0.865192         372.599          104.47         510.016 
       0.871341         368.683         102.807         506.384 
       0.877463         366.387         101.188         503.432 
       0.883569         361.244           99.61          501.27 
       0.889708         357.921         98.0585         496.524 
       0.895864         353.595         96.5361         493.723 
       0.902008         350.585         95.0488         490.433 
       0.908149         348.209         93.5935         485.377 
       0.914301          345.86         92.1665         481.772 
       0.920448         341.493         90.7712         480.905 
       0.926574         336.868         89.4101         477.962 
       0.932687         335.402         88.0802         473.294 
       0.938823         329.612         86.7728         471.922 
       0.944975         325.108         85.4889         469.073 
       0.951105         324.242         84.2354         465.903 
       0.957225         319.805          83.009         462.655 
       0.963368         315.308         81.8028         459.815 
       0.969511         315.449         80.6209         456.807 
       0.975621         310.342         79.4694         454.319 
       0.981748          307.53          78.338          451.84 
       0.987916         303.934         77.2216         449.355 
        0.99406         301.205         76.1311         446.431 
        1.00019         299.182         75.0638         442.652 
        1.00632         295.384          74.018         440.061 
        1.01246         292.843         72.9909          437.43 
        1.01859         289.904         71.9852          434.69 
        1.02471         287.618         71.0001         432.302 
        1.03085         285.102         70.0302         430.831 
        1.03698         282.102         69.0805           429.1 
        1.04314         278.356         68.1442         425.571 
        1.04929         274.536          67.227         422.131 
        1.05541         273.094         66.3297         419.711 
        1.06154         270.008         65.4464         417.619 
        1.06769         269.158         64.5783         414.608 
        1.07382         265.379         63.7301         411.904 
        1.07993         262.734         62.9005         410.011 
        1.08607         260.423         62.0832         407.479 
        1.09222         258.081         61.2799         405.191 
        1.09836         254.819         60.4912         403.296 
        1.10449         251.668         59.7167         401.712 
        1.11063         249.951         58.9542         398.537 
        1.11677          247.28         58.2047         396.423 
         1.1229         245.179         57.4691         393.804 
        1.12903         243.233         56.7453          392.03 
        1.13518         239.615         56.0336         388.783 
        1.14131         238.111          55.335         387.644 
        1.14745         236.442         54.6494         384.581 
        1.15359         233.139         53.9759         383.382 
        1.15973         231.751          53.314         381.089 
        1.16584         229.602         52.6667         379.054 
        1.17197         226.132         52.0295         377.377 
        1.17811         225.227         51.4006         374.629 
        1.18424         221.927         50.7833         372.402 
        1.19038         220.033         50.1735          371.22 
        1.19652         218.559         49.5734         368.291 
        1.20267         216.227         48.9833         366.436 
        1.20881         214.044         48.4039         364.926 
        1.21495         211.847         47.8363         362.286 
        1.22108         210.025         47.2789         359.992 
         1.2272         208.217         46.7319         359.043 
        1.23334         205.842         46.1919         356.657 
        1.23949         204.448         45.6581         354.756 
        1.24562         202.282         45.1334         352.657 
        1.25174          200.26         44.6172         351.084 
        1.25789         198.259         44.1075         348.822 
        1.26402          196.42         43.6069         347.609 
        1.27014         195.035         43.1155         345.363 
        1.27628         192.348         42.6304         344.248 
        1.28244         190.494         42.1518         342.606 
        1.28858         189.531         41.6809         340.478 
        1.29471         187.295         41.2183         337.991 
        1.30084         185.252         40.7632         335.917 
        1.30697         183.281         40.3146         334.856 
        1.31312         182.624         39.8726         333.135 
        1.31925          180.06          39.439         331.159 
        1.32537         178.099         39.0126          329.19 
        1.33151         176.618         38.5911         327.926 
        1.33765         175.223         38.1759         326.362 
        1.34378         173.307         37.7675         324.073 
        1.34992         171.969         37.3645         322.575 
        1.35606         170.152         36.9663         320.656 
         1.3622         168.883         36.5745         319.517 
        1.36833         167.211         36.1891         318.305 
        1.37445         165.077         35.8094         315.793 
        1.38059         164.087          35.434         314.721 
        1.38675         162.793         35.0633         313.396 
        1.39288         160.572         34.6997         311.251 
        1.39901         159.421         34.3416         309.548 
        1.40515         158.364          33.988         308.017 
         1.4113         156.639         33.6394         306.267 
        1.41742         154.935         33.2967          304.59 
        1.42355         153.911         32.9578         303.438 
         1.4297         152.102         32.6223         301.328 
        1.43585         150.698         32.2915         300.584 
        1.44198          149.47         31.9668         298.765 
        1.44809         148.599         31.6477         297.196 
        1.45423         146.352         31.3323         295.329 
        1.46036         145.464         31.0223         294.105 
        1.46649         144.106         30.7165         292.844 
        1.47263         142.383         30.4145         291.054 
        1.47877         141.418         30.1163         289.253 
        1.48491         139.821         29.8212         287.663 
        1.49104         138.779         29.5304         286.676 
        1.49718         137.374          29.243         285.836 
        1.50333         136.303         28.9588         283.551 
        1.50947         134.993         28.6791         282.096 
         1.5156         133.724         28.4036         281.309 
        1.52172         132.571          28.132         279.836 
        1.52787         131.515         27.8635         278.436 
          1.534         130.286         27.5991         276.889 
        1.54013         128.767         27.3387         275.619 
        1.54627         128.036         27.0814         274.639 
        1.55241         126.575         26.8275         273.375 
        1.55855         125.333         26.5771         271.725 
        1.56467         124.257         26.3303         270.203 
         1.5708         123.268         26.0858         268.894 
