0.00783031 21356.2
0.013688 26063.4
0.019231 26450.8
0.0249154 24366.9
0.0312784 21069.9
0.0375637 17948.2
0.0433917 15699.8
0.0492413 14625.8
0.0555754 13337.4
0.0619321 12418.4
0.067871 12065
0.0738098 10448.9
0.0800417 9942.05
0.0862327 9021.4
0.0921407 8347.37
0.0982031 7442.53
0.104506 6924.99
0.110769 6484.06
0.116806 6081.2
0.122832 6101.09
0.129052 5817.49
0.135211 5509.36
0.141259 5249.66
0.147318 5057.46
0.153489 4723.88
0.159709 4401.08
0.165845 4378.41
0.171974 4206.11
0.178125 4110.06
0.184229 3930.93
0.19034 3879.3
0.196428 3724.16
0.202534 3644.53
0.208729 3493.05
0.214876 3422.2
0.220989 3378.36
0.227147 3253.71
0.23329 3183.32
0.239377 3089.83
0.245482 3033.31
0.251667 3055.64
0.257832 2923.29
0.263955 2848.92
0.270079 2831.84
0.27624 2735.75
0.282372 2714.56
0.28843 2687.38
0.294538 2597.39
0.300721 2588.49
0.30691 2525.33
0.313033 2500.11
0.319153 2473.13
0.325316 2455.4
0.33145 2364.29
0.337538 2359.67
0.343633 2341.25
0.349808 2280.53
0.355968 2247.31
0.362074 2204.26
0.368217 2210.11
0.374374 2190.01
0.380519 2169.72
0.386598 2120.13
0.392688 2093.56
0.39888 2078
0.405048 2039.11
0.411186 2041.13
0.417313 1984.63
0.423458 1996.78
0.429607 1948.44
0.435692 1949.37
0.441815 1911.13
0.447964 1911
0.454126 1887.21
0.460267 1859.53
0.466387 1858.12
0.47254 1828.17
0.478662 1808.45
0.484765 1789.96
0.490885 1779.57
0.497035 1773.05
0.503198 1763.7
0.509342 1741.09
0.515458 1731.77
0.521598 1718.09
0.527764 1685.75
0.533884 1675.54
0.54 1673.94
0.546137 1664.38
0.552299 1629.19
0.558452 1622.32
0.564573 1605.66
0.570708 1599.53
0.576825 1595.09
0.582926 1572.13
0.589034 1557.09
0.595184 1550.74
0.601379 1535.05
0.607522 1528.2
0.613639 1507.67
0.619772 1504.7
0.625918 1496.41
0.632068 1470
0.638161 1460.31
0.6443 1455.23
0.650464 1450.45
0.656582 1445.94
0.662703 1437.72
0.668861 1410.47
0.675024 1408.41
0.681124 1397.27
0.687237 1383.69
0.693381 1383.99
0.699536 1367.47
0.705665 1361.52
0.711789 1360.16
0.717957 1339.22
0.72409 1332.66
0.730186 1325.83
0.736317 1315.62
0.742472 1307.04
0.748622 1297.45
0.75476 1292.04
0.760888 1281.17
0.767043 1272.86
0.773185 1264.96
0.779291 1258.57
0.785407 1245.63
0.791564 1242.29
0.797719 1236.53
0.803834 1229.88
0.809972 1216.9
0.816124 1207.23
0.822261 1197.67
0.828378 1190.75
0.834502 1185.17
0.840667 1174.97
0.846816 1168.61
0.852925 1163.23
0.859047 1154.86
0.865192 1146.72
0.871341 1140.05
0.877463 1136.62
0.883569 1126.51
0.889708 1120.29
0.895864 1109.68
0.902008 1102.96
0.908149 1100.33
0.914301 1098.44
0.920448 1089.37
0.926574 1077.51
0.932687 1077.39
0.938823 1062.73
0.944975 1052.85
0.951105 1055.38
0.957225 1042.55
0.963368 1032.67
0.969511 1034.47
0.975621 1023.85
0.981748 1019.94
0.987916 1010.12
0.99406 1006.3
1.00019 1003
1.00632 991.944
1.01246 989.509
1.01859 981.726
1.02471 978.605
1.03085 972.454
1.03698 966.541
1.04314 957.27
1.04929 947.652
1.05541 945.885
1.06154 938.883
1.06769 938.928
1.07382 930.105
1.07993 923.627
1.08607 919.1
1.09222 914.846
1.09836 907.183
1.10449 898.561
1.11063 895.514
1.11677 888.778
1.1229 884.636
1.12903 881.45
1.13518 871.468
1.14131 868.786
1.14745 866.361
1.15359 858.969
1.15973 854.973
1.16584 849.947
1.17197 840.015
1.17811 839.597
1.18424 831.645
1.19038 826.288
1.19652 824.792
1.20267 819.359
1.20881 813.3
1.21495 808.058
1.22108 804.594
1.2272 800.027
1.23334 795.076
1.23949 791.654
1.24562 786.212
1.25174 780.722
1.25789 776.327
1.26402 772.169
1.27014 769.409
1.27628 761.312
1.28244 756.757
1.28858 755.373
1.29471 748.701
1.30084 744.186
1.30697 739.681
1.31312 737.748
1.31925 732.5
1.32537 724.994
1.33151 722.18
1.33765 718.799
1.34378 713.727
1.34992 709.926
1.35606 705.54
1.3622 703.013
1.36833 698.51
1.37445 692.441
1.38059 690
1.38675 687.56
1.39288 679.96
1.39901 677.289
1.40515 674.79
1.4113 670.151
1.41742 666.562
1.42355 664.401
1.4297 657.941
1.43585 654.285
1.44198 651.654
1.44809 649.397
1.45423 642.636
1.46036 640.567
1.46649 636.659
1.47263 631.887
1.47877 629.522
1.48491 623.809
1.49104 621.902
1.49718 617.793
1.50333 614.318
1.50947 611.422
1.5156 607.942
1.52172 605.249
1.52787 602.57
1.534 597.95
1.54013 593.007
1.54627 591.044
1.55241 586.993
1.55855 583.03
1.56467 580.381
1.5708 576.727
