0.00783031 1.75744
0.013688 2.29801
0.019231 2.11372
0.0249154 2.18921
0.0312784 2.04453
0.0375637 2.0213
0.0433917 1.99468
0.0492413 2.06914
0.0555754 2.0128
0.0619321 2.19937
0.067871 2.47583
0.0738098 2.40471
0.0800417 2.60576
0.0862327 2.66509
0.0921407 2.83615
0.0982031 3.00182
0.104506 3.04854
0.110769 3.23884
0.116806 3.43305
0.122832 3.76218
0.129052 4.07373
0.135211 4.29625
0.141259 4.49417
0.147318 4.76035
0.153489 4.878
0.159709 5.1503
0.165845 5.59991
0.171974 5.88164
0.178125 6.30451
0.184229 6.55884
0.19034 7.0179
0.196428 7.39815
0.202534 7.68578
0.208729 8.07519
0.214876 8.43408
0.220989 9.05432
0.227147 9.26719
0.23329 9.78676
0.239377 10.1287
0.245482 10.6398
0.251667 11.2581
0.257832 11.5758
0.263955 12.3189
0.270079 12.6082
0.27624 13.2433
0.282372 13.634
0.28843 14.2924
0.294538 14.9469
0.300721 15.5265
0.30691 15.8651
0.313033 16.748
0.319153 17.2693
0.325316 17.891
0.33145 18.2684
0.337538 19.2499
0.343633 19.8841
0.349808 20.0428
0.355968 20.9443
0.362074 21.4317
0.368217 22.0794
0.374374 22.8875
0.380519 23.8284
0.386598 24.3669
0.392688 25.1027
0.39888 25.4136
0.405048 26.4916
0.411186 27.2899
0.417313 27.67
0.423458 28.3496
0.429607 29.3276
0.435692 30.0557
0.441815 30.2862
0.447964 31.7244
0.454126 32.2132
0.460267 32.7305
0.466387 34.09
0.47254 34.1381
0.478662 35.1564
0.484765 36.2585
0.490885 36.8995
0.497035 37.6763
0.503198 38.6942
0.509342 39.6028
0.515458 39.7519
0.521598 41.0396
0.527764 41.7117
0.533884 42.7294
0.54 43.4025
0.546137 44.7532
0.552299 44.5471
0.558452 45.7435
0.564573 46.9795
0.570708 47.754
0.576825 48.4562
0.582926 49.592
0.589034 50.3104
0.595184 50.9175
0.601379 52.0241
0.607522 52.7201
0.613639 53.3746
0.619772 54.7445
0.625918 55.5686
0.632068 55.8616
0.638161 56.8068
0.6443 57.9209
0.650464 58.9521
0.656582 59.6095
0.662703 60.7327
0.668861 61.5654
0.675024 62.3761
0.681124 62.8948
0.687237 64.062
0.693381 64.9469
0.699536 66.0516
0.705665 66.5754
0.711789 67.883
0.717957 68.1179
0.72409 69.3448
0.730186 70.0964
0.736317 71.1484
0.742472 71.537
0.748622 72.3984
0.75476 73.4534
0.760888 74.6971
0.767043 75.5154
0.773185 75.6255
0.779291 77.1676
0.785407 77.775
0.791564 78.8358
0.797719 79.5606
0.803834 80.6672
0.809972 81.7124
0.816124 81.5985
0.822261 82.7078
0.828378 83.3818
0.834502 84.1992
0.840667 85.0195
0.846816 85.8919
0.852925 86.7754
0.859047 87.4647
0.865192 88.7187
0.871341 88.7684
0.877463 89.3604
0.883569 90.5982
0.889708 91.1736
0.895864 92.0573
0.902008 92.8151
0.908149 93.5734
0.914301 94.2715
0.920448 95.2286
0.926574 95.72
0.932687 96.4269
0.938823 96.7299
0.944975 97.9975
0.951105 98.6381
0.957225 98.8596
0.963368 99.969
0.969511 100.977
0.975621 101.025
0.981748 102.42
0.987916 102.342
0.99406 103.38
1.00019 103.77
1.00632 104.16
1.01246 105.063
1.01859 105.586
1.02471 106.198
1.03085 106.591
1.03698 107.854
1.04314 107.886
1.04929 108.742
1.05541 109.294
1.06154 109.9
1.06769 110.293
1.07382 110.939
1.07993 110.845
1.08607 111.826
1.09222 112.45
1.09836 113.037
1.10449 113.673
1.11063 113.96
1.11677 114.285
1.1229 114.796
1.12903 115.761
1.13518 115.901
1.14131 115.958
1.14745 116.813
1.15359 117.646
1.15973 117.972
1.16584 118.478
1.17197 118.326
1.17811 119.012
1.18424 119.939
1.19038 119.849
1.19652 120.306
1.20267 120.887
1.20881 121.199
1.21495 122.009
1.22108 122.447
1.2272 122.425
1.23334 122.799
1.23949 123.412
1.24562 123.692
1.25174 124.06
1.25789 124.492
1.26402 124.976
1.27014 125.461
1.27628 125.244
1.28244 125.909
1.28858 125.915
1.29471 126.625
1.30084 126.775
1.30697 127.508
1.31312 127.121
1.31925 127.693
1.32537 128.065
1.33151 128.205
1.33765 128.625
1.34378 128.795
1.34992 128.833
1.35606 129.516
1.3622 129.581
1.36833 129.572
1.37445 129.932
1.38059 130.071
1.38675 130.598
1.39288 130.906
1.39901 130.853
1.40515 131.345
1.4113 131.305
1.41742 131.708
1.42355 131.942
1.4297 132.074
1.43585 132.408
1.44198 132.25
1.44809 132.508
1.45423 132.924
1.46036 133.408
1.46649 133.014
1.47263 133.584
1.47877 133.652
1.48491 134.214
1.49104 134.109
1.49718 134.338
1.50333 134.089
1.50947 134.728
1.5156 135.028
1.52172 134.965
1.52787 135.392
1.534 135.14
1.54013 135.048
1.54627 135.085
1.55241 135.724
1.55855 135.784
1.56467 135.987
1.5708 136.435
