0.00783031 -1083.42
0.013688 37.6746
0.019231 -125.977
0.0249154 -434.989
0.0312784 -116.548
0.0375637 489.038
0.0433917 -213.081
0.0492413 135.104
0.0555754 -62.441
0.0619321 -184.212
0.067871 -152.87
0.0738098 -193.508
0.0800417 -239.091
0.0862327 -76.9065
0.0921407 -163.022
0.0982031 -10.0873
0.104506 -118.958
0.110769 -122.255
0.116806 -143.234
0.122832 -177.505
0.129052 -161.781
0.135211 -129.78
0.141259 -136.91
0.147318 -105.621
0.153489 -109.621
0.159709 -141.901
0.165845 -131.123
0.171974 -173.427
0.178125 -126.274
0.184229 -140.187
0.19034 -135.251
0.196428 -127.008
0.202534 -144.138
0.208729 -124.2
0.214876 -129.88
0.220989 -121.527
0.227147 -128.017
0.23329 -119.33
0.239377 -136.178
0.245482 -127.412
0.251667 -117.348
0.257832 -137.95
0.263955 -125.964
0.270079 -121.792
0.27624 -121.198
0.282372 -105.587
0.28843 -101.787
0.294538 -127.3
0.300721 -115.947
0.30691 -119.977
0.313033 -108.993
0.319153 -115.605
0.325316 -107.329
0.33145 -110.981
0.337538 -111.267
0.343633 -109.103
0.349808 -108.577
0.355968 -106.097
0.362074 -110.572
0.368217 -100.901
0.374374 -101.876
0.380519 -100.383
0.386598 -107.134
0.392688 -106.908
0.39888 -96.6116
0.405048 -97.9556
0.411186 -100.533
0.417313 -98.5214
0.423458 -96.7967
0.429607 -95.1857
0.435692 -94.0176
0.441815 -92.7642
0.447964 -96.5007
0.454126 -91.8853
0.460267 -93.4355
0.466387 -91.4361
0.47254 -99.0628
0.478662 -91.2825
0.484765 -91.6505
0.490885 -90.9026
0.497035 -91.3466
0.503198 -90.5655
0.509342 -88.0231
0.515458 -88.3246
0.521598 -85.8115
0.527764 -82.4593
0.533884 -86.3992
0.54 -87.9392
0.546137 -84.7721
0.552299 -84.9891
0.558452 -85.2658
0.564573 -84.6169
0.570708 -83.1007
0.576825 -88.3365
0.582926 -83.7825
0.589034 -80.787
0.595184 -84.5207
0.601379 -81.1788
0.607522 -82.7877
0.613639 -83.9748
0.619772 -79.9047
0.625918 -81.4193
0.632068 -78.0395
0.638161 -81.9005
0.6443 -79.9127
0.650464 -79.3436
0.656582 -78.8317
0.662703 -81.8079
0.668861 -77.1038
0.675024 -78.5972
0.681124 -78.2266
0.687237 -78.2674
0.693381 -77.6563
0.699536 -76.1127
0.705665 -77.341
0.711789 -75.0246
0.717957 -75.6471
0.72409 -74.148
0.730186 -74.3391
0.736317 -75.3622
0.742472 -75.0929
0.748622 -73.3627
0.75476 -74.1927
0.760888 -72.4396
0.767043 -74.0749
0.773185 -73.5617
0.779291 -72.2812
0.785407 -70.7849
0.791564 -71.6272
0.797719 -70.5935
0.803834 -71.4134
0.809972 -71.2689
0.816124 -71.3338
0.822261 -68.9211
0.828378 -69.7416
0.834502 -69.0022
0.840667 -67.1
0.846816 -67.5585
0.852925 -69.1763
0.859047 -69.544
0.865192 -67.8629
0.871341 -67.7592
0.877463 -68.0832
0.883569 -68.2152
0.889708 -67.1187
0.895864 -66.4108
0.902008 -65.7371
0.908149 -65.1258
0.914301 -64.9485
0.920448 -65.4957
0.926574 -64.8359
0.932687 -64.397
0.938823 -65.0714
0.944975 -63.5065
0.951105 -63.761
0.957225 -63.9488
0.963368 -63.1243
0.969511 -63.3671
0.975621 -62.9549
0.981748 -62.9665
0.987916 -62.2045
0.99406 -61.862
1.00019 -61.5603
1.00632 -61.0221
1.01246 -61.876
1.01859 -61.5438
1.02471 -60.1698
1.03085 -61.2656
1.03698 -60.0103
1.04314 -59.3321
1.04929 -59.3166
1.05541 -58.179
1.06154 -59.0552
1.06769 -58.7258
1.07382 -58.1286
1.07993 -58.269
1.08607 -58.382
1.09222 -57.8621
1.09836 -58.098
1.10449 -57.7055
1.11063 -56.6307
1.11677 -57.0573
1.1229 -57.1998
1.12903 -56.3245
1.13518 -56.3101
1.14131 -55.563
1.14745 -55.7734
1.15359 -55.1743
1.15973 -55.2302
1.16584 -54.6593
1.17197 -55.293
1.17811 -54.1918
1.18424 -54.1093
1.19038 -54.5034
1.19652 -54.2279
1.20267 -53.5151
1.20881 -53.5261
1.21495 -53.6756
1.22108 -53.5602
1.2272 -53.4717
1.23334 -52.9229
1.23949 -52.1188
1.24562 -52.1
1.25174 -52.0797
1.25789 -51.9068
1.26402 -51.7546
1.27014 -51.5851
1.27628 -50.8763
1.28244 -50.8729
1.28858 -50.3655
1.29471 -50.8913
1.30084 -49.8476
1.30697 -50.4389
1.31312 -49.9884
1.31925 -49.834
1.32537 -49.2039
1.33151 -49.4423
1.33765 -48.4188
1.34378 -48.9864
1.34992 -48.8775
1.35606 -48.795
1.3622 -48.0533
1.36833 -48.6728
1.37445 -48.4567
1.38059 -47.6126
1.38675 -48.1828
1.39288 -47.6588
1.39901 -47.4109
1.40515 -47.3768
1.4113 -46.8395
1.41742 -46.9637
1.42355 -46.9241
1.4297 -46.7273
1.43585 -46.355
1.44198 -46.127
1.44809 -45.5691
1.45423 -45.6823
1.46036 -45.5128
1.46649 -45.6155
1.47263 -45.2467
1.47877 -44.9414
1.48491 -44.5145
1.49104 -44.4594
1.49718 -44.3796
1.50333 -44.462
1.50947 -44.2401
1.5156 -44.1432
1.52172 -43.9572
1.52787 -43.7394
1.534 -43.7463
1.54013 -43.3728
1.54627 -43.4539
1.55241 -43.2333
1.55855 -42.7503
1.56467 -42.5728
1.5708 -42.5629
