0.00783031 3092.14
0.013688 2824.14
0.019231 3862.14
0.0249154 3406.06
0.0312784 3212.07
0.0375637 2660.09
0.0433917 3072.93
0.0492413 2495.77
0.0555754 2374.8
0.0619321 2343.75
0.067871 2163.28
0.0738098 1951.98
0.0800417 1837.39
0.0862327 1724.54
0.0921407 1671.35
0.0982031 1553.47
0.104506 1518.97
0.110769 1428.76
0.116806 1370.09
0.122832 1326.12
0.129052 1242.1
0.135211 1204.82
0.141259 1177.8
0.147318 1072.66
0.153489 1052.16
0.159709 1030.15
0.165845 961.061
0.171974 922.14
0.178125 885.767
0.184229 850.444
0.19034 837.066
0.196428 809.87
0.202534 798.429
0.208729 757.802
0.214876 732.018
0.220989 726.856
0.227147 697.635
0.23329 663.852
0.239377 646.236
0.245482 630.543
0.251667 612.603
0.257832 599.72
0.263955 583.344
0.270079 557.477
0.27624 555.799
0.282372 543.7
0.28843 527.762
0.294538 519.672
0.300721 498.596
0.30691 494.93
0.313033 486.642
0.319153 471.568
0.325316 461.803
0.33145 450.038
0.337538 446.128
0.343633 440.64
0.349808 426.566
0.355968 418.905
0.362074 411.05
0.368217 406.094
0.374374 398.265
0.380519 395.721
0.386598 392.657
0.392688 383.929
0.39888 377.66
0.405048 368.95
0.411186 367.582
0.417313 361.853
0.423458 359.906
0.429607 349.707
0.435692 349.805
0.441815 344.537
0.447964 340.469
0.454126 337.167
0.460267 334.094
0.466387 333.81
0.47254 329.038
0.478662 322.394
0.484765 317.922
0.490885 317.084
0.497035 316.762
0.503198 310.388
0.509342 311.924
0.515458 306.067
0.521598 304.774
0.527764 303.444
0.533884 300.711
0.54 298.852
0.546137 298.066
0.552299 293.452
0.558452 293.504
0.564573 292.006
0.570708 290.809
0.576825 289.648
0.582926 285.602
0.589034 282.473
0.595184 283.716
0.601379 281.625
0.607522 281.88
0.613639 277.766
0.619772 276.154
0.625918 276.083
0.632068 275.799
0.638161 274.619
0.6443 273.874
0.650464 270.796
0.656582 271.955
0.662703 269.148
0.668861 268.736
0.675024 268.845
0.681124 267.924
0.687237 267.144
0.693381 264.857
0.699536 266.093
0.705665 263.044
0.711789 263.847
0.717957 263.714
0.72409 260.763
0.730186 259.861
0.736317 258.216
0.742472 260.05
0.748622 259.541
0.75476 258.437
0.760888 258.577
0.767043 258.176
0.773185 257.383
0.779291 257.018
0.785407 256.157
0.791564 255.575
0.797719 252.8
0.803834 255.203
0.809972 254.098
0.816124 254.763
0.822261 251.397
0.828378 251.267
0.834502 251.518
0.840667 252.272
0.846816 251.79
0.852925 248.892
0.859047 250.163
0.865192 250.211
0.871341 249.508
0.877463 248.703
0.883569 249.104
0.889708 248.64
0.895864 248.992
0.902008 248.674
0.908149 247.155
0.914301 247.925
0.920448 246.887
0.926574 246.149
0.932687 246.219
0.938823 245.478
0.944975 245.642
0.951105 244.769
0.957225 245.744
0.963368 243.909
0.969511 243.642
0.975621 242.636
0.981748 243.855
0.987916 243.156
0.99406 244.436
1.00019 241.641
1.00632 242.626
1.01246 242.206
1.01859 242.422
1.02471 241.282
1.03085 240.973
1.03698 240.506
1.04314 240.589
1.04929 240.24
1.05541 240.474
1.06154 239.865
1.06769 239.144
1.07382 239.28
1.07993 238.025
1.08607 239.159
1.09222 238.276
1.09836 237.848
1.10449 237.467
1.11063 236.992
1.11677 237.72
1.1229 236.59
1.12903 236.565
1.13518 236.449
1.14131 235.393
1.14745 236.74
1.15359 234.992
1.15973 235.063
1.16584 234.105
1.17197 234.691
1.17811 233.788
1.18424 233.358
1.19038 232.901
1.19652 233.4
1.20267 231.989
1.20881 232.633
1.21495 232.629
1.22108 232.254
1.2272 231.541
1.23334 230.376
1.23949 230.917
1.24562 231.419
1.25174 229.645
1.25789 229.346
1.26402 229.642
1.27014 229.838
1.27628 229.636
1.28244 228.646
1.28858 228.005
1.29471 227.864
1.30084 227.463
1.30697 227.882
1.31312 227.343
1.31925 227.361
1.32537 225.455
1.33151 226.046
1.33765 226.02
1.34378 225.169
1.34992 225.686
1.35606 223.908
1.3622 223.894
1.36833 223.157
1.37445 224.156
1.38059 223.415
1.38675 222.519
1.39288 222.268
1.39901 222.128
1.40515 221.465
1.4113 221.568
1.41742 221.162
1.42355 220.848
1.4297 220.579
1.43585 220.193
1.44198 219.455
1.44809 219.04
1.45423 219.147
1.46036 217.757
1.46649 218.364
1.47263 218.048
1.47877 217.716
1.48491 217.017
1.49104 217.383
1.49718 215.914
1.50333 217.036
1.50947 216.374
1.5156 215.885
1.52172 215.894
1.52787 215.409
1.534 214.532
1.54013 213.74
1.54627 213.749
1.55241 213.887
1.55855 213.415
1.56467 212.837
1.5708 213.084
