0.00783031 98.2071
0.013688 110.497
0.019231 127.543
0.0249154 94.4054
0.0312784 90.7033
0.0375637 52.8418
0.0433917 31.2621
0.0492413 25.1347
0.0555754 9.095
0.0619321 -9.05834
0.067871 -17.9103
0.0738098 -25.6127
0.0800417 -32.7204
0.0862327 -45.8691
0.0921407 -48.9414
0.0982031 -56.595
0.104506 -58.6911
0.110769 -63.4526
0.116806 -73.2993
0.122832 -76.3943
0.129052 -80.5717
0.135211 -87.8542
0.141259 -86.6417
0.147318 -91.9845
0.153489 -92.8712
0.159709 -94.8186
0.165845 -95.9077
0.171974 -97.2712
0.178125 -97.1378
0.184229 -101.501
0.19034 -107.821
0.196428 -108.286
0.202534 -109.345
0.208729 -116.063
0.214876 -111.9
0.220989 -117.327
0.227147 -114.225
0.23329 -114.722
0.239377 -115.773
0.245482 -117.811
0.251667 -120.498
0.257832 -121.619
0.263955 -119.636
0.270079 -122.466
0.27624 -122.655
0.282372 -126.136
0.28843 -127.145
0.294538 -126.828
0.300721 -128.589
0.30691 -129.284
0.313033 -130.545
0.319153 -132.147
0.325316 -130.785
0.33145 -131.592
0.337538 -133.519
0.343633 -131.404
0.349808 -136.513
0.355968 -136.238
0.362074 -133.491
0.368217 -135.15
0.374374 -138.55
0.380519 -138.587
0.386598 -139.547
0.392688 -138.847
0.39888 -138.076
0.405048 -141.128
0.411186 -140.203
0.417313 -140.454
0.423458 -140.893
0.429607 -141.901
0.435692 -141.347
0.441815 -144.643
0.447964 -142.427
0.454126 -141.477
0.460267 -144.609
0.466387 -143.658
0.47254 -145.272
0.478662 -145.435
0.484765 -144.876
0.490885 -144.799
0.497035 -145.792
0.503198 -147.745
0.509342 -144.924
0.515458 -145.807
0.521598 -147.236
0.527764 -147.31
0.533884 -148.201
0.54 -145.975
0.546137 -147.582
0.552299 -146.804
0.558452 -147.438
0.564573 -148.128
0.570708 -149.248
0.576825 -147.435
0.582926 -147.442
0.589034 -149.181
0.595184 -148.248
0.601379 -145.965
0.607522 -146.888
0.613639 -146.955
0.619772 -148.149
0.625918 -147.563
0.632068 -148.169
0.638161 -147.258
0.6443 -147.733
0.650464 -145.959
0.656582 -146.858
0.662703 -146.857
0.668861 -147.712
0.675024 -146.392
0.681124 -145.883
0.687237 -147.018
0.693381 -146.927
0.699536 -144.924
0.705665 -145.967
0.711789 -148.032
0.717957 -147.671
0.72409 -147.306
0.730186 -147.52
0.736317 -144.965
0.742472 -146.765
0.748622 -146.155
0.75476 -144.792
0.760888 -145.495
0.767043 -145.188
0.773185 -143.378
0.779291 -144.715
0.785407 -144.142
0.791564 -144.529
0.797719 -144.324
0.803834 -143.528
0.809972 -143.835
0.816124 -144.002
0.822261 -142.988
0.828378 -143.384
0.834502 -143.034
0.840667 -143.806
0.846816 -143.703
0.852925 -142.969
0.859047 -142.025
0.865192 -142.445
0.871341 -140.864
0.877463 -140.957
0.883569 -141.018
0.889708 -140.162
0.895864 -141.271
0.902008 -141.434
0.908149 -141.26
0.914301 -141.553
0.920448 -140.171
0.926574 -139.981
0.932687 -140.729
0.938823 -140.372
0.944975 -138.806
0.951105 -140.055
0.957225 -139.518
0.963368 -138.83
0.969511 -139.806
0.975621 -138.065
0.981748 -138.475
0.987916 -139.399
0.99406 -138.386
1.00019 -138.006
1.00632 -137.38
1.01246 -137.115
1.01859 -137.371
1.02471 -137.585
1.03085 -137.344
1.03698 -137.426
1.04314 -136.942
1.04929 -136.961
1.05541 -136.819
1.06154 -136.293
1.06769 -136.262
1.07382 -135.69
1.07993 -135.564
1.08607 -135.548
1.09222 -135.383
1.09836 -135.009
1.10449 -135.441
1.11063 -134.782
1.11677 -134.692
1.1229 -134.659
1.12903 -134.183
1.13518 -133.945
1.14131 -133.236
1.14745 -134.729
1.15359 -133.219
1.15973 -133.376
1.16584 -133.452
1.17197 -132.348
1.17811 -133.318
1.18424 -133.043
1.19038 -131.931
1.19652 -132.313
1.20267 -132.774
1.20881 -132.583
1.21495 -131.836
1.22108 -131.193
1.2272 -131.943
1.23334 -131.322
1.23949 -131.379
1.24562 -130.49
1.25174 -131.388
1.25789 -130.33
1.26402 -130.05
1.27014 -130.539
1.27628 -129.85
1.28244 -129.842
1.28858 -129.515
1.29471 -129.472
1.30084 -129.667
1.30697 -129.349
1.31312 -128.822
1.31925 -128.236
1.32537 -128.243
1.33151 -128.84
1.33765 -128.362
1.34378 -127.5
1.34992 -127.855
1.35606 -128.456
1.3622 -127.631
1.36833 -126.812
1.37445 -127.362
1.38059 -126.692
1.38675 -126.991
1.39288 -126.339
1.39901 -126.616
1.40515 -126.298
1.4113 -126.137
1.41742 -125.783
1.42355 -125.533
1.4297 -125.565
1.43585 -125.437
1.44198 -125.586
1.44809 -124.934
1.45423 -124.948
1.46036 -124.467
1.46649 -124.364
1.47263 -124.896
1.47877 -124.445
1.48491 -123.958
1.49104 -124.314
1.49718 -123.537
1.50333 -123.626
1.50947 -123.311
1.5156 -123.128
1.52172 -122.899
1.52787 -122.677
1.534 -122.585
1.54013 -122.295
1.54627 -122.344
1.55241 -121.628
1.55855 -122.21
1.56467 -121.396
1.5708 -121.594
