0.00783031 -2357.83
0.013688 1080.05
0.019231 -93.63
0.0249154 -276.676
0.0312784 -449.76
0.0375637 156.334
0.0433917 153.935
0.0492413 -224.38
0.0555754 -312.701
0.0619321 -204.247
0.067871 -141.679
0.0738098 -292.215
0.0800417 -94.6797
0.0862327 -193.168
0.0921407 -129.399
0.0982031 -218.426
0.104506 -94.0592
0.110769 -220.288
0.116806 -230.856
0.122832 -209.914
0.129052 -236.348
0.135211 -205.997
0.141259 -158.411
0.147318 -233.695
0.153489 -174.138
0.159709 -173.561
0.165845 -204.712
0.171974 -175.353
0.178125 -194.877
0.184229 -175.113
0.19034 -185.372
0.196428 -171.892
0.202534 -181.891
0.208729 -159.666
0.214876 -170.139
0.220989 -161.003
0.227147 -168.323
0.23329 -163.782
0.239377 -161.781
0.245482 -158.221
0.251667 -149.663
0.257832 -151.577
0.263955 -149.955
0.270079 -151.447
0.27624 -137.203
0.282372 -145.988
0.28843 -133.985
0.294538 -129.44
0.300721 -135.461
0.30691 -125.044
0.313033 -133.603
0.319153 -120.961
0.325316 -123.105
0.33145 -118.325
0.337538 -117.145
0.343633 -118.047
0.349808 -111.804
0.355968 -109.613
0.362074 -110.487
0.368217 -109.96
0.374374 -102.013
0.380519 -105.134
0.386598 -97.9609
0.392688 -99.2798
0.39888 -98.3706
0.405048 -95.9978
0.411186 -97.1068
0.417313 -94.8937
0.423458 -94.3847
0.429607 -92.2091
0.435692 -90.5886
0.441815 -87.4725
0.447964 -85.389
0.454126 -85.7485
0.460267 -85.0556
0.466387 -79.5494
0.47254 -78.9426
0.478662 -81.5011
0.484765 -78.5378
0.490885 -76.3804
0.497035 -72.8021
0.503198 -71.4327
0.509342 -72.006
0.515458 -72.4406
0.521598 -70.4105
0.527764 -69.2036
0.533884 -71.064
0.54 -66.8731
0.546137 -65.2695
0.552299 -63.5584
0.558452 -63.6841
0.564573 -61.8568
0.570708 -61.3593
0.576825 -62.3051
0.582926 -60.6646
0.589034 -57.4556
0.595184 -56.6663
0.601379 -56.9483
0.607522 -54.6753
0.613639 -55.4948
0.619772 -54.1941
0.625918 -53.0257
0.632068 -52.7488
0.638161 -51.4029
0.6443 -49.9734
0.650464 -49.7306
0.656582 -49.5542
0.662703 -47.4933
0.668861 -46.7902
0.675024 -46.1715
0.681124 -47.1185
0.687237 -44.8677
0.693381 -45.1407
0.699536 -43.8291
0.705665 -42.0538
0.711789 -41.8505
0.717957 -41.0608
0.72409 -40.7325
0.730186 -40.0574
0.736317 -41.1115
0.742472 -38.8397
0.748622 -39.7712
0.75476 -38.0779
0.760888 -36.9712
0.767043 -36.9875
0.773185 -36.0368
0.779291 -35.6577
0.785407 -34.8954
0.791564 -34.3892
0.797719 -33.9791
0.803834 -33.0983
0.809972 -32.7389
0.816124 -32.516
0.822261 -31.248
0.828378 -32.5612
0.834502 -30.8809
0.840667 -31.463
0.846816 -30.0961
0.852925 -30.1997
0.859047 -28.6378
0.865192 -28.7168
0.871341 -29.1185
0.877463 -28.1546
0.883569 -27.5478
0.889708 -26.2027
0.895864 -27.2635
0.902008 -26.7802
0.908149 -26.442
0.914301 -26.1177
0.920448 -25.1382
0.926574 -25.6643
0.932687 -24.5199
0.938823 -24.5397
0.944975 -24.5991
0.951105 -23.8105
0.957225 -23.4673
0.963368 -23.9213
0.969511 -22.7408
0.975621 -22.9648
0.981748 -22.8837
0.987916 -22.781
0.99406 -22.4818
1.00019 -21.3712
1.00632 -21.9933
1.01246 -21.5211
1.01859 -21.3574
1.02471 -21.2746
1.03085 -21.0794
1.03698 -20.4128
1.04314 -20.7495
1.04929 -20.3007
1.05541 -20.3862
1.06154 -20.3839
1.06769 -19.1079
1.07382 -19.6398
1.07993 -19.8709
1.08607 -19.1509
1.09222 -19.2177
1.09836 -19.2125
1.10449 -18.3687
1.11063 -19.0383
1.11677 -18.3624
1.1229 -18.2475
1.12903 -17.9604
1.13518 -17.8452
1.14131 -17.8419
1.14745 -17.581
1.15359 -17.3387
1.15973 -17.5054
1.16584 -17.3828
1.17197 -17.2118
1.17811 -16.8258
1.18424 -17.0526
1.19038 -16.6962
1.19652 -16.8163
1.20267 -16.7118
1.20881 -16.1882
1.21495 -16.1231
1.22108 -16.3907
1.2272 -15.955
1.23334 -15.8661
1.23949 -15.7416
1.24562 -16.2556
1.25174 -15.8256
1.25789 -15.4324
1.26402 -15.4059
1.27014 -15.7831
1.27628 -15.1982
1.28244 -15.2178
1.28858 -15.0422
1.29471 -15.2162
1.30084 -15.1785
1.30697 -14.9181
1.31312 -14.8045
1.31925 -14.8002
1.32537 -14.7329
1.33151 -14.4783
1.33765 -14.2549
1.34378 -13.8643
1.34992 -14.1149
1.35606 -14.1043
1.3622 -13.7785
1.36833 -14.0845
1.37445 -13.2925
1.38059 -13.5281
1.38675 -13.5932
1.39288 -13.5237
1.39901 -13.4061
1.40515 -13.6015
1.4113 -13.2499
1.41742 -13.281
1.42355 -13.0972
1.4297 -13.2664
1.43585 -12.6903
1.44198 -13.1073
1.44809 -13.4272
1.45423 -12.7403
1.46036 -12.9195
1.46649 -12.5608
1.47263 -12.594
1.47877 -12.5849
1.48491 -12.1918
1.49104 -12.3992
1.49718 -11.9792
1.50333 -12.0609
1.50947 -12.2264
1.5156 -12.1092
1.52172 -12.067
1.52787 -11.8252
1.534 -12.0295
1.54013 -11.6558
1.54627 -11.8997
1.55241 -11.8023
1.55855 -11.5983
1.56467 -11.5283
1.5708 -11.1114
