0.00783031 19924.1
0.013688 24901.7
0.019231 24795.7
0.0249154 22512.9
0.0312784 20115.2
0.0375637 16853.8
0.0433917 14738.5
0.0492413 13538.2
0.0555754 12538.5
0.0619321 11535.4
0.067871 10926.9
0.0738098 10384.8
0.0800417 9636.87
0.0862327 8720.94
0.0921407 7892.29
0.0982031 7221.08
0.104506 6806.1
0.110769 6660.35
0.116806 6141.42
0.122832 5998.37
0.129052 5802.18
0.135211 5443.96
0.141259 5075.92
0.147318 4911.97
0.153489 4642.74
0.159709 4399.48
0.165845 4279.62
0.171974 4077.85
0.178125 3989.12
0.184229 3909.54
0.19034 3834.22
0.196428 3744.13
0.202534 3672.32
0.208729 3543.94
0.214876 3395.92
0.220989 3356.36
0.227147 3252.76
0.23329 3162.68
0.239377 3149.88
0.245482 3082.11
0.251667 2988.31
0.257832 2918.11
0.263955 2892.19
0.270079 2826.89
0.27624 2817.13
0.282372 2762.49
0.28843 2709.49
0.294538 2659.52
0.300721 2650.81
0.30691 2606.52
0.313033 2518.09
0.319153 2524.14
0.325316 2477.75
0.33145 2420.66
0.337538 2429.95
0.343633 2380.48
0.349808 2349.91
0.355968 2336.84
0.362074 2330.63
0.368217 2265.89
0.374374 2260.86
0.380519 2254.43
0.386598 2232.28
0.392688 2201.91
0.39888 2163.36
0.405048 2141.18
0.411186 2119.18
0.417313 2096.52
0.423458 2091.88
0.429607 2071.8
0.435692 2065.41
0.441815 2034.15
0.447964 2001.61
0.454126 2002.29
0.460267 1978.87
0.466387 1970.65
0.47254 1950.66
0.478662 1938.11
0.484765 1931.47
0.490885 1911.98
0.497035 1889.64
0.503198 1892.88
0.509342 1860.6
0.515458 1864.07
0.521598 1837.4
0.527764 1832.09
0.533884 1821.48
0.54 1802.07
0.546137 1793.52
0.552299 1779.34
0.558452 1773.75
0.564573 1770.79
0.570708 1752.86
0.576825 1724.38
0.582926 1721.34
0.589034 1709.58
0.595184 1713.15
0.601379 1698.27
0.607522 1699.27
0.613639 1674.17
0.619772 1668.56
0.625918 1647.4
0.632068 1631.17
0.638161 1637.62
0.6443 1629.17
0.650464 1617.85
0.656582 1600.7
0.662703 1600.49
0.668861 1595.21
0.675024 1584.06
0.681124 1572.09
0.687237 1573.84
0.693381 1559.64
0.699536 1541.86
0.705665 1541.49
0.711789 1525.46
0.717957 1518.49
0.72409 1517.18
0.730186 1508.72
0.736317 1506
0.742472 1488.25
0.748622 1477.88
0.75476 1482.6
0.760888 1468
0.767043 1460.31
0.773185 1452.52
0.779291 1441.51
0.785407 1429.63
0.791564 1429.87
0.797719 1433.29
0.803834 1418.87
0.809972 1406.52
0.816124 1403.1
0.822261 1398.91
0.828378 1392.66
0.834502 1387.3
0.840667 1374.04
0.846816 1375.26
0.852925 1364.15
0.859047 1363.7
0.865192 1353.04
0.871341 1336.91
0.877463 1339.89
0.883569 1329.93
0.889708 1325.18
0.895864 1321.28
0.902008 1313.47
0.908149 1305.57
0.914301 1303.24
0.920448 1287.17
0.926574 1285.12
0.932687 1277
0.938823 1281.12
0.944975 1271.74
0.951105 1266.36
0.957225 1259.38
0.963368 1252.77
0.969511 1246.87
0.975621 1246.76
0.981748 1239.34
0.987916 1232.09
0.99406 1233.99
1.00019 1224.03
1.00632 1213.11
1.01246 1208.28
1.01859 1199.39
1.02471 1197.97
1.03085 1194.74
1.03698 1182.73
1.04314 1183.43
1.04929 1176.32
1.05541 1171.09
1.06154 1164.54
1.06769 1160.37
1.07382 1154.36
1.07993 1150.75
1.08607 1149.02
1.09222 1140.45
1.09836 1133.06
1.10449 1131.05
1.11063 1130.74
1.11677 1117.7
1.1229 1118.4
1.12903 1106.2
1.13518 1107.4
1.14131 1098.85
1.14745 1094.85
1.15359 1090.18
1.15973 1084.06
1.16584 1079.98
1.17197 1076.51
1.17811 1069.29
1.18424 1067.96
1.19038 1059.65
1.19652 1054.51
1.20267 1051.51
1.20881 1046.68
1.21495 1046.66
1.22108 1040.92
1.2272 1034.97
1.23334 1028.52
1.23949 1022.35
1.24562 1017.25
1.25174 1015.48
1.25789 1011.53
1.26402 1008.9
1.27014 1000.92
1.27628 997.192
1.28244 988.911
1.28858 987.633
1.29471 983.695
1.30084 979.572
1.30697 976.07
1.31312 971.181
1.31925 968.405
1.32537 960.446
1.33151 957.341
1.33765 955.272
1.34378 946.966
1.34992 944.313
1.35606 940.763
1.3622 935.195
1.36833 931.442
1.37445 928.425
1.38059 924.39
1.38675 921.584
1.39288 917.891
1.39901 907.837
1.40515 906.006
1.4113 905.191
1.41742 898.724
1.42355 895.089
1.4297 891.78
1.43585 885.612
1.44198 882.44
1.44809 879.093
1.45423 876.647
1.46036 871.754
1.46649 869.991
1.47263 862.509
1.47877 860.104
1.48491 856.967
1.49104 853.053
1.49718 846.898
1.50333 847.317
1.50947 842.459
1.5156 836.981
1.52172 833.607
1.52787 830.623
1.534 825.049
1.54013 821.831
1.54627 819.638
1.55241 817.175
1.55855 811.426
1.56467 810.739
1.5708 805.146
