0.00783031 5.22797
0.013688 5.72055
0.019231 -3.18134
0.0249154 -2.97567
0.0312784 4.01993
0.0375637 8.34708
0.0433917 4.94137
0.0492413 8.56271
0.0555754 9.00224
0.0619321 11.5139
0.067871 11.2277
0.0738098 10.3718
0.0800417 5.95006
0.0862327 8.88173
0.0921407 10.3221
0.0982031 13.3904
0.104506 11.9261
0.110769 9.64706
0.116806 15.9714
0.122832 12.0289
0.129052 15.1906
0.135211 12.639
0.141259 16.4876
0.147318 15.5659
0.153489 15.8933
0.159709 19.6582
0.165845 16.513
0.171974 16.6421
0.178125 15.698
0.184229 17.4095
0.19034 18.5131
0.196428 17.2062
0.202534 15.701
0.208729 18.3752
0.214876 19.6986
0.220989 17.3859
0.227147 17.2029
0.23329 19.2547
0.239377 18.7443
0.245482 18.6466
0.251667 16.2336
0.257832 17.3768
0.263955 18.0814
0.270079 19.424
0.27624 19.0197
0.282372 17.4327
0.28843 15.7098
0.294538 15.3394
0.300721 17.7938
0.30691 12.3626
0.313033 14.9246
0.319153 14.0595
0.325316 15.7483
0.33145 14.5616
0.337538 14.2326
0.343633 14.4469
0.349808 13.7198
0.355968 10.7691
0.362074 10.5613
0.368217 13.2219
0.374374 13.1376
0.380519 8.9902
0.386598 9.64844
0.392688 9.18525
0.39888 12.9928
0.405048 12.7455
0.411186 9.06358
0.417313 11.5397
0.423458 10.14
0.429607 9.92086
0.435692 5.36111
0.441815 8.48616
0.447964 6.78364
0.454126 7.47288
0.460267 8.1654
0.466387 7.47291
0.47254 4.21123
0.478662 5.36415
0.484765 4.38994
0.490885 3.50742
0.497035 5.10778
0.503198 2.7481
0.509342 4.17271
0.515458 3.50383
0.521598 3.82205
0.527764 3.53802
0.533884 1.59961
0.54 3.09149
0.546137 -0.806971
0.552299 0.858485
0.558452 1.00925
0.564573 -1.16751
0.570708 -2.65547
0.576825 -0.728086
0.582926 -2.24784
0.589034 -0.683459
0.595184 -5.7817
0.601379 -2.69523
0.607522 -3.21969
0.613639 -4.9471
0.619772 -6.77224
0.625918 -3.71284
0.632068 -2.37455
0.638161 -4.3813
0.6443 -7.32412
0.650464 -6.77566
0.656582 -5.04226
0.662703 -11.166
0.668861 -8.38359
0.675024 -7.12207
0.681124 -8.76137
0.687237 -10.7124
0.693381 -12.9093
0.699536 -9.61678
0.705665 -10.1101
0.711789 -10.5325
0.717957 -12.0227
0.72409 -12.0801
0.730186 -11.7301
0.736317 -13.5824
0.742472 -11.1849
0.748622 -11.5981
0.75476 -14.1064
0.760888 -13.3164
0.767043 -14.7441
0.773185 -12.8657
0.779291 -15.1509
0.785407 -13.5821
0.791564 -15.9905
0.797719 -15.6554
0.803834 -18.0629
0.809972 -17.8104
0.816124 -16.9262
0.822261 -18.783
0.828378 -18.7991
0.834502 -17.0817
0.840667 -20.1908
0.846816 -19.4527
0.852925 -20.2676
0.859047 -20.9349
0.865192 -22.3675
0.871341 -19.7764
0.877463 -21.6549
0.883569 -21.7706
0.889708 -21.8963
0.895864 -24.9473
0.902008 -24.0584
0.908149 -24.2914
0.914301 -25.9397
0.920448 -21.7442
0.926574 -25.1143
0.932687 -23.8186
0.938823 -26.3459
0.944975 -26.4861
0.951105 -26.7047
0.957225 -27.1323
0.963368 -27.6098
0.969511 -26.287
0.975621 -29.2932
0.981748 -26.7147
0.987916 -28.7338
0.99406 -30.5266
1.00019 -30.0222
1.00632 -27.9844
1.01246 -30.108
1.01859 -30.2188
1.02471 -30.9502
1.03085 -29.4672
1.03698 -30.4953
1.04314 -32.1404
1.04929 -32.5992
1.05541 -33.0696
1.06154 -32.9627
1.06769 -33.8806
1.07382 -34.4758
1.07993 -34.8951
1.08607 -35.2177
1.09222 -35.4068
1.09836 -34.2937
1.10449 -35.952
1.11063 -37.5785
1.11677 -37.0908
1.1229 -38.8902
1.12903 -37.0395
1.13518 -38.9663
1.14131 -39.0332
1.14745 -38.0196
1.15359 -38.0401
1.15973 -38.8756
1.16584 -40.413
1.17197 -40.9962
1.17811 -40.9249
1.18424 -40.6943
1.19038 -40.3866
1.19652 -40.1163
1.20267 -42.6707
1.20881 -41.5322
1.21495 -44.3394
1.22108 -43.0133
1.2272 -43.839
1.23334 -43.7292
1.23949 -44.8924
1.24562 -42.9012
1.25174 -43.1476
1.25789 -44.9811
1.26402 -44.084
1.27014 -44.119
1.27628 -46.7596
1.28244 -44.6666
1.28858 -45.4952
1.29471 -47.1887
1.30084 -47.0588
1.30697 -47.1517
1.31312 -47.5336
1.31925 -47.5051
1.32537 -48.0288
1.33151 -48.0354
1.33765 -49.7951
1.34378 -48.7566
1.34992 -48.7747
1.35606 -48.0022
1.3622 -49.4232
1.36833 -50.1766
1.37445 -50.3346
1.38059 -49.9177
1.38675 -52.7462
1.39288 -51.9715
1.39901 -52.9589
1.40515 -50.8146
1.4113 -52.4424
1.41742 -53.934
1.42355 -52.4893
1.4297 -53.243
1.43585 -52.5437
1.44198 -53.6433
1.44809 -53.5864
1.45423 -53.1342
1.46036 -55.4376
1.46649 -54.3019
1.47263 -54.5812
1.47877 -54.0661
1.48491 -56.0601
1.49104 -55.1515
1.49718 -55.912
1.50333 -57.2729
1.50947 -55.5494
1.5156 -54.8606
1.52172 -57.5554
1.52787 -55.4099
1.534 -56.6675
1.54013 -57.0152
1.54627 -57.386
1.55241 -57.7588
1.55855 -58.4963
1.56467 -58.8136
1.5708 -58.2745
