#  k  (h/Mpc)          P(k)  (Mpc/h)^3     P_linear(k)   P_NL(k) (Mpc/h)^3
     0.00783031         20221.8         20513.5           20402 
       0.013688         25008.1         25365.8         25170.4 
       0.019231         25232.8         25635.4         25378.2 
      0.0249154         23335.9         23617.7         23341.1 
      0.0312784           20176         20361.8         20072.2 
      0.0375637         16681.9         17287.6         17029.1 
      0.0433917         15087.6         15046.4         14768.3 
      0.0492413         13070.4         13439.5         13172.6 
      0.0555754         12262.6         12280.2         12034.8 
      0.0619321         11322.8         11423.3         11182.2 
       0.067871         10195.3         10674.3         10455.7 
      0.0738098         9352.48         9842.08         9530.37 
      0.0800417         8472.02         8856.08         8604.23 
      0.0862327         7708.74         7841.33          7739.8 
      0.0921407         6979.33         6940.55         6884.81 
      0.0982031         6248.87         6164.83         6243.98 
       0.104506         5644.49         5561.75         5737.32 
       0.110769         5138.07         5155.89         5263.08 
       0.116806         5030.72         4889.47         4964.46 
       0.122832         4704.61         4677.07         4752.13 
       0.129052         4434.77         4453.97         4522.27 
       0.135211         4192.92         4193.92         4269.83 
       0.141259         3931.37         3896.12         4050.54 
       0.147318         3700.52         3576.26         3807.16 
       0.153489         3477.26          3260.5         3472.32 
       0.159709          3329.3         2982.04         3265.67 
       0.165845         3020.77         2764.14         3130.37 
       0.171974         2890.17         2604.93         2961.41 
       0.178125         2811.18          2488.7         2879.78 
       0.184229          2659.9          2396.6         2743.09 
        0.19034         2556.27         2308.28         2640.78 
       0.196428         2517.32         2211.01            2533 
       0.202534         2369.54         2098.34         2448.32 
       0.208729         2260.19         1971.83          2315.9 
       0.214876         2187.87         1845.05         2253.38 
       0.220989          2090.2         1727.42         2179.44 
       0.227147         2018.86          1625.3         2105.71 
        0.23329         1929.36          1542.2         2040.86 
       0.239377         1862.55         1476.79         1962.14 
       0.245482         1847.02         1423.17         1881.11 
       0.251667            1782         1374.77          1839.5 
       0.257832         1723.15         1326.38         1781.24 
       0.263955         1672.92         1274.55         1732.73 
       0.270079         1606.02         1218.63         1683.96 
        0.27624         1567.21         1160.63         1632.19 
       0.282372         1507.83         1104.16         1604.22 
        0.28843         1472.76         1052.29         1569.55 
       0.294538         1431.81         1005.98         1521.93 
       0.300721         1390.61         965.772         1476.82 
        0.30691         1366.53         931.185         1457.29 
       0.313033         1325.11         900.669         1412.21 
       0.319153         1320.61         871.904         1373.99 
       0.325316         1281.13         843.127         1354.28 
        0.33145         1239.97         813.802         1308.65 
       0.337538         1218.73         783.968         1289.04 
       0.343633         1193.05         754.209         1273.23 
       0.349808         1147.35         725.137         1252.72 
       0.355968         1133.68         698.007         1228.96 
       0.362074         1102.17         673.396         1205.73 
       0.368217         1080.76         651.053         1177.75 
       0.374374         1063.42         630.664         1155.05 
       0.380519         1048.67         611.687         1134.08 
       0.386598         1015.94         593.734         1119.14 
       0.392688         1005.98         576.093         1099.03 
        0.39888         982.359         558.266         1080.83 
       0.405048         980.641         540.636         1062.65 
       0.411186         950.953         523.443         1045.26 
       0.417313         932.879         506.946         1032.01 
       0.423458         922.073         491.257         1012.47 
       0.429607         906.882         476.511         996.142 
       0.435692         880.814         462.871         974.373 
       0.441815         869.881          450.01         971.353 
       0.447964         854.549         437.712         961.022 
       0.454126         843.877         425.821         934.613 
       0.460267         830.264         414.316         932.964 
       0.466387         825.571         403.106         917.372 
        0.47254         806.522         392.064         904.495 
       0.478662          787.31          381.36         891.387 
       0.484765         779.024         371.082         882.092 
       0.490885         769.249         361.225         865.542 
       0.497035         758.388         351.758         858.122 
       0.503198         747.128         342.709         848.092 
       0.509342         734.905         334.099         833.605 
       0.515458         723.888         325.875         827.949 
       0.521598         714.266         317.898         819.807 
       0.527764         704.992         310.109         812.946 
       0.533884         695.157         302.587         804.268 
           0.54         689.747         295.284         794.874 
       0.546137         676.961         288.166         786.409 
       0.552299         662.722         281.241         775.648 
       0.558452          654.35         274.572         769.557 
       0.564573         645.438         268.183         762.401 
       0.570708          644.11         262.019         752.148 
       0.576825         628.357         256.088         743.076 
       0.582926         626.477         250.362         738.298 
       0.589034         615.774           244.8         728.032 
       0.595184         604.523         239.361         720.603 
       0.601379         598.173         234.048         714.925 
       0.607522         591.169         228.943         704.237 
       0.613639         582.564         224.008         701.679 
       0.619772         575.538         219.199         699.531 
       0.625918         571.326         214.523           690.2 
       0.632068         568.274         209.989         686.291 
       0.638161          558.89          205.63         676.345 
         0.6443         550.984         201.363         670.277 
       0.650464         546.252         197.204         662.339 
       0.656582         539.525         193.195         658.243 
       0.662703         531.032         189.299         653.513 
       0.668861         527.047         185.491         650.291 
       0.675024         520.997         181.786         645.456 
       0.681124         512.815         178.221         636.687 
       0.687237         508.342         174.746         631.235 
       0.693381         500.039         171.349         625.446 
       0.699536         495.418         168.039         621.256 
       0.705665         491.843         164.831         613.993 
       0.711789         485.148         161.707         609.356 
       0.717957         479.937         158.644         608.165 
        0.72409         473.418         155.679         602.232 
       0.730186         469.511          152.81         595.922 
       0.736317         463.858         150.001         592.075 
       0.742472         459.287         147.254         588.343 
       0.748622         450.345         144.576          582.11 
        0.75476         449.615         141.968         582.029 
       0.760888         443.429         139.429           575.8 
       0.767043         438.011         136.944         568.615 
       0.773185         433.865         134.528         565.263 
       0.779291         428.747         132.185         560.659 
       0.785407         423.466         129.892         557.459 
       0.791564         421.126         127.639         555.564 
       0.797719         417.109         125.442         550.541 
       0.803834         411.388         123.312         546.859 
       0.809972         406.886         121.224         543.072 
       0.816124         404.755         119.178         537.397 
       0.822261         397.113         117.186         534.604 
       0.828378           394.5         115.246         530.669 
       0.834502         388.695         113.351         528.875 
       0.840667         387.271         111.487         524.891 
       0.846816          381.69         109.669         520.762 
       0.852925         378.288         107.902         517.784 
       0.859047         374.582          106.17         513.104 
       0.865192         370.156          104.47         510.016 
       0.871341         367.544         102.807         506.384 
       0.877463         364.071         101.188         503.432 
       0.883569         357.746           99.61          501.27 
       0.889708         357.383         98.0585         496.524 
       0.895864          353.82         96.5361         493.723 
       0.902008         348.686         95.0488         490.433 
       0.908149         345.073         93.5935         485.377 
       0.914301         339.739         92.1665         481.772 
       0.920448         337.425         90.7712         480.905 
       0.926574         333.877         89.4101         477.962 
       0.932687         329.099         88.0802         473.294 
       0.938823         327.094         86.7728         471.922 
       0.944975         324.401         85.4889         469.073 
       0.951105         319.343         84.2354         465.903 
       0.957225         317.271          83.009         462.655 
       0.963368           314.6         81.8028         459.815 
       0.969511         311.803         80.6209         456.807 
       0.975621         307.631         79.4694         454.319 
       0.981748             306          78.338          451.84 
       0.987916         303.479         77.2216         449.355 
        0.99406         299.259         76.1311         446.431 
        1.00019         296.351         75.0638         442.652 
        1.00632         294.163          74.018         440.061 
        1.01246         291.109         72.9909          437.43 
        1.01859         287.058         71.9852          434.69 
        1.02471         284.952         71.0001         432.302 
        1.03085         281.944         70.0302         430.831 
        1.03698         280.413         69.0805           429.1 
        1.04314           277.1         68.1442         425.571 
        1.04929         273.853          67.227         422.131 
        1.05541         270.575         66.3297         419.711 
        1.06154         267.863         65.4464         417.619 
        1.06769         266.806         64.5783         414.608 
        1.07382         263.598         63.7301         411.904 
        1.07993         261.123         62.9005         410.011 
        1.08607         258.117         62.0832         407.479 
        1.09222          255.32         61.2799         405.191 
        1.09836         252.904         60.4912         403.296 
        1.10449         250.153         59.7167         401.712 
        1.11063         247.382         58.9542         398.537 
        1.11677         245.787         58.2047         396.423 
         1.1229         241.832         57.4691         393.804 
        1.12903         240.446         56.7453          392.03 
        1.13518         238.106         56.0336         388.783 
        1.14131          235.99          55.335         387.644 
        1.14745         233.414         54.6494         384.581 
        1.15359         231.124         53.9759         383.382 
        1.15973         228.638          53.314         381.089 
        1.16584         226.337         52.6667         379.054 
        1.17197         223.964         52.0295         377.377 
        1.17811         222.237         51.4006         374.629 
        1.18424         220.259         50.7833         372.402 
        1.19038         217.559         50.1735          371.22 
        1.19652             215         49.5734         368.291 
        1.20267         213.602         48.9833         366.436 
        1.20881         210.943         48.4039         364.926 
        1.21495         208.426         47.8363         362.286 
        1.22108         207.502         47.2789         359.992 
         1.2272           205.1         46.7319         359.043 
        1.23334         202.627         46.1919         356.657 
        1.23949         201.204         45.6581         354.756 
        1.24562         199.259         45.1334         352.657 
        1.25174         196.965         44.6172         351.084 
        1.25789         195.237         44.1075         348.822 
        1.26402         193.102         43.6069         347.609 
        1.27014          191.89         43.1155         345.363 
        1.27628         190.137         42.6304         344.248 
        1.28244         188.573         42.1518         342.606 
        1.28858         185.305         41.6809         340.478 
        1.29471         184.477         41.2183         337.991 
        1.30084         181.931         40.7632         335.917 
        1.30697         180.455         40.3146         334.856 
        1.31312         178.462         39.8726         333.135 
        1.31925         176.701          39.439         331.159 
        1.32537         175.192         39.0126          329.19 
        1.33151         173.785         38.5911         327.926 
        1.33765         171.728         38.1759         326.362 
        1.34378         170.753         37.7675         324.073 
        1.34992         168.436         37.3645         322.575 
        1.35606         167.176         36.9663         320.656 
         1.3622         165.073         36.5745         319.517 
        1.36833         163.643         36.1891         318.305 
        1.37445         162.351         35.8094         315.793 
        1.38059         160.735          35.434         314.721 
        1.38675         159.013         35.0633         313.396 
        1.39288         157.857         34.6997         311.251 
        1.39901         156.097         34.3416         309.548 
        1.40515         154.244          33.988         308.017 
         1.4113         152.887         33.6394         306.267 
        1.41742         152.048         33.2967          304.59 
        1.42355         149.839         32.9578         303.438 
         1.4297         148.533         32.6223         301.328 
        1.43585         147.463         32.2915         300.584 
        1.44198          145.93         31.9668         298.765 
        1.44809         144.177         31.6477         297.196 
        1.45423         142.594         31.3323         295.329 
        1.46036          141.23         31.0223         294.105 
        1.46649         140.875         30.7165         292.844 
        1.47263         138.803         30.4145         291.054 
        1.47877         137.854         30.1163         289.253 
        1.48491         136.389         29.8212         287.663 
        1.49104         135.281         29.5304         286.676 
        1.49718         133.584          29.243         285.836 
        1.50333         132.368         28.9588         283.551 
        1.50947         131.154         28.6791         282.096 
         1.5156         130.108         28.4036         281.309 
        1.52172         128.795          28.132         279.836 
        1.52787         127.292         27.8635         278.436 
          1.534         126.008         27.5991         276.889 
        1.54013         125.202         27.3387         275.619 
        1.54627         123.793         27.0814         274.639 
        1.55241         122.616         26.8275         273.375 
        1.55855         121.357         26.5771         271.725 
        1.56467         120.094         26.3303         270.203 
         1.5708         119.099         26.0858         268.894 
