0.00783031 -3139.76
0.013688 2160.71
0.019231 508.42
0.0249154 -1390.52
0.0312784 -459.846
0.0375637 820.786
0.0433917 -277.575
0.0492413 781.051
0.0555754 174.348
0.0619321 89.2029
0.067871 451.905
0.0738098 863.888
0.0800417 482.443
0.0862327 550.623
0.0921407 798.073
0.0982031 854.565
0.104506 810.856
0.110769 762.878
0.116806 860.584
0.122832 863.395
0.129052 837.53
0.135211 1058.02
0.141259 979.938
0.147318 1040.17
0.153489 1098.66
0.159709 1155.38
0.165845 1260.1
0.171974 1118.89
0.178125 1170.66
0.184229 1150.35
0.19034 1176.78
0.196428 1233.46
0.202534 1162.12
0.208729 1114.14
0.214876 1188.6
0.220989 1193.56
0.227147 1161.24
0.23329 1198.86
0.239377 1151.34
0.245482 1242.89
0.251667 1189.48
0.257832 1218.97
0.263955 1187.21
0.270079 1208.88
0.27624 1189.43
0.282372 1191.8
0.28843 1194.26
0.294538 1245.61
0.300721 1190.88
0.30691 1182.81
0.313033 1148.74
0.319153 1168.6
0.325316 1167.47
0.33145 1169.69
0.337538 1177.98
0.343633 1164.52
0.349808 1171.12
0.355968 1142.8
0.362074 1161.88
0.368217 1152.61
0.374374 1148.09
0.380519 1147.6
0.386598 1135.6
0.392688 1143.86
0.39888 1153.1
0.405048 1123.88
0.411186 1137.34
0.417313 1111.57
0.423458 1131.66
0.429607 1126.41
0.435692 1104.06
0.441815 1108.98
0.447964 1111.95
0.454126 1096.81
0.460267 1108.5
0.466387 1102.98
0.47254 1101.45
0.478662 1097.31
0.484765 1082.11
0.490885 1086.81
0.497035 1082.74
0.503198 1080.53
0.509342 1073.52
0.515458 1061.73
0.521598 1062.54
0.527764 1046.94
0.533884 1052.9
0.54 1043.9
0.546137 1039.87
0.552299 1037.77
0.558452 1035.66
0.564573 1029.21
0.570708 1030.35
0.576825 1025.26
0.582926 1018.78
0.589034 1012.77
0.595184 1008.33
0.601379 1010.18
0.607522 1003.17
0.613639 994.576
0.619772 998.569
0.625918 993.233
0.632068 977.798
0.638161 983.881
0.6443 973.35
0.650464 968.035
0.656582 972.528
0.662703 965.141
0.668861 963.609
0.675024 948.249
0.681124 953.51
0.687237 948.799
0.693381 943.115
0.699536 934.297
0.705665 934.978
0.711789 934.83
0.717957 922.481
0.72409 916.041
0.730186 923.185
0.736317 905.641
0.742472 905.229
0.748622 896.917
0.75476 895.83
0.760888 897.905
0.767043 886.71
0.773185 881.689
0.779291 879.193
0.785407 875.471
0.791564 869.167
0.797719 861.624
0.803834 859.225
0.809972 855.15
0.816124 854.038
0.822261 855.5
0.828378 845.571
0.834502 844.635
0.840667 836.476
0.846816 830.385
0.852925 828.001
0.859047 825.634
0.865192 819.174
0.871341 812.726
0.877463 814.338
0.883569 812.975
0.889708 801.469
0.895864 796.904
0.902008 790.403
0.908149 790.364
0.914301 780.708
0.920448 778.826
0.926574 780.568
0.932687 773.193
0.938823 771.764
0.944975 763.11
0.951105 760.792
0.957225 754.061
0.963368 752.954
0.969511 743.465
0.975621 741.857
0.981748 741.584
0.987916 733.809
0.99406 731.768
1.00019 728.143
1.00632 725.921
1.01246 722.377
1.01859 713.821
1.02471 713.874
1.03085 708.747
1.03698 704.563
1.04314 699.757
1.04929 692.599
1.05541 692.56
1.06154 686.554
1.06769 685.113
1.07382 681.961
1.07993 675.526
1.08607 672.954
1.09222 669.036
1.09836 665.848
1.10449 661.393
1.11063 657.864
1.11677 651.819
1.1229 646.827
1.12903 646.863
1.13518 640.53
1.14131 641.698
1.14745 635.134
1.15359 630.267
1.15973 625.08
1.16584 622.367
1.17197 621.553
1.17811 619.464
1.18424 610.252
1.19038 610.311
1.19652 605.209
1.20267 604.309
1.20881 597.73
1.21495 594.315
1.22108 592.982
1.2272 590.551
1.23334 587.019
1.23949 582.594
1.24562 577.54
1.25174 574.49
1.25789 568.908
1.26402 568.944
1.27014 567.333
1.27628 559.074
1.28244 556.024
1.28858 555.477
1.29471 552.592
1.30084 547.485
1.30697 544.829
1.31312 542.85
1.31925 537.532
1.32537 534.447
1.33151 532.999
1.33765 527.569
1.34378 526.863
1.34992 523.014
1.35606 515.745
1.3622 515.369
1.36833 510.039
1.37445 508.336
1.38059 505.487
1.38675 501.694
1.39288 500.927
1.39901 495.163
1.40515 492.036
1.4113 490.398
1.41742 487.876
1.42355 485.182
1.4297 480.809
1.43585 477.386
1.44198 473.882
1.44809 472.689
1.45423 468.866
1.46036 466.114
1.46649 462.777
1.47263 460.718
1.47877 459.131
1.48491 455.635
1.49104 452.529
1.49718 448.946
1.50333 446.903
1.50947 443.473
1.5156 441.364
1.52172 438.106
1.52787 435.133
1.534 432.494
1.54013 429.797
1.54627 427.309
1.55241 426.53
1.55855 422.115
1.56467 419.561
1.5708 417.689
