0.00783031 9314.71
0.013688 9203.55
0.019231 12311.3
0.0249154 8850.81
0.0312784 9065.71
0.0375637 8182.2
0.0433917 9379.1
0.0492413 8847.99
0.0555754 9120.31
0.0619321 8313.56
0.067871 8672.64
0.0738098 8373.55
0.0800417 8435.24
0.0862327 8371.48
0.0921407 8101.97
0.0982031 8288.37
0.104506 8004.87
0.110769 7391.74
0.116806 7564.04
0.122832 7601.15
0.129052 7330.18
0.135211 7398.48
0.141259 7090.65
0.147318 6885.45
0.153489 7068.01
0.159709 6780.87
0.165845 6795.67
0.171974 6651.15
0.178125 6403.49
0.184229 6377.46
0.19034 6257.63
0.196428 6261.46
0.202534 6064.99
0.208729 5993.66
0.214876 5936.75
0.220989 5833.32
0.227147 5826.61
0.23329 5670.35
0.239377 5525.26
0.245482 5606.88
0.251667 5503.85
0.257832 5486.21
0.263955 5410.54
0.270079 5399.41
0.27624 5234.87
0.282372 5268.88
0.28843 5181.78
0.294538 5269.18
0.300721 5105.51
0.30691 5039.74
0.313033 4939.31
0.319153 4943.23
0.325316 4888.03
0.33145 4818.11
0.337538 4840.33
0.343633 4794.75
0.349808 4739.6
0.355968 4660.83
0.362074 4711.47
0.368217 4587.75
0.374374 4608.24
0.380519 4558.67
0.386598 4490.78
0.392688 4498.7
0.39888 4477.92
0.405048 4448.82
0.411186 4434.19
0.417313 4350.27
0.423458 4418.09
0.429607 4337.5
0.435692 4305.39
0.441815 4306.44
0.447964 4281.95
0.454126 4205.78
0.460267 4271.41
0.466387 4211.36
0.47254 4191.4
0.478662 4185.18
0.484765 4137.77
0.490885 4131.53
0.497035 4130.8
0.503198 4104.88
0.509342 4074.67
0.515458 4059.08
0.521598 4022.69
0.527764 3987.15
0.533884 4015.36
0.54 3968.94
0.546137 3964.19
0.552299 3957.31
0.558452 3912.68
0.564573 3930.41
0.570708 3893.61
0.576825 3901.87
0.582926 3859.44
0.589034 3852.16
0.595184 3843
0.601379 3837.11
0.607522 3813.68
0.613639 3799.02
0.619772 3798.68
0.625918 3773.24
0.632068 3742.79
0.638161 3752.92
0.6443 3717.68
0.650464 3726.8
0.656582 3710.77
0.662703 3708.79
0.668861 3691.62
0.675024 3651.35
0.681124 3681.76
0.687237 3673.28
0.693381 3649.13
0.699536 3617.65
0.705665 3617.8
0.711789 3626.52
0.717957 3593.23
0.72409 3582.45
0.730186 3597.56
0.736317 3562.67
0.742472 3557.89
0.748622 3527.49
0.75476 3524.06
0.760888 3530.28
0.767043 3518.5
0.773185 3501.49
0.779291 3489.56
0.785407 3490.71
0.791564 3469.98
0.797719 3444.9
0.803834 3444.57
0.809972 3437.66
0.816124 3431.41
0.822261 3445.51
0.828378 3421.02
0.834502 3409.37
0.840667 3388.93
0.846816 3392.43
0.852925 3391.56
0.859047 3377.26
0.865192 3360.61
0.871341 3354.73
0.877463 3365.45
0.883569 3351.47
0.889708 3328.79
0.895864 3316.89
0.902008 3304.9
0.908149 3319.8
0.914301 3290.77
0.920448 3292.23
0.926574 3299.75
0.932687 3270.33
0.938823 3290.63
0.944975 3261.59
0.951105 3253.18
0.957225 3235.77
0.963368 3245.99
0.969511 3214.02
0.975621 3224.71
0.981748 3215.42
0.987916 3200.7
0.99406 3211.71
1.00019 3202.69
1.00632 3196.26
1.01246 3187.92
1.01859 3168.9
1.02471 3176.63
1.03085 3166.16
1.03698 3159.88
1.04314 3153.23
1.04929 3138.57
1.05541 3129.66
1.06154 3124.32
1.06769 3132.99
1.07382 3123.84
1.07993 3107.55
1.08607 3109.21
1.09222 3101.48
1.09836 3100.1
1.10449 3088.08
1.11063 3082.83
1.11677 3070.06
1.1229 3056.99
1.12903 3068.47
1.13518 3050.18
1.14131 3059.45
1.14745 3043.06
1.15359 3035.67
1.15973 3028.83
1.16584 3023.22
1.17197 3033.05
1.17811 3026.23
1.18424 3000.94
1.19038 3008.8
1.19652 2998.89
1.20267 3001.12
1.20881 2982.63
1.21495 2981.27
1.22108 2984.89
1.2272 2972.09
1.23334 2972.06
1.23949 2964.18
1.24562 2946.28
1.25174 2947.37
1.25789 2937.94
1.26402 2943.57
1.27014 2942.44
1.27628 2921.91
1.28244 2914.8
1.28858 2921.27
1.29471 2917.2
1.30084 2899.85
1.30697 2903.1
1.31312 2911.81
1.31925 2885.58
1.32537 2885.17
1.33151 2883.22
1.33765 2870.88
1.34378 2876.49
1.34992 2865.15
1.35606 2844.12
1.3622 2848.28
1.36833 2838.65
1.37445 2835.25
1.38059 2832.91
1.38675 2825.43
1.39288 2825.79
1.39901 2810.45
1.40515 2805.79
1.4113 2805.49
1.41742 2800.61
1.42355 2802.6
1.4297 2787.23
1.43585 2781.85
1.44198 2774.98
1.44809 2769.8
1.45423 2764.63
1.46036 2758.85
1.46649 2756.28
1.47263 2751.42
1.47877 2756.9
1.48491 2748.99
1.49104 2738.6
1.49718 2729.37
1.50333 2726.48
1.50947 2717.68
1.5156 2717.46
1.52172 2711.47
1.52787 2701.69
1.534 2698
1.54013 2692.78
1.54627 2690.39
1.55241 2690.42
1.55855 2678.28
1.56467 2671.64
1.5708 2670.64
