0.00783031 -3.96813
0.013688 2.84869
0.019231 -2.06363
0.0249154 2.52517
0.0312784 3.36588
0.0375637 0.985178
0.0433917 4.23962
0.0492413 4.29232
0.0555754 6.02262
0.0619321 6.56308
0.067871 7.70944
0.0738098 7.31282
0.0800417 7.96301
0.0862327 9.00919
0.0921407 10.2389
0.0982031 10.0975
0.104506 13.4354
0.110769 13.9604
0.116806 13.24
0.122832 17.6493
0.129052 16.5036
0.135211 21.024
0.141259 20.5553
0.147318 21.5533
0.153489 24.0818
0.159709 24.988
0.165845 26.1729
0.171974 26.6056
0.178125 27.2469
0.184229 28.2451
0.19034 29.1648
0.196428 29.7113
0.202534 31.5754
0.208729 33.0258
0.214876 32.9955
0.220989 35.1042
0.227147 36.4095
0.23329 36.7808
0.239377 36.6734
0.245482 36.9278
0.251667 37.7785
0.257832 38.5542
0.263955 39.9519
0.270079 40.5556
0.27624 41.3545
0.282372 42.2522
0.28843 42.8323
0.294538 43.1702
0.300721 45.7004
0.30691 45.9076
0.313033 43.9776
0.319153 45.6886
0.325316 45.9336
0.33145 46.6226
0.337538 47.9023
0.343633 47.8188
0.349808 47.4522
0.355968 49.2063
0.362074 50.1013
0.368217 50.6005
0.374374 50.1913
0.380519 50.4494
0.386598 49.8341
0.392688 51.733
0.39888 51.6557
0.405048 52.3763
0.411186 51.4036
0.417313 53.653
0.423458 52.7789
0.429607 53.5416
0.435692 53.0869
0.441815 53.7709
0.447964 53.336
0.454126 54.1143
0.460267 54.6706
0.466387 54.0612
0.47254 54.3293
0.478662 54.9112
0.484765 56.2611
0.490885 54.4165
0.497035 54.994
0.503198 55.402
0.509342 54.3919
0.515458 56.3117
0.521598 55.7178
0.527764 56.4551
0.533884 55.9807
0.54 56.4189
0.546137 56.1636
0.552299 56.4578
0.558452 57.4325
0.564573 56.9687
0.570708 56.3824
0.576825 56.454
0.582926 56.5276
0.589034 57.0749
0.595184 56.0201
0.601379 56.6747
0.607522 56.6126
0.613639 56.2033
0.619772 54.9508
0.625918 56.2907
0.632068 55.89
0.638161 56.7898
0.6443 56.2728
0.650464 56.1956
0.656582 56.3179
0.662703 56.3689
0.668861 56.1227
0.675024 55.4471
0.681124 55.4337
0.687237 55.6342
0.693381 55.2804
0.699536 54.7695
0.705665 54.5976
0.711789 54.9335
0.717957 54.445
0.72409 54.3507
0.730186 54.1623
0.736317 54.4701
0.742472 54.2168
0.748622 54.0434
0.75476 53.3096
0.760888 53.1479
0.767043 53.7654
0.773185 52.8452
0.779291 53.6488
0.785407 53.266
0.791564 51.9147
0.797719 52.7583
0.803834 51.956
0.809972 52.0131
0.816124 51.8475
0.822261 51.1722
0.828378 51.1956
0.834502 50.3394
0.840667 50.9345
0.846816 50.2716
0.852925 50.2854
0.859047 49.702
0.865192 49.6547
0.871341 49.6569
0.877463 49.1324
0.883569 48.3046
0.889708 48.6881
0.895864 48.1612
0.902008 47.9081
0.908149 48.0282
0.914301 47.63
0.920448 47.1048
0.926574 46.8808
0.932687 46.6211
0.938823 46.6459
0.944975 46.35
0.951105 45.6148
0.957225 45.8333
0.963368 45.9602
0.969511 45.3477
0.975621 45.0876
0.981748 45.0996
0.987916 44.5326
0.99406 44.512
1.00019 44.075
1.00632 43.5296
1.01246 43.3937
1.01859 43.4961
1.02471 42.7723
1.03085 42.9564
1.03698 42.2728
1.04314 42.078
1.04929 41.2777
1.05541 41.9785
1.06154 41.4101
1.06769 41.4511
1.07382 40.7787
1.07993 40.4957
1.08607 40.2793
1.09222 40.7512
1.09836 40.0205
1.10449 39.5227
1.11063 39.9145
1.11677 39.4823
1.1229 39.3143
1.12903 39.1246
1.13518 38.5918
1.14131 38.3719
1.14745 38.2788
1.15359 38.156
1.15973 38.3069
1.16584 37.7609
1.17197 37.3328
1.17811 37.1417
1.18424 37.6241
1.19038 36.9209
1.19652 36.4367
1.20267 36.6947
1.20881 36.2883
1.21495 36.1602
1.22108 35.5249
1.2272 35.9133
1.23334 35.3456
1.23949 35.9152
1.24562 35.524
1.25174 35.4734
1.25789 34.7825
1.26402 34.6572
1.27014 34.7539
1.27628 34.7371
1.28244 34.3493
1.28858 34.2237
1.29471 34.2355
1.30084 34.042
1.30697 33.4859
1.31312 33.3506
1.31925 33.4509
1.32537 33.1067
1.33151 33.2705
1.33765 33.0347
1.34378 33.0179
1.34992 32.7549
1.35606 32.8721
1.3622 32.4407
1.36833 32.2854
1.37445 32.332
1.38059 32.4012
1.38675 32.0352
1.39288 32.364
1.39901 31.6989
1.40515 31.8461
1.4113 31.6733
1.41742 31.2286
1.42355 31.3293
1.4297 31.3444
1.43585 31.1268
1.44198 30.8786
1.44809 31.1632
1.45423 31.0388
1.46036 30.8531
1.46649 30.5379
1.47263 30.4524
1.47877 30.8952
1.48491 30.6978
1.49104 30.3597
1.49718 30.2328
1.50333 30.0836
1.50947 30.1514
1.5156 30.139
1.52172 30.2842
1.52787 30.0699
1.534 29.985
1.54013 29.7263
1.54627 29.5589
1.55241 29.6382
1.55855 29.6679
1.56467 29.285
1.5708 29.4934
