#  k  (h/Mpc)          P(k)  (Mpc/h)^3     P_linear(k)   P_NL(k) (Mpc/h)^3
     0.00783031         20115.2         20513.5           20402 
       0.013688         24884.1         25365.8         25170.4 
       0.019231         25158.9         25635.4         25378.2 
      0.0249154         23087.7         23617.7         23341.1 
      0.0312784         19737.6         20361.8         20072.2 
      0.0375637         17014.5         17287.6         17029.1 
      0.0433917         15014.2         15046.4         14768.3 
      0.0492413         13178.2         13439.5         13172.6 
      0.0555754         11911.3         12280.2         12034.8 
      0.0619321         11122.1         11423.3         11182.2 
       0.067871         10217.8         10674.3         10455.7 
      0.0738098          9578.9         9842.08         9530.37 
      0.0800417         8564.78         8856.08         8604.23 
      0.0862327         7572.28         7841.33          7739.8 
      0.0921407         6991.23         6940.55         6884.81 
      0.0982031          6104.9         6164.83         6243.98 
       0.104506         5602.67         5561.75         5737.32 
       0.110769          5132.5         5155.89         5263.08 
       0.116806         4745.43         4889.47         4964.46 
       0.122832         4682.66         4677.07         4752.13 
       0.129052         4339.51         4453.97         4522.27 
       0.135211         4255.74         4193.92         4269.83 
       0.141259         4014.63         3896.12         4050.54 
       0.147318         3802.07         3576.26         3807.16 
       0.153489         3532.47          3260.5         3472.32 
       0.159709         3351.36         2982.04         3265.67 
       0.165845         3096.86         2764.14         3130.37 
       0.171974         2978.07         2604.93         2961.41 
       0.178125         2846.85          2488.7         2879.78 
       0.184229         2721.33          2396.6         2743.09 
        0.19034         2626.36         2308.28         2640.78 
       0.196428         2508.96         2211.01            2533 
       0.202534         2417.67         2098.34         2448.32 
       0.208729          2370.2         1971.83          2315.9 
       0.214876         2257.02         1845.05         2253.38 
       0.220989         2176.97         1727.42         2179.44 
       0.227147         2073.15          1625.3         2105.71 
        0.23329         2045.45          1542.2         2040.86 
       0.239377         2006.09         1476.79         1962.14 
       0.245482         1879.48         1423.17         1881.11 
       0.251667         1829.26         1374.77          1839.5 
       0.257832         1817.06         1326.38         1781.24 
       0.263955         1758.56         1274.55         1732.73 
       0.270079         1695.77         1218.63         1683.96 
        0.27624          1663.2         1160.63         1632.19 
       0.282372         1619.52         1104.16         1604.22 
        0.28843         1584.15         1052.29         1569.55 
       0.294538          1523.4         1005.98         1521.93 
       0.300721         1502.02         965.772         1476.82 
        0.30691          1473.2         931.185         1457.29 
       0.313033         1418.35         900.669         1412.21 
       0.319153         1389.61         871.904         1373.99 
       0.325316         1365.59         843.127         1354.28 
        0.33145         1350.23         813.802         1308.65 
       0.337538         1323.97         783.968         1289.04 
       0.343633         1271.48         754.209         1273.23 
       0.349808         1223.39         725.137         1252.72 
       0.355968         1229.17         698.007         1228.96 
       0.362074         1207.16         673.396         1205.73 
       0.368217         1191.84         651.053         1177.75 
       0.374374         1158.36         630.664         1155.05 
       0.380519         1152.14         611.687         1134.08 
       0.386598         1124.55         593.734         1119.14 
       0.392688         1104.46         576.093         1099.03 
        0.39888         1073.05         558.266         1080.83 
       0.405048         1073.92         540.636         1062.65 
       0.411186         1057.43         523.443         1045.26 
       0.417313         1039.57         506.946         1032.01 
       0.423458         1019.57         491.257         1012.47 
       0.429607         1013.04         476.511         996.142 
       0.435692         1006.64         462.871         974.373 
       0.441815         978.232          450.01         971.353 
       0.447964         965.679         437.712         961.022 
       0.454126         943.427         425.821         934.613 
       0.460267         937.504         414.316         932.964 
       0.466387         920.343         403.106         917.372 
        0.47254         905.267         392.064         904.495 
       0.478662         903.462          381.36         891.387 
       0.484765         892.788         371.082         882.092 
       0.490885         873.428         361.225         865.542 
       0.497035         865.726         351.758         858.122 
       0.503198         848.952         342.709         848.092 
       0.509342         837.244         334.099         833.605 
       0.515458         840.014         325.875         827.949 
       0.521598         824.501         317.898         819.807 
       0.527764           815.3         310.109         812.946 
       0.533884         804.071         302.587         804.268 
           0.54         793.438         295.284         794.874 
       0.546137         787.281         288.166         786.409 
       0.552299         781.064         281.241         775.648 
       0.558452         768.288         274.572         769.557 
       0.564573         756.875         268.183         762.401 
       0.570708         756.472         262.019         752.148 
       0.576825         747.924         256.088         743.076 
       0.582926         735.199         250.362         738.298 
       0.589034         726.351           244.8         728.032 
       0.595184          723.97         239.361         720.603 
       0.601379         714.225         234.048         714.925 
       0.607522         707.703         228.943         704.237 
       0.613639         700.075         224.008         701.679 
       0.619772         689.409         219.199         699.531 
       0.625918         686.691         214.523           690.2 
       0.632068         678.502         209.989         686.291 
       0.638161         674.463          205.63         676.345 
         0.6443          665.51         201.363         670.277 
       0.650464         655.959         197.204         662.339 
       0.656582         653.768         193.195         658.243 
       0.662703         646.276         189.299         653.513 
       0.668861         638.273         185.491         650.291 
       0.675024         640.519         181.786         645.456 
       0.681124         627.475         178.221         636.687 
       0.687237         620.402         174.746         631.235 
       0.693381         616.692         171.349         625.446 
       0.699536         610.695         168.039         621.256 
       0.705665         607.386         164.831         613.993 
       0.711789         603.296         161.707         609.356 
       0.717957          593.48         158.644         608.165 
        0.72409          590.88         155.679         602.232 
       0.730186         584.404          152.81         595.922 
       0.736317         581.572         150.001         592.075 
       0.742472         575.941         147.254         588.343 
       0.748622         567.158         144.576          582.11 
        0.75476         564.657         141.968         582.029 
       0.760888          564.47         139.429           575.8 
       0.767043         557.211         136.944         568.615 
       0.773185         544.387         134.528         565.263 
       0.779291          545.83         132.185         560.659 
       0.785407         542.784         129.892         557.459 
       0.791564         536.247         127.639         555.564 
       0.797719         533.909         125.442         550.541 
       0.803834         527.714         123.312         546.859 
       0.809972         521.146         121.224         543.072 
       0.816124         522.717         119.178         537.397 
       0.822261         516.606         117.186         534.604 
       0.828378         515.158         115.246         530.669 
       0.834502         509.529         113.351         528.875 
       0.840667         504.155         111.487         524.891 
       0.846816         498.414         109.669         520.762 
       0.852925         496.514         107.902         517.784 
       0.859047         489.119          106.17         513.104 
       0.865192         487.055          104.47         510.016 
       0.871341         484.868         102.807         506.384 
       0.877463         480.468         101.188         503.432 
       0.883569         478.172           99.61          501.27 
       0.889708         474.503         98.0585         496.524 
       0.895864          468.98         96.5361         493.723 
       0.902008          462.95         95.0488         490.433 
       0.908149         461.401         93.5935         485.377 
       0.914301         458.002         92.1665         481.772 
       0.920448         454.951         90.7712         480.905 
       0.926574          450.56         89.4101         477.962 
       0.932687          447.92         88.0802         473.294 
       0.938823         444.772         86.7728         471.922 
       0.944975         438.723         85.4889         469.073 
       0.951105         438.158         84.2354         465.903 
       0.957225         434.826          83.009         462.655 
       0.963368         431.476         81.8028         459.815 
       0.969511         428.662         80.6209         456.807 
       0.975621         423.478         79.4694         454.319 
       0.981748         419.229          78.338          451.84 
       0.987916         417.239         77.2216         449.355 
        0.99406         413.067         76.1311         446.431 
        1.00019         411.885         75.0638         442.652 
        1.00632         407.669          74.018         440.061 
        1.01246         405.112         72.9909          437.43 
        1.01859         403.071         71.9852          434.69 
        1.02471         397.878         71.0001         432.302 
        1.03085         396.412         70.0302         430.831 
        1.03698         391.358         69.0805           429.1 
        1.04314         389.609         68.1442         425.571 
        1.04929         385.121          67.227         422.131 
        1.05541         384.413         66.3297         419.711 
        1.06154         381.778         65.4464         417.619 
        1.06769         377.877         64.5783         414.608 
        1.07382          374.78         63.7301         411.904 
        1.07993         374.556         62.9005         410.011 
        1.08607         368.698         62.0832         407.479 
        1.09222           366.4         61.2799         405.191 
        1.09836         365.941         60.4912         403.296 
        1.10449         361.198         59.7167         401.712 
        1.11063         359.827         58.9542         398.537 
        1.11677         357.907         58.2047         396.423 
         1.1229         353.611         57.4691         393.804 
        1.12903         350.945         56.7453          392.03 
        1.13518         348.711         56.0336         388.783 
        1.14131         344.882          55.335         387.644 
        1.14745         344.074         54.6494         384.581 
        1.15359         340.673         53.9759         383.382 
        1.15973         337.972          53.314         381.089 
        1.16584          334.44         52.6667         379.054 
        1.17197         332.863         52.0295         377.377 
        1.17811         330.029         51.4006         374.629 
        1.18424         328.782         50.7833         372.402 
        1.19038         325.844         50.1735          371.22 
        1.19652         323.724         49.5734         368.291 
        1.20267          321.05         48.9833         366.436 
        1.20881         318.706         48.4039         364.926 
        1.21495         315.853         47.8363         362.286 
        1.22108         313.248         47.2789         359.992 
         1.2272         311.283         46.7319         359.043 
        1.23334         309.404         46.1919         356.657 
        1.23949         307.245         45.6581         354.756 
        1.24562         304.285         45.1334         352.657 
        1.25174          302.36         44.6172         351.084 
        1.25789         300.864         44.1075         348.822 
        1.26402         298.374         43.6069         347.609 
        1.27014         295.429         43.1155         345.363 
        1.27628         293.559         42.6304         344.248 
        1.28244         291.089         42.1518         342.606 
        1.28858         289.593         41.6809         340.478 
        1.29471          287.87         41.2183         337.991 
        1.30084         285.246         40.7632         335.917 
        1.30697         283.037         40.3146         334.856 
        1.31312         281.763         39.8726         333.135 
        1.31925          279.55          39.439         331.159 
        1.32537         278.113         39.0126          329.19 
        1.33151          274.86         38.5911         327.926 
        1.33765         273.583         38.1759         326.362 
        1.34378         271.289         37.7675         324.073 
        1.34992         268.825         37.3645         322.575 
        1.35606         267.109         36.9663         320.656 
         1.3622         265.457         36.5745         319.517 
        1.36833         263.286         36.1891         318.305 
        1.37445          261.53         35.8094         315.793 
        1.38059         260.155          35.434         314.721 
        1.38675         258.322         35.0633         313.396 
        1.39288         256.196         34.6997         311.251 
        1.39901         254.057         34.3416         309.548 
        1.40515         252.219          33.988         308.017 
         1.4113         250.603         33.6394         306.267 
        1.41742         248.615         33.2967          304.59 
        1.42355         247.468         32.9578         303.438 
         1.4297         244.932         32.6223         301.328 
        1.43585         243.406         32.2915         300.584 
        1.44198         241.222         31.9668         298.765 
        1.44809          240.07         31.6477         297.196 
        1.45423         238.023         31.3323         295.329 
        1.46036         236.674         31.0223         294.105 
        1.46649         234.667         30.7165         292.844 
        1.47263         231.874         30.4145         291.054 
        1.47877         231.065         30.1163         289.253 
        1.48491         229.249         29.8212         287.663 
        1.49104         228.059         29.5304         286.676 
        1.49718         227.013          29.243         285.836 
        1.50333         223.886         28.9588         283.551 
        1.50947         223.136         28.6791         282.096 
         1.5156         220.584         28.4036         281.309 
        1.52172         219.542          28.132         279.836 
        1.52787         218.069         27.8635         278.436 
          1.534         216.322         27.5991         276.889 
        1.54013         215.032         27.3387         275.619 
        1.54627         213.398         27.0814         274.639 
        1.55241         212.096         26.8275         273.375 
        1.55855         210.211         26.5771         271.725 
        1.56467           209.2         26.3303         270.203 
         1.5708         207.031         26.0858         268.894 
