0.00783031 19712.5
0.013688 24512.5
0.019231 24782.3
0.0249154 22766.9
0.0312784 19586.7
0.0375637 17005.6
0.0433917 15091.4
0.0492413 13301.1
0.0555754 12054.5
0.0619321 11348.1
0.067871 10492.6
0.0738098 9879.75
0.0800417 8872.4
0.0862327 7935.46
0.0921407 7398.7
0.0982031 6491.48
0.104506 6013.48
0.110769 5524.95
0.116806 5152.91
0.122832 5108.12
0.129052 4745.9
0.135211 4714.41
0.141259 4471.22
0.147318 4250.75
0.153489 3992.51
0.159709 3826.24
0.165845 3542.63
0.171974 3424.12
0.178125 3292.05
0.184229 3173.01
0.19034 3075.38
0.196428 2955.87
0.202534 2874.42
0.208729 2822.42
0.214876 2709.73
0.220989 2623.3
0.227147 2513.67
0.23329 2492.51
0.239377 2459.23
0.245482 2310.18
0.251667 2264.92
0.257832 2253.08
0.263955 2191.94
0.270079 2129.17
0.27624 2092.83
0.282372 2050.84
0.28843 2015.82
0.294538 1947.4
0.300721 1927.71
0.30691 1904.85
0.313033 1836.66
0.319153 1807.6
0.325316 1781.46
0.33145 1767.94
0.337538 1742.96
0.343633 1681.79
0.349808 1621.96
0.355968 1636.07
0.362074 1615.42
0.368217 1599.63
0.374374 1559.53
0.380519 1554.59
0.386598 1522.63
0.392688 1499.08
0.39888 1462.97
0.405048 1469.65
0.411186 1452.9
0.417313 1433.42
0.423458 1407.33
0.429607 1404.67
0.435692 1399.89
0.441815 1363.33
0.447964 1350.45
0.454126 1321.54
0.460267 1319.49
0.466387 1299.8
0.47254 1281.34
0.478662 1280.78
0.484765 1270.11
0.490885 1245.31
0.497035 1238.38
0.503198 1218.71
0.509342 1204.29
0.515458 1212.43
0.521598 1192.49
0.527764 1181.95
0.533884 1168.39
0.54 1156.93
0.546137 1149.6
0.552299 1142.38
0.558452 1127.32
0.564573 1113.41
0.570708 1115.65
0.576825 1105.45
0.582926 1089.75
0.589034 1078.36
0.595184 1078.58
0.601379 1065.15
0.607522 1058.17
0.613639 1047.48
0.619772 1035.9
0.625918 1033.28
0.632068 1022.88
0.638161 1018.79
0.6443 1007.83
0.650464 995.31
0.656582 993.092
0.662703 983.664
0.668861 975.272
0.675024 978.923
0.681124 961.989
0.687237 952.049
0.693381 949.233
0.699536 940.727
0.705665 937.264
0.711789 933.141
0.717957 920.198
0.72409 917.495
0.730186 909.134
0.736317 906.651
0.742472 899.583
0.748622 886.458
0.75476 885.256
0.760888 886.101
0.767043 876.372
0.773185 857.501
0.779291 861.37
0.785407 858.139
0.791564 849.154
0.797719 847.559
0.803834 837.87
0.809972 829.525
0.816124 833.232
0.822261 824.595
0.828378 823.781
0.834502 815.659
0.840667 809.158
0.846816 800.973
0.852925 799.051
0.859047 788.134
0.865192 786.582
0.871341 783.71
0.877463 778.199
0.883569 775.215
0.889708 771.165
0.895864 763.121
0.902008 754.357
0.908149 753.147
0.914301 748.715
0.920448 744.963
0.926574 738.845
0.932687 735.39
0.938823 730.375
0.944975 722.152
0.951105 722.373
0.957225 718.234
0.963368 713.257
0.969511 709.631
0.975621 702.032
0.981748 696.04
0.987916 693.709
0.99406 688.007
1.00019 686.789
1.00632 679.884
1.01246 676.794
1.01859 674.774
1.02471 667.04
1.03085 665.353
1.03698 657.319
1.04314 655.322
1.04929 648.445
1.05541 648.219
1.06154 644.642
1.06769 639.09
1.07382 634.584
1.07993 634.701
1.08607 625.605
1.09222 622.75
1.09836 622.559
1.10449 615.673
1.11063 613.632
1.11677 610.868
1.1229 604.544
1.12903 600.52
1.13518 597.382
1.14131 591.9
1.14745 591.257
1.15359 585.945
1.15973 582.207
1.16584 576.662
1.17197 574.352
1.17811 570.268
1.18424 568.622
1.19038 564.7
1.19652 561.328
1.20267 557.444
1.20881 553.376
1.21495 549.672
1.22108 545.591
1.2272 542.388
1.23334 539.805
1.23949 536.585
1.24562 532.257
1.25174 529.528
1.25789 527.225
1.26402 523.945
1.27014 519.111
1.27628 516.401
1.28244 512.243
1.28858 510.16
1.29471 507.578
1.30084 503.68
1.30697 500.412
1.31312 498.585
1.31925 494.949
1.32537 492.994
1.33151 487.954
1.33765 486.434
1.34378 482.462
1.34992 478.648
1.35606 475.751
1.3622 473.653
1.36833 470.309
1.37445 467.17
1.38059 465.268
1.38675 462.622
1.39288 459.49
1.39901 455.655
1.40515 453.198
1.4113 450.672
1.41742 447.425
1.42355 446.028
1.4297 441.538
1.43585 439.429
1.44198 436.154
1.44809 433.945
1.45423 430.947
1.46036 428.641
1.46649 425.232
1.47263 421.036
1.47877 419.739
1.48491 416.849
1.49104 414.905
1.49718 413.512
1.50333 408.433
1.50947 407.129
1.5156 402.92
1.52172 401.226
1.52787 399.253
1.534 396.204
1.54013 394.153
1.54627 391.553
1.55241 389.574
1.55855 386.492
1.56467 384.975
1.5708 381.369
