0.00783031 -417.342
0.013688 4.19153
0.019231 -863.375
0.0249154 -1666.73
0.0312784 -698.494
0.0375637 449.156
0.0433917 -774.33
0.0492413 -125.17
0.0555754 305.495
0.0619321 272.975
0.067871 106.839
0.0738098 509.521
0.0800417 620.01
0.0862327 358.595
0.0921407 458.877
0.0982031 607.817
0.104506 570.76
0.110769 733.983
0.116806 884.896
0.122832 847.905
0.129052 966.441
0.135211 982.272
0.141259 991.21
0.147318 940.266
0.153489 1027.5
0.159709 1006.22
0.165845 1107.46
0.171974 1104.93
0.178125 1120.28
0.184229 1056.06
0.19034 1052.41
0.196428 1157.31
0.202534 1017.28
0.208729 1047.44
0.214876 1151.81
0.220989 1081.13
0.227147 1079.38
0.23329 1134.07
0.239377 1137.91
0.245482 1106.51
0.251667 1150.27
0.257832 1125.9
0.263955 1143.37
0.270079 1139.31
0.27624 1146.28
0.282372 1105.93
0.28843 1138.63
0.294538 1141.75
0.300721 1130.52
0.30691 1123.11
0.313033 1120.74
0.319153 1114.7
0.325316 1104.95
0.33145 1125.53
0.337538 1100.91
0.343633 1106.74
0.349808 1122.45
0.355968 1123.31
0.362074 1115.15
0.368217 1105.92
0.374374 1093.68
0.380519 1106.75
0.386598 1094.68
0.392688 1107.38
0.39888 1084.55
0.405048 1073.94
0.411186 1096.89
0.417313 1077.16
0.423458 1094.32
0.429607 1078.5
0.435692 1075.31
0.441815 1055.32
0.447964 1065.23
0.454126 1050.37
0.460267 1072.32
0.466387 1052.49
0.47254 1062.67
0.478662 1048.46
0.484765 1049.67
0.490885 1049.77
0.497035 1040.51
0.503198 1040.61
0.509342 1014.33
0.515458 1023.62
0.521598 1027.06
0.527764 1026.3
0.533884 1008.14
0.54 1018.52
0.546137 1001.27
0.552299 1003.32
0.558452 996.505
0.564573 998.527
0.570708 998.777
0.576825 985.44
0.582926 980.976
0.589034 989.156
0.595184 975.526
0.601379 969.73
0.607522 966.864
0.613639 967.024
0.619772 954.236
0.625918 949.073
0.632068 950.541
0.638161 952.826
0.6443 948.795
0.650464 942.945
0.656582 931.44
0.662703 940.46
0.668861 923.675
0.675024 913.506
0.681124 917.887
0.687237 919.265
0.693381 909.425
0.699536 907.172
0.705665 904.309
0.711789 897.556
0.717957 896.593
0.72409 888.614
0.730186 886.795
0.736317 879.69
0.742472 880.406
0.748622 871.497
0.75476 871.268
0.760888 868.146
0.767043 861.106
0.773185 860.088
0.779291 847.372
0.785407 853.684
0.791564 837.773
0.797719 843.588
0.803834 836.079
0.809972 829.826
0.816124 821.767
0.822261 826.418
0.828378 823.021
0.834502 818.074
0.840667 806.847
0.846816 808.147
0.852925 804.735
0.859047 804.119
0.865192 794.629
0.871341 789.608
0.877463 787.344
0.883569 784.139
0.889708 781.698
0.895864 772.008
0.902008 770.723
0.908149 767.463
0.914301 758.967
0.920448 759.844
0.926574 748.313
0.932687 747.187
0.938823 741.486
0.944975 742.711
0.951105 738.802
0.957225 729.965
0.963368 730.296
0.969511 728.509
0.975621 722.329
0.981748 715.262
0.987916 713.64
0.99406 711.747
1.00019 706.497
1.00632 703.738
1.01246 696.09
1.01859 698.291
1.02471 688.41
1.03085 686.776
1.03698 684.124
1.04314 675.926
1.04929 675.063
1.05541 672.62
1.06154 668.335
1.06769 662.413
1.07382 660.36
1.07993 656.427
1.08607 650.705
1.09222 648.84
1.09836 644.134
1.10449 641.104
1.11063 638.563
1.11677 635.617
1.1229 629.185
1.12903 630.301
1.13518 623.24
1.14131 619.917
1.14745 617.596
1.15359 612.424
1.15973 606.951
1.16584 608.809
1.17197 603.428
1.17811 595.868
1.18424 595.866
1.19038 592.684
1.19652 587.016
1.20267 585.89
1.20881 581.258
1.21495 578.018
1.22108 574.818
1.2272 571.176
1.23334 568.219
1.23949 564.858
1.24562 561.953
1.25174 557.044
1.25789 554.975
1.26402 549.849
1.27014 548.313
1.27628 544.673
1.28244 540.753
1.28858 537.775
1.29471 532.744
1.30084 532.354
1.30697 528.148
1.31312 524.825
1.31925 521.102
1.32537 518.487
1.33151 516.653
1.33765 512.066
1.34378 507.901
1.34992 507.448
1.35606 503.516
1.3622 500.202
1.36833 495.659
1.37445 493.121
1.38059 489.806
1.38675 487.381
1.39288 484.895
1.39901 481.561
1.40515 477.467
1.4113 475.48
1.41742 472.98
1.42355 468.818
1.4297 466.706
1.43585 462.38
1.44198 461.898
1.44809 459.13
1.45423 455.145
1.46036 453.394
1.46649 450.184
1.47263 447.492
1.47877 443.988
1.48491 441.112
1.49104 437.104
1.49718 435.203
1.50333 432.222
1.50947 430.214
1.5156 426.09
1.52172 425.736
1.52787 422.619
1.534 421.61
1.54013 416.413
1.54627 414.794
1.55241 410.723
1.55855 408.217
1.56467 406.336
1.5708 405.17
