0.00783031 4229.67
0.013688 5365.93
0.019231 5122.59
0.0249154 5151.96
0.0312784 5721.95
0.0375637 4498.75
0.0433917 4587.36
0.0492413 4111.55
0.0555754 4031.17
0.0619321 4090.1
0.067871 3435.15
0.0738098 3275.64
0.0800417 3203.17
0.0862327 3121.39
0.0921407 2879.35
0.0982031 2650.21
0.104506 2615.26
0.110769 2426.84
0.116806 2384.59
0.122832 2229.31
0.129052 2251.2
0.135211 2112.56
0.141259 1941.33
0.147318 1864.58
0.153489 1833.61
0.159709 1701.44
0.165845 1589.34
0.171974 1601.87
0.178125 1523.37
0.184229 1423.02
0.19034 1398.82
0.196428 1336.05
0.202534 1326.64
0.208729 1267.94
0.214876 1225.58
0.220989 1133.15
0.227147 1128.39
0.23329 1121.07
0.239377 1046.84
0.245482 1041.11
0.251667 1014.53
0.257832 980.441
0.263955 943.881
0.270079 901.208
0.27624 891.395
0.282372 856.16
0.28843 854.045
0.294538 821.331
0.300721 808.129
0.30691 791.189
0.313033 757.238
0.319153 744.468
0.325316 711.118
0.33145 712.801
0.337538 674.156
0.343633 686.712
0.349808 645.662
0.355968 631.796
0.362074 615.108
0.368217 615.651
0.374374 603.955
0.380519 581.799
0.386598 575.51
0.392688 549.351
0.39888 541.041
0.405048 531.444
0.411186 526.197
0.417313 501.293
0.423458 493.859
0.429607 478.956
0.435692 483.642
0.441815 462.113
0.447964 452.762
0.454126 454.142
0.460267 438.42
0.466387 427.517
0.47254 422.91
0.478662 411.303
0.484765 414.244
0.490885 410.193
0.497035 392.806
0.503198 385.182
0.509342 377.035
0.515458 369.494
0.521598 367.627
0.527764 350.415
0.533884 348.946
0.54 348.535
0.546137 336.657
0.552299 333.665
0.558452 322.708
0.564573 320.429
0.570708 311.65
0.576825 309.052
0.582926 304.117
0.589034 302.724
0.595184 292.81
0.601379 291.496
0.607522 276.738
0.613639 278.182
0.619772 268.006
0.625918 270.922
0.632068 261.284
0.638161 261.456
0.6443 253.884
0.650464 248.759
0.656582 243.618
0.662703 236.974
0.668861 235.712
0.675024 232.812
0.681124 230.59
0.687237 217.691
0.693381 217.459
0.699536 213.849
0.705665 211.028
0.711789 210.953
0.717957 198.41
0.72409 200.863
0.730186 195.349
0.736317 192.76
0.742472 187.273
0.748622 183.291
0.75476 184.286
0.760888 178.134
0.767043 178.071
0.773185 171.475
0.779291 168.659
0.785407 163.77
0.791564 163.118
0.797719 165.06
0.803834 158.101
0.809972 154.99
0.816124 155.054
0.822261 152.624
0.828378 143.839
0.834502 143.153
0.840667 143.419
0.846816 138.781
0.852925 134.934
0.859047 135.872
0.865192 129.654
0.871341 130.866
0.877463 130.468
0.883569 127.643
0.889708 123.008
0.895864 123.009
0.902008 119.381
0.908149 118.559
0.914301 112.59
0.920448 114.176
0.926574 110.639
0.932687 109.139
0.938823 110.28
0.944975 104.102
0.951105 100.32
0.957225 99.3366
0.963368 97.6485
0.969511 96.2274
0.975621 95.4169
0.981748 92.5432
0.987916 88.7461
0.99406 89.2603
1.00019 86.0965
1.00632 83.7416
1.01246 82.6663
1.01859 79.7584
1.02471 78.547
1.03085 76.7422
1.03698 74.2567
1.04314 76.0721
1.04929 73.2659
1.05541 69.6605
1.06154 70.9862
1.06769 69.0227
1.07382 65.6191
1.07993 65.9469
1.08607 62.5237
1.09222 62.0766
1.09836 60.5584
1.10449 60.5302
1.11063 57.4965
1.11677 56.3564
1.1229 55.6911
1.12903 53.761
1.13518 52.7123
1.14131 51.7322
1.14745 51.1214
1.15359 47.0593
1.15973 48.6751
1.16584 46.2673
1.17197 44.8657
1.17811 44.3469
1.18424 42.4165
1.19038 40.4502
1.19652 40.6651
1.20267 38.2853
1.20881 37.4914
1.21495 37.0891
1.22108 34.4796
1.2272 35.7127
1.23334 32.7465
1.23949 31.3795
1.24562 31.5081
1.25174 28.4135
1.25789 27.5488
1.26402 28.1847
1.27014 27.1313
1.27628 26.1175
1.28244 26.3144
1.28858 24.9193
1.29471 22.2148
1.30084 21.7556
1.30697 21.0667
1.31312 21.7656
1.31925 20.1223
1.32537 18.766
1.33151 18.5398
1.33765 17.1912
1.34378 16.6292
1.34992 14.9839
1.35606 14.2453
1.3622 13.3604
1.36833 13.445
1.37445 12.4757
1.38059 11.2244
1.38675 9.57626
1.39288 8.86159
1.39901 8.78751
1.40515 8.82502
1.4113 9.04129
1.41742 6.86142
1.42355 6.40697
1.4297 4.90799
1.43585 4.15018
1.44198 4.76382
1.44809 4.16264
1.45423 3.80255
1.46036 1.58737
1.46649 1.76206
1.47263 -0.166148
1.47877 -1.06396
1.48491 -1.19306
1.49104 -0.976113
1.49718 -0.811703
1.50333 -1.57289
1.50947 -2.39607
1.5156 -2.30743
1.52172 -5.10918
1.52787 -4.78949
1.534 -6.60499
1.54013 -4.24115
1.54627 -5.81879
1.55241 -6.71558
1.55855 -6.42338
1.56467 -7.61042
1.5708 -7.62765
