0.00783031 0.00510438
0.013688 0.0126355
0.019231 0.0215433
0.0249154 0.0408098
0.0312784 0.0695107
0.0375637 0.100241
0.0433917 0.149023
0.0492413 0.188483
0.0555754 0.27556
0.0619321 0.352532
0.067871 0.488354
0.0738098 0.559121
0.0800417 0.677679
0.0862327 0.83936
0.0921407 0.996216
0.0982031 1.11024
0.104506 1.27337
0.110769 1.48907
0.116806 1.71649
0.122832 1.9446
0.129052 2.21207
0.135211 2.48903
0.141259 2.74134
0.147318 3.02578
0.153489 3.23086
0.159709 3.54131
0.165845 3.84333
0.171974 4.25238
0.178125 4.56606
0.184229 4.88956
0.19034 5.44722
0.196428 5.71283
0.202534 6.13525
0.208729 6.72221
0.214876 7.08296
0.220989 7.43831
0.227147 7.94897
0.23329 8.31821
0.239377 8.82341
0.245482 9.391
0.251667 9.99412
0.257832 10.3402
0.263955 10.9096
0.270079 11.3508
0.27624 12.2443
0.282372 12.5403
0.28843 12.9662
0.294538 13.5715
0.300721 14.1888
0.30691 14.8409
0.313033 15.4949
0.319153 16.1987
0.325316 16.4436
0.33145 17.5904
0.337538 18.0888
0.343633 18.7147
0.349808 19.4811
0.355968 20.1554
0.362074 20.9697
0.368217 21.4891
0.374374 22.2205
0.380519 22.7267
0.386598 23.4161
0.392688 24.4761
0.39888 25.1077
0.405048 25.9576
0.411186 26.3324
0.417313 27.381
0.423458 28.0717
0.429607 28.803
0.435692 29.5819
0.441815 30.5791
0.447964 31.7514
0.454126 32.1316
0.460267 32.585
0.466387 34.0203
0.47254 34.7841
0.478662 35.5154
0.484765 36.8226
0.490885 37.328
0.497035 38.3043
0.503198 38.9125
0.509342 40.0826
0.515458 40.8885
0.521598 41.4142
0.527764 42.3236
0.533884 43.2413
0.54 44.1096
0.546137 45.4804
0.552299 46.3336
0.558452 47.3119
0.564573 48.0909
0.570708 48.5963
0.576825 49.7054
0.582926 50.8032
0.589034 51.7322
0.595184 53.3985
0.601379 53.5078
0.607522 54.623
0.613639 55.679
0.619772 56.8419
0.625918 57.7128
0.632068 59.0054
0.638161 59.9934
0.6443 60.7137
0.650464 61.7862
0.656582 62.504
0.662703 64.2152
0.668861 65.0828
0.675024 65.9117
0.681124 67.2014
0.687237 68.2595
0.693381 69.5351
0.699536 70.4287
0.705665 71.8666
0.711789 72.331
0.717957 73.2237
0.72409 74.3619
0.730186 75.9165
0.736317 77.0841
0.742472 77.8754
0.748622 78.471
0.75476 79.9906
0.760888 81.4149
0.767043 82.171
0.773185 83.5878
0.779291 85.014
0.785407 85.7783
0.791564 87.2205
0.797719 87.7026
0.803834 88.5017
0.809972 89.8279
0.816124 91.4918
0.822261 93.0427
0.828378 93.9332
0.834502 94.6629
0.840667 96.0605
0.846816 96.5809
0.852925 98.3248
0.859047 99.1447
0.865192 100.548
0.871341 101.203
0.877463 103.35
0.883569 103.786
0.889708 105.019
0.895864 106.563
0.902008 106.98
0.908149 108.608
0.914301 109.588
0.920448 111.437
0.926574 111.892
0.932687 113.706
0.938823 114.795
0.944975 114.947
0.951105 117.349
0.957225 118.378
0.963368 119.235
0.969511 120.34
0.975621 121.799
0.981748 122.838
0.987916 124.411
0.99406 125.561
1.00019 127.081
1.00632 127.924
1.01246 128.661
1.01859 130.758
1.02471 131.503
1.03085 132.947
1.03698 133.608
1.04314 135.34
1.04929 136.325
1.05541 136.947
1.06154 139.019
1.06769 140.007
1.07382 141.051
1.07993 142.745
1.08607 143.6
1.09222 144.713
1.09836 146.296
1.10449 147.975
1.11063 148.609
1.11677 150.18
1.1229 150.797
1.12903 152.637
1.13518 153.003
1.14131 154.94
1.14745 156.641
1.15359 157.168
1.15973 158.723
1.16584 159.637
1.17197 161.192
1.17811 161.731
1.18424 163.27
1.19038 165.054
1.19652 165.983
1.20267 167.178
1.20881 168.448
1.21495 170.261
1.22108 170.811
1.2272 171.889
1.23334 172.593
1.23949 174.526
1.24562 175.564
1.25174 177.331
1.25789 178.133
1.26402 179.475
1.27014 180.593
1.27628 181.984
1.28244 183.247
1.28858 184.253
1.29471 185.769
1.30084 187.228
1.30697 187.922
1.31312 189.037
1.31925 190.235
1.32537 191.43
1.33151 193.192
1.33765 194.386
1.34378 195.09
1.34992 196.295
1.35606 197.71
1.3622 198.906
1.36833 200.211
1.37445 201.323
1.38059 202.513
1.38675 203.863
1.39288 204.903
1.39901 206.183
1.40515 206.887
1.4113 208.142
1.41742 209.96
1.42355 210.534
1.4297 212.041
1.43585 212.318
1.44198 214.274
1.44809 215.556
1.45423 216.555
1.46036 218.097
1.46649 219.526
1.47263 220.456
1.47877 221.912
1.48491 221.937
1.49104 223.479
1.49718 224.776
1.50333 225.122
1.50947 227.085
1.5156 228.403
1.52172 229.1
1.52787 230.007
1.534 232.031
1.54013 233.415
1.54627 233.649
1.55241 234.954
1.55855 236.131
1.56467 236.859
1.5708 237.965
