0.00783031 -0.522493
0.013688 0.299025
0.019231 0.919891
0.0249154 3.07417
0.0312784 3.14893
0.0375637 1.6718
0.0433917 6.44285
0.0492413 3.47445
0.0555754 4.65896
0.0619321 4.2703
0.067871 7.70199
0.0738098 6.65767
0.0800417 6.37356
0.0862327 8.64262
0.0921407 11.0452
0.0982031 8.76273
0.104506 10.6755
0.110769 10.8544
0.116806 9.30655
0.122832 11.1123
0.129052 9.05283
0.135211 9.98632
0.141259 10.2954
0.147318 11.4805
0.153489 11.2747
0.159709 12.2279
0.165845 9.15202
0.171974 9.60981
0.178125 11.4559
0.184229 10.6559
0.19034 12.2309
0.196428 8.96781
0.202534 13.0959
0.208729 13.4544
0.214876 9.26193
0.220989 11.2304
0.227147 12.6989
0.23329 12.8662
0.239377 10.5761
0.245482 12.2823
0.251667 10.6524
0.257832 13.2229
0.263955 9.08469
0.270079 8.74286
0.27624 9.25288
0.282372 10.441
0.28843 10.1837
0.294538 7.67066
0.300721 10.5664
0.30691 10.5592
0.313033 11.9034
0.319153 8.24131
0.325316 8.9698
0.33145 11.4365
0.337538 8.83498
0.343633 8.35236
0.349808 6.66915
0.355968 7.42662
0.362074 3.1935
0.368217 7.46816
0.374374 7.61678
0.380519 4.43212
0.386598 5.65447
0.392688 2.87303
0.39888 3.93265
0.405048 5.12577
0.411186 3.57667
0.417313 4.2498
0.423458 -0.814378
0.429607 -0.234604
0.435692 1.14818
0.441815 1.78866
0.447964 0.326765
0.454126 2.27255
0.460267 0.277504
0.466387 1.01004
0.47254 -2.14964
0.478662 -0.769601
0.484765 -0.189248
0.490885 0.46105
0.497035 1.94706
0.503198 -1.39456
0.509342 0.0874656
0.515458 -3.79224
0.521598 -1.94221
0.527764 -6.11065
0.533884 -2.73122
0.54 -4.34432
0.546137 -3.70607
0.552299 -4.00178
0.558452 -5.26418
0.564573 -3.86733
0.570708 -5.78621
0.576825 -6.14426
0.582926 -3.72595
0.589034 -6.0751
0.595184 -7.53294
0.601379 -7.23785
0.607522 -7.52434
0.613639 -9.3612
0.619772 -8.72625
0.625918 -8.35184
0.632068 -10.79
0.638161 -9.73965
0.6443 -9.90487
0.650464 -11.704
0.656582 -10.2789
0.662703 -12.8134
0.668861 -12.7363
0.675024 -10.9043
0.681124 -12.6297
0.687237 -15.7928
0.693381 -13.6329
0.699536 -15.374
0.705665 -15.9848
0.711789 -14.9841
0.717957 -16.9721
0.72409 -16.0689
0.730186 -17.132
0.736317 -16.5163
0.742472 -19.8051
0.748622 -19.0039
0.75476 -18.8936
0.760888 -19.014
0.767043 -19.8451
0.773185 -21.6253
0.779291 -19.4374
0.785407 -22.7685
0.791564 -20.6758
0.797719 -20.0861
0.803834 -19.233
0.809972 -20.3281
0.816124 -21.2228
0.822261 -21.0483
0.828378 -23.9929
0.834502 -22.6721
0.840667 -22.8532
0.846816 -25.2312
0.852925 -24.7863
0.859047 -24.7726
0.865192 -25.3203
0.871341 -24.9674
0.877463 -24.2386
0.883569 -26.5092
0.889708 -27.3499
0.895864 -26.0938
0.902008 -27.0612
0.908149 -28.0805
0.914301 -27.1115
0.920448 -29.477
0.926574 -25.9343
0.932687 -28.5923
0.938823 -25.9387
0.944975 -30.1377
0.951105 -32.1357
0.957225 -29.0385
0.963368 -31.9781
0.969511 -31.6159
0.975621 -31.1475
0.981748 -32.38
0.987916 -33.9375
0.99406 -31.5202
1.00019 -34.0993
1.00632 -35.8693
1.01246 -34.1847
1.01859 -33.9534
1.02471 -35.0052
1.03085 -35.1311
1.03698 -36.1178
1.04314 -33.2593
1.04929 -36.6615
1.05541 -36.3021
1.06154 -35.991
1.06769 -35.2121
1.07382 -38.1558
1.07993 -36.7349
1.08607 -36.8221
1.09222 -38.6386
1.09836 -38.4586
1.10449 -36.9536
1.11063 -38.7976
1.11677 -39.3775
1.1229 -39.7767
1.12903 -39.0444
1.13518 -38.0342
1.14131 -39.0832
1.14745 -40.2312
1.15359 -39.8648
1.15973 -40.7698
1.16584 -40.8976
1.17197 -42.5927
1.17811 -39.6462
1.18424 -41.7777
1.19038 -44.1659
1.19652 -42.8001
1.20267 -43.6803
1.20881 -41.6253
1.21495 -42.2561
1.22108 -44.6005
1.2272 -42.1259
1.23334 -44.9849
1.23949 -43.4759
1.24562 -44.5646
1.25174 -45.4677
1.25789 -44.8511
1.26402 -45.2776
1.27014 -45.143
1.27628 -45.0499
1.28244 -44.8866
1.28858 -46.2483
1.29471 -46.4855
1.30084 -46.7944
1.30697 -47.5489
1.31312 -46.5821
1.31925 -46.0821
1.32537 -47.9994
1.33151 -45.8442
1.33765 -45.9338
1.34378 -46.0796
1.34992 -47.7362
1.35606 -48.8498
1.3622 -48.3433
1.36833 -47.5757
1.37445 -49.2125
1.38059 -49.1323
1.38675 -50.3452
1.39288 -48.23
1.39901 -49.8664
1.40515 -49.1947
1.4113 -49.5095
1.41742 -52.3861
1.42355 -48.6835
1.4297 -51.7067
1.43585 -51.1711
1.44198 -49.701
1.44809 -50.6769
1.45423 -49.9221
1.46036 -50.2297
1.46649 -50.7507
1.47263 -51.244
1.47877 -52.7482
1.48491 -52.2437
1.49104 -52.5077
1.49718 -51.7522
1.50333 -51.8433
1.50947 -52.4377
1.5156 -52.0358
1.52172 -53.8468
1.52787 -53.5703
1.534 -54.1717
1.54013 -51.2902
1.54627 -52.1907
1.55241 -51.3235
1.55855 -53.1174
1.56467 -52.9525
1.5708 -52.4862
