0.00783031 2753.07
0.013688 3489.27
0.019231 3252.18
0.0249154 3296.64
0.0312784 3537.91
0.0375637 2724.5
0.0433917 2768.38
0.0492413 2558.05
0.0555754 2484.14
0.0619321 2550.45
0.067871 2148.27
0.0738098 2027.32
0.0800417 2015.06
0.0862327 1966.63
0.0921407 1850.26
0.0982031 1684.99
0.104506 1736.91
0.110769 1562.87
0.116806 1535.45
0.122832 1468.32
0.129052 1475.92
0.135211 1386.48
0.141259 1312.72
0.147318 1265.62
0.153489 1244.87
0.159709 1170.31
0.165845 1095.06
0.171974 1104.46
0.178125 1057.85
0.184229 1017.72
0.19034 990.113
0.196428 958.871
0.202534 956.72
0.208729 923.278
0.214876 910.54
0.220989 867.22
0.227147 848.295
0.23329 848.674
0.239377 803.727
0.245482 799.09
0.251667 773.043
0.257832 758.859
0.263955 740.066
0.270079 713.278
0.27624 712.482
0.282372 686.43
0.28843 683.192
0.294538 663.961
0.300721 655.13
0.30691 636.112
0.313033 623.245
0.319153 621.436
0.325316 596.996
0.33145 590.011
0.337538 580.822
0.343633 576.998
0.349808 561.055
0.355968 552.732
0.362074 543.872
0.368217 539.54
0.374374 531.473
0.380519 522.246
0.386598 510.48
0.392688 504.886
0.39888 493.581
0.405048 492
0.411186 479.278
0.417313 473.549
0.423458 467.107
0.429607 459.357
0.435692 457.32
0.441815 447.068
0.447964 444.712
0.454126 438.131
0.460267 432.231
0.466387 424.863
0.47254 419.908
0.478662 412.706
0.484765 412.011
0.490885 406.769
0.497035 401.857
0.503198 395.496
0.509342 392.16
0.515458 386.671
0.521598 383.958
0.527764 379.158
0.533884 375.32
0.54 372.463
0.546137 367.28
0.552299 361.804
0.558452 357.997
0.564573 355.408
0.570708 348.703
0.576825 349.287
0.582926 344.872
0.589034 340.034
0.595184 337.424
0.601379 333.945
0.607522 330.251
0.613639 327.337
0.619772 320.756
0.625918 319.608
0.632068 319.486
0.638161 316.138
0.6443 313.725
0.650464 308.751
0.656582 304.872
0.662703 302.073
0.668861 302.743
0.675024 299.771
0.681124 296.113
0.687237 292.641
0.693381 289.494
0.699536 290.29
0.705665 284.896
0.711789 283.277
0.717957 279.765
0.72409 278.112
0.730186 276.843
0.736317 274.012
0.742472 271.314
0.748622 268.73
0.75476 267.415
0.760888 265.552
0.767043 264.392
0.773185 261.199
0.779291 258.675
0.785407 255.819
0.791564 255.753
0.797719 254.211
0.803834 250.653
0.809972 249.327
0.816124 248.902
0.822261 245.566
0.828378 243.461
0.834502 242.233
0.840667 240.342
0.846816 238.734
0.852925 236.997
0.859047 235.988
0.865192 234.146
0.871341 230.908
0.877463 230.94
0.883569 228.594
0.889708 227.669
0.895864 225.696
0.902008 222.643
0.908149 221.897
0.914301 220.208
0.920448 219.955
0.926574 217.437
0.932687 217.005
0.938823 215.264
0.944975 213.951
0.951105 212.542
0.957225 210.792
0.963368 209.406
0.969511 208.513
0.975621 206.275
0.981748 205.466
0.987916 204.432
0.99406 203.078
1.00019 201.82
1.00632 200.905
1.01246 198.663
1.01859 198.53
1.02471 196.04
1.03085 195.868
1.03698 193.68
1.04314 192.729
1.04929 192.156
1.05541 190.662
1.06154 189.768
1.06769 187.948
1.07382 187.854
1.07993 186.753
1.08607 185.411
1.09222 184.424
1.09836 182.394
1.10449 182.25
1.11063 180.873
1.11677 179.767
1.1229 178.381
1.12903 176.72
1.13518 176.066
1.14131 175.859
1.14745 175.061
1.15359 173.658
1.15973 172.314
1.16584 172.203
1.17197 170.297
1.17811 169.695
1.18424 168.524
1.19038 168.256
1.19652 167.692
1.20267 166.639
1.20881 165.307
1.21495 164.752
1.22108 163.257
1.2272 162.95
1.23334 161.356
1.23949 160.884
1.24562 159.989
1.25174 158.846
1.25789 158.705
1.26402 157.843
1.27014 157.019
1.27628 155.934
1.28244 155.136
1.28858 154.401
1.29471 153.83
1.30084 152.963
1.30697 151.779
1.31312 151.489
1.31925 150.065
1.32537 149.723
1.33151 148.754
1.33765 148.431
1.34378 147.529
1.34992 146.409
1.35606 145.583
1.3622 145.443
1.36833 144.367
1.37445 143.663
1.38059 143.409
1.38675 142.338
1.39288 141.518
1.39901 141.299
1.40515 140.645
1.4113 139.653
1.41742 139.178
1.42355 137.716
1.4297 138.08
1.43585 137.09
1.44198 136.297
1.44809 135.834
1.45423 135.248
1.46036 134.865
1.46649 133.941
1.47263 132.973
1.47877 132.364
1.48491 131.821
1.49104 131.374
1.49718 130.984
1.50333 130.125
1.50947 129.333
1.5156 129.174
1.52172 128.284
1.52787 127.606
1.534 126.991
1.54013 126.872
1.54627 126.017
1.55241 125.557
1.55855 124.979
1.56467 124.559
1.5708 124.387
