0.00783031 3082.94
0.013688 -162.229
0.019231 2116.65
0.0249154 362.239
0.0312784 -1343.74
0.0375637 551.106
0.0433917 -219.441
0.0492413 96.6731
0.0555754 698.573
0.0619321 619.531
0.067871 87.0925
0.0738098 381.865
0.0800417 619.816
0.0862327 406.977
0.0921407 573.106
0.0982031 705.819
0.104506 753.21
0.110769 933.577
0.116806 830.946
0.122832 855.384
0.129052 921.797
0.135211 969.464
0.141259 1064.26
0.147318 1018.68
0.153489 1106.34
0.159709 1052.56
0.165845 1109.56
0.171974 990.943
0.178125 1121.29
0.184229 1114.91
0.19034 1076.88
0.196428 1160
0.202534 1134.96
0.208729 1153.36
0.214876 1124.48
0.220989 1096.75
0.227147 1107.78
0.23329 1149.36
0.239377 1130.61
0.245482 1139.45
0.251667 1133.04
0.257832 1114.68
0.263955 1176.61
0.270079 1155.46
0.27624 1169.36
0.282372 1167.35
0.28843 1190.98
0.294538 1137.46
0.300721 1150.17
0.30691 1160.84
0.313033 1158.27
0.319153 1146.69
0.325316 1164.54
0.33145 1144.54
0.337538 1137.55
0.343633 1161.99
0.349808 1148
0.355968 1140.52
0.362074 1133.42
0.368217 1139.49
0.374374 1130.82
0.380519 1144.88
0.386598 1137.22
0.392688 1147.65
0.39888 1156.2
0.405048 1109.97
0.411186 1111.11
0.417313 1104.04
0.423458 1118.5
0.429607 1119.48
0.435692 1108.07
0.441815 1095.66
0.447964 1114.58
0.454126 1094.82
0.460267 1102.73
0.466387 1100.42
0.47254 1088.93
0.478662 1103.11
0.484765 1093.03
0.490885 1091.88
0.497035 1084.18
0.503198 1078.92
0.509342 1072.07
0.515458 1071.07
0.521598 1076.86
0.527764 1057.66
0.533884 1061.61
0.54 1074.05
0.546137 1055.6
0.552299 1057.72
0.558452 1067.75
0.564573 1051.26
0.570708 1054.93
0.576825 1055.11
0.582926 1043.69
0.589034 1036.97
0.595184 1039.68
0.601379 1034.7
0.607522 1030.28
0.613639 1018.73
0.619772 1021.62
0.625918 1014.38
0.632068 1020.49
0.638161 1016.04
0.6443 1007.16
0.650464 1010.74
0.656582 1002.48
0.662703 1003.06
0.668861 999.249
0.675024 993.192
0.681124 993.012
0.687237 985.42
0.693381 977.259
0.699536 976.914
0.705665 977.883
0.711789 975.475
0.717957 970.766
0.72409 970.832
0.730186 963.427
0.736317 958.976
0.742472 955.473
0.748622 952.267
0.75476 957.689
0.760888 951.312
0.767043 944.037
0.773185 935.368
0.779291 942.923
0.785407 937.047
0.791564 936.182
0.797719 934.707
0.803834 921.244
0.809972 923.544
0.816124 914.799
0.822261 915.416
0.828378 909.774
0.834502 911.339
0.840667 906.659
0.846816 907.191
0.852925 904.536
0.859047 899.057
0.865192 899.797
0.871341 899.936
0.877463 890.569
0.883569 887.575
0.889708 882.245
0.895864 882.995
0.902008 882.7
0.908149 879.096
0.914301 875.935
0.920448 868.32
0.926574 864.619
0.932687 865.939
0.938823 856.006
0.944975 855.281
0.951105 852.482
0.957225 846.126
0.963368 847.276
0.969511 843.491
0.975621 842.595
0.981748 832.69
0.987916 832.212
0.99406 832.262
1.00019 828.785
1.00632 824.657
1.01246 818.143
1.01859 817.096
1.02471 814.149
1.03085 813.058
1.03698 809.843
1.04314 802.495
1.04929 802.344
1.05541 794.748
1.06154 795.562
1.06769 792.692
1.07382 790.309
1.07993 786.486
1.08607 784.022
1.09222 785.921
1.09836 777.402
1.10449 773.431
1.11063 771.886
1.11677 767.623
1.1229 767.344
1.12903 758.424
1.13518 762.933
1.14131 757.023
1.14745 751.726
1.15359 749.239
1.15973 748.532
1.16584 741.629
1.17197 738.721
1.17811 735.872
1.18424 731.728
1.19038 729.192
1.19652 728.695
1.20267 723.594
1.20881 720.443
1.21495 715.691
1.22108 716.664
1.2272 712.232
1.23334 708.899
1.23949 706.911
1.24562 705.79
1.25174 698.115
1.25789 699.818
1.26402 696.281
1.27014 690.963
1.27628 689.402
1.28244 686.826
1.28858 683.167
1.29471 678.627
1.30084 678.022
1.30697 672.996
1.31312 671.587
1.31925 669.351
1.32537 664.67
1.33151 661.755
1.33765 659.281
1.34378 658.3
1.34992 653.016
1.35606 651.47
1.3622 648.196
1.36833 642.89
1.37445 640.827
1.38059 638.18
1.38675 637.518
1.39288 635.358
1.39901 634.253
1.40515 629.644
1.4113 625.015
1.41742 626.319
1.42355 622.119
1.4297 619.104
1.43585 613.539
1.44198 614.651
1.44809 610.102
1.45423 606.723
1.46036 604.718
1.46649 601.163
1.47263 600.864
1.47877 596.442
1.48491 593.025
1.49104 590.268
1.49718 590.162
1.50333 585.221
1.50947 583.881
1.5156 579.311
1.52172 578.337
1.52787 576.127
1.534 572.843
1.54013 572.187
1.54627 567.513
1.55241 563.819
1.55855 562.461
1.56467 558.096
1.5708 556.91
