0.00783031 20347.5
0.013688 25117.9
0.019231 25738.6
0.0249154 23601.2
0.0312784 20027.6
0.0375637 17821.4
0.0433917 15124.9
0.0492413 13819.8
0.0555754 12711.2
0.0619321 11764.1
0.067871 10966.9
0.0738098 10079.6
0.0800417 9774.04
0.0862327 8450.56
0.0921407 7932.09
0.0982031 7033.98
0.104506 6605.95
0.110769 6220.57
0.116806 6057.44
0.122832 5620.01
0.129052 5394.48
0.135211 5373.6
0.141259 5214.61
0.147318 4840.97
0.153489 4622.21
0.159709 4321.84
0.165845 4180.1
0.171974 4052.82
0.178125 3956.95
0.184229 3807.24
0.19034 3726.3
0.196428 3517.67
0.202534 3522.28
0.208729 3455.14
0.214876 3325.22
0.220989 3192.99
0.227147 3164.29
0.23329 3099.6
0.239377 2987.64
0.245482 2930.14
0.251667 2881.45
0.257832 2838.18
0.263955 2802.49
0.270079 2739.53
0.27624 2666.87
0.282372 2616.41
0.28843 2587
0.294538 2526.84
0.300721 2515.13
0.30691 2466.61
0.313033 2456.52
0.319153 2394.02
0.325316 2355.6
0.33145 2341.58
0.337538 2312.17
0.343633 2266.39
0.349808 2204.92
0.355968 2185.1
0.362074 2165.23
0.368217 2132.73
0.374374 2111.18
0.380519 2077.63
0.386598 2059.59
0.392688 2011.55
0.39888 2016.19
0.405048 1984.98
0.411186 1985.59
0.417313 1952.49
0.423458 1922.43
0.429607 1900.54
0.435692 1898
0.441815 1874.94
0.447964 1839.08
0.454126 1844.91
0.460267 1797.77
0.466387 1793.06
0.47254 1788.13
0.478662 1789.85
0.484765 1764.85
0.490885 1754.24
0.497035 1718.54
0.503198 1699.6
0.509342 1691.18
0.515458 1681.14
0.521598 1654.18
0.527764 1636.67
0.533884 1632.85
0.54 1616.55
0.546137 1614.2
0.552299 1593.82
0.558452 1584.7
0.564573 1575.13
0.570708 1571.88
0.576825 1553.2
0.582926 1538.14
0.589034 1527.97
0.595184 1508.33
0.601379 1501.69
0.607522 1490.69
0.613639 1487.15
0.619772 1466.63
0.625918 1456.83
0.632068 1448.81
0.638161 1436.68
0.6443 1433.01
0.650464 1419.17
0.656582 1412.21
0.662703 1402.2
0.668861 1387.73
0.675024 1373.16
0.681124 1363.94
0.687237 1368.35
0.693381 1347.27
0.699536 1343.31
0.705665 1334.54
0.711789 1326.25
0.717957 1316.97
0.72409 1307.07
0.730186 1284.98
0.736317 1287.98
0.742472 1279.38
0.748622 1271.39
0.75476 1267.61
0.760888 1254.67
0.767043 1249.03
0.773185 1238.69
0.779291 1227.04
0.785407 1226.12
0.791564 1214.11
0.797719 1205.41
0.803834 1201.83
0.809972 1194.2
0.816124 1181.53
0.822261 1169.02
0.828378 1163.81
0.834502 1158.68
0.840667 1153.86
0.846816 1141.35
0.852925 1137.87
0.859047 1124.14
0.865192 1128.72
0.871341 1114.94
0.877463 1102.69
0.883569 1099.49
0.889708 1092.22
0.895864 1085.98
0.902008 1077.56
0.908149 1076.46
0.914301 1065.86
0.920448 1064.91
0.926574 1050.96
0.932687 1051.52
0.938823 1042.69
0.944975 1031.2
0.951105 1028.41
0.957225 1020.98
0.963368 1017.82
0.969511 1002.09
0.975621 996.495
0.981748 996.282
0.987916 988.398
0.99406 982.389
1.00019 979.431
1.00632 970.096
1.01246 962.15
1.01859 959.966
1.02471 953.418
1.03085 945.652
1.03698 938.282
1.04314 934.549
1.04929 928.088
1.05541 920.175
1.06154 916.689
1.06769 910.635
1.07382 904.223
1.07993 898.789
1.08607 895.337
1.09222 890.159
1.09836 880.614
1.10449 878.017
1.11063 869.453
1.11677 868.573
1.1229 861.813
1.12903 857.107
1.13518 850.759
1.14131 845.266
1.14745 836.091
1.15359 835.235
1.15973 828.712
1.16584 821.768
1.17197 816.656
1.17811 813.087
1.18424 807.128
1.19038 804.799
1.19652 797.842
1.20267 791.07
1.20881 787.943
1.21495 783.454
1.22108 777.616
1.2272 772.645
1.23334 768.915
1.23949 763.824
1.24562 763.321
1.25174 753.407
1.25789 749.383
1.26402 744.927
1.27014 740.918
1.27628 734.89
1.28244 729.543
1.28858 726.999
1.29471 724.489
1.30084 717.996
1.30697 711.83
1.31312 708.665
1.31925 703.087
1.32537 700.935
1.33151 696.998
1.33765 689.508
1.34378 685
1.34992 683.057
1.35606 676.845
1.3622 676.245
1.36833 668.316
1.37445 666.728
1.38059 661.46
1.38675 657.612
1.39288 652.973
1.39901 651.18
1.40515 645.446
1.4113 641.354
1.41742 639.553
1.42355 634.594
1.4297 629.201
1.43585 627.561
1.44198 620.083
1.44809 618.523
1.45423 615.531
1.46036 607.79
1.46649 606.227
1.47263 601.727
1.47877 599.085
1.48491 595.493
1.49104 589.299
1.49718 587.929
1.50333 583.495
1.50947 581.614
1.5156 577.672
1.52172 574.11
1.52787 570.829
1.534 566.129
1.54013 562.013
1.54627 559.635
1.55241 556.163
1.55855 553.68
1.56467 549.747
1.5708 544.772
