0.00783031 2754.46
0.013688 3487.04
0.019231 3251.68
0.0249154 3297.35
0.0312784 3532.81
0.0375637 2721.12
0.0433917 2763.33
0.0492413 2554.45
0.0555754 2478.31
0.0619321 2543.42
0.067871 2141.69
0.0738098 2019.85
0.0800417 2007.04
0.0862327 1958.28
0.0921407 1839.01
0.0982031 1674.48
0.104506 1727.06
0.110769 1552.08
0.116806 1524.05
0.122832 1456.09
0.129052 1462.39
0.135211 1372.05
0.141259 1298.34
0.147318 1250.02
0.153489 1226.74
0.159709 1155.93
0.165845 1077.7
0.171974 1086.77
0.178125 1040.8
0.184229 999.084
0.19034 972.019
0.196428 940.691
0.202534 937.636
0.208729 904.557
0.214876 891.008
0.220989 846.766
0.227147 828.321
0.23329 827.246
0.239377 783.373
0.245482 777.76
0.251667 752.518
0.257832 737.783
0.263955 719.855
0.270079 691.911
0.27624 689.885
0.282372 665.902
0.28843 662.899
0.294538 642.834
0.300721 634.28
0.30691 616.344
0.313033 602.075
0.319153 599.466
0.325316 574.725
0.33145 569.261
0.337538 559.386
0.343633 555.315
0.349808 540.057
0.355968 531.498
0.362074 522.953
0.368217 519.145
0.374374 509.785
0.380519 501.344
0.386598 490.038
0.392688 483.548
0.39888 472.302
0.405048 471.639
0.411186 459.222
0.417313 453.284
0.423458 447.061
0.429607 440.357
0.435692 437.769
0.441815 427.395
0.447964 425.616
0.454126 418.887
0.460267 413.063
0.466387 406.152
0.47254 401.557
0.478662 395.047
0.484765 393.68
0.490885 389.774
0.497035 383.921
0.503198 378.859
0.509342 374.926
0.515458 369.942
0.521598 367.293
0.527764 361.927
0.533884 359.567
0.54 356.087
0.546137 351.33
0.552299 346.391
0.558452 342.891
0.564573 339.575
0.570708 334.515
0.576825 334.466
0.582926 330.679
0.589034 326.503
0.595184 322.957
0.601379 319.691
0.607522 316.602
0.613639 313.099
0.619772 308.329
0.625918 306.44
0.632068 305.914
0.638161 302.681
0.6443 301.29
0.650464 296.349
0.656582 293.252
0.662703 290.372
0.668861 291.119
0.675024 288.764
0.681124 284.784
0.687237 281.928
0.693381 278.826
0.699536 279.493
0.705665 274.901
0.711789 273.122
0.717957 269.873
0.72409 268.247
0.730186 267.704
0.736317 264.489
0.742472 262.607
0.748622 259.886
0.75476 259.127
0.760888 257.125
0.767043 256.231
0.773185 253.187
0.779291 250.925
0.785407 248.114
0.791564 248.436
0.797719 246.997
0.803834 244.119
0.809972 242.982
0.816124 241.675
0.822261 239.176
0.828378 237.536
0.834502 236.185
0.840667 234.27
0.846816 233.129
0.852925 231.287
0.859047 230.947
0.865192 229.33
0.871341 226.555
0.877463 226.324
0.883569 224.874
0.889708 223.8
0.895864 222.053
0.902008 219.392
0.908149 218.764
0.914301 216.931
0.920448 217.449
0.926574 214.154
0.932687 214.667
0.938823 212.975
0.944975 211.812
0.951105 210.787
0.957225 209.018
0.963368 208.069
0.969511 207.063
0.975621 205.267
0.981748 204.357
0.987916 203.529
0.99406 202.195
1.00019 200.938
1.00632 200.476
1.01246 198.293
1.01859 198.016
1.02471 196.202
1.03085 196.224
1.03698 194.389
1.04314 193.618
1.04929 192.88
1.05541 191.294
1.06154 190.888
1.06769 188.984
1.07382 189.056
1.07993 187.941
1.08607 187.091
1.09222 186.485
1.09836 184.873
1.10449 184.44
1.11063 182.95
1.11677 181.716
1.1229 180.69
1.12903 179.729
1.13518 178.412
1.14131 178.731
1.14745 177.645
1.15359 176.926
1.15973 175.66
1.16584 175.711
1.17197 174.089
1.17811 173.513
1.18424 172.364
1.19038 171.96
1.19652 171.888
1.20267 170.513
1.20881 169.182
1.21495 168.85
1.22108 168.061
1.2272 167.343
1.23334 166.217
1.23949 165.875
1.24562 165.115
1.25174 163.941
1.25789 163.614
1.26402 162.835
1.27014 162.497
1.27628 161.401
1.28244 161.204
1.28858 160.04
1.29471 159.618
1.30084 159.025
1.30697 158.318
1.31312 157.189
1.31925 156.662
1.32537 156.521
1.33151 155.417
1.33765 155.006
1.34378 154.397
1.34992 153.261
1.35606 152.372
1.3622 152.494
1.36833 151.283
1.37445 151.014
1.38059 150.52
1.38675 150.329
1.39288 149.072
1.39901 148.832
1.40515 148.435
1.4113 147.654
1.41742 146.685
1.42355 145.668
1.4297 146.331
1.43585 145.027
1.44198 144.654
1.44809 144.027
1.45423 143.492
1.46036 143.028
1.46649 142.518
1.47263 141.617
1.47877 141.398
1.48491 140.85
1.49104 140.265
1.49718 139.671
1.50333 139.331
1.50947 138.385
1.5156 138.668
1.52172 137.821
1.52787 136.842
1.534 136.537
1.54013 136.459
1.54627 135.667
1.55241 135.062
1.55855 134.699
1.56467 134.454
1.5708 133.894
