0.00783031 -397.074
0.013688 52.1826
0.019231 -744.495
0.0249154 -1523.36
0.0312784 -430.596
0.0375637 802.998
0.0433917 -437.199
0.0492413 266.52
0.0555754 749.255
0.0619321 731.246
0.067871 622.575
0.0738098 1114.09
0.0800417 1247.45
0.0862327 940.801
0.0921407 1075.86
0.0982031 1257.27
0.104506 1233.4
0.110769 1415.42
0.116806 1614.54
0.122832 1569.24
0.129052 1702.77
0.135211 1708.39
0.141259 1748.93
0.147318 1686.75
0.153489 1770.69
0.159709 1769.61
0.165845 1888.36
0.171974 1893.99
0.178125 1910.2
0.184229 1825.81
0.19034 1837.85
0.196428 1958.63
0.202534 1783.81
0.208729 1808.47
0.214876 1946.43
0.220989 1855.53
0.227147 1871.8
0.23329 1930.48
0.239377 1936.64
0.245482 1894.57
0.251667 1945.27
0.257832 1940.56
0.263955 1942.69
0.270079 1939.98
0.27624 1953.41
0.282372 1891.95
0.28843 1943.53
0.294538 1951.41
0.300721 1938.21
0.30691 1925.49
0.313033 1930.62
0.319153 1917.09
0.325316 1903.87
0.33145 1931.7
0.337538 1895.48
0.343633 1912.67
0.349808 1934.14
0.355968 1939.68
0.362074 1932.69
0.368217 1916.21
0.374374 1893.84
0.380519 1918.92
0.386598 1906.83
0.392688 1920.24
0.39888 1898.75
0.405048 1889.07
0.411186 1914.7
0.417313 1889.7
0.423458 1915.65
0.429607 1898.33
0.435692 1895.02
0.441815 1866.18
0.447964 1885.69
0.454126 1860.6
0.460267 1900.64
0.466387 1873.84
0.47254 1890.28
0.478662 1872.64
0.484765 1877.55
0.490885 1879.9
0.497035 1869.21
0.503198 1871.18
0.509342 1834.3
0.515458 1854.01
0.521598 1860.67
0.527764 1862.76
0.533884 1840.95
0.54 1855.33
0.546137 1830.63
0.552299 1838.97
0.558452 1828.86
0.564573 1837.09
0.570708 1838.02
0.576825 1822.35
0.582926 1818.57
0.589034 1836.08
0.595184 1819.53
0.601379 1808.85
0.607522 1808.92
0.613639 1814.74
0.619772 1794.72
0.625918 1787.25
0.632068 1791.4
0.638161 1800.74
0.6443 1798.52
0.650464 1791.63
0.656582 1774.79
0.662703 1792.14
0.668861 1765.98
0.675024 1754.38
0.681124 1764.51
0.687237 1769.49
0.693381 1756.89
0.699536 1761.08
0.705665 1754.71
0.711789 1747.75
0.717957 1753.74
0.72409 1738.48
0.730186 1740.17
0.736317 1732.49
0.742472 1737.64
0.748622 1727.72
0.75476 1726.98
0.760888 1724.75
0.767043 1717.93
0.773185 1719.71
0.779291 1699.91
0.785407 1712.72
0.791564 1689.87
0.797719 1704.42
0.803834 1696.84
0.809972 1687.86
0.816124 1676.78
0.822261 1688.58
0.828378 1687.82
0.834502 1680.66
0.840667 1663.18
0.846816 1671.01
0.852925 1669.96
0.859047 1671.91
0.865192 1656.41
0.871341 1648.03
0.877463 1650.56
0.883569 1646.32
0.889708 1647.82
0.895864 1633.94
0.902008 1634.69
0.908149 1628.8
0.914301 1620.14
0.920448 1626.96
0.926574 1606.53
0.932687 1605.13
0.938823 1599.93
0.944975 1602.72
0.951105 1600.36
0.957225 1587.27
0.963368 1592.96
0.969511 1596.45
0.975621 1587.86
0.981748 1573.58
0.987916 1576.12
0.99406 1576.73
1.00019 1567.33
1.00632 1567.55
1.01246 1556.19
1.01859 1563.53
1.02471 1547.23
1.03085 1550.23
1.03698 1546.29
1.04314 1533.52
1.04929 1536.06
1.05541 1535.76
1.06154 1530.67
1.06769 1523.22
1.07382 1522.82
1.07993 1516.77
1.08607 1511.6
1.09222 1509.42
1.09836 1501.18
1.10449 1500.83
1.11063 1498.92
1.11677 1496.14
1.1229 1486.63
1.12903 1495.61
1.13518 1481.48
1.14131 1478.66
1.14745 1477.83
1.15359 1469.65
1.15973 1461.66
1.16584 1469.49
1.17197 1461.84
1.17811 1451.49
1.18424 1452.1
1.19038 1448.77
1.19652 1439.38
1.20267 1442.96
1.20881 1436.09
1.21495 1430.74
1.22108 1429.71
1.2272 1425.96
1.23334 1421.9
1.23949 1416.98
1.24562 1414.11
1.25174 1406.69
1.25789 1403.27
1.26402 1398.94
1.27014 1397.94
1.27628 1394.62
1.28244 1387.21
1.28858 1385.25
1.29471 1377.46
1.30084 1377.46
1.30697 1373.34
1.31312 1371.04
1.31925 1365.36
1.32537 1361.85
1.33151 1360.78
1.33765 1355.15
1.34378 1347.75
1.34992 1351.44
1.35606 1344.27
1.3622 1340.55
1.36833 1331.63
1.37445 1330.22
1.38059 1325.43
1.38675 1323.75
1.39288 1320.47
1.39901 1317.2
1.40515 1308.15
1.4113 1305.83
1.41742 1305.37
1.42355 1297.15
1.4297 1295.9
1.43585 1288.2
1.44198 1292.58
1.44809 1286.75
1.45423 1280.76
1.46036 1280.38
1.46649 1274.7
1.47263 1272.63
1.47877 1265.85
1.48491 1260.99
1.49104 1253.47
1.49718 1254.39
1.50333 1248.54
1.50947 1248.16
1.5156 1239.57
1.52172 1242.39
1.52787 1238.64
1.534 1236.71
1.54013 1226.41
1.54627 1224.87
1.55241 1218.37
1.55855 1214.95
1.56467 1211.18
1.5708 1213.27
