0.00783031 0.0859798
0.013688 0.148852
0.019231 0.179292
0.0249154 0.270932
0.0312784 0.337267
0.0375637 0.442181
0.0433917 0.549769
0.0492413 0.651608
0.0555754 0.833547
0.0619321 0.991472
0.067871 1.21149
0.0738098 1.306
0.0800417 1.55913
0.0862327 1.79358
0.0921407 2.03679
0.0982031 2.2324
0.104506 2.46333
0.110769 2.77197
0.116806 3.1187
0.122832 3.4844
0.129052 3.8989
0.135211 4.23975
0.141259 4.59895
0.147318 4.85334
0.153489 5.20439
0.159709 5.71496
0.165845 6.00572
0.171974 6.5772
0.178125 7.10142
0.184229 7.48257
0.19034 8.22799
0.196428 8.57812
0.202534 9.13593
0.208729 9.91778
0.214876 10.3345
0.220989 10.8603
0.227147 11.5198
0.23329 11.969
0.239377 12.6762
0.245482 13.5386
0.251667 14.1881
0.257832 14.5727
0.263955 15.4339
0.270079 15.8612
0.27624 17.0803
0.282372 17.5528
0.28843 18.0697
0.294538 18.8951
0.300721 19.7757
0.30691 20.6058
0.313033 21.346
0.319153 22.1811
0.325316 22.6544
0.33145 24.031
0.337538 24.8877
0.343633 25.5472
0.349808 26.6183
0.355968 27.4329
0.362074 28.5506
0.368217 29.1807
0.374374 29.9652
0.380519 30.8981
0.386598 31.7196
0.392688 33.2265
0.39888 33.9298
0.405048 35.0471
0.411186 35.5264
0.417313 36.8502
0.423458 37.6858
0.429607 38.5355
0.435692 39.6385
0.441815 41.0703
0.447964 42.2655
0.454126 42.859
0.460267 43.4537
0.466387 45.2539
0.47254 46.3945
0.478662 47.232
0.484765 48.8727
0.490885 49.5309
0.497035 50.9226
0.503198 51.6772
0.509342 53.1131
0.515458 54.0615
0.521598 54.9373
0.527764 56.0181
0.533884 57.0635
0.54 58.3645
0.546137 59.8816
0.552299 60.9464
0.558452 62.522
0.564573 63.44
0.570708 63.841
0.576825 65.4562
0.582926 66.864
0.589034 68.0664
0.595184 69.7467
0.601379 70.2195
0.607522 71.5407
0.613639 73.2458
0.619772 74.2257
0.625918 75.4839
0.632068 77.319
0.638161 78.2401
0.6443 79.1954
0.650464 80.4936
0.656582 81.6751
0.662703 83.701
0.668861 84.588
0.675024 85.4065
0.681124 87.3003
0.687237 88.4425
0.693381 90.1265
0.699536 91.3848
0.705665 93.0323
0.711789 93.964
0.717957 95.0178
0.72409 96.2835
0.730186 98.3086
0.736317 99.4335
0.742472 100.742
0.748622 101.326
0.75476 103.327
0.760888 104.73
0.767043 105.7
0.773185 107.525
0.779291 109.349
0.785407 109.976
0.791564 112.191
0.797719 112.276
0.803834 114.012
0.809972 115.249
0.816124 117.121
0.822261 118.887
0.828378 120.383
0.834502 120.961
0.840667 122.423
0.846816 122.955
0.852925 125.697
0.859047 126.851
0.865192 128.39
0.871341 128.902
0.877463 131.324
0.883569 132.356
0.889708 133.623
0.895864 135.597
0.902008 135.912
0.908149 138.03
0.914301 138.644
0.920448 141.128
0.926574 141.741
0.932687 143.758
0.938823 145.016
0.944975 145.088
0.951105 148.146
0.957225 149.378
0.963368 150.248
0.969511 151.967
0.975621 153.532
0.981748 154.176
0.987916 156.261
0.99406 157.3
1.00019 159.582
1.00632 160.122
1.01246 161.383
1.01859 163.815
1.02471 164.585
1.03085 166.019
1.03698 166.976
1.04314 168.544
1.04929 170.362
1.05541 171.072
1.06154 172.765
1.06769 173.724
1.07382 175.257
1.07993 176.772
1.08607 177.765
1.09222 179.81
1.09836 181.055
1.10449 182.497
1.11063 183.568
1.11677 184.9
1.1229 185.643
1.12903 188.28
1.13518 188.834
1.14131 190.718
1.14745 191.879
1.15359 193.301
1.15973 194.292
1.16584 195.716
1.17197 197.485
1.17811 198.17
1.18424 199.891
1.19038 201.128
1.19652 202.115
1.20267 204.129
1.20881 204.494
1.21495 206.785
1.22108 207.514
1.2272 208.961
1.23334 209.876
1.23949 211.182
1.24562 212.54
1.25174 213.787
1.25789 215.261
1.26402 216.598
1.27014 217.596
1.27628 220.018
1.28244 220.316
1.28858 221.058
1.29471 222.881
1.30084 224.169
1.30697 224.983
1.31312 226.272
1.31925 227.928
1.32537 228.523
1.33151 230.466
1.33765 232.085
1.34378 232.719
1.34992 233.534
1.35606 234.704
1.3622 236.012
1.36833 237.274
1.37445 239.205
1.38059 239.623
1.38675 240.75
1.39288 242.368
1.39901 242.6
1.40515 243.969
1.4113 245.649
1.41742 246.56
1.42355 246.498
1.4297 248.618
1.43585 248.864
1.44198 251.078
1.44809 251.965
1.45423 252.735
1.46036 254.532
1.46649 255.225
1.47263 256.612
1.47877 258.009
1.48491 258.164
1.49104 258.608
1.49718 260.571
1.50333 260.496
1.50947 263.172
1.5156 263.548
1.52172 264.289
1.52787 265.837
1.534 267.253
1.54013 268.703
1.54627 268.708
1.55241 269.869
1.55855 271.047
1.56467 271.901
1.5708 273.006
