#  k  (h/Mpc)          P(k)  (Mpc/h)^3     P_linear(k)   P_NL(k) (Mpc/h)^3
     0.00783031         20210.9         20513.5           20402 
       0.013688         25241.5         25365.8         25170.4 
       0.019231           25444         25635.4         25378.2 
      0.0249154         23029.4         23617.7         23341.1 
      0.0312784         20576.7         20361.8         20072.2 
      0.0375637         16943.3         17287.6         17029.1 
      0.0433917         14880.2         15046.4         14768.3 
      0.0492413         13091.8         13439.5         13172.6 
      0.0555754         11983.1         12280.2         12034.8 
      0.0619321         11098.7         11423.3         11182.2 
       0.067871           10375         10674.3         10455.7 
      0.0738098         9478.67         9842.08         9530.37 
      0.0800417         8526.89         8856.08         8604.23 
      0.0862327         7802.09         7841.33          7739.8 
      0.0921407         6811.95         6940.55         6884.81 
      0.0982031         6228.66         6164.83         6243.98 
       0.104506         5546.91         5561.75         5737.32 
       0.110769         5187.86         5155.89         5263.08 
       0.116806         4977.56         4889.47         4964.46 
       0.122832          4733.3         4677.07         4752.13 
       0.129052         4465.97         4453.97         4522.27 
       0.135211         4140.58         4193.92         4269.83 
       0.141259          3943.2         3896.12         4050.54 
       0.147318         3779.37         3576.26         3807.16 
       0.153489         3493.06          3260.5         3472.32 
       0.159709         3250.99         2982.04         3265.67 
       0.165845         3038.28         2764.14         3130.37 
       0.171974         2935.48         2604.93         2961.41 
       0.178125         2746.42          2488.7         2879.78 
       0.184229         2689.55          2396.6         2743.09 
        0.19034         2573.99         2308.28         2640.78 
       0.196428         2439.93         2211.01            2533 
       0.202534         2374.53         2098.34         2448.32 
       0.208729         2275.52         1971.83          2315.9 
       0.214876         2177.34         1845.05         2253.38 
       0.220989         2071.02         1727.42         2179.44 
       0.227147         1994.27          1625.3         2105.71 
        0.23329         1925.57          1542.2         2040.86 
       0.239377         1904.34         1476.79         1962.14 
       0.245482          1838.7         1423.17         1881.11 
       0.251667         1761.16         1374.77          1839.5 
       0.257832         1741.83         1326.38         1781.24 
       0.263955         1680.21         1274.55         1732.73 
       0.270079         1613.25         1218.63         1683.96 
        0.27624         1575.86         1160.63         1632.19 
       0.282372         1535.36         1104.16         1604.22 
        0.28843         1480.44         1052.29         1569.55 
       0.294538         1438.05         1005.98         1521.93 
       0.300721         1414.65         965.772         1476.82 
        0.30691         1363.04         931.185         1457.29 
       0.313033         1357.49         900.669         1412.21 
       0.319153         1302.09         871.904         1373.99 
       0.325316         1257.17         843.127         1354.28 
        0.33145         1248.27         813.802         1308.65 
       0.337538         1208.69         783.968         1289.04 
       0.343633         1187.39         754.209         1273.23 
       0.349808         1159.81         725.137         1252.72 
       0.355968         1129.87         698.007         1228.96 
       0.362074         1118.43         673.396         1205.73 
       0.368217         1095.92         651.053         1177.75 
       0.374374          1069.8         630.664         1155.05 
       0.380519         1048.03         611.687         1134.08 
       0.386598         1022.11         593.734         1119.14 
       0.392688         1007.11         576.093         1099.03 
        0.39888         984.099         558.266         1080.83 
       0.405048          973.07         540.636         1062.65 
       0.411186         965.751         523.443         1045.26 
       0.417313          940.96         506.946         1032.01 
       0.423458         925.295         491.257         1012.47 
       0.429607         913.543         476.511         996.142 
       0.435692          889.25         462.871         974.373 
       0.441815         874.824          450.01         971.353 
       0.447964         866.086         437.712         961.022 
       0.454126         845.888         425.821         934.613 
       0.460267         833.419         414.316         932.964 
       0.466387          821.36         403.106         917.372 
        0.47254         802.782         392.064         904.495 
       0.478662         795.802          381.36         891.387 
       0.484765         782.206         371.082         882.092 
       0.490885         771.753         361.225         865.542 
       0.497035          762.38         351.758         858.122 
       0.503198         747.571         342.709         848.092 
       0.509342         737.771         334.099         833.605 
       0.515458         726.895         325.875         827.949 
       0.521598         720.164         317.898         819.807 
       0.527764         706.048         310.109         812.946 
       0.533884         698.357         302.587         804.268 
           0.54          685.63         295.284         794.874 
       0.546137         678.447         288.166         786.409 
       0.552299         663.067         281.241         775.648 
       0.558452         658.923         274.572         769.557 
       0.564573         646.171         268.183         762.401 
       0.570708         643.304         262.019         752.148 
       0.576825          631.58         256.088         743.076 
       0.582926         630.532         250.362         738.298 
       0.589034         617.354           244.8         728.032 
       0.595184         609.385         239.361         720.603 
       0.601379         605.711         234.048         714.925 
       0.607522         595.944         228.943         704.237 
       0.613639          584.95         224.008         701.679 
       0.619772         582.126         219.199         699.531 
       0.625918         575.343         214.523           690.2 
       0.632068         567.878         209.989         686.291 
       0.638161         558.403          205.63         676.345 
         0.6443         555.082         201.363         670.277 
       0.650464         544.574         197.204         662.339 
       0.656582         537.512         193.195         658.243 
       0.662703          533.25         189.299         653.513 
       0.668861         530.449         185.491         650.291 
       0.675024         522.115         181.786         645.456 
       0.681124         518.453         178.221         636.687 
       0.687237         511.372         174.746         631.235 
       0.693381         504.625         171.349         625.446 
       0.699536         501.143         168.039         621.256 
       0.705665         492.062         164.831         613.993 
       0.711789         487.723         161.707         609.356 
       0.717957         482.115         158.644         608.165 
        0.72409         475.892         155.679         602.232 
       0.730186         472.275          152.81         595.922 
       0.736317         468.191         150.001         592.075 
       0.742472         461.572         147.254         588.343 
       0.748622         455.115         144.576          582.11 
        0.75476         450.883         141.968         582.029 
       0.760888         449.439         139.429           575.8 
       0.767043         443.373         136.944         568.615 
       0.773185         437.145         134.528         565.263 
       0.779291         431.978         132.185         560.659 
       0.785407         429.929         129.892         557.459 
       0.791564         423.865         127.639         555.564 
       0.797719         418.359         125.442         550.541 
       0.803834         415.018         123.312         546.859 
       0.809972         410.436         121.224         543.072 
       0.816124         405.847         119.178         537.397 
       0.822261         400.476         117.186         534.604 
       0.828378         396.566         115.246         530.669 
       0.834502         394.122         113.351         528.875 
       0.840667         388.896         111.487         524.891 
       0.846816         385.561         109.669         520.762 
       0.852925         380.758         107.902         517.784 
       0.859047         379.818          106.17         513.104 
       0.865192         373.248          104.47         510.016 
       0.871341         368.413         102.807         506.384 
       0.877463         365.125         101.188         503.432 
       0.883569         362.606           99.61          501.27 
       0.889708         360.022         98.0585         496.524 
       0.895864         353.335         96.5361         493.723 
       0.902008         354.149         95.0488         490.433 
       0.908149           350.2         93.5935         485.377 
       0.914301         344.774         92.1665         481.772 
       0.920448         341.569         90.7712         480.905 
       0.926574         339.378         89.4101         477.962 
       0.932687          333.79         88.0802         473.294 
       0.938823         330.576         86.7728         471.922 
       0.944975         327.842         85.4889         469.073 
       0.951105         324.033         84.2354         465.903 
       0.957225         321.019          83.009         462.655 
       0.963368         319.987         81.8028         459.815 
       0.969511         315.613         80.6209         456.807 
       0.975621         312.333         79.4694         454.319 
       0.981748         308.481          78.338          451.84 
       0.987916         306.671         77.2216         449.355 
        0.99406         302.055         76.1311         446.431 
        1.00019         300.785         75.0638         442.652 
        1.00632         297.097          74.018         440.061 
        1.01246         294.288         72.9909          437.43 
        1.01859          290.62         71.9852          434.69 
        1.02471         287.582         71.0001         432.302 
        1.03085         284.545         70.0302         430.831 
        1.03698         281.498         69.0805           429.1 
        1.04314          279.25         68.1442         425.571 
        1.04929         276.544          67.227         422.131 
        1.05541         273.177         66.3297         419.711 
        1.06154         271.551         65.4464         417.619 
        1.06769         269.589         64.5783         414.608 
        1.07382         267.045         63.7301         411.904 
        1.07993         263.521         62.9005         410.011 
        1.08607         260.977         62.0832         407.479 
        1.09222         258.214         61.2799         405.191 
        1.09836         255.885         60.4912         403.296 
        1.10449         253.562         59.7167         401.712 
        1.11063          251.32         58.9542         398.537 
        1.11677          248.28         58.2047         396.423 
         1.1229         246.172         57.4691         393.804 
        1.12903         243.494         56.7453          392.03 
        1.13518          241.62         56.0336         388.783 
        1.14131         237.922          55.335         387.644 
        1.14745         236.518         54.6494         384.581 
        1.15359         234.532         53.9759         383.382 
        1.15973         231.641          53.314         381.089 
        1.16584         230.221         52.6667         379.054 
        1.17197         228.385         52.0295         377.377 
        1.17811         226.325         51.4006         374.629 
        1.18424         223.395         50.7833         372.402 
        1.19038         221.168         50.1735          371.22 
        1.19652         218.934         49.5734         368.291 
        1.20267         217.193         48.9833         366.436 
        1.20881         215.007         48.4039         364.926 
        1.21495         213.228         47.8363         362.286 
        1.22108          210.03         47.2789         359.992 
         1.2272         208.835         46.7319         359.043 
        1.23334         205.701         46.1919         356.657 
        1.23949         204.973         45.6581         354.756 
        1.24562         202.228         45.1334         352.657 
        1.25174         200.856         44.6172         351.084 
        1.25789         199.298         44.1075         348.822 
        1.26402         196.355         43.6069         347.609 
        1.27014         195.455         43.1155         345.363 
        1.27628         193.889         42.6304         344.248 
        1.28244         191.174         42.1518         342.606 
        1.28858         188.228         41.6809         340.478 
        1.29471         187.545         41.2183         337.991 
        1.30084         185.271         40.7632         335.917 
        1.30697         184.309         40.3146         334.856 
        1.31312         182.494         39.8726         333.135 
        1.31925         180.319          39.439         331.159 
        1.32537          179.05         39.0126          329.19 
        1.33151         176.609         38.5911         327.926 
        1.33765         175.397         38.1759         326.362 
        1.34378         174.434         37.7675         324.073 
        1.34992         172.314         37.3645         322.575 
        1.35606         170.479         36.9663         320.656 
         1.3622         169.133         36.5745         319.517 
        1.36833         167.868         36.1891         318.305 
        1.37445         165.237         35.8094         315.793 
        1.38059         164.155          35.434         314.721 
        1.38675         162.965         35.0633         313.396 
        1.39288         160.719         34.6997         311.251 
        1.39901         159.906         34.3416         309.548 
        1.40515         158.226          33.988         308.017 
         1.4113         156.617         33.6394         306.267 
        1.41742         155.189         33.2967          304.59 
        1.42355         153.615         32.9578         303.438 
         1.4297         152.112         32.6223         301.328 
        1.43585          150.82         32.2915         300.584 
        1.44198         149.634         31.9668         298.765 
        1.44809         148.194         31.6477         297.196 
        1.45423          146.99         31.3323         295.329 
        1.46036         145.372         31.0223         294.105 
        1.46649         144.727         30.7165         292.844 
        1.47263         142.971         30.4145         291.054 
        1.47877         141.356         30.1163         289.253 
        1.48491         140.155         29.8212         287.663 
        1.49104         138.782         29.5304         286.676 
        1.49718         137.502          29.243         285.836 
        1.50333         136.564         28.9588         283.551 
        1.50947         135.254         28.6791         282.096 
         1.5156         133.682         28.4036         281.309 
        1.52172         133.086          28.132         279.836 
        1.52787         131.636         27.8635         278.436 
          1.534           130.6         27.5991         276.889 
        1.54013         129.405         27.3387         275.619 
        1.54627         127.931         27.0814         274.639 
        1.55241          126.85         26.8275         273.375 
        1.55855         125.419         26.5771         271.725 
        1.56467         124.441         26.3303         270.203 
         1.5708          122.98         26.0858         268.894 
