0.00783031 14844.6
0.013688 8241.92
0.019231 10190.4
0.0249154 9499.98
0.0312784 9766.04
0.0375637 9127.52
0.0433917 10372.1
0.0492413 9499.64
0.0555754 9613.33
0.0619321 8393.84
0.067871 8917.78
0.0738098 8346.81
0.0800417 8366
0.0862327 7976.72
0.0921407 8005.71
0.0982031 8066.77
0.104506 7650.95
0.110769 7609.71
0.116806 7974.89
0.122832 7521.25
0.129052 7158.85
0.135211 7259.55
0.141259 7080.07
0.147318 7019.03
0.153489 6649.85
0.159709 6747.23
0.165845 6689.66
0.171974 6431.39
0.178125 6450.49
0.184229 6436.79
0.19034 6308.43
0.196428 6236.82
0.202534 6236.32
0.208729 5949.79
0.214876 6031.4
0.220989 5876.49
0.227147 5803.29
0.23329 5812.96
0.239377 5692.98
0.245482 5576.6
0.251667 5579.49
0.257832 5458.42
0.263955 5431.39
0.270079 5371.64
0.27624 5260.43
0.282372 5338.23
0.28843 5266.19
0.294538 5243.05
0.300721 5107.31
0.30691 5095.77
0.313033 4990.81
0.319153 4983.24
0.325316 4898.46
0.33145 4923.04
0.337538 4905.55
0.343633 4892.18
0.349808 4805.27
0.355968 4766.13
0.362074 4741.7
0.368217 4736.95
0.374374 4621.61
0.380519 4629.35
0.386598 4556.81
0.392688 4601.96
0.39888 4568.84
0.405048 4553.54
0.411186 4504.26
0.417313 4503.61
0.423458 4456.91
0.429607 4411.65
0.435692 4339.79
0.441815 4335.13
0.447964 4345.85
0.454126 4283.68
0.460267 4296.72
0.466387 4260.12
0.47254 4222.57
0.478662 4240.58
0.484765 4187.09
0.490885 4169.32
0.497035 4145.1
0.503198 4157.79
0.509342 4123.47
0.515458 4107.77
0.521598 4064.63
0.527764 4078.62
0.533884 4048.44
0.54 4014.44
0.546137 4013.77
0.552299 3985.56
0.558452 3957.74
0.564573 3931.05
0.570708 3956.36
0.576825 3912.22
0.582926 3914.97
0.589034 3899.41
0.595184 3869.42
0.601379 3879.03
0.607522 3832.31
0.613639 3813.29
0.619772 3813.63
0.625918 3812.93
0.632068 3786.72
0.638161 3773.16
0.6443 3761.35
0.650464 3758.72
0.656582 3720.95
0.662703 3741.25
0.668861 3710.62
0.675024 3709.62
0.681124 3684.53
0.687237 3683.27
0.693381 3645.42
0.699536 3666.7
0.705665 3629.67
0.711789 3636.5
0.717957 3601.34
0.72409 3590.73
0.730186 3589.22
0.736317 3584.45
0.742472 3560.97
0.748622 3561.99
0.75476 3534.19
0.760888 3531.65
0.767043 3523.45
0.773185 3520.63
0.779291 3509.4
0.785407 3501.78
0.791564 3482.38
0.797719 3476.49
0.803834 3464.91
0.809972 3465.1
0.816124 3451.74
0.822261 3438.75
0.828378 3436.17
0.834502 3431.51
0.840667 3415.68
0.846816 3394.35
0.852925 3400.57
0.859047 3392.73
0.865192 3367.94
0.871341 3366.85
0.877463 3365.02
0.883569 3348.91
0.889708 3361.27
0.895864 3329.89
0.902008 3344.48
0.908149 3342.38
0.914301 3332.67
0.920448 3317.78
0.926574 3315.16
0.932687 3304.49
0.938823 3286.08
0.944975 3282.25
0.951105 3278.36
0.957225 3265.94
0.963368 3273.7
0.969511 3251.84
0.975621 3245.03
0.981748 3243.52
0.987916 3239.26
0.99406 3222.65
1.00019 3235.23
1.00632 3216.59
1.01246 3212.57
1.01859 3201.99
1.02471 3187.69
1.03085 3178.51
1.03698 3176.14
1.04314 3170.05
1.04929 3151.74
1.05541 3156.49
1.06154 3153.99
1.06769 3163.75
1.07382 3150.42
1.07993 3125.44
1.08607 3128.12
1.09222 3114.36
1.09836 3111.83
1.10449 3123.04
1.11063 3112.43
1.11677 3104.29
1.1229 3086.25
1.12903 3078.94
1.13518 3079.1
1.14131 3072.19
1.14745 3057.16
1.15359 3059.25
1.15973 3048.1
1.16584 3055.2
1.17197 3055.66
1.17811 3040.75
1.18424 3032.28
1.19038 3020.64
1.19652 3014.65
1.20267 3012.63
1.20881 3005.11
1.21495 2998.75
1.22108 2986.17
1.2272 2989.26
1.23334 2967.45
1.23949 2975.3
1.24562 2962.76
1.25174 2958.98
1.25789 2958.65
1.26402 2945.98
1.27014 2951.57
1.27628 2940.47
1.28244 2928.43
1.28858 2913.83
1.29471 2920.92
1.30084 2914.12
1.30697 2911.68
1.31312 2906.94
1.31925 2895.94
1.32537 2886.09
1.33151 2880.65
1.33765 2878.33
1.34378 2873.37
1.34992 2868.05
1.35606 2856.52
1.3622 2863.2
1.36833 2851.95
1.37445 2851.98
1.38059 2841.03
1.38675 2846.03
1.39288 2817.63
1.39901 2821.75
1.40515 2811.31
1.4113 2808.33
1.41742 2805.33
1.42355 2804.09
1.4297 2794.15
1.43585 2782.52
1.44198 2788.79
1.44809 2783.22
1.45423 2775.09
1.46036 2770.26
1.46649 2778.44
1.47263 2759.94
1.47877 2752.68
1.48491 2744.77
1.49104 2736.03
1.49718 2739.63
1.50333 2741.01
1.50947 2727.2
1.5156 2719.25
1.52172 2726.2
1.52787 2717.91
1.534 2712.65
1.54013 2704.9
1.54627 2698.05
1.55241 2696.24
1.55855 2686.72
1.56467 2680.99
1.5708 2670.56
