#  k  (h/Mpc)          P(k)  (Mpc/h)^3     P_linear(k)   P_NL(k) (Mpc/h)^3
     0.00783031         20380.1         20513.5           20402 
       0.013688         24946.5         25365.8         25170.4 
       0.019231         24981.9         25635.4         25378.2 
      0.0249154         23468.4         23617.7         23341.1 
      0.0312784         19596.4         20361.8         20072.2 
      0.0375637         16486.2         17287.6         17029.1 
      0.0433917         14979.3         15046.4         14768.3 
      0.0492413           13296         13439.5         13172.6 
      0.0555754         12075.6         12280.2         12034.8 
      0.0619321         11186.2         11423.3         11182.2 
       0.067871         10455.2         10674.3         10455.7 
      0.0738098         9470.07         9842.08         9530.37 
      0.0800417         8600.09         8856.08         8604.23 
      0.0862327         7506.21         7841.33          7739.8 
      0.0921407         6732.35         6940.55         6884.81 
      0.0982031         6138.19         6164.83         6243.98 
       0.104506         5596.87         5561.75         5737.32 
       0.110769         5450.08         5155.89         5263.08 
       0.116806         4950.93         4889.47         4964.46 
       0.122832         4644.78         4677.07         4752.13 
       0.129052         4414.68         4453.97         4522.27 
       0.135211         4122.68         4193.92         4269.83 
       0.141259         3791.49         3896.12         4050.54 
       0.147318         3583.72         3576.26         3807.16 
       0.153489         3479.38          3260.5         3472.32 
       0.159709          3295.3         2982.04         3265.67 
       0.165845         3038.19         2764.14         3130.37 
       0.171974         2946.37         2604.93         2961.41 
       0.178125         2798.73          2488.7         2879.78 
       0.184229         2675.93          2396.6         2743.09 
        0.19034         2575.34         2308.28         2640.78 
       0.196428          2510.8         2211.01            2533 
       0.202534         2339.24         2098.34         2448.32 
       0.208729         2260.75         1971.83          2315.9 
       0.214876         2183.01         1845.05         2253.38 
       0.220989         2123.66         1727.42         2179.44 
       0.227147         2024.27          1625.3         2105.71 
        0.23329         1900.66          1542.2         2040.86 
       0.239377         1863.14         1476.79         1962.14 
       0.245482         1843.46         1423.17         1881.11 
       0.251667         1783.94         1374.77          1839.5 
       0.257832          1689.8         1326.38         1781.24 
       0.263955         1677.86         1274.55         1732.73 
       0.270079         1624.73         1218.63         1683.96 
        0.27624         1554.41         1160.63         1632.19 
       0.282372         1519.34         1104.16         1604.22 
        0.28843         1476.53         1052.29         1569.55 
       0.294538         1428.46         1005.98         1521.93 
       0.300721         1392.99         965.772         1476.82 
        0.30691         1378.03         931.185         1457.29 
       0.313033         1326.57         900.669         1412.21 
       0.319153         1306.19         871.904         1373.99 
       0.325316         1273.72         843.127         1354.28 
        0.33145         1262.04         813.802         1308.65 
       0.337538         1197.99         783.968         1289.04 
       0.343633         1196.41         754.209         1273.23 
       0.349808         1157.93         725.137         1252.72 
       0.355968          1136.5         698.007         1228.96 
       0.362074         1115.65         673.396         1205.73 
       0.368217         1075.88         651.053         1177.75 
       0.374374         1065.11         630.664         1155.05 
       0.380519         1045.37         611.687         1134.08 
       0.386598         1025.83         593.734         1119.14 
       0.392688         1003.48         576.093         1099.03 
        0.39888         988.151         558.266         1080.83 
       0.405048         971.594         540.636         1062.65 
       0.411186         941.492         523.443         1045.26 
       0.417313         936.854         506.946         1032.01 
       0.423458         920.555         491.257         1012.47 
       0.429607         902.737         476.511         996.142 
       0.435692         893.891         462.871         974.373 
       0.441815         871.656          450.01         971.353 
       0.447964          861.38         437.712         961.022 
       0.454126         847.895         425.821         934.613 
       0.460267         836.662         414.316         932.964 
       0.466387         813.443         403.106         917.372 
        0.47254         806.742         392.064         904.495 
       0.478662         786.339          381.36         891.387 
       0.484765         776.379         371.082         882.092 
       0.490885         770.396         361.225         865.542 
       0.497035         755.837         351.758         858.122 
       0.503198         742.236         342.709         848.092 
       0.509342         737.176         334.099         833.605 
       0.515458         722.575         325.875         827.949 
       0.521598         717.763         317.898         819.807 
       0.527764         698.395         310.109         812.946 
       0.533884         699.821         302.587         804.268 
           0.54         687.527         295.284         794.874 
       0.546137         677.622         288.166         786.409 
       0.552299          666.91         281.241         775.648 
       0.558452         657.634         274.572         769.557 
       0.564573          653.23         268.183         762.401 
       0.570708         643.589         262.019         752.148 
       0.576825         634.061         256.088         743.076 
       0.582926         625.449         250.362         738.298 
       0.589034         615.433           244.8         728.032 
       0.595184         613.099         239.361         720.603 
       0.601379         603.764         234.048         714.925 
       0.607522         594.982         228.943         704.237 
       0.613639          589.14         224.008         701.679 
       0.619772         581.557         219.199         699.531 
       0.625918         574.281         214.523           690.2 
       0.632068         565.462         209.989         686.291 
       0.638161         558.442          205.63         676.345 
         0.6443         554.255         201.363         670.277 
       0.650464         548.701         197.204         662.339 
       0.656582         542.312         193.195         658.243 
       0.662703         535.795         189.299         653.513 
       0.668861         530.686         185.491         650.291 
       0.675024         523.268         181.786         645.456 
       0.681124         517.184         178.221         636.687 
       0.687237         511.436         174.746         631.235 
       0.693381         503.467         171.349         625.446 
       0.699536          498.62         168.039         621.256 
       0.705665         496.479         164.831         613.993 
       0.711789         486.486         161.707         609.356 
       0.717957         484.766         158.644         608.165 
        0.72409         479.436         155.679         602.232 
       0.730186         472.734          152.81         595.922 
       0.736317         465.912         150.001         592.075 
       0.742472         459.334         147.254         588.343 
       0.748622         458.716         144.576          582.11 
        0.75476         453.159         141.968         582.029 
       0.760888         446.909         139.429           575.8 
       0.767043         441.906         136.944         568.615 
       0.773185         436.057         134.528         565.263 
       0.779291         431.225         132.185         560.659 
       0.785407         426.406         129.892         557.459 
       0.791564         423.542         127.639         555.564 
       0.797719         419.185         125.442         550.541 
       0.803834         416.109         123.312         546.859 
       0.809972         408.342         121.224         543.072 
       0.816124         403.929         119.178         537.397 
       0.822261         402.695         117.186         534.604 
       0.828378         397.045         115.246         530.669 
       0.834502         392.287         113.351         528.875 
       0.840667         389.429         111.487         524.891 
       0.846816         384.775         109.669         520.762 
       0.852925         380.331         107.902         517.784 
       0.859047         378.757          106.17         513.104 
       0.865192         373.388          104.47         510.016 
       0.871341         369.614         102.807         506.384 
       0.877463         365.384         101.188         503.432 
       0.883569         363.941           99.61          501.27 
       0.889708         358.326         98.0585         496.524 
       0.895864         356.189         96.5361         493.723 
       0.902008         351.789         95.0488         490.433 
       0.908149         346.959         93.5935         485.377 
       0.914301         344.864         92.1665         481.772 
       0.920448         341.387         90.7712         480.905 
       0.926574         339.048         89.4101         477.962 
       0.932687         335.053         88.0802         473.294 
       0.938823         330.568         86.7728         471.922 
       0.944975         327.738         85.4889         469.073 
       0.951105         324.457         84.2354         465.903 
       0.957225         320.764          83.009         462.655 
       0.963368         317.985         81.8028         459.815 
       0.969511         314.847         80.6209         456.807 
       0.975621         311.696         79.4694         454.319 
       0.981748         307.908          78.338          451.84 
       0.987916         302.885         77.2216         449.355 
        0.99406         302.334         76.1311         446.431 
        1.00019         298.922         75.0638         442.652 
        1.00632         296.411          74.018         440.061 
        1.01246         292.853         72.9909          437.43 
        1.01859         290.715         71.9852          434.69 
        1.02471         286.709         71.0001         432.302 
        1.03085         285.202         70.0302         430.831 
        1.03698         281.368         69.0805           429.1 
        1.04314           279.2         68.1442         425.571 
        1.04929         275.099          67.227         422.131 
        1.05541         272.629         66.3297         419.711 
        1.06154         270.374         65.4464         417.619 
        1.06769         267.363         64.5783         414.608 
        1.07382         264.815         63.7301         411.904 
        1.07993         262.313         62.9005         410.011 
        1.08607         260.692         62.0832         407.479 
        1.09222         257.983         61.2799         405.191 
        1.09836         255.251         60.4912         403.296 
        1.10449         252.239         59.7167         401.712 
        1.11063         249.377         58.9542         398.537 
        1.11677         248.239         58.2047         396.423 
         1.1229         245.978         57.4691         393.804 
        1.12903         243.613         56.7453          392.03 
        1.13518         240.488         56.0336         388.783 
        1.14131         237.646          55.335         387.644 
        1.14745         235.374         54.6494         384.581 
        1.15359         233.464         53.9759         383.382 
        1.15973         230.748          53.314         381.089 
        1.16584           228.5         52.6667         379.054 
        1.17197         227.116         52.0295         377.377 
        1.17811          223.45         51.4006         374.629 
        1.18424         222.263         50.7833         372.402 
        1.19038         220.359         50.1735          371.22 
        1.19652         218.197         49.5734         368.291 
        1.20267         216.199         48.9833         366.436 
        1.20881         213.893         48.4039         364.926 
        1.21495          211.49         47.8363         362.286 
        1.22108         209.964         47.2789         359.992 
         1.2272         208.241         46.7319         359.043 
        1.23334          205.28         46.1919         356.657 
        1.23949         203.375         45.6581         354.756 
        1.24562          200.95         45.1334         352.657 
        1.25174         199.863         44.6172         351.084 
        1.25789         197.084         44.1075         348.822 
        1.26402         195.611         43.6069         347.609 
        1.27014         193.655         43.1155         345.363 
        1.27628         192.013         42.6304         344.248 
        1.28244         189.874         42.1518         342.606 
        1.28858         188.127         41.6809         340.478 
        1.29471         186.878         41.2183         337.991 
        1.30084         184.714         40.7632         335.917 
        1.30697         183.332         40.3146         334.856 
        1.31312         181.291         39.8726         333.135 
        1.31925         179.529          39.439         331.159 
        1.32537          177.68         39.0126          329.19 
        1.33151          176.51         38.5911         327.926 
        1.33765         174.298         38.1759         326.362 
        1.34378         172.944         37.7675         324.073 
        1.34992         170.756         37.3645         322.575 
        1.35606         169.772         36.9663         320.656 
         1.3622         168.104         36.5745         319.517 
        1.36833         166.607         36.1891         318.305 
        1.37445         164.336         35.8094         315.793 
        1.38059         163.179          35.434         314.721 
        1.38675          161.95         35.0633         313.396 
        1.39288          159.54         34.6997         311.251 
        1.39901         158.202         34.3416         309.548 
        1.40515         156.915          33.988         308.017 
         1.4113         155.771         33.6394         306.267 
        1.41742         153.604         33.2967          304.59 
        1.42355         152.885         32.9578         303.438 
         1.4297         151.112         32.6223         301.328 
        1.43585         149.501         32.2915         300.584 
        1.44198         148.339         31.9668         298.765 
        1.44809         146.967         31.6477         297.196 
        1.45423         145.533         31.3323         295.329 
        1.46036         143.819         31.0223         294.105 
        1.46649         142.598         30.7165         292.844 
        1.47263         141.414         30.4145         291.054 
        1.47877         140.022         30.1163         289.253 
        1.48491         139.082         29.8212         287.663 
        1.49104         137.691         29.5304         286.676 
        1.49718          136.43          29.243         285.836 
        1.50333          134.85         28.9588         283.551 
        1.50947         133.837         28.6791         282.096 
         1.5156          132.43         28.4036         281.309 
        1.52172         131.405          28.132         279.836 
        1.52787         130.373         27.8635         278.436 
          1.534          128.91         27.5991         276.889 
        1.54013         128.115         27.3387         275.619 
        1.54627         126.582         27.0814         274.639 
        1.55241          125.29         26.8275         273.375 
        1.55855         124.335         26.5771         271.725 
        1.56467          123.17         26.3303         270.203 
         1.5708         122.236         26.0858         268.894 
