0.00783031 47.0162
0.013688 17.5093
0.019231 6.34695
0.0249154 5.51013
0.0312784 -4.55355
0.0375637 3.88332
0.0433917 -6.30341
0.0492413 -3.0563
0.0555754 -2.95907
0.0619321 -3.99913
0.067871 3.50185
0.0738098 -0.498174
0.0800417 -0.225285
0.0862327 7.74854
0.0921407 6.97913
0.0982031 0.779327
0.104506 5.77645
0.110769 0.867765
0.116806 5.45917
0.122832 5.183
0.129052 4.49872
0.135211 7.4023
0.141259 5.31452
0.147318 3.33287
0.153489 0.915689
0.159709 -0.851419
0.165845 9.45473
0.171974 3.80727
0.178125 5.23892
0.184229 1.70988
0.19034 1.55183
0.196428 1.76039
0.202534 2.96416
0.208729 3.76137
0.214876 2.17873
0.220989 4.48745
0.227147 1.84277
0.23329 3.36241
0.239377 1.99316
0.245482 1.714
0.251667 3.17841
0.257832 1.97659
0.263955 0.362429
0.270079 1.34753
0.27624 2.8001
0.282372 2.88127
0.28843 1.78841
0.294538 0.425201
0.300721 1.78586
0.30691 1.77595
0.313033 2.43732
0.319153 3.02333
0.325316 -0.76354
0.33145 -3.22226
0.337538 0.908166
0.343633 -2.32845
0.349808 -0.280189
0.355968 -2.31182
0.362074 0.153128
0.368217 -1.5323
0.374374 -2.57534
0.380519 -2.2503
0.386598 -3.50258
0.392688 -3.49132
0.39888 -3.23988
0.405048 -5.39195
0.411186 -4.19927
0.417313 -5.34259
0.423458 -5.37831
0.429607 -5.3056
0.435692 -5.71548
0.441815 -5.30992
0.447964 -5.18574
0.454126 -6.17155
0.460267 -9.54836
0.466387 -7.23443
0.47254 -9.61222
0.478662 -6.81924
0.484765 -6.17412
0.490885 -6.54007
0.497035 -8.51188
0.503198 -6.61248
0.509342 -8.12463
0.515458 -8.67492
0.521598 -10.8032
0.527764 -6.737
0.533884 -10.2188
0.54 -9.74962
0.546137 -11.8025
0.552299 -10.2757
0.558452 -12.3318
0.564573 -13.0234
0.570708 -14.5174
0.576825 -11.7722
0.582926 -12.7261
0.589034 -12.1051
0.595184 -13.5085
0.601379 -13.6774
0.607522 -13.1021
0.613639 -13.8996
0.619772 -13.862
0.625918 -14.0531
0.632068 -14.8091
0.638161 -15.6827
0.6443 -16.5213
0.650464 -15.7814
0.656582 -16.514
0.662703 -15.274
0.668861 -17.3847
0.675024 -17.5809
0.681124 -19.0411
0.687237 -18.311
0.693381 -17.1078
0.699536 -17.5312
0.705665 -18.5403
0.711789 -17.2017
0.717957 -19.2447
0.72409 -17.9331
0.730186 -20.9311
0.736317 -19.4887
0.742472 -19.1716
0.748622 -22.0828
0.75476 -21.1848
0.760888 -21.5245
0.767043 -19.6563
0.773185 -20.6062
0.779291 -19.4757
0.785407 -21.5941
0.791564 -23.2227
0.797719 -22.8328
0.803834 -23.8036
0.809972 -22.6027
0.816124 -22.7892
0.822261 -23.1433
0.828378 -24.5237
0.834502 -25.4031
0.840667 -24.9282
0.846816 -23.7097
0.852925 -22.3317
0.859047 -23.8583
0.865192 -25.6469
0.871341 -24.9435
0.877463 -24.567
0.883569 -26.7396
0.889708 -26.1809
0.895864 -26.6618
0.902008 -26.7893
0.908149 -26.122
0.914301 -25.2368
0.920448 -25.0993
0.926574 -27.3857
0.932687 -28.1381
0.938823 -28.8027
0.944975 -27.7162
0.951105 -28.5181
0.957225 -26.4197
0.963368 -27.7229
0.969511 -26.8385
0.975621 -26.0389
0.981748 -27.5439
0.987916 -25.4969
0.99406 -27.8258
1.00019 -27.2017
1.00632 -27.9464
1.01246 -28.916
1.01859 -28.2225
1.02471 -28.3395
1.03085 -28.5811
1.03698 -28.9319
1.04314 -28.2274
1.04929 -29.297
1.05541 -28.4003
1.06154 -30.4885
1.06769 -30.6337
1.07382 -29.9926
1.07993 -29.6756
1.08607 -30.0252
1.09222 -31.1312
1.09836 -31.5259
1.10449 -30.8127
1.11063 -29.9371
1.11677 -32.3083
1.1229 -30.9344
1.12903 -31.9903
1.13518 -30.0987
1.14131 -31.8005
1.14745 -31.7598
1.15359 -31.5501
1.15973 -30.8162
1.16584 -32.8688
1.17197 -31.6029
1.17811 -30.2654
1.18424 -31.5461
1.19038 -33.2754
1.19652 -33.5402
1.20267 -33.3144
1.20881 -32.1634
1.21495 -32.3973
1.22108 -32.3471
1.2272 -33.5864
1.23334 -33.5006
1.23949 -33.2169
1.24562 -32.7991
1.25174 -34.988
1.25789 -31.6854
1.26402 -33.7648
1.27014 -31.7923
1.27628 -32.5421
1.28244 -34.0329
1.28858 -34.3923
1.29471 -35.571
1.30084 -35.0227
1.30697 -34.4655
1.31312 -34.9322
1.31925 -34.1962
1.32537 -35.3811
1.33151 -36.1294
1.33765 -34.841
1.34378 -35.6401
1.34992 -35.8063
1.35606 -35.0227
1.3622 -34.9675
1.36833 -36.5959
1.37445 -36.1978
1.38059 -36.1394
1.38675 -35.8469
1.39288 -36.9635
1.39901 -35.9911
1.40515 -35.44
1.4113 -37.5293
1.41742 -36.8757
1.42355 -38.0665
1.4297 -36.7081
1.43585 -37.2279
1.44198 -35.9107
1.44809 -37.7553
1.45423 -37.8321
1.46036 -38.1935
1.46649 -37.3869
1.47263 -38.4238
1.47877 -37.2635
1.48491 -38.6622
1.49104 -37.8947
1.49718 -39.3565
1.50333 -39.3172
1.50947 -38.0966
1.5156 -38.2945
1.52172 -39.0109
1.52787 -39.3098
1.534 -39.8148
1.54013 -39.7782
1.54627 -39.9183
1.55241 -39.1752
1.55855 -40.5287
1.56467 -39.75
1.5708 -39.8162
