0.00783031 12728.1
0.013688 11152.2
0.019231 8602.92
0.0249154 10105.3
0.0312784 9500.65
0.0375637 8029.1
0.0433917 9308.24
0.0492413 9174.82
0.0555754 8517.87
0.0619321 9028.55
0.067871 8099.37
0.0738098 8802.9
0.0800417 8595.97
0.0862327 8538.69
0.0921407 8216.36
0.0982031 7734.54
0.104506 7723.11
0.110769 7814.44
0.116806 7575.13
0.122832 7318.71
0.129052 7267.88
0.135211 7163.25
0.141259 6989.82
0.147318 7003.49
0.153489 6857.46
0.159709 6690.73
0.165845 6507.49
0.171974 6456.95
0.178125 6354.02
0.184229 6287.33
0.19034 6296.06
0.196428 6205.74
0.202534 5931.56
0.208729 5995.36
0.214876 5805.39
0.220989 5739.95
0.227147 5806.96
0.23329 5675.83
0.239377 5576.99
0.245482 5516.68
0.251667 5447.88
0.257832 5455.81
0.263955 5344.74
0.270079 5325.47
0.27624 5270.3
0.282372 5280.21
0.28843 5147.51
0.294538 5147.92
0.300721 5056.86
0.30691 5006.41
0.313033 5023.45
0.319153 4935.71
0.325316 4933.16
0.33145 4851.09
0.337538 4770.11
0.343633 4784.77
0.349808 4728.43
0.355968 4682.25
0.362074 4709.44
0.368217 4613.3
0.374374 4564.03
0.380519 4577.68
0.386598 4552.45
0.392688 4516.83
0.39888 4525.81
0.405048 4480.64
0.411186 4404.99
0.417313 4412.85
0.423458 4390.2
0.429607 4352.1
0.435692 4373.9
0.441815 4328.01
0.447964 4319.71
0.454126 4288.07
0.460267 4188.3
0.466387 4191.26
0.47254 4149.87
0.478662 4151.58
0.484765 4175.75
0.490885 4129.28
0.497035 4116.16
0.503198 4076.52
0.509342 4101.13
0.515458 4029.54
0.521598 4028.92
0.527764 4021.02
0.533884 3971.05
0.54 3993.43
0.546137 3965.42
0.552299 3967.73
0.558452 3915.24
0.564573 3903.09
0.570708 3899.92
0.576825 3875.6
0.582926 3861.64
0.589034 3846.81
0.595184 3846.52
0.601379 3826.93
0.607522 3793.65
0.613639 3790.06
0.619772 3786.93
0.625918 3795.98
0.632068 3762.87
0.638161 3720.23
0.6443 3727.96
0.650464 3719.5
0.656582 3702.5
0.662703 3688.62
0.668861 3708.66
0.675024 3695.65
0.681124 3663.31
0.687237 3645.08
0.693381 3646.08
0.699536 3625.33
0.705665 3635.58
0.711789 3597.79
0.717957 3600.04
0.72409 3591.65
0.730186 3569.97
0.736317 3543.6
0.742472 3542.07
0.748622 3542.88
0.75476 3527.58
0.760888 3512.56
0.767043 3517.44
0.773185 3478.12
0.779291 3477.11
0.785407 3469.09
0.791564 3457.09
0.797719 3450.62
0.803834 3438.95
0.809972 3437.05
0.816124 3413.43
0.822261 3438.94
0.828378 3419.43
0.834502 3395.99
0.840667 3401.34
0.846816 3387
0.852925 3380.33
0.859047 3389.47
0.865192 3355.19
0.871341 3369.46
0.877463 3332.96
0.883569 3350.95
0.889708 3326.87
0.895864 3326.14
0.902008 3317.15
0.908149 3312.22
0.914301 3307.31
0.920448 3308.02
0.926574 3295.38
0.932687 3283.77
0.938823 3268.03
0.944975 3261.76
0.951105 3254.34
0.957225 3252.15
0.963368 3251.4
0.969511 3237.66
0.975621 3232.14
0.981748 3215.19
0.987916 3198.72
0.99406 3200.14
1.00019 3190.5
1.00632 3195.95
1.01246 3179.66
1.01859 3185.68
1.02471 3160.13
1.03085 3168.01
1.03698 3156.02
1.04314 3160.66
1.04929 3133.61
1.05541 3129.79
1.06154 3120.8
1.06769 3109.14
1.07382 3107.45
1.07993 3101.13
1.08607 3117.75
1.09222 3107.53
1.09836 3094.25
1.10449 3084.5
1.11063 3074.36
1.11677 3084.93
1.1229 3071.93
1.12903 3061.75
1.13518 3056.1
1.14131 3043.06
1.14745 3043.28
1.15359 3038.29
1.15973 3025.36
1.16584 3013.15
1.17197 3021.85
1.17811 3002.14
1.18424 3016.56
1.19038 3010.91
1.19652 2995.99
1.20267 2986.86
1.20881 2977.87
1.21495 2981.31
1.22108 2973.57
1.2272 2969.16
1.23334 2957.27
1.23949 2948.89
1.24562 2937.41
1.25174 2941.58
1.25789 2920.7
1.26402 2925.27
1.27014 2924.28
1.27628 2915.78
1.28244 2907.01
1.28858 2899.92
1.29471 2905.88
1.30084 2892.22
1.30697 2895.41
1.31312 2884.79
1.31925 2879
1.32537 2867.11
1.33151 2864.99
1.33765 2851.91
1.34378 2854.01
1.34992 2846.78
1.35606 2841.96
1.3622 2832
1.36833 2833.34
1.37445 2825.93
1.38059 2818.16
1.38675 2810.51
1.39288 2803.31
1.39901 2794.21
1.40515 2799.99
1.4113 2793.95
1.41742 2780.43
1.42355 2779.89
1.4297 2776.83
1.43585 2764.11
1.44198 2763.93
1.44809 2761.22
1.45423 2748.56
1.46036 2742.33
1.46649 2741.12
1.47263 2742.83
1.47877 2735.1
1.48491 2720.93
1.49104 2719.88
1.49718 2717.99
1.50333 2709.46
1.50947 2708.09
1.5156 2696.11
1.52172 2694.06
1.52787 2688.69
1.534 2683.64
1.54013 2673.59
1.54627 2665.02
1.55241 2667.47
1.55855 2663.19
1.56467 2660.22
1.5708 2650.4
