0.00783031 20380.1
0.013688 24946.5
0.019231 24981.9
0.0249154 23468.4
0.0312784 19596.4
0.0375637 16486.2
0.0433917 14979.3
0.0492413 13296
0.0555754 12075.6
0.0619321 11186.2
0.067871 10455.2
0.0738098 9470.07
0.0800417 8600.09
0.0862327 7506.21
0.0921407 6732.35
0.0982031 6138.19
0.104506 5596.87
0.110769 5450.08
0.116806 4950.93
0.122832 4644.78
0.129052 4414.68
0.135211 4122.68
0.141259 3791.49
0.147318 3583.72
0.153489 3479.38
0.159709 3295.3
0.165845 3038.19
0.171974 2946.37
0.178125 2798.73
0.184229 2675.93
0.19034 2575.34
0.196428 2510.8
0.202534 2339.24
0.208729 2260.75
0.214876 2183.01
0.220989 2123.66
0.227147 2024.27
0.23329 1900.66
0.239377 1863.14
0.245482 1843.46
0.251667 1783.94
0.257832 1689.8
0.263955 1677.86
0.270079 1624.73
0.27624 1554.41
0.282372 1519.34
0.28843 1476.53
0.294538 1428.46
0.300721 1392.99
0.30691 1378.03
0.313033 1326.57
0.319153 1306.19
0.325316 1273.72
0.33145 1262.04
0.337538 1197.99
0.343633 1196.41
0.349808 1157.93
0.355968 1136.5
0.362074 1115.65
0.368217 1075.88
0.374374 1065.11
0.380519 1045.37
0.386598 1025.83
0.392688 1003.48
0.39888 988.151
0.405048 971.594
0.411186 941.492
0.417313 936.854
0.423458 920.555
0.429607 902.737
0.435692 893.891
0.441815 871.656
0.447964 861.38
0.454126 847.895
0.460267 836.662
0.466387 813.443
0.47254 806.742
0.478662 786.339
0.484765 776.379
0.490885 770.396
0.497035 755.837
0.503198 742.236
0.509342 737.176
0.515458 722.575
0.521598 717.763
0.527764 698.395
0.533884 699.821
0.54 687.527
0.546137 677.622
0.552299 666.91
0.558452 657.634
0.564573 653.23
0.570708 643.589
0.576825 634.061
0.582926 625.449
0.589034 615.433
0.595184 613.099
0.601379 603.764
0.607522 594.982
0.613639 589.14
0.619772 581.557
0.625918 574.281
0.632068 565.462
0.638161 558.442
0.6443 554.255
0.650464 548.701
0.656582 542.312
0.662703 535.795
0.668861 530.686
0.675024 523.268
0.681124 517.184
0.687237 511.436
0.693381 503.467
0.699536 498.62
0.705665 496.479
0.711789 486.486
0.717957 484.766
0.72409 479.436
0.730186 472.734
0.736317 465.912
0.742472 459.334
0.748622 458.716
0.75476 453.159
0.760888 446.909
0.767043 441.906
0.773185 436.057
0.779291 431.225
0.785407 426.406
0.791564 423.542
0.797719 419.185
0.803834 416.109
0.809972 408.342
0.816124 403.929
0.822261 402.695
0.828378 397.045
0.834502 392.287
0.840667 389.429
0.846816 384.775
0.852925 380.331
0.859047 378.757
0.865192 373.388
0.871341 369.614
0.877463 365.384
0.883569 363.941
0.889708 358.326
0.895864 356.189
0.902008 351.789
0.908149 346.959
0.914301 344.864
0.920448 341.387
0.926574 339.048
0.932687 335.053
0.938823 330.568
0.944975 327.738
0.951105 324.457
0.957225 320.764
0.963368 317.985
0.969511 314.847
0.975621 311.696
0.981748 307.908
0.987916 302.885
0.99406 302.334
1.00019 298.922
1.00632 296.411
1.01246 292.853
1.01859 290.715
1.02471 286.709
1.03085 285.202
1.03698 281.368
1.04314 279.2
1.04929 275.099
1.05541 272.629
1.06154 270.374
1.06769 267.363
1.07382 264.815
1.07993 262.313
1.08607 260.692
1.09222 257.983
1.09836 255.251
1.10449 252.239
1.11063 249.377
1.11677 248.239
1.1229 245.978
1.12903 243.613
1.13518 240.488
1.14131 237.646
1.14745 235.374
1.15359 233.464
1.15973 230.748
1.16584 228.5
1.17197 227.116
1.17811 223.45
1.18424 222.263
1.19038 220.359
1.19652 218.197
1.20267 216.199
1.20881 213.893
1.21495 211.49
1.22108 209.964
1.2272 208.241
1.23334 205.28
1.23949 203.375
1.24562 200.95
1.25174 199.863
1.25789 197.084
1.26402 195.611
1.27014 193.655
1.27628 192.013
1.28244 189.874
1.28858 188.127
1.29471 186.878
1.30084 184.714
1.30697 183.332
1.31312 181.291
1.31925 179.529
1.32537 177.68
1.33151 176.51
1.33765 174.298
1.34378 172.944
1.34992 170.756
1.35606 169.772
1.3622 168.104
1.36833 166.607
1.37445 164.336
1.38059 163.179
1.38675 161.95
1.39288 159.54
1.39901 158.202
1.40515 156.915
1.4113 155.771
1.41742 153.604
1.42355 152.885
1.4297 151.112
1.43585 149.501
1.44198 148.339
1.44809 146.967
1.45423 145.533
1.46036 143.819
1.46649 142.598
1.47263 141.414
1.47877 140.022
1.48491 139.082
1.49104 137.691
1.49718 136.43
1.50333 134.85
1.50947 133.837
1.5156 132.43
1.52172 131.405
1.52787 130.373
1.534 128.91
1.54013 128.115
1.54627 126.582
1.55241 125.29
1.55855 124.335
1.56467 123.17
1.5708 122.236
