0.00783031 20490.9
0.013688 25041.1
0.019231 25089.6
0.0249154 23160.7
0.0312784 19722.5
0.0375637 17156.2
0.0433917 14753.5
0.0492413 13067.1
0.0555754 12218.1
0.0619321 11011
0.067871 10071.4
0.0738098 9385.16
0.0800417 8590.69
0.0862327 7172.77
0.0921407 6606.79
0.0982031 5925.5
0.104506 5363.98
0.110769 5012.97
0.116806 4653.09
0.122832 4360.75
0.129052 4233.9
0.135211 3953.55
0.141259 3670.12
0.147318 3481.74
0.153489 3255.81
0.159709 2936.4
0.165845 2886.67
0.171974 2709.87
0.178125 2581.66
0.184229 2462.73
0.19034 2272.29
0.196428 2244.07
0.202534 2150.3
0.208729 2046.12
0.214876 1922.21
0.220989 1878.02
0.227147 1778.4
0.23329 1705.36
0.239377 1649.02
0.245482 1572.21
0.251667 1522.58
0.257832 1465.81
0.263955 1412.29
0.270079 1339.73
0.27624 1294.37
0.282372 1267
0.28843 1243.12
0.294538 1193.05
0.300721 1167.22
0.30691 1110.01
0.313033 1084.47
0.319153 1052.63
0.325316 1027.01
0.33145 998.438
0.337538 950.646
0.343633 942.832
0.349808 913.184
0.355968 893.67
0.362074 861.799
0.368217 842.25
0.374374 827.683
0.380519 798.816
0.386598 783.543
0.392688 767.325
0.39888 749.352
0.405048 734.954
0.411186 709.797
0.417313 700.345
0.423458 680.914
0.429607 669.074
0.435692 651.752
0.441815 631.856
0.447964 624.457
0.454126 611.998
0.460267 592.129
0.466387 584.038
0.47254 570.919
0.478662 565.272
0.484765 551.648
0.490885 539.447
0.497035 534.089
0.503198 518.454
0.509342 512.309
0.515458 501.362
0.521598 491.508
0.527764 481.649
0.533884 472.003
0.54 463.411
0.546137 454.691
0.552299 450.037
0.558452 440.932
0.564573 432.184
0.570708 426.834
0.576825 418.593
0.582926 410.772
0.589034 405.72
0.595184 400.124
0.601379 392.594
0.607522 385.044
0.613639 382.072
0.619772 375.112
0.625918 367.4
0.632068 359.707
0.638161 354.448
0.6443 350.685
0.650464 347.694
0.656582 339.218
0.662703 337.07
0.668861 329.997
0.675024 323.946
0.681124 322.399
0.687237 316.284
0.693381 311.027
0.699536 308.054
0.705665 304.657
0.711789 297.114
0.717957 294.139
0.72409 291.019
0.730186 287.478
0.736317 282.568
0.742472 279.907
0.748622 275.889
0.75476 273.127
0.760888 268.073
0.767043 264.712
0.773185 264.059
0.779291 259.531
0.785407 255.497
0.791564 252.407
0.797719 248.294
0.803834 247.121
0.809972 242.202
0.816124 240.023
0.822261 238.881
0.828378 234.825
0.834502 231.778
0.840667 229.825
0.846816 226.584
0.852925 223.935
0.859047 221.31
0.865192 219.687
0.871341 216.454
0.877463 214.826
0.883569 212.086
0.889708 210.54
0.895864 207.868
0.902008 204.97
0.908149 203.465
0.914301 202.241
0.920448 199.59
0.926574 198.175
0.932687 195.89
0.938823 195.157
0.944975 192.398
0.951105 190.47
0.957225 189.057
0.963368 187.257
0.969511 186.003
0.975621 184.374
0.981748 182.635
0.987916 180.713
0.99406 180.044
1.00019 178.646
1.00632 176.766
1.01246 176.041
1.01859 173.498
1.02471 172.533
1.03085 170.837
1.03698 170.185
1.04314 168.742
1.04929 167.86
1.05541 165.717
1.06154 165.191
1.06769 163.957
1.07382 163.042
1.07993 161.663
1.08607 159.817
1.09222 159.135
1.09836 158.072
1.10449 157.092
1.11063 156.285
1.11677 155.66
1.1229 153.999
1.12903 153.153
1.13518 152.231
1.14131 151.048
1.14745 149.601
1.15359 149.189
1.15973 148.307
1.16584 147.278
1.17197 146.584
1.17811 145.744
1.18424 144.386
1.19038 143.802
1.19652 142.578
1.20267 142.191
1.20881 140.999
1.21495 139.889
1.22108 139.408
1.2272 138.16
1.23334 138.467
1.23949 137.088
1.24562 136.534
1.25174 135.175
1.25789 134.938
1.26402 134.024
1.27014 133.009
1.27628 132.509
1.28244 130.882
1.28858 130.901
1.29471 130.3
1.30084 129.69
1.30697 129.043
1.31312 128.094
1.31925 127.596
1.32537 126.963
1.33151 126.052
1.33765 125.28
1.34378 124.345
1.34992 123.936
1.35606 123.201
1.3622 122.463
1.36833 122.019
1.37445 121.618
1.38059 120.779
1.38675 120.148
1.39288 119.369
1.39901 118.692
1.40515 118.451
1.4113 117.955
1.41742 117.327
1.42355 116.897
1.4297 115.891
1.43585 115.145
1.44198 114.799
1.44809 114.648
1.45423 113.944
1.46036 113.192
1.46649 112.758
1.47263 112.154
1.47877 111.347
1.48491 111.427
1.49104 110.4
1.49718 110.112
1.50333 109.501
1.50947 109.477
1.5156 108.441
1.52172 107.959
1.52787 107.451
1.534 107.168
1.54013 106.768
1.54627 106.312
1.55241 105.819
1.55855 105.33
1.56467 104.834
1.5708 104.136
