0.00783031 22377.7
0.013688 27081.8
0.019231 27275.5
0.0249154 25446.8
0.0312784 21844.9
0.0375637 19336.2
0.0433917 16795.8
0.0492413 14982.8
0.0555754 14277.1
0.0619321 13113.1
0.067871 11963
0.0738098 11410.6
0.0800417 10642.6
0.0862327 9032
0.0921407 8381.77
0.0982031 7712.37
0.104506 7084.58
0.110769 6676.56
0.116806 6373.99
0.122832 6119.12
0.129052 5990.96
0.135211 5701.19
0.141259 5396.41
0.147318 5168.29
0.153489 4946.79
0.159709 4511.51
0.165845 4521.24
0.171974 4309.53
0.178125 4178.44
0.184229 4039.48
0.19034 3811.49
0.196428 3784.16
0.202534 3706.91
0.208729 3577.77
0.214876 3417.18
0.220989 3393.83
0.227147 3251.33
0.23329 3151.43
0.239377 3102.77
0.245482 3023.24
0.251667 2939.77
0.257832 2872.55
0.263955 2808.37
0.270079 2706.85
0.27624 2650.41
0.282372 2623.57
0.28843 2607.87
0.294538 2529.45
0.300721 2499.73
0.30691 2413.73
0.313033 2380.15
0.319153 2340.11
0.325316 2309.8
0.33145 2271.28
0.337538 2184.7
0.343633 2195.57
0.349808 2150.24
0.355968 2116.99
0.362074 2067.81
0.368217 2041.46
0.374374 2022.21
0.380519 1969.34
0.386598 1955.5
0.392688 1933.98
0.39888 1909.09
0.405048 1889.35
0.411186 1837.63
0.417313 1831.96
0.423458 1796.57
0.429607 1782.05
0.435692 1750.99
0.441815 1716.49
0.447964 1709.22
0.454126 1690.52
0.460267 1647.16
0.466387 1639.17
0.47254 1610.51
0.478662 1607.42
0.484765 1585.51
0.490885 1559.75
0.497035 1559.13
0.503198 1523.74
0.509342 1512.53
0.515458 1492.06
0.521598 1474.37
0.527764 1458.78
0.533884 1440.61
0.54 1420.34
0.546137 1404.83
0.552299 1405.16
0.558452 1379.83
0.564573 1361.35
0.570708 1354.03
0.576825 1340.54
0.582926 1319.54
0.589034 1310.16
0.595184 1301.97
0.601379 1286.15
0.607522 1269.92
0.613639 1273.01
0.619772 1253.95
0.625918 1239.93
0.632068 1223.48
0.638161 1206.95
0.6443 1206.75
0.650464 1200.45
0.656582 1178.84
0.662703 1175.42
0.668861 1157.21
0.675024 1141.03
0.681124 1140.57
0.687237 1133.48
0.693381 1124.02
0.699536 1112.35
0.705665 1105.73
0.711789 1089.05
0.717957 1079.68
0.72409 1074.78
0.730186 1066.43
0.736317 1052.92
0.742472 1046.8
0.748622 1037.46
0.75476 1032.73
0.760888 1022.61
0.767043 1014.54
0.773185 1013.55
0.779291 999.906
0.785407 993.518
0.791564 987.208
0.797719 976.255
0.803834 975.447
0.809972 962.304
0.816124 962.382
0.822261 956.705
0.828378 945.066
0.834502 942.108
0.840667 934.774
0.846816 925.258
0.852925 918.191
0.859047 912.207
0.865192 909.824
0.871341 900.427
0.877463 896.954
0.883569 886.574
0.889708 884.503
0.895864 878.363
0.902008 868.76
0.908149 864.002
0.914301 862.809
0.920448 851.29
0.926574 849.197
0.932687 839.433
0.938823 836.943
0.944975 831.315
0.951105 827.534
0.957225 817.877
0.963368 814.295
0.969511 807.121
0.975621 806.619
0.981748 797.928
0.987916 790.207
0.99406 785.507
1.00019 784.447
1.00632 779.042
1.01246 774.156
1.01859 767.291
1.02471 761.107
1.03085 755.593
1.03698 749.127
1.04314 747.96
1.04929 743.593
1.05541 738.498
1.06154 734.257
1.06769 729.54
1.07382 725.765
1.07993 717.617
1.08607 712.318
1.09222 708.493
1.09836 702.87
1.10449 697.573
1.11063 696.214
1.11677 693.377
1.1229 688.663
1.12903 682.09
1.13518 679.161
1.14131 673.944
1.14745 671.392
1.15359 666.389
1.15973 663.721
1.16584 658.761
1.17197 655.097
1.17811 650.623
1.18424 646.191
1.19038 643.995
1.19652 638.141
1.20267 634.439
1.20881 630.506
1.21495 627.19
1.22108 622.635
1.2272 619.353
1.23334 617.179
1.23949 613.438
1.24562 611.194
1.25174 607.155
1.25789 602.976
1.26402 599.037
1.27014 594.859
1.27628 589.365
1.28244 586.453
1.28858 586.524
1.29471 580.352
1.30084 577.977
1.30697 575.566
1.31312 570.264
1.31925 568.177
1.32537 565.615
1.33151 562.258
1.33765 558.585
1.34378 554.009
1.34992 553.323
1.35606 548.052
1.3622 544.479
1.36833 542.847
1.37445 541.563
1.38059 535.787
1.38675 536.519
1.39288 531.257
1.39901 528.333
1.40515 527.037
1.4113 523.824
1.41742 521.892
1.42355 519.072
1.4297 514.88
1.43585 511.916
1.44198 509.913
1.44809 508.004
1.45423 505.356
1.46036 501.944
1.46649 498.508
1.47263 498.414
1.47877 495.347
1.48491 493.877
1.49104 490.675
1.49718 488.401
1.50333 485.714
1.50947 483.946
1.5156 479.047
1.52172 478.8
1.52787 475.705
1.534 475.245
1.54013 473.315
1.54627 469.01
1.55241 468.078
1.55855 465.408
1.56467 464.163
1.5708 461.34
