0.00783031 -133.863
0.013688 -161.554
0.019231 -169.473
0.0249154 -157.153
0.0312784 -147.762
0.0375637 -135.694
0.0433917 -124.858
0.0492413 -118.861
0.0555754 -120.778
0.0619321 -117.076
0.067871 -114.033
0.0738098 -115.598
0.0800417 -116.945
0.0862327 -104.659
0.0921407 -104.66
0.0982031 -102.616
0.104506 -101.079
0.110769 -100.573
0.116806 -102.961
0.122832 -103.908
0.129052 -107.838
0.135211 -108.36
0.141259 -106.824
0.147318 -108.009
0.153489 -106.439
0.159709 -102.512
0.165845 -107.215
0.171974 -106.045
0.178125 -104.999
0.184229 -107.782
0.19034 -105.809
0.196428 -109.363
0.202534 -109.683
0.208729 -108.485
0.214876 -108.483
0.220989 -109.974
0.227147 -108.72
0.23329 -108.247
0.239377 -109.423
0.245482 -111.245
0.251667 -110.64
0.257832 -109.783
0.263955 -110.958
0.270079 -108.343
0.27624 -109.401
0.282372 -111.799
0.28843 -113.148
0.294538 -112.219
0.300721 -113.497
0.30691 -112.843
0.313033 -112.181
0.319153 -111.923
0.325316 -114.143
0.33145 -112.903
0.337538 -112.116
0.343633 -114.159
0.349808 -114.271
0.355968 -114.472
0.362074 -114.268
0.368217 -113.855
0.374374 -113.851
0.380519 -112.639
0.386598 -113.156
0.392688 -116.739
0.39888 -115.267
0.405048 -115.749
0.411186 -113.834
0.417313 -114.86
0.423458 -114.34
0.429607 -115.247
0.435692 -114.889
0.441815 -114.864
0.447964 -115.562
0.454126 -115.931
0.460267 -113.947
0.466387 -115.431
0.47254 -113.374
0.478662 -114.896
0.484765 -115.658
0.490885 -115.06
0.497035 -116.616
0.503198 -115.928
0.509342 -114.98
0.515458 -114.947
0.521598 -115.23
0.527764 -116.132
0.533884 -114.645
0.54 -115.059
0.546137 -115.354
0.552299 -116.843
0.558452 -115.11
0.564573 -114.855
0.570708 -115.27
0.576825 -115.466
0.582926 -115.427
0.589034 -114.816
0.595184 -114.536
0.601379 -116.156
0.607522 -114.983
0.613639 -115.962
0.619772 -115.815
0.625918 -115.869
0.632068 -115.816
0.638161 -115.628
0.6443 -117.036
0.650464 -116.099
0.656582 -115.234
0.662703 -115.405
0.668861 -115.178
0.675024 -114.441
0.681124 -114.162
0.687237 -116.195
0.693381 -116.823
0.699536 -115.524
0.705665 -116.617
0.711789 -115.049
0.717957 -115.011
0.72409 -115.56
0.730186 -116.083
0.736317 -114.255
0.742472 -114.077
0.748622 -114.761
0.75476 -114.407
0.760888 -114.719
0.767043 -115.32
0.773185 -114.58
0.779291 -114.432
0.785407 -114.754
0.791564 -114.737
0.797719 -114.452
0.803834 -114.795
0.809972 -113.788
0.816124 -115.242
0.822261 -115.199
0.828378 -113.169
0.834502 -114.579
0.840667 -113.949
0.846816 -113.741
0.852925 -113.149
0.859047 -112.957
0.865192 -113.413
0.871341 -112.883
0.877463 -113.321
0.883569 -113.177
0.889708 -112.779
0.895864 -112.611
0.902008 -112.423
0.908149 -111.988
0.914301 -112.281
0.920448 -111.796
0.926574 -111.605
0.932687 -111.008
0.938823 -110.683
0.944975 -111.203
0.951105 -111.373
0.957225 -110.508
0.963368 -110.445
0.969511 -110.011
0.975621 -109.919
0.981748 -109.692
0.987916 -108.795
0.99406 -108.759
1.00019 -109.18
1.00632 -109.039
1.01246 -108.961
1.01859 -108.714
1.02471 -108.119
1.03085 -107.428
1.03698 -107.467
1.04314 -107.886
1.04929 -107.708
1.05541 -107.368
1.06154 -106.852
1.06769 -106.824
1.07382 -106.611
1.07993 -105.826
1.08607 -105.69
1.09222 -105.431
1.09836 -105.335
1.10449 -104.93
1.11063 -105.052
1.11677 -104.916
1.1229 -104.845
1.12903 -104.512
1.13518 -104.109
1.14131 -103.615
1.14745 -103.633
1.15359 -103.286
1.15973 -103.887
1.16584 -103.017
1.17197 -102.726
1.17811 -102.247
1.18424 -102.405
1.19038 -102.51
1.19652 -102.359
1.20267 -101.531
1.20881 -101.21
1.21495 -101.43
1.22108 -101.459
1.2272 -100.937
1.23334 -100.979
1.23949 -100.5
1.24562 -100.528
1.25174 -100.639
1.25789 -100.4
1.26402 -99.8337
1.27014 -99.6113
1.27628 -98.9965
1.28244 -99.2966
1.28858 -99.6456
1.29471 -98.6743
1.30084 -98.4137
1.30697 -98.4259
1.31312 -97.8246
1.31925 -98.1412
1.32537 -97.965
1.33151 -97.848
1.33765 -97.5418
1.34378 -97.0665
1.34992 -97.4581
1.35606 -96.6471
1.3622 -96.4082
1.36833 -96.5595
1.37445 -96.6428
1.38059 -96.1663
1.38675 -96.3742
1.39288 -96.01
1.39901 -95.6079
1.40515 -95.6149
1.4113 -95.3762
1.41742 -95.5997
1.42355 -95.2861
1.4297 -95.2725
1.43585 -94.7449
1.44198 -94.8769
1.44809 -94.6796
1.45423 -94.4682
1.46036 -94.3218
1.46649 -93.7446
1.47263 -94.4097
1.47877 -94.2115
1.48491 -93.8677
1.49104 -93.5035
1.49718 -93.7756
1.50333 -93.2783
1.50947 -93.37
1.5156 -92.7974
1.52172 -93.0135
1.52787 -92.8727
1.534 -92.9663
1.54013 -92.8147
1.54627 -92.2846
1.55241 -92.5479
1.55855 -92.2765
1.56467 -92.3289
1.5708 -92.125
