0.00783031 -128.06
0.013688 -155.278
0.019231 -162.275
0.0249154 -149.551
0.0312784 -140.141
0.0375637 -127.457
0.0433917 -116.466
0.0492413 -110.42
0.0555754 -111.025
0.0619321 -106.562
0.067871 -104.194
0.0738098 -104.368
0.0800417 -104.489
0.0862327 -92.9124
0.0921407 -92.6846
0.0982031 -89.4733
0.104506 -87.4355
0.110769 -86.7042
0.116806 -87.6639
0.122832 -87.3013
0.129052 -90.4627
0.135211 -89.8704
0.141259 -87.9489
0.147318 -88.4816
0.153489 -86.0526
0.159709 -82.5844
0.165845 -85.4308
0.171974 -83.8784
0.178125 -82.0032
0.184229 -83.7413
0.19034 -81.0871
0.196428 -83.562
0.202534 -82.9232
0.208729 -81.319
0.214876 -80.3425
0.220989 -80.731
0.227147 -79.0681
0.23329 -78.3527
0.239377 -78.2597
0.245482 -78.5037
0.251667 -77.5351
0.257832 -76.4929
0.263955 -76.3073
0.270079 -73.7188
0.27624 -73.7386
0.282372 -74.6429
0.28843 -74.9059
0.294538 -73.6055
0.300721 -73.8019
0.30691 -72.532
0.313033 -71.3143
0.319153 -70.64
0.325316 -71.2943
0.33145 -69.7753
0.337538 -68.5292
0.343633 -69.1961
0.349808 -68.3254
0.355968 -68.0268
0.362074 -67.0698
0.368217 -66.0901
0.374374 -65.6057
0.380519 -64.1113
0.386598 -63.73
0.392688 -65.071
0.39888 -63.6401
0.405048 -63.1414
0.411186 -61.4779
0.417313 -61.102
0.423458 -60.4034
0.429607 -60.3313
0.435692 -59.3015
0.441815 -58.7073
0.447964 -58.4763
0.454126 -58.012
0.460267 -56.386
0.466387 -56.288
0.47254 -54.7358
0.478662 -54.9505
0.484765 -54.6574
0.490885 -53.8297
0.497035 -53.8862
0.503198 -52.8764
0.509342 -51.8454
0.515458 -51.3961
0.521598 -50.57
0.527764 -50.6623
0.533884 -49.154
0.54 -48.8453
0.546137 -48.1159
0.552299 -48.4275
0.558452 -46.9055
0.564573 -46.1497
0.570708 -45.9307
0.576825 -45.2484
0.582926 -44.6408
0.589034 -43.9169
0.595184 -43.1509
0.601379 -43.1613
0.607522 -42.1028
0.613639 -41.9574
0.619772 -41.2493
0.625918 -40.4562
0.632068 -40.2627
0.638161 -39.5234
0.6443 -39.5927
0.650464 -38.7299
0.656582 -37.5495
0.662703 -37.4157
0.668861 -36.6219
0.675024 -35.8006
0.681124 -34.9589
0.687237 -35.3989
0.693381 -35.3552
0.699536 -34.0228
0.705665 -34.2095
0.711789 -32.9799
0.717957 -32.2098
0.72409 -32.4982
0.730186 -32.0374
0.736317 -30.7281
0.742472 -30.2378
0.748622 -29.9312
0.75476 -29.3136
0.760888 -29.1251
0.767043 -28.9353
0.773185 -28.297
0.779291 -27.8098
0.785407 -27.4757
0.791564 -26.9423
0.797719 -26.5241
0.803834 -26.2059
0.809972 -25.6482
0.816124 -25.544
0.822261 -25.3014
0.828378 -24.3277
0.834502 -24.5
0.840667 -23.828
0.846816 -23.3954
0.852925 -23.0142
0.859047 -22.3792
0.865192 -22.2427
0.871341 -21.7866
0.877463 -21.4916
0.883569 -21.3051
0.889708 -21.0264
0.895864 -20.5755
0.902008 -20.2627
0.908149 -20.0456
0.914301 -19.7286
0.920448 -19.2368
0.926574 -18.7877
0.932687 -18.4947
0.938823 -18.1181
0.944975 -18.1181
0.951105 -17.9496
0.957225 -17.4312
0.963368 -17.1124
0.969511 -16.9
0.975621 -16.6624
0.981748 -16.2474
0.987916 -15.8606
0.99406 -15.5208
1.00019 -15.664
1.00632 -15.4871
1.01246 -15.0971
1.01859 -14.8066
1.02471 -14.4247
1.03085 -14.3103
1.03698 -14.0532
1.04314 -14.0975
1.04929 -13.8545
1.05541 -13.5957
1.06154 -13.3039
1.06769 -13.2353
1.07382 -13.1333
1.07993 -12.8491
1.08607 -12.4736
1.09222 -12.3837
1.09836 -12.2672
1.10449 -12.0444
1.11063 -11.9131
1.11677 -11.7237
1.1229 -11.8017
1.12903 -11.49
1.13518 -11.3397
1.14131 -11.0354
1.14745 -11.0007
1.15359 -10.7124
1.15973 -10.8787
1.16584 -10.5193
1.17197 -10.3677
1.17811 -10.2948
1.18424 -10.0817
1.19038 -10.1488
1.19652 -10.0325
1.20267 -9.85413
1.20881 -9.54923
1.21495 -9.54611
1.22108 -9.63202
1.2272 -9.29802
1.23334 -9.40377
1.23949 -9.21458
1.24562 -9.20709
1.25174 -9.12317
1.25789 -8.92342
1.26402 -8.92149
1.27014 -8.58082
1.27628 -8.42645
1.28244 -8.51848
1.28858 -8.51936
1.29471 -8.22141
1.30084 -8.36461
1.30697 -8.38411
1.31312 -8.01179
1.31925 -7.85257
1.32537 -7.87353
1.33151 -7.79209
1.33765 -7.7713
1.34378 -7.6332
1.34992 -7.72772
1.35606 -7.60011
1.3622 -7.41777
1.36833 -7.42662
1.37445 -7.40142
1.38059 -7.34758
1.38675 -7.33696
1.39288 -7.21482
1.39901 -7.07146
1.40515 -7.01328
1.4113 -6.87355
1.41742 -7.00463
1.42355 -6.85858
1.4297 -6.88003
1.43585 -6.67534
1.44198 -6.80962
1.44809 -6.68041
1.45423 -6.58116
1.46036 -6.67063
1.46649 -6.45791
1.47263 -6.37301
1.47877 -6.48179
1.48491 -6.4483
1.49104 -6.17532
1.49718 -6.22738
1.50333 -6.20653
1.50947 -6.34076
1.5156 -6.03813
1.52172 -5.94584
1.52787 -5.89669
1.534 -6.02741
1.54013 -6.03874
1.54627 -5.95691
1.55241 -5.86189
1.55855 -5.72879
1.56467 -5.87013
1.5708 -5.76808
