0.00783031 -2499.15
0.013688 -3549.28
0.019231 833.342
0.0249154 -940.904
0.0312784 261.098
0.0375637 88.9009
0.0433917 129.532
0.0492413 384.292
0.0555754 778.62
0.0619321 352.276
0.067871 657.954
0.0738098 548.629
0.0800417 792.526
0.0862327 720.9
0.0921407 918.04
0.0982031 1022.46
0.104506 856.74
0.110769 1003.69
0.116806 787.36
0.122832 973.44
0.129052 889.917
0.135211 1058.66
0.141259 1073.64
0.147318 1061.23
0.153489 1051.59
0.159709 1056.96
0.165845 1050.91
0.171974 1081.13
0.178125 1190.33
0.184229 1166.13
0.19034 1176.96
0.196428 1102.35
0.202534 1137.24
0.208729 1144.09
0.214876 1106.31
0.220989 1165.24
0.227147 1167.08
0.23329 1141.59
0.239377 1159.67
0.245482 1148.29
0.251667 1107.56
0.257832 1152.58
0.263955 1142.71
0.270079 1116.4
0.27624 1139.93
0.282372 1113.4
0.28843 1138.51
0.294538 1121.11
0.300721 1104.33
0.30691 1081.07
0.313033 1111.16
0.319153 1114.74
0.325316 1094.73
0.33145 1072.99
0.337538 1078.63
0.343633 1067.2
0.349808 1061.83
0.355968 1077.98
0.362074 1067.66
0.368217 1046.91
0.374374 1047.27
0.380519 1039.08
0.386598 1044.34
0.392688 1022.76
0.39888 1029.47
0.405048 995.623
0.411186 1001
0.417313 992.871
0.423458 986.303
0.429607 975.757
0.435692 979.948
0.441815 960.222
0.447964 962.451
0.454126 957.969
0.460267 951.599
0.466387 936.175
0.47254 932.091
0.478662 917.973
0.484765 927.918
0.490885 908.757
0.497035 904.663
0.503198 895.253
0.509342 890.289
0.515458 884.535
0.521598 870.824
0.527764 861.267
0.533884 861.792
0.54 853.225
0.546137 852.916
0.552299 849.635
0.558452 838.111
0.564573 823.792
0.570708 822.103
0.576825 817.682
0.582926 811.026
0.589034 795.756
0.595184 793.454
0.601379 797.552
0.607522 783.638
0.613639 775.571
0.619772 773.478
0.625918 759.419
0.632068 756.793
0.638161 751.612
0.6443 741.498
0.650464 736.193
0.656582 736.732
0.662703 725.268
0.668861 723.611
0.675024 712.549
0.681124 707.316
0.687237 705.407
0.693381 701.68
0.699536 692.041
0.705665 685.312
0.711789 678.628
0.717957 674.031
0.72409 669.251
0.730186 662.663
0.736317 656.495
0.742472 649.464
0.748622 645.639
0.75476 640.09
0.760888 637.141
0.767043 630.972
0.773185 631.37
0.779291 623.86
0.785407 613.634
0.791564 613.18
0.797719 609.744
0.803834 601.75
0.809972 597.772
0.816124 589.104
0.822261 585.134
0.828378 577.275
0.834502 576.06
0.840667 569.368
0.846816 563.394
0.852925 561.084
0.859047 559.15
0.865192 549.601
0.871341 544.537
0.877463 541.554
0.883569 537.97
0.889708 536.102
0.895864 527.341
0.902008 524.052
0.908149 520.709
0.914301 517.152
0.920448 513.853
0.926574 505.33
0.932687 503.767
0.938823 497.436
0.944975 494.527
0.951105 488.94
0.957225 485.955
0.963368 482.018
0.969511 479.885
0.975621 474.327
0.981748 470.313
0.987916 465.123
0.99406 460.156
1.00019 460.163
1.00632 454.231
1.01246 449.015
1.01859 448.312
1.02471 441.427
1.03085 440.002
1.03698 438.106
1.04314 431.487
1.04929 428.861
1.05541 426.148
1.06154 421.113
1.06769 417.35
1.07382 415.779
1.07993 411.773
1.08607 407.097
1.09222 403.347
1.09836 400.069
1.10449 398.471
1.11063 395.747
1.11677 391.151
1.1229 387.809
1.12903 384.945
1.13518 381.332
1.14131 380.486
1.14745 375.122
1.15359 373.391
1.15973 369.722
1.16584 366.505
1.17197 364.104
1.17811 359.474
1.18424 357.944
1.19038 354.394
1.19652 353.39
1.20267 349.01
1.20881 347.232
1.21495 342.507
1.22108 340.312
1.2272 338.934
1.23334 335.847
1.23949 333.46
1.24562 328.153
1.25174 327.252
1.25789 323.495
1.26402 322.326
1.27014 320.479
1.27628 316.379
1.28244 314.734
1.28858 311.308
1.29471 308.253
1.30084 306.417
1.30697 304.476
1.31312 300.807
1.31925 298.437
1.32537 296.688
1.33151 295.379
1.33765 290.86
1.34378 288.729
1.34992 289.333
1.35606 284.918
1.3622 283.793
1.36833 280.91
1.37445 279.104
1.38059 276.621
1.38675 273.193
1.39288 271.657
1.39901 270.852
1.40515 268.31
1.4113 265.721
1.41742 263.142
1.42355 261.291
1.4297 259.526
1.43585 257.049
1.44198 255.302
1.44809 253.984
1.45423 251.944
1.46036 250.008
1.46649 248.215
1.47263 246.276
1.47877 244.264
1.48491 241.849
1.49104 240.443
1.49718 237.811
1.50333 236.61
1.50947 234.821
1.5156 233.529
1.52172 231.129
1.52787 228.827
1.534 227.724
1.54013 226.657
1.54627 224.389
1.55241 222.355
1.55855 220.655
1.56467 218.911
1.5708 217.593
