0.00783031 2936.6
0.013688 1433.81
0.019231 -255.896
0.0249154 -407.525
0.0312784 1692.61
0.0375637 -179.36
0.0433917 821.531
0.0492413 746.647
0.0555754 361.264
0.0619321 768.785
0.067871 1132.92
0.0738098 1462.67
0.0800417 995.46
0.0862327 1600.4
0.0921407 1569.93
0.0982031 1182.75
0.104506 1260.9
0.110769 1589.7
0.116806 1690.4
0.122832 1648.29
0.129052 1715.6
0.135211 1846.79
0.141259 1852.89
0.147318 1648.98
0.153489 1773.31
0.159709 1786.91
0.165845 1842.6
0.171974 1865.64
0.178125 1930.46
0.184229 1877.19
0.19034 1952.23
0.196428 1943.76
0.202534 1896.01
0.208729 1956.12
0.214876 1903.6
0.220989 1892.84
0.227147 1924.96
0.23329 1981.01
0.239377 1959.31
0.245482 1932.68
0.251667 1915.88
0.257832 1951.58
0.263955 1888.68
0.270079 1971.85
0.27624 1933.26
0.282372 1982.11
0.28843 1999.73
0.294538 1950.44
0.300721 1936.18
0.30691 1908.95
0.313033 1946.14
0.319153 1963.1
0.325316 1969.66
0.33145 1959.52
0.337538 1922.87
0.343633 1959.9
0.349808 1920.65
0.355968 1926.77
0.362074 1948.43
0.368217 1945.78
0.374374 1913.33
0.380519 1925.13
0.386598 1903.43
0.392688 1913.45
0.39888 1886.76
0.405048 1913.53
0.411186 1897.38
0.417313 1896.03
0.423458 1908.29
0.429607 1891.5
0.435692 1881.82
0.441815 1837.56
0.447964 1883.19
0.454126 1862.27
0.460267 1876.55
0.466387 1856.45
0.47254 1869.36
0.478662 1841.48
0.484765 1845.35
0.490885 1826.61
0.497035 1829.17
0.503198 1819.9
0.509342 1819.18
0.515458 1796.58
0.521598 1813.25
0.527764 1790.04
0.533884 1796.13
0.54 1779.99
0.546137 1792.01
0.552299 1790.75
0.558452 1786.09
0.564573 1798.4
0.570708 1766.16
0.576825 1768.71
0.582926 1764.03
0.589034 1740.97
0.595184 1756.53
0.601379 1753.45
0.607522 1733.85
0.613639 1726.83
0.619772 1735.34
0.625918 1707.4
0.632068 1715.43
0.638161 1704.1
0.6443 1704.09
0.650464 1694.15
0.656582 1701.74
0.662703 1685.92
0.668861 1687.68
0.675024 1678.2
0.681124 1668.71
0.687237 1675.02
0.693381 1659.09
0.699536 1654.84
0.705665 1645.87
0.711789 1657.78
0.717957 1641.19
0.72409 1640.09
0.730186 1633.13
0.736317 1619.46
0.742472 1624.15
0.748622 1620.59
0.75476 1619.47
0.760888 1605.82
0.767043 1605.74
0.773185 1590.15
0.779291 1598.12
0.785407 1587.52
0.791564 1581.28
0.797719 1568.77
0.803834 1573.98
0.809972 1571.18
0.816124 1556.65
0.822261 1549.55
0.828378 1545.33
0.834502 1543.3
0.840667 1544.94
0.846816 1531.11
0.852925 1529.99
0.859047 1522.95
0.865192 1515.64
0.871341 1508.22
0.877463 1505.17
0.883569 1506.01
0.889708 1498.63
0.895864 1492.31
0.902008 1488.95
0.908149 1487.15
0.914301 1471.56
0.920448 1473.36
0.926574 1464.84
0.932687 1456.27
0.938823 1452.74
0.944975 1453.74
0.951105 1454.2
0.957225 1433.46
0.963368 1435.33
0.969511 1431.85
0.975621 1426.62
0.981748 1417.49
0.987916 1413.33
0.99406 1408.7
1.00019 1401.41
1.00632 1386.37
1.01246 1392.59
1.01859 1392.62
1.02471 1372.47
1.03085 1374.31
1.03698 1371.25
1.04314 1367.14
1.04929 1363.86
1.05541 1352.73
1.06154 1352.17
1.06769 1340.4
1.07382 1339.25
1.07993 1340.78
1.08607 1328.6
1.09222 1318.06
1.09836 1318.8
1.10449 1310.51
1.11063 1296.91
1.11677 1304.58
1.1229 1302.58
1.12903 1291.1
1.13518 1283.54
1.14131 1275.87
1.14745 1275.74
1.15359 1272.44
1.15973 1265.5
1.16584 1266.07
1.17197 1258.19
1.17811 1252.22
1.18424 1248.05
1.19038 1242.97
1.19652 1239.47
1.20267 1231.23
1.20881 1222.46
1.21495 1221.21
1.22108 1217.39
1.2272 1212.96
1.23334 1205.35
1.23949 1198.59
1.24562 1200.65
1.25174 1192.53
1.25789 1187.59
1.26402 1186.23
1.27014 1178.22
1.27628 1174.56
1.28244 1171.62
1.28858 1164.61
1.29471 1158.38
1.30084 1153.16
1.30697 1151.65
1.31312 1140.05
1.31925 1140.64
1.32537 1134.94
1.33151 1127.77
1.33765 1124.63
1.34378 1119.65
1.34992 1114.38
1.35606 1111.81
1.3622 1106.18
1.36833 1102.65
1.37445 1096.79
1.38059 1092.84
1.38675 1088.3
1.39288 1078.45
1.39901 1080.7
1.40515 1077.35
1.4113 1071.37
1.41742 1065.63
1.42355 1064.3
1.4297 1052.63
1.43585 1052.48
1.44198 1049.23
1.44809 1043.53
1.45423 1038.38
1.46036 1031.16
1.46649 1026.52
1.47263 1029.48
1.47877 1022.53
1.48491 1017.18
1.49104 1012
1.49718 1007.03
1.50333 1006.7
1.50947 998.485
1.5156 995.887
1.52172 993.687
1.52787 989.492
1.534 978.565
1.54013 978.728
1.54627 975.911
1.55241 973.714
1.55855 970.749
1.56467 962.113
1.5708 959.089
