0.00783031 0.564442
0.013688 0.759166
0.019231 0.83399
0.0249154 0.742062
0.0312784 0.798421
0.0375637 0.868404
0.0433917 0.992692
0.0492413 0.940673
0.0555754 1.11765
0.0619321 1.27159
0.067871 1.41335
0.0738098 1.46663
0.0800417 1.63212
0.0862327 1.92478
0.0921407 1.91666
0.0982031 2.17726
0.104506 2.53611
0.110769 2.83357
0.116806 3.11073
0.122832 3.37553
0.129052 3.80862
0.135211 4.11377
0.141259 4.57721
0.147318 4.92456
0.153489 5.22703
0.159709 5.72808
0.165845 6.07237
0.171974 6.55923
0.178125 7.11189
0.184229 7.62801
0.19034 8.37999
0.196428 8.90967
0.202534 9.39334
0.208729 10.2802
0.214876 10.7004
0.220989 11.1988
0.227147 11.8802
0.23329 12.5536
0.239377 13.4664
0.245482 14.0868
0.251667 14.7033
0.257832 15.5375
0.263955 16.4036
0.270079 17.3547
0.27624 17.9788
0.282372 18.891
0.28843 19.7244
0.294538 20.4284
0.300721 21.3241
0.30691 22.3556
0.313033 23.0628
0.319153 24.0309
0.325316 24.6131
0.33145 25.5774
0.337538 26.5599
0.343633 28.0216
0.349808 28.7872
0.355968 29.8524
0.362074 30.6991
0.368217 31.5721
0.374374 32.7136
0.380519 33.6969
0.386598 34.4212
0.392688 35.3765
0.39888 36.696
0.405048 37.6488
0.411186 38.1659
0.417313 39.9064
0.423458 40.7515
0.429607 41.6294
0.435692 42.6752
0.441815 43.8066
0.447964 44.3845
0.454126 46.2776
0.460267 47.0838
0.466387 47.9596
0.47254 49.2675
0.478662 50.5082
0.484765 51.1279
0.490885 52.3763
0.497035 53.6882
0.503198 54.7098
0.509342 55.4071
0.515458 56.8576
0.521598 57.8702
0.527764 59.0635
0.533884 60.3172
0.54 60.7228
0.546137 62.4002
0.552299 63.0614
0.558452 64.5082
0.564573 65.1468
0.570708 66.3264
0.576825 67.5373
0.582926 68.6789
0.589034 69.4604
0.595184 70.8337
0.601379 72.3001
0.607522 73.2222
0.613639 74.1508
0.619772 74.3088
0.625918 76.4647
0.632068 76.9199
0.638161 77.9591
0.6443 78.8569
0.650464 80.855
0.656582 80.642
0.662703 82.1145
0.668861 82.9688
0.675024 84.6677
0.681124 85.5465
0.687237 86.1333
0.693381 87.3103
0.699536 88.7743
0.705665 88.8654
0.711789 89.7614
0.717957 91.0157
0.72409 92.3464
0.730186 92.5047
0.736317 93.6197
0.742472 94.2065
0.748622 95.1121
0.75476 96.277
0.760888 97.162
0.767043 97.5858
0.773185 98.8736
0.779291 99.32
0.785407 100.805
0.791564 101.444
0.797719 101.91
0.803834 102.98
0.809972 103.845
0.816124 105.101
0.822261 105.465
0.828378 106.673
0.834502 106.981
0.840667 107.505
0.846816 108.273
0.852925 109.197
0.859047 109.284
0.865192 110.529
0.871341 111.36
0.877463 112.371
0.883569 112.358
0.889708 112.783
0.895864 113.773
0.902008 114.548
0.908149 114.809
0.914301 115.688
0.920448 115.948
0.926574 117.196
0.932687 117.834
0.938823 117.89
0.944975 118.77
0.951105 118.469
0.957225 119.738
0.963368 120.289
0.969511 120.479
0.975621 120.875
0.981748 121.298
0.987916 122.363
0.99406 123.099
1.00019 123.417
1.00632 123.273
1.01246 124.244
1.01859 124.521
1.02471 124.29
1.03085 125.005
1.03698 126.168
1.04314 125.749
1.04929 126.29
1.05541 127.367
1.06154 127.707
1.06769 127.612
1.07382 128.035
1.07993 128.163
1.08607 128.339
1.09222 128.901
1.09836 129.256
1.10449 129.554
1.11063 130.31
1.11677 130.124
1.1229 131.14
1.12903 131.12
1.13518 130.92
1.14131 131.627
1.14745 132.054
1.15359 132.238
1.15973 131.997
1.16584 132.256
1.17197 132.806
1.17811 132.995
1.18424 133.025
1.19038 133.005
1.19652 133.511
1.20267 134.072
1.20881 133.856
1.21495 134.521
1.22108 134.602
1.2272 134.507
1.23334 134.687
1.23949 134.998
1.24562 134.859
1.25174 135.672
1.25789 135.588
1.26402 135.059
1.27014 135.864
1.27628 135.852
1.28244 136.376
1.28858 136.438
1.29471 136.761
1.30084 136.522
1.30697 136.717
1.31312 137.294
1.31925 137.293
1.32537 137.394
1.33151 137.542
1.33765 137.684
1.34378 138.156
1.34992 138.191
1.35606 137.982
1.3622 138.395
1.36833 138.641
1.37445 138.435
1.38059 138.541
1.38675 138.801
1.39288 138.57
1.39901 138.313
1.40515 138.958
1.4113 138.68
1.41742 139.064
1.42355 138.948
1.4297 139.279
1.43585 139.294
1.44198 139.061
1.44809 139.757
1.45423 139.782
1.46036 139.973
1.46649 139.694
1.47263 139.562
1.47877 139.391
1.48491 139.616
1.49104 140.056
1.49718 139.511
1.50333 140.698
1.50947 140.017
1.5156 139.809
1.52172 140.187
1.52787 140.335
1.534 140.349
1.54013 140.455
1.54627 140.756
1.55241 140.572
1.55855 140.597
1.56467 140.706
1.5708 140.533
