0.00783031 19516.4
0.013688 24409.1
0.019231 24323.8
0.0249154 22090.9
0.0312784 19756.6
0.0375637 16552.3
0.0433917 14497.8
0.0492413 13335.4
0.0555754 12357.7
0.0619321 11369.3
0.067871 10785.3
0.0738098 10256.6
0.0800417 9522.7
0.0862327 8631.39
0.0921407 7803.58
0.0982031 7145.04
0.104506 6742.2
0.110769 6607.5
0.116806 6095.04
0.122832 5940.39
0.129052 5755.69
0.135211 5402.07
0.141259 5037.17
0.147318 4875.38
0.153489 4606.86
0.159709 4365.59
0.165845 4248.65
0.171974 4048.86
0.178125 3960.09
0.184229 3877.1
0.19034 3804.1
0.196428 3714.36
0.202534 3639.59
0.208729 3510.9
0.214876 3366.11
0.220989 3324.74
0.227147 3223.77
0.23329 3130.99
0.239377 3119.15
0.245482 3051.93
0.251667 2957.35
0.257832 2888.15
0.263955 2863.13
0.270079 2794.62
0.27624 2785.93
0.282372 2729.73
0.28843 2676.13
0.294538 2628.46
0.300721 2617.35
0.30691 2572.78
0.313033 2486.92
0.319153 2493.02
0.325316 2445.96
0.33145 2389.53
0.337538 2397.9
0.343633 2346.67
0.349808 2315.63
0.355968 2304.5
0.362074 2298.12
0.368217 2229.48
0.374374 2226.54
0.380519 2218.42
0.386598 2198.92
0.392688 2167.33
0.39888 2128.15
0.405048 2103.16
0.411186 2083.33
0.417313 2060.01
0.423458 2055.99
0.429607 2033.51
0.435692 2026.23
0.441815 1996.35
0.447964 1963.54
0.454126 1962.76
0.460267 1939.37
0.466387 1930.68
0.47254 1909.59
0.478662 1897.16
0.484765 1889.99
0.490885 1870.61
0.497035 1846.47
0.503198 1849.16
0.509342 1818.18
0.515458 1819.5
0.521598 1793.43
0.527764 1787.53
0.533884 1777.36
0.54 1756.91
0.546137 1748.03
0.552299 1732.5
0.558452 1726.44
0.564573 1723.18
0.570708 1705.49
0.576825 1677.47
0.582926 1673.16
0.589034 1660.49
0.595184 1665.21
0.601379 1649.53
0.607522 1649.45
0.613639 1624.41
0.619772 1617.91
0.625918 1597.7
0.632068 1581.03
0.638161 1586.81
0.6443 1577.37
0.650464 1565.96
0.656582 1548.28
0.662703 1548.24
0.668861 1542.17
0.675024 1530.8
0.681124 1516.14
0.687237 1519.21
0.693381 1505.27
0.699536 1486.92
0.705665 1485.4
0.711789 1469.7
0.717957 1463.25
0.72409 1460.77
0.730186 1453.34
0.736317 1449.32
0.742472 1432.33
0.748622 1420.65
0.75476 1424.7
0.760888 1410.14
0.767043 1403.22
0.773185 1393.39
0.779291 1385.31
0.785407 1371.79
0.791564 1371.41
0.797719 1373.74
0.803834 1358.78
0.809972 1347.36
0.816124 1344.11
0.822261 1338.62
0.828378 1332.29
0.834502 1327.39
0.840667 1313.92
0.846816 1314.72
0.852925 1302.73
0.859047 1302.65
0.865192 1290.84
0.871341 1276.28
0.877463 1279.15
0.883569 1268.77
0.889708 1263.56
0.895864 1259.61
0.902008 1251.04
0.908149 1244.28
0.914301 1241.47
0.920448 1225.73
0.926574 1224.83
0.932687 1215.15
0.938823 1218.75
0.944975 1210.63
0.951105 1203.52
0.957225 1197.04
0.963368 1189.77
0.969511 1184.44
0.975621 1183.1
0.981748 1177.03
0.987916 1169.4
0.99406 1169.69
1.00019 1160.39
1.00632 1149.02
1.01246 1147.09
1.01859 1136.05
1.02471 1134.69
1.03085 1131.14
1.03698 1120.35
1.04314 1120.4
1.04929 1112.92
1.05541 1107.94
1.06154 1101.32
1.06769 1097.42
1.07382 1090.9
1.07993 1087.93
1.08607 1085.61
1.09222 1077.21
1.09836 1070.47
1.10449 1067.58
1.11063 1067.65
1.11677 1055.27
1.1229 1055.45
1.12903 1043.83
1.13518 1043.81
1.14131 1035.86
1.14745 1032.58
1.15359 1027.81
1.15973 1020.65
1.16584 1018.13
1.17197 1012.9
1.17811 1007.42
1.18424 1005.4
1.19038 996.902
1.19652 992.25
1.20267 989.731
1.20881 985.281
1.21495 983.837
1.22108 978.696
1.2272 972.517
1.23334 966.391
1.23949 960.07
1.24562 955.508
1.25174 954.258
1.25789 948.863
1.26402 946.814
1.27014 939.182
1.27628 935.783
1.28244 927.323
1.28858 926.574
1.29471 922.768
1.30084 918.816
1.30697 915.594
1.31312 910.109
1.31925 907.388
1.32537 900.05
1.33151 896.629
1.33765 894.739
1.34378 887.627
1.34992 884.558
1.35606 879.876
1.3622 875.55
1.36833 871.999
1.37445 868.652
1.38059 864.388
1.38675 862.402
1.39288 858.208
1.39901 849.688
1.40515 846.649
1.4113 846.252
1.41742 840.266
1.42355 836.12
1.4297 832.53
1.43585 828.098
1.44198 824.709
1.44809 821.404
1.45423 818.245
1.46036 814.114
1.46649 811.84
1.47263 805.17
1.47877 802.546
1.48491 799.692
1.49104 796.001
1.49718 790.045
1.50333 791.49
1.50947 785.811
1.5156 780.271
1.52172 778.155
1.52787 773.892
1.534 769.686
1.54013 765.787
1.54627 764.461
1.55241 761.363
1.55855 756.025
1.56467 755.935
1.5708 749.461
