0.00783031 20403
0.013688 25513.6
0.019231 25486.9
0.0249154 23032.2
0.0312784 20334.2
0.0375637 16868.5
0.0433917 14595.8
0.0492413 13182.8
0.0555754 12048.8
0.0619321 10996.7
0.067871 10301.3
0.0738098 9554.46
0.0800417 8719.29
0.0862327 7762.54
0.0921407 6963.36
0.0982031 6259.02
0.104506 5773.64
0.110769 5522.68
0.116806 5030.49
0.122832 4894.26
0.129052 4655.74
0.135211 4312.56
0.141259 3961.81
0.147318 3791.92
0.153489 3506.61
0.159709 3299.3
0.165845 3152.62
0.171974 2960.06
0.178125 2853.64
0.184229 2788.19
0.19034 2694.95
0.196428 2609.32
0.202534 2520.4
0.208729 2399.21
0.214876 2279.4
0.220989 2200.47
0.227147 2130.48
0.23329 2051.65
0.239377 2015.58
0.245482 1954.66
0.251667 1870.4
0.257832 1805.1
0.263955 1779.32
0.270079 1721.56
0.27624 1699.65
0.282372 1644.58
0.28843 1595.6
0.294538 1551.28
0.300721 1537.2
0.30691 1491.42
0.313033 1434.18
0.319153 1421.18
0.325316 1388.14
0.33145 1343.72
0.337538 1338.31
0.343633 1301.4
0.349808 1276.78
0.355968 1252.62
0.362074 1242.76
0.368217 1200.63
0.374374 1184.67
0.380519 1176.28
0.386598 1152.05
0.392688 1130.82
0.39888 1104.92
0.405048 1080.45
0.411186 1065.11
0.417313 1051.11
0.423458 1039.79
0.429607 1020.7
0.435692 1009.85
0.441815 991.974
0.447964 967.229
0.454126 960.633
0.460267 946.751
0.466387 936.967
0.47254 921.102
0.478662 908.204
0.484765 902.739
0.490885 888.841
0.497035 872.067
0.503198 866.79
0.509342 850.14
0.515458 844.372
0.521598 828.656
0.527764 821.069
0.533884 813.839
0.54 800.751
0.546137 791.026
0.552299 781.141
0.558452 774.951
0.564573 769.265
0.570708 757.007
0.576825 743.529
0.582926 738.638
0.589034 728.375
0.595184 726.173
0.601379 717.244
0.607522 713.516
0.613639 700.336
0.619772 694.235
0.625918 681.77
0.632068 673.336
0.638161 672.48
0.6443 666.053
0.650464 658.799
0.656582 647.67
0.662703 645.712
0.668861 639.202
0.675024 633.313
0.681124 624.482
0.687237 622.871
0.693381 614.71
0.699536 605.629
0.705665 602.275
0.711789 593.612
0.717957 589.124
0.72409 585.395
0.730186 580.451
0.736317 577.698
0.742472 568.245
0.748622 561.087
0.75476 559.956
0.760888 552.396
0.767043 548.149
0.773185 542.764
0.779291 537.514
0.785407 530.477
0.791564 527.114
0.797719 527.499
0.803834 519.511
0.809972 513.834
0.816124 509.566
0.822261 506.418
0.828378 502.428
0.834502 498.541
0.840667 491.585
0.846816 490.603
0.852925 484.139
0.859047 481.787
0.865192 476.267
0.871341 469.083
0.877463 469.307
0.883569 463.22
0.889708 460.321
0.895864 457.183
0.902008 452.483
0.908149 448.723
0.914301 445.651
0.920448 439.115
0.926574 437.262
0.932687 432.206
0.938823 431.669
0.944975 427.414
0.951105 424.192
0.957225 420.086
0.963368 416.388
0.969511 413.353
0.975621 411.179
0.981748 408.372
0.987916 404.46
0.99406 403.256
1.00019 398.044
1.00632 393.227
1.01246 391.42
1.01859 386.691
1.02471 384.622
1.03085 382.415
1.03698 376.95
1.04314 376.77
1.04929 372.561
1.05541 369.652
1.06154 366.365
1.06769 364.11
1.07382 360.829
1.07993 358.953
1.08607 356.817
1.09222 353.13
1.09836 349.512
1.10449 347.991
1.11063 346.407
1.11677 341.281
1.1229 340.592
1.12903 335.994
1.13518 334.911
1.14131 330.812
1.14745 328.875
1.15359 326.672
1.15973 323.266
1.16584 321.717
1.17197 318.859
1.17811 316.568
1.18424 314.957
1.19038 311.503
1.19652 308.888
1.20267 307.213
1.20881 304.296
1.21495 303.38
1.22108 300.886
1.2272 297.758
1.23334 295.324
1.23949 292.563
1.24562 290.561
1.25174 288.799
1.25789 286.502
1.26402 285.183
1.27014 282.47
1.27628 280.026
1.28244 277.01
1.28858 275.472
1.29471 273.758
1.30084 271.66
1.30697 270.305
1.31312 267.872
1.31925 266.422
1.32537 263.16
1.33151 261.569
1.33765 260.12
1.34378 257.256
1.34992 255.534
1.35606 253.55
1.3622 251.72
1.36833 249.722
1.37445 248.295
1.38059 246.432
1.38675 244.976
1.39288 242.879
1.39901 240.09
1.40515 238.607
1.4113 237.142
1.41742 235.137
1.42355 233.404
1.4297 231.82
1.43585 230.076
1.44198 228.489
1.44809 226.729
1.45423 225.413
1.46036 223.322
1.46649 222.355
1.47263 220.258
1.47877 218.442
1.48491 217.392
1.49104 215.754
1.49718 213.504
1.50333 212.675
1.50947 211.277
1.5156 208.96
1.52172 207.54
1.52787 205.926
1.534 204.179
1.54013 202.633
1.54627 201.778
1.55241 200.502
1.55855 198.327
1.56467 197.811
1.5708 195.796
