0.00783031 19951.7
0.013688 24947.1
0.019231 24887.5
0.0249154 22540.3
0.0312784 20019.6
0.0375637 16678.3
0.0433917 14503.6
0.0492413 13210.5
0.0555754 12149.2
0.0619321 11121.7
0.067871 10479
0.0738098 9833.17
0.0800417 9042.97
0.0862327 8113.2
0.0921407 7300.01
0.0982031 6615.09
0.104506 6166.79
0.110769 5965.78
0.116806 5466.6
0.122832 5322.41
0.129052 5106.27
0.135211 4756.31
0.141259 4399.35
0.147318 4233.86
0.153489 3952.09
0.159709 3731.51
0.165845 3598.64
0.171974 3401.19
0.178125 3301.47
0.184229 3230.24
0.19034 3145.25
0.196428 3057.4
0.202534 2973.98
0.208729 2849.22
0.214876 2718.47
0.220989 2654.95
0.227147 2572.11
0.23329 2487.1
0.239377 2459.77
0.245482 2396.06
0.251667 2306.34
0.257832 2238.89
0.263955 2214.26
0.270079 2151.23
0.27624 2134.18
0.282372 2077.75
0.28843 2026.21
0.294538 1980.4
0.300721 1967.82
0.30691 1920.93
0.313033 1851.25
0.319153 1845.74
0.325316 1806.84
0.33145 1757.13
0.337538 1757.06
0.343633 1713.77
0.349808 1686.43
0.355968 1666.09
0.362074 1658.18
0.368217 1604.69
0.374374 1593.29
0.380519 1584.8
0.386598 1561.33
0.392688 1536.08
0.39888 1504.08
0.405048 1478.5
0.411186 1461.02
0.417313 1443.73
0.423458 1434.53
0.429607 1413.86
0.435692 1403.83
0.441815 1380.81
0.447964 1352.12
0.454126 1347.34
0.460267 1329.89
0.466387 1320.14
0.47254 1301.54
0.478662 1288.4
0.484765 1282.21
0.490885 1265.99
0.497035 1245.68
0.503198 1242.79
0.509342 1220.56
0.515458 1216.76
0.521598 1196.53
0.527764 1189.38
0.533884 1180.79
0.54 1164.61
0.546137 1154.61
0.552299 1142.2
0.558452 1135.68
0.564573 1130.54
0.570708 1115.56
0.576825 1096.5
0.582926 1091.46
0.589034 1079.85
0.595184 1079.78
0.601379 1068.12
0.607522 1065.45
0.613639 1047.26
0.619772 1040.8
0.625918 1024.67
0.632068 1012.88
0.638161 1014.28
0.6443 1006.53
0.650464 997.318
0.656582 983.04
0.662703 981.638
0.668861 974.85
0.675024 966.739
0.681124 955.316
0.687237 954.976
0.693381 944.27
0.699536 931.48
0.705665 928.377
0.711789 916.666
0.717957 911.24
0.72409 907.459
0.730186 901.374
0.736317 897.888
0.742472 885.201
0.748622 875.887
0.75476 876.144
0.760888 865.553
0.767043 860.263
0.773185 852.764
0.779291 846.084
0.785407 836.374
0.791564 833.498
0.797719 834.578
0.803834 823.533
0.809972 815.466
0.816124 810.932
0.822261 806.693
0.828378 801.551
0.834502 796.902
0.840667 787.018
0.846816 786.404
0.852925 777.519
0.859047 775.576
0.865192 767.472
0.871341 757.102
0.877463 758.067
0.883569 749.902
0.889708 745.863
0.895864 742.073
0.902008 735.647
0.908149 730.395
0.914301 726.94
0.920448 716.783
0.926574 714.802
0.932687 707.753
0.938823 708.276
0.944975 702.296
0.951105 697.37
0.957225 692.035
0.963368 686.619
0.969511 682.443
0.975621 680.077
0.981748 675.967
0.987916 670.29
0.99406 669.198
1.00019 662.055
1.00632 654.563
1.01246 652.424
1.01859 645.066
1.02471 642.833
1.03085 639.83
1.03698 631.848
1.04314 631.716
1.04929 625.801
1.05541 621.789
1.06154 616.957
1.06769 613.813
1.07382 609.009
1.07993 606.381
1.08607 603.841
1.09222 598.132
1.09836 592.875
1.10449 590.686
1.11063 589.284
1.11677 581.124
1.1229 580.471
1.12903 572.991
1.13518 571.986
1.14131 566.019
1.14745 563.404
1.15359 559.952
1.15973 554.804
1.16584 552.701
1.17197 548.582
1.17811 544.806
1.18424 542.751
1.19038 537.304
1.19652 533.559
1.20267 531.148
1.20881 527.238
1.21495 525.909
1.22108 522.149
1.2272 517.506
1.23334 513.514
1.23949 509.187
1.24562 506.079
1.25174 504.117
1.25789 500.338
1.26402 498.471
1.27014 493.81
1.27628 490.566
1.28244 485.395
1.28858 483.673
1.29471 481.007
1.30084 477.988
1.30697 475.666
1.31312 471.898
1.31925 469.703
1.32537 464.667
1.33151 462.202
1.33765 460.208
1.34378 455.576
1.34992 452.954
1.35606 449.848
1.3622 446.864
1.36833 443.977
1.37445 441.665
1.38059 438.696
1.38675 436.716
1.39288 433.569
1.39901 428.672
1.40515 426.345
1.4113 424.795
1.41742 421.255
1.42355 418.422
1.4297 415.892
1.43585 412.995
1.44198 410.552
1.44809 407.878
1.45423 405.798
1.46036 402.59
1.46649 400.964
1.47263 397.199
1.47877 394.795
1.48491 392.885
1.49104 390.332
1.49718 386.523
1.50333 385.969
1.50947 383.15
1.5156 379.418
1.52172 377.482
1.52787 374.672
1.534 371.865
1.54013 369.389
1.54627 367.995
1.55241 366.021
1.55855 362.488
1.56467 361.91
1.5708 358.268
