0.00783031 -2325.2
0.013688 248.334
0.019231 1447.33
0.0249154 -540.053
0.0312784 -600.49
0.0375637 629.03
0.0433917 317.686
0.0492413 29.1895
0.0555754 156.067
0.0619321 -112.174
0.067871 91.9542
0.0738098 -187.869
0.0800417 -16.4872
0.0862327 -98.1471
0.0921407 -104.432
0.0982031 -139.978
0.104506 -205.804
0.110769 -214.91
0.116806 -92.6058
0.122832 -202.964
0.129052 -201.101
0.135211 -212.847
0.141259 -229.111
0.147318 -212.421
0.153489 -136.482
0.159709 -201.921
0.165845 -150.399
0.171974 -229.602
0.178125 -226.867
0.184229 -159.17
0.19034 -173.66
0.196428 -173.275
0.202534 -185.628
0.208729 -195.961
0.214876 -186.52
0.220989 -223.693
0.227147 -183.43
0.23329 -199.903
0.239377 -188.776
0.245482 -184.664
0.251667 -168.22
0.257832 -182.727
0.263955 -199.075
0.270079 -179.049
0.27624 -177.568
0.282372 -173.142
0.28843 -170.398
0.294538 -182.85
0.300721 -179.011
0.30691 -180.85
0.313033 -175.419
0.319153 -181.633
0.325316 -169.388
0.33145 -168.235
0.337538 -164.39
0.343633 -162.223
0.349808 -166.639
0.355968 -166.892
0.362074 -165.937
0.368217 -165.305
0.374374 -161.597
0.380519 -157.474
0.386598 -155.505
0.392688 -151.87
0.39888 -151.001
0.405048 -152.723
0.411186 -154.088
0.417313 -155.614
0.423458 -155.36
0.429607 -147.34
0.435692 -149.545
0.441815 -151.827
0.447964 -146.337
0.454126 -151.055
0.460267 -148.302
0.466387 -143.311
0.47254 -149.921
0.478662 -152.474
0.484765 -144.185
0.490885 -140.488
0.497035 -139.407
0.503198 -142.98
0.509342 -145.26
0.515458 -138.227
0.521598 -145.508
0.527764 -146.097
0.533884 -137.737
0.54 -134.462
0.546137 -136.983
0.552299 -134.274
0.558452 -137.691
0.564573 -134.15
0.570708 -135.342
0.576825 -132.712
0.582926 -137.054
0.589034 -134.079
0.595184 -129.534
0.601379 -133.057
0.607522 -131.696
0.613639 -131.953
0.619772 -131.868
0.625918 -128.6
0.632068 -127.646
0.638161 -130.528
0.6443 -127.976
0.650464 -130.026
0.656582 -126.632
0.662703 -126.347
0.668861 -124.533
0.675024 -127.302
0.681124 -125.248
0.687237 -122.972
0.693381 -124.377
0.699536 -123.271
0.705665 -123.897
0.711789 -123.719
0.717957 -125.324
0.72409 -124.479
0.730186 -122.681
0.736317 -122.381
0.742472 -118.967
0.748622 -122.671
0.75476 -118.912
0.760888 -119.613
0.767043 -120.458
0.773185 -120.128
0.779291 -122.169
0.785407 -118.364
0.791564 -120.438
0.797719 -117.211
0.803834 -117.11
0.809972 -117.52
0.816124 -115.083
0.822261 -115.808
0.828378 -116.06
0.834502 -114.162
0.840667 -116.585
0.846816 -113.078
0.852925 -116.084
0.859047 -115.106
0.865192 -112.305
0.871341 -113.888
0.877463 -113.248
0.883569 -112.283
0.889708 -111.847
0.895864 -112.647
0.902008 -111.041
0.908149 -109.449
0.914301 -111.704
0.920448 -112.596
0.926574 -109.706
0.932687 -108.941
0.938823 -109.104
0.944975 -109.939
0.951105 -109.236
0.957225 -107.913
0.963368 -109.272
0.969511 -106.156
0.975621 -107.82
0.981748 -107.597
0.987916 -107.246
0.99406 -105.864
1.00019 -108.042
1.00632 -106.173
1.01246 -105.738
1.01859 -106.065
1.02471 -107.144
1.03085 -106.878
1.03698 -105.488
1.04314 -105.282
1.04929 -104.849
1.05541 -104.923
1.06154 -105.245
1.06769 -105.645
1.07382 -103.799
1.07993 -104.403
1.08607 -103.917
1.09222 -102.538
1.09836 -103.411
1.10449 -103.668
1.11063 -103.057
1.11677 -102.867
1.1229 -101.668
1.12903 -101.398
1.13518 -101.641
1.14131 -101.413
1.14745 -101.385
1.15359 -100.245
1.15973 -101.619
1.16584 -100.09
1.17197 -100.849
1.17811 -99.5553
1.18424 -99.7894
1.19038 -98.7477
1.19652 -99.4809
1.20267 -97.7364
1.20881 -98.7627
1.21495 -98.3759
1.22108 -98.5367
1.2272 -97.321
1.23334 -97.2971
1.23949 -97.2192
1.24562 -97.219
1.25174 -97.2244
1.25789 -95.3614
1.26402 -96.5273
1.27014 -95.5386
1.27628 -95.3223
1.28244 -95.9089
1.28858 -95.1159
1.29471 -95.7424
1.30084 -94.9848
1.30697 -93.7177
1.31312 -92.228
1.31925 -93.9304
1.32537 -93.7895
1.33151 -93.5054
1.33765 -93.5121
1.34378 -93.1146
1.34992 -92.9071
1.35606 -92.2851
1.3622 -91.931
1.36833 -92.2246
1.37445 -91.2116
1.38059 -91.3765
1.38675 -91.2235
1.39288 -90.7428
1.39901 -90.5217
1.40515 -91.027
1.4113 -90.3502
1.41742 -90.3353
1.42355 -89.1942
1.4297 -89.3098
1.43585 -89.0224
1.44198 -88.5093
1.44809 -88.7838
1.45423 -88.4621
1.46036 -88.1808
1.46649 -88.1793
1.47263 -88.9511
1.47877 -87.7134
1.48491 -86.2218
1.49104 -86.8442
1.49718 -86.5757
1.50333 -86.0031
1.50947 -86.1994
1.5156 -86.7164
1.52172 -85.6755
1.52787 -85.5098
1.534 -85.5742
1.54013 -85.6758
1.54627 -83.5206
1.55241 -84.525
1.55855 -84.5633
1.56467 -84.307
1.5708 -83.6233
