0.00783031 20308.5
0.013688 25407.5
0.019231 25285
0.0249154 23226.8
0.0312784 19987
0.0375637 16818.3
0.0433917 14827.5
0.0492413 13211.9
0.0555754 11880.7
0.0619321 10951.4
0.067871 10560.4
0.0738098 9711.91
0.0800417 8621.76
0.0862327 7834.74
0.0921407 6856.61
0.0982031 6224.22
0.104506 5780.56
0.110769 5251.45
0.116806 4860.79
0.122832 4804.24
0.129052 4522.87
0.135211 4269.57
0.141259 3975.19
0.147318 3826.36
0.153489 3521.46
0.159709 3318.2
0.165845 3122.69
0.171974 3016.93
0.178125 2926.11
0.184229 2793.19
0.19034 2655.18
0.196428 2536.52
0.202534 2496.92
0.208729 2351.38
0.214876 2265.57
0.220989 2181.64
0.227147 2102.63
0.23329 2056.87
0.239377 1964.95
0.245482 1906.72
0.251667 1879.91
0.257832 1814.27
0.263955 1749.87
0.270079 1697.95
0.27624 1699.24
0.282372 1625.61
0.28843 1590.49
0.294538 1543.97
0.300721 1501.32
0.30691 1475.66
0.313033 1442.15
0.319153 1410.15
0.325316 1391.26
0.33145 1347.98
0.337538 1314.14
0.343633 1279.03
0.349808 1267.71
0.355968 1229
0.362074 1222.9
0.368217 1205.37
0.374374 1187.01
0.380519 1166.62
0.386598 1140.78
0.392688 1120.49
0.39888 1093.55
0.405048 1085.44
0.411186 1070.48
0.417313 1053.91
0.423458 1035.23
0.429607 1008.31
0.435692 1002.33
0.441815 988.486
0.447964 977.415
0.454126 957.539
0.460267 953.427
0.466387 924.084
0.47254 927.043
0.478662 912.76
0.484765 891.666
0.490885 883.619
0.497035 879.007
0.503198 857.614
0.509342 855.922
0.515458 842.146
0.521598 837.698
0.527764 826.319
0.533884 822.05
0.54 802.926
0.546137 799.556
0.552299 789.106
0.558452 783.228
0.564573 768.022
0.570708 760.142
0.576825 757.262
0.582926 743.863
0.589034 731.025
0.595184 728.586
0.601379 721.08
0.607522 708.724
0.613639 707.22
0.619772 702.266
0.625918 691.297
0.632068 686.753
0.638161 680.611
0.6443 677.252
0.650464 667.861
0.656582 662.044
0.662703 652.742
0.668861 649.033
0.675024 645.206
0.681124 634.732
0.687237 631.366
0.693381 624.208
0.699536 615.552
0.705665 610.904
0.711789 608.474
0.717957 602.262
0.72409 597.78
0.730186 592.501
0.736317 589.699
0.742472 580.02
0.748622 576.997
0.75476 568.431
0.760888 566.68
0.767043 559.016
0.773185 557.589
0.779291 553.597
0.785407 546.862
0.791564 544.664
0.797719 535.907
0.803834 533.691
0.809972 531.03
0.816124 523.276
0.822261 518.907
0.828378 515.826
0.834502 510.73
0.840667 508.645
0.846816 504.212
0.852925 500.883
0.859047 494.008
0.865192 492.431
0.871341 487.385
0.877463 483.594
0.883569 479.449
0.889708 472.737
0.895864 472.947
0.902008 466.676
0.908149 463.261
0.914301 459.537
0.920448 459.453
0.926574 454.541
0.932687 449.69
0.938823 444.49
0.944975 442.012
0.951105 440.053
0.957225 435.629
0.963368 432.195
0.969511 428.688
0.975621 425.631
0.981748 423.869
0.987916 418.845
0.99406 415.315
1.00019 412.261
1.00632 409.287
1.01246 404.172
1.01859 402.95
1.02471 400.427
1.03085 396.691
1.03698 393.958
1.04314 390.894
1.04929 387.113
1.05541 384.092
1.06154 382.554
1.06769 378.949
1.07382 376.686
1.07993 373.919
1.08607 370.532
1.09222 367.122
1.09836 365.748
1.10449 361.93
1.11063 359.673
1.11677 357.485
1.1229 355.879
1.12903 351.218
1.13518 350.38
1.14131 347.599
1.14745 343.81
1.15359 340.878
1.15973 339.733
1.16584 337.433
1.17197 334.848
1.17811 332.024
1.18424 329.846
1.19038 326.23
1.19652 324.93
1.20267 322.217
1.20881 320.13
1.21495 317.378
1.22108 314.439
1.2272 313.678
1.23334 308.613
1.23949 307.45
1.24562 306.668
1.25174 304.37
1.25789 301.5
1.26402 298.418
1.27014 296.808
1.27628 294.015
1.28244 292.51
1.28858 290.374
1.29471 288.717
1.30084 286.109
1.30697 284.24
1.31312 281.552
1.31925 279.922
1.32537 277.875
1.33151 276.294
1.33765 273.027
1.34378 270.886
1.34992 270.014
1.35606 267.861
1.3622 266.144
1.36833 264.123
1.37445 262.296
1.38059 260.068
1.38675 258.771
1.39288 256.211
1.39901 254.338
1.40515 253.554
1.4113 250.46
1.41742 249.384
1.42355 246.957
1.4297 245.606
1.43585 243.324
1.44198 241.621
1.44809 240.461
1.45423 238.904
1.46036 236.648
1.46649 235.11
1.47263 233.665
1.47877 232.183
1.48491 229.568
1.49104 228.569
1.49718 226.332
1.50333 224.83
1.50947 223.989
1.5156 222.583
1.52172 220.278
1.52787 218.689
1.534 217.098
1.54013 215.562
1.54627 213.544
1.55241 212.681
1.55855 211.053
1.56467 209.363
1.5708 207.713
