0.00783031 7407.2
0.013688 8367.18
0.019231 5686.45
0.0249154 6159.42
0.0312784 5580.54
0.0375637 5019.43
0.0433917 4796.1
0.0492413 4645.9
0.0555754 4123.14
0.0619321 3910.47
0.067871 3563.52
0.0738098 3525.62
0.0800417 3038.16
0.0862327 3136.95
0.0921407 2846.06
0.0982031 2645.11
0.104506 2734.39
0.110769 2305.43
0.116806 2344.74
0.122832 2149.11
0.129052 2043.23
0.135211 2018.08
0.141259 1797.51
0.147318 1815.72
0.153489 1682.77
0.159709 1675.21
0.165845 1619.46
0.171974 1494.69
0.178125 1441.41
0.184229 1437.54
0.19034 1349.17
0.196428 1289.67
0.202534 1285.94
0.208729 1235.5
0.214876 1134.02
0.220989 1085.15
0.227147 1081.18
0.23329 1028.38
0.239377 996.376
0.245482 976.358
0.251667 944.142
0.257832 910.192
0.263955 893.271
0.270079 855.465
0.27624 837.053
0.282372 813.471
0.28843 778.128
0.294538 772.572
0.300721 739.91
0.30691 724.051
0.313033 704.728
0.319153 693.721
0.325316 658.865
0.33145 639.478
0.337538 629.738
0.343633 631.93
0.349808 610.777
0.355968 589.375
0.362074 570.961
0.368217 548.922
0.374374 535.789
0.380519 537.446
0.386598 514.94
0.392688 513.207
0.39888 496.944
0.405048 492.115
0.411186 475.708
0.417313 471.497
0.423458 453.494
0.429607 443.713
0.435692 440.787
0.441815 428.077
0.447964 423.891
0.454126 405.736
0.460267 403.955
0.466387 403.479
0.47254 383.701
0.478662 378.216
0.484765 374.085
0.490885 374.195
0.497035 359.454
0.503198 353.79
0.509342 341.697
0.515458 338.995
0.521598 322.334
0.527764 313.194
0.533884 314.514
0.54 316.507
0.546137 314.472
0.552299 304.337
0.558452 294.176
0.564573 292.189
0.570708 287.3
0.576825 280.433
0.582926 277.157
0.589034 271.271
0.595184 267.045
0.601379 259.299
0.607522 254.942
0.613639 247.393
0.619772 245.426
0.625918 250.082
0.632068 236.515
0.638161 231.494
0.6443 231.342
0.650464 228.117
0.656582 223.339
0.662703 221.085
0.668861 218.081
0.675024 210.711
0.681124 209.184
0.687237 208.626
0.693381 203.439
0.699536 201.142
0.705665 195.018
0.711789 189.76
0.717957 185.321
0.72409 185.057
0.730186 181.831
0.736317 178.084
0.742472 181.226
0.748622 171.891
0.75476 171.308
0.760888 170.427
0.767043 163.909
0.773185 160.479
0.779291 157.498
0.785407 156.318
0.791564 147.371
0.797719 152.971
0.803834 146.191
0.809972 149.299
0.816124 145.914
0.822261 142.191
0.828378 138.429
0.834502 137.066
0.840667 134.351
0.846816 133.757
0.852925 128.352
0.859047 125.129
0.865192 128.088
0.871341 123.742
0.877463 122.405
0.883569 117.936
0.889708 116.562
0.895864 114.938
0.902008 114.35
0.908149 115.927
0.914301 110.885
0.920448 106.924
0.926574 107.044
0.932687 107.788
0.938823 102.752
0.944975 97.8039
0.951105 98.8
0.957225 98.134
0.963368 94.9493
0.969511 96.7884
0.975621 93.157
0.981748 89.7667
0.987916 89.826
0.99406 88.3931
1.00019 85.6602
1.00632 84.639
1.01246 83.7676
1.01859 81.8512
1.02471 78.2584
1.03085 76.5289
1.03698 75.9188
1.04314 75.8822
1.04929 73.7273
1.05541 70.5068
1.06154 70
1.06769 68.0533
1.07382 69.4154
1.07993 66.5748
1.08607 66.8899
1.09222 65.2661
1.09836 62.5232
1.10449 60.7893
1.11063 61.6893
1.11677 58.2489
1.1229 57.9854
1.12903 57.607
1.13518 54.1479
1.14131 56.821
1.14745 52.7851
1.15359 52.8115
1.15973 49.6452
1.16584 48.7991
1.17197 48.5458
1.17811 49.731
1.18424 46.1293
1.19038 46.4745
1.19652 44.1653
1.20267 44.1691
1.20881 42.7745
1.21495 42.4405
1.22108 41.0129
1.2272 41.5702
1.23334 39.6221
1.23949 38.972
1.24562 37.6798
1.25174 36.2717
1.25789 37.0009
1.26402 34.1001
1.27014 35.38
1.27628 34.7883
1.28244 32.0155
1.28858 31.8283
1.29471 30.1261
1.30084 28.2828
1.30697 30.3308
1.31312 31.4762
1.31925 27.9537
1.32537 26.9475
1.33151 27.4921
1.33765 26.4714
1.34378 25.8489
1.34992 23.7353
1.35606 23.658
1.3622 23.27
1.36833 20.6917
1.37445 22.2986
1.38059 21.6396
1.38675 20.6815
1.39288 19.1404
1.39901 19.8855
1.40515 16.93
1.4113 19.0323
1.41742 17.7337
1.42355 17.2351
1.4297 17.344
1.43585 15.126
1.44198 15.9389
1.44809 15.3302
1.45423 13.6418
1.46036 14.0051
1.46649 12.6049
1.47263 10.9887
1.47877 11.3687
1.48491 13.4826
1.49104 10.3388
1.49718 11.2762
1.50333 10.1093
1.50947 8.6137
1.5156 7.37173
1.52172 8.57307
1.52787 8.47522
1.534 8.05833
1.54013 6.66639
1.54627 7.77438
1.55241 6.10712
1.55855 5.55107
1.56467 5.64993
1.5708 5.59929
