0.00783031 2359.61
0.013688 4373.57
0.019231 2941.07
0.0249154 2216.06
0.0312784 125.227
0.0375637 -548.424
0.0433917 1256.13
0.0492413 828.574
0.0555754 1012.76
0.0619321 672.741
0.067871 906.416
0.0738098 939.712
0.0800417 1069.93
0.0862327 817.66
0.0921407 844.129
0.0982031 1129.3
0.104506 1246.4
0.110769 1196.46
0.116806 1038.17
0.122832 1137.12
0.129052 1205.72
0.135211 1234.42
0.141259 1106.4
0.147318 1117.46
0.153489 1258.5
0.159709 1157.6
0.165845 1227.35
0.171974 1247.58
0.178125 1271.55
0.184229 1158.85
0.19034 1226.83
0.196428 1209.5
0.202534 1237.56
0.208729 1254.37
0.214876 1272.61
0.220989 1265.71
0.227147 1319.2
0.23329 1315.75
0.239377 1283.66
0.245482 1230.86
0.251667 1256.74
0.257832 1256.82
0.263955 1264.42
0.270079 1208.37
0.27624 1271.52
0.282372 1254.72
0.28843 1246.1
0.294538 1276.31
0.300721 1256.83
0.30691 1229.79
0.313033 1244.54
0.319153 1210.24
0.325316 1211.36
0.33145 1206.91
0.337538 1209.88
0.343633 1231.47
0.349808 1226.14
0.355968 1214.42
0.362074 1179.6
0.368217 1223.15
0.374374 1196.93
0.380519 1182.56
0.386598 1177.62
0.392688 1182.44
0.39888 1188.08
0.405048 1179.57
0.411186 1185.58
0.417313 1155.21
0.423458 1190.8
0.429607 1174.67
0.435692 1179.06
0.441815 1156.06
0.447964 1155.07
0.454126 1143.39
0.460267 1145.91
0.466387 1140
0.47254 1150.74
0.478662 1131.28
0.484765 1130.59
0.490885 1136.04
0.497035 1111.66
0.503198 1115.46
0.509342 1096.29
0.515458 1109.87
0.521598 1095.62
0.527764 1087.04
0.533884 1088.92
0.54 1091.45
0.546137 1089.38
0.552299 1075.73
0.558452 1068.21
0.564573 1074.06
0.570708 1058.45
0.576825 1062.77
0.582926 1048.6
0.589034 1049.37
0.595184 1047.07
0.601379 1040.03
0.607522 1033.32
0.613639 1043.09
0.619772 1029.93
0.625918 1019.71
0.632068 1021.73
0.638161 1018.73
0.6443 1008.43
0.650464 1020.41
0.656582 1000.64
0.662703 1006.63
0.668861 988.632
0.675024 988.233
0.681124 984.494
0.687237 971.991
0.693381 967.422
0.699536 972.937
0.705665 967.951
0.711789 960.841
0.717957 953.807
0.72409 948.74
0.730186 938.011
0.736317 938.339
0.742472 934.061
0.748622 935.454
0.75476 932.868
0.760888 915.488
0.767043 915.904
0.773185 904.546
0.779291 906.765
0.785407 896.608
0.791564 893.873
0.797719 893.938
0.803834 879.195
0.809972 875.032
0.816124 867.736
0.822261 869.789
0.828378 869.978
0.834502 861.691
0.840667 850.181
0.846816 850.771
0.852925 842.658
0.859047 840.867
0.865192 829.238
0.871341 828.294
0.877463 822.083
0.883569 811.242
0.889708 814.596
0.895864 803.953
0.902008 799.975
0.908149 797.581
0.914301 787.048
0.920448 787.883
0.926574 779.501
0.932687 776.269
0.938823 767.166
0.944975 764.58
0.951105 758.25
0.957225 753.935
0.963368 747.6
0.969511 746.709
0.975621 737.161
0.981748 731.574
0.987916 731.488
0.99406 719.215
1.00019 716.446
1.00632 716.721
1.01246 711.323
1.01859 701.312
1.02471 700.245
1.03085 693.462
1.03698 686.282
1.04314 679.736
1.04929 677.073
1.05541 667.967
1.06154 667.916
1.06769 665.728
1.07382 656.936
1.07993 652.158
1.08607 646.168
1.09222 647.058
1.09836 642.318
1.10449 636.417
1.11063 631.154
1.11677 625.771
1.1229 624.752
1.12903 613.737
1.13518 619.764
1.14131 611.267
1.14745 605.983
1.15359 603.381
1.15973 596.492
1.16584 591.876
1.17197 586.687
1.17811 588.083
1.18424 579.788
1.19038 577.647
1.19652 572.584
1.20267 566.462
1.20881 563.956
1.21495 557.906
1.22108 553.998
1.2272 546.987
1.23334 548.778
1.23949 541.754
1.24562 536.292
1.25174 534.779
1.25789 529.764
1.26402 528.24
1.27014 524.776
1.27628 517.194
1.28244 517.459
1.28858 512.107
1.29471 508.038
1.30084 504.57
1.30697 499.538
1.31312 495.637
1.31925 493.816
1.32537 488.876
1.33151 487.319
1.33765 480.785
1.34378 479.285
1.34992 478.124
1.35606 471.587
1.3622 466.956
1.36833 464.969
1.37445 462.731
1.38059 456.921
1.38675 453.957
1.39288 451.394
1.39901 446.396
1.40515 443.351
1.4113 441.419
1.41742 438.978
1.42355 434.445
1.4297 432.178
1.43585 427.809
1.44198 424.498
1.44809 421.233
1.45423 418.813
1.46036 416.535
1.46649 410.944
1.47263 410.308
1.47877 406.917
1.48491 403.492
1.49104 400.14
1.49718 399.217
1.50333 393.849
1.50947 391.682
1.5156 388.934
1.52172 384.353
1.52787 384.577
1.534 380.008
1.54013 377.151
1.54627 373.924
1.55241 371.72
1.55855 368.883
1.56467 364.252
1.5708 364.638
