0.00783031 15.1649
0.013688 21.0678
0.019231 15.8865
0.0249154 14.3247
0.0312784 3.27287
0.0375637 -4.26877
0.0433917 3.43235
0.0492413 4.82538
0.0555754 2.75187
0.0619321 5.31348
0.067871 4.34678
0.0738098 5.45351
0.0800417 7.06654
0.0862327 7.33632
0.0921407 8.26228
0.0982031 9.60727
0.104506 10.6129
0.110769 11.2088
0.116806 12.4298
0.122832 13.8586
0.129052 14.1281
0.135211 16.2676
0.141259 16.3237
0.147318 19.0477
0.153489 17.8838
0.159709 18.1638
0.165845 19.8413
0.171974 21.6777
0.178125 20.539
0.184229 23.7166
0.19034 24.6822
0.196428 25.0632
0.202534 24.913
0.208729 26.2026
0.214876 27.765
0.220989 27.6808
0.227147 28.5889
0.23329 28.8227
0.239377 30.2469
0.245482 29.3731
0.251667 31.0049
0.257832 31.2259
0.263955 31.6275
0.270079 32.4495
0.27624 32.0412
0.282372 33.6021
0.28843 33.3028
0.294538 33.1586
0.300721 32.746
0.30691 34.8385
0.313033 33.7391
0.319153 33.8524
0.325316 35.7613
0.33145 35.3789
0.337538 35.3351
0.343633 36.5641
0.349808 36.0746
0.355968 35.5025
0.362074 36.2386
0.368217 35.077
0.374374 35.3867
0.380519 35.2667
0.386598 35.9688
0.392688 35.9421
0.39888 35.8271
0.405048 36.2155
0.411186 34.2403
0.417313 35.9788
0.423458 34.7896
0.429607 34.7303
0.435692 34.7128
0.441815 35.1449
0.447964 34.4711
0.454126 34.4655
0.460267 33.8776
0.466387 33.1084
0.47254 33.458
0.478662 32.4788
0.484765 33.4178
0.490885 32.289
0.497035 31.8144
0.503198 31.7244
0.509342 31.6904
0.515458 30.8049
0.521598 30.1788
0.527764 30.0226
0.533884 29.0979
0.54 29.127
0.546137 29.4356
0.552299 28.3816
0.558452 27.9173
0.564573 27.3698
0.570708 27.3213
0.576825 27.0934
0.582926 26.1788
0.589034 26.2099
0.595184 25.4973
0.601379 25.3369
0.607522 24.7872
0.613639 24.7617
0.619772 24.3325
0.625918 23.8641
0.632068 23.0626
0.638161 22.7603
0.6443 22.5704
0.650464 22.3254
0.656582 22.6469
0.662703 21.6062
0.668861 21.2281
0.675024 20.9875
0.681124 20.6232
0.687237 20.5972
0.693381 19.9636
0.699536 19.4893
0.705665 19.5278
0.711789 19.3283
0.717957 19.2821
0.72409 18.5125
0.730186 18.4354
0.736317 18.1233
0.742472 18.0518
0.748622 18.0312
0.75476 17.9305
0.760888 17.3913
0.767043 17.249
0.773185 17.3051
0.779291 16.9245
0.785407 16.1305
0.791564 16.651
0.797719 16.5558
0.803834 16.1637
0.809972 15.9241
0.816124 16.6471
0.822261 15.7499
0.828378 15.2973
0.834502 15.631
0.840667 15.601
0.846816 15.6148
0.852925 15.0028
0.859047 15.3764
0.865192 14.8907
0.871341 14.9763
0.877463 14.6607
0.883569 14.8264
0.889708 14.7899
0.895864 14.425
0.902008 14.498
0.908149 14.2923
0.914301 14.0583
0.920448 14.0357
0.926574 14.1134
0.932687 13.8036
0.938823 13.7794
0.944975 13.6584
0.951105 13.7596
0.957225 13.7966
0.963368 13.5472
0.969511 13.416
0.975621 13.2706
0.981748 13.3889
0.987916 13.2749
0.99406 13.4289
1.00019 13.2613
1.00632 13.0151
1.01246 13.1558
1.01859 12.9268
1.02471 12.9957
1.03085 13.0495
1.03698 12.9601
1.04314 12.8163
1.04929 12.7006
1.05541 12.6063
1.06154 12.5361
1.06769 12.5012
1.07382 12.5012
1.07993 12.0484
1.08607 12.4842
1.09222 12.3492
1.09836 12.5359
1.10449 12.3544
1.11063 12.1659
1.11677 11.9636
1.1229 12.2931
1.12903 12.2158
1.13518 12.1536
1.14131 12.1382
1.14745 12.0129
1.15359 12.0256
1.15973 12.1173
1.16584 11.823
1.17197 11.962
1.17811 11.9235
1.18424 11.7389
1.19038 11.6703
1.19652 11.6401
1.20267 11.7242
1.20881 11.6785
1.21495 11.4873
1.22108 11.5915
1.2272 11.4317
1.23334 11.7128
1.23949 11.3533
1.24562 11.246
1.25174 11.4742
1.25789 11.4634
1.26402 11.5776
1.27014 11.3629
1.27628 11.1947
1.28244 11.1017
1.28858 11.2233
1.29471 11.2489
1.30084 11.0917
1.30697 11.0889
1.31312 11.0903
1.31925 10.9927
1.32537 10.8399
1.33151 10.8229
1.33765 10.8065
1.34378 10.686
1.34992 10.7076
1.35606 10.7333
1.3622 10.5545
1.36833 10.3981
1.37445 10.4188
1.38059 10.6067
1.38675 10.5706
1.39288 10.1763
1.39901 10.1505
1.40515 10.1888
1.4113 10.2768
1.41742 10.0695
1.42355 10.1611
1.4297 10.2514
1.43585 10.1754
1.44198 10.2732
1.44809 10.0016
1.45423 9.88021
1.46036 9.71918
1.46649 9.69609
1.47263 9.75332
1.47877 9.69415
1.48491 9.71627
1.49104 9.65556
1.49718 9.57077
1.50333 9.38238
1.50947 9.4195
1.5156 9.62955
1.52172 9.21531
1.52787 9.43996
1.534 9.21054
1.54013 9.29268
1.54627 9.28312
1.55241 9.19044
1.55855 9.23445
1.56467 9.12265
1.5708 9.05398
