0.00783031 -9.32095
0.013688 127.421
0.019231 253.716
0.0249154 -949.861
0.0312784 37.6371
0.0375637 -69.8009
0.0433917 -295.346
0.0492413 34.7938
0.0555754 -92.0932
0.0619321 -200.355
0.067871 -107.145
0.0738098 206.184
0.0800417 -218.22
0.0862327 -114.896
0.0921407 -175.025
0.0982031 -152.849
0.104506 -59.4082
0.110769 -173.909
0.116806 -161.414
0.122832 -166.522
0.129052 -141.96
0.135211 -111.315
0.141259 -171.284
0.147318 -161.328
0.153489 -177.458
0.159709 -159.812
0.165845 -159.038
0.171974 -214.145
0.178125 -175.105
0.184229 -166.216
0.19034 -194.9
0.196428 -146.773
0.202534 -197.428
0.208729 -201.279
0.214876 -185.534
0.220989 -200.973
0.227147 -170.55
0.23329 -173.216
0.239377 -174.528
0.245482 -170.019
0.251667 -184.048
0.257832 -175.031
0.263955 -168.242
0.270079 -174.571
0.27624 -170.921
0.282372 -178.043
0.28843 -157.944
0.294538 -165.541
0.300721 -172.591
0.30691 -166.377
0.313033 -165.606
0.319153 -168.458
0.325316 -170.923
0.33145 -165.808
0.337538 -164.974
0.343633 -159.226
0.349808 -152.595
0.355968 -156.146
0.362074 -154.369
0.368217 -163.977
0.374374 -162.734
0.380519 -169.316
0.386598 -154.182
0.392688 -154.673
0.39888 -169.456
0.405048 -153.463
0.411186 -157.879
0.417313 -155.087
0.423458 -153.13
0.429607 -145.35
0.435692 -149.913
0.441815 -151.293
0.447964 -148.876
0.454126 -149.683
0.460267 -150.157
0.466387 -148.727
0.47254 -146.444
0.478662 -144.42
0.484765 -137.632
0.490885 -149.62
0.497035 -148.904
0.503198 -148.084
0.509342 -143.684
0.515458 -142.58
0.521598 -144.866
0.527764 -134.514
0.533884 -137.904
0.54 -139.815
0.546137 -135.468
0.552299 -138.301
0.558452 -140.29
0.564573 -139.771
0.570708 -139.968
0.576825 -137.211
0.582926 -134.2
0.589034 -136.112
0.595184 -138.04
0.601379 -135.878
0.607522 -136.211
0.613639 -136.192
0.619772 -135.033
0.625918 -131.878
0.632068 -128.908
0.638161 -131.602
0.6443 -132.847
0.650464 -130.715
0.656582 -126.108
0.662703 -133.597
0.668861 -131.164
0.675024 -130.803
0.681124 -130.929
0.687237 -130.723
0.693381 -128.721
0.699536 -128.157
0.705665 -129.067
0.711789 -127.341
0.717957 -126.069
0.72409 -122.465
0.730186 -124.798
0.736317 -126.214
0.742472 -123.394
0.748622 -121.554
0.75476 -125.302
0.760888 -127.541
0.767043 -125.974
0.773185 -122.706
0.779291 -125.644
0.785407 -123.215
0.791564 -121.937
0.797719 -121.204
0.803834 -121.891
0.809972 -121.722
0.816124 -121.651
0.822261 -122.474
0.828378 -120.59
0.834502 -119.687
0.840667 -120.465
0.846816 -123.678
0.852925 -120.042
0.859047 -120.987
0.865192 -118.655
0.871341 -120.615
0.877463 -117.418
0.883569 -121.794
0.889708 -118.427
0.895864 -117.395
0.902008 -119.546
0.908149 -119.492
0.914301 -119.314
0.920448 -117.225
0.926574 -118.217
0.932687 -117.575
0.938823 -116.762
0.944975 -117.238
0.951105 -116.603
0.957225 -115.775
0.963368 -115.882
0.969511 -115.235
0.975621 -117.192
0.981748 -116.031
0.987916 -116.776
0.99406 -115.546
1.00019 -115.134
1.00632 -114.666
1.01246 -116.086
1.01859 -112.745
1.02471 -114.331
1.03085 -113.358
1.03698 -113.079
1.04314 -113.45
1.04929 -113.132
1.05541 -112.916
1.06154 -114.045
1.06769 -111.617
1.07382 -112.441
1.07993 -112.406
1.08607 -110.784
1.09222 -111.175
1.09836 -112.519
1.10449 -110.744
1.11063 -111.471
1.11677 -110.279
1.1229 -110.357
1.12903 -110.994
1.13518 -109.939
1.14131 -110.049
1.14745 -109.228
1.15359 -110.783
1.15973 -109.851
1.16584 -109.351
1.17197 -109.775
1.17811 -108.392
1.18424 -108.009
1.19038 -108.865
1.19652 -108.076
1.20267 -108.295
1.20881 -107.722
1.21495 -106.877
1.22108 -107.487
1.2272 -105.575
1.23334 -107.582
1.23949 -106.353
1.24562 -106.293
1.25174 -106.367
1.25789 -106.44
1.26402 -106.422
1.27014 -105.79
1.27628 -105.559
1.28244 -104.869
1.28858 -104.537
1.29471 -104.695
1.30084 -103.901
1.30697 -104.106
1.31312 -104.459
1.31925 -104.529
1.32537 -103.215
1.33151 -103.64
1.33765 -102.594
1.34378 -103.125
1.34992 -102.6
1.35606 -102.629
1.3622 -102.527
1.36833 -102.64
1.37445 -102.535
1.38059 -101.632
1.38675 -101.808
1.39288 -101.406
1.39901 -101.443
1.40515 -100.039
1.4113 -100.042
1.41742 -100.088
1.42355 -99.6862
1.4297 -99.875
1.43585 -99.4561
1.44198 -100.645
1.44809 -99.3046
1.45423 -99.2322
1.46036 -99.5847
1.46649 -99.4182
1.47263 -98.4895
1.47877 -98.3566
1.48491 -97.6152
1.49104 -98.7445
1.49718 -97.3957
1.50333 -97.5875
1.50947 -97.3369
1.5156 -96.7539
1.52172 -96.2724
1.52787 -97.2223
1.534 -96.5364
1.54013 -96.2157
1.54627 -95.9279
1.55241 -95.4109
1.55855 -95.9177
1.56467 -95.2134
1.5708 -94.8325
