0.00783031 15651.7
0.013688 10372.6
0.019231 10380.4
0.0249154 8602.5
0.0312784 8931.27
0.0375637 9016.06
0.0433917 9669.39
0.0492413 9672.77
0.0555754 9058.72
0.0619321 8417.1
0.067871 8499.72
0.0738098 8425.49
0.0800417 8025.23
0.0862327 7774.87
0.0921407 8085.37
0.0982031 7944.82
0.104506 7908.29
0.110769 7424.29
0.116806 7561.77
0.122832 7364.76
0.129052 7390.07
0.135211 7200.39
0.141259 7042.17
0.147318 6903.41
0.153489 6779.56
0.159709 6581.14
0.165845 6436.28
0.171974 6310.92
0.178125 6368.39
0.184229 6118.16
0.19034 6400.51
0.196428 6026.2
0.202534 6029.05
0.208729 5988.88
0.214876 5794.75
0.220989 5720.6
0.227147 5700.18
0.23329 5669.69
0.239377 5681.99
0.245482 5559.24
0.251667 5465.83
0.257832 5401.15
0.263955 5268.84
0.270079 5285.75
0.27624 5256.99
0.282372 5106.91
0.28843 5090.63
0.294538 5051.36
0.300721 5054.62
0.30691 4982.14
0.313033 4957.19
0.319153 4942.69
0.325316 4866.37
0.33145 4802.43
0.337538 4784.51
0.343633 4769.04
0.349808 4701.11
0.355968 4663.04
0.362074 4648.99
0.368217 4615.55
0.374374 4617.27
0.380519 4582.85
0.386598 4479.75
0.392688 4575.9
0.39888 4436.56
0.405048 4479.02
0.411186 4394.89
0.417313 4364.53
0.423458 4369.06
0.429607 4291.72
0.435692 4323.48
0.441815 4314.09
0.447964 4244.91
0.454126 4232.66
0.460267 4212.54
0.466387 4172.81
0.47254 4171.29
0.478662 4133.47
0.484765 4130.16
0.490885 4108.56
0.497035 4091.94
0.503198 4068.52
0.509342 4017.04
0.515458 4013.4
0.521598 4031.85
0.527764 3968.95
0.533884 3988.16
0.54 3964.27
0.546137 3947.83
0.552299 3929.46
0.558452 3899.18
0.564573 3874.78
0.570708 3884.4
0.576825 3842.11
0.582926 3839.67
0.589034 3791.91
0.595184 3803.08
0.601379 3797.69
0.607522 3794.75
0.613639 3772.99
0.619772 3797.85
0.625918 3746.29
0.632068 3736.7
0.638161 3681.28
0.6443 3689.06
0.650464 3662.61
0.656582 3676.17
0.662703 3665.2
0.668861 3674.77
0.675024 3627.37
0.681124 3613.2
0.687237 3626.87
0.693381 3598.38
0.699536 3595.76
0.705665 3587.53
0.711789 3565.92
0.717957 3547.89
0.72409 3558.77
0.730186 3532.32
0.736317 3550.32
0.742472 3515
0.748622 3493.1
0.75476 3503.15
0.760888 3484.39
0.767043 3481.8
0.773185 3461.99
0.779291 3478.19
0.785407 3435.4
0.791564 3446.63
0.797719 3421.57
0.803834 3428.89
0.809972 3393.74
0.816124 3392.41
0.822261 3397.89
0.828378 3389.86
0.834502 3396.86
0.840667 3381.42
0.846816 3357.48
0.852925 3362.45
0.859047 3343.17
0.865192 3338.68
0.871341 3333.81
0.877463 3341.66
0.883569 3320.53
0.889708 3295.2
0.895864 3296.91
0.902008 3295.58
0.908149 3276.14
0.914301 3269.79
0.920448 3263.83
0.926574 3259.6
0.932687 3245.49
0.938823 3247.89
0.944975 3231.91
0.951105 3227.14
0.957225 3217.08
0.963368 3210.85
0.969511 3198.66
0.975621 3195.74
0.981748 3195.5
0.987916 3189.01
0.99406 3189.75
1.00019 3171.89
1.00632 3182.23
1.01246 3166.35
1.01859 3156.35
1.02471 3143.79
1.03085 3135.72
1.03698 3131.87
1.04314 3118.81
1.04929 3114.33
1.05541 3119.4
1.06154 3094.85
1.06769 3099.78
1.07382 3096.22
1.07993 3094.47
1.08607 3071.42
1.09222 3068.95
1.09836 3075.13
1.10449 3058.87
1.11063 3044.89
1.11677 3051.6
1.1229 3040.78
1.12903 3046.45
1.13518 3028.87
1.14131 3028.12
1.14745 3008.66
1.15359 3015.68
1.15973 2999.61
1.16584 2997.57
1.17197 2995.22
1.17811 2987.49
1.18424 2983.89
1.19038 2974.46
1.19652 2972.43
1.20267 2970.59
1.20881 2955.84
1.21495 2957.78
1.22108 2939.14
1.2272 2936.55
1.23334 2943.91
1.23949 2927.1
1.24562 2929.6
1.25174 2916.04
1.25789 2912.95
1.26402 2899.32
1.27014 2905.84
1.27628 2901.07
1.28244 2887.6
1.28858 2896.89
1.29471 2871.33
1.30084 2862.22
1.30697 2877.52
1.31312 2863.61
1.31925 2863.42
1.32537 2851.74
1.33151 2851.97
1.33765 2846.57
1.34378 2841.25
1.34992 2834.02
1.35606 2822.13
1.3622 2818.91
1.36833 2818.97
1.37445 2817.14
1.38059 2804.02
1.38675 2802.03
1.39288 2800.64
1.39901 2796.26
1.40515 2790.04
1.4113 2778.82
1.41742 2769.82
1.42355 2767.99
1.4297 2765.6
1.43585 2754.62
1.44198 2746.55
1.44809 2751.1
1.45423 2738.62
1.46036 2735.46
1.46649 2728.69
1.47263 2720.15
1.47877 2725.18
1.48491 2711.77
1.49104 2713.38
1.49718 2705.88
1.50333 2699.16
1.50947 2696.52
1.5156 2685.29
1.52172 2682.99
1.52787 2671.79
1.534 2671.77
1.54013 2662.01
1.54627 2664.42
1.55241 2661.14
1.55855 2650.22
1.56467 2646.13
1.5708 2652.22
