#  k  (h/Mpc)          P(k)  (Mpc/h)^3     P_linear(k)   P_NL(k) (Mpc/h)^3
     0.00783031         20314.8         20513.5           20402 
       0.013688         25266.4         25365.8         25170.4 
       0.019231           25527         25635.4         25378.2 
      0.0249154         23377.5         23617.7         23341.1 
      0.0312784         19978.8         20361.8         20072.2 
      0.0375637         16769.1         17287.6         17029.1 
      0.0433917         14799.3         15046.4         14768.3 
      0.0492413           13064         13439.5         13172.6 
      0.0555754         12051.5         12280.2         12034.8 
      0.0619321         10740.7         11423.3         11182.2 
       0.067871         10227.7         10674.3         10455.7 
      0.0738098         9545.12         9842.08         9530.37 
      0.0800417         8489.73         8856.08         8604.23 
      0.0862327         7507.95         7841.33          7739.8 
      0.0921407          6629.1         6940.55         6884.81 
      0.0982031         6040.47         6164.83         6243.98 
       0.104506         5396.44         5561.75         5737.32 
       0.110769         4885.45         5155.89         5263.08 
       0.116806          4752.1         4889.47         4964.46 
       0.122832         4455.65         4677.07         4752.13 
       0.129052         4342.32         4453.97         4522.27 
       0.135211         3986.45         4193.92         4269.83 
       0.141259          3773.5         3896.12         4050.54 
       0.147318         3490.07         3576.26         3807.16 
       0.153489         3229.85          3260.5         3472.32 
       0.159709         2978.55         2982.04         3265.67 
       0.165845         2821.73         2764.14         3130.37 
       0.171974         2722.06         2604.93         2961.41 
       0.178125         2621.94          2488.7         2879.78 
       0.184229         2383.26          2396.6         2743.09 
        0.19034         2293.24         2308.28         2640.78 
       0.196428         2237.76         2211.01            2533 
       0.202534         2083.82         2098.34         2448.32 
       0.208729         2000.81         1971.83          2315.9 
       0.214876         1920.05         1845.05         2253.38 
       0.220989         1866.22         1727.42         2179.44 
       0.227147          1762.8          1625.3         2105.71 
        0.23329         1688.83          1542.2         2040.86 
       0.239377            1625         1476.79         1962.14 
       0.245482         1610.34         1423.17         1881.11 
       0.251667         1494.22         1374.77          1839.5 
       0.257832         1438.92         1326.38         1781.24 
       0.263955         1422.96         1274.55         1732.73 
       0.270079         1325.75         1218.63         1683.96 
        0.27624         1302.88         1160.63         1632.19 
       0.282372         1274.84         1104.16         1604.22 
        0.28843         1211.84         1052.29         1569.55 
       0.294538         1186.86         1005.98         1521.93 
       0.300721         1150.63         965.772         1476.82 
        0.30691         1098.18         931.185         1457.29 
       0.313033         1055.87         900.669         1412.21 
       0.319153         1046.29         871.904         1373.99 
       0.325316         1007.19         843.127         1354.28 
        0.33145         965.442         813.802         1308.65 
       0.337538         957.247         783.968         1289.04 
       0.343633          922.32         754.209         1273.23 
       0.349808         889.528         725.137         1252.72 
       0.355968         882.933         698.007         1228.96 
       0.362074         850.432         673.396         1205.73 
       0.368217         817.525         651.053         1177.75 
       0.374374          804.82         630.664         1155.05 
       0.380519         793.995         611.687         1134.08 
       0.386598         762.724         593.734         1119.14 
       0.392688         750.917         576.093         1099.03 
        0.39888         730.386         558.266         1080.83 
       0.405048         703.794         540.636         1062.65 
       0.411186         691.473         523.443         1045.26 
       0.417313         674.217         506.946         1032.01 
       0.423458         660.818         491.257         1012.47 
       0.429607          646.42         476.511         996.142 
       0.435692         639.746         462.871         974.373 
       0.441815         614.236          450.01         971.353 
       0.447964         603.221         437.712         961.022 
       0.454126         590.185         425.821         934.613 
       0.460267         573.614         414.316         932.964 
       0.466387         567.902         403.106         917.372 
        0.47254          554.75         392.064         904.495 
       0.478662         541.583          381.36         891.387 
       0.484765         531.594         371.082         882.092 
       0.490885          519.35         361.225         865.542 
       0.497035         512.573         351.758         858.122 
       0.503198         502.827         342.709         848.092 
       0.509342         492.121         334.099         833.605 
       0.515458         483.302         325.875         827.949 
       0.521598         474.686         317.898         819.807 
       0.527764         466.472         310.109         812.946 
       0.533884         453.809         302.587         804.268 
           0.54         449.297         295.284         794.874 
       0.546137          441.51         288.166         786.409 
       0.552299         427.132         281.241         775.648 
       0.558452         422.237         274.572         769.557 
       0.564573         414.197         268.183         762.401 
       0.570708         408.879         262.019         752.148 
       0.576825         400.776         256.088         743.076 
       0.582926         394.449         250.362         738.298 
       0.589034         387.025           244.8         728.032 
       0.595184         379.039         239.361         720.603 
       0.601379         373.743         234.048         714.925 
       0.607522         366.944         228.943         704.237 
       0.613639         364.299         224.008         701.679 
       0.619772         355.518         219.199         699.531 
       0.625918         350.528         214.523           690.2 
       0.632068         344.265         209.989         686.291 
       0.638161         337.779          205.63         676.345 
         0.6443         333.826         201.363         670.277 
       0.650464         327.752         197.204         662.339 
       0.656582         322.929         193.195         658.243 
       0.662703         316.889         189.299         653.513 
       0.668861         314.875         185.491         650.291 
       0.675024         308.793         181.786         645.456 
       0.681124         302.869         178.221         636.687 
       0.687237         300.164         174.746         631.235 
       0.693381         293.935         171.349         625.446 
       0.699536         291.004         168.039         621.256 
       0.705665         286.203         164.831         613.993 
       0.711789         281.389         161.707         609.356 
       0.717957         276.688         158.644         608.165 
        0.72409         273.559         155.679         602.232 
       0.730186         268.438          152.81         595.922 
       0.736317          264.98         150.001         592.075 
       0.742472         263.088         147.254         588.343 
       0.748622         259.336         144.576          582.11 
        0.75476         255.035         141.968         582.029 
       0.760888          249.87         139.429           575.8 
       0.767043         248.708         136.944         568.615 
       0.773185         242.739         134.528         565.263 
       0.779291         241.108         132.185         560.659 
       0.785407         237.821         129.892         557.459 
       0.791564         233.419         127.639         555.564 
       0.797719         230.248         125.442         550.541 
       0.803834         227.437         123.312         546.859 
       0.809972         223.581         121.224         543.072 
       0.816124         220.355         119.178         537.397 
       0.822261         217.894         117.186         534.604 
       0.828378         215.796         115.246         530.669 
       0.834502         211.772         113.351         528.875 
       0.840667         209.662         111.487         524.891 
       0.846816         205.531         109.669         520.762 
       0.852925         203.517         107.902         517.784 
       0.859047         200.377          106.17         513.104 
       0.865192         198.082          104.47         510.016 
       0.871341         195.603         102.807         506.384 
       0.877463         192.048         101.188         503.432 
       0.883569         190.094           99.61          501.27 
       0.889708         186.784         98.0585         496.524 
       0.895864         184.901         96.5361         493.723 
       0.902008         183.426         95.0488         490.433 
       0.908149         180.267         93.5935         485.377 
       0.914301          177.32         92.1665         481.772 
       0.920448         175.505         90.7712         480.905 
       0.926574         172.711         89.4101         477.962 
       0.932687          170.97         88.0802         473.294 
       0.938823         169.715         86.7728         471.922 
       0.944975         166.206         85.4889         469.073 
       0.951105         164.764         84.2354         465.903 
       0.957225          161.98          83.009         462.655 
       0.963368         160.131         81.8028         459.815 
       0.969511         158.361         80.6209         456.807 
       0.975621         155.738         79.4694         454.319 
       0.981748         154.012          78.338          451.84 
       0.987916         152.422         77.2216         449.355 
        0.99406         150.225         76.1311         446.431 
        1.00019         148.763         75.0638         442.652 
        1.00632         146.709          74.018         440.061 
        1.01246         145.396         72.9909          437.43 
        1.01859         143.216         71.9852          434.69 
        1.02471         141.938         71.0001         432.302 
        1.03085         139.416         70.0302         430.831 
        1.03698         138.503         69.0805           429.1 
        1.04314         136.622         68.1442         425.571 
        1.04929         134.988          67.227         422.131 
        1.05541         133.559         66.3297         419.711 
        1.06154         131.299         65.4464         417.619 
        1.06769         129.677         64.5783         414.608 
        1.07382           128.6         63.7301         411.904 
        1.07993         126.708         62.9005         410.011 
        1.08607         125.012         62.0832         407.479 
        1.09222         123.814         61.2799         405.191 
        1.09836         122.408         60.4912         403.296 
        1.10449         121.136         59.7167         401.712 
        1.11063         119.773         58.9542         398.537 
        1.11677         117.904         58.2047         396.423 
         1.1229         116.984         57.4691         393.804 
        1.12903         115.624         56.7453          392.03 
        1.13518         114.115         56.0336         388.783 
        1.14131         112.705          55.335         387.644 
        1.14745         111.376         54.6494         384.581 
        1.15359         110.323         53.9759         383.382 
        1.15973         108.816          53.314         381.089 
        1.16584         107.462         52.6667         379.054 
        1.17197         106.396         52.0295         377.377 
        1.17811          105.33         51.4006         374.629 
        1.18424          104.12         50.7833         372.402 
        1.19038         102.504         50.1735          371.22 
        1.19652         101.676         49.5734         368.291 
        1.20267         100.693         48.9833         366.436 
        1.20881         99.2673         48.4039         364.926 
        1.21495         98.6843         47.8363         362.286 
        1.22108         97.6028         47.2789         359.992 
         1.2272         96.6692         46.7319         359.043 
        1.23334         95.0187         46.1919         356.657 
        1.23949         93.9943         45.6581         354.756 
        1.24562         92.9814         45.1334         352.657 
        1.25174         92.2966         44.6172         351.084 
        1.25789         91.0779         44.1075         348.822 
        1.26402         90.4212         43.6069         347.609 
        1.27014         89.1388         43.1155         345.363 
        1.27628          88.179         42.6304         344.248 
        1.28244         87.3206         42.1518         342.606 
        1.28858         86.0026         41.6809         340.478 
        1.29471         85.4695         41.2183         337.991 
        1.30084          84.619         40.7632         335.917 
        1.30697         83.7517         40.3146         334.856 
        1.31312         82.8438         39.8726         333.135 
        1.31925         82.0361          39.439         331.159 
        1.32537         81.2445         39.0126          329.19 
        1.33151         79.8465         38.5911         327.926 
        1.33765         79.4511         38.1759         326.362 
        1.34378         78.4501         37.7675         324.073 
        1.34992          77.666         37.3645         322.575 
        1.35606         77.0098         36.9663         320.656 
         1.3622         76.4501         36.5745         319.517 
        1.36833         75.4921         36.1891         318.305 
        1.37445         74.6086         35.8094         315.793 
        1.38059          73.849          35.434         314.721 
        1.38675         73.1837         35.0633         313.396 
        1.39288         72.2013         34.6997         311.251 
        1.39901         71.4977         34.3416         309.548 
        1.40515         70.9218          33.988         308.017 
         1.4113         70.0686         33.6394         306.267 
        1.41742         69.5473         33.2967          304.59 
        1.42355          68.918         32.9578         303.438 
         1.4297          68.128         32.6223         301.328 
        1.43585         67.6523         32.2915         300.584 
        1.44198         66.4695         31.9668         298.765 
        1.44809         66.1907         31.6477         297.196 
        1.45423         65.6393         31.3323         295.329 
        1.46036         64.7743         31.0223         294.105 
        1.46649         64.0754         30.7165         292.844 
        1.47263         63.5131         30.4145         291.054 
        1.47877         63.1053         30.1163         289.253 
        1.48491         62.4699         29.8212         287.663 
        1.49104         61.5555         29.5304         286.676 
        1.49718         61.1405          29.243         285.836 
        1.50333         60.5012         28.9588         283.551 
        1.50947          60.031         28.6791         282.096 
         1.5156          59.477         28.4036         281.309 
        1.52172         58.8794          28.132         279.836 
        1.52787         58.3766         27.8635         278.436 
          1.534         57.7734         27.5991         276.889 
        1.54013         57.1352         27.3387         275.619 
        1.54627         56.5287         27.0814         274.639 
        1.55241         56.1391         26.8275         273.375 
        1.55855         55.8417         26.5771         271.725 
        1.56467         55.2949         26.3303         270.203 
         1.5708         54.6878         26.0858         268.894 
