0.00783031 20314.8
0.013688 25266.4
0.019231 25527
0.0249154 23377.5
0.0312784 19978.8
0.0375637 16769.1
0.0433917 14799.3
0.0492413 13064
0.0555754 12051.5
0.0619321 10740.7
0.067871 10227.7
0.0738098 9545.12
0.0800417 8489.73
0.0862327 7507.95
0.0921407 6629.1
0.0982031 6040.47
0.104506 5396.44
0.110769 4885.45
0.116806 4752.1
0.122832 4455.65
0.129052 4342.32
0.135211 3986.45
0.141259 3773.5
0.147318 3490.07
0.153489 3229.85
0.159709 2978.55
0.165845 2821.73
0.171974 2722.06
0.178125 2621.94
0.184229 2383.26
0.19034 2293.24
0.196428 2237.76
0.202534 2083.82
0.208729 2000.81
0.214876 1920.05
0.220989 1866.22
0.227147 1762.8
0.23329 1688.83
0.239377 1625
0.245482 1610.34
0.251667 1494.22
0.257832 1438.92
0.263955 1422.96
0.270079 1325.75
0.27624 1302.88
0.282372 1274.84
0.28843 1211.84
0.294538 1186.86
0.300721 1150.63
0.30691 1098.18
0.313033 1055.87
0.319153 1046.29
0.325316 1007.19
0.33145 965.442
0.337538 957.247
0.343633 922.32
0.349808 889.528
0.355968 882.933
0.362074 850.432
0.368217 817.525
0.374374 804.82
0.380519 793.995
0.386598 762.724
0.392688 750.917
0.39888 730.386
0.405048 703.794
0.411186 691.473
0.417313 674.217
0.423458 660.818
0.429607 646.42
0.435692 639.746
0.441815 614.236
0.447964 603.221
0.454126 590.185
0.460267 573.614
0.466387 567.902
0.47254 554.75
0.478662 541.583
0.484765 531.594
0.490885 519.35
0.497035 512.573
0.503198 502.827
0.509342 492.121
0.515458 483.302
0.521598 474.686
0.527764 466.472
0.533884 453.809
0.54 449.297
0.546137 441.51
0.552299 427.132
0.558452 422.237
0.564573 414.197
0.570708 408.879
0.576825 400.776
0.582926 394.449
0.589034 387.025
0.595184 379.039
0.601379 373.743
0.607522 366.944
0.613639 364.299
0.619772 355.518
0.625918 350.528
0.632068 344.265
0.638161 337.779
0.6443 333.826
0.650464 327.752
0.656582 322.929
0.662703 316.889
0.668861 314.875
0.675024 308.793
0.681124 302.869
0.687237 300.164
0.693381 293.935
0.699536 291.004
0.705665 286.203
0.711789 281.389
0.717957 276.688
0.72409 273.559
0.730186 268.438
0.736317 264.98
0.742472 263.088
0.748622 259.336
0.75476 255.035
0.760888 249.87
0.767043 248.708
0.773185 242.739
0.779291 241.108
0.785407 237.821
0.791564 233.419
0.797719 230.248
0.803834 227.437
0.809972 223.581
0.816124 220.355
0.822261 217.894
0.828378 215.796
0.834502 211.772
0.840667 209.662
0.846816 205.531
0.852925 203.517
0.859047 200.377
0.865192 198.082
0.871341 195.603
0.877463 192.048
0.883569 190.094
0.889708 186.784
0.895864 184.901
0.902008 183.426
0.908149 180.267
0.914301 177.32
0.920448 175.505
0.926574 172.711
0.932687 170.97
0.938823 169.715
0.944975 166.206
0.951105 164.764
0.957225 161.98
0.963368 160.131
0.969511 158.361
0.975621 155.738
0.981748 154.012
0.987916 152.422
0.99406 150.225
1.00019 148.763
1.00632 146.709
1.01246 145.396
1.01859 143.216
1.02471 141.938
1.03085 139.416
1.03698 138.503
1.04314 136.622
1.04929 134.988
1.05541 133.559
1.06154 131.299
1.06769 129.677
1.07382 128.6
1.07993 126.708
1.08607 125.012
1.09222 123.814
1.09836 122.408
1.10449 121.136
1.11063 119.773
1.11677 117.904
1.1229 116.984
1.12903 115.624
1.13518 114.115
1.14131 112.705
1.14745 111.376
1.15359 110.323
1.15973 108.816
1.16584 107.462
1.17197 106.396
1.17811 105.33
1.18424 104.12
1.19038 102.504
1.19652 101.676
1.20267 100.693
1.20881 99.2673
1.21495 98.6843
1.22108 97.6028
1.2272 96.6692
1.23334 95.0187
1.23949 93.9943
1.24562 92.9814
1.25174 92.2966
1.25789 91.0779
1.26402 90.4212
1.27014 89.1388
1.27628 88.179
1.28244 87.3206
1.28858 86.0026
1.29471 85.4695
1.30084 84.619
1.30697 83.7517
1.31312 82.8438
1.31925 82.0361
1.32537 81.2445
1.33151 79.8465
1.33765 79.4511
1.34378 78.4501
1.34992 77.666
1.35606 77.0098
1.3622 76.4501
1.36833 75.4921
1.37445 74.6086
1.38059 73.849
1.38675 73.1837
1.39288 72.2013
1.39901 71.4977
1.40515 70.9218
1.4113 70.0686
1.41742 69.5473
1.42355 68.918
1.4297 68.128
1.43585 67.6523
1.44198 66.4695
1.44809 66.1907
1.45423 65.6393
1.46036 64.7743
1.46649 64.0754
1.47263 63.5131
1.47877 63.1053
1.48491 62.4699
1.49104 61.5555
1.49718 61.1405
1.50333 60.5012
1.50947 60.031
1.5156 59.477
1.52172 58.8794
1.52787 58.3766
1.534 57.7734
1.54013 57.1352
1.54627 56.5287
1.55241 56.1391
1.55855 55.8417
1.56467 55.2949
1.5708 54.6878
