0.00783031 -17.1972
0.013688 2.55103
0.019231 -0.565594
0.0249154 8.49502
0.0312784 8.74511
0.0375637 0.162172
0.0433917 1.46705
0.0492413 0.702016
0.0555754 7.55735
0.0619321 3.28581
0.067871 7.33848
0.0738098 7.0703
0.0800417 4.5484
0.0862327 10.072
0.0921407 10.4175
0.0982031 11.4516
0.104506 13.8143
0.110769 15.4611
0.116806 16.4486
0.122832 15.3012
0.129052 16.7979
0.135211 19.5378
0.141259 21.3856
0.147318 20.7873
0.153489 21.4288
0.159709 23.4291
0.165845 24.016
0.171974 25.1025
0.178125 24.773
0.184229 26.2913
0.19034 27.1609
0.196428 26.1366
0.202534 28.4128
0.208729 30.2166
0.214876 30.9569
0.220989 31.4163
0.227147 31.6103
0.23329 32.1707
0.239377 35.1018
0.245482 34.1502
0.251667 35.3017
0.257832 35.9237
0.263955 36.7814
0.270079 38.7734
0.27624 38.1563
0.282372 39.6051
0.28843 39.4763
0.294538 40.4196
0.300721 39.7134
0.30691 40.2587
0.313033 42.4395
0.319153 43.6457
0.325316 43.0954
0.33145 43.587
0.337538 44.7332
0.343633 44.642
0.349808 45.2966
0.355968 45.6045
0.362074 47.3234
0.368217 46.8561
0.374374 46.8962
0.380519 46.6141
0.386598 48.2106
0.392688 48.9034
0.39888 49.6378
0.405048 50.0154
0.411186 49.2835
0.417313 50.3547
0.423458 50.4647
0.429607 51.3195
0.435692 51.8779
0.441815 51.6476
0.447964 52.0332
0.454126 52.026
0.460267 52.8035
0.466387 52.9849
0.47254 53.1328
0.478662 54.349
0.484765 53.6719
0.490885 54.3354
0.497035 54.7261
0.503198 53.945
0.509342 54.7835
0.515458 55.0083
0.521598 55.8984
0.527764 55.0801
0.533884 56.2674
0.54 56.6022
0.546137 55.8604
0.552299 56.4622
0.558452 56.1693
0.564573 56.5311
0.570708 57.4493
0.576825 56.7608
0.582926 56.9268
0.589034 57.0281
0.595184 57.4406
0.601379 57.986
0.607522 57.2073
0.613639 57.2865
0.619772 57.7798
0.625918 58.479
0.632068 58.2428
0.638161 58.3194
0.6443 57.9637
0.650464 58.2031
0.656582 58.8574
0.662703 57.9498
0.668861 58.2619
0.675024 58.8794
0.681124 57.9184
0.687237 57.9882
0.693381 57.5799
0.699536 58.1804
0.705665 58.2834
0.711789 58.8538
0.717957 58.3324
0.72409 58.6718
0.730186 57.8859
0.736317 57.8683
0.742472 57.0051
0.748622 57.8015
0.75476 57.3578
0.760888 57.5423
0.767043 57.6768
0.773185 57.641
0.779291 57.2851
0.785407 56.8118
0.791564 57.3607
0.797719 57.2977
0.803834 56.259
0.809972 56.2411
0.816124 56.1125
0.822261 56.1438
0.828378 56.0054
0.834502 55.6777
0.840667 55.2641
0.846816 55.0083
0.852925 55.5314
0.859047 55.4714
0.865192 54.7638
0.871341 54.6768
0.877463 54.1962
0.883569 54.1805
0.889708 53.8844
0.895864 53.6278
0.902008 53.2932
0.908149 53.57
0.914301 52.9693
0.920448 52.7515
0.926574 52.5093
0.932687 52.0177
0.938823 52.1128
0.944975 51.9465
0.951105 51.6327
0.957225 51.3455
0.963368 50.356
0.969511 50.8165
0.975621 50.8025
0.981748 50.1147
0.987916 50.1434
0.99406 49.5745
1.00019 49.4069
1.00632 49.2472
1.01246 48.62
1.01859 48.4355
1.02471 47.9314
1.03085 48.0723
1.03698 47.2795
1.04314 47.6876
1.04929 47.0327
1.05541 46.7054
1.06154 46.8054
1.06769 46.3521
1.07382 46.3312
1.07993 46.4884
1.08607 45.5847
1.09222 45.0469
1.09836 44.9175
1.10449 44.7158
1.11063 44.2362
1.11677 44.3275
1.1229 43.8649
1.12903 43.6276
1.13518 43.2405
1.14131 42.8761
1.14745 42.6933
1.15359 42.6999
1.15973 42.0792
1.16584 42.0741
1.17197 41.8912
1.17811 41.593
1.18424 41.2084
1.19038 40.5837
1.19652 40.5483
1.20267 40.4706
1.20881 40.4523
1.21495 40.0541
1.22108 39.1624
1.2272 39.2181
1.23334 38.9182
1.23949 38.8708
1.24562 38.4178
1.25174 38.3069
1.25789 37.9773
1.26402 37.7803
1.27014 37.2812
1.27628 37.2633
1.28244 37.0019
1.28858 36.9131
1.29471 36.4989
1.30084 36.3643
1.30697 36.1157
1.31312 35.7058
1.31925 35.7374
1.32537 35.6625
1.33151 35.526
1.33765 34.9077
1.34378 34.591
1.34992 34.3459
1.35606 34.1636
1.3622 33.9848
1.36833 33.9319
1.37445 33.8881
1.38059 33.4373
1.38675 33.1483
1.39288 32.9444
1.39901 32.6209
1.40515 32.3537
1.4113 32.563
1.41742 32.0735
1.42355 31.8879
1.4297 31.5216
1.43585 31.3155
1.44198 31.1662
1.44809 31.1362
1.45423 31.1839
1.46036 30.6242
1.46649 30.7725
1.47263 30.2371
1.47877 30.0322
1.48491 29.945
1.49104 29.7953
1.49718 29.5677
1.50333 29.4385
1.50947 29.2389
1.5156 28.9051
1.52172 29.0707
1.52787 28.704
1.534 28.8934
1.54013 28.676
1.54627 28.3563
1.55241 28.1407
1.55855 27.9965
1.56467 27.7675
1.5708 27.6292
