0.00783031 3.11329
0.013688 2.05724
0.019231 0.752079
0.0249154 0.992698
0.0312784 1.39856
0.0375637 1.08038
0.0433917 1.81205
0.0492413 4.26214
0.0555754 3.59642
0.0619321 4.76872
0.067871 7.3813
0.0738098 5.07328
0.0800417 7.20777
0.0862327 7.5641
0.0921407 9.93681
0.0982031 11.268
0.104506 13.8545
0.110769 14.7613
0.116806 16.2534
0.122832 16.3584
0.129052 17.3574
0.135211 17.9981
0.141259 18.9139
0.147318 19.2507
0.153489 21.9437
0.159709 21.6581
0.165845 22.5189
0.171974 23.3627
0.178125 25.8659
0.184229 25.9722
0.19034 26.7478
0.196428 27.1509
0.202534 27.5405
0.208729 29.7826
0.214876 28.6798
0.220989 30.6699
0.227147 30.7921
0.23329 30.9633
0.239377 30.4268
0.245482 32.493
0.251667 32.8264
0.257832 33.5738
0.263955 33.2806
0.270079 35.886
0.27624 34.7999
0.282372 34.6162
0.28843 35.7097
0.294538 35.6686
0.300721 35.8041
0.30691 36.3377
0.313033 36.8814
0.319153 35.9355
0.325316 36.343
0.33145 36.484
0.337538 37.3406
0.343633 36.2173
0.349808 37.8821
0.355968 36.9344
0.362074 36.8209
0.368217 36.04
0.374374 37.8212
0.380519 36.5578
0.386598 37.7026
0.392688 36.0597
0.39888 36.6627
0.405048 35.6788
0.411186 35.3588
0.417313 34.9123
0.423458 35.2045
0.429607 34.5079
0.435692 34.4472
0.441815 33.5999
0.447964 34.2231
0.454126 34.2574
0.460267 33.4436
0.466387 33.1571
0.47254 32.0198
0.478662 32.8483
0.484765 31.3351
0.490885 31.0297
0.497035 30.6373
0.503198 30.9142
0.509342 30.2754
0.515458 29.6392
0.521598 28.4718
0.527764 28.0896
0.533884 28.3726
0.54 27.1324
0.546137 26.3826
0.552299 26.542
0.558452 26.7837
0.564573 26.1966
0.570708 25.1339
0.576825 24.753
0.582926 24.2207
0.589034 23.3023
0.595184 23.4629
0.601379 23.0052
0.607522 22.9761
0.613639 22.0359
0.619772 22.1195
0.625918 20.8194
0.632068 21.1652
0.638161 20.9536
0.6443 20.2918
0.650464 19.5119
0.656582 19.468
0.662703 19.8119
0.668861 18.5068
0.675024 18.1043
0.681124 18.2331
0.687237 18.0694
0.693381 17.356
0.699536 17.0869
0.705665 17.3677
0.711789 16.763
0.717957 16.51
0.72409 16.1899
0.730186 15.8491
0.736317 16.1316
0.742472 15.9949
0.748622 15.7869
0.75476 15.3204
0.760888 15.1937
0.767043 14.8518
0.773185 14.9879
0.779291 15.1066
0.785407 14.7558
0.791564 14.9713
0.797719 14.4583
0.803834 14.356
0.809972 14.4265
0.816124 13.9471
0.822261 13.9088
0.828378 14.0201
0.834502 14.1446
0.840667 13.6515
0.846816 13.8144
0.852925 13.7642
0.859047 13.8209
0.865192 13.8676
0.871341 13.3399
0.877463 13.4464
0.883569 13.4061
0.889708 13.5905
0.895864 13.2826
0.902008 13.2801
0.908149 13.4422
0.914301 13.3944
0.920448 13.3366
0.926574 13.3263
0.932687 13.3691
0.938823 13.2954
0.944975 13.2217
0.951105 13.1353
0.957225 13.0166
0.963368 13.0807
0.969511 13.077
0.975621 13.2186
0.981748 13.0271
0.987916 13.0536
0.99406 13.0271
1.00019 13.2386
1.00632 13.2563
1.01246 13.069
1.01859 12.7151
1.02471 13.1942
1.03085 13.0964
1.03698 12.9115
1.04314 13.0564
1.04929 12.6976
1.05541 13.0578
1.06154 13.0528
1.06769 12.8696
1.07382 12.8373
1.07993 13.1995
1.08607 13.1447
1.09222 13.0164
1.09836 13.0709
1.10449 12.709
1.11063 12.9972
1.11677 12.8661
1.1229 12.5811
1.12903 12.7969
1.13518 12.869
1.14131 12.6727
1.14745 12.7582
1.15359 13.0406
1.15973 12.9311
1.16584 12.7313
1.17197 12.7786
1.17811 12.6486
1.18424 12.8422
1.19038 12.6887
1.19652 12.985
1.20267 12.5015
1.20881 12.6225
1.21495 12.5699
1.22108 12.4691
1.2272 13.1155
1.23334 12.8668
1.23949 12.4075
1.24562 12.7461
1.25174 12.4366
1.25789 12.2972
1.26402 12.3359
1.27014 12.3809
1.27628 12.4589
1.28244 12.4732
1.28858 12.2965
1.29471 12.264
1.30084 12.3389
1.30697 12.1083
1.31312 12.0405
1.31925 12.2537
1.32537 12.2627
1.33151 12.0931
1.33765 12.1471
1.34378 12.1412
1.34992 11.9709
1.35606 11.8152
1.3622 12.213
1.36833 11.9873
1.37445 11.917
1.38059 12.0112
1.38675 11.9322
1.39288 11.8228
1.39901 11.9334
1.40515 11.92
1.4113 11.9343
1.41742 11.8694
1.42355 11.6051
1.4297 11.7766
1.43585 11.6949
1.44198 11.7012
1.44809 11.8064
1.45423 11.5263
1.46036 11.7816
1.46649 11.7271
1.47263 11.2655
1.47877 11.6246
1.48491 11.572
1.49104 11.5039
1.49718 11.4858
1.50333 11.3565
1.50947 11.1779
1.5156 11.3346
1.52172 11.2866
1.52787 10.9093
1.534 11.1436
1.54013 11.2282
1.54627 11.2521
1.55241 11.1712
1.55855 10.9423
1.56467 11.0635
1.5708 10.8857
