0.00783031 -250.026
0.013688 688.074
0.019231 -1875.95
0.0249154 709.707
0.0312784 -573.67
0.0375637 -482.155
0.0433917 -617.535
0.0492413 342.201
0.0555754 2.38981
0.0619321 58.591
0.067871 -102.149
0.0738098 -91.5713
0.0800417 -165.136
0.0862327 -327.246
0.0921407 -158.393
0.0982031 -148.145
0.104506 -169.478
0.110769 -280.839
0.116806 -142.664
0.122832 -184.581
0.129052 -188.143
0.135211 -214.09
0.141259 -187.624
0.147318 -221.947
0.153489 -193.777
0.159709 -174.174
0.165845 -262.01
0.171974 -213.645
0.178125 -252.136
0.184229 -215.152
0.19034 -222.039
0.196428 -202.609
0.202534 -253.506
0.208729 -202.52
0.214876 -212.374
0.220989 -182.518
0.227147 -235.763
0.23329 -228.809
0.239377 -214.727
0.245482 -190.056
0.251667 -209.168
0.257832 -221.248
0.263955 -214.204
0.270079 -206.147
0.27624 -212.902
0.282372 -201.575
0.28843 -198.54
0.294538 -202.65
0.300721 -200
0.30691 -200.848
0.313033 -192.9
0.319153 -205.649
0.325316 -191.954
0.33145 -199.554
0.337538 -192.423
0.343633 -195.659
0.349808 -183.217
0.355968 -188.097
0.362074 -190.306
0.368217 -179.688
0.374374 -187.318
0.380519 -182.939
0.386598 -182.317
0.392688 -196.986
0.39888 -184.693
0.405048 -188.257
0.411186 -184.045
0.417313 -188.124
0.423458 -179.416
0.429607 -177.384
0.435692 -183.688
0.441815 -176.402
0.447964 -174.031
0.454126 -173.904
0.460267 -174.715
0.466387 -175.215
0.47254 -173.058
0.478662 -170.966
0.484765 -166.489
0.490885 -174.15
0.497035 -167.953
0.503198 -170.953
0.509342 -170.047
0.515458 -162.723
0.521598 -163.687
0.527764 -162.546
0.533884 -163.714
0.54 -166.825
0.546137 -163.474
0.552299 -165.535
0.558452 -163.434
0.564573 -157.296
0.570708 -161.873
0.576825 -159.365
0.582926 -160.056
0.589034 -156.893
0.595184 -158.294
0.601379 -156.686
0.607522 -156.004
0.613639 -158.329
0.619772 -157.99
0.625918 -152.453
0.632068 -152.881
0.638161 -152.492
0.6443 -151.397
0.650464 -155.147
0.656582 -151.41
0.662703 -151.976
0.668861 -150.688
0.675024 -150.016
0.681124 -145.849
0.687237 -147.216
0.693381 -150.507
0.699536 -144.318
0.705665 -146.781
0.711789 -145.365
0.717957 -144.356
0.72409 -144.75
0.730186 -144.159
0.736317 -142.46
0.742472 -141.982
0.748622 -142.791
0.75476 -142.559
0.760888 -141.189
0.767043 -139.425
0.773185 -137.631
0.779291 -138.677
0.785407 -137.767
0.791564 -139.272
0.797719 -138.45
0.803834 -134.624
0.809972 -136.189
0.816124 -138.159
0.822261 -137.769
0.828378 -133.736
0.834502 -132.396
0.840667 -135.544
0.846816 -133.374
0.852925 -131.097
0.859047 -132.283
0.865192 -131.64
0.871341 -130.834
0.877463 -133.164
0.883569 -130.29
0.889708 -128.7
0.895864 -129.042
0.902008 -129.012
0.908149 -128.358
0.914301 -127.781
0.920448 -127.463
0.926574 -126.544
0.932687 -126.954
0.938823 -125.254
0.944975 -125.532
0.951105 -124.831
0.957225 -123.898
0.963368 -124.636
0.969511 -122.915
0.975621 -121.831
0.981748 -121.382
0.987916 -120.936
0.99406 -121.842
1.00019 -121.007
1.00632 -120.276
1.01246 -119.757
1.01859 -118.936
1.02471 -118.542
1.03085 -117.046
1.03698 -118.128
1.04314 -118.683
1.04929 -116.271
1.05541 -116.794
1.06154 -115.659
1.06769 -114.802
1.07382 -115.239
1.07993 -113.214
1.08607 -113.845
1.09222 -114.183
1.09836 -111.699
1.10449 -111.886
1.11063 -110.951
1.11677 -110.465
1.1229 -110.695
1.12903 -108.474
1.13518 -109.218
1.14131 -108.47
1.14745 -108.131
1.15359 -107.567
1.15973 -107.809
1.16584 -106.89
1.17197 -105.857
1.17811 -106.125
1.18424 -106.163
1.19038 -105.308
1.19652 -104.987
1.20267 -103.842
1.20881 -103.231
1.21495 -103.259
1.22108 -103.004
1.2272 -102.887
1.23334 -102.203
1.23949 -101.473
1.24562 -100.848
1.25174 -100.074
1.25789 -100.915
1.26402 -98.3728
1.27014 -98.5782
1.27628 -98.8744
1.28244 -97.6503
1.28858 -97.5199
1.29471 -96.961
1.30084 -96.8003
1.30697 -96.7223
1.31312 -95.8183
1.31925 -95.5905
1.32537 -94.9229
1.33151 -94.1547
1.33765 -93.8711
1.34378 -93.9139
1.34992 -92.7924
1.35606 -92.3706
1.3622 -91.5165
1.36833 -91.8089
1.37445 -91.8
1.38059 -90.8335
1.38675 -90.0714
1.39288 -89.7876
1.39901 -89.7797
1.40515 -89.653
1.4113 -88.5129
1.41742 -88.2107
1.42355 -88.8893
1.4297 -87.4406
1.43585 -87.0903
1.44198 -86.7878
1.44809 -86.4705
1.45423 -85.2863
1.46036 -84.7607
1.46649 -84.9109
1.47263 -84.6692
1.47877 -84.2518
1.48491 -83.8255
1.49104 -83.0429
1.49718 -82.4902
1.50333 -81.9575
1.50947 -82.2245
1.5156 -81.7724
1.52172 -81.4125
1.52787 -80.8619
1.534 -80.4528
1.54013 -80.1545
1.54627 -80.0344
1.55241 -79.5745
1.55855 -79.014
1.56467 -78.6822
1.5708 -78.4279
