0.00783031 4031.07
0.013688 6476.15
0.019231 5876.49
0.0249154 4625.39
0.0312784 4975.78
0.0375637 5374.22
0.0433917 4237.78
0.0492413 5116.63
0.0555754 4471.42
0.0619321 4105.59
0.067871 3534.34
0.0738098 3466.04
0.0800417 3206.13
0.0862327 3142.93
0.0921407 3204.15
0.0982031 2760.69
0.104506 2661.83
0.110769 2546.86
0.116806 2356.43
0.122832 2132.29
0.129052 2068.66
0.135211 2030.09
0.141259 1943.43
0.147318 1791.56
0.153489 1826.76
0.159709 1739.99
0.165845 1646.55
0.171974 1542.42
0.178125 1502.41
0.184229 1473.76
0.19034 1447.38
0.196428 1367.62
0.202534 1290.2
0.208729 1286.62
0.214876 1212.55
0.220989 1206
0.227147 1164.21
0.23329 1130.46
0.239377 1065.71
0.245482 1033.69
0.251667 1035.87
0.257832 1027.66
0.263955 970.34
0.270079 936.188
0.27624 901.186
0.282372 899.01
0.28843 835.095
0.294538 805.015
0.300721 796.77
0.30691 767.75
0.313033 758.263
0.319153 753.172
0.325316 730.936
0.33145 685.097
0.337538 670.201
0.343633 646.758
0.349808 655.999
0.355968 634.612
0.362074 617.81
0.368217 611.936
0.374374 588.664
0.380519 568.835
0.386598 551.542
0.392688 552.797
0.39888 548.987
0.405048 535.26
0.411186 526.562
0.417313 501.798
0.423458 491.013
0.429607 480.934
0.435692 480.387
0.441815 466.54
0.447964 457.5
0.454126 444.469
0.460267 441.623
0.466387 429.203
0.47254 419.104
0.478662 412.96
0.484765 409.068
0.490885 397.402
0.497035 393.809
0.503198 381.479
0.509342 378.438
0.515458 365.446
0.521598 365.466
0.527764 351.265
0.533884 343.332
0.54 346.163
0.546137 328.244
0.552299 334.425
0.558452 322.916
0.564573 311.432
0.570708 309.496
0.576825 308.859
0.582926 294.182
0.589034 286.049
0.595184 287.017
0.601379 280.244
0.607522 279.373
0.613639 274.081
0.619772 267.299
0.625918 265.254
0.632068 260.025
0.638161 251.742
0.6443 254.098
0.650464 247.723
0.656582 237.17
0.662703 236.417
0.668861 228.409
0.675024 229.823
0.681124 225.083
0.687237 221.832
0.693381 215.479
0.699536 209.97
0.705665 204.219
0.711789 209.21
0.717957 202.573
0.72409 198.381
0.730186 192.484
0.736317 191.923
0.742472 185.467
0.748622 184.65
0.75476 180.186
0.760888 180.142
0.767043 174.287
0.773185 172.941
0.779291 169.783
0.785407 168.739
0.791564 162.915
0.797719 158.687
0.803834 158.247
0.809972 156.202
0.816124 151.466
0.822261 146.834
0.828378 144.763
0.834502 146.714
0.840667 143.408
0.846816 138.618
0.852925 138.948
0.859047 129.9
0.865192 133.726
0.871341 131.936
0.877463 126.581
0.883569 125.821
0.889708 122.947
0.895864 119.3
0.902008 114.06
0.908149 117.159
0.914301 111.318
0.920448 110.213
0.926574 108.469
0.932687 106.464
0.938823 103.325
0.944975 102.596
0.951105 100.603
0.957225 95.9325
0.963368 95.7827
0.969511 93.1094
0.975621 93.3465
0.981748 89.0229
0.987916 88.6341
0.99406 87.6186
1.00019 84.3857
1.00632 83.7056
1.01246 82.6988
1.01859 79.9707
1.02471 77.8581
1.03085 74.659
1.03698 75.4502
1.04314 74.1355
1.04929 71.428
1.05541 70.2783
1.06154 68.5124
1.06769 67.3283
1.07382 67.2513
1.07993 62.3864
1.08607 62.9588
1.09222 60.9567
1.09836 60.2912
1.10449 58.6559
1.11063 57.6515
1.11677 55.2418
1.1229 52.104
1.12903 53.2588
1.13518 50.813
1.14131 51.4807
1.14745 49.3918
1.15359 47.0456
1.15973 46.1049
1.16584 42.6477
1.17197 43.6189
1.17811 43.7513
1.18424 40.0045
1.19038 42.2637
1.19652 40.0172
1.20267 39.5449
1.20881 34.5102
1.21495 32.8802
1.22108 33.7854
1.2272 33.8742
1.23334 33.1518
1.23949 31.6177
1.24562 29.9053
1.25174 29.4044
1.25789 27.6238
1.26402 27.329
1.27014 26.7911
1.27628 23.5107
1.28244 24.6495
1.28858 24.291
1.29471 20.9325
1.30084 21.5046
1.30697 19.9111
1.31312 19.1776
1.31925 18.7364
1.32537 18.288
1.33151 17.0828
1.33765 16.9007
1.34378 17.6196
1.34992 13.6334
1.35606 14.6912
1.3622 13.5795
1.36833 14.6006
1.37445 12.9859
1.38059 10.8901
1.38675 11.0765
1.39288 9.59272
1.39901 8.86683
1.40515 9.31717
1.4113 8.83643
1.41742 7.33489
1.42355 5.99107
1.4297 4.37686
1.43585 6.23336
1.44198 4.21863
1.44809 4.04303
1.45423 3.9379
1.46036 1.80245
1.46649 1.62906
1.47263 0.514525
1.47877 -0.125006
1.48491 -1.42675
1.49104 -1.85558
1.49718 -1.38558
1.50333 -2.20287
1.50947 -3.62238
1.5156 -2.25861
1.52172 -4.0695
1.52787 -4.51664
1.534 -4.34175
1.54013 -4.35276
1.54627 -6.27116
1.55241 -7.16142
1.55855 -6.99496
1.56467 -8.04414
1.5708 -9.42819
