0.00783031 8401.59
0.013688 4711.58
0.019231 6201.2
0.0249154 4907.54
0.0312784 4703.45
0.0375637 5376.06
0.0433917 5074.4
0.0492413 4805.68
0.0555754 4305.94
0.0619321 4151.1
0.067871 3614.51
0.0738098 3494.81
0.0800417 3187.63
0.0862327 2981.54
0.0921407 2901.25
0.0982031 2803.69
0.104506 2649.73
0.110769 2514.16
0.116806 2299.83
0.122832 2158.27
0.129052 2079.58
0.135211 2023.65
0.141259 1924.99
0.147318 1838.94
0.153489 1770.97
0.159709 1694.72
0.165845 1612.68
0.171974 1542.28
0.178125 1441.28
0.184229 1462.34
0.19034 1333.59
0.196428 1313.87
0.202534 1250.24
0.208729 1195.25
0.214876 1133.68
0.220989 1106.37
0.227147 1065.54
0.23329 1072.48
0.239377 995.535
0.245482 970.867
0.251667 929.636
0.257832 903.103
0.263955 886.913
0.270079 813.971
0.27624 808.787
0.282372 796.051
0.28843 769.963
0.294538 740.108
0.300721 725.058
0.30691 693.687
0.313033 671.307
0.319153 666.713
0.325316 629.115
0.33145 598.826
0.337538 582.063
0.343633 577.831
0.349808 549.371
0.355968 533.163
0.362074 519.295
0.368217 509.534
0.374374 487.35
0.380519 469.711
0.386598 454.088
0.392688 446.527
0.39888 424.696
0.405048 404.915
0.411186 399.297
0.417313 388.632
0.423458 378.209
0.429607 358.944
0.435692 350.091
0.441815 340.326
0.447964 328.539
0.454126 321.268
0.460267 311.51
0.466387 303.306
0.47254 290.934
0.478662 283.677
0.484765 269.386
0.490885 262.905
0.497035 247.277
0.503198 242.105
0.509342 235.064
0.515458 233.818
0.521598 219.771
0.527764 205.815
0.533884 207.717
0.54 194.329
0.546137 190.353
0.552299 182.99
0.558452 176.438
0.564573 166.275
0.570708 161.111
0.576825 158.17
0.582926 151.709
0.589034 143.795
0.595184 131.163
0.601379 127.891
0.607522 127.53
0.613639 124.947
0.619772 118.847
0.625918 105.543
0.632068 107.576
0.638161 105.561
0.6443 95.0068
0.650464 93.3492
0.656582 86.7111
0.662703 80.957
0.668861 82.9925
0.675024 76.3332
0.681124 69.0228
0.687237 63.9329
0.693381 60.6103
0.699536 56.1106
0.705665 52.609
0.711789 50.8432
0.717957 48.8748
0.72409 43.5175
0.730186 38.7705
0.736317 36.0749
0.742472 33.955
0.748622 30.8588
0.75476 27.2598
0.760888 21.4224
0.767043 20.9964
0.773185 22.7437
0.779291 16.7221
0.785407 12.5031
0.791564 10.5948
0.797719 5.89554
0.803834 1.91225
0.809972 4.17668
0.816124 -3.3352
0.822261 -7.07154
0.828378 -7.34364
0.834502 -9.97324
0.840667 -11.2492
0.846816 -11.4179
0.852925 -13.6945
0.859047 -19.0989
0.865192 -19.1352
0.871341 -20.397
0.877463 -23.8562
0.883569 -23.9879
0.889708 -28.0535
0.895864 -28.3407
0.902008 -28.9495
0.908149 -31.2362
0.914301 -33.9576
0.920448 -33.2645
0.926574 -37.9736
0.932687 -39.618
0.938823 -41.902
0.944975 -42.8542
0.951105 -44.5857
0.957225 -45.7903
0.963368 -46.7897
0.969511 -46.5175
0.975621 -49.5238
0.981748 -49.0552
0.987916 -50.1257
0.99406 -55.6175
1.00019 -53.9879
1.00632 -56.9171
1.01246 -57.782
1.01859 -57.2848
1.02471 -59.0667
1.03085 -59.1495
1.03698 -63.5154
1.04314 -62.3289
1.04929 -64.9483
1.05541 -63.8991
1.06154 -64.9469
1.06769 -67.9813
1.07382 -65.8415
1.07993 -67.3948
1.08607 -71.0928
1.09222 -68.5469
1.09836 -70.2329
1.10449 -71.5734
1.11063 -72.8363
1.11677 -72.4295
1.1229 -71.3183
1.12903 -73.0745
1.13518 -75.361
1.14131 -75.5732
1.14745 -74.2723
1.15359 -77.1867
1.15973 -77.6588
1.16584 -80.1214
1.17197 -78.5461
1.17811 -77.1452
1.18424 -77.2385
1.19038 -80.3681
1.19652 -80.0268
1.20267 -82.0349
1.20881 -80.4011
1.21495 -81.2773
1.22108 -82.0799
1.2272 -81.6728
1.23334 -83.255
1.23949 -82.7451
1.24562 -85.0019
1.25174 -84.5487
1.25789 -83.5677
1.26402 -84.4233
1.27014 -86.1983
1.27628 -84.7805
1.28244 -84.4443
1.28858 -84.8055
1.29471 -85.1916
1.30084 -85.3728
1.30697 -85.1631
1.31312 -87.2626
1.31925 -86.6166
1.32537 -85.9424
1.33151 -85.28
1.33765 -87.2966
1.34378 -86.8336
1.34992 -86.1023
1.35606 -85.499
1.3622 -87.2828
1.36833 -87.8998
1.37445 -87.4795
1.38059 -88.6401
1.38675 -87.8857
1.39288 -87.1182
1.39901 -87.8785
1.40515 -87.2385
1.4113 -87.149
1.41742 -87.8605
1.42355 -88.518
1.4297 -88.2899
1.43585 -88.1412
1.44198 -86.1216
1.44809 -87.3291
1.45423 -87.0893
1.46036 -86.9897
1.46649 -86.3221
1.47263 -87.2202
1.47877 -86.4884
1.48491 -87.3321
1.49104 -87.4557
1.49718 -87.9208
1.50333 -87.8452
1.50947 -87.9189
1.5156 -87.7694
1.52172 -87.6172
1.52787 -88.2989
1.534 -86.7927
1.54013 -86.5549
1.54627 -86.5902
1.55241 -87.6662
1.55855 -87.0975
1.56467 -87.1138
1.5708 -85.6793
