0.00783031 5439.34
0.013688 3044.98
0.019231 3973.64
0.0249154 3057.54
0.0312784 2905.09
0.0375637 3202.99
0.0433917 3073.85
0.0492413 2912.87
0.0555754 2618.49
0.0619321 2530.51
0.067871 2193.83
0.0738098 2124.91
0.0800417 1955.65
0.0862327 1923.6
0.0921407 1769.68
0.0982031 1759.83
0.104506 1700.73
0.110769 1609.71
0.116806 1511.93
0.122832 1404.39
0.129052 1352.8
0.135211 1345.97
0.141259 1327.02
0.147318 1271.67
0.153489 1220.47
0.159709 1183.35
0.165845 1135.49
0.171974 1105.17
0.178125 1059.2
0.184229 1042.4
0.19034 1002.44
0.196428 971.866
0.202534 943.953
0.208729 906.704
0.214876 887.48
0.220989 873.739
0.227147 842.698
0.23329 844.504
0.239377 817.663
0.245482 783.061
0.251667 770.497
0.257832 741.601
0.263955 731.268
0.270079 713.577
0.27624 699.165
0.282372 679.617
0.28843 676.735
0.294538 661.966
0.300721 655.031
0.30691 627.587
0.313033 620.188
0.319153 609.117
0.325316 589.508
0.33145 581.106
0.337538 571.655
0.343633 563.35
0.349808 554.825
0.355968 539.774
0.362074 530.309
0.368217 518.255
0.374374 511.406
0.380519 498.314
0.386598 491.084
0.392688 486.314
0.39888 478.709
0.405048 467.093
0.411186 457.993
0.417313 450.119
0.423458 450.497
0.429607 442.701
0.435692 429.894
0.441815 423.049
0.447964 420.632
0.454126 413.683
0.460267 405.725
0.466387 402.8
0.47254 397.313
0.478662 390.203
0.484765 385.055
0.490885 380.678
0.497035 371.508
0.503198 371.441
0.509342 363.614
0.515458 357.907
0.521598 353.966
0.527764 346.197
0.533884 343.943
0.54 340.751
0.546137 336.953
0.552299 333.774
0.558452 327.72
0.564573 321.049
0.570708 317.741
0.576825 314.11
0.582926 310.291
0.589034 303.668
0.595184 301.55
0.601379 296.891
0.607522 296.526
0.613639 292.313
0.619772 286.671
0.625918 285.801
0.632068 284.17
0.638161 277.228
0.6443 276.327
0.650464 271.247
0.656582 268.484
0.662703 266.437
0.668861 265.024
0.675024 260.136
0.681124 258.61
0.687237 254.66
0.693381 253.122
0.699536 250.02
0.705665 245.823
0.711789 242.813
0.717957 241.76
0.72409 238.244
0.730186 236.935
0.736317 234.466
0.742472 232.21
0.748622 228.87
0.75476 227.676
0.760888 225.209
0.767043 221.728
0.773185 220.952
0.779291 218.193
0.785407 215.837
0.791564 214.346
0.797719 211.661
0.803834 210.863
0.809972 207.603
0.816124 205.921
0.822261 205.584
0.828378 202.397
0.834502 200.026
0.840667 198.604
0.846816 196.819
0.852925 195.233
0.859047 193.551
0.865192 192.045
0.871341 190.058
0.877463 188.194
0.883569 186.063
0.889708 185.166
0.895864 182.796
0.902008 182.495
0.908149 179.934
0.914301 178.043
0.920448 176.026
0.926574 176.481
0.932687 175.394
0.938823 173.575
0.944975 171.937
0.951105 170.806
0.957225 168.826
0.963368 167.816
0.969511 165.832
0.975621 164.509
0.981748 163.357
0.987916 161.856
0.99406 161.796
1.00019 160.263
1.00632 159.062
1.01246 158.142
1.01859 156.669
1.02471 155.421
1.03085 154.426
1.03698 153.308
1.04314 152.108
1.04929 151.08
1.05541 150.269
1.06154 149.706
1.06769 148.429
1.07382 147.105
1.07993 146.654
1.08607 144.983
1.09222 144.445
1.09836 143.107
1.10449 142.828
1.11063 141.947
1.11677 140.288
1.1229 139.83
1.12903 138.921
1.13518 137.737
1.14131 137.103
1.14745 136.284
1.15359 135.633
1.15973 134.954
1.16584 134.441
1.17197 133.457
1.17811 132.291
1.18424 131.461
1.19038 131.423
1.19652 130.479
1.20267 129.6
1.20881 128.587
1.21495 128.294
1.22108 127.423
1.2272 126.708
1.23334 126.758
1.23949 125.754
1.24562 124.893
1.25174 124.347
1.25789 123.375
1.26402 123.332
1.27014 122.626
1.27628 121.906
1.28244 121.143
1.28858 120.741
1.29471 120.39
1.30084 119.779
1.30697 118.981
1.31312 118.725
1.31925 118.376
1.32537 117.179
1.33151 117.046
1.33765 117.276
1.34378 116.274
1.34992 115.757
1.35606 114.926
1.3622 114.791
1.36833 113.844
1.37445 114.187
1.38059 112.977
1.38675 112.938
1.39288 112.387
1.39901 112.21
1.40515 111.494
1.4113 111.3
1.41742 110.703
1.42355 110.203
1.4297 109.997
1.43585 109.59
1.44198 108.869
1.44809 108.383
1.45423 108.112
1.46036 107.994
1.46649 107.291
1.47263 107.101
1.47877 107.103
1.48491 106.189
1.49104 106.044
1.49718 105.93
1.50333 105.398
1.50947 105.083
1.5156 104.936
1.52172 104.377
1.52787 104.21
1.534 103.895
1.54013 103.606
1.54627 103.062
1.55241 103.281
1.55855 102.714
1.56467 102.374
1.5708 101.837
