0.00783031 20667.5
0.013688 25946.8
0.019231 25851.7
0.0249154 24368.3
0.0312784 20987.4
0.0375637 18208.5
0.0433917 15947.3
0.0492413 13834.8
0.0555754 13165.5
0.0619321 11770.1
0.067871 11036.1
0.0738098 10702.1
0.0800417 9646.78
0.0862327 8944.11
0.0921407 7967.55
0.0982031 7130.37
0.104506 6865.64
0.110769 6376.36
0.116806 6139.2
0.122832 5872.13
0.129052 5640.55
0.135211 5391.6
0.141259 5116.32
0.147318 4850.98
0.153489 4647.25
0.159709 4452.09
0.165845 4264.46
0.171974 4075.6
0.178125 3959.73
0.184229 3842.77
0.19034 3707.95
0.196428 3660.86
0.202534 3541.78
0.208729 3402.5
0.214876 3301.71
0.220989 3223.44
0.227147 3103.29
0.23329 3056.59
0.239377 2972.29
0.245482 2883.09
0.251667 2800.62
0.257832 2759.58
0.263955 2712.21
0.270079 2659.04
0.27624 2578.91
0.282372 2529.52
0.28843 2466.68
0.294538 2398.46
0.300721 2395.24
0.30691 2304.87
0.313033 2309.46
0.319153 2235.45
0.325316 2217.82
0.33145 2155.48
0.337538 2145.44
0.343633 2103.68
0.349808 2084.01
0.355968 2023.35
0.362074 2008.34
0.368217 1958.02
0.374374 1933.8
0.380519 1899.5
0.386598 1884.81
0.392688 1867.19
0.39888 1839.64
0.405048 1793.15
0.411186 1773.5
0.417313 1751.42
0.423458 1740.08
0.429607 1701.4
0.435692 1699.23
0.441815 1662.49
0.447964 1654.51
0.454126 1625.02
0.460267 1601.59
0.466387 1583.39
0.47254 1553.08
0.478662 1546.13
0.484765 1515.84
0.490885 1491.79
0.497035 1488.54
0.503198 1469.09
0.509342 1451.33
0.515458 1436.27
0.521598 1416.29
0.527764 1407.54
0.533884 1379.36
0.54 1375.87
0.546137 1357.88
0.552299 1333.57
0.558452 1324.34
0.564573 1303.9
0.570708 1291.15
0.576825 1273.79
0.582926 1270.81
0.589034 1252.36
0.595184 1234.39
0.601379 1228.6
0.607522 1208.8
0.613639 1195.94
0.619772 1189.66
0.625918 1171.06
0.632068 1163.74
0.638161 1149.2
0.6443 1142.63
0.650464 1125.04
0.656582 1113.53
0.662703 1103.88
0.668861 1087.97
0.675024 1081.11
0.681124 1074.67
0.687237 1060.95
0.693381 1056.06
0.699536 1040.53
0.705665 1032.74
0.711789 1017.22
0.717957 1008.41
0.72409 995.319
0.730186 990.638
0.736317 982.804
0.742472 968.468
0.748622 963.193
0.75476 962.652
0.760888 947.557
0.767043 934.455
0.773185 930.307
0.779291 913.495
0.785407 912.266
0.791564 903.43
0.797719 894.375
0.803834 891.132
0.809972 877.336
0.816124 872.419
0.822261 863.886
0.828378 857.049
0.834502 848.142
0.840667 842.584
0.846816 832.627
0.852925 827.581
0.859047 818.645
0.865192 812.717
0.871341 803.563
0.877463 800.102
0.883569 787.215
0.889708 783.121
0.895864 773.088
0.902008 766.024
0.908149 761.531
0.914301 756.527
0.920448 750.094
0.926574 741.442
0.932687 736.633
0.938823 731.342
0.944975 723.514
0.951105 718.626
0.957225 710.749
0.963368 705.789
0.969511 696.656
0.975621 692.871
0.981748 689.165
0.987916 682.827
0.99406 677.398
1.00019 670.727
1.00632 664.6
1.01246 658.809
1.01859 653.755
1.02471 647.25
1.03085 641.111
1.03698 638.683
1.04314 632.754
1.04929 628.538
1.05541 622.596
1.06154 619.324
1.06769 612.821
1.07382 608.1
1.07993 599.329
1.08607 598.828
1.09222 590.905
1.09836 586.996
1.10449 582.908
1.11063 576.694
1.11677 573.79
1.1229 568.392
1.12903 563.993
1.13518 561.904
1.14131 555.225
1.14745 549.134
1.15359 549.457
1.15973 542.789
1.16584 539.67
1.17197 535.5
1.17811 529.45
1.18424 526.961
1.19038 521.142
1.19652 518.179
1.20267 514.741
1.20881 508.666
1.21495 506.359
1.22108 502.595
1.2272 498.958
1.23334 495.168
1.23949 491.591
1.24562 488.299
1.25174 483.612
1.25789 481.021
1.26402 476.648
1.27014 474.437
1.27628 469.775
1.28244 466.306
1.28858 464.372
1.29471 459.553
1.30084 457.071
1.30697 454.165
1.31312 450.827
1.31925 446.303
1.32537 442.502
1.33151 440.411
1.33765 438.525
1.34378 435.357
1.34992 431.024
1.35606 427.657
1.3622 424.86
1.36833 422.225
1.37445 419.547
1.38059 417.247
1.38675 413.43
1.39288 410.445
1.39901 407.956
1.40515 404.514
1.4113 400.681
1.41742 399.3
1.42355 396.721
1.4297 393.434
1.43585 391.795
1.44198 387.654
1.44809 387.052
1.45423 383.781
1.46036 381.804
1.46649 378.427
1.47263 375.218
1.47877 373.421
1.48491 370.671
1.49104 368.436
1.49718 366.973
1.50333 364.459
1.50947 360.896
1.5156 359.9
1.52172 356.753
1.52787 354.933
1.534 353.116
1.54013 349.774
1.54627 347.527
1.55241 345.542
1.55855 343.717
1.56467 341.021
1.5708 339.264
