0.00783031 20459.5
0.013688 25349.8
0.019231 25453.1
0.0249154 23095.4
0.0312784 20267.1
0.0375637 16865.3
0.0433917 14562.3
0.0492413 13128.8
0.0555754 11988.3
0.0619321 10927.1
0.067871 10284.1
0.0738098 9528.82
0.0800417 8705.66
0.0862327 7764.68
0.0921407 6936.17
0.0982031 6226.54
0.104506 5737.2
0.110769 5508.09
0.116806 4998.55
0.122832 4867.58
0.129052 4618.32
0.135211 4256.28
0.141259 3911.27
0.147318 3744.53
0.153489 3478.79
0.159709 3258.26
0.165845 3123.04
0.171974 2922.62
0.178125 2805.11
0.184229 2737.76
0.19034 2648.91
0.196428 2558.86
0.202534 2471.73
0.208729 2351.98
0.214876 2230.05
0.220989 2153.27
0.227147 2079.12
0.23329 2007.87
0.239377 1968.44
0.245482 1906.87
0.251667 1829.19
0.257832 1757.61
0.263955 1731.75
0.270079 1675.3
0.27624 1652.83
0.282372 1599.39
0.28843 1551.52
0.294538 1501.09
0.300721 1491.83
0.30691 1446.58
0.313033 1390.04
0.319153 1377.05
0.325316 1342.57
0.33145 1300.83
0.337538 1292.5
0.343633 1256
0.349808 1233.45
0.355968 1208.28
0.362074 1195.16
0.368217 1161.88
0.374374 1144.04
0.380519 1133.91
0.386598 1108.81
0.392688 1086.9
0.39888 1062.3
0.405048 1042.01
0.411186 1025.79
0.417313 1011.58
0.423458 997.031
0.429607 981.6
0.435692 971.169
0.441815 952.223
0.447964 928.151
0.454126 923.733
0.460267 909.516
0.466387 898.821
0.47254 885.745
0.478662 872.289
0.484765 865.58
0.490885 851.099
0.497035 836.996
0.503198 831.119
0.509342 816.115
0.515458 811.309
0.521598 794.961
0.527764 786.613
0.533884 778.813
0.54 766.872
0.546137 758.094
0.552299 748.495
0.558452 742.45
0.564573 736.893
0.570708 724.045
0.576825 712.395
0.582926 707.762
0.589034 698.612
0.595184 695.079
0.601379 686.449
0.607522 683.272
0.613639 670.185
0.619772 665.737
0.625918 652.46
0.632068 644.768
0.638161 643.877
0.6443 638.511
0.650464 631.079
0.656582 620.705
0.662703 618.772
0.668861 612.555
0.675024 607.431
0.681124 600.262
0.687237 596.856
0.693381 589.668
0.699536 580.441
0.705665 578.462
0.711789 569.754
0.717957 564.436
0.72409 562.105
0.730186 556.59
0.736317 554.313
0.742472 545.931
0.748622 539.359
0.75476 537.638
0.760888 531.142
0.767043 525.69
0.773185 522.317
0.779291 515.005
0.785407 509.03
0.791564 507.007
0.797719 506.989
0.803834 500.311
0.809972 494.281
0.816124 488.954
0.822261 487.639
0.828378 482.625
0.834502 478.629
0.840667 472.879
0.846816 471.105
0.852925 466.653
0.859047 464.561
0.865192 459.05
0.871341 451.599
0.877463 450.91
0.883569 447.161
0.889708 443.266
0.895864 439.891
0.902008 436.554
0.908149 431.35
0.914301 429.961
0.920448 423.057
0.926574 420.821
0.932687 416.13
0.938823 416.552
0.944975 412
0.951105 409.757
0.957225 404.682
0.963368 401.501
0.969511 398.006
0.975621 397.271
0.981748 393.652
0.987916 389.806
0.99406 389.156
1.00019 384.568
1.00632 380.027
1.01246 376.203
1.01859 374.37
1.02471 371.232
1.03085 368.886
1.03698 363.208
1.04314 363.331
1.04929 359.386
1.05541 356.792
1.06154 353.076
1.06769 351.048
1.07382 348.213
1.07993 346.165
1.08607 344.362
1.09222 340.983
1.09836 337.287
1.10449 336.508
1.11063 333.875
1.11677 329.122
1.1229 328.605
1.12903 324.127
1.13518 323.105
1.14131 319.049
1.14745 316.95
1.15359 314.822
1.15973 312.638
1.16584 310.212
1.17197 308.166
1.17811 305.523
1.18424 303.873
1.19038 300.649
1.19652 297.946
1.20267 296.438
1.20881 293.448
1.21495 292.834
1.22108 290.072
1.2272 287.143
1.23334 284.631
1.23949 282.665
1.24562 280.393
1.25174 278.581
1.25789 276.83
1.26402 275.023
1.27014 272.872
1.27628 269.833
1.28244 267.706
1.28858 265.238
1.29471 263.488
1.30084 261.615
1.30697 260.283
1.31312 257.551
1.31925 256.93
1.32537 253.842
1.33151 251.874
1.33765 249.591
1.34378 247.356
1.34992 245.902
1.35606 244.511
1.3622 242.014
1.36833 240.181
1.37445 238.23
1.38059 236.924
1.38675 234.946
1.39288 233.646
1.39901 230.643
1.40515 229.704
1.4113 228.24
1.41742 225.761
1.42355 224.398
1.4297 223.551
1.43585 220.928
1.44198 219.309
1.44809 217.623
1.45423 216.099
1.46036 215.004
1.46649 213.487
1.47263 211.343
1.47877 209.662
1.48491 208.278
1.49104 206.69
1.49718 204.923
1.50333 203.569
1.50947 202.115
1.5156 200.462
1.52172 198.687
1.52787 197.424
1.534 195.237
1.54013 194.411
1.54627 192.811
1.55241 191.875
1.55855 189.74
1.56467 189.067
1.5708 187.511
