0.00783031 -4740.6
0.013688 -1719.85
0.019231 -92.9989
0.0249154 2061.56
0.0312784 208.151
0.0375637 -20.4475
0.0433917 622.586
0.0492413 474.768
0.0555754 88.2034
0.0619321 422.565
0.067871 369.963
0.0738098 262.746
0.0800417 402.028
0.0862327 724.882
0.0921407 925.02
0.0982031 883.956
0.104506 941.938
0.110769 894.415
0.116806 950.485
0.122832 914.866
0.129052 978.837
0.135211 1044.16
0.141259 1051.17
0.147318 1210.59
0.153489 1111.24
0.159709 1102.06
0.165845 1005.28
0.171974 1108.16
0.178125 1145.98
0.184229 1109.46
0.19034 1180.62
0.196428 1153.24
0.202534 1199.64
0.208729 1157.84
0.214876 1182.36
0.220989 1123.27
0.227147 1176.65
0.23329 1183.4
0.239377 1130.11
0.245482 1174.72
0.251667 1177.56
0.257832 1167.88
0.263955 1145.73
0.270079 1154.79
0.27624 1127.61
0.282372 1151.8
0.28843 1122.56
0.294538 1127.09
0.300721 1126.81
0.30691 1132.99
0.313033 1121.46
0.319153 1124.63
0.325316 1132.02
0.33145 1100.94
0.337538 1083.41
0.343633 1096.89
0.349808 1077.91
0.355968 1055.85
0.362074 1074.92
0.368217 1063
0.374374 1043.09
0.380519 1057.39
0.386598 1053.66
0.392688 1034.79
0.39888 1021.89
0.405048 1020.31
0.411186 1011.66
0.417313 1020.51
0.423458 990.492
0.429607 994.113
0.435692 989.308
0.441815 973.266
0.447964 958.061
0.454126 960.869
0.460267 955.165
0.466387 956.626
0.47254 942.499
0.478662 940.763
0.484765 928.814
0.490885 931.713
0.497035 921.689
0.503198 910.878
0.509342 900.72
0.515458 902.565
0.521598 882.954
0.527764 884.105
0.533884 874.201
0.54 868.647
0.546137 863.26
0.552299 844.222
0.558452 855.743
0.564573 838.079
0.570708 843.326
0.576825 839.179
0.582926 812.752
0.589034 813.498
0.595184 805.178
0.601379 801.136
0.607522 797.945
0.613639 785.214
0.619772 788.228
0.625918 772.143
0.632068 770.86
0.638161 772.321
0.6443 759.521
0.650464 753.936
0.656582 745.454
0.662703 744.455
0.668861 738.668
0.675024 729.96
0.681124 725.814
0.687237 718.854
0.693381 716.635
0.699536 704.48
0.705665 702.296
0.711789 696.481
0.717957 690.512
0.72409 684.545
0.730186 683.497
0.736317 678.926
0.742472 671.156
0.748622 672.111
0.75476 657.152
0.760888 652.755
0.767043 653.672
0.773185 643.86
0.779291 641.406
0.785407 634.049
0.791564 629.512
0.797719 624.435
0.803834 621.497
0.809972 613.411
0.816124 612.141
0.822261 604.003
0.828378 598.778
0.834502 594.886
0.840667 591.084
0.846816 584.249
0.852925 580.032
0.859047 578.933
0.865192 575.11
0.871341 568.495
0.877463 564.215
0.883569 559.665
0.889708 549.499
0.895864 552.403
0.902008 541.052
0.908149 538.912
0.914301 533.717
0.920448 528.347
0.926574 526.459
0.932687 519.881
0.938823 517.428
0.944975 510.614
0.951105 509.171
0.957225 506.085
0.963368 501.549
0.969511 499.617
0.975621 491.98
0.981748 488.046
0.987916 484.452
0.99406 479.481
1.00019 476.633
1.00632 475.392
1.01246 468.044
1.01859 468.01
1.02471 462.936
1.03085 458.392
1.03698 453.91
1.04314 449.006
1.04929 447.395
1.05541 442.836
1.06154 441.143
1.06769 436.474
1.07382 435.518
1.07993 429.358
1.08607 426.737
1.09222 422.831
1.09836 420.02
1.10449 417.854
1.11063 412.883
1.11677 411.156
1.1229 405.219
1.12903 404.09
1.13518 401.287
1.14131 396.192
1.14745 395.207
1.15359 388.749
1.15973 386.003
1.16584 385.352
1.17197 383.36
1.17811 379.697
1.18424 375.352
1.19038 372.676
1.19652 371.621
1.20267 365.997
1.20881 364.418
1.21495 362.06
1.22108 358.449
1.2272 356.751
1.23334 355.19
1.23949 350.863
1.24562 348.828
1.25174 344.563
1.25789 342.55
1.26402 339.681
1.27014 337.815
1.27628 333.472
1.28244 333.367
1.28858 329.303
1.29471 326.444
1.30084 323.549
1.30697 323.349
1.31312 320.68
1.31925 318.509
1.32537 314.756
1.33151 312.301
1.33765 311.124
1.34378 307.204
1.34992 305.189
1.35606 302.961
1.3622 300.361
1.36833 299.826
1.37445 294.993
1.38059 293.593
1.38675 291.789
1.39288 289.319
1.39901 286.94
1.40515 284.94
1.4113 284.338
1.41742 281.075
1.42355 278.568
1.4297 277.8
1.43585 274.227
1.44198 272.5
1.44809 271.188
1.45423 269.016
1.46036 266.872
1.46649 264.504
1.47263 262.98
1.47877 260.363
1.48491 259.226
1.49104 258.366
1.49718 255.806
1.50333 254.029
1.50947 251.712
1.5156 250.769
1.52172 248.51
1.52787 246.846
1.534 244.666
1.54013 243.403
1.54627 240.717
1.55241 239.797
1.55855 236.943
1.56467 235.532
1.5708 233.977
