0.00783031 20231.6
0.013688 24768.3
0.019231 25713.4
0.0249154 23219.6
0.0312784 19672.7
0.0375637 17026.3
0.0433917 14549
0.0492413 12970.6
0.0555754 11982.2
0.0619321 11143.4
0.067871 10431.4
0.0738098 9779.28
0.0800417 8535.73
0.0862327 7523.81
0.0921407 6864.05
0.0982031 6275.25
0.104506 5507.98
0.110769 5240.54
0.116806 4996.96
0.122832 4606.62
0.129052 4462.7
0.135211 4229.76
0.141259 3902.45
0.147318 3738.15
0.153489 3410.66
0.159709 3223.09
0.165845 2985.51
0.171974 2847.16
0.178125 2762.99
0.184229 2638.6
0.19034 2575.91
0.196428 2498.12
0.202534 2363
0.208729 2262.93
0.214876 2187.9
0.220989 2091.22
0.227147 2009.84
0.23329 1944.19
0.239377 1890.45
0.245482 1796.28
0.251667 1752.77
0.257832 1705.85
0.263955 1654.71
0.270079 1624.06
0.27624 1550.11
0.282372 1521.56
0.28843 1457.95
0.294538 1454.4
0.300721 1383.49
0.30691 1365.86
0.313033 1325.34
0.319153 1285.55
0.325316 1247.08
0.33145 1220.87
0.337538 1207.53
0.343633 1186.61
0.349808 1144.47
0.355968 1144.93
0.362074 1105.54
0.368217 1076.34
0.374374 1059.97
0.380519 1031.19
0.386598 1023.58
0.392688 991.831
0.39888 977.423
0.405048 959.521
0.411186 947.145
0.417313 939.956
0.423458 916.982
0.429607 896.733
0.435692 869.346
0.441815 868.701
0.447964 854.989
0.454126 839.658
0.460267 823.468
0.466387 815.206
0.47254 810.265
0.478662 787.276
0.484765 779.196
0.490885 757.344
0.497035 754.378
0.503198 749.08
0.509342 729.472
0.515458 722.242
0.521598 705.81
0.527764 704.515
0.533884 690.619
0.54 681.603
0.546137 673.678
0.552299 661.371
0.558452 658.062
0.564573 647.367
0.570708 637.523
0.576825 629.184
0.582926 616.785
0.589034 615.9
0.595184 607.065
0.601379 595.242
0.607522 594.957
0.613639 585.208
0.619772 578.929
0.625918 573.452
0.632068 563.084
0.638161 557.102
0.6443 549.7
0.650464 547.819
0.656582 542.302
0.662703 530.303
0.668861 524.484
0.675024 523.597
0.681124 516.511
0.687237 512.342
0.693381 505.902
0.699536 499.437
0.705665 487.541
0.711789 487.288
0.717957 483.891
0.72409 474.425
0.730186 469.809
0.736317 465.015
0.742472 459.495
0.748622 452.764
0.75476 450.165
0.760888 447.792
0.767043 436.423
0.773185 434.787
0.779291 432.059
0.785407 428.957
0.791564 421.972
0.797719 416.719
0.803834 415.055
0.809972 409.302
0.816124 402.914
0.822261 400.544
0.828378 396.85
0.834502 393.275
0.840667 390.191
0.846816 383.514
0.852925 379.55
0.859047 379.06
0.865192 372.669
0.871341 366.731
0.877463 366.304
0.883569 363.063
0.889708 357.46
0.895864 354.837
0.902008 350.446
0.908149 346.755
0.914301 344.95
0.920448 339.456
0.926574 335.22
0.932687 332.075
0.938823 331.869
0.944975 326.385
0.951105 323.243
0.957225 319.632
0.963368 316.725
0.969511 314.072
0.975621 310.438
0.981748 308.719
0.987916 305.113
0.99406 302.226
1.00019 297.293
1.00632 295.83
1.01246 293.501
1.01859 290.977
1.02471 287.711
1.03085 283.844
1.03698 281.794
1.04314 278.302
1.04929 276.189
1.05541 273.075
1.06154 270.417
1.06769 268.134
1.07382 266.193
1.07993 262.637
1.08607 259.567
1.09222 257.258
1.09836 255.323
1.10449 252.854
1.11063 249.994
1.11677 248.541
1.1229 245.253
1.12903 242.331
1.13518 239.794
1.14131 238.167
1.14745 235.815
1.15359 233.602
1.15973 231.762
1.16584 229.503
1.17197 227.23
1.17811 224.445
1.18424 221.828
1.19038 220.293
1.19652 217.736
1.20267 216.522
1.20881 213.622
1.21495 212.281
1.22108 210.382
1.2272 207.726
1.23334 206.067
1.23949 204.081
1.24562 202.389
1.25174 199.529
1.25789 197.95
1.26402 196.429
1.27014 194.519
1.27628 193.106
1.28244 190.64
1.28858 188.711
1.29471 187.294
1.30084 185.209
1.30697 183.697
1.31312 182.114
1.31925 180.404
1.32537 178.575
1.33151 177.475
1.33765 175.36
1.34378 173.84
1.34992 172.27
1.35606 170.25
1.3622 168.564
1.36833 167.23
1.37445 165.623
1.38059 163.954
1.38675 163.23
1.39288 161.254
1.39901 159.637
1.40515 158.467
1.4113 156.696
1.41742 155.021
1.42355 153.721
1.4297 152.475
1.43585 151.197
1.44198 149.659
1.44809 148.301
1.45423 146.659
1.46036 145.862
1.46649 143.857
1.47263 142.9
1.47877 141.913
1.48491 139.965
1.49104 138.822
1.49718 137.372
1.50333 136.569
1.50947 135.338
1.5156 134.11
1.52172 132.968
1.52787 131.401
1.534 130.13
1.54013 129.154
1.54627 128.088
1.55241 126.762
1.55855 125.701
1.56467 124.396
1.5708 123.55
