0.00783031 20462.1
0.013688 25120.9
0.019231 25279.9
0.0249154 23388.2
0.0312784 19853.8
0.0375637 17074
0.0433917 14729.4
0.0492413 12980.6
0.0555754 11797.3
0.0619321 10761.2
0.067871 10368.1
0.0738098 9293.74
0.0800417 8583.01
0.0862327 7793.23
0.0921407 6799.06
0.0982031 6098.67
0.104506 5624.1
0.110769 5145.36
0.116806 5014.77
0.122832 4770.44
0.129052 4405.1
0.135211 4289.33
0.141259 3884.67
0.147318 3702.39
0.153489 3365.48
0.159709 3236.77
0.165845 3108.85
0.171974 2963.04
0.178125 2811.6
0.184229 2688.83
0.19034 2550.08
0.196428 2455.66
0.202534 2325.68
0.208729 2294.87
0.214876 2189.28
0.220989 2069.2
0.227147 2005.7
0.23329 1945.01
0.239377 1903.21
0.245482 1861.81
0.251667 1754.4
0.257832 1692.85
0.263955 1656.98
0.270079 1607.69
0.27624 1583.04
0.282372 1515.3
0.28843 1486.06
0.294538 1446.33
0.300721 1390.53
0.30691 1373.55
0.313033 1345.56
0.319153 1327.2
0.325316 1270.42
0.33145 1232.79
0.337538 1231.65
0.343633 1179.88
0.349808 1153.38
0.355968 1141.91
0.362074 1114.59
0.368217 1101.43
0.374374 1078.65
0.380519 1043.78
0.386598 1032.55
0.392688 1002.68
0.39888 985.953
0.405048 983.125
0.411186 955.254
0.417313 941.085
0.423458 923.864
0.429607 908.336
0.435692 891.802
0.441815 875.587
0.447964 868.27
0.454126 852.659
0.460267 831.711
0.466387 822.57
0.47254 807.277
0.478662 797.143
0.484765 790.909
0.490885 769.414
0.497035 765.177
0.503198 752.811
0.509342 737.702
0.515458 724.961
0.521598 717.811
0.527764 711.448
0.533884 700.685
0.54 690.821
0.546137 680.801
0.552299 668.989
0.558452 663.154
0.564573 652.848
0.570708 648.356
0.576825 635.786
0.582926 630.243
0.589034 621.555
0.595184 614.57
0.601379 612.369
0.607522 599.533
0.613639 590.04
0.619772 583.025
0.625918 576.223
0.632068 572.707
0.638161 561.895
0.6443 552.624
0.650464 551.14
0.656582 542.509
0.662703 540.602
0.668861 533.649
0.675024 522.809
0.681124 521.33
0.687237 511.58
0.693381 507.904
0.699536 500.75
0.705665 494.384
0.711789 488.282
0.717957 485.922
0.72409 478.965
0.730186 474.675
0.736317 468.09
0.742472 464.903
0.748622 459.811
0.75476 454.12
0.760888 448.856
0.767043 444.521
0.773185 438.782
0.779291 434.536
0.785407 430.293
0.791564 428.28
0.797719 421.098
0.803834 415.724
0.809972 413.344
0.816124 408.833
0.822261 404.453
0.828378 399.224
0.834502 395.359
0.840667 390.851
0.846816 387.563
0.852925 381.59
0.859047 378.925
0.865192 374.681
0.871341 371.299
0.877463 367.043
0.883569 364.695
0.889708 359.39
0.895864 355.442
0.902008 353.76
0.908149 349.567
0.914301 346.659
0.920448 342.903
0.926574 338.002
0.932687 336.353
0.938823 331.743
0.944975 328.623
0.951105 325.264
0.957225 322.58
0.963368 318.354
0.969511 316.765
0.975621 312.257
0.981748 309.743
0.987916 306.735
0.99406 301.924
1.00019 299.876
1.00632 297.495
1.01246 293.882
1.01859 290.902
1.02471 288.203
1.03085 285.769
1.03698 281.672
1.04314 280.092
1.04929 278.111
1.05541 274.419
1.06154 271.265
1.06769 269.656
1.07382 266.011
1.07993 264.497
1.08607 261.226
1.09222 259.307
1.09836 255.466
1.10449 253.402
1.11063 250.931
1.11677 248.918
1.1229 245.194
1.12903 244.061
1.13518 242.543
1.14131 239.671
1.14745 237.161
1.15359 233.744
1.15973 232.052
1.16584 230.977
1.17197 227.91
1.17811 224.441
1.18424 222.998
1.19038 221.478
1.19652 218.64
1.20267 216.967
1.20881 215.12
1.21495 212.461
1.22108 211.242
1.2272 208.988
1.23334 206.947
1.23949 204.821
1.24562 203.609
1.25174 201.489
1.25789 198.515
1.26402 197.06
1.27014 195.463
1.27628 193.083
1.28244 191.624
1.28858 189.288
1.29471 187.672
1.30084 186.435
1.30697 184
1.31312 182.027
1.31925 180.816
1.32537 179.387
1.33151 177.103
1.33765 175.583
1.34378 173.543
1.34992 172.197
1.35606 170.568
1.3622 168.68
1.36833 167.43
1.37445 165.821
1.38059 164.283
1.38675 162.389
1.39288 161.088
1.39901 159.541
1.40515 158.388
1.4113 156.579
1.41742 155.106
1.42355 153.628
1.4297 152.201
1.43585 151.433
1.44198 148.853
1.44809 148.092
1.45423 146.594
1.46036 145.71
1.46649 143.878
1.47263 142.489
1.47877 141.149
1.48491 139.862
1.49104 138.709
1.49718 137.319
1.50333 136.213
1.50947 134.892
1.5156 133.911
1.52172 132.033
1.52787 131.337
1.534 129.92
1.54013 129.073
1.54627 127.864
1.55241 126.307
1.55855 125.193
1.56467 124.072
1.5708 123.12
