0.00783031 -5695.72
0.013688 -592.328
0.019231 -2143.1
0.0249154 693.957
0.0312784 974.796
0.0375637 380.957
0.0433917 278.841
0.0492413 332.582
0.0555754 1239.17
0.0619321 409.501
0.067871 1006.43
0.0738098 1386.41
0.0800417 943.046
0.0862327 1780.92
0.0921407 1427.04
0.0982031 1506.64
0.104506 1621.71
0.110769 1704.35
0.116806 1714.69
0.122832 1696.13
0.129052 1684.92
0.135211 1848.46
0.141259 1791.28
0.147318 1749.99
0.153489 1831.57
0.159709 1746.26
0.165845 1974.2
0.171974 1963.55
0.178125 1845.19
0.184229 2030.81
0.19034 1929.91
0.196428 1918.87
0.202534 1973.04
0.208729 1999.21
0.214876 1959.39
0.220989 1997.38
0.227147 1966.15
0.23329 2002.4
0.239377 2009.65
0.245482 1954.81
0.251667 1985.91
0.257832 2005.58
0.263955 2006.67
0.270079 1999.91
0.27624 1955.68
0.282372 1980.53
0.28843 2026.21
0.294538 2011.81
0.300721 2009
0.30691 2028.61
0.313033 1977.24
0.319153 1983.99
0.325316 1988.33
0.33145 1977.78
0.337538 1984.73
0.343633 1989.44
0.349808 1990.42
0.355968 1952.11
0.362074 1976.79
0.368217 1956.49
0.374374 1997.46
0.380519 1946.3
0.386598 1955.42
0.392688 1963.02
0.39888 1958.67
0.405048 1966.45
0.411186 1944.74
0.417313 1929.44
0.423458 1902.79
0.429607 1940.14
0.435692 1927.49
0.441815 1939.17
0.447964 1924.8
0.454126 1912.68
0.460267 1916.21
0.466387 1904.46
0.47254 1914.19
0.478662 1890.35
0.484765 1882.05
0.490885 1871.33
0.497035 1881.05
0.503198 1877.68
0.509342 1869.45
0.515458 1842.53
0.521598 1881.22
0.527764 1862.48
0.533884 1860.26
0.54 1853.78
0.546137 1855.63
0.552299 1846.29
0.558452 1837.83
0.564573 1837.51
0.570708 1835.27
0.576825 1826.3
0.582926 1835.18
0.589034 1838.86
0.595184 1823.74
0.601379 1820.99
0.607522 1811.15
0.613639 1793.83
0.619772 1791.05
0.625918 1791.24
0.632068 1795.3
0.638161 1785.64
0.6443 1795.24
0.650464 1785.89
0.656582 1758.97
0.662703 1763.4
0.668861 1760.12
0.675024 1756.71
0.681124 1756.24
0.687237 1734.79
0.693381 1746.79
0.699536 1729.64
0.705665 1738.55
0.711789 1727.98
0.717957 1743.16
0.72409 1715.41
0.730186 1706.43
0.736317 1696.17
0.742472 1711.61
0.748622 1699.72
0.75476 1688.97
0.760888 1684.87
0.767043 1684.44
0.773185 1676.69
0.779291 1672.54
0.785407 1662.59
0.791564 1669.67
0.797719 1666.9
0.803834 1659.53
0.809972 1646.61
0.816124 1644.5
0.822261 1651.39
0.828378 1636.06
0.834502 1635.49
0.840667 1629.63
0.846816 1628.34
0.852925 1622.23
0.859047 1604.43
0.865192 1610.87
0.871341 1605.54
0.877463 1607.98
0.883569 1594.91
0.889708 1589.33
0.895864 1577.19
0.902008 1579.88
0.908149 1574.18
0.914301 1576.26
0.920448 1567.4
0.926574 1560.81
0.932687 1545.68
0.938823 1548.67
0.944975 1551.54
0.951105 1536.42
0.957225 1541.69
0.963368 1521.59
0.969511 1526.73
0.975621 1525.76
0.981748 1521.41
0.987916 1514.33
0.99406 1508.26
1.00019 1510.06
1.00632 1502.25
1.01246 1494.49
1.01859 1485.09
1.02471 1481.43
1.03085 1466.79
1.03698 1470.11
1.04314 1468.59
1.04929 1462.62
1.05541 1458.49
1.06154 1449.44
1.06769 1446
1.07382 1445.76
1.07993 1432.8
1.08607 1441.12
1.09222 1427.36
1.09836 1426.37
1.10449 1413
1.11063 1411.59
1.11677 1405.75
1.1229 1401.15
1.12903 1400.69
1.13518 1387.6
1.14131 1382.73
1.14745 1382.05
1.15359 1381.96
1.15973 1366.63
1.16584 1369.35
1.17197 1363.5
1.17811 1360.64
1.18424 1354.43
1.19038 1350.9
1.19652 1344.87
1.20267 1339.72
1.20881 1339.1
1.21495 1332.49
1.22108 1326.33
1.2272 1321.37
1.23334 1317.64
1.23949 1309.77
1.24562 1310.55
1.25174 1303.38
1.25789 1301.64
1.26402 1297.98
1.27014 1290.14
1.27628 1285.33
1.28244 1284.09
1.28858 1279.1
1.29471 1270.07
1.30084 1266.21
1.30697 1259.52
1.31312 1260.07
1.31925 1257.92
1.32537 1251.74
1.33151 1244.97
1.33765 1239.21
1.34378 1238.97
1.34992 1231.19
1.35606 1223.95
1.3622 1221.57
1.36833 1219.83
1.37445 1219.99
1.38059 1211.67
1.38675 1209.42
1.39288 1205.06
1.39901 1196.84
1.40515 1195.57
1.4113 1189.31
1.41742 1185.42
1.42355 1183.58
1.4297 1175.87
1.43585 1173.86
1.44198 1168.97
1.44809 1161.02
1.45423 1161.24
1.46036 1153.44
1.46649 1150.59
1.47263 1144.56
1.47877 1142.89
1.48491 1141.41
1.49104 1135.44
1.49718 1132.19
1.50333 1126.96
1.50947 1117.56
1.5156 1116.16
1.52172 1115.34
1.52787 1107.16
1.534 1104.8
1.54013 1099.94
1.54627 1099.55
1.55241 1091.31
1.55855 1089.79
1.56467 1087.54
1.5708 1082.91
