0.00783031 105.334
0.013688 112.62
0.019231 123.883
0.0249154 104.003
0.0312784 80.4988
0.0375637 57.5987
0.0433917 39.165
0.0492413 26.3976
0.0555754 13.2057
0.0619321 5.22733
0.067871 -10.5744
0.0738098 -17.3218
0.0800417 -30.5926
0.0862327 -38.5252
0.0921407 -51.3008
0.0982031 -51.7363
0.104506 -61.177
0.110769 -59.3191
0.116806 -70.3432
0.122832 -72.9452
0.129052 -78.84
0.135211 -84.3259
0.141259 -86.9259
0.147318 -89.4325
0.153489 -93.7425
0.159709 -93.2129
0.165845 -98.1658
0.171974 -99.1806
0.178125 -102.397
0.184229 -102.12
0.19034 -107.394
0.196428 -108.427
0.202534 -107.954
0.208729 -107.463
0.214876 -110.612
0.220989 -111.112
0.227147 -115.271
0.23329 -114.95
0.239377 -118.857
0.245482 -118.448
0.251667 -117.761
0.257832 -122.145
0.263955 -121.113
0.270079 -121.696
0.27624 -121.379
0.282372 -126.182
0.28843 -125.6
0.294538 -127.536
0.300721 -127.41
0.30691 -128.535
0.313033 -125.739
0.319153 -129.445
0.325316 -131.184
0.33145 -128.043
0.337538 -128.098
0.343633 -128.972
0.349808 -131.997
0.355968 -131.771
0.362074 -132.924
0.368217 -132.052
0.374374 -135.145
0.380519 -132.955
0.386598 -137.825
0.392688 -134.686
0.39888 -134.732
0.405048 -138.012
0.411186 -137.43
0.417313 -138.621
0.423458 -137.207
0.429607 -137.973
0.435692 -140.655
0.441815 -141.179
0.447964 -141.401
0.454126 -139.211
0.460267 -142.969
0.466387 -141.521
0.47254 -140.565
0.478662 -141.084
0.484765 -141.6
0.490885 -142.384
0.497035 -142.178
0.503198 -143.788
0.509342 -143.814
0.515458 -144.363
0.521598 -144.885
0.527764 -144.522
0.533884 -144.964
0.54 -145.734
0.546137 -145.362
0.552299 -146.362
0.558452 -146.089
0.564573 -145.82
0.570708 -148.22
0.576825 -148.374
0.582926 -149.122
0.589034 -149.271
0.595184 -148.878
0.601379 -147.123
0.607522 -149.576
0.613639 -147.052
0.619772 -148.303
0.625918 -148.097
0.632068 -147.872
0.638161 -149.114
0.6443 -151.216
0.650464 -151.774
0.656582 -152.133
0.662703 -152.051
0.668861 -150.968
0.675024 -152.859
0.681124 -150.218
0.687237 -150.406
0.693381 -152.368
0.699536 -152.945
0.705665 -152.164
0.711789 -153.482
0.717957 -153.062
0.72409 -153.146
0.730186 -152.188
0.736317 -154.029
0.742472 -153.601
0.748622 -153.49
0.75476 -153.081
0.760888 -154.64
0.767043 -154.516
0.773185 -153.652
0.779291 -153.75
0.785407 -155.04
0.791564 -154.862
0.797719 -154.724
0.803834 -154.847
0.809972 -156.131
0.816124 -156.105
0.822261 -156.652
0.828378 -154.563
0.834502 -157.418
0.840667 -157.139
0.846816 -158.535
0.852925 -156.982
0.859047 -157.084
0.865192 -156.702
0.871341 -157.651
0.877463 -157.294
0.883569 -157.861
0.889708 -158.197
0.895864 -158.757
0.902008 -157.538
0.908149 -157.436
0.914301 -159.288
0.920448 -157.212
0.926574 -159.371
0.932687 -158.147
0.938823 -157.968
0.944975 -158.752
0.951105 -158.204
0.957225 -159.276
0.963368 -158.464
0.969511 -157.325
0.975621 -159.072
0.981748 -159.708
0.987916 -158.615
0.99406 -159.045
1.00019 -158.899
1.00632 -158.806
1.01246 -159.632
1.01859 -159.152
1.02471 -158.726
1.03085 -157.518
1.03698 -158.405
1.04314 -158.7
1.04929 -159.619
1.05541 -159.124
1.06154 -158.16
1.06769 -159.956
1.07382 -159.489
1.07993 -158.638
1.08607 -160.168
1.09222 -158.467
1.09836 -158.986
1.10449 -159.666
1.11063 -160.207
1.11677 -159.129
1.1229 -159.057
1.12903 -158.969
1.13518 -158.105
1.14131 -159.387
1.14745 -158.72
1.15359 -158.152
1.15973 -158.415
1.16584 -159.553
1.17197 -158.301
1.17811 -159.416
1.18424 -157.983
1.19038 -158.48
1.19652 -157.627
1.20267 -159.186
1.20881 -158.884
1.21495 -159.859
1.22108 -158.328
1.2272 -158.706
1.23334 -158.425
1.23949 -159.082
1.24562 -157.87
1.25174 -158.901
1.25789 -159.096
1.26402 -158.732
1.27014 -156.97
1.27628 -158.005
1.28244 -157.89
1.28858 -157.174
1.29471 -156.561
1.30084 -157.539
1.30697 -157.054
1.31312 -156.694
1.31925 -157.138
1.32537 -157.52
1.33151 -157.46
1.33765 -157.395
1.34378 -156.855
1.34992 -156.96
1.35606 -157.264
1.3622 -156.294
1.36833 -156.485
1.37445 -156.245
1.38059 -156.471
1.38675 -156.326
1.39288 -155.859
1.39901 -155.838
1.40515 -157.036
1.4113 -156.026
1.41742 -155.42
1.42355 -156.06
1.4297 -155.78
1.43585 -155.67
1.44198 -155.496
1.44809 -154.488
1.45423 -155.608
1.46036 -154.594
1.46649 -154.205
1.47263 -154.415
1.47877 -154.557
1.48491 -154.712
1.49104 -153.977
1.49718 -153.675
1.50333 -154.094
1.50947 -153.961
1.5156 -153.534
1.52172 -153.279
1.52787 -153.182
1.534 -152.378
1.54013 -153.073
1.54627 -153.637
1.55241 -152.903
1.55855 -152.541
1.56467 -152.965
1.5708 -152.069
