0.00783031 19093.4
0.013688 23539.7
0.019231 23977.5
0.0249154 22145.5
0.0312784 19407.5
0.0375637 16576
0.0433917 15071.2
0.0492413 13325.4
0.0555754 12453.1
0.0619321 11322.7
0.067871 10861.5
0.0738098 10033.5
0.0800417 9258.74
0.0862327 8706.14
0.0921407 7901.69
0.0982031 7209.3
0.104506 6869.79
0.110769 6238.1
0.116806 6125.81
0.122832 5710.48
0.129052 5575.97
0.135211 5467.66
0.141259 5178.14
0.147318 4860.43
0.153489 4630.98
0.159709 4317.73
0.165845 4394.75
0.171974 4205.31
0.178125 3993.29
0.184229 3914.84
0.19034 3828.12
0.196428 3722.81
0.202534 3606.87
0.208729 3493.25
0.214876 3388.3
0.220989 3338.05
0.227147 3243.91
0.23329 3182.81
0.239377 3154.73
0.245482 3024.41
0.251667 2954.36
0.257832 2947.44
0.263955 2843.66
0.270079 2822.81
0.27624 2739.85
0.282372 2722.88
0.28843 2689.33
0.294538 2659.39
0.300721 2606.24
0.30691 2583.86
0.313033 2488.32
0.319153 2483.43
0.325316 2458.48
0.33145 2383.25
0.337538 2355.08
0.343633 2337.44
0.349808 2323.73
0.355968 2268.55
0.362074 2265.76
0.368217 2227.74
0.374374 2242.08
0.380519 2154.09
0.386598 2175.06
0.392688 2138.75
0.39888 2114.43
0.405048 2106.28
0.411186 2071.81
0.417313 2044.48
0.423458 2005.98
0.429607 2019.47
0.435692 2004.07
0.441815 1996.61
0.447964 1964.86
0.454126 1929.15
0.460267 1936.64
0.466387 1910.27
0.47254 1893.8
0.478662 1875.47
0.484765 1859.7
0.490885 1845.93
0.497035 1833.5
0.503198 1819.06
0.509342 1797.03
0.515458 1781.76
0.521598 1791.14
0.527764 1768.93
0.533884 1758.77
0.54 1748.15
0.546137 1735.49
0.552299 1722.07
0.558452 1698.29
0.564573 1691.44
0.570708 1688.76
0.576825 1674.29
0.582926 1674.51
0.589034 1667.14
0.595184 1647.79
0.601379 1630.28
0.607522 1626.54
0.613639 1600.71
0.619772 1595.74
0.625918 1586.06
0.632068 1585.32
0.638161 1569.73
0.6443 1573.33
0.650464 1561.78
0.656582 1541.45
0.662703 1541.53
0.668861 1527.32
0.675024 1521.62
0.681124 1508.9
0.687237 1491.75
0.693381 1495.59
0.699536 1479.43
0.705665 1480.35
0.711789 1463.87
0.717957 1469.89
0.72409 1448.03
0.730186 1437.49
0.736317 1427.51
0.742472 1433.16
0.748622 1416.19
0.75476 1406.42
0.760888 1402.32
0.767043 1397.44
0.773185 1387.71
0.779291 1377.44
0.785407 1370.92
0.791564 1368.82
0.797719 1362.73
0.803834 1350.78
0.809972 1345.28
0.816124 1340.99
0.822261 1338.29
0.828378 1325.05
0.834502 1324.38
0.840667 1315.76
0.846816 1311.53
0.852925 1302.77
0.859047 1289.58
0.865192 1288.92
0.871341 1283.22
0.877463 1279.52
0.883569 1266.4
0.889708 1264.84
0.895864 1254.39
0.902008 1248.38
0.908149 1244.75
0.914301 1242.48
0.920448 1231.46
0.926574 1226.6
0.932687 1213.3
0.938823 1213.59
0.944975 1211.45
0.951105 1201.12
0.957225 1199.64
0.963368 1187.26
0.969511 1181.75
0.975621 1181.36
0.981748 1177.89
0.987916 1168.24
0.99406 1163.53
1.00019 1162.19
1.00632 1153.22
1.01246 1148.03
1.01859 1138.75
1.02471 1133.82
1.03085 1120.67
1.03698 1122.02
1.04314 1118.63
1.04929 1115.03
1.05541 1108.1
1.06154 1100.22
1.06769 1097.73
1.07382 1094.87
1.07993 1083.38
1.08607 1088.55
1.09222 1075.05
1.09836 1073.12
1.10449 1064.47
1.11063 1061.2
1.11677 1056.38
1.1229 1049.31
1.12903 1047.47
1.13518 1038.44
1.14131 1034.18
1.14745 1031.84
1.15359 1027.71
1.15973 1018.82
1.16584 1017.1
1.17197 1011.61
1.17811 1008.55
1.18424 1002.03
1.19038 999.15
1.19652 991.871
1.20267 988.16
1.20881 985.821
1.21495 982.212
1.22108 975.075
1.2272 970.991
1.23334 967.745
1.23949 961.515
1.24562 957.221
1.25174 953.576
1.25789 950.913
1.26402 946.427
1.27014 939.254
1.27628 936.727
1.28244 932.429
1.28858 927.957
1.29471 919.818
1.30084 919.019
1.30697 913.581
1.31312 909.126
1.31925 907.606
1.32537 902.465
1.33151 897.91
1.33765 893.203
1.34378 891.681
1.34992 886.27
1.35606 880.042
1.3622 875.99
1.36833 872.898
1.37445 871.158
1.38059 867.002
1.38675 863.749
1.39288 858.792
1.39901 853.645
1.40515 852.76
1.4113 846.554
1.41742 842.319
1.42355 838.293
1.4297 835.166
1.43585 831.201
1.44198 827.396
1.44809 820.836
1.45423 819.902
1.46036 814.52
1.46649 810.839
1.47263 806.064
1.47877 804.262
1.48491 802.401
1.49104 796.605
1.49718 792.923
1.50333 789.313
1.50947 784.081
1.5156 780.678
1.52172 778.701
1.52787 773.741
1.534 769.787
1.54013 766.957
1.54627 765.691
1.55241 760.624
1.55855 757.073
1.56467 755.359
1.5708 749.933
