0.00783031 1158.16
0.013688 -2131.42
0.019231 -1109.35
0.0249154 562.462
0.0312784 273.069
0.0375637 -398.888
0.0433917 -193.979
0.0492413 -208.677
0.0555754 -238.727
0.0619321 86.5775
0.067871 -139.605
0.0738098 73.7693
0.0800417 -70.0645
0.0862327 -294.327
0.0921407 -66.9361
0.0982031 -149.201
0.104506 -118.754
0.110769 -224.564
0.116806 -188.715
0.122832 -224.499
0.129052 -122.023
0.135211 -117.509
0.141259 -242.197
0.147318 -213.376
0.153489 -274.244
0.159709 -194.764
0.165845 -220.702
0.171974 -198.781
0.178125 -216.503
0.184229 -214.307
0.19034 -208.56
0.196428 -226.581
0.202534 -228.213
0.208729 -229.823
0.214876 -224.577
0.220989 -233.873
0.227147 -225.424
0.23329 -219.26
0.239377 -225.841
0.245482 -205.191
0.251667 -232.822
0.257832 -210.229
0.263955 -209.12
0.270079 -217.963
0.27624 -213.529
0.282372 -216.315
0.28843 -215.289
0.294538 -202.541
0.300721 -206.74
0.30691 -203.168
0.313033 -198.102
0.319153 -209.293
0.325316 -201.319
0.33145 -211.818
0.337538 -201.454
0.343633 -187.054
0.349808 -189.496
0.355968 -205.604
0.362074 -190.487
0.368217 -187.266
0.374374 -202.74
0.380519 -187.273
0.386598 -189.452
0.392688 -188.242
0.39888 -188.111
0.405048 -188.629
0.411186 -191.466
0.417313 -184.997
0.423458 -192.025
0.429607 -193.667
0.435692 -182.961
0.441815 -176.45
0.447964 -178.381
0.454126 -176.107
0.460267 -181.794
0.466387 -173.899
0.47254 -170.432
0.478662 -173.41
0.484765 -169.696
0.490885 -178.162
0.497035 -172.63
0.503198 -173.289
0.509342 -170.635
0.515458 -167.616
0.521598 -171.521
0.527764 -169.588
0.533884 -170.96
0.54 -163.485
0.546137 -165.712
0.552299 -162.883
0.558452 -164.652
0.564573 -163.85
0.570708 -159.324
0.576825 -161.49
0.582926 -159.158
0.589034 -160.652
0.595184 -160.094
0.601379 -161.734
0.607522 -158.017
0.613639 -159.916
0.619772 -155.666
0.625918 -158.771
0.632068 -161.494
0.638161 -154.522
0.6443 -158.331
0.650464 -155.651
0.656582 -155.13
0.662703 -148.644
0.668861 -154.857
0.675024 -152.72
0.681124 -151.582
0.687237 -153.179
0.693381 -149.692
0.699536 -151.604
0.705665 -147.1
0.711789 -146.994
0.717957 -144.609
0.72409 -146.209
0.730186 -146.068
0.736317 -142.909
0.742472 -146.438
0.748622 -142.704
0.75476 -144.801
0.760888 -143.34
0.767043 -139.625
0.773185 -141.771
0.779291 -139.879
0.785407 -141.4
0.791564 -139.023
0.797719 -138.748
0.803834 -137.027
0.809972 -135.352
0.816124 -137.693
0.822261 -135.943
0.828378 -137.73
0.834502 -136.709
0.840667 -135.128
0.846816 -134.014
0.852925 -135.118
0.859047 -133.63
0.865192 -131.442
0.871341 -133.281
0.877463 -132.022
0.883569 -133.057
0.889708 -131.028
0.895864 -130.956
0.902008 -129.765
0.908149 -128.036
0.914301 -127.187
0.920448 -127.357
0.926574 -126.316
0.932687 -127.19
0.938823 -125.681
0.944975 -125.302
0.951105 -125.712
0.957225 -124.978
0.963368 -126.388
0.969511 -123.804
0.975621 -122.246
0.981748 -121.492
0.987916 -121.711
0.99406 -121.554
1.00019 -121.933
1.00632 -121.756
1.01246 -119.695
1.01859 -120.395
1.02471 -118.14
1.03085 -117.563
1.03698 -118.477
1.04314 -116.948
1.04929 -118.038
1.05541 -116.406
1.06154 -116.017
1.06769 -114.908
1.07382 -114.562
1.07993 -115.101
1.08607 -113.467
1.09222 -113.039
1.09836 -113.721
1.10449 -112.171
1.11063 -112.506
1.11677 -110.725
1.1229 -110.959
1.12903 -112.303
1.13518 -109.314
1.14131 -109.009
1.14745 -109
1.15359 -107.301
1.15973 -107.892
1.16584 -107.387
1.17197 -106.221
1.17811 -106.565
1.18424 -106.326
1.19038 -105.879
1.19652 -104.726
1.20267 -104.821
1.20881 -103.664
1.21495 -103.63
1.22108 -102.965
1.2272 -103.493
1.23334 -101.703
1.23949 -101.875
1.24562 -101.408
1.25174 -101.576
1.25789 -100.289
1.26402 -100.544
1.27014 -98.2769
1.27628 -98.582
1.28244 -98.601
1.28858 -99.2547
1.29471 -97.4694
1.30084 -96.7897
1.30697 -97.4816
1.31312 -95.847
1.31925 -95.6276
1.32537 -95.2681
1.33151 -94.7696
1.33765 -94.6271
1.34378 -93.5809
1.34992 -93.102
1.35606 -92.8945
1.3622 -92.4299
1.36833 -92.5704
1.37445 -91.6948
1.38059 -90.645
1.38675 -90.8159
1.39288 -89.9413
1.39901 -90.2439
1.40515 -90.4047
1.4113 -89.0536
1.41742 -87.6575
1.42355 -88.0548
1.4297 -87.0143
1.43585 -87.0091
1.44198 -86.4485
1.44809 -86.1342
1.45423 -85.9776
1.46036 -85.6949
1.46649 -85.1169
1.47263 -84.3028
1.47877 -83.5223
1.48491 -83.7712
1.49104 -83.3209
1.49718 -83.2489
1.50333 -82.0652
1.50947 -82.1417
1.5156 -81.5056
1.52172 -81.1843
1.52787 -81.2682
1.534 -81.0653
1.54013 -80.035
1.54627 -79.7199
1.55241 -78.9431
1.55855 -79.3766
1.56467 -79.1865
1.5708 -78.0677
