0.00783031 1391.94
0.013688 -3614.06
0.019231 -1981.89
0.0249154 867.477
0.0312784 473.14
0.0375637 -94.1708
0.0433917 470.591
0.0492413 670.656
0.0555754 763.482
0.0619321 1286.33
0.067871 1089.27
0.0738098 1369.88
0.0800417 1342.96
0.0862327 1072.24
0.0921407 1544.51
0.0982031 1461.56
0.104506 1813.68
0.110769 1636.68
0.116806 1826.09
0.122832 1815.61
0.129052 1845.33
0.135211 1847.72
0.141259 1767.94
0.147318 1794.59
0.153489 1842.4
0.159709 1851.68
0.165845 1988.17
0.171974 1972.68
0.178125 2011.36
0.184229 1994.91
0.19034 1984.22
0.196428 2028.65
0.202534 1959.65
0.208729 1986.88
0.214876 2035.1
0.220989 2070.3
0.227147 1991.77
0.23329 2055.65
0.239377 2045.55
0.245482 2019.73
0.251667 1994.19
0.257832 2004.96
0.263955 2035.54
0.270079 2054.79
0.27624 2060.65
0.282372 2005.16
0.28843 1975.95
0.294538 1997.01
0.300721 2010.97
0.30691 2020.18
0.313033 2004.06
0.319153 2005.37
0.325316 2022.59
0.33145 1985.05
0.337538 1980.07
0.343633 2008.44
0.349808 1970.17
0.355968 1976.12
0.362074 1968.81
0.368217 1970.27
0.374374 1968.39
0.380519 1981.17
0.386598 1975.22
0.392688 1950.88
0.39888 1966.71
0.405048 1945
0.411186 1972.66
0.417313 1948.28
0.423458 1936.31
0.429607 1925.35
0.435692 1953.05
0.441815 1941.5
0.447964 1896.15
0.454126 1907.11
0.460267 1912.26
0.466387 1902.66
0.47254 1913.45
0.478662 1908.21
0.484765 1884.08
0.490885 1883.09
0.497035 1874.38
0.503198 1868.67
0.509342 1860.49
0.515458 1866.83
0.521598 1878.75
0.527764 1850.28
0.533884 1854.18
0.54 1833.3
0.546137 1828.07
0.552299 1839.95
0.558452 1834.06
0.564573 1817.22
0.570708 1804.2
0.576825 1827.71
0.582926 1804.22
0.589034 1793.82
0.595184 1793.08
0.601379 1797.45
0.607522 1772.16
0.613639 1773.15
0.619772 1773.36
0.625918 1781.05
0.632068 1751.17
0.638161 1742.23
0.6443 1752.69
0.650464 1744.13
0.656582 1746.57
0.662703 1723.04
0.668861 1728.35
0.675024 1710.72
0.681124 1712.35
0.687237 1696.93
0.693381 1703.21
0.699536 1703.21
0.705665 1694.12
0.711789 1682.73
0.717957 1673.65
0.72409 1676.86
0.730186 1657.11
0.736317 1657
0.742472 1661.31
0.748622 1646.9
0.75476 1663.16
0.760888 1652.46
0.767043 1636.26
0.773185 1624.23
0.779291 1628.06
0.785407 1609.03
0.791564 1608.57
0.797719 1599.36
0.803834 1604.42
0.809972 1586.96
0.816124 1579.4
0.822261 1584.69
0.828378 1571.08
0.834502 1560.36
0.840667 1559.35
0.846816 1552.95
0.852925 1552.52
0.859047 1541.1
0.865192 1536.42
0.871341 1540.82
0.877463 1522.07
0.883569 1520.62
0.889708 1508.08
0.895864 1507.18
0.902008 1499.27
0.908149 1486.67
0.914301 1490.49
0.920448 1482.76
0.926574 1473.39
0.932687 1469.68
0.938823 1457.47
0.944975 1455
0.951105 1451.38
0.957225 1450.91
0.963368 1440.5
0.969511 1437.88
0.975621 1423.92
0.981748 1421.58
0.987916 1422.18
0.99406 1417.81
1.00019 1412.99
1.00632 1392.86
1.01246 1384.77
1.01859 1388.7
1.02471 1380.26
1.03085 1377.29
1.03698 1373.33
1.04314 1362.3
1.04929 1361.1
1.05541 1347.84
1.06154 1349.6
1.06769 1342.77
1.07382 1335.14
1.07993 1332.19
1.08607 1320.01
1.09222 1316.7
1.09836 1310.89
1.10449 1309.29
1.11063 1304.4
1.11677 1292.73
1.1229 1286.76
1.12903 1283.89
1.13518 1272.94
1.14131 1272.48
1.14745 1258.31
1.15359 1257.81
1.15973 1254.62
1.16584 1244.98
1.17197 1236.64
1.17811 1241.48
1.18424 1231.04
1.19038 1226.56
1.19652 1220.61
1.20267 1215.06
1.20881 1209.17
1.21495 1203.98
1.22108 1195.18
1.2272 1195.21
1.23334 1189.22
1.23949 1180.24
1.24562 1176.12
1.25174 1171.28
1.25789 1169.5
1.26402 1162.53
1.27014 1156.59
1.27628 1152.16
1.28244 1143.69
1.28858 1142.29
1.29471 1129.35
1.30084 1130.47
1.30697 1124.52
1.31312 1117.82
1.31925 1115.88
1.32537 1108.48
1.33151 1100.83
1.33765 1101.89
1.34378 1095.82
1.34992 1084.75
1.35606 1079.82
1.3622 1076.86
1.36833 1073.62
1.37445 1068.6
1.38059 1058.11
1.38675 1058.85
1.39288 1051.64
1.39901 1047.08
1.40515 1046.29
1.4113 1040.33
1.41742 1032.13
1.42355 1028.96
1.4297 1022.91
1.43585 1017.54
1.44198 1013.92
1.44809 1008.62
1.45423 1007.73
1.46036 999.377
1.46649 993.957
1.47263 990.183
1.47877 988.226
1.48491 983.417
1.49104 979.126
1.49718 972.841
1.50333 966.109
1.50947 962.008
1.5156 958.127
1.52172 953.905
1.52787 950.916
1.534 945.267
1.54013 941.236
1.54627 934.152
1.55241 931.769
1.55855 930.184
1.56467 925.425
1.5708 919.856
