0.00783031 18743.6
0.013688 7229.5
0.019231 10794.3
0.0249154 7845.59
0.0312784 9197.93
0.0375637 9316.16
0.0433917 8878.55
0.0492413 9035.57
0.0555754 8460.62
0.0619321 8576.51
0.067871 8876.25
0.0738098 8523.76
0.0800417 8230.38
0.0862327 7851.29
0.0921407 7973.2
0.0982031 7933.93
0.104506 7748.2
0.110769 7792.99
0.116806 7389.4
0.122832 7351.46
0.129052 7195.99
0.135211 7134.35
0.141259 7279.04
0.147318 6786.03
0.153489 6723.56
0.159709 6634.14
0.165845 6450.62
0.171974 6549.97
0.178125 6520.06
0.184229 6245.35
0.19034 6198.49
0.196428 6036.67
0.202534 6044.53
0.208729 5874.23
0.214876 5922.05
0.220989 5744.02
0.227147 5773.25
0.23329 5693.61
0.239377 5564.98
0.245482 5642.97
0.251667 5529.84
0.257832 5486.55
0.263955 5368.54
0.270079 5279
0.27624 5259.12
0.282372 5126.48
0.28843 5103.38
0.294538 5062.19
0.300721 5042.92
0.30691 4949.99
0.313033 4983.13
0.319153 4919.37
0.325316 4858.91
0.33145 4818.68
0.337538 4769.41
0.343633 4719.84
0.349808 4744.17
0.355968 4657.46
0.362074 4644.81
0.368217 4639.99
0.374374 4624.47
0.380519 4549.87
0.386598 4546.89
0.392688 4546.18
0.39888 4482.03
0.405048 4473.62
0.411186 4417.2
0.417313 4392.21
0.423458 4373.04
0.429607 4364.1
0.435692 4353.44
0.441815 4297.21
0.447964 4269.99
0.454126 4259.72
0.460267 4256.07
0.466387 4207.1
0.47254 4165.85
0.478662 4122.51
0.484765 4135.85
0.490885 4119.79
0.497035 4099.42
0.503198 4088.91
0.509342 4052.99
0.515458 4020.79
0.521598 4022.72
0.527764 3980.98
0.533884 3989.79
0.54 3959.73
0.546137 3953.16
0.552299 3922.69
0.558452 3911.27
0.564573 3888.67
0.570708 3898.7
0.576825 3852.12
0.582926 3844.13
0.589034 3789.4
0.595184 3817.46
0.601379 3774.27
0.607522 3781.25
0.613639 3764.91
0.619772 3735.92
0.625918 3721.78
0.632068 3718.83
0.638161 3676.76
0.6443 3688.14
0.650464 3655.14
0.656582 3662.15
0.662703 3667.57
0.668861 3632.05
0.675024 3621.19
0.681124 3609.47
0.687237 3589.37
0.693381 3570.79
0.699536 3550.3
0.705665 3557.9
0.711789 3549.09
0.717957 3531.92
0.72409 3530.98
0.730186 3517.24
0.736317 3484.16
0.742472 3487.88
0.748622 3478.08
0.75476 3460.37
0.760888 3445.26
0.767043 3434.6
0.773185 3406.04
0.779291 3430.45
0.785407 3419.33
0.791564 3392.14
0.797719 3385.24
0.803834 3368.58
0.809972 3366.5
0.816124 3366.57
0.822261 3344.58
0.828378 3332.92
0.834502 3322.18
0.840667 3310.17
0.846816 3312.33
0.852925 3286.5
0.859047 3288.57
0.865192 3278.87
0.871341 3264.02
0.877463 3264.47
0.883569 3253.38
0.889708 3222.43
0.895864 3223.29
0.902008 3210.71
0.908149 3194.37
0.914301 3209.64
0.920448 3190.7
0.926574 3187.92
0.932687 3167.1
0.938823 3159.79
0.944975 3156.02
0.951105 3139.95
0.957225 3133.83
0.963368 3128.31
0.969511 3106.18
0.975621 3103.67
0.981748 3100.72
0.987916 3088.28
0.99406 3085.38
1.00019 3066.63
1.00632 3051.06
1.01246 3047.17
1.01859 3050.64
1.02471 3032.34
1.03085 3024.46
1.03698 3000.93
1.04314 3014.72
1.04929 2986.95
1.05541 2979.91
1.06154 2992.45
1.06769 2963.38
1.07382 2964.94
1.07993 2952.63
1.08607 2951.44
1.09222 2938.57
1.09836 2942.92
1.10449 2912.42
1.11063 2909.68
1.11677 2903.42
1.1229 2899.81
1.12903 2885.91
1.13518 2868.61
1.14131 2871.83
1.14745 2859.38
1.15359 2858.12
1.15973 2847.87
1.16584 2835.48
1.17197 2840.49
1.17811 2840.29
1.18424 2830.37
1.19038 2815
1.19652 2808.98
1.20267 2792.95
1.20881 2804.25
1.21495 2782.59
1.22108 2778.81
1.2272 2771.16
1.23334 2757.39
1.23949 2745.13
1.24562 2752.5
1.25174 2747.24
1.25789 2734.28
1.26402 2723.88
1.27014 2710.61
1.27628 2707.3
1.28244 2705.16
1.28858 2705.79
1.29471 2691.12
1.30084 2685.82
1.30697 2670.32
1.31312 2672.87
1.31925 2674.18
1.32537 2657.7
1.33151 2657.02
1.33765 2640.21
1.34378 2641.78
1.34992 2629.77
1.35606 2624.69
1.3622 2618.09
1.36833 2607.05
1.37445 2606.01
1.38059 2589.85
1.38675 2591.73
1.39288 2580.55
1.39901 2570.59
1.40515 2576.82
1.4113 2558.45
1.41742 2562.65
1.42355 2546.52
1.4297 2548.65
1.43585 2537.82
1.44198 2531.38
1.44809 2528.15
1.45423 2520.19
1.46036 2517.75
1.46649 2503.68
1.47263 2498.06
1.47877 2494.67
1.48491 2490.35
1.49104 2481.63
1.49718 2482.42
1.50333 2477.33
1.50947 2470.76
1.5156 2465.21
1.52172 2459.43
1.52787 2451.29
1.534 2439.75
1.54013 2436.48
1.54627 2432.52
1.55241 2423.1
1.55855 2420.5
1.56467 2407.23
1.5708 2406.33
