0.00783031 4.31458
0.013688 -1.18461
0.019231 -1.46939
0.0249154 1.37228
0.0312784 0.350949
0.0375637 1.1849
0.0433917 2.60222
0.0492413 4.6333
0.0555754 3.80512
0.0619321 5.74344
0.067871 6.45573
0.0738098 6.21814
0.0800417 7.57906
0.0862327 7.51123
0.0921407 9.43241
0.0982031 10.9199
0.104506 11.1645
0.110769 12.6191
0.116806 14.6681
0.122832 14.9696
0.129052 14.6617
0.135211 17.6237
0.141259 19.5653
0.147318 19.0125
0.153489 20.021
0.159709 22.6306
0.165845 21.7972
0.171974 23.2273
0.178125 23.6058
0.184229 25.4909
0.19034 26.4058
0.196428 27.9454
0.202534 28.7966
0.208729 28.7887
0.214876 30.8567
0.220989 31.5695
0.227147 31.4639
0.23329 32.5612
0.239377 34.1776
0.245482 35.5397
0.251667 35.2575
0.257832 36.1716
0.263955 37.4612
0.270079 37.1901
0.27624 38.3343
0.282372 39.144
0.28843 39.4303
0.294538 41.4473
0.300721 41.5869
0.30691 41.5506
0.313033 43.104
0.319153 44.2001
0.325316 44.4206
0.33145 44.0204
0.337538 44.4153
0.343633 45.5278
0.349808 47.2056
0.355968 46.8175
0.362074 47.5952
0.368217 48.4694
0.374374 48.152
0.380519 49.8207
0.386598 50.2046
0.392688 50.2216
0.39888 51.2438
0.405048 50.8532
0.411186 51.1685
0.417313 53.1216
0.423458 52.3526
0.429607 52.8906
0.435692 53.7704
0.441815 54.1996
0.447964 54.9853
0.454126 55.4426
0.460267 55.5746
0.466387 55.6917
0.47254 56.9362
0.478662 56.9801
0.484765 57.9511
0.490885 57.0736
0.497035 57.1428
0.503198 58.0613
0.509342 59.1469
0.515458 58.1476
0.521598 60.2729
0.527764 59.5843
0.533884 60.0897
0.54 60.8014
0.546137 60.8718
0.552299 61.7061
0.558452 61.7447
0.564573 61.8448
0.570708 62.1289
0.576825 62.5631
0.582926 62.6381
0.589034 62.4541
0.595184 63.8491
0.601379 64.1286
0.607522 64.202
0.613639 64.1498
0.619772 65.1451
0.625918 64.907
0.632068 65.1756
0.638161 66.3075
0.6443 65.8059
0.650464 66.4949
0.656582 66.1719
0.662703 66.0142
0.668861 66.8498
0.675024 66.4034
0.681124 66.4321
0.687237 67.2166
0.693381 66.8527
0.699536 67.8181
0.705665 67.7071
0.711789 67.5705
0.717957 68.1448
0.72409 68.1647
0.730186 68.3672
0.736317 68.4933
0.742472 68.9557
0.748622 68.6111
0.75476 69.138
0.760888 69.0954
0.767043 69.0262
0.773185 70.0048
0.779291 69.4297
0.785407 69.6828
0.791564 69.9273
0.797719 69.8381
0.803834 69.7573
0.809972 70.6687
0.816124 70.8111
0.822261 71.1139
0.828378 70.1007
0.834502 71.0783
0.840667 70.7134
0.846816 70.9548
0.852925 71.3607
0.859047 71.1487
0.865192 71.8339
0.871341 71.5683
0.877463 70.8299
0.883569 71.4038
0.889708 72.0727
0.895864 71.4653
0.902008 72.4289
0.908149 71.7124
0.914301 72.1674
0.920448 71.9769
0.926574 72.3662
0.932687 72.6747
0.938823 72.6618
0.944975 72.7289
0.951105 72.8223
0.957225 72.2132
0.963368 72.6368
0.969511 72.686
0.975621 73.6577
0.981748 72.2049
0.987916 72.2956
0.99406 73.0978
1.00019 72.6939
1.00632 72.436
1.01246 72.7082
1.01859 73.1785
1.02471 72.9871
1.03085 72.7846
1.03698 73.5445
1.04314 73.2005
1.04929 73.226
1.05541 73.4102
1.06154 72.9816
1.06769 73.4852
1.07382 73.3305
1.07993 73.6213
1.08607 73.476
1.09222 73.1635
1.09836 73.0851
1.10449 73.8162
1.11063 74.0159
1.11677 74.4212
1.1229 72.8519
1.12903 73.3555
1.13518 73.3173
1.14131 72.883
1.14745 73.2112
1.15359 72.8568
1.15973 72.8078
1.16584 73.4917
1.17197 73.2879
1.17811 73.0878
1.18424 73.1388
1.19038 72.3874
1.19652 73.3095
1.20267 73.2271
1.20881 72.5981
1.21495 73.047
1.22108 72.7648
1.2272 72.7042
1.23334 72.549
1.23949 72.6895
1.24562 73.2108
1.25174 72.4567
1.25789 72.2638
1.26402 72.4207
1.27014 72.0353
1.27628 72.4157
1.28244 72.4583
1.28858 71.9762
1.29471 71.7646
1.30084 71.6368
1.30697 72.2492
1.31312 71.9968
1.31925 71.3042
1.32537 71.4345
1.33151 71.389
1.33765 71.3921
1.34378 71.1704
1.34992 71.5765
1.35606 71.0535
1.3622 70.7352
1.36833 71.3069
1.37445 70.726
1.38059 71.2
1.38675 70.919
1.39288 70.5151
1.39901 71.1102
1.40515 70.8075
1.4113 70.1462
1.41742 70.4647
1.42355 70.2748
1.4297 69.9225
1.43585 69.7238
1.44198 69.4387
1.44809 70.0507
1.45423 69.2905
1.46036 69.3185
1.46649 69.1584
1.47263 69.0903
1.47877 68.9606
1.48491 69.2484
1.49104 68.7961
1.49718 68.2366
1.50333 68.6096
1.50947 68.1317
1.5156 68.0483
1.52172 67.7609
1.52787 68.0704
1.534 67.8384
1.54013 67.5128
1.54627 67.4423
1.55241 67.4409
1.55855 67.0166
1.56467 66.9835
1.5708 66.8891
