0.00783031 3236.66
0.013688 3223.33
0.019231 4217.7
0.0249154 4067.54
0.0312784 2949.55
0.0375637 3127.13
0.0433917 2964.76
0.0492413 2643.75
0.0555754 2297.63
0.0619321 2468.57
0.067871 2256.68
0.0738098 2210.04
0.0800417 1982.12
0.0862327 1916.29
0.0921407 1731.36
0.0982031 1697.57
0.104506 1592.99
0.110769 1564.35
0.116806 1518.49
0.122832 1397.71
0.129052 1383.82
0.135211 1316.62
0.141259 1302.52
0.147318 1242.99
0.153489 1159.79
0.159709 1140.48
0.165845 1129.03
0.171974 1072.65
0.178125 1035.2
0.184229 1006.84
0.19034 980.438
0.196428 940.722
0.202534 919.502
0.208729 899.718
0.214876 865.019
0.220989 835.361
0.227147 833.254
0.23329 791.984
0.239377 767.478
0.245482 763.378
0.251667 742.111
0.257832 720.39
0.263955 711.406
0.270079 683.614
0.27624 667.38
0.282372 652.652
0.28843 648.213
0.294538 626.653
0.300721 626.51
0.30691 605.701
0.313033 592.507
0.319153 574.902
0.325316 572.735
0.33145 554.423
0.337538 553.233
0.343633 537.391
0.349808 528.602
0.355968 523.704
0.362074 511.085
0.368217 500.973
0.374374 490.737
0.380519 484.306
0.386598 479.181
0.392688 470.391
0.39888 457.855
0.405048 451.099
0.411186 447.44
0.417313 437.783
0.423458 436.077
0.429607 428.389
0.435692 423.943
0.441815 417.752
0.447964 406.262
0.454126 403.019
0.460267 400.695
0.466387 395.426
0.47254 390.822
0.478662 383.777
0.484765 380.042
0.490885 370.764
0.497035 367.016
0.503198 363.217
0.509342 360.43
0.515458 356.137
0.521598 350.804
0.527764 345.324
0.533884 343.399
0.54 337.062
0.546137 336.765
0.552299 331.967
0.558452 329.474
0.564573 324.342
0.570708 321.257
0.576825 317.105
0.582926 311.945
0.589034 311.262
0.595184 307.668
0.601379 306.158
0.607522 302.757
0.613639 296.322
0.619772 294.27
0.625918 292.53
0.632068 291.077
0.638161 285.72
0.6443 287.126
0.650464 282.236
0.656582 277.386
0.662703 276.943
0.668861 272.201
0.675024 270.418
0.681124 268.694
0.687237 266.981
0.693381 264.414
0.699536 262.552
0.705665 260.332
0.711789 258.809
0.717957 254.975
0.72409 252.357
0.730186 250.916
0.736317 248.968
0.742472 246.465
0.748622 244.797
0.75476 243.091
0.760888 242.313
0.767043 239.669
0.773185 236.586
0.779291 235.723
0.785407 235.064
0.791564 231.236
0.797719 230.746
0.803834 229.442
0.809972 226.789
0.816124 225.338
0.822261 224.064
0.828378 223.506
0.834502 221.681
0.840667 219.172
0.846816 217.155
0.852925 216.265
0.859047 214.838
0.865192 214.276
0.871341 212.826
0.877463 210.307
0.883569 209.772
0.889708 208.919
0.895864 207.655
0.902008 206.126
0.908149 205.283
0.914301 203.561
0.920448 202.003
0.926574 200.723
0.932687 199.894
0.938823 199.825
0.944975 197.801
0.951105 195.962
0.957225 194.878
0.963368 194.396
0.969511 192.993
0.975621 191.597
0.981748 190.777
0.987916 190.533
0.99406 189.433
1.00019 186.996
1.00632 187.391
1.01246 185.711
1.01859 184.686
1.02471 183.505
1.03085 183.029
1.03698 181.93
1.04314 180.928
1.04929 180.286
1.05541 178.992
1.06154 179.1
1.06769 177.477
1.07382 176.688
1.07993 175.955
1.08607 174.697
1.09222 174.846
1.09836 173.159
1.10449 172.459
1.11063 171.976
1.11677 170.899
1.1229 170.303
1.12903 169.674
1.13518 168.347
1.14131 169.079
1.14745 166.625
1.15359 166.43
1.15973 165.586
1.16584 165.286
1.17197 165.289
1.17811 164.682
1.18424 164.019
1.19038 162.899
1.19652 162.14
1.20267 161.656
1.20881 161.282
1.21495 160.418
1.22108 159.322
1.2272 158.283
1.23334 158.336
1.23949 157.406
1.24562 157.206
1.25174 156.586
1.25789 156.194
1.26402 155.484
1.27014 155.045
1.27628 154.088
1.28244 153.644
1.28858 153.008
1.29471 153.053
1.30084 152.387
1.30697 151.231
1.31312 151.195
1.31925 150.887
1.32537 149.825
1.33151 149.633
1.33765 149.229
1.34378 148.574
1.34992 148.351
1.35606 147.846
1.3622 147.205
1.36833 146.456
1.37445 145.855
1.38059 145.64
1.38675 145.59
1.39288 144.346
1.39901 144.197
1.40515 143.771
1.4113 143.208
1.41742 142.819
1.42355 142.019
1.4297 142.062
1.43585 141.809
1.44198 141.211
1.44809 140.502
1.45423 140.223
1.46036 139.61
1.46649 139.425
1.47263 139.424
1.47877 138.645
1.48491 138.256
1.49104 137.865
1.49718 137.385
1.50333 137.067
1.50947 136.534
1.5156 136.473
1.52172 136.014
1.52787 135.842
1.534 135.036
1.54013 134.977
1.54627 134.379
1.55241 133.666
1.55855 133.8
1.56467 133.807
1.5708 133.499
