0.00783031 20525.3
0.013688 25610.4
0.019231 25819.2
0.0249154 23679.8
0.0312784 20167.7
0.0375637 17080.6
0.0433917 15385.3
0.0492413 13602.2
0.0555754 12345.7
0.0619321 11762.1
0.067871 11056.9
0.0738098 9945.4
0.0800417 8816.78
0.0862327 7949.3
0.0921407 7050.5
0.0982031 6451.88
0.104506 6084.2
0.110769 5810.29
0.116806 5266.45
0.122832 5080.4
0.129052 4702.21
0.135211 4573.72
0.141259 4284.02
0.147318 4157.67
0.153489 3802.96
0.159709 3597.96
0.165845 3440.61
0.171974 3273.33
0.178125 3056.56
0.184229 2958.15
0.19034 2902.77
0.196428 2759.48
0.202534 2693.91
0.208729 2582.54
0.214876 2483.47
0.220989 2430.96
0.227147 2329.89
0.23329 2200.3
0.239377 2179.49
0.245482 2089.58
0.251667 2000.84
0.257832 1941.34
0.263955 1909.2
0.270079 1862.18
0.27624 1798.84
0.282372 1730.49
0.28843 1689.09
0.294538 1637.62
0.300721 1593.16
0.30691 1562.2
0.313033 1546.47
0.319153 1470.35
0.325316 1451.87
0.33145 1421.66
0.337538 1392.31
0.343633 1360.75
0.349808 1342.74
0.355968 1301.38
0.362074 1277.56
0.368217 1246.56
0.374374 1221.81
0.380519 1180.61
0.386598 1170.61
0.392688 1159.79
0.39888 1115.83
0.405048 1102.37
0.411186 1081.52
0.417313 1066.56
0.423458 1038.15
0.429607 1016.7
0.435692 1001.91
0.441815 976.334
0.447964 969.403
0.454126 952.612
0.460267 935.541
0.466387 920.933
0.47254 901.748
0.478662 887.726
0.484765 865.998
0.490885 857.181
0.497035 833.075
0.503198 831.033
0.509342 811.978
0.515458 802.685
0.521598 787.702
0.527764 774.112
0.533884 763.252
0.54 756.821
0.546137 750.476
0.552299 731.196
0.558452 718.087
0.564573 702.034
0.570708 694.014
0.576825 687.599
0.582926 679.428
0.589034 669.742
0.595184 659.193
0.601379 651.088
0.607522 641.378
0.613639 631.319
0.619772 621.877
0.625918 611.112
0.632068 601.32
0.638161 595.533
0.6443 592.457
0.650464 585.238
0.656582 573.345
0.662703 566.48
0.668861 558.72
0.675024 549.532
0.681124 540.805
0.687237 537.173
0.693381 532.028
0.699536 525.086
0.705665 517.464
0.711789 508.545
0.717957 502.481
0.72409 496.219
0.730186 492.844
0.736317 485.223
0.742472 480.23
0.748622 473.359
0.75476 467.313
0.760888 461.786
0.767043 454.13
0.773185 452.41
0.779291 446.22
0.785407 440.856
0.791564 435.521
0.797719 427.361
0.803834 424.671
0.809972 418.599
0.816124 415.862
0.822261 405.742
0.828378 403.478
0.834502 400.124
0.840667 393.58
0.846816 391.383
0.852925 386.049
0.859047 382.052
0.865192 376.399
0.871341 372.994
0.877463 368.476
0.883569 361.875
0.889708 361.302
0.895864 357.191
0.902008 351.117
0.908149 348.639
0.914301 342.469
0.920448 340.129
0.926574 336.504
0.932687 331.853
0.938823 329.742
0.944975 324.216
0.951105 321.142
0.957225 318.237
0.963368 314.406
0.969511 310.505
0.975621 306.202
0.981748 303.343
0.987916 301.721
0.99406 295.731
1.00019 293.255
1.00632 290.002
1.01246 289.136
1.01859 285.285
1.02471 280.947
1.03085 277.977
1.03698 275.699
1.04314 272.865
1.04929 270.564
1.05541 266.298
1.06154 264.255
1.06769 261.675
1.07382 257.938
1.07993 256.042
1.08607 253.307
1.09222 250.93
1.09836 247.939
1.10449 245.073
1.11063 242.224
1.11677 240.598
1.1229 237.587
1.12903 235.164
1.13518 233.21
1.14131 230.424
1.14745 228.553
1.15359 226.388
1.15973 223.18
1.16584 220.964
1.17197 219.143
1.17811 216.647
1.18424 215.042
1.19038 212.348
1.19652 209.782
1.20267 207.536
1.20881 206.334
1.21495 204.194
1.22108 202.46
1.2272 199.61
1.23334 197.347
1.23949 195.548
1.24562 194.094
1.25174 191.782
1.25789 189.757
1.26402 188.139
1.27014 186.117
1.27628 184.444
1.28244 182.289
1.28858 180.923
1.29471 178.827
1.30084 177.111
1.30697 175.795
1.31312 173.716
1.31925 172.129
1.32537 170.693
1.33151 168.818
1.33765 166.67
1.34378 165.172
1.34992 163.516
1.35606 162.263
1.3622 160.692
1.36833 159.108
1.37445 157.112
1.38059 155.842
1.38675 154.289
1.39288 152.584
1.39901 150.916
1.40515 149.324
1.4113 148.704
1.41742 146.36
1.42355 145.419
1.4297 144.483
1.43585 143.214
1.44198 141.043
1.44809 140.273
1.45423 138.937
1.46036 137.361
1.46649 136.507
1.47263 134.518
1.47877 133.212
1.48491 132.034
1.49104 131.134
1.49718 129.844
1.50333 128.452
1.50947 127.289
1.5156 125.729
1.52172 124.61
1.52787 123.658
1.534 122.372
1.54013 121.392
1.54627 120.318
1.55241 118.751
1.55855 118.016
1.56467 116.648
1.5708 115.88
