0.00783031 -160.863
0.013688 -1111.73
0.019231 2430.81
0.0249154 -670.385
0.0312784 270.224
0.0375637 -149.955
0.0433917 1518.2
0.0492413 1136.76
0.0555754 421.327
0.0619321 756.599
0.067871 871.556
0.0738098 660.204
0.0800417 604.345
0.0862327 642.468
0.0921407 874.285
0.0982031 846.507
0.104506 789.547
0.110769 1101.43
0.116806 937.46
0.122832 982.995
0.129052 902.023
0.135211 958.755
0.141259 1013.37
0.147318 1118.18
0.153489 1178.97
0.159709 1126.21
0.165845 1079.62
0.171974 1110.53
0.178125 1126.28
0.184229 1161.68
0.19034 1119.44
0.196428 1107.55
0.202534 1177
0.208729 1237.19
0.214876 1168.16
0.220989 1194.69
0.227147 1173.74
0.23329 1146.41
0.239377 1207.44
0.245482 1188.85
0.251667 1151.93
0.257832 1150.44
0.263955 1179.31
0.270079 1172.09
0.27624 1127.4
0.282372 1129.78
0.28843 1140.96
0.294538 1136.13
0.300721 1124.55
0.30691 1114.81
0.313033 1134.55
0.319153 1103.37
0.325316 1113.51
0.33145 1110.25
0.337538 1097.51
0.343633 1089.79
0.349808 1102.96
0.355968 1074.5
0.362074 1080.64
0.368217 1059.59
0.374374 1050.25
0.380519 1050.71
0.386598 1039.63
0.392688 1050.42
0.39888 1025.37
0.405048 1024.23
0.411186 1022.25
0.417313 1015.95
0.423458 993.122
0.429607 988.616
0.435692 982.492
0.441815 970.747
0.447964 982.594
0.454126 969.183
0.460267 957.554
0.466387 946.381
0.47254 946.041
0.478662 934.49
0.484765 925.205
0.490885 922.756
0.497035 901.167
0.503198 910.7
0.509342 897.342
0.515458 892.127
0.521598 884.859
0.527764 873.793
0.533884 867.316
0.54 871.348
0.546137 875.016
0.552299 853.671
0.558452 846.396
0.564573 831.618
0.570708 832.323
0.576825 824.198
0.582926 820.852
0.589034 812.882
0.595184 813.29
0.601379 803.96
0.607522 794.574
0.613639 788.439
0.619772 778.141
0.625918 772.782
0.632068 762.332
0.638161 762.325
0.6443 762.857
0.650464 754.792
0.656582 742.029
0.662703 741.416
0.668861 732.216
0.675024 719.707
0.681124 714.438
0.687237 716.129
0.693381 712.074
0.699536 703.742
0.705665 697.074
0.711789 690.001
0.717957 685.228
0.72409 680.626
0.730186 679.609
0.736317 668.496
0.742472 662.246
0.748622 659.662
0.75476 654.357
0.760888 649.766
0.767043 639.756
0.773185 640.668
0.779291 634.917
0.785407 629.147
0.791564 622.58
0.797719 614.969
0.803834 614.101
0.809972 606.854
0.816124 602.578
0.822261 592.878
0.828378 592.19
0.834502 586.934
0.840667 580.978
0.846816 579.215
0.852925 573.672
0.859047 569.93
0.865192 562.321
0.871341 561.321
0.877463 554.1
0.883569 546.689
0.889708 545.914
0.895864 543.79
0.902008 535.545
0.908149 534.202
0.914301 525.279
0.920448 524.218
0.926574 520.579
0.932687 513.649
0.938823 510.867
0.944975 504.956
0.951105 500.95
0.957225 498.278
0.963368 494.011
0.969511 489.58
0.975621 483.732
0.981748 480.818
0.987916 477.808
0.99406 470.978
1.00019 469.617
1.00632 464.144
1.01246 463.844
1.01859 459.611
1.02471 454.048
1.03085 449.691
1.03698 446.602
1.04314 442.947
1.04929 441.61
1.05541 435.319
1.06154 433.205
1.06769 430.338
1.07382 424.301
1.07993 422.971
1.08607 419.391
1.09222 415.873
1.09836 412.505
1.10449 408.557
1.11063 405.521
1.11677 402.866
1.1229 398.354
1.12903 395.257
1.13518 393.846
1.14131 388.873
1.14745 387.966
1.15359 384.102
1.15973 380.099
1.16584 376.391
1.17197 374.825
1.17811 370.88
1.18424 369.466
1.19038 365.522
1.19652 361.433
1.20267 359.259
1.20881 357.855
1.21495 354.473
1.22108 352.426
1.2272 349.205
1.23334 344.6
1.23949 343.524
1.24562 340.824
1.25174 338.158
1.25789 334.977
1.26402 332.44
1.27014 329.934
1.27628 327.402
1.28244 324.271
1.28858 322.706
1.29471 319.832
1.30084 317.475
1.30697 316.21
1.31312 312.83
1.31925 311.344
1.32537 308.998
1.33151 306.315
1.33765 303.339
1.34378 301.368
1.34992 298.156
1.35606 296.859
1.3622 294.191
1.36833 292.912
1.37445 289.418
1.38059 287.398
1.38675 285.679
1.39288 283.385
1.39901 279.839
1.40515 277.706
1.4113 277.459
1.41742 273.375
1.42355 272.528
1.4297 270.971
1.43585 269.417
1.44198 265.544
1.44809 264.891
1.45423 262.974
1.46036 260.449
1.46649 259.15
1.47263 256.897
1.47877 254.551
1.48491 252.525
1.49104 251.103
1.49718 248.874
1.50333 247.566
1.50947 245.914
1.5156 243.045
1.52172 241.084
1.52787 240.279
1.534 238.293
1.54013 237.107
1.54627 234.69
1.55241 232.842
1.55855 231.278
1.56467 229.252
1.5708 228.576
