0.00783031 21041.2
0.013688 26359.9
0.019231 26378.3
0.0249154 24445.2
0.0312784 21034.8
0.0375637 18373.2
0.0433917 15627.2
0.0492413 14564
0.0555754 13170.2
0.0619321 12256
0.067871 11441.3
0.0738098 10752.9
0.0800417 9816.07
0.0862327 8693.01
0.0921407 7981.62
0.0982031 7200.67
0.104506 6700.53
0.110769 6333.81
0.116806 6176.44
0.122832 5912.69
0.129052 5712.66
0.135211 5583.54
0.141259 5353
0.147318 5015.35
0.153489 4697.58
0.159709 4496.4
0.165845 4316.86
0.171974 4139.84
0.178125 4036.35
0.184229 3875.04
0.19034 3900.62
0.196428 3745.91
0.202534 3669.15
0.208729 3523.82
0.214876 3315.72
0.220989 3345.56
0.227147 3177.39
0.23329 3150.82
0.239377 3082.92
0.245482 3005.01
0.251667 2927.59
0.257832 2934.88
0.263955 2833.37
0.270079 2805.06
0.27624 2711.39
0.282372 2687.52
0.28843 2614.71
0.294538 2628.96
0.300721 2555
0.30691 2529.47
0.313033 2458.39
0.319153 2415.96
0.325316 2393.51
0.33145 2368.6
0.337538 2306.45
0.343633 2302.96
0.349808 2265.7
0.355968 2240.59
0.362074 2230.67
0.368217 2172.94
0.374374 2172.89
0.380519 2137.07
0.386598 2114.44
0.392688 2077.59
0.39888 2067.98
0.405048 2044.59
0.411186 2001.54
0.417313 2004.99
0.423458 1956.21
0.429607 1955.23
0.435692 1931.15
0.441815 1907.48
0.447964 1898.74
0.454126 1884.5
0.460267 1845.63
0.466387 1822.1
0.47254 1826.73
0.478662 1784.6
0.484765 1788.03
0.490885 1771.71
0.497035 1753.61
0.503198 1758.05
0.509342 1734.34
0.515458 1715.24
0.521598 1685.76
0.527764 1678.01
0.533884 1664.62
0.54 1651.65
0.546137 1629.08
0.552299 1629.42
0.558452 1607.82
0.564573 1600.03
0.570708 1597.33
0.576825 1572.06
0.582926 1568
0.589034 1563.84
0.595184 1541.38
0.601379 1543.57
0.607522 1532.58
0.613639 1505.62
0.619772 1493.94
0.625918 1494.55
0.632068 1483.59
0.638161 1459.19
0.6443 1456.52
0.650464 1449.23
0.656582 1431.88
0.662703 1421.96
0.668861 1418.11
0.675024 1400.99
0.681124 1390.78
0.687237 1389.15
0.693381 1371.78
0.699536 1373.4
0.705665 1350.93
0.711789 1353.48
0.717957 1345.55
0.72409 1323.97
0.730186 1313.19
0.736317 1307.52
0.742472 1299.26
0.748622 1295.97
0.75476 1290.14
0.760888 1285.39
0.767043 1271.37
0.773185 1260.55
0.779291 1251.33
0.785407 1238.36
0.791564 1242.53
0.797719 1232.22
0.803834 1221.01
0.809972 1210.51
0.816124 1208.5
0.822261 1195.3
0.828378 1191.89
0.834502 1188.8
0.840667 1173.47
0.846816 1168.83
0.852925 1168.98
0.859047 1151.59
0.865192 1150.73
0.871341 1139.64
0.877463 1137
0.883569 1124.3
0.889708 1114.3
0.895864 1111.31
0.902008 1104.05
0.908149 1098.11
0.914301 1087.69
0.920448 1083.24
0.926574 1079.52
0.932687 1072.5
0.938823 1067.47
0.944975 1055.35
0.951105 1052.65
0.957225 1039.42
0.963368 1036.9
0.969511 1029.06
0.975621 1025.13
0.981748 1014.65
0.987916 1011.12
0.99406 1007.07
1.00019 998.649
1.00632 992.279
1.01246 985.237
1.01859 980.41
1.02471 976.553
1.03085 967.867
1.03698 958.229
1.04314 959.936
1.04929 949.686
1.05541 946.984
1.06154 941.962
1.06769 931.656
1.07382 930.573
1.07993 921.936
1.08607 918.771
1.09222 910.249
1.09836 905.793
1.10449 896.191
1.11063 893.298
1.11677 891.551
1.1229 883.811
1.12903 875.959
1.13518 874.987
1.14131 870.412
1.14745 861.733
1.15359 857.968
1.15973 851.619
1.16584 846.904
1.17197 845.005
1.17811 835.765
1.18424 834.911
1.19038 827.879
1.19652 823.516
1.20267 816.34
1.20881 810.471
1.21495 808.656
1.22108 804.65
1.2272 798.293
1.23334 792.775
1.23949 788.644
1.24562 783.685
1.25174 780.665
1.25789 771.83
1.26402 771.079
1.27014 766.458
1.27628 757.681
1.28244 757.37
1.28858 753.968
1.29471 748.917
1.30084 742.747
1.30697 738.939
1.31312 734.555
1.31925 730.251
1.32537 727.076
1.33151 722.231
1.33765 714.614
1.34378 713.502
1.34992 710.855
1.35606 705.653
1.3622 702.101
1.36833 697.905
1.37445 689.702
1.38059 687.405
1.38675 687.313
1.39288 679.075
1.39901 675.971
1.40515 672.467
1.4113 669.478
1.41742 663.963
1.42355 660.403
1.4297 657.129
1.43585 654.041
1.44198 650.007
1.44809 645.339
1.45423 641.771
1.46036 638.891
1.46649 634.18
1.47263 631.987
1.47877 627.369
1.48491 623.863
1.49104 621.023
1.49718 616.279
1.50333 613.593
1.50947 609.586
1.5156 606.209
1.52172 602.875
1.52787 599.745
1.534 596.464
1.54013 592.417
1.54627 590.179
1.55241 584.424
1.55855 581.422
1.56467 578.695
1.5708 576.625
