0.00783031 20414.9
0.013688 25366.3
0.019231 25699.7
0.0249154 23480.8
0.0312784 20148.4
0.0375637 17198.6
0.0433917 14760
0.0492413 13490.1
0.0555754 12653.1
0.0619321 11693.4
0.067871 10667.6
0.0738098 9903.79
0.0800417 8998.84
0.0862327 8314.23
0.0921407 7344.01
0.0982031 6413.99
0.104506 5879.59
0.110769 5517.1
0.116806 5178.59
0.122832 5064.06
0.129052 4669.86
0.135211 4560.88
0.141259 4245.45
0.147318 4063.41
0.153489 3869.82
0.159709 3581.82
0.165845 3384.4
0.171974 3171.98
0.178125 3092.23
0.184229 2952.31
0.19034 2858.84
0.196428 2732.09
0.202534 2675.28
0.208729 2580.96
0.214876 2474.27
0.220989 2371.63
0.227147 2325.62
0.23329 2195.94
0.239377 2148.73
0.245482 2066.28
0.251667 2007.11
0.257832 1969.75
0.263955 1887.28
0.270079 1830.65
0.27624 1778.9
0.282372 1729.68
0.28843 1685.61
0.294538 1613.52
0.300721 1578.95
0.30691 1536.67
0.313033 1525.01
0.319153 1475.94
0.325316 1446.91
0.33145 1417.54
0.337538 1375.52
0.343633 1347.92
0.349808 1327.21
0.355968 1292.99
0.362074 1255.51
0.368217 1233.24
0.374374 1214.15
0.380519 1182.86
0.386598 1153.98
0.392688 1137
0.39888 1111.56
0.405048 1080.04
0.411186 1077.08
0.417313 1040.36
0.423458 1028.35
0.429607 1013.23
0.435692 988.876
0.441815 970.563
0.447964 951.39
0.454126 944.954
0.460267 924.855
0.466387 907.066
0.47254 887.761
0.478662 870.384
0.484765 861.699
0.490885 843.823
0.497035 831.917
0.503198 821.322
0.509342 800.753
0.515458 789.33
0.521598 781.38
0.527764 766.599
0.533884 754.651
0.54 743.32
0.546137 732.121
0.552299 715.906
0.558452 711.626
0.564573 699.887
0.570708 688.675
0.576825 677.328
0.582926 669.795
0.589034 657.383
0.595184 650.765
0.601379 639.248
0.607522 635.48
0.613639 629.104
0.619772 613.197
0.625918 603.895
0.632068 595.521
0.638161 585.437
0.6443 578.703
0.650464 571.856
0.656582 567.367
0.662703 556.719
0.668861 547.823
0.675024 541.714
0.681124 536.938
0.687237 526.898
0.693381 522.221
0.699536 519.3
0.705665 508.578
0.711789 503.246
0.717957 495.041
0.72409 489.971
0.730186 486.408
0.736317 478.293
0.742472 473.183
0.748622 467.52
0.75476 462.371
0.760888 453.861
0.767043 448.085
0.773185 443.823
0.779291 437.782
0.785407 434.289
0.791564 429.414
0.797719 422.668
0.803834 418.149
0.809972 410.572
0.816124 408.099
0.822261 403.371
0.828378 398.008
0.834502 393.473
0.840667 389.361
0.846816 384.854
0.852925 379.384
0.859047 374.131
0.865192 369.212
0.871341 365.387
0.877463 361.698
0.883569 358.392
0.889708 353.103
0.895864 349.75
0.902008 347.513
0.908149 341.459
0.914301 338.972
0.920448 333.153
0.926574 331.354
0.932687 326.382
0.938823 324.946
0.944975 319.123
0.951105 314.654
0.957225 312.111
0.963368 308.974
0.969511 306.867
0.975621 301.961
0.981748 298.695
0.987916 295.279
0.99406 292.213
1.00019 289.457
1.00632 285.763
1.01246 282.308
1.01859 280.989
1.02471 276.714
1.03085 272.978
1.03698 270.627
1.04314 267.815
1.04929 264.661
1.05541 262.849
1.06154 260.862
1.06769 256.43
1.07382 253.833
1.07993 250.44
1.08607 248.195
1.09222 246.447
1.09836 243.689
1.10449 240.965
1.11063 237.856
1.11677 235.301
1.1229 234.285
1.12903 230.528
1.13518 227.876
1.14131 226.712
1.14745 224.982
1.15359 221.657
1.15973 221.029
1.16584 217.439
1.17197 214.506
1.17811 213.427
1.18424 210.829
1.19038 208.875
1.19652 206.921
1.20267 204.718
1.20881 203.283
1.21495 199.727
1.22108 198.114
1.2272 197.019
1.23334 194.678
1.23949 192.911
1.24562 190.756
1.25174 188.482
1.25789 185.946
1.26402 185.548
1.27014 182.762
1.27628 180.961
1.28244 179.099
1.28858 177.779
1.29471 176.24
1.30084 174.324
1.30697 172.668
1.31312 170.785
1.31925 169.06
1.32537 167.4
1.33151 166.003
1.33765 164.06
1.34378 162.682
1.34992 161.33
1.35606 159.814
1.3622 157.766
1.36833 156.469
1.37445 155.017
1.38059 153.317
1.38675 151.616
1.39288 150.12
1.39901 148.612
1.40515 147.588
1.4113 145.775
1.41742 144.495
1.42355 143.693
1.4297 141.578
1.43585 140.589
1.44198 139.456
1.44809 137.962
1.45423 136.672
1.46036 135.37
1.46649 133.866
1.47263 132.758
1.47877 131.482
1.48491 130.237
1.49104 128.472
1.49718 127.968
1.50333 126.479
1.50947 125.047
1.5156 123.901
1.52172 122.93
1.52787 122.184
1.534 121.001
1.54013 119.297
1.54627 118.33
1.55241 117.481
1.55855 115.995
1.56467 114.949
1.5708 113.717
