0.00783031 -17.814
0.013688 0.544469
0.019231 -12.7303
0.0249154 -0.265502
0.0312784 -0.751188
0.0375637 6.73547
0.0433917 7.14604
0.0492413 2.49609
0.0555754 9.39103
0.0619321 6.46135
0.067871 6.04821
0.0738098 6.44179
0.0800417 8.63427
0.0862327 11.1999
0.0921407 13.8299
0.0982031 13.0775
0.104506 14.1108
0.110769 15.2262
0.116806 17.0563
0.122832 18.1082
0.129052 19.2486
0.135211 21.6399
0.141259 21.0206
0.147318 20.533
0.153489 22.3724
0.159709 24.3327
0.165845 23.8854
0.171974 23.0394
0.178125 26.9636
0.184229 26.8141
0.19034 27.7547
0.196428 28.5204
0.202534 29.0059
0.208729 29.3574
0.214876 32.4135
0.220989 32.4745
0.227147 32.7192
0.23329 34.4931
0.239377 34.8887
0.245482 34.976
0.251667 36.3056
0.257832 37.0799
0.263955 37.5666
0.270079 38.9043
0.27624 38.9195
0.282372 38.0753
0.28843 40.0668
0.294538 40.7872
0.300721 41.4277
0.30691 41.3683
0.313033 43.7212
0.319153 42.3839
0.325316 44.0467
0.33145 43.7472
0.337538 44.9592
0.343633 45.0453
0.349808 45.9194
0.355968 46.1817
0.362074 45.8789
0.368217 47.986
0.374374 48.4103
0.380519 48.8123
0.386598 48.7747
0.392688 49.2314
0.39888 48.6054
0.405048 50.0228
0.411186 49.8674
0.417313 51.1367
0.423458 51.1804
0.429607 51.9506
0.435692 51.5796
0.441815 52.6545
0.447964 52.805
0.454126 52.614
0.460267 53.2041
0.466387 53.4653
0.47254 53.8869
0.478662 54.6044
0.484765 54.1791
0.490885 54.8997
0.497035 54.7772
0.503198 55.133
0.509342 55.2133
0.515458 55.0008
0.521598 55.7426
0.527764 56.3351
0.533884 56.3714
0.54 56.8694
0.546137 56.2129
0.552299 56.4963
0.558452 57.2937
0.564573 57.4795
0.570708 57.188
0.576825 57.4025
0.582926 56.8039
0.589034 58.4545
0.595184 57.87
0.601379 57.2831
0.607522 58.0328
0.613639 58.1427
0.619772 58.0913
0.625918 57.9628
0.632068 57.2485
0.638161 57.7598
0.6443 57.702
0.650464 58.8944
0.656582 57.6942
0.662703 58.4097
0.668861 58.6486
0.675024 58.0824
0.681124 58.6984
0.687237 58.197
0.693381 57.5815
0.699536 58.4156
0.705665 58.6322
0.711789 57.6311
0.717957 57.8289
0.72409 57.9918
0.730186 58.0632
0.736317 58.1531
0.742472 57.8862
0.748622 57.6349
0.75476 57.4341
0.760888 57.9884
0.767043 57.7846
0.773185 57.2578
0.779291 57.6309
0.785407 56.4912
0.791564 57.5001
0.797719 56.5416
0.803834 56.8847
0.809972 56.2161
0.816124 56.6535
0.822261 56.2553
0.828378 55.868
0.834502 55.7638
0.840667 55.7833
0.846816 55.8379
0.852925 55.3079
0.859047 55.3935
0.865192 54.8302
0.871341 54.6097
0.877463 54.5225
0.883569 54.6632
0.889708 54.3686
0.895864 53.6152
0.902008 53.2616
0.908149 53.2979
0.914301 53.2378
0.920448 52.7907
0.926574 52.381
0.932687 52.8681
0.938823 52.434
0.944975 51.5039
0.951105 51.458
0.957225 51.7184
0.963368 51.019
0.969511 50.2148
0.975621 50.3907
0.981748 50.1646
0.987916 50.4036
0.99406 50.3395
1.00019 49.523
1.00632 48.9829
1.01246 48.9864
1.01859 48.6255
1.02471 48.6673
1.03085 47.954
1.03698 47.4172
1.04314 47.2395
1.04929 47.0631
1.05541 46.9958
1.06154 47.0069
1.06769 46.3276
1.07382 46.1932
1.07993 45.8563
1.08607 45.9648
1.09222 45.0379
1.09836 45.2059
1.10449 44.4987
1.11063 44.462
1.11677 44.3331
1.1229 43.7241
1.12903 43.874
1.13518 43.4586
1.14131 43.3989
1.14745 43.0842
1.15359 42.24
1.15973 42.4423
1.16584 42.067
1.17197 41.4855
1.17811 41.6832
1.18424 41.0489
1.19038 41.0631
1.19652 40.5623
1.20267 39.8972
1.20881 40.0068
1.21495 39.819
1.22108 39.8793
1.2272 39.4783
1.23334 39.0055
1.23949 39.1054
1.24562 38.689
1.25174 38.3208
1.25789 38.1575
1.26402 38.0013
1.27014 38.036
1.27628 37.406
1.28244 37.2027
1.28858 37.2291
1.29471 36.6741
1.30084 36.5736
1.30697 36.481
1.31312 36.2552
1.31925 35.6964
1.32537 35.6448
1.33151 35.2874
1.33765 35.1544
1.34378 34.8698
1.34992 34.5337
1.35606 34.4997
1.3622 34.2312
1.36833 34.1468
1.37445 33.9777
1.38059 33.674
1.38675 33.2894
1.39288 33.2293
1.39901 33
1.40515 32.7135
1.4113 32.557
1.41742 32.5256
1.42355 32.5335
1.4297 32.262
1.43585 31.8474
1.44198 31.6715
1.44809 31.5107
1.45423 31.4868
1.46036 30.9358
1.46649 30.876
1.47263 30.7774
1.47877 30.239
1.48491 30.5119
1.49104 30.0762
1.49718 30.2053
1.50333 29.7322
1.50947 29.5551
1.5156 29.273
1.52172 29.1314
1.52787 29.0471
1.534 29.034
1.54013 28.8405
1.54627 28.5939
1.55241 28.6006
1.55855 28.3383
1.56467 28.2455
1.5708 28.0801
