0.00783031 20927.1
0.013688 25581.8
0.019231 26241.7
0.0249154 23565.7
0.0312784 21080.9
0.0375637 17975
0.0433917 15046.1
0.0492413 13921.1
0.0555754 12745.8
0.0619321 11729.5
0.067871 10660.7
0.0738098 10206.3
0.0800417 9337.53
0.0862327 8263.8
0.0921407 7505
0.0982031 6745.69
0.104506 6183.94
0.110769 5680.36
0.116806 5391.7
0.122832 5244.72
0.129052 5181.23
0.135211 4646.38
0.141259 4418.47
0.147318 4246.51
0.153489 3948.53
0.159709 3789.43
0.165845 3586.39
0.171974 3401.5
0.178125 3382.14
0.184229 3196.39
0.19034 3110.17
0.196428 3035.11
0.202534 2835.64
0.208729 2781.94
0.214876 2703.74
0.220989 2632.06
0.227147 2524.55
0.23329 2438.5
0.239377 2360.14
0.245482 2259.06
0.251667 2233.02
0.257832 2175.27
0.263955 2153.38
0.270079 2068.77
0.27624 2056.69
0.282372 1975.78
0.28843 1921.21
0.294538 1871.23
0.300721 1873.12
0.30691 1839.78
0.313033 1785.93
0.319153 1746.64
0.325316 1741.47
0.33145 1679.34
0.337538 1665.2
0.343633 1625.79
0.349808 1607.22
0.355968 1552.81
0.362074 1526.55
0.368217 1520.82
0.374374 1485.11
0.380519 1440.46
0.386598 1436.81
0.392688 1439.57
0.39888 1405.86
0.405048 1398.24
0.411186 1358.45
0.417313 1349.52
0.423458 1324.26
0.429607 1305.12
0.435692 1281.46
0.441815 1264.44
0.447964 1256.81
0.454126 1241.07
0.460267 1234.48
0.466387 1209.53
0.47254 1198.68
0.478662 1175.15
0.484765 1162.74
0.490885 1144.85
0.497035 1141.6
0.503198 1117.71
0.509342 1102.33
0.515458 1102.87
0.521598 1101.74
0.527764 1083.01
0.533884 1059.69
0.54 1054.15
0.546137 1039.88
0.552299 1024.65
0.558452 1025.1
0.564573 1003.66
0.570708 1002.2
0.576825 983.635
0.582926 965.637
0.589034 962.747
0.595184 958.143
0.601379 956.924
0.607522 947.417
0.613639 927.803
0.619772 918.974
0.625918 904.201
0.632068 899.156
0.638161 891.254
0.6443 885.564
0.650464 880.484
0.656582 867.274
0.662703 851.55
0.668861 854.005
0.675024 842.88
0.681124 833.423
0.687237 829.258
0.693381 820.55
0.699536 811.075
0.705665 808.635
0.711789 800.079
0.717957 796.777
0.72409 778.185
0.730186 777.846
0.736317 774.138
0.742472 764.32
0.748622 759.283
0.75476 748.785
0.760888 742.907
0.767043 734.297
0.773185 730.206
0.779291 723.824
0.785407 719.502
0.791564 714.144
0.797719 706.695
0.803834 701.765
0.809972 693.896
0.816124 689.702
0.822261 681.189
0.828378 677.071
0.834502 670.695
0.840667 666.898
0.846816 658.504
0.852925 654.175
0.859047 644.992
0.865192 637.269
0.871341 636.531
0.877463 631.691
0.883569 626.657
0.889708 623.594
0.895864 615.444
0.902008 608.191
0.908149 604.027
0.914301 601.184
0.920448 597.373
0.926574 590.364
0.932687 585.051
0.938823 580.412
0.944975 575.176
0.951105 573.029
0.957225 566.139
0.963368 562.46
0.969511 556.466
0.975621 550.128
0.981748 549.653
0.987916 547.413
0.99406 537.93
1.00019 536.48
1.00632 529.022
1.01246 526.77
1.01859 521.869
1.02471 515.895
1.03085 513.876
1.03698 507.558
1.04314 504.709
1.04929 501.322
1.05541 496.934
1.06154 490.97
1.06769 489.278
1.07382 485.039
1.07993 482.476
1.08607 478.983
1.09222 471.472
1.09836 469.207
1.10449 465.724
1.11063 460.365
1.11677 459.249
1.1229 453.867
1.12903 450.126
1.13518 447.342
1.14131 442.652
1.14745 439.453
1.15359 434.35
1.15973 433.393
1.16584 428.086
1.17197 423.243
1.17811 421.048
1.18424 418.003
1.19038 414.984
1.19652 409.973
1.20267 407.371
1.20881 403.665
1.21495 400.402
1.22108 398.122
1.2272 393.813
1.23334 389.885
1.23949 386.159
1.24562 383.877
1.25174 380.692
1.25789 378.192
1.26402 375.303
1.27014 370.871
1.27628 369.594
1.28244 365.105
1.28858 361.744
1.29471 359.065
1.30084 356.717
1.30697 354.001
1.31312 350.919
1.31925 345.723
1.32537 344.861
1.33151 341.536
1.33765 339.078
1.34378 336.868
1.34992 334.345
1.35606 331.267
1.3622 328.578
1.36833 325.473
1.37445 323.149
1.38059 319.931
1.38675 316.758
1.39288 314.641
1.39901 311.275
1.40515 308.855
1.4113 308.632
1.41742 304.965
1.42355 301.877
1.4297 298.58
1.43585 297.433
1.44198 294.039
1.44809 292.22
1.45423 289.881
1.46036 287.501
1.46649 285.487
1.47263 282.44
1.47877 280.497
1.48491 278.505
1.49104 275.979
1.49718 273.948
1.50333 271.099
1.50947 269.347
1.5156 267.149
1.52172 265.194
1.52787 262.921
1.534 260.665
1.54013 258.08
1.54627 257.253
1.55241 253.221
1.55855 251.03
1.56467 249.878
1.5708 247.977
