0.00783031 20537
0.013688 25040.9
0.019231 25546.1
0.0249154 23017.2
0.0312784 20464.7
0.0375637 17374.3
0.0433917 14550.5
0.0492413 13315.7
0.0555754 12163.7
0.0619321 11176.2
0.067871 10154.6
0.0738098 9626.34
0.0800417 8715.19
0.0862327 7658.34
0.0921407 6940.98
0.0982031 6184.71
0.104506 5637.62
0.110769 5146.37
0.116806 4847.62
0.122832 4704.74
0.129052 4604.77
0.135211 4090.21
0.141259 3874.8
0.147318 3702.66
0.153489 3412.46
0.159709 3243.58
0.165845 3050.35
0.171974 2881
0.178125 2849.53
0.184229 2670.37
0.19034 2589.79
0.196428 2505.28
0.202534 2326.72
0.208729 2271.01
0.214876 2191.82
0.220989 2120.03
0.227147 2025.09
0.23329 1945.8
0.239377 1870.91
0.245482 1780.23
0.251667 1752.01
0.257832 1701.41
0.263955 1670.8
0.270079 1598.12
0.27624 1578.05
0.282372 1510.51
0.28843 1463.46
0.294538 1417.53
0.300721 1410.99
0.30691 1381.06
0.313033 1333.18
0.319153 1297.56
0.325316 1286.83
0.33145 1236.92
0.337538 1219.74
0.343633 1186.77
0.349808 1168.18
0.355968 1123.76
0.362074 1102.77
0.368217 1091.87
0.374374 1061.86
0.380519 1026.92
0.386598 1020.29
0.392688 1018.5
0.39888 990.569
0.405048 980.667
0.411186 948.891
0.417313 940.934
0.423458 918.585
0.429607 901.969
0.435692 883.843
0.441815 868.066
0.447964 859.141
0.454126 845.979
0.460267 839.386
0.466387 819.059
0.47254 810.332
0.478662 792.81
0.484765 781.212
0.490885 767.144
0.497035 761.661
0.503198 743.559
0.509342 730.573
0.515458 728.563
0.521598 727.294
0.527764 711.452
0.533884 694.317
0.54 689.084
0.546137 677.973
0.552299 666.239
0.558452 664.742
0.564573 649.298
0.570708 646.65
0.576825 632.504
0.582926 619.776
0.589034 616.257
0.595184 611.635
0.601379 609.77
0.607522 601.774
0.613639 588.043
0.619772 580.664
0.625918 569.444
0.632068 565.709
0.638161 559.512
0.6443 554.21
0.650464 549.603
0.656582 540.464
0.662703 529.642
0.668861 529.392
0.675024 521.569
0.681124 514.572
0.687237 510.552
0.693381 504.548
0.699536 497.477
0.705665 494.594
0.711789 488.368
0.717957 485.297
0.72409 473.133
0.730186 471.816
0.736317 468.697
0.742472 461.528
0.748622 457.548
0.75476 450.535
0.760888 446.022
0.767043 440.239
0.773185 436.603
0.779291 432.06
0.785407 428.448
0.791564 424.515
0.797719 419.217
0.803834 415.345
0.809972 410.142
0.816124 406.951
0.822261 401.199
0.828378 398.014
0.834502 393.235
0.840667 390.302
0.846816 384.805
0.852925 381.67
0.859047 375.699
0.865192 370.497
0.871341 369.154
0.877463 365.685
0.883569 362.313
0.889708 359.905
0.895864 354.306
0.902008 349.912
0.908149 346.789
0.914301 344.565
0.920448 341.495
0.926574 337.109
0.932687 333.33
0.938823 330.168
0.944975 326.695
0.951105 324.621
0.957225 320.289
0.963368 317.735
0.969511 313.944
0.975621 309.898
0.981748 308.923
0.987916 307.18
0.99406 301.453
1.00019 299.93
1.00632 295.553
1.01246 293.703
1.01859 290.399
1.02471 286.734
1.03085 284.964
1.03698 281.225
1.04314 279.219
1.04929 277.023
1.05541 274.194
1.06154 270.368
1.06769 269.17
1.07382 266.294
1.07993 264.449
1.08607 261.887
1.09222 257.712
1.09836 255.906
1.10449 253.599
1.11063 250.281
1.11677 249.505
1.1229 246.162
1.12903 243.791
1.13518 241.91
1.14131 239.131
1.14745 236.979
1.15359 233.91
1.15973 232.904
1.16584 229.746
1.17197 226.817
1.17811 225.428
1.18424 223.491
1.19038 221.541
1.19652 218.541
1.20267 216.863
1.20881 214.547
1.21495 212.549
1.22108 210.904
1.2272 208.522
1.23334 206.195
1.23949 203.971
1.24562 202.43
1.25174 200.503
1.25789 199.018
1.26402 197.204
1.27014 194.666
1.27628 193.549
1.28244 191.244
1.28858 188.973
1.29471 187.53
1.30084 186.134
1.30697 184.371
1.31312 182.643
1.31925 179.71
1.32537 179.034
1.33151 176.988
1.33765 175.518
1.34378 174.211
1.34992 172.625
1.35606 170.944
1.3622 169.244
1.36833 167.538
1.37445 166.021
1.38059 164.314
1.38675 162.404
1.39288 161.107
1.39901 159.423
1.40515 157.841
1.4113 157.465
1.41742 155.526
1.42355 153.805
1.4297 151.991
1.43585 151.107
1.44198 149.384
1.44809 148.125
1.45423 146.975
1.46036 145.516
1.46649 144.327
1.47263 142.656
1.47877 141.519
1.48491 140.382
1.49104 139.006
1.49718 137.785
1.50333 136.368
1.50947 135.364
1.5156 134.107
1.52172 133.023
1.52787 131.678
1.534 130.367
1.54013 129.007
1.54627 128.5
1.55241 126.475
1.55855 125.294
1.56467 124.556
1.5708 123.421
