0.00783031 1.56558
0.013688 2.07826
0.019231 2.22402
0.0249154 2.26585
0.0312784 2.164
0.0375637 2.03975
0.0433917 2.09148
0.0492413 2.00496
0.0555754 2.12822
0.0619321 2.27659
0.067871 2.34496
0.0738098 2.52307
0.0800417 2.66501
0.0862327 2.70719
0.0921407 2.84955
0.0982031 2.98813
0.104506 3.04327
0.110769 3.1505
0.116806 3.5254
0.122832 3.8246
0.129052 4.19375
0.135211 4.23337
0.141259 4.46574
0.147318 4.84243
0.153489 5.06851
0.159709 5.26262
0.165845 5.60409
0.171974 5.77079
0.178125 6.39188
0.184229 6.68882
0.19034 7.0089
0.196428 7.38023
0.202534 7.66842
0.208729 8.06373
0.214876 8.65874
0.220989 8.9812
0.227147 9.37229
0.23329 9.84659
0.239377 10.175
0.245482 10.5972
0.251667 11.1446
0.257832 11.7424
0.263955 12.2173
0.270079 12.7335
0.27624 13.1112
0.282372 13.5492
0.28843 14.3375
0.294538 14.6952
0.300721 15.2012
0.30691 15.9384
0.313033 16.6329
0.319153 16.9383
0.325316 17.8006
0.33145 18.3741
0.337538 18.8425
0.343633 19.7312
0.349808 20.1346
0.355968 20.9562
0.362074 21.3744
0.368217 22.202
0.374374 22.8609
0.380519 23.4563
0.386598 24.2331
0.392688 25.0565
0.39888 25.6666
0.405048 26.4149
0.411186 26.8962
0.417313 27.8295
0.423458 28.4817
0.429607 29.1603
0.435692 29.776
0.441815 30.9814
0.447964 31.3919
0.454126 31.8954
0.460267 33.1437
0.466387 33.6103
0.47254 34.5073
0.478662 35.2404
0.484765 36.0526
0.490885 37.0157
0.497035 37.7909
0.503198 38.5066
0.509342 39.1964
0.515458 40.2448
0.521598 41.0011
0.527764 41.9636
0.533884 42.7526
0.54 43.8065
0.546137 44.4628
0.552299 45.0926
0.558452 46.4062
0.564573 46.8027
0.570708 47.5953
0.576825 48.8201
0.582926 49.2578
0.589034 50.8558
0.595184 51.2034
0.601379 52.2118
0.607522 53.0166
0.613639 53.4396
0.619772 54.491
0.625918 55.4532
0.632068 56.0055
0.638161 57.1531
0.6443 57.5627
0.650464 59.3923
0.656582 59.3086
0.662703 60.5039
0.668861 62.0134
0.675024 62.5395
0.681124 63.4046
0.687237 64.2124
0.693381 64.771
0.699536 65.9184
0.705665 67.0993
0.711789 67.6815
0.717957 68.3473
0.72409 69.3355
0.730186 70.2672
0.736317 71.058
0.742472 71.792
0.748622 72.8835
0.75476 73.5243
0.760888 74.4402
0.767043 75.2572
0.773185 76.1485
0.779291 77.0279
0.785407 77.7461
0.791564 78.8271
0.797719 79.2182
0.803834 80.8529
0.809972 81.0479
0.816124 82.2843
0.822261 82.6256
0.828378 83.4833
0.834502 84.0038
0.840667 85.2728
0.846816 85.8684
0.852925 86.777
0.859047 87.5042
0.865192 87.9252
0.871341 88.9191
0.877463 89.9633
0.883569 90.8586
0.889708 91.2673
0.895864 91.8708
0.902008 92.0644
0.908149 93.587
0.914301 94.5097
0.920448 94.8895
0.926574 95.6772
0.932687 96.702
0.938823 97.8222
0.944975 97.7755
0.951105 98.7746
0.957225 99.2658
0.963368 99.6955
0.969511 100.252
0.975621 100.741
0.981748 101.585
0.987916 102.566
0.99406 103.414
1.00019 103.792
1.00632 104.195
1.01246 105.275
1.01859 105.506
1.02471 106.544
1.03085 106.815
1.03698 107.179
1.04314 107.713
1.04929 108.626
1.05541 109.034
1.06154 109.792
1.06769 110.19
1.07382 111.393
1.07993 111.622
1.08607 112.69
1.09222 112.146
1.09836 113.141
1.10449 113.447
1.11063 113.754
1.11677 114.641
1.1229 114.744
1.12903 115.986
1.13518 116.117
1.14131 116.738
1.14745 116.836
1.15359 116.951
1.15973 117.806
1.16584 118.131
1.17197 118.569
1.17811 119.202
1.18424 119.537
1.19038 120.239
1.19652 120.184
1.20267 120.326
1.20881 121.404
1.21495 121.79
1.22108 122.391
1.2272 122.456
1.23334 122.95
1.23949 123.231
1.24562 123.229
1.25174 123.844
1.25789 124.387
1.26402 125.025
1.27014 124.841
1.27628 125.153
1.28244 125.276
1.28858 125.81
1.29471 126.025
1.30084 126.46
1.30697 126.874
1.31312 127.437
1.31925 127.633
1.32537 127.861
1.33151 127.956
1.33765 128.231
1.34378 128.672
1.34992 129.046
1.35606 129.42
1.3622 129.262
1.36833 129.811
1.37445 130.398
1.38059 130.138
1.38675 130.67
1.39288 130.858
1.39901 131.304
1.40515 130.762
1.4113 131.388
1.41742 131.613
1.42355 131.74
1.4297 132.38
1.43585 132.655
1.44198 132.375
1.44809 132.985
1.45423 132.871
1.46036 132.902
1.46649 133.642
1.47263 133.805
1.47877 133.308
1.48491 134.101
1.49104 133.835
1.49718 134.454
1.50333 134.404
1.50947 134.457
1.5156 134.857
1.52172 134.814
1.52787 135.116
1.534 134.887
1.54013 135.513
1.54627 135.615
1.55241 135.971
1.55855 135.684
1.56467 136.122
1.5708 136.438
