0.00783031 20277.8
0.013688 25391.8
0.019231 25473.8
0.0249154 23392.7
0.0312784 20164.7
0.0375637 16821.2
0.0433917 14743.2
0.0492413 12981.7
0.0555754 11999
0.0619321 11228
0.067871 10369.7
0.0738098 9602.65
0.0800417 8536.47
0.0862327 7572.59
0.0921407 6800.14
0.0982031 6182.16
0.104506 5567.91
0.110769 5137.3
0.116806 5061.55
0.122832 4681.2
0.129052 4489.38
0.135211 4230.24
0.141259 4071.06
0.147318 3879.53
0.153489 3524.71
0.159709 3331.85
0.165845 3158.15
0.171974 2941.95
0.178125 2762.1
0.184229 2768
0.19034 2661.6
0.196428 2581.93
0.202534 2468.51
0.208729 2381.6
0.214876 2250.8
0.220989 2213.2
0.227147 2089.03
0.23329 2049.03
0.239377 2005.27
0.245482 1885.74
0.251667 1926.28
0.257832 1800.17
0.263955 1746.24
0.270079 1724.08
0.27624 1668.37
0.282372 1612.38
0.28843 1572.28
0.294538 1564.04
0.300721 1522.15
0.30691 1460.57
0.313033 1445.91
0.319153 1408.26
0.325316 1372.62
0.33145 1374.09
0.337538 1328.43
0.343633 1305.87
0.349808 1270.05
0.355968 1254.64
0.362074 1225.19
0.368217 1185.45
0.374374 1181.6
0.380519 1167.62
0.386598 1127.29
0.392688 1114.04
0.39888 1094.43
0.405048 1077.39
0.411186 1067.23
0.417313 1059.55
0.423458 1028.02
0.429607 1021.18
0.435692 1006.84
0.441815 997.667
0.447964 973.636
0.454126 955.944
0.460267 943.201
0.466387 930.801
0.47254 928.116
0.478662 908.633
0.484765 908.097
0.490885 896.376
0.497035 881.345
0.503198 860.569
0.509342 847.755
0.515458 848.077
0.521598 838.997
0.527764 828.181
0.533884 817.121
0.54 812.675
0.546137 798.024
0.552299 791.979
0.558452 780.257
0.564573 771.959
0.570708 759.593
0.576825 763.075
0.582926 749.221
0.589034 738.542
0.595184 731.542
0.601379 722.713
0.607522 717.223
0.613639 706.857
0.619772 700.188
0.625918 692.657
0.632068 690.231
0.638161 685.984
0.6443 672.132
0.650464 665.889
0.656582 665.318
0.662703 654.816
0.668861 643.505
0.675024 646.02
0.681124 636.459
0.687237 636.889
0.693381 626.723
0.699536 620.181
0.705665 617.826
0.711789 610.374
0.717957 601.657
0.72409 601.207
0.730186 594.077
0.736317 590.041
0.742472 580.543
0.748622 575.343
0.75476 572.672
0.760888 567.622
0.767043 564.138
0.773185 560.637
0.779291 553.671
0.785407 547.904
0.791564 545.888
0.797719 542.282
0.803834 536.278
0.809972 533.675
0.816124 526.426
0.822261 526.975
0.828378 518.079
0.834502 514.207
0.840667 513.836
0.846816 503.774
0.852925 501.928
0.859047 502.175
0.865192 494.619
0.871341 489.143
0.877463 484.811
0.883569 482.368
0.889708 479.058
0.895864 475.759
0.902008 471.308
0.908149 466.72
0.914301 463.921
0.920448 457.811
0.926574 455.592
0.932687 451.856
0.938823 449.159
0.944975 446.071
0.951105 439.779
0.957225 439.974
0.963368 434.925
0.969511 432.538
0.975621 426.84
0.981748 422.679
0.987916 421.553
0.99406 418.344
1.00019 414.05
1.00632 412.16
1.01246 409.357
1.01859 404.6
1.02471 401.887
1.03085 400.522
1.03698 397.428
1.04314 393.052
1.04929 390.057
1.05541 387.758
1.06154 385.576
1.06769 384.814
1.07382 379.511
1.07993 375.721
1.08607 373.38
1.09222 370.875
1.09836 366.846
1.10449 365.96
1.11063 361.403
1.11677 360.153
1.1229 356.128
1.12903 354.708
1.13518 350.321
1.14131 349.51
1.14745 345.955
1.15359 344.934
1.15973 342.854
1.16584 338.83
1.17197 336.486
1.17811 334.372
1.18424 332.526
1.19038 330.788
1.19652 327.726
1.20267 324.44
1.20881 322.244
1.21495 319.968
1.22108 316.729
1.2272 315.372
1.23334 313.602
1.23949 310.375
1.24562 308.622
1.25174 304.924
1.25789 304.626
1.26402 300.694
1.27014 298.772
1.27628 296.68
1.28244 295.007
1.28858 292.741
1.29471 289.275
1.30084 289.212
1.30697 285.989
1.31312 283.846
1.31925 282.299
1.32537 279.191
1.33151 278.224
1.33765 276.003
1.34378 274.457
1.34992 271.339
1.35606 269.28
1.3622 267.687
1.36833 265.251
1.37445 263.716
1.38059 262.051
1.38675 260.37
1.39288 258.149
1.39901 255.949
1.40515 253.845
1.4113 251.826
1.41742 250.596
1.42355 249.591
1.4297 246.788
1.43585 245.473
1.44198 242.99
1.44809 241.437
1.45423 239.564
1.46036 238.425
1.46649 236.464
1.47263 235.262
1.47877 233.134
1.48491 231.541
1.49104 229.377
1.49718 228.573
1.50333 227.162
1.50947 225.405
1.5156 223.331
1.52172 221.536
1.52787 219.779
1.534 218.381
1.54013 217.418
1.54627 214.934
1.55241 213.604
1.55855 212.703
1.56467 210.864
1.5708 209.193
