0.00783031 7.93546
0.013688 1.18217
0.019231 3.79782
0.0249154 2.12583
0.0312784 1.90538
0.0375637 3.992
0.0433917 3.58342
0.0492413 6.41212
0.0555754 3.84372
0.0619321 4.65157
0.067871 5.93068
0.0738098 9.62179
0.0800417 9.47757
0.0862327 10.973
0.0921407 12.4885
0.0982031 12.565
0.104506 12.5599
0.110769 13.7275
0.116806 15.7554
0.122832 17.6009
0.129052 18.7883
0.135211 20.926
0.141259 20.7282
0.147318 21.8725
0.153489 23.0815
0.159709 25.6791
0.165845 25.8228
0.171974 27.1489
0.178125 28.2093
0.184229 29.1265
0.19034 28.7571
0.196428 29.9229
0.202534 31.2642
0.208729 33.3511
0.214876 34.1987
0.220989 34.296
0.227147 35.2466
0.23329 35.8223
0.239377 35.2753
0.245482 37.7395
0.251667 37.1635
0.257832 40.0315
0.263955 39.0203
0.270079 41.8711
0.27624 42.1525
0.282372 42.2166
0.28843 42.8324
0.294538 43.1828
0.300721 45.2304
0.30691 45.0604
0.313033 44.8892
0.319153 46.1436
0.325316 44.8754
0.33145 47.3103
0.337538 47.6792
0.343633 49.0978
0.349808 48.2446
0.355968 49.6703
0.362074 49.5027
0.368217 50.1766
0.374374 49.9718
0.380519 50.0688
0.386598 50.4983
0.392688 51.4091
0.39888 53.1818
0.405048 52.5067
0.411186 52.2161
0.417313 52.7926
0.423458 51.5012
0.429607 53.5514
0.435692 53.3433
0.441815 53.3055
0.447964 54.4801
0.454126 54.3375
0.460267 54.7146
0.466387 55.8251
0.47254 55.4349
0.478662 55.9344
0.484765 55.826
0.490885 55.3017
0.497035 55.7753
0.503198 56.2689
0.509342 56.6235
0.515458 56.8471
0.521598 55.2315
0.527764 55.177
0.533884 55.4731
0.54 55.9764
0.546137 56.6303
0.552299 56.0033
0.558452 56.2606
0.564573 56.3038
0.570708 56.1383
0.576825 55.9111
0.582926 56.8679
0.589034 56.8044
0.595184 57.3538
0.601379 56.8029
0.607522 57.1799
0.613639 56.7245
0.619772 56.4259
0.625918 57.486
0.632068 56.4597
0.638161 56.4337
0.6443 55.6146
0.650464 56.0864
0.656582 56.3846
0.662703 57.0108
0.668861 56.5582
0.675024 56.8768
0.681124 55.8376
0.687237 55.5515
0.693381 55.7046
0.699536 55.7622
0.705665 55.1037
0.711789 55.2416
0.717957 55.1092
0.72409 54.3223
0.730186 54.2639
0.736317 54.5587
0.742472 54.6703
0.748622 54.0413
0.75476 54.2974
0.760888 53.7249
0.767043 53.3981
0.773185 53.4767
0.779291 52.9145
0.785407 53.2381
0.791564 52.4347
0.797719 52.4717
0.803834 52.4607
0.809972 52.1758
0.816124 52.2493
0.822261 51.6815
0.828378 51.4989
0.834502 51.1009
0.840667 50.4828
0.846816 50.672
0.852925 50.4924
0.859047 49.8306
0.865192 49.1437
0.871341 49.8151
0.877463 49.3196
0.883569 49.1125
0.889708 49.211
0.895864 48.5315
0.902008 48.338
0.908149 48.3319
0.914301 47.6756
0.920448 47.3168
0.926574 46.9414
0.932687 47.0582
0.938823 46.5614
0.944975 46.6531
0.951105 46.2706
0.957225 45.9412
0.963368 45.6893
0.969511 44.9196
0.975621 45.1949
0.981748 44.7889
0.987916 44.3219
0.99406 44.6108
1.00019 44.2477
1.00632 44.1047
1.01246 43.735
1.01859 43.4951
1.02471 43.1152
1.03085 42.8419
1.03698 42.4941
1.04314 42.1443
1.04929 41.738
1.05541 41.7574
1.06154 41.6651
1.06769 41.545
1.07382 41.1389
1.07993 40.787
1.08607 40.7976
1.09222 40.2678
1.09836 39.783
1.10449 40.2985
1.11063 39.3435
1.11677 39.4351
1.1229 39.3224
1.12903 39.2625
1.13518 39.0579
1.14131 38.5477
1.14745 38.2119
1.15359 38.7418
1.15973 37.9662
1.16584 37.9315
1.17197 37.8621
1.17811 37.6521
1.18424 37.4822
1.19038 37.051
1.19652 37.143
1.20267 36.578
1.20881 36.4175
1.21495 36.7535
1.22108 35.9398
1.2272 35.7706
1.23334 36.1548
1.23949 35.297
1.24562 35.3087
1.25174 35.3129
1.25789 35.0186
1.26402 35.0291
1.27014 34.4401
1.27628 34.6961
1.28244 34.5232
1.28858 34.294
1.29471 34.1765
1.30084 34.2309
1.30697 33.9486
1.31312 33.6497
1.31925 33.4499
1.32537 33.7044
1.33151 33.2099
1.33765 32.9539
1.34378 33.3595
1.34992 32.9696
1.35606 32.4995
1.3622 32.732
1.36833 32.2704
1.37445 32.011
1.38059 32.0586
1.38675 32.1988
1.39288 32.2837
1.39901 31.9205
1.40515 31.9568
1.4113 31.7031
1.41742 31.5614
1.42355 31.7389
1.4297 30.852
1.43585 31.2762
1.44198 31.3581
1.44809 31.0446
1.45423 31.4424
1.46036 31.0586
1.46649 30.7025
1.47263 30.5742
1.47877 30.5968
1.48491 30.3851
1.49104 30.8268
1.49718 30.3019
1.50333 30.3433
1.50947 30.2657
1.5156 29.8186
1.52172 30.0367
1.52787 29.7404
1.534 29.7167
1.54013 29.8694
1.54627 29.8716
1.55241 29.7709
1.55855 29.6515
1.56467 29.5666
1.5708 28.9499
