0.00783031 39.7979
0.013688 37.2361
0.019231 32.3508
0.0249154 16.731
0.0312784 10.3386
0.0375637 -7.09335
0.0433917 -17.8818
0.0492413 -26.5033
0.0555754 -34.8635
0.0619321 -44.298
0.067871 -55.3234
0.0738098 -61.2363
0.0800417 -67.6247
0.0862327 -68.8921
0.0921407 -72.1446
0.0982031 -74.9298
0.104506 -77.2993
0.110769 -78.3122
0.116806 -88.0408
0.122832 -91.4719
0.129052 -98.1097
0.135211 -101.133
0.141259 -103.946
0.147318 -108.071
0.153489 -106.725
0.159709 -108.447
0.165845 -107.617
0.171974 -106.91
0.178125 -108.663
0.184229 -115.24
0.19034 -114.734
0.196428 -119.838
0.202534 -118.419
0.208729 -122.524
0.214876 -121.692
0.220989 -123.437
0.227147 -120.142
0.23329 -121.269
0.239377 -126.528
0.245482 -124.549
0.251667 -128.728
0.257832 -127.331
0.263955 -129.149
0.270079 -131.761
0.27624 -131.689
0.282372 -131.522
0.28843 -132.685
0.294538 -134.682
0.300721 -137
0.30691 -133.693
0.313033 -136.2
0.319153 -135.706
0.325316 -137.303
0.33145 -142.634
0.337538 -137.952
0.343633 -140.031
0.349808 -139.638
0.355968 -142.245
0.362074 -139.3
0.368217 -137.705
0.374374 -141.561
0.380519 -142.872
0.386598 -140.086
0.392688 -141.847
0.39888 -143.568
0.405048 -141.964
0.411186 -142.97
0.417313 -147.666
0.423458 -141.967
0.429607 -144.902
0.435692 -145.874
0.441815 -147.162
0.447964 -146.7
0.454126 -144.974
0.460267 -145.724
0.466387 -147.318
0.47254 -148.529
0.478662 -149.335
0.484765 -149.454
0.490885 -149.3
0.497035 -147.421
0.503198 -148.849
0.509342 -148.463
0.515458 -150.491
0.521598 -151.334
0.527764 -150.308
0.533884 -149.41
0.54 -153.26
0.546137 -150.941
0.552299 -153.183
0.558452 -152.353
0.564573 -152.302
0.570708 -149.924
0.576825 -154.146
0.582926 -154.436
0.589034 -152.384
0.595184 -153.299
0.601379 -153.802
0.607522 -154.447
0.613639 -153.158
0.619772 -155.192
0.625918 -154.157
0.632068 -155.102
0.638161 -156.876
0.6443 -153.727
0.650464 -154.048
0.656582 -156.985
0.662703 -158.111
0.668861 -154.786
0.675024 -157.419
0.681124 -155.022
0.687237 -158.822
0.693381 -155.744
0.699536 -157.199
0.705665 -158.618
0.711789 -158.197
0.717957 -156.985
0.72409 -158.372
0.730186 -157.051
0.736317 -157.403
0.742472 -159.307
0.748622 -159.48
0.75476 -159.117
0.760888 -160.091
0.767043 -160.434
0.773185 -160.689
0.779291 -159.252
0.785407 -159.448
0.791564 -160.829
0.797719 -160.372
0.803834 -161.371
0.809972 -161.848
0.816124 -161.122
0.822261 -161.667
0.828378 -161.55
0.834502 -160.387
0.840667 -162.433
0.846816 -163.186
0.852925 -161.345
0.859047 -163.456
0.865192 -161.631
0.871341 -162.567
0.877463 -162.633
0.883569 -163.368
0.889708 -163.503
0.895864 -162.772
0.902008 -161.878
0.908149 -162.435
0.914301 -163.275
0.920448 -162.264
0.926574 -162.248
0.932687 -163.964
0.938823 -163.202
0.944975 -162.342
0.951105 -162.14
0.957225 -163.816
0.963368 -163.334
0.969511 -163.409
0.975621 -161.935
0.981748 -162.884
0.987916 -163.001
0.99406 -163.079
1.00019 -163.502
1.00632 -164.184
1.01246 -164.66
1.01859 -164.783
1.02471 -163.559
1.03085 -164.12
1.03698 -165.087
1.04314 -164.721
1.04929 -163.34
1.05541 -164.175
1.06154 -164.973
1.06769 -164.99
1.07382 -163.509
1.07993 -163.892
1.08607 -165.118
1.09222 -164.416
1.09836 -163.161
1.10449 -165.126
1.11063 -164.078
1.11677 -163.922
1.1229 -163.707
1.12903 -165.169
1.13518 -164.287
1.14131 -164.057
1.14745 -165.172
1.15359 -164.58
1.15973 -164.663
1.16584 -163.823
1.17197 -164.491
1.17811 -165.379
1.18424 -164.557
1.19038 -165.029
1.19652 -163.753
1.20267 -163.811
1.20881 -164.837
1.21495 -164.6
1.22108 -163.585
1.2272 -163.283
1.23334 -163.627
1.23949 -163.602
1.24562 -163.873
1.25174 -162.931
1.25789 -163.316
1.26402 -163.805
1.27014 -162.854
1.27628 -162.698
1.28244 -163.006
1.28858 -163.319
1.29471 -162.933
1.30084 -164.118
1.30697 -162.069
1.31312 -163.209
1.31925 -163.243
1.32537 -162.566
1.33151 -162.18
1.33765 -161.91
1.34378 -163.168
1.34992 -161.206
1.35606 -161.572
1.3622 -162.202
1.36833 -160.871
1.37445 -161.391
1.38059 -160.924
1.38675 -160.928
1.39288 -161.668
1.39901 -161.483
1.40515 -161.219
1.4113 -160.758
1.41742 -160.655
1.42355 -161.072
1.4297 -159.798
1.43585 -160.625
1.44198 -160.283
1.44809 -160.219
1.45423 -160.303
1.46036 -159.775
1.46649 -159.387
1.47263 -159.842
1.47877 -159.68
1.48491 -159.678
1.49104 -159.331
1.49718 -158.876
1.50333 -159.563
1.50947 -158.796
1.5156 -158.602
1.52172 -158.823
1.52787 -157.826
1.534 -158.094
1.54013 -158.792
1.54627 -158.152
1.55241 -158.084
1.55855 -157.614
1.56467 -157.594
1.5708 -157.103
