0.00783031 20101.7
0.013688 25223
0.019231 25344.6
0.0249154 23374.4
0.0312784 20163.5
0.0375637 16914.1
0.0433917 14919.6
0.0492413 13239.1
0.0555754 12290.5
0.0619321 11585.3
0.067871 10760
0.0738098 10022.2
0.0800417 8928.51
0.0862327 8033.75
0.0921407 7234.76
0.0982031 6641.31
0.104506 6021.11
0.110769 5590.76
0.116806 5549.16
0.122832 5155.01
0.129052 4985.03
0.135211 4729.75
0.141259 4573.32
0.147318 4398.7
0.153489 4022.1
0.159709 3824.71
0.165845 3657.62
0.171974 3410.1
0.178125 3228.64
0.184229 3255.76
0.19034 3146.45
0.196428 3061.09
0.202534 2938.89
0.208729 2863.18
0.214876 2718.76
0.220989 2692.58
0.227147 2551.03
0.23329 2509.92
0.239377 2475.12
0.245482 2336.46
0.251667 2398.37
0.257832 2259.51
0.263955 2201.47
0.270079 2181.52
0.27624 2121.24
0.282372 2058.43
0.28843 2011.96
0.294538 2009.55
0.300721 1969.32
0.30691 1893.13
0.313033 1881.03
0.319153 1845.68
0.325316 1802.64
0.33145 1816.46
0.337538 1763.47
0.343633 1740.68
0.349808 1697.81
0.355968 1681.13
0.362074 1644.44
0.368217 1600.83
0.374374 1599.99
0.380519 1585.69
0.386598 1539.43
0.392688 1524.39
0.39888 1503.33
0.405048 1484.18
0.411186 1475.5
0.417313 1469.62
0.423458 1428.16
0.429607 1423.45
0.435692 1408.86
0.441815 1400.56
0.447964 1368.58
0.454126 1350.06
0.460267 1335.23
0.466387 1320.57
0.47254 1321.19
0.478662 1298.07
0.484765 1301.09
0.490885 1287.38
0.497035 1268.33
0.503198 1243.41
0.509342 1226.89
0.515458 1230.02
0.521598 1220.44
0.527764 1208.32
0.533884 1194.61
0.54 1191.98
0.546137 1172.77
0.552299 1165.65
0.558452 1151.31
0.564573 1141.48
0.570708 1124.45
0.576825 1134.21
0.582926 1115.72
0.589034 1101.91
0.595184 1094.42
0.601379 1083.86
0.607522 1076.84
0.613639 1063.31
0.619772 1056.58
0.625918 1047.46
0.632068 1046.05
0.638161 1041.97
0.6443 1022.42
0.650464 1015.46
0.656582 1016.24
0.662703 1001.91
0.668861 987.098
0.675024 993.375
0.681124 979.071
0.687237 982.101
0.693381 968.048
0.699536 960.46
0.705665 958.283
0.711789 948.329
0.717957 937.17
0.72409 937.68
0.730186 927.751
0.736317 924.313
0.742472 909.893
0.748622 904.505
0.75476 900.754
0.760888 895.423
0.767043 891.356
0.773185 886.486
0.779291 877.642
0.785407 869.806
0.791564 868.797
0.797719 863.476
0.803834 856.073
0.809972 852.273
0.816124 842.744
0.822261 845.081
0.828378 831.87
0.834502 826.794
0.840667 827.553
0.846816 813.238
0.852925 810.885
0.859047 812.999
0.865192 801.547
0.871341 793.675
0.877463 788.154
0.883569 785.323
0.889708 781.049
0.895864 776.925
0.902008 771.371
0.908149 764.52
0.914301 761.035
0.920448 752.263
0.926574 749.277
0.932687 744.647
0.938823 740.729
0.944975 737.005
0.951105 727.75
0.957225 728.997
0.963368 721.926
0.969511 718.789
0.975621 709.399
0.981748 704.091
0.987916 703.292
0.99406 698.721
1.00019 692.588
1.00632 690.663
1.01246 686.846
1.01859 679.729
1.02471 675.864
1.03085 674.288
1.03698 670.571
1.04314 663.659
1.04929 659.857
1.05541 656.663
1.06154 653.806
1.06769 653.124
1.07382 644.52
1.07993 638.664
1.08607 635.743
1.09222 632.176
1.09836 626.747
1.10449 625.453
1.11063 618.937
1.11677 617.144
1.1229 610.645
1.12903 609.416
1.13518 602.693
1.14131 601.873
1.14745 596.481
1.15359 594.987
1.15973 592.729
1.16584 586.224
1.17197 582.939
1.17811 580.117
1.18424 577.241
1.19038 574.778
1.19652 569.946
1.20267 565.142
1.20881 562.239
1.21495 558.831
1.22108 553.568
1.2272 551.541
1.23334 549.201
1.23949 544.213
1.24562 541.678
1.25174 535.596
1.25789 535.847
1.26402 529.715
1.27014 526.716
1.27628 523.449
1.28244 521.463
1.28858 517.543
1.29471 512.324
1.30084 512.708
1.30697 507.151
1.31312 504.099
1.31925 501.955
1.32537 496.673
1.33151 495.367
1.33765 492.102
1.34378 489.799
1.34992 484.33
1.35606 481.564
1.3622 479.358
1.36833 475.245
1.37445 472.961
1.38059 470.466
1.38675 468.095
1.39288 464.359
1.39901 460.856
1.40515 457.465
1.4113 454.104
1.41742 452.304
1.42355 451.098
1.4297 446.23
1.43585 444.307
1.44198 440.357
1.44809 437.854
1.45423 434.768
1.46036 433.026
1.46649 430.116
1.47263 428.143
1.47877 424.942
1.48491 422.261
1.49104 418.826
1.49718 417.529
1.50333 415.403
1.50947 412.432
1.5156 409.196
1.52172 406.382
1.52787 403.336
1.534 401.09
1.54013 399.642
1.54627 395.418
1.55241 393.331
1.55855 392.015
1.56467 389.088
1.5708 386.308
