#  k  (h/Mpc)          P(k)  (Mpc/h)^3     P_linear(k)   P_NL(k) (Mpc/h)^3
     0.00783031           20282         20513.5           20402 
       0.013688           25045         25365.8         25170.4 
       0.019231         25329.5         25635.4         25378.2 
      0.0249154         23432.5         23617.7         23341.1 
      0.0312784         19890.7         20361.8         20072.2 
      0.0375637         16786.5         17287.6         17029.1 
      0.0433917         14575.7         15046.4         14768.3 
      0.0492413         13175.1         13439.5         13172.6 
      0.0555754         11764.8         12280.2         12034.8 
      0.0619321         10931.2         11423.3         11182.2 
       0.067871         10514.7         10674.3         10455.7 
      0.0738098         9512.95         9842.08         9530.37 
      0.0800417         8696.97         8856.08         8604.23 
      0.0862327         7596.98         7841.33          7739.8 
      0.0921407         6705.88         6940.55         6884.81 
      0.0982031         6192.38         6164.83         6243.98 
       0.104506          5613.5         5561.75         5737.32 
       0.110769         5207.28         5155.89         5263.08 
       0.116806         5001.03         4889.47         4964.46 
       0.122832         4803.68         4677.07         4752.13 
       0.129052         4469.55         4453.97         4522.27 
       0.135211         4225.07         4193.92         4269.83 
       0.141259         4076.51         3896.12         4050.54 
       0.147318         3704.74         3576.26         3807.16 
       0.153489         3473.37          3260.5         3472.32 
       0.159709         3254.41         2982.04         3265.67 
       0.165845         3040.22         2764.14         3130.37 
       0.171974         2971.89         2604.93         2961.41 
       0.178125         2772.56          2488.7         2879.78 
       0.184229         2674.55          2396.6         2743.09 
        0.19034         2612.58         2308.28         2640.78 
       0.196428         2508.17         2211.01            2533 
       0.202534         2350.35         2098.34         2448.32 
       0.208729         2288.77         1971.83          2315.9 
       0.214876         2183.19         1845.05         2253.38 
       0.220989         2099.79         1727.42         2179.44 
       0.227147          2005.1          1625.3         2105.71 
        0.23329            1978          1542.2         2040.86 
       0.239377         1874.06         1476.79         1962.14 
       0.245482          1812.6         1423.17         1881.11 
       0.251667         1771.89         1374.77          1839.5 
       0.257832         1713.53         1326.38         1781.24 
       0.263955         1659.98         1274.55         1732.73 
       0.270079         1587.67         1218.63         1683.96 
        0.27624         1554.05         1160.63         1632.19 
       0.282372         1548.33         1104.16         1604.22 
        0.28843         1479.07         1052.29         1569.55 
       0.294538         1424.09         1005.98         1521.93 
       0.300721          1413.5         965.772         1476.82 
        0.30691         1377.87         931.185         1457.29 
       0.313033         1337.09         900.669         1412.21 
       0.319153         1297.13         871.904         1373.99 
       0.325316         1270.31         843.127         1354.28 
        0.33145         1251.22         813.802         1308.65 
       0.337538         1207.64         783.968         1289.04 
       0.343633         1193.24         754.209         1273.23 
       0.349808         1157.34         725.137         1252.72 
       0.355968         1134.31         698.007         1228.96 
       0.362074          1108.4         673.396         1205.73 
       0.368217         1086.17         651.053         1177.75 
       0.374374         1078.27         630.664         1155.05 
       0.380519         1056.69         611.687         1134.08 
       0.386598         1018.32         593.734         1119.14 
       0.392688         1004.73         576.093         1099.03 
        0.39888         983.188         558.266         1080.83 
       0.405048         969.926         540.636         1062.65 
       0.411186         951.855         523.443         1045.26 
       0.417313         932.587         506.946         1032.01 
       0.423458         913.198         491.257         1012.47 
       0.429607         893.751         476.511         996.142 
       0.435692         881.781         462.871         974.373 
       0.441815         870.072          450.01         971.353 
       0.447964         864.578         437.712         961.022 
       0.454126         841.947         425.821         934.613 
       0.460267         828.595         414.316         932.964 
       0.466387         813.995         403.106         917.372 
        0.47254         808.031         392.064         904.495 
       0.478662         790.501          381.36         891.387 
       0.484765         788.587         371.082         882.092 
       0.490885         761.664         361.225         865.542 
       0.497035         757.191         351.758         858.122 
       0.503198         743.175         342.709         848.092 
       0.509342         729.702         334.099         833.605 
       0.515458         725.986         325.875         827.949 
       0.521598         712.224         317.898         819.807 
       0.527764         706.587         310.109         812.946 
       0.533884         693.888         302.587         804.268 
           0.54         678.543         295.284         794.874 
       0.546137         676.819         288.166         786.409 
       0.552299         665.058         281.241         775.648 
       0.558452         653.899         274.572         769.557 
       0.564573          650.65         268.183         762.401 
       0.570708         636.679         262.019         752.148 
       0.576825         628.721         256.088         743.076 
       0.582926         627.236         250.362         738.298 
       0.589034         616.989           244.8         728.032 
       0.595184         603.639         239.361         720.603 
       0.601379         605.407         234.048         714.925 
       0.607522         593.808         228.943         704.237 
       0.613639          586.99         224.008         701.679 
       0.619772         577.344         219.199         699.531 
       0.625918         568.617         214.523           690.2 
       0.632068         562.422         209.989         686.291 
       0.638161         557.744          205.63         676.345 
         0.6443         547.798         201.363         670.277 
       0.650464         544.469         197.204         662.339 
       0.656582         537.818         193.195         658.243 
       0.662703          533.45         189.299         653.513 
       0.668861         523.813         185.491         650.291 
       0.675024         515.809         181.786         645.456 
       0.681124         514.403         178.221         636.687 
       0.687237         508.884         174.746         631.235 
       0.693381         504.301         171.349         625.446 
       0.699536         497.477         168.039         621.256 
       0.705665         489.786         164.831         613.993 
       0.711789         486.203         161.707         609.356 
       0.717957         477.509         158.644         608.165 
        0.72409         473.497         155.679         602.232 
       0.730186         470.176          152.81         595.922 
       0.736317         463.819         150.001         592.075 
       0.742472         459.632         147.254         588.343 
       0.748622         455.635         144.576          582.11 
        0.75476         448.657         141.968         582.029 
       0.760888          442.51         139.429           575.8 
       0.767043         441.514         136.944         568.615 
       0.773185         431.582         134.528         565.263 
       0.779291         430.225         132.185         560.659 
       0.785407         424.783         129.892         557.459 
       0.791564         421.657         127.639         555.564 
       0.797719         415.721         125.442         550.541 
       0.803834         411.677         123.312         546.859 
       0.809972         406.372         121.224         543.072 
       0.816124         404.559         119.178         537.397 
       0.822261         398.281         117.186         534.604 
       0.828378         395.207         115.246         530.669 
       0.834502         388.469         113.351         528.875 
       0.840667         387.338         111.487         524.891 
       0.846816         382.347         109.669         520.762 
       0.852925         378.118         107.902         517.784 
       0.859047         376.605          106.17         513.104 
       0.865192         372.107          104.47         510.016 
       0.871341         368.019         102.807         506.384 
       0.877463         363.732         101.188         503.432 
       0.883569         361.133           99.61          501.27 
       0.889708         358.106         98.0585         496.524 
       0.895864         352.728         96.5361         493.723 
       0.902008         347.671         95.0488         490.433 
       0.908149         345.675         93.5935         485.377 
       0.914301         340.477         92.1665         481.772 
       0.920448         337.826         90.7712         480.905 
       0.926574         335.846         89.4101         477.962 
       0.932687         331.152         88.0802         473.294 
       0.938823         327.956         86.7728         471.922 
       0.944975         324.524         85.4889         469.073 
       0.951105         320.703         84.2354         465.903 
       0.957225         317.628          83.009         462.655 
       0.963368         315.304         81.8028         459.815 
       0.969511         311.604         80.6209         456.807 
       0.975621         309.898         79.4694         454.319 
       0.981748         306.235          78.338          451.84 
       0.987916         303.045         77.2216         449.355 
        0.99406         300.323         76.1311         446.431 
        1.00019         297.787         75.0638         442.652 
        1.00632         294.344          74.018         440.061 
        1.01246         292.149         72.9909          437.43 
        1.01859         287.919         71.9852          434.69 
        1.02471         284.821         71.0001         432.302 
        1.03085          282.49         70.0302         430.831 
        1.03698         279.712         69.0805           429.1 
        1.04314          276.78         68.1442         425.571 
        1.04929           274.3          67.227         422.131 
        1.05541         271.792         66.3297         419.711 
        1.06154         268.902         65.4464         417.619 
        1.06769         266.598         64.5783         414.608 
        1.07382         263.611         63.7301         411.904 
        1.07993         260.107         62.9005         410.011 
        1.08607         257.399         62.0832         407.479 
        1.09222         256.403         61.2799         405.191 
        1.09836         252.542         60.4912         403.296 
        1.10449         250.207         59.7167         401.712 
        1.11063         247.786         58.9542         398.537 
        1.11677         245.884         58.2047         396.423 
         1.1229         243.533         57.4691         393.804 
        1.12903         241.277         56.7453          392.03 
        1.13518          238.55         56.0336         388.783 
        1.14131         237.178          55.335         387.644 
        1.14745         233.435         54.6494         384.581 
        1.15359         231.549         53.9759         383.382 
        1.15973         228.974          53.314         381.089 
        1.16584         227.055         52.6667         379.054 
        1.17197         224.427         52.0295         377.377 
        1.17811         222.304         51.4006         374.629 
        1.18424          220.95         50.7833         372.402 
        1.19038         218.403         50.1735          371.22 
        1.19652         216.302         49.5734         368.291 
        1.20267         213.704         48.9833         366.436 
        1.20881         212.366         48.4039         364.926 
        1.21495         210.141         47.8363         362.286 
        1.22108         207.883         47.2789         359.992 
         1.2272         206.166         46.7319         359.043 
        1.23334         203.614         46.1919         356.657 
        1.23949         200.882         45.6581         354.756 
        1.24562         200.204         45.1334         352.657 
        1.25174          197.85         44.6172         351.084 
        1.25789         196.408         44.1075         348.822 
        1.26402         193.592         43.6069         347.609 
        1.27014         192.432         43.1155         345.363 
        1.27628         190.452         42.6304         344.248 
        1.28244         187.825         42.1518         342.606 
        1.28858         186.576         41.6809         340.478 
        1.29471         185.181         41.2183         337.991 
        1.30084         182.813         40.7632         335.917 
        1.30697         180.962         40.3146         334.856 
        1.31312          179.25         39.8726         333.135 
        1.31925         178.234          39.439         331.159 
        1.32537         176.114         39.0126          329.19 
        1.33151         174.335         38.5911         327.926 
        1.33765         172.273         38.1759         326.362 
        1.34378         170.478         37.7675         324.073 
        1.34992         169.245         37.3645         322.575 
        1.35606         167.407         36.9663         320.656 
         1.3622         165.579         36.5745         319.517 
        1.36833         163.869         36.1891         318.305 
        1.37445         162.737         35.8094         315.793 
        1.38059         161.062          35.434         314.721 
        1.38675         159.476         35.0633         313.396 
        1.39288         157.945         34.6997         311.251 
        1.39901         157.246         34.3416         309.548 
        1.40515         154.585          33.988         308.017 
         1.4113         153.591         33.6394         306.267 
        1.41742         151.901         33.2967          304.59 
        1.42355         150.563         32.9578         303.438 
         1.4297          149.16         32.6223         301.328 
        1.43585         147.754         32.2915         300.584 
        1.44198         145.961         31.9668         298.765 
        1.44809         144.976         31.6477         297.196 
        1.45423         143.443         31.3323         295.329 
        1.46036          142.17         31.0223         294.105 
        1.46649         140.933         30.7165         292.844 
        1.47263          138.91         30.4145         291.054 
        1.47877         137.703         30.1163         289.253 
        1.48491         136.934         29.8212         287.663 
        1.49104         134.901         29.5304         286.676 
        1.49718         133.662          29.243         285.836 
        1.50333         132.701         28.9588         283.551 
        1.50947         131.771         28.6791         282.096 
         1.5156         129.964         28.4036         281.309 
        1.52172         129.377          28.132         279.836 
        1.52787         127.827         27.8635         278.436 
          1.534         126.521         27.5991         276.889 
        1.54013         125.317         27.3387         275.619 
        1.54627         124.066         27.0814         274.639 
        1.55241         123.288         26.8275         273.375 
        1.55855         121.696         26.5771         271.725 
        1.56467         120.685         26.3303         270.203 
         1.5708           119.8         26.0858         268.894 
