0.00783031 20321.9
0.013688 25075.3
0.019231 25430.9
0.0249154 23558.3
0.0312784 20087
0.0375637 17006.3
0.0433917 14750.6
0.0492413 13430.5
0.0555754 12023.5
0.0619321 11243.5
0.067871 10919.9
0.0738098 9908.22
0.0800417 9095.75
0.0862327 8028.3
0.0921407 7136.78
0.0982031 6629.42
0.104506 6065.14
0.110769 5669.53
0.116806 5456.49
0.122832 5283.63
0.129052 4946.62
0.135211 4724.12
0.141259 4572.14
0.147318 4183.32
0.153489 3949.47
0.159709 3732.55
0.165845 3519.05
0.171974 3457.41
0.178125 3245.59
0.184229 3145.06
0.19034 3090.15
0.196428 2990.64
0.202534 2814.89
0.208729 2767.36
0.214876 2655.9
0.220989 2568.71
0.227147 2460.97
0.23329 2446.22
0.239377 2332.92
0.245482 2267.22
0.251667 2229
0.257832 2164.45
0.263955 2112.85
0.270079 2032.26
0.27624 1995.34
0.282372 2004.59
0.28843 1916.95
0.294538 1858.14
0.300721 1855.24
0.30691 1813.85
0.313033 1769.43
0.319153 1726.06
0.325316 1699.75
0.33145 1681.64
0.337538 1627.99
0.343633 1614.59
0.349808 1577
0.355968 1551.34
0.362074 1523.99
0.368217 1498.1
0.374374 1492.55
0.380519 1468.21
0.386598 1419.21
0.392688 1407.16
0.39888 1382.91
0.405048 1370.56
0.411186 1350.07
0.417313 1327.15
0.423458 1303.42
0.429607 1280.5
0.435692 1267.76
0.441815 1257.17
0.447964 1252.99
0.454126 1222.14
0.460267 1208.42
0.466387 1190.84
0.47254 1185.66
0.478662 1163.2
0.484765 1165.6
0.490885 1129.69
0.497035 1124.81
0.503198 1108.79
0.509342 1090.77
0.515458 1090.38
0.521598 1071.03
0.527764 1066.73
0.533884 1049.68
0.54 1030.49
0.546137 1029.7
0.552299 1014.78
0.558452 1001.19
0.564573 999.605
0.570708 980.165
0.576825 970.579
0.582926 970.933
0.589034 957.202
0.595184 939.774
0.601379 944.109
0.607522 928.948
0.613639 919.642
0.619772 907.4
0.625918 896.118
0.632068 889.362
0.638161 883.024
0.6443 869.501
0.650464 866.786
0.656582 858.227
0.662703 853.369
0.668861 839.621
0.675024 828.008
0.681124 828.197
0.687237 821.24
0.693381 815.691
0.699536 806.744
0.705665 796.06
0.711789 791.495
0.717957 779.304
0.72409 774.579
0.730186 770.388
0.736317 761.769
0.742472 756.155
0.748622 751.745
0.75476 741.94
0.760888 733.085
0.767043 733.073
0.773185 717.997
0.779291 717.291
0.785407 709.87
0.791564 705.821
0.797719 696.865
0.803834 692.231
0.809972 684.425
0.816124 682.735
0.822261 673.898
0.828378 670.057
0.834502 659.955
0.840667 658.826
0.846816 651.696
0.852925 646.202
0.859047 644.429
0.865192 637.972
0.871341 632.176
0.877463 626.241
0.883569 622.413
0.889708 618.951
0.895864 610.939
0.902008 603.189
0.908149 600.74
0.914301 592.857
0.920448 589.476
0.926574 587.018
0.932687 579.863
0.938823 575.342
0.944975 570.669
0.951105 564.518
0.957225 560.254
0.963368 557.116
0.969511 551.724
0.975621 549.877
0.981748 544.041
0.987916 539.462
0.99406 535.592
1.00019 532.127
1.00632 526.556
1.01246 523.813
1.01859 517.488
1.02471 512.732
1.03085 509.052
1.03698 505.432
1.04314 500.667
1.04929 497.077
1.05541 493.518
1.06154 489.11
1.06769 485.867
1.07382 481.021
1.07993 475.591
1.08607 471.51
1.09222 470.334
1.09836 464.403
1.10449 460.567
1.11063 456.962
1.11677 454.17
1.1229 450.633
1.12903 447.198
1.13518 443.134
1.14131 441.291
1.14745 434.846
1.15359 432.207
1.15973 428.157
1.16584 425.131
1.17197 421.248
1.17811 417.654
1.18424 416.056
1.19038 411.711
1.19652 408.524
1.20267 404.195
1.20881 402.398
1.21495 399.01
1.22108 395.44
1.2272 392.636
1.23334 388.422
1.23949 383.861
1.24562 383.193
1.25174 379.366
1.25789 377.227
1.26402 372.406
1.27014 370.876
1.27628 367.41
1.28244 363.26
1.28858 361.252
1.29471 359.288
1.30084 355.243
1.30697 352.258
1.31312 349.404
1.31925 348.057
1.32537 344.341
1.33151 341.522
1.33765 338.085
1.34378 334.95
1.34992 333.124
1.35606 330.09
1.3622 326.982
1.36833 324.053
1.37445 322.39
1.38059 319.567
1.38675 317.101
1.39288 314.449
1.39901 313.676
1.40515 308.65
1.4113 307.272
1.41742 304.333
1.42355 301.997
1.4297 299.93
1.43585 297.423
1.44198 294.34
1.44809 292.75
1.45423 290.068
1.46036 287.952
1.46649 285.897
1.47263 282.252
1.47877 280.361
1.48491 279.066
1.49104 275.371
1.49718 273.323
1.50333 271.794
1.50947 270.259
1.5156 266.782
1.52172 266.181
1.52787 263.37
1.534 260.934
1.54013 258.998
1.54627 256.82
1.55241 255.532
1.55855 252.677
1.56467 251.007
1.5708 249.449
