0.00783031 -0.647354
0.013688 0.819065
0.019231 0.213089
0.0249154 1.58421
0.0312784 0.481446
0.0375637 3.23903
0.0433917 1.48705
0.0492413 2.85142
0.0555754 3.57961
0.0619321 5.1137
0.067871 4.63361
0.0738098 5.14603
0.0800417 5.54781
0.0862327 5.12817
0.0921407 8.04768
0.0982031 5.17261
0.104506 7.85994
0.110769 6.92108
0.116806 8.1207
0.122832 7.2406
0.129052 8.51084
0.135211 9.82426
0.141259 12.1545
0.147318 11.3808
0.153489 7.17127
0.159709 12.3807
0.165845 10.7409
0.171974 12.7615
0.178125 7.83774
0.184229 11.0477
0.19034 11.1712
0.196428 10.1889
0.202534 9.94103
0.208729 9.5578
0.214876 9.3909
0.220989 9.3509
0.227147 11.09
0.23329 7.59114
0.239377 9.90077
0.245482 12.0872
0.251667 9.61651
0.257832 10.5663
0.263955 9.65891
0.270079 8.63013
0.27624 7.96546
0.282372 7.95141
0.28843 9.47753
0.294538 8.16547
0.300721 5.15947
0.30691 5.42318
0.313033 5.29298
0.319153 5.52685
0.325316 6.25614
0.33145 4.94961
0.337538 4.27472
0.343633 5.05043
0.349808 1.46144
0.355968 3.18293
0.362074 3.90531
0.368217 3.21006
0.374374 2.7106
0.380519 1.37503
0.386598 1.05995
0.392688 2.47706
0.39888 0.938704
0.405048 0.79099
0.411186 1.05774
0.417313 -1.39408
0.423458 -0.0886376
0.429607 -1.65506
0.435692 -1.18643
0.441815 -3.26285
0.447964 -1.72397
0.454126 -3.23186
0.460267 -4.40029
0.466387 -3.34334
0.47254 -4.38291
0.478662 -4.46308
0.484765 -7.78492
0.490885 -5.76746
0.497035 -8.92022
0.503198 -9.44309
0.509342 -7.73676
0.515458 -7.84206
0.521598 -9.00673
0.527764 -7.8489
0.533884 -10.8695
0.54 -10.1644
0.546137 -12.3892
0.552299 -12.005
0.558452 -11.2507
0.564573 -11.6508
0.570708 -10.8242
0.576825 -11.7866
0.582926 -10.7022
0.589034 -13.4583
0.595184 -14.5103
0.601379 -13.1341
0.607522 -14.5747
0.613639 -16.4653
0.619772 -15.8064
0.625918 -16.9609
0.632068 -18.5448
0.638161 -17.2436
0.6443 -22.0286
0.650464 -17.635
0.656582 -18.9439
0.662703 -18.8192
0.668861 -21.7431
0.675024 -20.1616
0.681124 -20.8778
0.687237 -19.9881
0.693381 -20.8834
0.699536 -24.6435
0.705665 -22.0965
0.711789 -23.4323
0.717957 -22.9018
0.72409 -25.1512
0.730186 -24.5418
0.736317 -25.3001
0.742472 -25.0229
0.748622 -24.2686
0.75476 -26.6414
0.760888 -28.0479
0.767043 -27.0802
0.773185 -27.043
0.779291 -28.8104
0.785407 -26.8176
0.791564 -27.0239
0.797719 -30.3846
0.803834 -26.6986
0.809972 -27.1492
0.816124 -29.1124
0.822261 -31.143
0.828378 -30.5408
0.834502 -30.1133
0.840667 -31.0732
0.846816 -29.4821
0.852925 -29.9392
0.859047 -30.9881
0.865192 -32.1146
0.871341 -31.0674
0.877463 -32.1724
0.883569 -33.771
0.889708 -33.219
0.895864 -34.2245
0.902008 -33.6659
0.908149 -33.2041
0.914301 -35.3125
0.920448 -35.0249
0.926574 -32.9307
0.932687 -33.8577
0.938823 -34.6043
0.944975 -34.9072
0.951105 -35.5858
0.957225 -35.1374
0.963368 -35.8653
0.969511 -36.9139
0.975621 -38.2325
0.981748 -36.5617
0.987916 -35.6761
0.99406 -35.5199
1.00019 -37.3148
1.00632 -37.8799
1.01246 -35.9709
1.01859 -37.9634
1.02471 -37.6298
1.03085 -38.7504
1.03698 -37.8443
1.04314 -40.5559
1.04929 -40.2509
1.05541 -39.6965
1.06154 -39.8372
1.06769 -39.0439
1.07382 -37.0551
1.07993 -40.9583
1.08607 -40.8337
1.09222 -40.5285
1.09836 -39.1696
1.10449 -40.7951
1.11063 -39.7951
1.11677 -41.7063
1.1229 -41.7045
1.12903 -40.3898
1.13518 -41.5117
1.14131 -41.4426
1.14745 -42.7288
1.15359 -42.379
1.15973 -41.7825
1.16584 -42.9637
1.17197 -41.4281
1.17811 -42.5103
1.18424 -42.7868
1.19038 -41.8518
1.19652 -42.375
1.20267 -42.2823
1.20881 -43.2709
1.21495 -42.5719
1.22108 -42.6882
1.2272 -42.3971
1.23334 -42.7453
1.23949 -44.3325
1.24562 -43.4001
1.25174 -43.5278
1.25789 -44.2648
1.26402 -42.2131
1.27014 -44.2953
1.27628 -42.3717
1.28244 -43.4372
1.28858 -44.1255
1.29471 -44.0905
1.30084 -43.142
1.30697 -43.7579
1.31312 -43.4896
1.31925 -42.566
1.32537 -43.8056
1.33151 -43.5455
1.33765 -45.1663
1.34378 -43.6741
1.34992 -44.0566
1.35606 -44.3993
1.3622 -45.3532
1.36833 -44.1504
1.37445 -43.9208
1.38059 -43.6294
1.38675 -43.2467
1.39288 -43.1926
1.39901 -44.118
1.40515 -45.1817
1.4113 -44.195
1.41742 -44.0953
1.42355 -44.8866
1.4297 -43.7637
1.43585 -45.205
1.44198 -46.2108
1.44809 -44.9742
1.45423 -46.0621
1.46036 -44.8554
1.46649 -45.4699
1.47263 -45.2178
1.47877 -44.3868
1.48491 -45.5783
1.49104 -45.3129
1.49718 -45.2042
1.50333 -43.896
1.50947 -46.1076
1.5156 -46.1847
1.52172 -44.8264
1.52787 -42.9952
1.534 -45.4068
1.54013 -44.804
1.54627 -43.6369
1.55241 -45.0185
1.55855 -45.0489
1.56467 -43.9278
1.5708 -44.4766
