0.00783031 1881.43
0.013688 1549.56
0.019231 -28.0745
0.0249154 -637.753
0.0312784 -242.852
0.0375637 8.98668
0.0433917 -558.492
0.0492413 -492.241
0.0555754 64.7981
0.0619321 -95.1775
0.067871 -43.2158
0.0738098 -107.708
0.0800417 -65.1521
0.0862327 -162.761
0.0921407 -79.7332
0.0982031 -158.796
0.104506 -150.38
0.110769 -212.932
0.116806 -117.979
0.122832 -93.6622
0.129052 -108.431
0.135211 -122.228
0.141259 -109.12
0.147318 -127.352
0.153489 -145.884
0.159709 -125.811
0.165845 -167.87
0.171974 -146.772
0.178125 -183.128
0.184229 -141.365
0.19034 -161.117
0.196428 -164.326
0.202534 -126.125
0.208729 -176.359
0.214876 -166.276
0.220989 -164.44
0.227147 -184.933
0.23329 -167.513
0.239377 -155.852
0.245482 -160.97
0.251667 -157.218
0.257832 -162
0.263955 -152.545
0.270079 -163.995
0.27624 -146.642
0.282372 -156.973
0.28843 -158.08
0.294538 -144.173
0.300721 -164.95
0.30691 -158.265
0.313033 -151.467
0.319153 -149.867
0.325316 -154.346
0.33145 -162.62
0.337538 -153.46
0.343633 -150.277
0.349808 -154.987
0.355968 -150.134
0.362074 -153.018
0.368217 -150.931
0.374374 -147.442
0.380519 -142.726
0.386598 -148.903
0.392688 -148.988
0.39888 -145.744
0.405048 -145.58
0.411186 -149.471
0.417313 -140.215
0.423458 -141.068
0.429607 -145.926
0.435692 -137.797
0.441815 -140.696
0.447964 -138.909
0.454126 -137.405
0.460267 -140.967
0.466387 -132.368
0.47254 -136.646
0.478662 -137.019
0.484765 -129.722
0.490885 -128.858
0.497035 -129.022
0.503198 -127.689
0.509342 -127.291
0.515458 -126.378
0.521598 -125.939
0.527764 -121.45
0.533884 -124.602
0.54 -120.479
0.546137 -121.452
0.552299 -121.11
0.558452 -117.071
0.564573 -115.138
0.570708 -120.417
0.576825 -113.823
0.582926 -113.368
0.589034 -114.044
0.595184 -117.386
0.601379 -110.584
0.607522 -111.753
0.613639 -112.385
0.619772 -110.378
0.625918 -106.354
0.632068 -108.357
0.638161 -106.328
0.6443 -105.633
0.650464 -104.635
0.656582 -104.786
0.662703 -105.457
0.668861 -102.843
0.675024 -100.342
0.681124 -103.738
0.687237 -100.538
0.693381 -99.9534
0.699536 -99.2123
0.705665 -98.9183
0.711789 -96.3702
0.717957 -95.9611
0.72409 -98.5486
0.730186 -96.7059
0.736317 -96.3853
0.742472 -96.2237
0.748622 -93.7535
0.75476 -96.0681
0.760888 -94.0009
0.767043 -92.511
0.773185 -92.6828
0.779291 -90.2853
0.785407 -90.1429
0.791564 -91.201
0.797719 -89.7658
0.803834 -90.997
0.809972 -89.0867
0.816124 -85.0401
0.822261 -86.5391
0.828378 -87.2531
0.834502 -85.794
0.840667 -86.438
0.846816 -85.6893
0.852925 -86.4872
0.859047 -84.6209
0.865192 -85.8813
0.871341 -86.1144
0.877463 -83.8607
0.883569 -83.5518
0.889708 -82.9137
0.895864 -82.201
0.902008 -83.3358
0.908149 -81.1231
0.914301 -80.5162
0.920448 -81.1774
0.926574 -78.4462
0.932687 -80.8154
0.938823 -79.7297
0.944975 -78.2836
0.951105 -78.3173
0.957225 -79.1522
0.963368 -79.1824
0.969511 -77.5957
0.975621 -77.4016
0.981748 -77.8097
0.987916 -77.9664
0.99406 -76.3969
1.00019 -76.678
1.00632 -76.4695
1.01246 -75.9912
1.01859 -75.392
1.02471 -75.2865
1.03085 -73.9105
1.03698 -74.8307
1.04314 -73.3827
1.04929 -73.0033
1.05541 -73.4864
1.06154 -72.5553
1.06769 -72.8059
1.07382 -72.882
1.07993 -72.5968
1.08607 -73.076
1.09222 -70.5411
1.09836 -71.6458
1.10449 -70.7453
1.11063 -70.4476
1.11677 -70.6064
1.1229 -71.4911
1.12903 -70.4686
1.13518 -70.3756
1.14131 -69.2736
1.14745 -69.6588
1.15359 -68.6266
1.15973 -68.0722
1.16584 -68.5049
1.17197 -69.4963
1.17811 -68.178
1.18424 -68.2729
1.19038 -68.2194
1.19652 -67.0147
1.20267 -66.9868
1.20881 -66.6663
1.21495 -67.0306
1.22108 -65.6699
1.2272 -65.6869
1.23334 -66.059
1.23949 -65.1675
1.24562 -66.7619
1.25174 -65.1496
1.25789 -64.5989
1.26402 -65.3837
1.27014 -65.0951
1.27628 -65.4208
1.28244 -63.8818
1.28858 -64.066
1.29471 -63.6534
1.30084 -63.5946
1.30697 -62.9584
1.31312 -62.5489
1.31925 -62.9434
1.32537 -62.7895
1.33151 -61.9115
1.33765 -60.9058
1.34378 -62.6422
1.34992 -61.3961
1.35606 -61.0287
1.3622 -61.2213
1.36833 -60.0533
1.37445 -59.0567
1.38059 -59.5066
1.38675 -59.8606
1.39288 -58.669
1.39901 -58.2395
1.40515 -58.1802
1.4113 -58.9906
1.41742 -56.9983
1.42355 -57.7518
1.4297 -58.3768
1.43585 -57.8585
1.44198 -57.3594
1.44809 -56.9833
1.45423 -57.6482
1.46036 -56.2393
1.46649 -56.6125
1.47263 -56.348
1.47877 -55.9191
1.48491 -55.1184
1.49104 -55.556
1.49718 -55.0298
1.50333 -53.7353
1.50947 -53.5162
1.5156 -53.011
1.52172 -52.6016
1.52787 -52.5207
1.534 -53.7846
1.54013 -51.9933
1.54627 -53.0068
1.55241 -52.4313
1.55855 -52.5495
1.56467 -51.327
1.5708 -51.9299
