0.00783031 10240.3
0.013688 10307.2
0.019231 10236.5
0.0249154 9392.5
0.0312784 9310.08
0.0375637 9679.87
0.0433917 9213.3
0.0492413 8576.22
0.0555754 8994.58
0.0619321 8412.53
0.067871 7761.93
0.0738098 7904.05
0.0800417 7794.02
0.0862327 7831.5
0.0921407 7410.08
0.0982031 7054.9
0.104506 6690.78
0.110769 7053.75
0.116806 6818.02
0.122832 6785.06
0.129052 6621.22
0.135211 6588.89
0.141259 6371.06
0.147318 6273.73
0.153489 6221.51
0.159709 6223.48
0.165845 5940.05
0.171974 6010
0.178125 5834.57
0.184229 5783.43
0.19034 5648.87
0.196428 5559.12
0.202534 5554.81
0.208729 5452.32
0.214876 5268.55
0.220989 5331.96
0.227147 5244.4
0.23329 5112.14
0.239377 5170.01
0.245482 5036.3
0.251667 5030.01
0.257832 4983.26
0.263955 4915.3
0.270079 4834.14
0.27624 4771.06
0.282372 4765.58
0.28843 4744.22
0.294538 4667.21
0.300721 4607.43
0.30691 4597.19
0.313033 4585.58
0.319153 4509.01
0.325316 4457.97
0.33145 4487.38
0.337538 4394.27
0.343633 4345.6
0.349808 4362.77
0.355968 4299.49
0.362074 4318.68
0.368217 4281.18
0.374374 4234.91
0.380519 4263.31
0.386598 4235.21
0.392688 4193.38
0.39888 4165.72
0.405048 4154.4
0.411186 4131.23
0.417313 4130.01
0.423458 4108.57
0.429607 4060.24
0.435692 4052.29
0.441815 4059.92
0.447964 4021.56
0.454126 4029.66
0.460267 4028.72
0.466387 4056.53
0.47254 4015.36
0.478662 4009.37
0.484765 4002.28
0.490885 3940.6
0.497035 3971.14
0.503198 3976.13
0.509342 3915.91
0.515458 3934.76
0.521598 3938.63
0.527764 3919.95
0.533884 3907.68
0.54 3905.49
0.546137 3891.22
0.552299 3853.46
0.558452 3866.44
0.564573 3896.25
0.570708 3883.06
0.576825 3870.25
0.582926 3834.81
0.589034 3830.37
0.595184 3858.59
0.601379 3868.09
0.607522 3859.52
0.613639 3825.39
0.619772 3839.27
0.625918 3840.78
0.632068 3826.95
0.638161 3824.11
0.6443 3826.79
0.650464 3838.54
0.656582 3795.11
0.662703 3816.18
0.668861 3801.72
0.675024 3824.65
0.681124 3793.2
0.687237 3818.65
0.693381 3798.36
0.699536 3781.99
0.705665 3786.19
0.711789 3793.17
0.717957 3792.51
0.72409 3778.58
0.730186 3779.26
0.736317 3774.89
0.742472 3753.73
0.748622 3760.79
0.75476 3752.68
0.760888 3765.09
0.767043 3746.23
0.773185 3747.28
0.779291 3742.09
0.785407 3751.23
0.791564 3742.92
0.797719 3726.64
0.803834 3721.67
0.809972 3718.2
0.816124 3737.1
0.822261 3729.71
0.828378 3716.83
0.834502 3714.29
0.840667 3720.13
0.846816 3707.84
0.852925 3705.83
0.859047 3694.51
0.865192 3703.96
0.871341 3702.41
0.877463 3688.79
0.883569 3688.24
0.889708 3673.34
0.895864 3684.89
0.902008 3651.94
0.908149 3640.1
0.914301 3648.41
0.920448 3660.45
0.926574 3667.11
0.932687 3645.61
0.938823 3661.28
0.944975 3642.06
0.951105 3649.16
0.957225 3641.73
0.963368 3638.91
0.969511 3634.8
0.975621 3606.99
0.981748 3616.85
0.987916 3614.26
0.99406 3621.29
1.00019 3617.5
1.00632 3608.19
1.01246 3589.11
1.01859 3575.27
1.02471 3606.08
1.03085 3587.24
1.03698 3578.51
1.04314 3571.43
1.04929 3569.56
1.05541 3555.51
1.06154 3547.86
1.06769 3554.64
1.07382 3546.67
1.07993 3540.95
1.08607 3523.62
1.09222 3518.85
1.09836 3518.4
1.10449 3512.17
1.11063 3526.35
1.11677 3508.89
1.1229 3509.75
1.12903 3491.67
1.13518 3478.14
1.14131 3495.61
1.14745 3483.14
1.15359 3490.18
1.15973 3477.12
1.16584 3453.36
1.17197 3469.45
1.17811 3446.34
1.18424 3461.09
1.19038 3435.54
1.19652 3442.69
1.20267 3435.9
1.20881 3433.53
1.21495 3428.18
1.22108 3407.05
1.2272 3409.71
1.23334 3397.95
1.23949 3405.28
1.24562 3401.83
1.25174 3390.65
1.25789 3380.1
1.26402 3379.51
1.27014 3367.08
1.27628 3368.14
1.28244 3366.71
1.28858 3358.42
1.29471 3356.3
1.30084 3326.75
1.30697 3325.21
1.31312 3320.79
1.31925 3336.19
1.32537 3318.96
1.33151 3310.15
1.33765 3304.14
1.34378 3309.14
1.34992 3288.1
1.35606 3294.61
1.3622 3281.82
1.36833 3268.37
1.37445 3277.16
1.38059 3280.14
1.38675 3265.17
1.39288 3257.85
1.39901 3242.09
1.40515 3247.31
1.4113 3237.29
1.41742 3236.97
1.42355 3234.77
1.4297 3234.8
1.43585 3221.86
1.44198 3209.6
1.44809 3214.9
1.45423 3209.6
1.46036 3204.6
1.46649 3193.89
1.47263 3191.68
1.47877 3189.24
1.48491 3185.51
1.49104 3177.31
1.49718 3181.81
1.50333 3170.23
1.50947 3167.11
1.5156 3145.26
1.52172 3148.85
1.52787 3139.94
1.534 3141.76
1.54013 3143.13
1.54627 3125.36
1.55241 3129
1.55855 3119.35
1.56467 3115.97
1.5708 3111.28
