0.00783031 6876.32
0.013688 5963.43
0.019231 4515.58
0.0249154 5401.23
0.0312784 4960.72
0.0375637 4415.49
0.0433917 4845.44
0.0492413 4129.69
0.0555754 3976.89
0.0619321 3701.39
0.067871 3295.3
0.0738098 3239.39
0.0800417 3364.1
0.0862327 3024.35
0.0921407 2984.17
0.0982031 2788.48
0.104506 2586.93
0.110769 2361.23
0.116806 2167.33
0.122832 2126.29
0.129052 2058.59
0.135211 1927.59
0.141259 1871.83
0.147318 1789.33
0.153489 1703.02
0.159709 1626.07
0.165845 1603.85
0.171974 1469.93
0.178125 1421.86
0.184229 1430.76
0.19034 1367.69
0.196428 1237.85
0.202534 1230.09
0.208729 1170.64
0.214876 1147.36
0.220989 1090.24
0.227147 1043.11
0.23329 1020.36
0.239377 976.966
0.245482 942.966
0.251667 908.579
0.257832 873.699
0.263955 859.914
0.270079 856.502
0.27624 827.66
0.282372 805.152
0.28843 779.904
0.294538 731.051
0.300721 690.734
0.30691 701.187
0.313033 673.028
0.319153 660.86
0.325316 647.077
0.33145 620.84
0.337538 610.914
0.343633 594.561
0.349808 571.146
0.355968 554.328
0.362074 541.833
0.368217 513.561
0.374374 516.512
0.380519 514.412
0.386598 495.1
0.392688 473.765
0.39888 465.084
0.405048 455.095
0.411186 440.238
0.417313 423.798
0.423458 419.824
0.429607 415.753
0.435692 409.704
0.441815 399.906
0.447964 375.677
0.454126 384.02
0.460267 364.651
0.466387 353.961
0.47254 347.54
0.478662 338.962
0.484765 328.48
0.490885 325.814
0.497035 304.854
0.503198 308.541
0.509342 289.825
0.515458 294.036
0.521598 289.903
0.527764 276.922
0.533884 279.803
0.54 269.692
0.546137 264.718
0.552299 249.459
0.558452 246.007
0.564573 245.54
0.570708 239.802
0.576825 229.104
0.582926 234.821
0.589034 222.707
0.595184 215.005
0.601379 210.619
0.607522 208.201
0.613639 194.985
0.619772 202.726
0.625918 188.302
0.632068 186.788
0.638161 181.728
0.6443 176.922
0.650464 175.927
0.656582 172.519
0.662703 164.857
0.668861 159.69
0.675024 156.065
0.681124 147.971
0.687237 147.979
0.693381 141.719
0.699536 139.831
0.705665 136.766
0.711789 139.065
0.717957 133.955
0.72409 123.458
0.730186 125.376
0.736317 118.973
0.742472 118.657
0.748622 114.586
0.75476 113.333
0.760888 110.176
0.767043 110.028
0.773185 100.785
0.779291 100.831
0.785407 96.6207
0.791564 93.768
0.797719 94.5003
0.803834 87.3143
0.809972 91.7834
0.816124 84.075
0.822261 82.1239
0.828378 77.6664
0.834502 76.4453
0.840667 73.0042
0.846816 73.2581
0.852925 66.4916
0.859047 67.3915
0.865192 66.2142
0.871341 61.5136
0.877463 59.9992
0.883569 58.186
0.889708 52.3426
0.895864 55.0164
0.902008 51.4699
0.908149 49.5846
0.914301 46.2357
0.920448 41.4946
0.926574 43.0565
0.932687 42.7441
0.938823 41.0808
0.944975 38.5813
0.951105 37.0013
0.957225 35.7472
0.963368 34.679
0.969511 29.4998
0.975621 29.2958
0.981748 23.2679
0.987916 23.8057
0.99406 23.2671
1.00019 23.6683
1.00632 19.5316
1.01246 20.9887
1.01859 18.5395
1.02471 16.6006
1.03085 12.3558
1.03698 13.4451
1.04314 11.939
1.04929 10.9177
1.05541 10.5275
1.06154 6.12188
1.06769 7.58335
1.07382 6.14588
1.07993 4.46373
1.08607 2.76145
1.09222 1.13353
1.09836 -1.26084
1.10449 1.09709
1.11063 -1.85124
1.11677 -2.42475
1.1229 -5.78589
1.12903 -6.048
1.13518 -7.03083
1.14131 -6.12531
1.14745 -9.01883
1.15359 -9.18657
1.15973 -12.5561
1.16584 -12.1929
1.17197 -14.6701
1.17811 -14.0736
1.18424 -13.8899
1.19038 -14.5664
1.19652 -16.6701
1.20267 -17.9952
1.20881 -19.6493
1.21495 -18.7191
1.22108 -18.1853
1.2272 -20.3797
1.23334 -22.2514
1.23949 -21.8383
1.24562 -22.1624
1.25174 -23.2406
1.25789 -24.1677
1.26402 -23.4929
1.27014 -25.5536
1.27628 -25.74
1.28244 -26.8386
1.28858 -28.971
1.29471 -29.2265
1.30084 -29.3382
1.30697 -28.8384
1.31312 -31.1402
1.31925 -30.3625
1.32537 -31.2361
1.33151 -33.0481
1.33765 -32.4364
1.34378 -33.1128
1.34992 -33.3866
1.35606 -35.0709
1.3622 -34.4395
1.36833 -36.3303
1.37445 -37.6638
1.38059 -36.3975
1.38675 -36.3891
1.39288 -37.7713
1.39901 -37.1016
1.40515 -39.4414
1.4113 -39.5255
1.41742 -40.4204
1.42355 -39.4628
1.4297 -40.0782
1.43585 -41.9251
1.44198 -41.3895
1.44809 -40.7115
1.45423 -41.4783
1.46036 -41.7931
1.46649 -42.7555
1.47263 -42.4124
1.47877 -42.8304
1.48491 -43.2996
1.49104 -43.7709
1.49718 -45.0175
1.50333 -43.4874
1.50947 -43.5576
1.5156 -43.6245
1.52172 -44.5006
1.52787 -45.7239
1.534 -46.1983
1.54013 -45.1886
1.54627 -46.1038
1.55241 -47.5573
1.55855 -45.8306
1.56467 -47.0857
1.5708 -46.3057
