0.00783031 -2855.11
0.013688 190.6
0.019231 837.606
0.0249154 421.529
0.0312784 718.944
0.0375637 485.988
0.0433917 81.5714
0.0492413 84.7032
0.0555754 441.22
0.0619321 43.2989
0.067871 -38.3744
0.0738098 48.5965
0.0800417 7.49583
0.0862327 -94.6202
0.0921407 77.796
0.0982031 7.94233
0.104506 74.8512
0.110769 41.2066
0.116806 -14.8095
0.122832 -70.7021
0.129052 -7.80646
0.135211 -69.8764
0.141259 -69.8363
0.147318 -70.8955
0.153489 -78.0548
0.159709 -19.9009
0.165845 -56.094
0.171974 -83.4795
0.178125 -81.428
0.184229 -48.5335
0.19034 -103.092
0.196428 -95.7807
0.202534 -97.8926
0.208729 -75.5282
0.214876 -85.6586
0.220989 -101.388
0.227147 -91.4641
0.23329 -92.2795
0.239377 -97.8136
0.245482 -92.9061
0.251667 -91.8142
0.257832 -91.6162
0.263955 -103.883
0.270079 -91.0327
0.27624 -79.4931
0.282372 -88.0852
0.28843 -89.483
0.294538 -91.3976
0.300721 -98.3074
0.30691 -83.8112
0.313033 -89.1434
0.319153 -80.5099
0.325316 -84.8711
0.33145 -78.3748
0.337538 -81.89
0.343633 -74.2022
0.349808 -79.5627
0.355968 -78.8459
0.362074 -76.736
0.368217 -81.6758
0.374374 -79.4681
0.380519 -81.203
0.386598 -82.504
0.392688 -81.6768
0.39888 -76.199
0.405048 -76.5493
0.411186 -72.4988
0.417313 -71.6256
0.423458 -78.3756
0.429607 -79.6871
0.435692 -73.9691
0.441815 -70.0709
0.447964 -73.848
0.454126 -72.9951
0.460267 -68.0632
0.466387 -70.622
0.47254 -68.4142
0.478662 -71.3967
0.484765 -71.3842
0.490885 -69.7942
0.497035 -66.617
0.503198 -64.6094
0.509342 -69.1153
0.515458 -67.8277
0.521598 -63.9593
0.527764 -60.0183
0.533884 -61.6775
0.54 -60.342
0.546137 -60.4078
0.552299 -60.9873
0.558452 -58.6809
0.564573 -57.9574
0.570708 -55.5035
0.576825 -56.929
0.582926 -55.5247
0.589034 -55.439
0.595184 -55.9041
0.601379 -54.7836
0.607522 -53.8693
0.613639 -51.3239
0.619772 -54.0281
0.625918 -52.6365
0.632068 -53.6491
0.638161 -50.373
0.6443 -49.765
0.650464 -47.4593
0.656582 -47.5613
0.662703 -48.263
0.668861 -45.6778
0.675024 -47.8706
0.681124 -46.1716
0.687237 -44.8586
0.693381 -46.2099
0.699536 -46.5674
0.705665 -46.7189
0.711789 -45.5959
0.717957 -44.5746
0.72409 -43.2216
0.730186 -45.2765
0.736317 -43.9078
0.742472 -43.5068
0.748622 -44.8613
0.75476 -43.1764
0.760888 -42.4985
0.767043 -42.4817
0.773185 -41.4414
0.779291 -42.0669
0.785407 -42.6474
0.791564 -41.3276
0.797719 -42.0212
0.803834 -41.2942
0.809972 -39.4752
0.816124 -40.68
0.822261 -41.2427
0.828378 -40.68
0.834502 -39.7974
0.840667 -39.3836
0.846816 -38.7802
0.852925 -39.3899
0.859047 -41.7557
0.865192 -40.0079
0.871341 -39.3184
0.877463 -40.0304
0.883569 -39.8079
0.889708 -39.0085
0.895864 -40.1689
0.902008 -39.8433
0.908149 -38.409
0.914301 -40.4847
0.920448 -39.0044
0.926574 -38.2201
0.932687 -37.6333
0.938823 -38.2775
0.944975 -39.0529
0.951105 -37.936
0.957225 -38.936
0.963368 -38.5923
0.969511 -37.3876
0.975621 -39.356
0.981748 -38.58
0.987916 -39.172
0.99406 -39.1525
1.00019 -37.3369
1.00632 -37.9268
1.01246 -38.2177
1.01859 -36.9491
1.02471 -37.8896
1.03085 -37.6335
1.03698 -36.931
1.04314 -37.6091
1.04929 -37.748
1.05541 -37.7574
1.06154 -37.4752
1.06769 -38.0068
1.07382 -37.8167
1.07993 -36.7355
1.08607 -36.5324
1.09222 -37.3686
1.09836 -36.4567
1.10449 -37.2689
1.11063 -35.9424
1.11677 -36.8303
1.1229 -36.1191
1.12903 -36.3231
1.13518 -35.9309
1.14131 -35.999
1.14745 -36.1817
1.15359 -36.4198
1.15973 -35.7295
1.16584 -34.9503
1.17197 -36.1674
1.17811 -36.403
1.18424 -35.1615
1.19038 -35.1542
1.19652 -34.8252
1.20267 -35.232
1.20881 -34.877
1.21495 -34.5095
1.22108 -34.1613
1.2272 -34.8354
1.23334 -33.7843
1.23949 -34.3583
1.24562 -33.6979
1.25174 -34.4282
1.25789 -33.6851
1.26402 -33.7349
1.27014 -32.9751
1.27628 -33.7487
1.28244 -33.2479
1.28858 -33.2035
1.29471 -32.4974
1.30084 -31.714
1.30697 -32.8511
1.31312 -31.9373
1.31925 -32.2754
1.32537 -31.9341
1.33151 -31.7478
1.33765 -31.7086
1.34378 -31.7346
1.34992 -31.5378
1.35606 -31.1526
1.3622 -31.2681
1.36833 -31.6638
1.37445 -31.1099
1.38059 -30.1045
1.38675 -30.2361
1.39288 -30.448
1.39901 -29.712
1.40515 -30.2116
1.4113 -29.2549
1.41742 -29.9435
1.42355 -29.7894
1.4297 -29.1294
1.43585 -29.0739
1.44198 -28.214
1.44809 -28.2823
1.45423 -28.3457
1.46036 -28.5918
1.46649 -28.3995
1.47263 -28.045
1.47877 -27.7638
1.48491 -27.1599
1.49104 -27.609
1.49718 -27.1638
1.50333 -27.1497
1.50947 -27.0224
1.5156 -26.4123
1.52172 -26.5166
1.52787 -26.114
1.534 -25.9856
1.54013 -25.8772
1.54627 -25.876
1.55241 -25.4991
1.55855 -25.5208
1.56467 -25.0988
1.5708 -24.8395
