0.00783031 -4620.76
0.013688 55.863
0.019231 1183.64
0.0249154 803.398
0.0312784 1149.85
0.0375637 1163.34
0.0433917 257.947
0.0492413 520.83
0.0555754 1119.08
0.0619321 535.334
0.067871 762.178
0.0738098 824.034
0.0800417 994.193
0.0862327 870.836
0.0921407 1189.64
0.0982031 1238.71
0.104506 1235.17
0.110769 1085.7
0.116806 1010.28
0.122832 1016.7
0.129052 1249.64
0.135211 1138.57
0.141259 1164.98
0.147318 1140.2
0.153489 1131.34
0.159709 1191.46
0.165845 1218.86
0.171974 1143.99
0.178125 1211.59
0.184229 1275.33
0.19034 1200.85
0.196428 1210.02
0.202534 1210.14
0.208729 1236.97
0.214876 1212.06
0.220989 1220.41
0.227147 1274.79
0.23329 1219.12
0.239377 1255.52
0.245482 1195.37
0.251667 1233.01
0.257832 1212.94
0.263955 1234.73
0.270079 1221.18
0.27624 1249.15
0.282372 1204.23
0.28843 1205.46
0.294538 1240.44
0.300721 1191.73
0.30691 1190.29
0.313033 1239.38
0.319153 1166.81
0.325316 1210.04
0.33145 1203.92
0.337538 1206.37
0.343633 1201.26
0.349808 1193.09
0.355968 1189.78
0.362074 1181.54
0.368217 1184.65
0.374374 1157.46
0.380519 1184.74
0.386598 1177.33
0.392688 1170.15
0.39888 1166.03
0.405048 1171.56
0.411186 1167.64
0.417313 1151.9
0.423458 1150.83
0.429607 1150.89
0.435692 1159.18
0.441815 1165.74
0.447964 1145.03
0.454126 1134.03
0.460267 1121.31
0.466387 1128.02
0.47254 1121.75
0.478662 1112.86
0.484765 1111.85
0.490885 1117.44
0.497035 1097.44
0.503198 1100.29
0.509342 1116.23
0.515458 1095.57
0.521598 1100.81
0.527764 1093.91
0.533884 1087.31
0.54 1091.52
0.546137 1076.32
0.552299 1073.66
0.558452 1053.73
0.564573 1057.07
0.570708 1063.42
0.576825 1058.98
0.582926 1045.89
0.589034 1040.79
0.595184 1046.21
0.601379 1033.53
0.607522 1037.93
0.613639 1033.74
0.619772 1028.75
0.625918 1013.92
0.632068 1019.11
0.638161 1016.75
0.6443 1017.46
0.650464 999.153
0.656582 993.911
0.662703 998.253
0.668861 990.895
0.675024 987.888
0.681124 989.15
0.687237 986.798
0.693381 977.323
0.699536 962.481
0.705665 968.504
0.711789 959.527
0.717957 953.213
0.72409 952.752
0.730186 941.13
0.736317 939.088
0.742472 936.515
0.748622 918.549
0.75476 925.898
0.760888 915.081
0.767043 915.372
0.773185 907.815
0.779291 905.566
0.785407 895.484
0.791564 893.887
0.797719 885.774
0.803834 882.359
0.809972 876.329
0.816124 871.92
0.822261 865.427
0.828378 864.536
0.834502 857.173
0.840667 852.251
0.846816 848.796
0.852925 848.749
0.859047 829.128
0.865192 831.43
0.871341 830.164
0.877463 820.014
0.883569 819.314
0.889708 808.563
0.895864 805.675
0.902008 803.37
0.908149 798.017
0.914301 787.469
0.920448 787.684
0.926574 777.399
0.932687 777.555
0.938823 768.01
0.944975 763.095
0.951105 760.005
0.957225 756.076
0.963368 746.501
0.969511 744.038
0.975621 739.819
0.981748 733.883
0.987916 734.652
0.99406 728.219
1.00019 721.844
1.00632 715.415
1.01246 710.749
1.01859 708.687
1.02471 701.719
1.03085 695.997
1.03698 695.956
1.04314 683.597
1.04929 678.477
1.05541 675.5
1.06154 673.593
1.06769 671.067
1.07382 661.533
1.07993 658.613
1.08607 654.725
1.09222 651.675
1.09836 645.804
1.10449 640.611
1.11063 637.801
1.11677 631.87
1.1229 626.206
1.12903 624.529
1.13518 618.009
1.14131 613.454
1.14745 610.514
1.15359 604.79
1.15973 599.209
1.16584 595.403
1.17197 591.001
1.17811 584.285
1.18424 582.451
1.19038 577.431
1.19652 574.123
1.20267 570.052
1.20881 565.692
1.21495 561.291
1.22108 558.431
1.2272 553.19
1.23334 549.728
1.23949 547.217
1.24562 540.073
1.25174 535.525
1.25789 535.636
1.26402 529.509
1.27014 528.629
1.27628 524.211
1.28244 516.926
1.28858 513.551
1.29471 509.794
1.30084 508.859
1.30697 502.629
1.31312 499.813
1.31925 496.512
1.32537 495.665
1.33151 487.94
1.33765 482.952
1.34378 483.264
1.34992 477.012
1.35606 475.039
1.3622 470.24
1.36833 469.245
1.37445 463.819
1.38059 461.49
1.38675 458.289
1.39288 455.803
1.39901 453.024
1.40515 448.54
1.4113 443.452
1.41742 442.855
1.42355 436.531
1.4297 433.216
1.43585 429.217
1.44198 428.543
1.44809 425.464
1.45423 421.326
1.46036 417.086
1.46649 414.854
1.47263 413.615
1.47877 408.187
1.48491 404.984
1.49104 403.296
1.49718 397.843
1.50333 396.519
1.50947 394.312
1.5156 391.415
1.52172 389.475
1.52787 385.162
1.534 382.554
1.54013 378.616
1.54627 378.441
1.55241 375.044
1.55855 372.498
1.56467 369.804
1.5708 366.936
