0.00783031 -105.222
0.013688 -133.447
0.019231 -156.874
0.0249154 -135.31
0.0312784 -122.971
0.0375637 -127.688
0.0433917 -114.816
0.0492413 -112.196
0.0555754 -111.652
0.0619321 -115.298
0.067871 -113.048
0.0738098 -116.221
0.0800417 -117.736
0.0862327 -108.192
0.0921407 -104.582
0.0982031 -103.892
0.104506 -100.423
0.110769 -101.615
0.116806 -104.156
0.122832 -106.697
0.129052 -108.108
0.135211 -108.91
0.141259 -109.341
0.147318 -111.013
0.153489 -104.785
0.159709 -106.355
0.165845 -105.275
0.171974 -104.59
0.178125 -101.217
0.184229 -105.745
0.19034 -106.603
0.196428 -108.447
0.202534 -102.085
0.208729 -105.69
0.214876 -105.144
0.220989 -103.888
0.227147 -104.826
0.23329 -105.189
0.239377 -105.999
0.245482 -105.735
0.251667 -105.705
0.257832 -103.595
0.263955 -104.152
0.270079 -103.51
0.27624 -106.162
0.282372 -104.04
0.28843 -105.429
0.294538 -107.589
0.300721 -106.211
0.30691 -103.789
0.313033 -103.776
0.319153 -103.062
0.325316 -102.353
0.33145 -104.229
0.337538 -102.107
0.343633 -104.693
0.349808 -102.84
0.355968 -105.678
0.362074 -103.936
0.368217 -103.606
0.374374 -104.849
0.380519 -104.614
0.386598 -101.309
0.392688 -103.539
0.39888 -103.903
0.405048 -102.789
0.411186 -101.118
0.417313 -102.733
0.423458 -102.997
0.429607 -101.799
0.435692 -102.789
0.441815 -101.899
0.447964 -103.012
0.454126 -101.925
0.460267 -101.151
0.466387 -100.359
0.47254 -101.867
0.478662 -100.037
0.484765 -102.374
0.490885 -99.777
0.497035 -100.806
0.503198 -100.747
0.509342 -99.2688
0.515458 -100.439
0.521598 -102.181
0.527764 -99.5742
0.533884 -99.5382
0.54 -100.43
0.546137 -100.068
0.552299 -98.4075
0.558452 -99.9467
0.564573 -98.7622
0.570708 -97.5165
0.576825 -98.8722
0.582926 -98.569
0.589034 -98.7061
0.595184 -98.2169
0.601379 -98.4351
0.607522 -97.2894
0.613639 -96.8619
0.619772 -96.1832
0.625918 -97.2824
0.632068 -96.5909
0.638161 -96.7383
0.6443 -96.397
0.650464 -96.1142
0.656582 -96.9602
0.662703 -96.7803
0.668861 -96.7296
0.675024 -94.856
0.681124 -95.0167
0.687237 -94.719
0.693381 -96.4895
0.699536 -94.4212
0.705665 -95.7062
0.711789 -94.2457
0.717957 -94.3963
0.72409 -93.7656
0.730186 -94.2573
0.736317 -94.3415
0.742472 -93.424
0.748622 -94.1964
0.75476 -92.7378
0.760888 -92.4417
0.767043 -92.3696
0.773185 -92.8037
0.779291 -92.4466
0.785407 -92.6144
0.791564 -92.0184
0.797719 -91.8445
0.803834 -92.6025
0.809972 -91.5302
0.816124 -91.1369
0.822261 -90.8783
0.828378 -92.0125
0.834502 -90.788
0.840667 -90.6189
0.846816 -92.0721
0.852925 -91.3093
0.859047 -90.9017
0.865192 -89.4652
0.871341 -90.6312
0.877463 -89.3494
0.883569 -90.334
0.889708 -88.9213
0.895864 -90.2671
0.902008 -90.5548
0.908149 -88.4949
0.914301 -89.3296
0.920448 -88.1133
0.926574 -88.3457
0.932687 -87.3867
0.938823 -88.9525
0.944975 -86.6471
0.951105 -87.9406
0.957225 -87.3332
0.963368 -87.6399
0.969511 -86.6671
0.975621 -86.2724
0.981748 -86.118
0.987916 -85.6638
0.99406 -86.2752
1.00019 -86.0448
1.00632 -85.9312
1.01246 -85.5213
1.01859 -84.9884
1.02471 -85.2536
1.03085 -84.962
1.03698 -84.2139
1.04314 -84.5474
1.04929 -84.143
1.05541 -84.3683
1.06154 -83.3763
1.06769 -82.4242
1.07382 -82.6648
1.07993 -83.6487
1.08607 -82.804
1.09222 -81.6692
1.09836 -83.1948
1.10449 -82.1743
1.11063 -81.4789
1.11677 -81.488
1.1229 -82.3228
1.12903 -81.2715
1.13518 -81.1012
1.14131 -81.142
1.14745 -80.8137
1.15359 -80.4467
1.15973 -80.5725
1.16584 -79.9243
1.17197 -79.9134
1.17811 -79.4572
1.18424 -79.2928
1.19038 -79.036
1.19652 -79.1948
1.20267 -78.7541
1.20881 -78.7882
1.21495 -78.4774
1.22108 -77.9524
1.2272 -78.2292
1.23334 -78.0149
1.23949 -77.8037
1.24562 -77.3489
1.25174 -77.1349
1.25789 -76.8384
1.26402 -76.7669
1.27014 -76.2448
1.27628 -76.5372
1.28244 -75.8845
1.28858 -76.043
1.29471 -76.4718
1.30084 -75.5503
1.30697 -75.4532
1.31312 -75.0239
1.31925 -75.0285
1.32537 -75.2532
1.33151 -74.9934
1.33765 -74.3121
1.34378 -74.3314
1.34992 -73.9903
1.35606 -73.7795
1.3622 -73.3364
1.36833 -73.5303
1.37445 -72.8513
1.38059 -72.9066
1.38675 -72.9669
1.39288 -72.2095
1.39901 -72.2748
1.40515 -71.8023
1.4113 -72.054
1.41742 -71.6414
1.42355 -71.5633
1.4297 -71.5421
1.43585 -71.3894
1.44198 -70.2762
1.44809 -70.2696
1.45423 -70.2692
1.46036 -70.2872
1.46649 -69.8706
1.47263 -69.8101
1.47877 -69.342
1.48491 -69.1858
1.49104 -69.0085
1.49718 -69.1044
1.50333 -69.3399
1.50947 -68.6137
1.5156 -68.2448
1.52172 -68.6529
1.52787 -67.3683
1.534 -67.8214
1.54013 -67.6495
1.54627 -67.4318
1.55241 -67.196
1.55855 -67.2977
1.56467 -66.8199
1.5708 -66.5922
