0.00783031 20.3234
0.013688 3258.05
0.019231 -1039.96
0.0249154 -38.4337
0.0312784 901.224
0.0375637 -163.431
0.0433917 741.99
0.0492413 133.362
0.0555754 757.537
0.0619321 807.248
0.067871 404.569
0.0738098 536.939
0.0800417 866.836
0.0862327 710.817
0.0921407 650.723
0.0982031 797.159
0.104506 632.941
0.110769 1136.62
0.116806 954.77
0.122832 962.408
0.129052 1028.67
0.135211 1127.32
0.141259 972.375
0.147318 1036.86
0.153489 1078.35
0.159709 1225.73
0.165845 1095.27
0.171974 1224.87
0.178125 1141.44
0.184229 1184.33
0.19034 1133.85
0.196428 1177.65
0.202534 1199.53
0.208729 1231.85
0.214876 1252
0.220989 1290.66
0.227147 1188.29
0.23329 1198.43
0.239377 1200.93
0.245482 1161.82
0.251667 1185.13
0.257832 1169.98
0.263955 1221.71
0.270079 1197.13
0.27624 1184.77
0.282372 1181.4
0.28843 1185.52
0.294538 1176.39
0.300721 1166.4
0.30691 1161.26
0.313033 1169.51
0.319153 1181.5
0.325316 1162.29
0.33145 1137.01
0.337538 1130.22
0.343633 1147.51
0.349808 1118.03
0.355968 1112.15
0.362074 1119.19
0.368217 1104.84
0.374374 1107.68
0.380519 1092.23
0.386598 1092.11
0.392688 1076.95
0.39888 1074.02
0.405048 1050.25
0.411186 1045.81
0.417313 1059.09
0.423458 1050.78
0.429607 1051.82
0.435692 1033.29
0.441815 1037.97
0.447964 1021.31
0.454126 1002.78
0.460267 1016.59
0.466387 1001.89
0.47254 996.072
0.478662 984.89
0.484765 969.413
0.490885 967.397
0.497035 967.158
0.503198 957.953
0.509342 952.578
0.515458 951.929
0.521598 936.587
0.527764 931.063
0.533884 918.753
0.54 915.447
0.546137 913.467
0.552299 909.027
0.558452 896.623
0.564573 884.838
0.570708 891.821
0.576825 873.28
0.582926 872.339
0.589034 868.994
0.595184 862.753
0.601379 855.636
0.607522 845.818
0.613639 850.434
0.619772 838.773
0.625918 830.591
0.632068 812.34
0.638161 817.873
0.6443 815.949
0.650464 810.04
0.656582 798.959
0.662703 803.174
0.668861 793.533
0.675024 784.138
0.681124 784.866
0.687237 776.458
0.693381 762.161
0.699536 763.465
0.705665 755.633
0.711789 749.178
0.717957 740.915
0.72409 739.153
0.730186 742.572
0.736317 734.085
0.742472 728.199
0.748622 714.755
0.75476 711.758
0.760888 706.523
0.767043 706.91
0.773185 697.53
0.779291 689.529
0.785407 686.07
0.791564 681.392
0.797719 674.003
0.803834 668.46
0.809972 666.627
0.816124 657.473
0.822261 654.552
0.828378 655.033
0.834502 645.496
0.840667 638.342
0.846816 629.618
0.852925 627.667
0.859047 627.793
0.865192 616.103
0.871341 610.59
0.877463 602.183
0.883569 601.339
0.889708 595.992
0.895864 589.103
0.902008 585.398
0.908149 583.723
0.914301 576.28
0.920448 571.196
0.926574 567.089
0.932687 562.252
0.938823 557.98
0.944975 550.772
0.951105 547.884
0.957225 545.28
0.963368 537.824
0.969511 533.59
0.975621 527.857
0.981748 520.759
0.987916 517.068
0.99406 514.277
1.00019 509.221
1.00632 507.092
1.01246 502.462
1.01859 496.547
1.02471 492.917
1.03085 486.843
1.03698 483.709
1.04314 477.393
1.04929 472.025
1.05541 470.986
1.06154 463.381
1.06769 463.45
1.07382 456.061
1.07993 451.574
1.08607 446.152
1.09222 442.179
1.09836 437.79
1.10449 433.816
1.11063 428.911
1.11677 426.47
1.1229 422.232
1.12903 416.846
1.13518 413.178
1.14131 411.151
1.14745 408.017
1.15359 400.77
1.15973 399.677
1.16584 394.716
1.17197 390.6
1.17811 387.518
1.18424 381.488
1.19038 380.703
1.19652 375.188
1.20267 371.058
1.20881 368.547
1.21495 363.39
1.22108 358.11
1.2272 356.19
1.23334 353.317
1.23949 352.008
1.24562 345.94
1.25174 344.039
1.25789 338.583
1.26402 336.254
1.27014 334.261
1.27628 328.615
1.28244 325.789
1.28858 321.443
1.29471 319.217
1.30084 315.898
1.30697 312.199
1.31312 309.044
1.31925 306.652
1.32537 304.239
1.33151 302.14
1.33765 297.846
1.34378 295.869
1.34992 292.038
1.35606 289.225
1.3622 286.479
1.36833 282.331
1.37445 280.372
1.38059 278.235
1.38675 276.065
1.39288 272.427
1.39901 268.315
1.40515 266.82
1.4113 265.054
1.41742 261.032
1.42355 257.771
1.4297 256.062
1.43585 254.945
1.44198 252.995
1.44809 248.745
1.45423 246.082
1.46036 244.776
1.46649 242.589
1.47263 238.986
1.47877 236.705
1.48491 234.776
1.49104 233.172
1.49718 230.344
1.50333 227.256
1.50947 225.147
1.5156 223.313
1.52172 222.151
1.52787 217.941
1.534 217.675
1.54013 214.542
1.54627 212.707
1.55241 211.587
1.55855 208.233
1.56467 207.3
1.5708 205.226
