0.00783031 3679.43
0.013688 6241.81
0.019231 5815.46
0.0249154 5548.86
0.0312784 5012.6
0.0375637 4508.97
0.0433917 4230.44
0.0492413 4049.6
0.0555754 3617.23
0.0619321 3581.98
0.067871 3298.4
0.0738098 3177.5
0.0800417 2910.42
0.0862327 2717.51
0.0921407 2787.61
0.0982031 2528.92
0.104506 2243.36
0.110769 2343.23
0.116806 2124.46
0.122832 2008.14
0.129052 1879.24
0.135211 1730.6
0.141259 1664.67
0.147318 1575.41
0.153489 1493.99
0.159709 1436.13
0.165845 1402.85
0.171974 1274.36
0.178125 1202.5
0.184229 1178.83
0.19034 1147
0.196428 1033.68
0.202534 997.106
0.208729 949.848
0.214876 877.285
0.220989 887.248
0.227147 823.107
0.23329 810.259
0.239377 746.473
0.245482 709.529
0.251667 685.455
0.257832 665.066
0.263955 640.8
0.270079 606.819
0.27624 547.422
0.282372 544.406
0.28843 511.053
0.294538 468.903
0.300721 477.37
0.30691 432.951
0.313033 416.238
0.319153 410.034
0.325316 393.564
0.33145 350.348
0.337538 345.064
0.343633 324.651
0.349808 310.941
0.355968 289.97
0.362074 267.355
0.368217 256.579
0.374374 251.34
0.380519 227.329
0.386598 219.99
0.392688 205.822
0.39888 192.379
0.405048 176.933
0.411186 166.55
0.417313 155.615
0.423458 144.821
0.429607 124.876
0.435692 119.015
0.441815 114.447
0.447964 97.8247
0.454126 89.1807
0.460267 89.7342
0.466387 70.7608
0.47254 62.1319
0.478662 54.6876
0.484765 44.6814
0.490885 40.2617
0.497035 38.5124
0.503198 23.7623
0.509342 17.7507
0.515458 9.79013
0.521598 0.0990262
0.527764 -2.91605
0.533884 -4.78753
0.54 -14.6776
0.546137 -24.3385
0.552299 -24.4236
0.558452 -33.4001
0.564573 -35.3919
0.570708 -36.2362
0.576825 -44.9941
0.582926 -52.9694
0.589034 -55.9925
0.595184 -60.7061
0.601379 -63.499
0.607522 -67.6649
0.613639 -73.1161
0.619772 -76.335
0.625918 -77.1728
0.632068 -80.3954
0.638161 -86.0834
0.6443 -90.092
0.650464 -86.3017
0.656582 -91.629
0.662703 -97.1303
0.668861 -93.6539
0.675024 -101.513
0.681124 -103.965
0.687237 -103.469
0.693381 -105.006
0.699536 -109.672
0.705665 -109.715
0.711789 -112.731
0.717957 -110.13
0.72409 -118.118
0.730186 -118.601
0.736317 -118.042
0.742472 -115.989
0.748622 -122.127
0.75476 -120.271
0.760888 -119.719
0.767043 -126.296
0.773185 -123.131
0.779291 -124.719
0.785407 -126.961
0.791564 -128.465
0.797719 -126.35
0.803834 -128.073
0.809972 -126.347
0.816124 -131.222
0.822261 -130.845
0.828378 -131.352
0.834502 -129.587
0.840667 -131.777
0.846816 -126.942
0.852925 -132.187
0.859047 -132.742
0.865192 -129.307
0.871341 -128.373
0.877463 -128.604
0.883569 -130.519
0.889708 -129.14
0.895864 -128.995
0.902008 -130.096
0.908149 -125.126
0.914301 -130.946
0.920448 -129.796
0.926574 -127.094
0.932687 -126.589
0.938823 -126.157
0.944975 -128.562
0.951105 -127.018
0.957225 -125.99
0.963368 -124.568
0.969511 -125.129
0.975621 -122.171
0.981748 -124.883
0.987916 -124.011
0.99406 -121.371
1.00019 -121.382
1.00632 -121.273
1.01246 -118.391
1.01859 -120.967
1.02471 -120.899
1.03085 -118.835
1.03698 -118.226
1.04314 -114.255
1.04929 -115.536
1.05541 -112.633
1.06154 -114.342
1.06769 -114.013
1.07382 -115.984
1.07993 -108.763
1.08607 -110.754
1.09222 -110.123
1.09836 -109.323
1.10449 -110.062
1.11063 -108.976
1.11677 -107.018
1.1229 -105.097
1.12903 -102.429
1.13518 -103.56
1.14131 -102.616
1.14745 -103.851
1.15359 -101.709
1.15973 -103.214
1.16584 -101
1.17197 -99.927
1.17811 -99.3231
1.18424 -97.1223
1.19038 -95.8897
1.19652 -95.4106
1.20267 -93.0348
1.20881 -95.6176
1.21495 -94.1435
1.22108 -93.4089
1.2272 -94.2566
1.23334 -91.6541
1.23949 -90.338
1.24562 -89.6508
1.25174 -87.8387
1.25789 -87.2225
1.26402 -85.3951
1.27014 -85.2739
1.27628 -85.7771
1.28244 -84.7095
1.28858 -85.1398
1.29471 -83.9482
1.30084 -80.5258
1.30697 -82.0239
1.31312 -82.1368
1.31925 -79.0342
1.32537 -79.9599
1.33151 -79.5356
1.33765 -76.3474
1.34378 -78.1519
1.34992 -76.8972
1.35606 -76.9734
1.3622 -74.952
1.36833 -75.4838
1.37445 -74.5828
1.38059 -72.3757
1.38675 -72.9376
1.39288 -73.8497
1.39901 -71.1652
1.40515 -71.0127
1.4113 -69.7851
1.41742 -70.3021
1.42355 -67.8275
1.4297 -67.9644
1.43585 -65.9006
1.44198 -68.0474
1.44809 -65.8071
1.45423 -66.4044
1.46036 -64.5938
1.46649 -63.2874
1.47263 -63.5476
1.47877 -63.2229
1.48491 -63.3981
1.49104 -61.9142
1.49718 -61.963
1.50333 -60.551
1.50947 -60.6761
1.5156 -60.0283
1.52172 -60.4977
1.52787 -58.8702
1.534 -56.8335
1.54013 -55.8224
1.54627 -55.9732
1.55241 -56.8371
1.55855 -55.5121
1.56467 -55.2468
1.5708 -55.4867
