0.00783031 4747.15
0.013688 3966.74
0.019231 3871.93
0.0249154 3727.02
0.0312784 3151.8
0.0375637 2825.33
0.0433917 3013.32
0.0492413 2662.45
0.0555754 2577.51
0.0619321 2373.05
0.067871 2090.33
0.0738098 1973.68
0.0800417 2118.96
0.0862327 1942.57
0.0921407 1865.4
0.0982031 1687.25
0.104506 1584.08
0.110769 1547.96
0.116806 1471.99
0.122832 1387.64
0.129052 1420.77
0.135211 1347.64
0.141259 1288.68
0.147318 1251.71
0.153489 1178.06
0.159709 1138.14
0.165845 1091.32
0.171974 1050.1
0.178125 1027.75
0.184229 1004.97
0.19034 988.263
0.196428 926.824
0.202534 917.041
0.208729 880.709
0.214876 870.492
0.220989 840.602
0.227147 819.992
0.23329 787.288
0.239377 783.245
0.245482 746.564
0.251667 739.832
0.257832 723.788
0.263955 702.758
0.270079 688.027
0.27624 670.588
0.282372 658.731
0.28843 644.533
0.294538 631.694
0.300721 619.12
0.30691 608.09
0.313033 587.486
0.319153 583.568
0.325316 568.84
0.33145 559.535
0.337538 553.73
0.343633 533.531
0.349808 526.577
0.355968 526.581
0.362074 510.793
0.368217 509.472
0.374374 495.352
0.380519 483.154
0.386598 483.703
0.392688 469.161
0.39888 462.353
0.405048 456.364
0.411186 449.545
0.417313 442.466
0.423458 437.723
0.429607 431.113
0.435692 425.024
0.441815 420.441
0.447964 412.067
0.454126 407.066
0.460267 401.292
0.466387 397.495
0.47254 391.237
0.478662 384.243
0.484765 380.827
0.490885 373.559
0.497035 369.734
0.503198 365.554
0.509342 358.997
0.515458 357.452
0.521598 350.777
0.527764 349.663
0.533884 343.804
0.54 342.126
0.546137 332.511
0.552299 333.28
0.558452 328.106
0.564573 323.563
0.570708 319.455
0.576825 319.329
0.582926 315.082
0.589034 308.396
0.595184 308.334
0.601379 304.79
0.607522 301.376
0.613639 297.534
0.619772 296.129
0.625918 291.215
0.632068 289.462
0.638161 287.171
0.6443 284.186
0.650464 282.213
0.656582 279.51
0.662703 276.201
0.668861 273.648
0.675024 270.288
0.681124 269.435
0.687237 266.687
0.693381 265.287
0.699536 261.404
0.705665 258.392
0.711789 257.064
0.717957 255.731
0.72409 253.819
0.730186 251.462
0.736317 249.617
0.742472 248.285
0.748622 245.173
0.75476 244.834
0.760888 241.813
0.767043 239.032
0.773185 238.649
0.779291 236.003
0.785407 233.776
0.791564 230.695
0.797719 231.154
0.803834 228.466
0.809972 228.538
0.816124 225.056
0.822261 225.132
0.828378 222.9
0.834502 221.449
0.840667 220.15
0.846816 217.689
0.852925 216.83
0.859047 215.478
0.865192 213.32
0.871341 211.838
0.877463 210.889
0.883569 210.064
0.889708 208.827
0.895864 207.537
0.902008 204.812
0.908149 204.484
0.914301 203.366
0.920448 202.786
0.926574 200.967
0.932687 199.925
0.938823 199.291
0.944975 196.838
0.951105 195.885
0.957225 195.187
0.963368 194.314
0.969511 193.55
0.975621 192.56
0.981748 191.777
0.987916 190.001
0.99406 188.932
1.00019 187.945
1.00632 186.614
1.01246 185.704
1.01859 185.024
1.02471 182.908
1.03085 182.606
1.03698 182.879
1.04314 180.736
1.04929 179.676
1.05541 179.542
1.06154 179.165
1.06769 176.831
1.07382 177.521
1.07993 176.457
1.08607 175.634
1.09222 174.187
1.09836 173.297
1.10449 172.934
1.11063 172.247
1.11677 171.274
1.1229 170.362
1.12903 170.103
1.13518 169.385
1.14131 168.798
1.14745 168.078
1.15359 166.718
1.15973 166.694
1.16584 165.984
1.17197 164.572
1.17811 164.644
1.18424 163.586
1.19038 163.079
1.19652 162.346
1.20267 161.163
1.20881 161.449
1.21495 160.198
1.22108 159.773
1.2272 159.032
1.23334 158.399
1.23949 158.171
1.24562 157.308
1.25174 156.874
1.25789 156.286
1.26402 155.705
1.27014 154.949
1.27628 154.278
1.28244 153.666
1.28858 153.703
1.29471 152.293
1.30084 152.481
1.30697 151.944
1.31312 151.008
1.31925 150.781
1.32537 150.607
1.33151 149.55
1.33765 149.26
1.34378 148.413
1.34992 148.444
1.35606 147.685
1.3622 147.057
1.36833 147.047
1.37445 145.882
1.38059 145.698
1.38675 145.238
1.39288 145.122
1.39901 144.391
1.40515 143.768
1.4113 143.913
1.41742 143.361
1.42355 142.745
1.4297 142.226
1.43585 142.108
1.44198 141.746
1.44809 140.946
1.45423 140.798
1.46036 139.644
1.46649 140.057
1.47263 139.376
1.47877 138.957
1.48491 138.669
1.49104 138.088
1.49718 137.786
1.50333 137.78
1.50947 136.849
1.5156 136.737
1.52172 135.91
1.52787 136.394
1.534 135.889
1.54013 135.183
1.54627 134.91
1.55241 134.595
1.55855 134.37
1.56467 133.597
1.5708 133.182
