0.00783031 -189.007
0.013688 -229.695
0.019231 -240.186
0.0249154 -222.8
0.0312784 -205.435
0.0375637 -178.456
0.0433917 -171.947
0.0492413 -159.607
0.0555754 -153.318
0.0619321 -151.008
0.067871 -150.231
0.0738098 -142.837
0.0800417 -140.108
0.0862327 -135.812
0.0921407 -134.278
0.0982031 -123.923
0.104506 -124.442
0.110769 -125.463
0.116806 -127.522
0.122832 -125.968
0.129052 -126.049
0.135211 -125.109
0.141259 -123.12
0.147318 -122.579
0.153489 -121.997
0.159709 -122.489
0.165845 -124.273
0.171974 -119.552
0.178125 -119.57
0.184229 -122.307
0.19034 -118.229
0.196428 -126.898
0.202534 -120.522
0.208729 -123.716
0.214876 -123.155
0.220989 -123.957
0.227147 -121.512
0.23329 -125.535
0.239377 -123.977
0.245482 -123.442
0.251667 -123.032
0.257832 -125.936
0.263955 -127.215
0.270079 -125.2
0.27624 -126.455
0.282372 -128.243
0.28843 -125.202
0.294538 -127.589
0.300721 -125.672
0.30691 -127.701
0.313033 -123.81
0.319153 -126.923
0.325316 -124.097
0.33145 -125.894
0.337538 -126.771
0.343633 -128.579
0.349808 -128.249
0.355968 -128.443
0.362074 -128.243
0.368217 -131.75
0.374374 -127.773
0.380519 -129.909
0.386598 -128.025
0.392688 -127.724
0.39888 -130.026
0.405048 -127.518
0.411186 -129.333
0.417313 -129.947
0.423458 -130.77
0.429607 -130.281
0.435692 -130.541
0.441815 -130.643
0.447964 -128.26
0.454126 -130.858
0.460267 -129.725
0.466387 -131.208
0.47254 -131.094
0.478662 -131.722
0.484765 -131.189
0.490885 -131.924
0.497035 -131.657
0.503198 -132.916
0.509342 -131.958
0.515458 -129.416
0.521598 -131.69
0.527764 -131.472
0.533884 -132.522
0.54 -132.86
0.546137 -131.851
0.552299 -132.785
0.558452 -132.586
0.564573 -131.713
0.570708 -131.549
0.576825 -131.314
0.582926 -130.679
0.589034 -131.394
0.595184 -131.612
0.601379 -132.228
0.607522 -131.707
0.613639 -131.774
0.619772 -131.66
0.625918 -131.465
0.632068 -133.422
0.638161 -132.004
0.6443 -133.09
0.650464 -130.552
0.656582 -131.921
0.662703 -132.206
0.668861 -132.953
0.675024 -131.283
0.681124 -132.306
0.687237 -131.848
0.693381 -133.718
0.699536 -132.661
0.705665 -132.385
0.711789 -131.067
0.717957 -133.477
0.72409 -132.158
0.730186 -132.347
0.736317 -132.387
0.742472 -131.955
0.748622 -131.989
0.75476 -132.349
0.760888 -132.378
0.767043 -131.767
0.773185 -131.699
0.779291 -131.39
0.785407 -131.252
0.791564 -130.992
0.797719 -132.775
0.803834 -132.081
0.809972 -132.207
0.816124 -132.792
0.822261 -132.225
0.828378 -131.536
0.834502 -131.639
0.840667 -132.919
0.846816 -133.202
0.852925 -132.514
0.859047 -132.3
0.865192 -130.955
0.871341 -132.651
0.877463 -132.388
0.883569 -132.208
0.889708 -130.284
0.895864 -131.513
0.902008 -130.576
0.908149 -130.932
0.914301 -131.126
0.920448 -130.041
0.926574 -131.849
0.932687 -131.514
0.938823 -130.923
0.944975 -132.975
0.951105 -131.143
0.957225 -131.079
0.963368 -130.998
0.969511 -130.58
0.975621 -133.035
0.981748 -130.654
0.987916 -131.369
0.99406 -131.117
1.00019 -130.378
1.00632 -130.733
1.01246 -129.827
1.01859 -131.255
1.02471 -130.042
1.03085 -131.516
1.03698 -131.222
1.04314 -130.687
1.04929 -129.622
1.05541 -130.808
1.06154 -129.973
1.06769 -130.638
1.07382 -129.461
1.07993 -131.365
1.08607 -130.207
1.09222 -130.441
1.09836 -129.296
1.10449 -129.154
1.11063 -129.714
1.11677 -129.998
1.1229 -129.115
1.12903 -129.667
1.13518 -129.541
1.14131 -129.109
1.14745 -129.212
1.15359 -128.768
1.15973 -130.086
1.16584 -129.019
1.17197 -128.502
1.17811 -128.702
1.18424 -128.231
1.19038 -128.647
1.19652 -128.525
1.20267 -127.685
1.20881 -128.769
1.21495 -127.676
1.22108 -127.673
1.2272 -127.885
1.23334 -127.897
1.23949 -127.712
1.24562 -127.119
1.25174 -126.79
1.25789 -126.504
1.26402 -127.006
1.27014 -126.439
1.27628 -126.009
1.28244 -125.417
1.28858 -126.578
1.29471 -126.706
1.30084 -125.863
1.30697 -126.235
1.31312 -125.155
1.31925 -125.479
1.32537 -125.19
1.33151 -125.202
1.33765 -125.745
1.34378 -125.141
1.34992 -125.501
1.35606 -125.353
1.3622 -124.512
1.36833 -124.569
1.37445 -123.987
1.38059 -123.315
1.38675 -124.075
1.39288 -124.094
1.39901 -124.257
1.40515 -123.445
1.4113 -123.624
1.41742 -123.029
1.42355 -123.368
1.4297 -122.893
1.43585 -122.925
1.44198 -123.295
1.44809 -122.687
1.45423 -122.388
1.46036 -122.942
1.46649 -122.077
1.47263 -121.887
1.47877 -121.46
1.48491 -122.053
1.49104 -121.836
1.49718 -121.913
1.50333 -121.258
1.50947 -120.97
1.5156 -120.852
1.52172 -120.764
1.52787 -121.135
1.534 -120.475
1.54013 -119.904
1.54627 -120.202
1.55241 -120.052
1.55855 -119.907
1.56467 -119.049
1.5708 -119.723
