0.00783031 -66.4523
0.013688 -83.4442
0.019231 -90.1852
0.0249154 -92.6215
0.0312784 -87.993
0.0375637 -86.5896
0.0433917 -83.466
0.0492413 -84.8353
0.0555754 -90.2724
0.0619321 -91.2855
0.067871 -95.7367
0.0738098 -92.4877
0.0800417 -95.9223
0.0862327 -95.7226
0.0921407 -93.826
0.0982031 -90.4708
0.104506 -89.3654
0.110769 -91.2818
0.116806 -93.6582
0.122832 -96.9979
0.129052 -98.6679
0.135211 -98.2679
0.141259 -99.8063
0.147318 -99.6742
0.153489 -96.0458
0.159709 -95.1119
0.165845 -94.9008
0.171974 -97.433
0.178125 -98.5284
0.184229 -97.2843
0.19034 -101.047
0.196428 -99.733
0.202534 -100.924
0.208729 -102.382
0.214876 -102.241
0.220989 -99.532
0.227147 -101.463
0.23329 -99.2084
0.239377 -99.8534
0.245482 -101.165
0.251667 -102.326
0.257832 -99.994
0.263955 -100.84
0.270079 -100.452
0.27624 -103.966
0.282372 -100.971
0.28843 -100.515
0.294538 -99.8789
0.300721 -99.3403
0.30691 -100.672
0.313033 -99.8397
0.319153 -100.313
0.325316 -98.7134
0.33145 -100.537
0.337538 -100.432
0.343633 -100.614
0.349808 -101.824
0.355968 -100.606
0.362074 -102.709
0.368217 -100.646
0.374374 -99.3992
0.380519 -99.3335
0.386598 -99.3994
0.392688 -101.014
0.39888 -99.6402
0.405048 -101.332
0.411186 -98.4
0.417313 -100.162
0.423458 -100.802
0.429607 -99.949
0.435692 -98.7431
0.441815 -99.5614
0.447964 -101.437
0.454126 -99.4598
0.460267 -97.9986
0.466387 -99.8042
0.47254 -100.078
0.478662 -98.3806
0.484765 -99.7351
0.490885 -98.038
0.497035 -98.5716
0.503198 -98.5049
0.509342 -97.5264
0.515458 -99.6707
0.521598 -96.8651
0.527764 -98.1805
0.533884 -96.8914
0.54 -97.6035
0.546137 -98.3069
0.552299 -96.5078
0.558452 -97.4281
0.564573 -97.3314
0.570708 -96.0831
0.576825 -96.0645
0.582926 -95.9748
0.589034 -96.1552
0.595184 -97.2691
0.601379 -95.2739
0.607522 -95.6448
0.613639 -96.4319
0.619772 -95.2259
0.625918 -95.5834
0.632068 -96.4774
0.638161 -95.9174
0.6443 -95.0076
0.650464 -95.6318
0.656582 -93.8463
0.662703 -95.3557
0.668861 -94.851
0.675024 -92.8006
0.681124 -94.2507
0.687237 -95.0481
0.693381 -94.271
0.699536 -94.885
0.705665 -94.328
0.711789 -94.1389
0.717957 -94.3633
0.72409 -92.8796
0.730186 -93.6193
0.736317 -94.4445
0.742472 -93.5309
0.748622 -92.4439
0.75476 -93.0057
0.760888 -92.701
0.767043 -92.099
0.773185 -92.4425
0.779291 -92.4253
0.785407 -92.6513
0.791564 -91.3926
0.797719 -90.7566
0.803834 -90.4707
0.809972 -90.5038
0.816124 -90.9059
0.822261 -90.3751
0.828378 -91.2594
0.834502 -90.3973
0.840667 -89.867
0.846816 -89.9455
0.852925 -90.229
0.859047 -89.4145
0.865192 -89.7148
0.871341 -88.3953
0.877463 -89.0037
0.883569 -89.44
0.889708 -88.8093
0.895864 -88.9177
0.902008 -88.4571
0.908149 -87.9454
0.914301 -87.6553
0.920448 -89.1402
0.926574 -86.4559
0.932687 -87.6992
0.938823 -86.5745
0.944975 -86.6589
0.951105 -87.9363
0.957225 -86.4373
0.963368 -87.0689
0.969511 -86.3652
0.975621 -86.3677
0.981748 -86.2146
0.987916 -86.1137
0.99406 -85.344
1.00019 -86.7371
1.00632 -86.1744
1.01246 -85.4215
1.01859 -85.1947
1.02471 -84.8663
1.03085 -85.0628
1.03698 -84.3588
1.04314 -83.799
1.04929 -84.3636
1.05541 -83.8987
1.06154 -83.9684
1.06769 -82.8712
1.07382 -83.7281
1.07993 -83.2071
1.08607 -82.6807
1.09222 -83.1428
1.09836 -82.7043
1.10449 -81.9791
1.11063 -82.4138
1.11677 -81.8106
1.1229 -81.3473
1.12903 -82.0102
1.13518 -80.9046
1.14131 -81.4739
1.14745 -81.437
1.15359 -80.3749
1.15973 -80.5948
1.16584 -80.4236
1.17197 -80.0787
1.17811 -79.7604
1.18424 -79.6653
1.19038 -79.9734
1.19652 -79.5161
1.20267 -79.5137
1.20881 -78.4798
1.21495 -79.0323
1.22108 -78.4545
1.2272 -78.0574
1.23334 -78.2848
1.23949 -78.016
1.24562 -77.3618
1.25174 -77.561
1.25789 -77.2577
1.26402 -77.4365
1.27014 -77.0469
1.27628 -76.4214
1.28244 -76.3511
1.28858 -75.8286
1.29471 -76.0541
1.30084 -76.0627
1.30697 -75.5982
1.31312 -75.1268
1.31925 -74.718
1.32537 -75.2329
1.33151 -74.5696
1.33765 -73.8995
1.34378 -73.8791
1.34992 -74.0703
1.35606 -74.1288
1.3622 -73.7062
1.36833 -72.7768
1.37445 -73.1846
1.38059 -72.949
1.38675 -73.2819
1.39288 -72.5884
1.39901 -72.3553
1.40515 -72.1099
1.4113 -71.6802
1.41742 -72.6133
1.42355 -71.2043
1.4297 -71.6247
1.43585 -70.7571
1.44198 -70.6241
1.44809 -70.6304
1.45423 -70.2865
1.46036 -70.0946
1.46649 -70.0154
1.47263 -69.8739
1.47877 -69.766
1.48491 -69.5355
1.49104 -68.8097
1.49718 -68.9687
1.50333 -68.4964
1.50947 -68.5729
1.5156 -68.362
1.52172 -68.436
1.52787 -67.7232
1.534 -68.0977
1.54013 -67.1359
1.54627 -67.5443
1.55241 -66.7924
1.55855 -66.6243
1.56467 -66.8512
1.5708 -66.5208
