0.00783031 3130.12
0.013688 609.014
0.019231 -772.537
0.0249154 610.82
0.0312784 17.9909
0.0375637 632.672
0.0433917 1098.34
0.0492413 1014.06
0.0555754 640.869
0.0619321 927.076
0.067871 773.479
0.0738098 1357.55
0.0800417 1485.61
0.0862327 1538.52
0.0921407 1508.72
0.0982031 1369.58
0.104506 1744.39
0.110769 1719.95
0.116806 1776.35
0.122832 1750.16
0.129052 1820.53
0.135211 1792.92
0.141259 1833.06
0.147318 1913
0.153489 2038.92
0.159709 1935.65
0.165845 2009.73
0.171974 2039.39
0.178125 2042.75
0.184229 2019.75
0.19034 1920.36
0.196428 2012.99
0.202534 2072.93
0.208729 1976.02
0.214876 2072.62
0.220989 1958.35
0.227147 2070.07
0.23329 2010.48
0.239377 1962.42
0.245482 1965.72
0.251667 2031.37
0.257832 1963.56
0.263955 2025.02
0.270079 1999.85
0.27624 1962.63
0.282372 1961.87
0.28843 1931.28
0.294538 1899.59
0.300721 1956.84
0.30691 1964.9
0.313033 1949.71
0.319153 1931.93
0.325316 1928.62
0.33145 1893.89
0.337538 1935.36
0.343633 1899.62
0.349808 1893.51
0.355968 1925.11
0.362074 1893.51
0.368217 1897.59
0.374374 1847.71
0.380519 1852.67
0.386598 1867.15
0.392688 1816.34
0.39888 1854.67
0.405048 1833.57
0.411186 1823.86
0.417313 1805.7
0.423458 1793.37
0.429607 1769.35
0.435692 1755.86
0.441815 1777.14
0.447964 1775.76
0.454126 1741.41
0.460267 1743.65
0.466387 1723.78
0.47254 1722.08
0.478662 1711.25
0.484765 1688.59
0.490885 1675.48
0.497035 1689.53
0.503198 1650.61
0.509342 1651.45
0.515458 1646.37
0.521598 1627.08
0.527764 1628.43
0.533884 1618.76
0.54 1582.44
0.546137 1588.63
0.552299 1558.22
0.558452 1574.36
0.564573 1563.48
0.570708 1546.87
0.576825 1520.54
0.582926 1524.32
0.589034 1516.34
0.595184 1495.35
0.601379 1473.72
0.607522 1474.57
0.613639 1459.75
0.619772 1443.64
0.625918 1440.13
0.632068 1428.94
0.638161 1410.13
0.6443 1399.11
0.650464 1405.36
0.656582 1399.75
0.662703 1377.54
0.668861 1373.86
0.675024 1356.82
0.681124 1345.35
0.687237 1350.61
0.693381 1319.42
0.699536 1314.2
0.705665 1301.95
0.711789 1286.44
0.717957 1279.03
0.72409 1276.96
0.730186 1264.73
0.736317 1260.18
0.742472 1243.27
0.748622 1233.76
0.75476 1218.17
0.760888 1211.31
0.767043 1205.76
0.773185 1193.12
0.779291 1182.01
0.785407 1182.83
0.791564 1161.69
0.797719 1159.02
0.803834 1159.33
0.809972 1136.96
0.816124 1129.58
0.822261 1119.64
0.828378 1112.31
0.834502 1109.52
0.840667 1095.66
0.846816 1085.54
0.852925 1080.87
0.859047 1072.15
0.865192 1063.24
0.871341 1054.56
0.877463 1041.96
0.883569 1032.49
0.889708 1027.62
0.895864 1017.68
0.902008 1011.25
0.908149 1007.23
0.914301 1002.84
0.920448 985.086
0.926574 981.355
0.932687 970.519
0.938823 964.274
0.944975 959.515
0.951105 952.345
0.957225 946.736
0.963368 931.294
0.969511 926.522
0.975621 924.872
0.981748 919.513
0.987916 904.815
0.99406 900.897
1.00019 899.515
1.00632 887.098
1.01246 879.812
1.01859 879.56
1.02471 871.261
1.03085 859.498
1.03698 860.098
1.04314 850.016
1.04929 841.439
1.05541 837.715
1.06154 832.03
1.06769 823.749
1.07382 818.478
1.07993 812.873
1.08607 807.713
1.09222 804.463
1.09836 798.594
1.10449 790.707
1.11063 783.596
1.11677 779.036
1.1229 774.601
1.12903 767.626
1.13518 759.655
1.14131 758.989
1.14745 747.832
1.15359 750.673
1.15973 741.149
1.16584 734.157
1.17197 729.918
1.17811 731.321
1.18424 719.669
1.19038 712.319
1.19652 708.474
1.20267 705.823
1.20881 697.444
1.21495 693.302
1.22108 689.289
1.2272 686.78
1.23334 677.944
1.23949 674.325
1.24562 669.808
1.25174 664.709
1.25789 662.443
1.26402 654.889
1.27014 650.451
1.27628 644.824
1.28244 640.314
1.28858 639.039
1.29471 632.591
1.30084 630.68
1.30697 621.562
1.31312 619.942
1.31925 612.007
1.32537 608.596
1.33151 605.68
1.33765 604.37
1.34378 593.746
1.34992 595.546
1.35606 587.802
1.3622 583
1.36833 579.394
1.37445 576.756
1.38059 571.7
1.38675 564.416
1.39288 562.841
1.39901 561.471
1.40515 554.836
1.4113 549.192
1.41742 546.594
1.42355 543.32
1.4297 538.583
1.43585 534.612
1.44198 531.871
1.44809 526.035
1.45423 524.683
1.46036 522.843
1.46649 515.143
1.47263 511.111
1.47877 509.137
1.48491 502.75
1.49104 500.74
1.49718 499.431
1.50333 493.348
1.50947 493.257
1.5156 487.56
1.52172 481.159
1.52787 479.662
1.534 475.122
1.54013 473.187
1.54627 467.578
1.55241 465.343
1.55855 461.48
1.56467 457.348
1.5708 454.275
