0.00783031 1522.52
0.013688 152.492
0.019231 -392.842
0.0249154 -123.657
0.0312784 -422.693
0.0375637 -47.9899
0.0433917 -9.06073
0.0492413 -41.8416
0.0555754 -356.324
0.0619321 -256.669
0.067871 -331.683
0.0738098 -320.104
0.0800417 -223.835
0.0862327 -263.228
0.0921407 -327.845
0.0982031 -327.704
0.104506 -167.164
0.110769 -282.4
0.116806 -317.88
0.122832 -313.808
0.129052 -308.414
0.135211 -291.884
0.141259 -317.691
0.147318 -295.345
0.153489 -249.322
0.159709 -307.226
0.165845 -298.341
0.171974 -251.695
0.178125 -288.934
0.184229 -242.082
0.19034 -285.312
0.196428 -279.444
0.202534 -318.065
0.208729 -300.163
0.214876 -265.913
0.220989 -280.955
0.227147 -261.336
0.23329 -273.337
0.239377 -285.409
0.245482 -269.477
0.251667 -257.255
0.257832 -269.668
0.263955 -272.144
0.270079 -278.039
0.27624 -261.872
0.282372 -259.213
0.28843 -263.825
0.294538 -242.751
0.300721 -246.244
0.30691 -247.324
0.313033 -246.863
0.319153 -253.456
0.325316 -261.73
0.33145 -246.318
0.337538 -239.461
0.343633 -240.448
0.349808 -237.073
0.355968 -224.931
0.362074 -225.61
0.368217 -219.593
0.374374 -226.11
0.380519 -227.958
0.386598 -221.088
0.392688 -222.907
0.39888 -216.846
0.405048 -219.816
0.411186 -218.464
0.417313 -211.202
0.423458 -212.826
0.429607 -210.603
0.435692 -207.372
0.441815 -207.266
0.447964 -203.46
0.454126 -203.501
0.460267 -194.568
0.466387 -196.387
0.47254 -196.801
0.478662 -190.756
0.484765 -191.594
0.490885 -183.89
0.497035 -181.462
0.503198 -184.328
0.509342 -182.98
0.515458 -181.197
0.521598 -178.034
0.527764 -175.657
0.533884 -174.636
0.54 -170.74
0.546137 -169.225
0.552299 -167.977
0.558452 -163.848
0.564573 -164.443
0.570708 -164.902
0.576825 -161.698
0.582926 -159.255
0.589034 -155.615
0.595184 -158.565
0.601379 -152.866
0.607522 -153.506
0.613639 -150.798
0.619772 -147.456
0.625918 -147.457
0.632068 -141.539
0.638161 -142.77
0.6443 -139.716
0.650464 -140.69
0.656582 -141.255
0.662703 -135.965
0.668861 -136.558
0.675024 -134.016
0.681124 -130.432
0.687237 -131.734
0.693381 -128.544
0.699536 -125.75
0.705665 -124.533
0.711789 -121.586
0.717957 -120.681
0.72409 -120.997
0.730186 -120.256
0.736317 -119.537
0.742472 -114.584
0.748622 -114.514
0.75476 -112.212
0.760888 -109.536
0.767043 -109.205
0.773185 -108.494
0.779291 -107.423
0.785407 -106.723
0.791564 -105.564
0.797719 -103.637
0.803834 -103.117
0.809972 -99.1899
0.816124 -99.8668
0.822261 -98.311
0.828378 -99.2138
0.834502 -97.0147
0.840667 -94.9083
0.846816 -94.8749
0.852925 -93.3473
0.859047 -91.9547
0.865192 -88.4351
0.871341 -88.1125
0.877463 -88.95
0.883569 -87.4948
0.889708 -85.9308
0.895864 -85.9052
0.902008 -82.7535
0.908149 -83.2588
0.914301 -81.422
0.920448 -80.4856
0.926574 -79.7255
0.932687 -78.4542
0.938823 -78.4632
0.944975 -77.3082
0.951105 -74.934
0.957225 -75.0741
0.963368 -73.4673
0.969511 -71.3164
0.975621 -72.1704
0.981748 -71.3398
0.987916 -67.9467
0.99406 -68.8891
1.00019 -69.0584
1.00632 -67.5891
1.01246 -66.2429
1.01859 -66.6479
1.02471 -65.3697
1.03085 -64.7929
1.03698 -65.3946
1.04314 -62.9268
1.04929 -62.6779
1.05541 -61.7352
1.06154 -61.8137
1.06769 -59.7722
1.07382 -59.9965
1.07993 -58.5546
1.08607 -57.6509
1.09222 -58.189
1.09836 -56.1899
1.10449 -56.8262
1.11063 -54.8931
1.11677 -55.78
1.1229 -53.5845
1.12903 -54.5651
1.13518 -52.8265
1.14131 -52.4173
1.14745 -52.8995
1.15359 -52.8561
1.15973 -51.5352
1.16584 -50.0286
1.17197 -49.5155
1.17811 -49.8147
1.18424 -49.2532
1.19038 -49.4953
1.19652 -47.88
1.20267 -47.6864
1.20881 -46.6556
1.21495 -47.0183
1.22108 -45.6577
1.2272 -45.5051
1.23334 -45.4406
1.23949 -44.3466
1.24562 -43.8216
1.25174 -43.5625
1.25789 -42.9699
1.26402 -43.1978
1.27014 -42.5786
1.27628 -42.1285
1.28244 -41.4504
1.28858 -41.4124
1.29471 -40.5834
1.30084 -40.5103
1.30697 -39.9
1.31312 -40.2352
1.31925 -39.0126
1.32537 -39.0615
1.33151 -39.6979
1.33765 -37.7564
1.34378 -38.2549
1.34992 -37.8583
1.35606 -37.1825
1.3622 -36.5607
1.36833 -36.2563
1.37445 -37.1282
1.38059 -36.3634
1.38675 -36.2309
1.39288 -35.7142
1.39901 -36.1117
1.40515 -34.7731
1.4113 -34.6467
1.41742 -33.8178
1.42355 -34.5818
1.4297 -33.4627
1.43585 -33.6047
1.44198 -33.6377
1.44809 -34.0247
1.45423 -33.1516
1.46036 -32.8327
1.46649 -32.4787
1.47263 -32.624
1.47877 -31.5921
1.48491 -31.6149
1.49104 -31.3572
1.49718 -31.0338
1.50333 -31.6029
1.50947 -31.1201
1.5156 -30.5933
1.52172 -30.5148
1.52787 -29.8745
1.534 -30.4104
1.54013 -29.7143
1.54627 -29.5412
1.55241 -29.2994
1.55855 -29.1751
1.56467 -28.7647
1.5708 -28.8475
