0.00783031 6.41564
0.013688 3.64854
0.019231 1.71652
0.0249154 0.204791
0.0312784 3.33996
0.0375637 1.7361
0.0433917 1.88306
0.0492413 3.25322
0.0555754 2.78686
0.0619321 5.8041
0.067871 7.2519
0.0738098 5.74056
0.0800417 6.09158
0.0862327 8.4174
0.0921407 9.8739
0.0982031 11.6272
0.104506 12.3358
0.110769 12.4109
0.116806 14.1915
0.122832 15.1543
0.129052 16.1496
0.135211 16.9671
0.141259 18.9828
0.147318 18.8215
0.153489 19.5878
0.159709 21.8844
0.165845 22.7604
0.171974 22.7104
0.178125 22.9594
0.184229 25.2427
0.19034 25.8213
0.196428 26.5322
0.202534 27.9753
0.208729 29.2948
0.214876 28.9673
0.220989 28.929
0.227147 29.8583
0.23329 31.4307
0.239377 32.2771
0.245482 32.7689
0.251667 32.9595
0.257832 33.0009
0.263955 32.59
0.270079 34.599
0.27624 33.5849
0.282372 34.4481
0.28843 34.6284
0.294538 34.7473
0.300721 35.5373
0.30691 36.1362
0.313033 36.6393
0.319153 36.6626
0.325316 35.7537
0.33145 35.7048
0.337538 35.8878
0.343633 35.6404
0.349808 35.9106
0.355968 36.9473
0.362074 36.3477
0.368217 36.6829
0.374374 35.2273
0.380519 36.0951
0.386598 35.6637
0.392688 35.2563
0.39888 36.0909
0.405048 35.5195
0.411186 35.7162
0.417313 35.5659
0.423458 34.858
0.429607 35.2786
0.435692 34.0545
0.441815 34.2906
0.447964 34.1853
0.454126 33.4961
0.460267 33.2047
0.466387 32.661
0.47254 33.6702
0.478662 32.1723
0.484765 31.2674
0.490885 30.6735
0.497035 31.273
0.503198 30.1419
0.509342 29.8699
0.515458 29.6797
0.521598 30.1302
0.527764 28.6011
0.533884 28.2093
0.54 27.985
0.546137 27.4585
0.552299 26.8047
0.558452 26.6184
0.564573 25.8475
0.570708 25.9335
0.576825 25.4139
0.582926 24.142
0.589034 24.121
0.595184 24.1597
0.601379 23.2093
0.607522 23.003
0.613639 22.5578
0.619772 21.1843
0.625918 21.7423
0.632068 20.7903
0.638161 20.3229
0.6443 20.3728
0.650464 19.7276
0.656582 19.7867
0.662703 19.1414
0.668861 18.8763
0.675024 18.6152
0.681124 18.1941
0.687237 18.0356
0.693381 17.7661
0.699536 17.3962
0.705665 17.2636
0.711789 17.0781
0.717957 17.1575
0.72409 16.4888
0.730186 16.3227
0.736317 16.2148
0.742472 15.5018
0.748622 15.5811
0.75476 15.896
0.760888 15.1204
0.767043 14.8388
0.773185 14.8853
0.779291 14.8896
0.785407 15.1066
0.791564 14.3646
0.797719 14.467
0.803834 14.5797
0.809972 14.4588
0.816124 13.9913
0.822261 14.4519
0.828378 13.9552
0.834502 13.8378
0.840667 13.7687
0.846816 13.7884
0.852925 13.7271
0.859047 13.8522
0.865192 13.8163
0.871341 13.6929
0.877463 13.6917
0.883569 13.6206
0.889708 13.4211
0.895864 13.5313
0.902008 13.5237
0.908149 13.3228
0.914301 13.708
0.920448 13.2997
0.926574 13.3633
0.932687 13.0926
0.938823 13.634
0.944975 13.7644
0.951105 12.7911
0.957225 13.1109
0.963368 13.0301
0.969511 12.9694
0.975621 13.1418
0.981748 13.1108
0.987916 13.264
0.99406 13.1085
1.00019 12.9348
1.00632 12.9307
1.01246 12.8818
1.01859 13.3645
1.02471 12.9443
1.03085 13.2577
1.03698 12.7396
1.04314 13.0422
1.04929 13.2699
1.05541 12.9519
1.06154 13.0876
1.06769 13.2552
1.07382 12.8524
1.07993 13.0573
1.08607 12.9893
1.09222 13.1783
1.09836 12.915
1.10449 13.1307
1.11063 13.1429
1.11677 12.9319
1.1229 12.9344
1.12903 13.0535
1.13518 12.5417
1.14131 12.8829
1.14745 13.0514
1.15359 12.7172
1.15973 12.5251
1.16584 12.8251
1.17197 12.5798
1.17811 12.7209
1.18424 12.8442
1.19038 12.3948
1.19652 12.8715
1.20267 12.6456
1.20881 12.4844
1.21495 12.6996
1.22108 12.3433
1.2272 12.4122
1.23334 12.227
1.23949 12.5174
1.24562 12.5432
1.25174 12.4194
1.25789 12.3657
1.26402 12.4613
1.27014 12.4979
1.27628 12.3046
1.28244 12.2177
1.28858 12.3795
1.29471 12.244
1.30084 12.5284
1.30697 12.1321
1.31312 12.3566
1.31925 12.2108
1.32537 12.1121
1.33151 12.1016
1.33765 12.2619
1.34378 12.0202
1.34992 12.1261
1.35606 12.0224
1.3622 12.0602
1.36833 12.0018
1.37445 12.215
1.38059 11.9418
1.38675 12.0248
1.39288 11.9883
1.39901 12.0467
1.40515 12.0986
1.4113 12.0177
1.41742 11.9349
1.42355 11.8377
1.4297 11.7674
1.43585 11.7305
1.44198 11.6693
1.44809 11.7343
1.45423 11.6283
1.46036 11.6533
1.46649 11.685
1.47263 11.5997
1.47877 11.5851
1.48491 11.5756
1.49104 11.356
1.49718 11.4148
1.50333 11.3756
1.50947 11.3203
1.5156 11.3129
1.52172 11.3573
1.52787 11.4304
1.534 11.3826
1.54013 11.3195
1.54627 11.2794
1.55241 10.9692
1.55855 11.0844
1.56467 11.006
1.5708 10.929
