0.00783031 1911.43
0.013688 -1260.37
0.019231 -77.1233
0.0249154 -512.64
0.0312784 -177.484
0.0375637 1536.64
0.0433917 459.249
0.0492413 1412.09
0.0555754 1457.68
0.0619321 986.006
0.067871 1257.46
0.0738098 1242.44
0.0800417 1295.72
0.0862327 1444.74
0.0921407 1653.18
0.0982031 1659.04
0.104506 1563.16
0.110769 1782.27
0.116806 1600.34
0.122832 1660.7
0.129052 1985
0.135211 1721.15
0.141259 1817.03
0.147318 1648.44
0.153489 1806.73
0.159709 1910.93
0.165845 1956.57
0.171974 1920.54
0.178125 1978.44
0.184229 2025.8
0.19034 1999.21
0.196428 2016.96
0.202534 2040.59
0.208729 2026.04
0.214876 2045.63
0.220989 2006.02
0.227147 2004.38
0.23329 2005.25
0.239377 2036.74
0.245482 2059.71
0.251667 2051.13
0.257832 2043.79
0.263955 2022.66
0.270079 2017.39
0.27624 1999.14
0.282372 2045.35
0.28843 1978.68
0.294538 2002.68
0.300721 2035.4
0.30691 2033.3
0.313033 2037.59
0.319153 2091.16
0.325316 2001.23
0.33145 2024.43
0.337538 1988.36
0.343633 2023.99
0.349808 2000.04
0.355968 2008.18
0.362074 1960.65
0.368217 2000.01
0.374374 1946.89
0.380519 1990
0.386598 1987.43
0.392688 1993.54
0.39888 1947.15
0.405048 1932.15
0.411186 1957.82
0.417313 1966.73
0.423458 1947.13
0.429607 1958.69
0.435692 1921.58
0.441815 1925.81
0.447964 1956.78
0.454126 1913.82
0.460267 1907.13
0.466387 1912.24
0.47254 1920.99
0.478662 1901.77
0.484765 1885.85
0.490885 1880.32
0.497035 1882.88
0.503198 1887
0.509342 1863.59
0.515458 1880.07
0.521598 1861.9
0.527764 1860.16
0.533884 1866.01
0.54 1840.77
0.546137 1849.25
0.552299 1844.11
0.558452 1840.55
0.564573 1824.93
0.570708 1826.15
0.576825 1808.11
0.582926 1817.61
0.589034 1832.37
0.595184 1782.27
0.601379 1803.23
0.607522 1771.87
0.613639 1791.53
0.619772 1780.62
0.625918 1763.47
0.632068 1761.93
0.638161 1753.42
0.6443 1740.9
0.650464 1749.72
0.656582 1750.64
0.662703 1741.63
0.668861 1737.62
0.675024 1731.19
0.681124 1721.31
0.687237 1730.77
0.693381 1722.95
0.699536 1697.6
0.705665 1700.21
0.711789 1692.94
0.717957 1692.75
0.72409 1682.58
0.730186 1666.85
0.736317 1678.01
0.742472 1657.35
0.748622 1660.49
0.75476 1651.47
0.760888 1643.57
0.767043 1629.91
0.773185 1634.29
0.779291 1624.38
0.785407 1616.77
0.791564 1617.83
0.797719 1610.64
0.803834 1611.78
0.809972 1590.99
0.816124 1587.54
0.822261 1600.13
0.828378 1586.77
0.834502 1576.76
0.840667 1572.27
0.846816 1558.43
0.852925 1559.05
0.859047 1557.26
0.865192 1549.21
0.871341 1541.5
0.877463 1533.26
0.883569 1521.59
0.889708 1518.81
0.895864 1527.2
0.902008 1508.88
0.908149 1511.18
0.914301 1494.64
0.920448 1493.32
0.926574 1489.06
0.932687 1487.69
0.938823 1476.18
0.944975 1484.14
0.951105 1468.83
0.957225 1467.1
0.963368 1455.02
0.969511 1448.36
0.975621 1443.41
0.981748 1441.77
0.987916 1438.86
0.99406 1435.36
1.00019 1423.18
1.00632 1420.95
1.01246 1415.36
1.01859 1407.82
1.02471 1401.97
1.03085 1396.44
1.03698 1396.76
1.04314 1386.4
1.04929 1385.17
1.05541 1383.79
1.06154 1370.44
1.06769 1372.19
1.07382 1366.83
1.07993 1352.51
1.08607 1352.6
1.09222 1351.48
1.09836 1345.13
1.10449 1331.93
1.11063 1332.88
1.11677 1328.5
1.1229 1316.55
1.12903 1317.72
1.13518 1304.58
1.14131 1304.97
1.14745 1300.74
1.15359 1290.82
1.15973 1286.77
1.16584 1280.78
1.17197 1274.8
1.17811 1272.41
1.18424 1265.91
1.19038 1261.56
1.19652 1257.36
1.20267 1247.1
1.20881 1246.29
1.21495 1242.33
1.22108 1229.44
1.2272 1231.47
1.23334 1223.13
1.23949 1217.02
1.24562 1210.21
1.25174 1205.06
1.25789 1208.32
1.26402 1201.4
1.27014 1195.54
1.27628 1188.06
1.28244 1180.97
1.28858 1177.99
1.29471 1174.14
1.30084 1169.4
1.30697 1167.26
1.31312 1160.76
1.31925 1157.46
1.32537 1148.85
1.33151 1141
1.33765 1140.12
1.34378 1137.1
1.34992 1132.11
1.35606 1124.72
1.3622 1121.87
1.36833 1115.52
1.37445 1110.57
1.38059 1105.11
1.38675 1104.69
1.39288 1099.17
1.39901 1094.77
1.40515 1084.87
1.4113 1083.86
1.41742 1082.24
1.42355 1074.56
1.4297 1073.2
1.43585 1063.51
1.44198 1061.22
1.44809 1052.82
1.45423 1052.26
1.46036 1049.55
1.46649 1041.83
1.47263 1042.74
1.47877 1035.73
1.48491 1028.98
1.49104 1028
1.49718 1024.85
1.50333 1018.72
1.50947 1013.52
1.5156 1008.01
1.52172 1005.1
1.52787 1000.39
1.534 999.316
1.54013 992.155
1.54627 985.95
1.55241 984.604
1.55855 978.283
1.56467 974.268
1.5708 971.13
