0.00783031 1066.99
0.013688 -1160.53
0.019231 -73.3718
0.0249154 -416.641
0.0312784 -23.4081
0.0375637 682.884
0.0433917 -117.702
0.0492413 164.568
0.0555754 191.873
0.0619321 -131.996
0.067871 59.4737
0.0738098 -147.117
0.0800417 -85.0788
0.0862327 -105.636
0.0921407 -82.1239
0.0982031 -139.397
0.104506 -203.493
0.110769 -123.851
0.116806 -241.437
0.122832 -221.636
0.129052 -135.36
0.135211 -221.239
0.141259 -257.21
0.147318 -246.876
0.153489 -216.83
0.159709 -230.863
0.165845 -212.33
0.171974 -220.085
0.178125 -205.674
0.184229 -222.433
0.19034 -217.461
0.196428 -232.872
0.202534 -207.776
0.208729 -197.038
0.214876 -206.096
0.220989 -228.197
0.227147 -193.914
0.23329 -215.057
0.239377 -198.086
0.245482 -210.85
0.251667 -208.484
0.257832 -222.778
0.263955 -200.869
0.270079 -212.63
0.27624 -209.035
0.282372 -186.515
0.28843 -222.485
0.294538 -204.212
0.300721 -210.122
0.30691 -202.164
0.313033 -199.8
0.319153 -195.141
0.325316 -207.554
0.33145 -197.162
0.337538 -197.492
0.343633 -185.262
0.349808 -203.134
0.355968 -200.945
0.362074 -197.176
0.368217 -193.095
0.374374 -192.577
0.380519 -185.188
0.386598 -187.291
0.392688 -188.515
0.39888 -187.654
0.405048 -189.477
0.411186 -193.333
0.417313 -185.198
0.423458 -180.8
0.429607 -179.794
0.435692 -179.592
0.441815 -180.773
0.447964 -175.694
0.454126 -181.141
0.460267 -179.775
0.466387 -183.137
0.47254 -173.357
0.478662 -172.285
0.484765 -176.403
0.490885 -173.427
0.497035 -175.693
0.503198 -169.142
0.509342 -173.256
0.515458 -167.918
0.521598 -173.672
0.527764 -169.949
0.533884 -170.891
0.54 -165.01
0.546137 -164.779
0.552299 -169.977
0.558452 -164.561
0.564573 -161.491
0.570708 -163.955
0.576825 -165.662
0.582926 -161.417
0.589034 -159.548
0.595184 -158.164
0.601379 -161.419
0.607522 -160.326
0.613639 -157.028
0.619772 -153.261
0.625918 -154.431
0.632068 -156.702
0.638161 -157.323
0.6443 -156.223
0.650464 -155.963
0.656582 -151.78
0.662703 -153.85
0.668861 -151.698
0.675024 -152.796
0.681124 -151.399
0.687237 -152.864
0.693381 -149.715
0.699536 -149.415
0.705665 -148.641
0.711789 -149.081
0.717957 -144.968
0.72409 -145.353
0.730186 -144.658
0.736317 -144.354
0.742472 -143.808
0.748622 -144.644
0.75476 -146.583
0.760888 -144.509
0.767043 -142.31
0.773185 -142.801
0.779291 -143.37
0.785407 -137.998
0.791564 -139.13
0.797719 -139.318
0.803834 -140.106
0.809972 -137.568
0.816124 -139.104
0.822261 -138.2
0.828378 -136.515
0.834502 -134.39
0.840667 -136.855
0.846816 -137.625
0.852925 -135.462
0.859047 -135.481
0.865192 -135.118
0.871341 -134.493
0.877463 -131.642
0.883569 -133.673
0.889708 -132.866
0.895864 -133.448
0.902008 -131.626
0.908149 -130.636
0.914301 -130.991
0.920448 -131.601
0.926574 -129.407
0.932687 -129.715
0.938823 -127.727
0.944975 -128.508
0.951105 -128.553
0.957225 -126.155
0.963368 -127.31
0.969511 -126.357
0.975621 -124.316
0.981748 -125.746
0.987916 -124.696
0.99406 -125.142
1.00019 -123.847
1.00632 -122.566
1.01246 -121.775
1.01859 -123.2
1.02471 -122.042
1.03085 -120.88
1.03698 -121.222
1.04314 -120.548
1.04929 -120.597
1.05541 -120.571
1.06154 -118.472
1.06769 -119.599
1.07382 -119.52
1.07993 -116.659
1.08607 -118.576
1.09222 -117.691
1.09836 -116.531
1.10449 -115.576
1.11063 -116.116
1.11677 -115.156
1.1229 -114.807
1.12903 -114.481
1.13518 -114.279
1.14131 -113.37
1.14745 -114.307
1.15359 -112.381
1.15973 -112.959
1.16584 -111.769
1.17197 -111.301
1.17811 -110.697
1.18424 -111.043
1.19038 -109.68
1.19652 -108.63
1.20267 -109.143
1.20881 -108.561
1.21495 -108.98
1.22108 -108.336
1.2272 -107.103
1.23334 -106.928
1.23949 -107.619
1.24562 -105.241
1.25174 -106.39
1.25789 -104.895
1.26402 -105.055
1.27014 -104.825
1.27628 -104.059
1.28244 -104.069
1.28858 -103.733
1.29471 -102.658
1.30084 -102.729
1.30697 -101.957
1.31312 -102.332
1.31925 -101.455
1.32537 -101.413
1.33151 -100.984
1.33765 -99.6662
1.34378 -99.6661
1.34992 -99.2482
1.35606 -98.9366
1.3622 -98.768
1.36833 -98.7009
1.37445 -97.2501
1.38059 -97.263
1.38675 -96.9424
1.39288 -96.6656
1.39901 -96.4775
1.40515 -95.6835
1.4113 -95.5498
1.41742 -94.9484
1.42355 -95.3047
1.4297 -93.8915
1.43585 -93.963
1.44198 -92.9312
1.44809 -93.1532
1.45423 -92.4495
1.46036 -92.4775
1.46649 -91.4115
1.47263 -91.5417
1.47877 -91.396
1.48491 -91.0262
1.49104 -90.2789
1.49718 -90.7867
1.50333 -89.8575
1.50947 -89.2537
1.5156 -88.9474
1.52172 -88.8471
1.52787 -88.4558
1.534 -87.9209
1.54013 -87.3557
1.54627 -86.9472
1.55241 -86.8246
1.55855 -86.0424
1.56467 -85.9763
1.5708 -85.8217
