0.00783031 2.90272
0.013688 0.702556
0.019231 -4.54271
0.0249154 1.35596
0.0312784 2.41527
0.0375637 5.40727
0.0433917 2.56268
0.0492413 1.38984
0.0555754 3.34056
0.0619321 5.10783
0.067871 6.94723
0.0738098 7.84067
0.0800417 8.29468
0.0862327 7.94654
0.0921407 9.62437
0.0982031 10.8315
0.104506 12.2806
0.110769 13.9757
0.116806 14.3815
0.122832 15.1337
0.129052 16.0109
0.135211 15.7893
0.141259 17.6838
0.147318 20.7434
0.153489 20.9121
0.159709 21.833
0.165845 23.929
0.171974 23.5706
0.178125 24.1516
0.184229 24.5561
0.19034 24.9714
0.196428 26.776
0.202534 26.8163
0.208729 28.3098
0.214876 28.5783
0.220989 29.1938
0.227147 30.4794
0.23329 29.671
0.239377 31.8694
0.245482 31.8628
0.251667 32.193
0.257832 32.3581
0.263955 34.6215
0.270079 33.7794
0.27624 33.8356
0.282372 35.2572
0.28843 35.3506
0.294538 35.1962
0.300721 36.1444
0.30691 36.887
0.313033 36.4809
0.319153 36.7217
0.325316 36.6467
0.33145 36.4359
0.337538 37.29
0.343633 36.7071
0.349808 35.9854
0.355968 36.9791
0.362074 35.7228
0.368217 36.6261
0.374374 36.4358
0.380519 35.6699
0.386598 37.0031
0.392688 37.3013
0.39888 36.1119
0.405048 35.537
0.411186 35.5833
0.417313 34.9565
0.423458 35.3273
0.429607 34.8665
0.435692 34.1298
0.441815 34.4713
0.447964 34.3041
0.454126 32.6464
0.460267 32.9951
0.466387 32.2772
0.47254 32.0013
0.478662 31.9924
0.484765 32.115
0.490885 31.2611
0.497035 31.4441
0.503198 30.7556
0.509342 29.8391
0.515458 29.2809
0.521598 28.289
0.527764 27.8507
0.533884 27.9641
0.54 27.3448
0.546137 26.9934
0.552299 27.3716
0.558452 26.4704
0.564573 26.0618
0.570708 24.9634
0.576825 24.303
0.582926 24.3232
0.589034 24.0628
0.595184 23.1749
0.601379 23.2944
0.607522 22.1088
0.613639 22.3321
0.619772 21.9246
0.625918 21.5704
0.632068 21.1819
0.638161 20.6589
0.6443 20.4375
0.650464 19.3744
0.656582 19.2783
0.662703 19.8822
0.668861 19.1781
0.675024 18.2054
0.681124 18.5272
0.687237 17.6279
0.693381 17.3492
0.699536 17.8563
0.705665 16.9575
0.711789 17.2474
0.717957 16.5846
0.72409 16.4471
0.730186 16.6744
0.736317 15.7539
0.742472 16.0889
0.748622 15.7447
0.75476 15.3386
0.760888 15.1968
0.767043 14.9786
0.773185 15.0584
0.779291 14.6929
0.785407 14.7357
0.791564 14.5642
0.797719 14.5681
0.803834 14.3246
0.809972 14.4663
0.816124 14.2883
0.822261 14.1199
0.828378 13.9838
0.834502 13.9511
0.840667 13.7067
0.846816 14.128
0.852925 14.1281
0.859047 13.7515
0.865192 13.5503
0.871341 13.711
0.877463 13.5128
0.883569 13.1639
0.889708 13.1868
0.895864 13.289
0.902008 13.1405
0.908149 13.1764
0.914301 13.1595
0.920448 13.6409
0.926574 13.2629
0.932687 13.1286
0.938823 13.2014
0.944975 12.9728
0.951105 13.1889
0.957225 13.1461
0.963368 12.8509
0.969511 13.441
0.975621 12.9913
0.981748 13.1528
0.987916 13.0633
0.99406 13.1343
1.00019 13.0479
1.00632 13.0248
1.01246 12.9665
1.01859 12.8192
1.02471 13.0996
1.03085 12.8692
1.03698 13.1176
1.04314 12.6724
1.04929 13.1002
1.05541 13.479
1.06154 13.0561
1.06769 13.0235
1.07382 12.9702
1.07993 12.7028
1.08607 12.9902
1.09222 12.848
1.09836 12.9424
1.10449 12.6776
1.11063 12.4553
1.11677 12.72
1.1229 12.908
1.12903 13.0693
1.13518 12.6961
1.14131 12.9042
1.14745 12.8925
1.15359 12.6541
1.15973 12.6627
1.16584 12.582
1.17197 12.7459
1.17811 12.6975
1.18424 12.8347
1.19038 12.9253
1.19652 12.4952
1.20267 12.7315
1.20881 12.4317
1.21495 12.3579
1.22108 12.8076
1.2272 12.5407
1.23334 12.5158
1.23949 12.3983
1.24562 12.6683
1.25174 12.4133
1.25789 12.3056
1.26402 12.4382
1.27014 12.1694
1.27628 12.4299
1.28244 12.3718
1.28858 12.4127
1.29471 12.2937
1.30084 12.1865
1.30697 12.2159
1.31312 12.4072
1.31925 12.2799
1.32537 12.1291
1.33151 12.0438
1.33765 12.0289
1.34378 12.2405
1.34992 12.273
1.35606 12.1267
1.3622 12.0901
1.36833 12.0838
1.37445 11.7446
1.38059 11.9255
1.38675 12.0809
1.39288 11.838
1.39901 11.8358
1.40515 11.9553
1.4113 12.0239
1.41742 11.7071
1.42355 11.6997
1.4297 11.5451
1.43585 11.9114
1.44198 11.4461
1.44809 11.4806
1.45423 11.5318
1.46036 11.505
1.46649 11.5155
1.47263 11.5899
1.47877 11.6165
1.48491 11.5451
1.49104 11.3602
1.49718 11.5063
1.50333 11.3653
1.50947 11.2725
1.5156 11.4763
1.52172 11.0458
1.52787 11.2077
1.534 11.1718
1.54013 11.199
1.54627 11.0101
1.55241 11.0801
1.55855 10.955
1.56467 11.063
1.5708 11.0214
