0.00783031 33.7762
0.013688 29.037
0.019231 30.1617
0.0249154 20.5084
0.0312784 2.1338
0.0375637 -4.50052
0.0433917 -19.2127
0.0492413 -20.4345
0.0555754 -25.7895
0.0619321 -35.8018
0.067871 -50.1783
0.0738098 -54.2662
0.0800417 -58.7337
0.0862327 -63.9257
0.0921407 -67.7164
0.0982031 -69.6688
0.104506 -70.0426
0.110769 -71.7473
0.116806 -77.2442
0.122832 -79.9951
0.129052 -83.3077
0.135211 -85.6555
0.141259 -88.5029
0.147318 -90.5859
0.153489 -89.2637
0.159709 -89.2164
0.165845 -89.705
0.171974 -91.3159
0.178125 -93.198
0.184229 -92.5689
0.19034 -98.1083
0.196428 -96.4777
0.202534 -98.1016
0.208729 -100.767
0.214876 -100.582
0.220989 -97.6325
0.227147 -100.062
0.23329 -99.7079
0.239377 -100.755
0.245482 -100.275
0.251667 -102.201
0.257832 -100.898
0.263955 -102.562
0.270079 -102.569
0.27624 -105.762
0.282372 -102.064
0.28843 -102.204
0.294538 -101.741
0.300721 -100.554
0.30691 -101.448
0.313033 -102.195
0.319153 -102.741
0.325316 -100.648
0.33145 -103.436
0.337538 -102.414
0.343633 -102.779
0.349808 -103.186
0.355968 -103.119
0.362074 -105.73
0.368217 -103.596
0.374374 -102.564
0.380519 -102.094
0.386598 -101.754
0.392688 -103.288
0.39888 -102.039
0.405048 -103.452
0.411186 -101.146
0.417313 -102.228
0.423458 -104.364
0.429607 -102.901
0.435692 -102.687
0.441815 -103.095
0.447964 -104.635
0.454126 -102.129
0.460267 -101.342
0.466387 -103.005
0.47254 -103.578
0.478662 -103.026
0.484765 -103.449
0.490885 -102.134
0.497035 -100.851
0.503198 -101.764
0.509342 -100.613
0.515458 -102.869
0.521598 -100.539
0.527764 -102.204
0.533884 -100.466
0.54 -100.291
0.546137 -101.052
0.552299 -100.049
0.558452 -100.579
0.564573 -100.58
0.570708 -100.13
0.576825 -99.8192
0.582926 -98.717
0.589034 -99.3999
0.595184 -100.482
0.601379 -98.3329
0.607522 -98.975
0.613639 -99.295
0.619772 -99.2014
0.625918 -97.7264
0.632068 -99.4143
0.638161 -99.5817
0.6443 -97.9882
0.650464 -97.9939
0.656582 -97.0707
0.662703 -97.2369
0.668861 -97.2416
0.675024 -95.692
0.681124 -97.0251
0.687237 -96.916
0.693381 -96.3421
0.699536 -96.6919
0.705665 -95.9337
0.711789 -95.9929
0.717957 -95.4489
0.72409 -95.3114
0.730186 -95.6687
0.736317 -95.7835
0.742472 -95.1937
0.748622 -93.2484
0.75476 -94.8317
0.760888 -94.7969
0.767043 -93.7389
0.773185 -93.3488
0.779291 -93.4898
0.785407 -94.1802
0.791564 -92.9147
0.797719 -92.2077
0.803834 -92.3331
0.809972 -91.57
0.816124 -92.1835
0.822261 -91.5865
0.828378 -92.0532
0.834502 -91.3868
0.840667 -90.5785
0.846816 -90.6391
0.852925 -91.0404
0.859047 -90.5489
0.865192 -90.5409
0.871341 -89.1462
0.877463 -88.4893
0.883569 -89.7228
0.889708 -88.6942
0.895864 -88.4272
0.902008 -88.4238
0.908149 -87.9119
0.914301 -86.6322
0.920448 -87.5424
0.926574 -85.6476
0.932687 -86.5652
0.938823 -85.9708
0.944975 -85.8126
0.951105 -86.5308
0.957225 -85.4907
0.963368 -85.0323
0.969511 -85.3187
0.975621 -84.6122
0.981748 -84.656
0.987916 -85.168
0.99406 -83.9934
1.00019 -84.3242
1.00632 -84.1895
1.01246 -83.386
1.01859 -83.1245
1.02471 -82.7338
1.03085 -82.832
1.03698 -81.7109
1.04314 -81.4899
1.04929 -81.3096
1.05541 -80.8782
1.06154 -81.2668
1.06769 -80.1006
1.07382 -80.6712
1.07993 -80.4357
1.08607 -79.9474
1.09222 -79.6446
1.09836 -80.0856
1.10449 -78.9348
1.11063 -78.796
1.11677 -78.3527
1.1229 -77.867
1.12903 -77.9272
1.13518 -76.8449
1.14131 -77.593
1.14745 -77.3654
1.15359 -76.6317
1.15973 -75.9667
1.16584 -76.5788
1.17197 -75.841
1.17811 -75.5955
1.18424 -75.4377
1.19038 -75.4561
1.19652 -74.5604
1.20267 -74.5996
1.20881 -73.9993
1.21495 -73.9726
1.22108 -73.8426
1.2272 -73.1226
1.23334 -73.5172
1.23949 -72.6122
1.24562 -72.5648
1.25174 -72.6001
1.25789 -71.7823
1.26402 -71.9321
1.27014 -71.1978
1.27628 -71.2069
1.28244 -70.9659
1.28858 -70.4843
1.29471 -70.1944
1.30084 -70.6724
1.30697 -70.199
1.31312 -70.016
1.31925 -69.6337
1.32537 -69.4806
1.33151 -69.4468
1.33765 -68.2273
1.34378 -68.5472
1.34992 -68.1415
1.35606 -68.3578
1.3622 -67.5172
1.36833 -67.6799
1.37445 -67.1539
1.38059 -67.2364
1.38675 -67.3023
1.39288 -66.6875
1.39901 -66.1757
1.40515 -66.227
1.4113 -65.6958
1.41742 -65.9538
1.42355 -65.5552
1.4297 -65.5942
1.43585 -65.0578
1.44198 -64.9143
1.44809 -64.8172
1.45423 -64.2269
1.46036 -64.1424
1.46649 -64.293
1.47263 -64.0385
1.47877 -63.5396
1.48491 -63.2571
1.49104 -63.0052
1.49718 -62.4733
1.50333 -62.761
1.50947 -62.7471
1.5156 -62.1161
1.52172 -62.1092
1.52787 -62.0184
1.534 -61.4266
1.54013 -61.229
1.54627 -61.2285
1.55241 -60.9073
1.55855 -60.5705
1.56467 -60.5869
1.5708 -60.57
