0.00783031 5532.71
0.013688 7345.24
0.019231 4454.36
0.0249154 6522.37
0.0312784 5194.91
0.0375637 4769.78
0.0433917 4552.8
0.0492413 4347.47
0.0555754 4093.93
0.0619321 3973.16
0.067871 3809.74
0.0738098 3292.49
0.0800417 3247.34
0.0862327 2933.66
0.0921407 2805.65
0.0982031 2854.75
0.104506 2668.71
0.110769 2446.64
0.116806 2292.21
0.122832 2149.66
0.129052 2113.22
0.135211 1973.7
0.141259 1834.28
0.147318 1880.38
0.153489 1790.89
0.159709 1636.71
0.165845 1571.37
0.171974 1470.22
0.178125 1467.45
0.184229 1374.65
0.19034 1351.6
0.196428 1303.01
0.202534 1268.34
0.208729 1169.24
0.214876 1150.72
0.220989 1119.63
0.227147 1068.07
0.23329 1002.31
0.239377 1002.96
0.245482 991.576
0.251667 945.237
0.257832 900.131
0.263955 856.44
0.270079 844.227
0.27624 824.622
0.282372 820.475
0.28843 770.723
0.294538 769.944
0.300721 719.844
0.30691 692.756
0.313033 667.708
0.319153 657.938
0.325316 645.562
0.33145 628.072
0.337538 612.829
0.343633 596.075
0.349808 582.818
0.355968 571.185
0.362074 537.506
0.368217 528.736
0.374374 516.134
0.380519 519.161
0.386598 496.627
0.392688 480.44
0.39888 466.167
0.405048 454.923
0.411186 433.831
0.417313 432.854
0.423458 422.838
0.429607 414.888
0.435692 409.866
0.441815 390.839
0.447964 386.508
0.454126 380.628
0.460267 370.378
0.466387 362.164
0.47254 342.448
0.478662 343.448
0.484765 336.698
0.490885 325.533
0.497035 314.757
0.503198 307.629
0.509342 306.23
0.515458 292.323
0.521598 288.331
0.527764 283.79
0.533884 271.427
0.54 268.518
0.546137 264.825
0.552299 254.284
0.558452 250.065
0.564573 241.465
0.570708 237.657
0.576825 234.427
0.582926 225.356
0.589034 220.215
0.595184 222.106
0.601379 219.431
0.607522 209.971
0.613639 203.09
0.619772 199.375
0.625918 191.874
0.632068 184.693
0.638161 182.863
0.6443 180.381
0.650464 174.905
0.656582 171.449
0.662703 168.65
0.668861 161.998
0.675024 159.267
0.681124 152.458
0.687237 156.622
0.693381 148.78
0.699536 144.714
0.705665 139.925
0.711789 139.789
0.717957 130.373
0.72409 130.553
0.730186 124.345
0.736317 126.077
0.742472 120.602
0.748622 115.896
0.75476 117.286
0.760888 114.748
0.767043 106.504
0.773185 104.05
0.779291 104.161
0.785407 98.3572
0.791564 98.9325
0.797719 94.9296
0.803834 91.6232
0.809972 87.9579
0.816124 84.9069
0.822261 85.9463
0.828378 81.5308
0.834502 79.7536
0.840667 73.6847
0.846816 70.2197
0.852925 68.5109
0.859047 68.7069
0.865192 67.3178
0.871341 60.8133
0.877463 59.3259
0.883569 57.3594
0.889708 59.0586
0.895864 57.3293
0.902008 52.8402
0.908149 50.9347
0.914301 50.4633
0.920448 47.9679
0.926574 43.1585
0.932687 44.9629
0.938823 42.2481
0.944975 39.049
0.951105 37.312
0.957225 36.3382
0.963368 34.1277
0.969511 32.5591
0.975621 30.957
0.981748 28.2364
0.987916 28.7981
0.99406 23.8007
1.00019 24.5532
1.00632 23.2396
1.01246 21.2632
1.01859 19.4591
1.02471 19.5111
1.03085 15.6939
1.03698 14.1988
1.04314 14.1187
1.04929 12.8851
1.05541 10.9635
1.06154 9.39232
1.06769 6.91628
1.07382 8.22077
1.07993 2.49103
1.08607 1.73442
1.09222 1.98854
1.09836 2.44961
1.10449 0.642787
1.11063 0.596017
1.11677 -1.33907
1.1229 -4.55197
1.12903 -2.36896
1.13518 -4.37581
1.14131 -4.32451
1.14745 -9.14023
1.15359 -10.0292
1.15973 -9.92269
1.16584 -9.71832
1.17197 -13.1931
1.17811 -14.4267
1.18424 -12.9318
1.19038 -14.6591
1.19652 -15.6388
1.20267 -16.3487
1.20881 -14.6859
1.21495 -16.4786
1.22108 -19.7948
1.2272 -20.4835
1.23334 -20.2236
1.23949 -21.1647
1.24562 -21.8216
1.25174 -24.0787
1.25789 -23.1138
1.26402 -23.8284
1.27014 -25.6925
1.27628 -26.2312
1.28244 -25.3101
1.28858 -27.8585
1.29471 -26.9398
1.30084 -28.9361
1.30697 -27.7123
1.31312 -29.7101
1.31925 -29.5757
1.32537 -31.6147
1.33151 -31.384
1.33765 -32.2955
1.34378 -31.5409
1.34992 -33.3739
1.35606 -34.2124
1.3622 -33.2239
1.36833 -35.9209
1.37445 -34.6471
1.38059 -36.7711
1.38675 -37.07
1.39288 -36.0912
1.39901 -36.9662
1.40515 -37.7811
1.4113 -36.7022
1.41742 -38.8763
1.42355 -38.7409
1.4297 -39.8762
1.43585 -40.4009
1.44198 -39.2298
1.44809 -41.1891
1.45423 -41.1756
1.46036 -41.9724
1.46649 -42.9561
1.47263 -41.6684
1.47877 -42.6331
1.48491 -42.3456
1.49104 -42.0906
1.49718 -42.8463
1.50333 -43.2938
1.50947 -44.0737
1.5156 -43.5793
1.52172 -43.4391
1.52787 -44.3962
1.534 -44.9758
1.54013 -46.4383
1.54627 -44.0432
1.55241 -46.5516
1.55855 -44.7666
1.56467 -46.8694
1.5708 -46.1128
