0.00783031 4287
0.013688 6912.06
0.019231 6899.64
0.0249154 4643.88
0.0312784 5211.52
0.0375637 4450
0.0433917 4412.61
0.0492413 4073.52
0.0555754 3911.41
0.0619321 3721.44
0.067871 3326.6
0.0738098 3085.54
0.0800417 2966.9
0.0862327 2911.95
0.0921407 2701.63
0.0982031 2484.01
0.104506 2317.96
0.110769 2221.01
0.116806 2093.74
0.122832 2004.98
0.129052 1939.2
0.135211 1764.65
0.141259 1678.37
0.147318 1612.82
0.153489 1524.02
0.159709 1455.88
0.165845 1452.79
0.171974 1276.46
0.178125 1265.16
0.184229 1184.36
0.19034 1122.36
0.196428 1099.02
0.202534 1062.74
0.208729 975.615
0.214876 972.046
0.220989 907.713
0.227147 886.932
0.23329 837.057
0.239377 797.758
0.245482 768.253
0.251667 732.203
0.257832 705.388
0.263955 674.225
0.270079 639.738
0.27624 620.175
0.282372 608.799
0.28843 571.532
0.294538 559.826
0.300721 549.046
0.30691 494.311
0.313033 489.15
0.319153 458.902
0.325316 461.293
0.33145 439.041
0.337538 407.57
0.343633 396.362
0.349808 384.523
0.355968 384.02
0.362074 359.468
0.368217 342.956
0.374374 322.053
0.380519 309.475
0.386598 303.307
0.392688 291.705
0.39888 276.264
0.405048 264.826
0.411186 267.772
0.417313 250.773
0.423458 240.738
0.429607 218.26
0.435692 221.583
0.441815 209.226
0.447964 198.678
0.454126 200.296
0.460267 185.395
0.466387 172.553
0.47254 173.204
0.478662 151.97
0.484765 156.175
0.490885 157.336
0.497035 140.921
0.503198 135.251
0.509342 133.817
0.515458 122.305
0.521598 123.1
0.527764 119.991
0.533884 111.353
0.54 107.499
0.546137 105.148
0.552299 95.2496
0.558452 88.7516
0.564573 88.0427
0.570708 86.1599
0.576825 80.6716
0.582926 80.6021
0.589034 73.8855
0.595184 71.6607
0.601379 69.7606
0.607522 61.3814
0.613639 63.6591
0.619772 58.8732
0.625918 54.8518
0.632068 50.0715
0.638161 48.6618
0.6443 47.9849
0.650464 49.0345
0.656582 45.385
0.662703 47.4436
0.668861 44.3049
0.675024 42.7469
0.681124 40.1293
0.687237 37.2736
0.693381 39.7678
0.699536 34.1155
0.705665 34.2011
0.711789 35.7091
0.717957 31.657
0.72409 26.6235
0.730186 29.4872
0.736317 29.3837
0.742472 25.6282
0.748622 26.1788
0.75476 27.0497
0.760888 23.9958
0.767043 25.1936
0.773185 22.0174
0.779291 22.5918
0.785407 22.4742
0.791564 21.3037
0.797719 16.9915
0.803834 22.2533
0.809972 21.1027
0.816124 18.7672
0.822261 21.7029
0.828378 23.1638
0.834502 20.341
0.840667 16.5038
0.846816 21.4045
0.852925 18.9205
0.859047 18.2589
0.865192 19.1794
0.871341 23.6356
0.877463 23.6554
0.883569 20.1897
0.889708 23.5556
0.895864 19.7355
0.902008 18.1481
0.908149 22.7021
0.914301 18.4134
0.920448 19.6205
0.926574 19.3772
0.932687 22.0969
0.938823 20.7629
0.944975 17.3529
0.951105 18.4077
0.957225 21.3562
0.963368 16.7776
0.969511 22.0281
0.975621 22.295
0.981748 21.1408
0.987916 18.7455
0.99406 20.3189
1.00019 19.0072
1.00632 22.4705
1.01246 19.6833
1.01859 20.9896
1.02471 22.5228
1.03085 19.1023
1.03698 21.3908
1.04314 20.5523
1.04929 20.8099
1.05541 19.0778
1.06154 19.524
1.06769 19.8072
1.07382 20.0183
1.07993 19.8833
1.08607 20.924
1.09222 19.6719
1.09836 22.1054
1.10449 16.9583
1.11063 22.8379
1.11677 22.7538
1.1229 22.5461
1.12903 19.2648
1.13518 18.2603
1.14131 19.3786
1.14745 18.3208
1.15359 20.1342
1.15973 16.8865
1.16584 18.8135
1.17197 18.5426
1.17811 17.4722
1.18424 17.6591
1.19038 17.8957
1.19652 18.7899
1.20267 16.4962
1.20881 20.0744
1.21495 17.194
1.22108 16.3181
1.2272 18.0412
1.23334 17.198
1.23949 15.2968
1.24562 16.7929
1.25174 15.5285
1.25789 15.6099
1.26402 13.9316
1.27014 16.9341
1.27628 13.891
1.28244 12.8852
1.28858 13.3565
1.29471 12.1338
1.30084 11.8872
1.30697 12.5145
1.31312 12.2338
1.31925 11.9446
1.32537 11.7887
1.33151 10.3221
1.33765 9.55335
1.34378 11.031
1.34992 10.7009
1.35606 9.29068
1.3622 11.1166
1.36833 7.2731
1.37445 7.83885
1.38059 10.8387
1.38675 9.2133
1.39288 6.19346
1.39901 7.07382
1.40515 7.4585
1.4113 6.43545
1.41742 5.62386
1.42355 5.99346
1.4297 5.83761
1.43585 5.22273
1.44198 6.0306
1.44809 2.60628
1.45423 4.15351
1.46036 1.50243
1.46649 2.53433
1.47263 2.56428
1.47877 1.57285
1.48491 0.544186
1.49104 0.918276
1.49718 1.77618
1.50333 -0.0706408
1.50947 0.570613
1.5156 0.674834
1.52172 1.75411
1.52787 -1.15707
1.534 -1.046
1.54013 -0.743637
1.54627 0.174021
1.55241 -1.25871
1.55855 -1.9084
1.56467 -4.05254
1.5708 -2.10775
