0.00783031 6551.19
0.013688 10853.5
0.019231 10962.2
0.0249154 7857.87
0.0312784 8940.04
0.0375637 8310.88
0.0433917 8353.68
0.0492413 8331.75
0.0555754 8632.64
0.0619321 8409.19
0.067871 7970.67
0.0738098 7572.4
0.0800417 7612.63
0.0862327 7701.02
0.0921407 7707.89
0.0982031 7096.69
0.104506 7164.63
0.110769 7012.71
0.116806 6904.27
0.122832 6821.67
0.129052 6881
0.135211 6578.69
0.141259 6548.75
0.147318 6465.23
0.153489 6266.63
0.159709 6195
0.165845 6325.72
0.171974 6006.86
0.178125 5997.63
0.184229 5845.61
0.19034 5664.36
0.196428 5658.11
0.202534 5746.42
0.208729 5517.93
0.214876 5533.12
0.220989 5375.31
0.227147 5490.17
0.23329 5397.26
0.239377 5304.17
0.245482 5221.44
0.251667 5185.99
0.257832 5092.49
0.263955 5056.88
0.270079 5050.92
0.27624 5007.89
0.282372 4920.29
0.28843 4886.19
0.294538 4888.95
0.300721 4851.7
0.30691 4747.08
0.313033 4655.28
0.319153 4675.59
0.325316 4684.47
0.33145 4630.27
0.337538 4566.23
0.343633 4524.43
0.349808 4513.63
0.355968 4583.35
0.362074 4472.99
0.368217 4405.76
0.374374 4369.25
0.380519 4421.88
0.386598 4359.63
0.392688 4342.63
0.39888 4343.12
0.405048 4290.21
0.411186 4256.36
0.417313 4263.75
0.423458 4206.23
0.429607 4258.45
0.435692 4162.52
0.441815 4168.59
0.447964 4154.94
0.454126 4144.28
0.460267 4171.28
0.466387 4133.48
0.47254 4076.24
0.478662 4042.44
0.484765 4081.29
0.490885 4085.09
0.497035 4062.42
0.503198 4031.89
0.509342 4058.56
0.515458 4043.67
0.521598 4010.23
0.527764 3984.08
0.533884 4024.59
0.54 3952.66
0.546137 3969.09
0.552299 3960.78
0.558452 3930.82
0.564573 3937.13
0.570708 3903.76
0.576825 3922.75
0.582926 3949.2
0.589034 3859.37
0.595184 3904.17
0.601379 3868.05
0.607522 3867.26
0.613639 3840.26
0.619772 3853.68
0.625918 3841.52
0.632068 3852.94
0.638161 3833.31
0.6443 3824.52
0.650464 3825.08
0.656582 3787.59
0.662703 3801.05
0.668861 3787.54
0.675024 3777.66
0.681124 3789.47
0.687237 3785.47
0.693381 3758.95
0.699536 3779.14
0.705665 3762.08
0.711789 3764.6
0.717957 3743.82
0.72409 3738.43
0.730186 3748.27
0.736317 3739.23
0.742472 3722.53
0.748622 3750.68
0.75476 3740.54
0.760888 3717.38
0.767043 3713.36
0.773185 3699.67
0.779291 3691.06
0.785407 3684.43
0.791564 3687.38
0.797719 3660.04
0.803834 3691.61
0.809972 3674.01
0.816124 3649.21
0.822261 3644.25
0.828378 3650.2
0.834502 3662.32
0.840667 3646.82
0.846816 3653.51
0.852925 3640.2
0.859047 3619.94
0.865192 3624.18
0.871341 3618.41
0.877463 3620.02
0.883569 3595.42
0.889708 3605.49
0.895864 3592.03
0.902008 3597.81
0.908149 3586.49
0.914301 3600.87
0.920448 3583.7
0.926574 3580.07
0.932687 3550.42
0.938823 3552.65
0.944975 3548.94
0.951105 3550.06
0.957225 3552.11
0.963368 3547.59
0.969511 3544.54
0.975621 3529.59
0.981748 3523.17
0.987916 3526.6
0.99406 3518.47
1.00019 3517.62
1.00632 3522.06
1.01246 3504.9
1.01859 3520.11
1.02471 3494.17
1.03085 3500.56
1.03698 3483.39
1.04314 3491.66
1.04929 3489.05
1.05541 3481.2
1.06154 3462.32
1.06769 3467
1.07382 3439.73
1.07993 3457.32
1.08607 3449.09
1.09222 3440.2
1.09836 3441.28
1.10449 3437.64
1.11063 3423.51
1.11677 3417.61
1.1229 3421.49
1.12903 3418.62
1.13518 3408.63
1.14131 3392.3
1.14745 3388.56
1.15359 3393.84
1.15973 3387.5
1.16584 3386.81
1.17197 3374.56
1.17811 3370.37
1.18424 3365.52
1.19038 3356.35
1.19652 3354.39
1.20267 3359.93
1.20881 3345.21
1.21495 3340.43
1.22108 3335.43
1.2272 3335.95
1.23334 3325.9
1.23949 3309.73
1.24562 3323.16
1.25174 3311.63
1.25789 3294.68
1.26402 3289.37
1.27014 3277.75
1.27628 3280.48
1.28244 3279.41
1.28858 3273.05
1.29471 3278.27
1.30084 3253.31
1.30697 3249.34
1.31312 3244.13
1.31925 3240.86
1.32537 3244.95
1.33151 3231.9
1.33765 3224.87
1.34378 3225.34
1.34992 3212.69
1.35606 3208.1
1.3622 3193.14
1.36833 3196.18
1.37445 3186.03
1.38059 3189.86
1.38675 3171.84
1.39288 3171.32
1.39901 3172.36
1.40515 3161.53
1.4113 3155.7
1.41742 3157.46
1.42355 3143.38
1.4297 3143.39
1.43585 3134.65
1.44198 3129.14
1.44809 3122.98
1.45423 3116.12
1.46036 3119.15
1.46649 3107.04
1.47263 3104.26
1.47877 3094.49
1.48491 3096.08
1.49104 3082.37
1.49718 3081.8
1.50333 3075.18
1.50947 3068.95
1.5156 3065
1.52172 3051.11
1.52787 3050.9
1.534 3049.3
1.54013 3043.75
1.54627 3035.64
1.55241 3030.56
1.55855 3019.49
1.56467 3015.98
1.5708 3018.98
