0.00783031 20363.1
0.013688 25982.7
0.019231 25912
0.0249154 23222.9
0.0312784 20460.7
0.0375637 17757.8
0.0433917 15189.2
0.0492413 13997.8
0.0555754 12427.4
0.0619321 12212.4
0.067871 11088.4
0.0738098 10382.8
0.0800417 9306.71
0.0862327 8560.83
0.0921407 7921.06
0.0982031 7138.1
0.104506 6796.67
0.110769 6408.09
0.116806 6144.61
0.122832 5892.23
0.129052 5549.12
0.135211 5320.63
0.141259 5160.9
0.147318 4921.91
0.153489 4563.34
0.159709 4353.32
0.165845 4292.25
0.171974 4103.6
0.178125 3957.71
0.184229 3795.03
0.19034 3709.46
0.196428 3635.87
0.202534 3525.23
0.208729 3424.58
0.214876 3334.39
0.220989 3259.9
0.227147 3161.06
0.23329 3067.24
0.239377 3066.18
0.245482 2920.87
0.251667 2928.44
0.257832 2842.57
0.263955 2772.03
0.270079 2712.49
0.27624 2694.81
0.282372 2597.22
0.28843 2631.72
0.294538 2534.64
0.300721 2522.35
0.30691 2464.9
0.313033 2424.23
0.319153 2421.59
0.325316 2357.62
0.33145 2325.11
0.337538 2290.25
0.343633 2264.44
0.349808 2217.68
0.355968 2204.38
0.362074 2206.73
0.368217 2143.1
0.374374 2087.48
0.380519 2102.68
0.386598 2054.87
0.392688 2056.21
0.39888 2011.86
0.405048 2010.52
0.411186 1987.54
0.417313 1947.41
0.423458 1930.88
0.429607 1918.55
0.435692 1885.09
0.441815 1883.52
0.447964 1853.62
0.454126 1858.18
0.460267 1816.39
0.466387 1793.69
0.47254 1807.78
0.478662 1781.42
0.484765 1747.67
0.490885 1742.72
0.497035 1715.77
0.503198 1711.66
0.509342 1694.94
0.515458 1693.36
0.521598 1662.91
0.527764 1636.08
0.533884 1635.89
0.54 1632.69
0.546137 1612.4
0.552299 1603.1
0.558452 1589.3
0.564573 1576.6
0.570708 1565.39
0.576825 1532.3
0.582926 1544.81
0.589034 1528.92
0.595184 1517.9
0.601379 1502.92
0.607522 1483.88
0.613639 1486.66
0.619772 1465.43
0.625918 1456.21
0.632068 1443.07
0.638161 1437.7
0.6443 1419.46
0.650464 1420.07
0.656582 1404.86
0.662703 1404.18
0.668861 1385.98
0.675024 1373.38
0.681124 1371.49
0.687237 1363.78
0.693381 1347.27
0.699536 1326.1
0.705665 1328.19
0.711789 1323.24
0.717957 1313.12
0.72409 1308.92
0.730186 1291.59
0.736317 1288.85
0.742472 1278.33
0.748622 1267.89
0.75476 1253.2
0.760888 1246.31
0.767043 1244.04
0.773185 1234.29
0.779291 1226.26
0.785407 1214.5
0.791564 1205.74
0.797719 1205.14
0.803834 1190.16
0.809972 1185.92
0.816124 1186.09
0.822261 1168.99
0.828378 1163.56
0.834502 1151.87
0.840667 1145.93
0.846816 1139.05
0.852925 1133.63
0.859047 1132.35
0.865192 1116.16
0.871341 1108.81
0.877463 1108.94
0.883569 1098.34
0.889708 1095.08
0.895864 1092.28
0.902008 1083.03
0.908149 1065.82
0.914301 1066.08
0.920448 1062.16
0.926574 1047.15
0.932687 1041.77
0.938823 1034.09
0.944975 1033.96
0.951105 1024.09
0.957225 1017.39
0.963368 1007.45
0.969511 1006.2
0.975621 1000.58
0.981748 992.268
0.987916 987.818
0.99406 976.215
1.00019 972.299
1.00632 967.074
1.01246 960.225
1.01859 956.991
1.02471 948.768
1.03085 944.303
1.03698 938.994
1.04314 933.025
1.04929 924.443
1.05541 925.097
1.06154 912.067
1.06769 907.926
1.07382 901.294
1.07993 897.147
1.08607 895.088
1.09222 883.196
1.09836 877.672
1.10449 875.182
1.11063 862.72
1.11677 865.224
1.1229 859.137
1.12903 853.138
1.13518 845.946
1.14131 840.945
1.14745 833.998
1.15359 831.062
1.15973 826.554
1.16584 819.691
1.17197 816.987
1.17811 810.533
1.18424 803.706
1.19038 800.592
1.19652 795.792
1.20267 793.384
1.20881 786.079
1.21495 781.375
1.22108 775.946
1.2272 772.615
1.23334 768.257
1.23949 759.985
1.24562 755.819
1.25174 754.038
1.25789 746.217
1.26402 743.25
1.27014 737.466
1.27628 730.696
1.28244 731.688
1.28858 724.294
1.29471 722.964
1.30084 714.725
1.30697 713.761
1.31312 705.895
1.31925 702.008
1.32537 700.434
1.33151 693.516
1.33765 687.475
1.34378 686.26
1.34992 682.928
1.35606 676.82
1.3622 672.488
1.36833 669.548
1.37445 663.261
1.38059 660.385
1.38675 656.055
1.39288 652.798
1.39901 648.284
1.40515 645.523
1.4113 640.454
1.41742 636.56
1.42355 631.39
1.4297 628.667
1.43585 624.643
1.44198 622.907
1.44809 615.699
1.45423 612.739
1.46036 609.148
1.46649 606.591
1.47263 602.793
1.47877 598.386
1.48491 593.472
1.49104 591.028
1.49718 586.429
1.50333 584.845
1.50947 579.991
1.5156 575.846
1.52172 573.335
1.52787 568.712
1.534 567.08
1.54013 562.116
1.54627 560.28
1.55241 555.913
1.55855 550.33
1.56467 551.214
1.5708 545.398
