0.00783031 20277.9
0.013688 25807.9
0.019231 25783
0.0249154 23104.1
0.0312784 20233.2
0.0375637 17469.6
0.0433917 14902.8
0.0492413 13594.6
0.0555754 12056.1
0.0619321 11730.1
0.067871 10609.6
0.0738098 9846.96
0.0800417 8786.18
0.0862327 7992.78
0.0921407 7324.37
0.0982031 6543.54
0.104506 6177.21
0.110769 5764.66
0.116806 5487.25
0.122832 5241.81
0.129052 4894.34
0.135211 4658.32
0.141259 4481.44
0.147318 4239.43
0.153489 3894.66
0.159709 3692.77
0.165845 3600.46
0.171974 3422.4
0.178125 3278.26
0.184229 3132.23
0.19034 3024.31
0.196428 2956.83
0.202534 2846.97
0.208729 2740.66
0.214876 2652.93
0.220989 2572.87
0.227147 2482.26
0.23329 2395.26
0.239377 2376.83
0.245482 2249.64
0.251667 2246.03
0.257832 2165.25
0.263955 2101.01
0.270079 2042.12
0.27624 2019.95
0.282372 1941.14
0.28843 1951.91
0.294538 1868.04
0.300721 1854.19
0.30691 1798.58
0.313033 1763.9
0.319153 1752.23
0.325316 1697.26
0.33145 1667.47
0.337538 1635.55
0.343633 1611.55
0.349808 1568.72
0.355968 1555.28
0.362074 1548.73
0.368217 1499.2
0.374374 1454.46
0.380519 1461.07
0.386598 1420.43
0.392688 1416.59
0.39888 1379.97
0.405048 1372.1
0.411186 1353.68
0.417313 1324
0.423458 1304.39
0.429607 1293.49
0.435692 1268.22
0.441815 1260.34
0.447964 1236.69
0.454126 1234.34
0.460267 1203.06
0.466387 1185.74
0.47254 1190.61
0.478662 1170.25
0.484765 1143.1
0.490885 1137.16
0.497035 1115.26
0.503198 1109.72
0.509342 1096.48
0.515458 1092.28
0.521598 1068.26
0.527764 1049.91
0.533884 1046.33
0.54 1041.2
0.546137 1025.76
0.552299 1016.81
0.558452 1005.86
0.564573 995.016
0.570708 985.619
0.576825 961.209
0.582926 966.338
0.589034 954.551
0.595184 946.33
0.601379 933.661
0.607522 920.139
0.613639 919.257
0.619772 903.509
0.625918 896.487
0.632068 885.667
0.638161 880.664
0.6443 867.544
0.650464 865.287
0.656582 854.835
0.662703 852.119
0.668861 839.032
0.675024 830.15
0.681124 826.195
0.687237 819.753
0.693381 808.539
0.699536 793.8
0.705665 793.474
0.711789 789.081
0.717957 781.395
0.72409 776.686
0.730186 764.806
0.736317 761.528
0.742472 754.404
0.748622 746.622
0.75476 735.451
0.760888 730.148
0.767043 727.321
0.773185 720.477
0.779291 713.963
0.785407 706.22
0.791564 699.012
0.797719 697.618
0.803834 687.197
0.809972 683.414
0.816124 682.024
0.822261 671.11
0.828378 666.774
0.834502 658.818
0.840667 653.838
0.846816 649.14
0.852925 644.352
0.859047 642.269
0.865192 631.706
0.871341 626.459
0.877463 625.045
0.883569 617.53
0.889708 615.018
0.895864 612.029
0.902008 606.175
0.908149 595.014
0.914301 593.744
0.920448 590.439
0.926574 581.031
0.932687 577.483
0.938823 571.852
0.944975 570.975
0.951105 564.264
0.957225 559.551
0.963368 552.811
0.969511 551.077
0.975621 546.966
0.981748 541.253
0.987916 537.828
0.99406 530.826
1.00019 527.126
1.00632 523.972
1.01246 518.94
1.01859 516.524
1.02471 510.824
1.03085 507.254
1.03698 503.699
1.04314 499.362
1.04929 494.017
1.05541 493.649
1.06154 485.428
1.06769 482.3
1.07382 478.149
1.07993 474.989
1.08607 472.918
1.09222 466.006
1.09836 462.123
1.10449 459.779
1.11063 452.408
1.11677 452.941
1.1229 448.824
1.12903 444.86
1.13518 440.272
1.14131 437.046
1.14745 432.437
1.15359 430.171
1.15973 427.078
1.16584 422.667
1.17197 420.582
1.17811 416.557
1.18424 412.026
1.19038 409.622
1.19652 406.573
1.20267 404.471
1.20881 400.023
1.21495 396.924
1.22108 393.277
1.2272 390.877
1.23334 388.284
1.23949 383.425
1.24562 380.474
1.25174 378.65
1.25789 374.164
1.26402 372.129
1.27014 368.368
1.27628 364.447
1.28244 364.245
1.28858 359.793
1.29471 358.293
1.30084 353.722
1.30697 352.518
1.31312 348.121
1.31925 345.517
1.32537 343.975
1.33151 340.004
1.33765 336.404
1.34378 335.08
1.34992 332.933
1.35606 329.226
1.3622 326.626
1.36833 324.625
1.37445 320.956
1.38059 318.903
1.38675 316.29
1.39288 314.006
1.39901 311.079
1.40515 309.322
1.4113 306.313
1.41742 303.844
1.42355 300.921
1.4297 299.041
1.43585 296.621
1.44198 295.324
1.44809 291.178
1.45423 289.276
1.46036 287.018
1.46649 285.31
1.47263 283.018
1.47877 280.296
1.48491 277.433
1.49104 276.002
1.49718 273.202
1.50333 272.08
1.50947 269.179
1.5156 266.711
1.52172 265.234
1.52787 262.423
1.534 261.411
1.54013 258.564
1.54627 257.156
1.55241 254.712
1.55855 251.567
1.56467 251.564
1.5708 248.432
