0.00783031 -467.36
0.013688 -606.978
0.019231 -1963.85
0.0249154 -399.839
0.0312784 463.212
0.0375637 683.31
0.0433917 -177.924
0.0492413 -62.5807
0.0555754 -63.4257
0.0619321 -283.354
0.067871 -197.084
0.0738098 -263.63
0.0800417 -193.04
0.0862327 -137.364
0.0921407 -236.147
0.0982031 -121.459
0.104506 -172.466
0.110769 -155.538
0.116806 -171.815
0.122832 -211.337
0.129052 -226.601
0.135211 -146.885
0.141259 -188.518
0.147318 -199.495
0.153489 -175.738
0.159709 -166.249
0.165845 -194.55
0.171974 -196.882
0.178125 -155.878
0.184229 -179.918
0.19034 -163.603
0.196428 -150.548
0.202534 -156.401
0.208729 -154.92
0.214876 -148.229
0.220989 -148.69
0.227147 -159.778
0.23329 -158.203
0.239377 -153.887
0.245482 -141.077
0.251667 -135.589
0.257832 -149.856
0.263955 -148.465
0.270079 -142.057
0.27624 -126.878
0.282372 -137.938
0.28843 -140.17
0.294538 -128.689
0.300721 -127.422
0.30691 -125.984
0.313033 -127.97
0.319153 -126.306
0.325316 -113.498
0.33145 -130.404
0.337538 -128.962
0.343633 -120.057
0.349808 -125.59
0.355968 -121.189
0.362074 -114.54
0.368217 -110.213
0.374374 -112.223
0.380519 -109.293
0.386598 -116.545
0.392688 -108.652
0.39888 -112.148
0.405048 -110.079
0.411186 -102.064
0.417313 -110.41
0.423458 -109.775
0.429607 -103.418
0.435692 -104.128
0.441815 -100.664
0.447964 -100.558
0.454126 -105.305
0.460267 -103.183
0.466387 -98.8524
0.47254 -100.811
0.478662 -99.7483
0.484765 -98.0306
0.490885 -102.204
0.497035 -96.3122
0.503198 -94.5014
0.509342 -100.719
0.515458 -97.3435
0.521598 -93.6362
0.527764 -93.1061
0.533884 -89.1892
0.54 -90.203
0.546137 -88.2366
0.552299 -91.1552
0.558452 -88.2931
0.564573 -88.7807
0.570708 -87.2184
0.576825 -88.6042
0.582926 -85.5269
0.589034 -87.3494
0.595184 -85.633
0.601379 -84.7755
0.607522 -84.8275
0.613639 -83.712
0.619772 -84.7414
0.625918 -83.67
0.632068 -81.5469
0.638161 -79.7812
0.6443 -79.713
0.650464 -80.192
0.656582 -80.3886
0.662703 -79.2814
0.668861 -78.6264
0.675024 -78.7259
0.681124 -77.2373
0.687237 -77.3023
0.693381 -76.9691
0.699536 -77.2328
0.705665 -76.1971
0.711789 -75.8028
0.717957 -74.839
0.72409 -74.7643
0.730186 -75.5582
0.736317 -72.8913
0.742472 -72.9315
0.748622 -73.6182
0.75476 -71.4887
0.760888 -73.5943
0.767043 -71.3878
0.773185 -71.476
0.779291 -70.1206
0.785407 -70.317
0.791564 -71.0345
0.797719 -69.74
0.803834 -69.6487
0.809972 -69.1412
0.816124 -68.3062
0.822261 -67.9573
0.828378 -67.018
0.834502 -66.5296
0.840667 -69.0546
0.846816 -67.3599
0.852925 -67.1995
0.859047 -66.0437
0.865192 -65.2809
0.871341 -65.9963
0.877463 -65.4017
0.883569 -64.2401
0.889708 -65.252
0.895864 -63.697
0.902008 -62.854
0.908149 -63.9
0.914301 -62.3014
0.920448 -61.755
0.926574 -62.4871
0.932687 -62.3072
0.938823 -62.4142
0.944975 -61.862
0.951105 -60.3545
0.957225 -60.8275
0.963368 -59.6346
0.969511 -60.8366
0.975621 -59.8431
0.981748 -59.9752
0.987916 -59.217
0.99406 -59.1117
1.00019 -59.1182
1.00632 -58.2797
1.01246 -58.9339
1.01859 -57.5493
1.02471 -57.509
1.03085 -57.0156
1.03698 -56.9895
1.04314 -57.0327
1.04929 -56.5832
1.05541 -55.0935
1.06154 -56.068
1.06769 -55.1007
1.07382 -55.3333
1.07993 -54.5727
1.08607 -54.5682
1.09222 -54.525
1.09836 -54.2149
1.10449 -53.986
1.11063 -53.1574
1.11677 -53.1998
1.1229 -52.4334
1.12903 -52.8638
1.13518 -52.9384
1.14131 -52.2913
1.14745 -52.0817
1.15359 -51.2386
1.15973 -51.3899
1.16584 -50.3617
1.17197 -50.8853
1.17811 -50.2262
1.18424 -50.1929
1.19038 -49.6494
1.19652 -49.5155
1.20267 -49.1126
1.20881 -49.0855
1.21495 -48.4079
1.22108 -48.8907
1.2272 -48.3361
1.23334 -47.8921
1.23949 -47.8312
1.24562 -47.7818
1.25174 -47.117
1.25789 -46.9279
1.26402 -46.5426
1.27014 -46.3416
1.27628 -46.423
1.28244 -46.1926
1.28858 -46.3421
1.29471 -45.4755
1.30084 -44.9682
1.30697 -45.2958
1.31312 -44.6579
1.31925 -44.7276
1.32537 -44.4848
1.33151 -43.9586
1.33765 -44.0335
1.34378 -43.874
1.34992 -43.5257
1.35606 -43.5686
1.3622 -42.8822
1.36833 -42.6036
1.37445 -42.4895
1.38059 -42.0191
1.38675 -42.3231
1.39288 -41.9636
1.39901 -41.4831
1.40515 -41.3532
1.4113 -41.4501
1.41742 -40.8535
1.42355 -40.9896
1.4297 -40.5021
1.43585 -40.1269
1.44198 -40.3384
1.44809 -39.7359
1.45423 -39.6241
1.46036 -39.7277
1.46649 -39.5141
1.47263 -39.2602
1.47877 -38.9084
1.48491 -38.3966
1.49104 -38.5249
1.49718 -38.102
1.50333 -38.4905
1.50947 -37.7358
1.5156 -37.6019
1.52172 -37.4965
1.52787 -37.1371
1.534 -36.9887
1.54013 -37.0355
1.54627 -36.5961
1.55241 -36.255
1.55855 -36.4528
1.56467 -36.2647
1.5708 -35.9414
