0.00783031 -619.496
0.013688 -1036.47
0.019231 -3298.16
0.0249154 -1048.12
0.0312784 609.206
0.0375637 1500.92
0.0433917 181.514
0.0492413 456.659
0.0555754 336.461
0.0619321 444.313
0.067871 466.123
0.0738098 433.436
0.0800417 560.776
0.0862327 868.908
0.0921407 794.234
0.0982031 915.528
0.104506 801.873
0.110769 1074.16
0.116806 1103.12
0.122832 910.989
0.129052 860.233
0.135211 1094.23
0.141259 1028.71
0.147318 1061.05
0.153489 1153.77
0.159709 1138.46
0.165845 1091.04
0.171974 1120.66
0.178125 1165.99
0.184229 1072.31
0.19034 1169.87
0.196428 1181.27
0.202534 1138.61
0.208729 1134.56
0.214876 1201.89
0.220989 1260.17
0.227147 1184.39
0.23329 1204.61
0.239377 1238.94
0.245482 1207.63
0.251667 1193.25
0.257832 1190.6
0.263955 1209.54
0.270079 1168.66
0.27624 1207.97
0.282372 1172.75
0.28843 1167.31
0.294538 1208.79
0.300721 1193.72
0.30691 1204.25
0.313033 1181.34
0.319153 1169.64
0.325316 1177.78
0.33145 1144.99
0.337538 1168.33
0.343633 1166.25
0.349808 1148.31
0.355968 1167.06
0.362074 1169.36
0.368217 1150.77
0.374374 1154.52
0.380519 1133.03
0.386598 1133.62
0.392688 1131.47
0.39888 1111.85
0.405048 1119.29
0.411186 1104.97
0.417313 1108.01
0.423458 1106.69
0.429607 1117.43
0.435692 1102.7
0.441815 1098.04
0.447964 1093.09
0.454126 1100.06
0.460267 1075.8
0.466387 1085.13
0.47254 1089.41
0.478662 1090.92
0.484765 1060.38
0.490885 1056.62
0.497035 1072.83
0.503198 1039.61
0.509342 1052.21
0.515458 1055.44
0.521598 1038.14
0.527764 1037.07
0.533884 1038.69
0.54 1044.15
0.546137 1038.81
0.552299 1029.47
0.558452 1027.53
0.564573 1025.17
0.570708 1005.41
0.576825 1012.54
0.582926 1009.2
0.589034 993.967
0.595184 999.176
0.601379 992.026
0.607522 992.539
0.613639 979.611
0.619772 983.523
0.625918 982.35
0.632068 966.821
0.638161 969.032
0.6443 964.149
0.650464 959.083
0.656582 958.54
0.662703 946.61
0.668861 945.695
0.675024 946.545
0.681124 923.476
0.687237 929.773
0.693381 932.136
0.699536 920.023
0.705665 917.605
0.711789 916.336
0.717957 912.28
0.72409 901.698
0.730186 898.401
0.736317 897.811
0.742472 889.357
0.748622 887.203
0.75476 889.081
0.760888 875.617
0.767043 877.595
0.773185 872.171
0.779291 862.002
0.785407 862.264
0.791564 855.89
0.797719 843.627
0.803834 845.154
0.809972 836.845
0.816124 838.253
0.822261 834.453
0.828378 826.576
0.834502 821.994
0.840667 816.022
0.846816 815.021
0.852925 807.308
0.859047 808.184
0.865192 802.872
0.871341 802.537
0.877463 791.528
0.883569 790.052
0.889708 781.569
0.895864 782.919
0.902008 774.44
0.908149 774.241
0.914301 766.682
0.920448 765.965
0.926574 761.767
0.932687 753.902
0.938823 753.635
0.944975 747.311
0.951105 743.134
0.957225 740.79
0.963368 735.495
0.969511 732.43
0.975621 727.55
0.981748 725.838
0.987916 721.631
0.99406 714.908
1.00019 713.686
1.00632 710.713
1.01246 703.071
1.01859 701.299
1.02471 696.393
1.03085 693.402
1.03698 689.733
1.04314 686.148
1.04929 679.256
1.05541 677.14
1.06154 672.03
1.06769 670.171
1.07382 668.42
1.07993 661.002
1.08607 658.919
1.09222 652.603
1.09836 650.267
1.10449 644.862
1.11063 643.219
1.11677 640.626
1.1229 636.543
1.12903 632.355
1.13518 631.61
1.14131 625.323
1.14745 621.631
1.15359 617.568
1.15973 611.814
1.16584 609.176
1.17197 608.326
1.17811 601.724
1.18424 600.138
1.19038 596.448
1.19652 593.049
1.20267 590.668
1.20881 585.328
1.21495 581.327
1.22108 579.186
1.2272 573.377
1.23334 570.122
1.23949 568.663
1.24562 564.631
1.25174 560.993
1.25789 558.036
1.26402 555.251
1.27014 551.423
1.27628 548.076
1.28244 544.258
1.28858 542.716
1.29471 537.139
1.30084 535.112
1.30697 532.815
1.31312 528.289
1.31925 523.806
1.32537 522.674
1.33151 518.651
1.33765 515.311
1.34378 510.145
1.34992 509.146
1.35606 506.543
1.3622 501.177
1.36833 498.155
1.37445 497.218
1.38059 493.132
1.38675 488.504
1.39288 486.935
1.39901 484.135
1.40515 479.384
1.4113 475.529
1.41742 472.984
1.42355 472.424
1.4297 468.411
1.43585 466.121
1.44198 462.496
1.44809 459.097
1.45423 456.582
1.46036 454.484
1.46649 451.451
1.47263 449.158
1.47877 446.128
1.48491 443.741
1.49104 440.449
1.49718 436.286
1.50333 435.412
1.50947 431.562
1.5156 427.771
1.52172 426.155
1.52787 423.511
1.534 422.032
1.54013 418.694
1.54627 415.514
1.55241 414.082
1.55855 410.603
1.56467 408.817
1.5708 406.984
