0.00783031 4578.82
0.013688 5781.05
0.019231 4851.77
0.0249154 5091.89
0.0312784 6093.79
0.0375637 4541.3
0.0433917 4715.63
0.0492413 4295.58
0.0555754 4048.66
0.0619321 4056.33
0.067871 3578.11
0.0738098 3523.19
0.0800417 3098.66
0.0862327 2965.99
0.0921407 2897.46
0.0982031 2717.38
0.104506 2487.44
0.110769 2482.79
0.116806 2197.45
0.122832 2126.1
0.129052 2149.92
0.135211 1916.11
0.141259 1859.37
0.147318 1767.3
0.153489 1657.12
0.159709 1587.52
0.165845 1512.43
0.171974 1477.53
0.178125 1454.42
0.184229 1350.64
0.19034 1317.72
0.196428 1234.07
0.202534 1236.86
0.208729 1122.25
0.214876 1196.44
0.220989 1095.94
0.227147 1052.68
0.23329 1044.12
0.239377 957.515
0.245482 957.839
0.251667 893.197
0.257832 878.232
0.263955 862.363
0.270079 826.489
0.27624 808.704
0.282372 790.65
0.28843 764.063
0.294538 747.368
0.300721 714.136
0.30691 695.013
0.313033 690.94
0.319153 664.595
0.325316 655
0.33145 631.862
0.337538 606.666
0.343633 600.129
0.349808 575.97
0.355968 535.015
0.362074 539.78
0.368217 541.307
0.374374 523.82
0.380519 505.342
0.386598 486.686
0.392688 472.439
0.39888 466.294
0.405048 449.974
0.411186 437.326
0.417313 432.234
0.423458 415.638
0.429607 408.82
0.435692 398.991
0.441815 398.06
0.447964 388.436
0.454126 369.314
0.460267 358.873
0.466387 352.681
0.47254 343.892
0.478662 331.505
0.484765 331.015
0.490885 312.551
0.497035 317.131
0.503198 304.56
0.509342 297.453
0.515458 296.387
0.521598 275.584
0.527764 278.358
0.533884 269.102
0.54 269.721
0.546137 261.761
0.552299 244.872
0.558452 249.866
0.564573 245.858
0.570708 230.154
0.576825 235.708
0.582926 229.157
0.589034 219.984
0.595184 213.021
0.601379 207.675
0.607522 196.165
0.613639 196.391
0.619772 195.423
0.625918 187.796
0.632068 191.831
0.638161 182.1
0.6443 177.267
0.650464 171.645
0.656582 174.286
0.662703 161.698
0.668861 162.154
0.675024 155.857
0.681124 153.495
0.687237 149.437
0.693381 146.87
0.699536 141.535
0.705665 137.417
0.711789 131.457
0.717957 133.638
0.72409 125.45
0.730186 126.225
0.736317 122.714
0.742472 116.332
0.748622 115.534
0.75476 111.399
0.760888 108.408
0.767043 106.836
0.773185 102.654
0.779291 99.811
0.785407 97.6372
0.791564 94.147
0.797719 91.2403
0.803834 88.2857
0.809972 91.8897
0.816124 84.3279
0.822261 80.4919
0.828378 76.6603
0.834502 77.86
0.840667 70.8606
0.846816 68.7606
0.852925 68.527
0.859047 65.2425
0.865192 64.8823
0.871341 62.4225
0.877463 58.6954
0.883569 56.8425
0.889708 54.756
0.895864 53.6283
0.902008 51.2786
0.908149 49.2567
0.914301 46.688
0.920448 44.9434
0.926574 41.7421
0.932687 40.9597
0.938823 38.9622
0.944975 35.4404
0.951105 35.9519
0.957225 34.4907
0.963368 31.6143
0.969511 28.8251
0.975621 29.6309
0.981748 30.2818
0.987916 25.7652
0.99406 23.4876
1.00019 22.3328
1.00632 19.6262
1.01246 19.76
1.01859 17.7071
1.02471 15.9775
1.03085 15.0416
1.03698 14.9626
1.04314 11.8214
1.04929 9.75835
1.05541 6.76738
1.06154 8.01943
1.06769 3.91174
1.07382 3.92423
1.07993 4.19996
1.08607 2.12157
1.09222 1.95115
1.09836 -1.38368
1.10449 -0.600206
1.11063 -3.00488
1.11677 -7.22664
1.1229 -5.60524
1.12903 -6.90859
1.13518 -6.22421
1.14131 -8.7205
1.14745 -8.79377
1.15359 -10.2638
1.15973 -11.5753
1.16584 -13.8253
1.17197 -13.4679
1.17811 -16.0853
1.18424 -14.7666
1.19038 -16.2045
1.19652 -20.0882
1.20267 -18.065
1.20881 -19.4419
1.21495 -21.5175
1.22108 -21.7697
1.2272 -21.6676
1.23334 -24.363
1.23949 -24.499
1.24562 -25.4158
1.25174 -23.8653
1.25789 -26.8945
1.26402 -27.8758
1.27014 -26.4664
1.27628 -27.3576
1.28244 -27.4273
1.28858 -29.7564
1.29471 -30.8415
1.30084 -31.4195
1.30697 -32.2329
1.31312 -33.0786
1.31925 -33.238
1.32537 -33.8202
1.33151 -32.6939
1.33765 -35.1691
1.34378 -35.7741
1.34992 -34.5435
1.35606 -38.3927
1.3622 -36.7882
1.36833 -38.6911
1.37445 -37.0704
1.38059 -39.5926
1.38675 -38.8553
1.39288 -40.9086
1.39901 -40.628
1.40515 -39.1235
1.4113 -40.7062
1.41742 -40.1495
1.42355 -42.6116
1.4297 -41.8826
1.43585 -41.46
1.44198 -44.8811
1.44809 -41.8697
1.45423 -42.1263
1.46036 -44.5282
1.46649 -43.7228
1.47263 -44.5584
1.47877 -45.1866
1.48491 -45.5215
1.49104 -46.6153
1.49718 -45.3808
1.50333 -45.383
1.50947 -46.3438
1.5156 -47.8875
1.52172 -47.4232
1.52787 -47.8149
1.534 -48.1446
1.54013 -46.7458
1.54627 -47.2649
1.55241 -48.6164
1.55855 -47.9647
1.56467 -48.5792
1.5708 -49.204
