0.00783031 -182.018
0.013688 -225.845
0.019231 -231.686
0.0249154 -227.323
0.0312784 -200.366
0.0375637 -179.084
0.0433917 -160.31
0.0492413 -148.03
0.0555754 -139.202
0.0619321 -144.84
0.067871 -139.014
0.0738098 -141.897
0.0800417 -131.825
0.0862327 -119.132
0.0921407 -116.808
0.0982031 -116.302
0.104506 -111.539
0.110769 -110.14
0.116806 -112.303
0.122832 -113.213
0.129052 -109.499
0.135211 -109.042
0.141259 -107.496
0.147318 -110.122
0.153489 -104.031
0.159709 -101.809
0.165845 -102.351
0.171974 -99.5085
0.178125 -99.6798
0.184229 -102.793
0.19034 -101.609
0.196428 -101.42
0.202534 -104.025
0.208729 -99.5917
0.214876 -99.9753
0.220989 -100.208
0.227147 -99.214
0.23329 -98.6789
0.239377 -98.3763
0.245482 -99.517
0.251667 -98.1791
0.257832 -97.5506
0.263955 -97.0789
0.270079 -98.369
0.27624 -95.3531
0.282372 -94.5481
0.28843 -95.7202
0.294538 -94.4487
0.300721 -95.6268
0.30691 -95.354
0.313033 -94.5218
0.319153 -94.7845
0.325316 -93.5024
0.33145 -93.321
0.337538 -94.1708
0.343633 -92.4057
0.349808 -92.779
0.355968 -93.1585
0.362074 -92.562
0.368217 -90.9329
0.374374 -91.4077
0.380519 -90.5601
0.386598 -90.1453
0.392688 -92.3277
0.39888 -91.0712
0.405048 -90.1451
0.411186 -89.8084
0.417313 -91.0361
0.423458 -88.8717
0.429607 -88.9569
0.435692 -88.5988
0.441815 -86.6624
0.447964 -87.472
0.454126 -87.8315
0.460267 -88.5085
0.466387 -86.3022
0.47254 -86.9216
0.478662 -87.4398
0.484765 -86.7711
0.490885 -85.7096
0.497035 -84.6882
0.503198 -83.8292
0.509342 -84.3715
0.515458 -84.0324
0.521598 -84.4621
0.527764 -84.1049
0.533884 -82.9668
0.54 -82.3068
0.546137 -82.8361
0.552299 -82.8325
0.558452 -82.3373
0.564573 -80.9813
0.570708 -81.6229
0.576825 -80.1178
0.582926 -80.6375
0.589034 -80.2217
0.595184 -79.3832
0.601379 -79.2602
0.607522 -78.9733
0.613639 -78.9896
0.619772 -78.5702
0.625918 -79.0088
0.632068 -77.2255
0.638161 -77.3564
0.6443 -77.6869
0.650464 -76.0188
0.656582 -75.9668
0.662703 -76.1219
0.668861 -75.5642
0.675024 -75.4334
0.681124 -75.222
0.687237 -74.2508
0.693381 -74.166
0.699536 -73.7189
0.705665 -73.5789
0.711789 -73.6739
0.717957 -72.6516
0.72409 -72.8816
0.730186 -71.8076
0.736317 -71.837
0.742472 -71.5744
0.748622 -71.2286
0.75476 -70.9977
0.760888 -69.5102
0.767043 -70.8162
0.773185 -70.282
0.779291 -70.1267
0.785407 -69.1252
0.791564 -69.1333
0.797719 -68.91
0.803834 -68.6598
0.809972 -67.5164
0.816124 -67.621
0.822261 -67.1498
0.828378 -67.2384
0.834502 -66.559
0.840667 -66.9368
0.846816 -65.7822
0.852925 -65.6044
0.859047 -64.6926
0.865192 -64.8836
0.871341 -64.5357
0.877463 -63.8086
0.883569 -63.5292
0.889708 -63.0857
0.895864 -62.7347
0.902008 -63.5107
0.908149 -62.3952
0.914301 -62.3403
0.920448 -61.2494
0.926574 -61.5572
0.932687 -61.266
0.938823 -60.9205
0.944975 -60.7756
0.951105 -60.0414
0.957225 -59.4097
0.963368 -59.5221
0.969511 -59.6672
0.975621 -58.3439
0.981748 -58.5895
0.987916 -58.2413
0.99406 -57.6633
1.00019 -57.1801
1.00632 -57.025
1.01246 -56.6473
1.01859 -56.3379
1.02471 -56.3139
1.03085 -55.6962
1.03698 -55.6001
1.04314 -55.079
1.04929 -54.8124
1.05541 -55.033
1.06154 -53.7676
1.06769 -54.2851
1.07382 -53.8747
1.07993 -53.015
1.08607 -52.5085
1.09222 -52.6511
1.09836 -52.3527
1.10449 -51.5718
1.11063 -51.7479
1.11677 -51.1506
1.1229 -51.2454
1.12903 -50.6724
1.13518 -50.5865
1.14131 -50.0174
1.14745 -50.1496
1.15359 -49.3254
1.15973 -48.7691
1.16584 -49.4726
1.17197 -48.6503
1.17811 -48.3986
1.18424 -48.1577
1.19038 -48.2133
1.19652 -47.8222
1.20267 -47.2172
1.20881 -46.5144
1.21495 -46.8048
1.22108 -46.9048
1.2272 -46.3605
1.23334 -46.0028
1.23949 -45.4158
1.24562 -45.2874
1.25174 -44.826
1.25789 -44.5718
1.26402 -44.5691
1.27014 -44.3784
1.27628 -43.6937
1.28244 -43.7416
1.28858 -43.6138
1.29471 -43.1011
1.30084 -43.0192
1.30697 -42.8812
1.31312 -42.2056
1.31925 -41.9102
1.32537 -41.862
1.33151 -41.4329
1.33765 -40.9833
1.34378 -40.7615
1.34992 -40.9437
1.35606 -40.7355
1.3622 -40.0046
1.36833 -39.9605
1.37445 -40.0667
1.38059 -39.6905
1.38675 -39.0304
1.39288 -39.3127
1.39901 -39.0958
1.40515 -38.3861
1.4113 -38.1907
1.41742 -38.2308
1.42355 -37.8775
1.4297 -37.7221
1.43585 -37.6469
1.44198 -37.1701
1.44809 -37.0206
1.45423 -36.7907
1.46036 -36.5846
1.46649 -36.5459
1.47263 -36.256
1.47877 -35.8527
1.48491 -36.0877
1.49104 -35.5225
1.49718 -35.2703
1.50333 -34.8827
1.50947 -34.6818
1.5156 -34.9703
1.52172 -34.3727
1.52787 -34.4084
1.534 -34.121
1.54013 -33.758
1.54627 -33.3153
1.55241 -33.3577
1.55855 -33.0539
1.56467 -32.9599
1.5708 -32.6097
