0.00783031 3664.58
0.013688 -157.775
0.019231 606.091
0.0249154 -808.207
0.0312784 -1063.74
0.0375637 934.295
0.0433917 1176.82
0.0492413 775.425
0.0555754 665.216
0.0619321 610.429
0.067871 944.914
0.0738098 1118.44
0.0800417 1625.4
0.0862327 1276.53
0.0921407 1359.05
0.0982031 1666.38
0.104506 1518.81
0.110769 1515.31
0.116806 1608.97
0.122832 1670.99
0.129052 1742.66
0.135211 1692.8
0.141259 1845.29
0.147318 1770.34
0.153489 1948
0.159709 1824.51
0.165845 1930.26
0.171974 1873.84
0.178125 1936.45
0.184229 1904.97
0.19034 1994.7
0.196428 1917.98
0.202534 2040.88
0.208729 1914.45
0.214876 1978.52
0.220989 1987.28
0.227147 1987.61
0.23329 2056.63
0.239377 1956.26
0.245482 1974.29
0.251667 2059.85
0.257832 2032.95
0.263955 1991.51
0.270079 1969.76
0.27624 2032.23
0.282372 1984.96
0.28843 1983.24
0.294538 1986.32
0.300721 1984.63
0.30691 1984.64
0.313033 1964.91
0.319153 1962.65
0.325316 1979.23
0.33145 1977.09
0.337538 1954.74
0.343633 1970.67
0.349808 1928.67
0.355968 1978.57
0.362074 1946.43
0.368217 1933.68
0.374374 1960.04
0.380519 1967.65
0.386598 1931.47
0.392688 1956.58
0.39888 1956.99
0.405048 1926.72
0.411186 1915.65
0.417313 1928.12
0.423458 1912.09
0.429607 1901.08
0.435692 1925.56
0.441815 1900.18
0.447964 1906.84
0.454126 1893.72
0.460267 1903.58
0.466387 1896.77
0.47254 1860.72
0.478662 1881.05
0.484765 1864.62
0.490885 1854.68
0.497035 1848.58
0.503198 1851.26
0.509342 1849.61
0.515458 1848.19
0.521598 1828.38
0.527764 1846.32
0.533884 1822.36
0.54 1836.92
0.546137 1811.65
0.552299 1814.05
0.558452 1818.21
0.564573 1800.22
0.570708 1800.29
0.576825 1783.05
0.582926 1795.88
0.589034 1800.24
0.595184 1784.62
0.601379 1774.23
0.607522 1766.17
0.613639 1771.42
0.619772 1762.99
0.625918 1741.9
0.632068 1748.9
0.638161 1744.78
0.6443 1732.66
0.650464 1734.62
0.656582 1723.81
0.662703 1724.95
0.668861 1722.15
0.675024 1723.58
0.681124 1701.52
0.687237 1704.65
0.693381 1682.72
0.699536 1692.78
0.705665 1690.87
0.711789 1679.72
0.717957 1675.83
0.72409 1662.89
0.730186 1671.29
0.736317 1649.49
0.742472 1661.12
0.748622 1646.61
0.75476 1639.17
0.760888 1639.54
0.767043 1634.08
0.773185 1624.07
0.779291 1624.11
0.785407 1621.97
0.791564 1609.21
0.797719 1597.8
0.803834 1593.06
0.809972 1588.26
0.816124 1583.02
0.822261 1573.65
0.828378 1566.23
0.834502 1569.16
0.840667 1557.35
0.846816 1556.1
0.852925 1554.76
0.859047 1546.16
0.865192 1546.85
0.871341 1538.47
0.877463 1526.57
0.883569 1519.5
0.889708 1507.52
0.895864 1509.97
0.902008 1498.14
0.908149 1498.75
0.914301 1493.09
0.920448 1485.54
0.926574 1476.65
0.932687 1476.08
0.938823 1471.51
0.944975 1457.28
0.951105 1453.76
0.957225 1455.34
0.963368 1441.58
0.969511 1438.39
0.975621 1441.03
0.981748 1426.85
0.987916 1427.16
0.99406 1423.24
1.00019 1413.77
1.00632 1409.13
1.01246 1403.64
1.01859 1391.36
1.02471 1396.84
1.03085 1382.23
1.03698 1384.71
1.04314 1374.06
1.04929 1360.61
1.05541 1369.33
1.06154 1361.4
1.06769 1348.53
1.07382 1354.13
1.07993 1348.2
1.08607 1338.56
1.09222 1335.65
1.09836 1329.32
1.10449 1328.09
1.11063 1326.33
1.11677 1313.75
1.1229 1311.13
1.12903 1309.42
1.13518 1297.17
1.14131 1291.85
1.14745 1288.54
1.15359 1285.09
1.15973 1274.49
1.16584 1276.55
1.17197 1262.24
1.17811 1266.72
1.18424 1258.86
1.19038 1250.32
1.19652 1245.7
1.20267 1244.75
1.20881 1238.34
1.21495 1235.7
1.22108 1228.91
1.2272 1225.03
1.23334 1212.69
1.23949 1214.01
1.24562 1209.91
1.25174 1202.01
1.25789 1197.21
1.26402 1190.59
1.27014 1187.91
1.27628 1180.61
1.28244 1178.45
1.28858 1170.4
1.29471 1167.45
1.30084 1160.58
1.30697 1159.18
1.31312 1154.66
1.31925 1150.23
1.32537 1142.88
1.33151 1133.07
1.33765 1134.43
1.34378 1128.34
1.34992 1122.42
1.35606 1120.24
1.3622 1112.02
1.36833 1108.74
1.37445 1102.33
1.38059 1102.2
1.38675 1094.64
1.39288 1093.94
1.39901 1087.87
1.40515 1081.03
1.4113 1080.86
1.41742 1067.88
1.42355 1064.21
1.4297 1061.74
1.43585 1058.64
1.44198 1054.35
1.44809 1049.18
1.45423 1047.66
1.46036 1045.22
1.46649 1037.31
1.47263 1032.45
1.47877 1031.15
1.48491 1025.4
1.49104 1022.45
1.49718 1017.58
1.50333 1014.26
1.50947 1005.69
1.5156 1002.07
1.52172 999.202
1.52787 997.094
1.534 992.435
1.54013 984.711
1.54627 984.394
1.55241 976.164
1.55855 977.911
1.56467 969.085
1.5708 963.871
