0.00783031 -1.5497
0.013688 -16.992
0.019231 -3.03853
0.0249154 -2.77127
0.0312784 7.84001
0.0375637 3.96206
0.0433917 7.7192
0.0492413 1.94844
0.0555754 8.88692
0.0619321 11.0467
0.067871 10.3012
0.0738098 11.4895
0.0800417 15.1955
0.0862327 13.1147
0.0921407 15.4511
0.0982031 16.4465
0.104506 15.9037
0.110769 20.2431
0.116806 19.2416
0.122832 21.2227
0.129052 21.3944
0.135211 23.6268
0.141259 24.4075
0.147318 20.6906
0.153489 22.4563
0.159709 24.8261
0.165845 24.9795
0.171974 24.2769
0.178125 25.9858
0.184229 27.5751
0.19034 27.5541
0.196428 22.1925
0.202534 27.0074
0.208729 26.8918
0.214876 25.8412
0.220989 27.6939
0.227147 26.7657
0.23329 28.6533
0.239377 26.2796
0.245482 25.0374
0.251667 28.8937
0.257832 26.8323
0.263955 27.1387
0.270079 30.7473
0.27624 29.9033
0.282372 29.2054
0.28843 26.3421
0.294538 27.7449
0.300721 25.54
0.30691 27.2064
0.313033 27.202
0.319153 24.4335
0.325316 25.0177
0.33145 24.0789
0.337538 24.7601
0.343633 25.7785
0.349808 24.4021
0.355968 22.3561
0.362074 22.1555
0.368217 25.4237
0.374374 23.5772
0.380519 24.158
0.386598 21.6827
0.392688 20.5796
0.39888 21.5891
0.405048 21.8276
0.411186 19.1365
0.417313 20.7706
0.423458 21.3396
0.429607 21.1686
0.435692 20.9318
0.441815 20.3364
0.447964 18.0599
0.454126 20.4695
0.460267 19.7091
0.466387 16.6255
0.47254 17.4096
0.478662 17.2011
0.484765 17.8421
0.490885 16.9727
0.497035 18.1165
0.503198 16.8347
0.509342 15.5195
0.515458 13.3384
0.521598 14.6579
0.527764 12.6572
0.533884 13.1132
0.54 11.1092
0.546137 13.2707
0.552299 9.6121
0.558452 13.2568
0.564573 8.26416
0.570708 9.60081
0.576825 9.40228
0.582926 7.49016
0.589034 8.78713
0.595184 7.16238
0.601379 6.45416
0.607522 4.07555
0.613639 7.72679
0.619772 5.45006
0.625918 5.64759
0.632068 4.05136
0.638161 2.77248
0.6443 3.63092
0.650464 2.89835
0.656582 2.03312
0.662703 0.591788
0.668861 1.64374
0.675024 0.924598
0.681124 -1.85861
0.687237 -0.732839
0.693381 -2.06896
0.699536 -0.215503
0.705665 -1.31353
0.711789 -3.01139
0.717957 -2.57738
0.72409 -2.29507
0.730186 -4.87092
0.736317 -6.01997
0.742472 -6.42333
0.748622 -6.30682
0.75476 -7.10197
0.760888 -6.02397
0.767043 -6.63557
0.773185 -10.0375
0.779291 -8.80531
0.785407 -9.48613
0.791564 -9.17606
0.797719 -8.78366
0.803834 -10.7918
0.809972 -8.96774
0.816124 -11.6953
0.822261 -9.70183
0.828378 -12.0812
0.834502 -10.3838
0.840667 -13.6664
0.846816 -12.4987
0.852925 -12.7763
0.859047 -14.5754
0.865192 -13.4284
0.871341 -13.5093
0.877463 -14.3195
0.883569 -14.9723
0.889708 -15.8432
0.895864 -15.5606
0.902008 -15.5384
0.908149 -17.2858
0.914301 -16.6376
0.920448 -17.3292
0.926574 -17.1671
0.932687 -16.9544
0.938823 -19.2993
0.944975 -18.1585
0.951105 -19.8757
0.957225 -19.1794
0.963368 -19.3259
0.969511 -19.7557
0.975621 -18.8485
0.981748 -20.7929
0.987916 -19.0169
0.99406 -19.6888
1.00019 -20.0796
1.00632 -19.8789
1.01246 -20.6165
1.01859 -21.0192
1.02471 -21.6988
1.03085 -21.8098
1.03698 -23.244
1.04314 -22.2674
1.04929 -22.9312
1.05541 -22.6832
1.06154 -23.9633
1.06769 -22.1488
1.07382 -22.0784
1.07993 -22.3027
1.08607 -23.7825
1.09222 -23.3151
1.09836 -23.4305
1.10449 -23.776
1.11063 -24.695
1.11677 -24.3188
1.1229 -24.8692
1.12903 -22.9304
1.13518 -23.6341
1.14131 -24.4147
1.14745 -24.5518
1.15359 -25.6638
1.15973 -24.497
1.16584 -24.7749
1.17197 -24.5174
1.17811 -25.4457
1.18424 -24.4865
1.19038 -24.7416
1.19652 -24.7368
1.20267 -25.2186
1.20881 -26.1227
1.21495 -25.2325
1.22108 -24.9367
1.2272 -25.193
1.23334 -26.6398
1.23949 -26.4847
1.24562 -24.9847
1.25174 -25.8266
1.25789 -25.9318
1.26402 -26.4176
1.27014 -25.3713
1.27628 -27.4434
1.28244 -25.5733
1.28858 -26.3705
1.29471 -26.836
1.30084 -26.2182
1.30697 -26.5889
1.31312 -26.8582
1.31925 -26.0532
1.32537 -27.5649
1.33151 -26.2755
1.33765 -27.18
1.34378 -27.5156
1.34992 -25.5703
1.35606 -26.3532
1.3622 -27.0817
1.36833 -27.2318
1.37445 -26.4925
1.38059 -27.0169
1.38675 -26.657
1.39288 -27.3678
1.39901 -26.4854
1.40515 -27.7879
1.4113 -27.5728
1.41742 -27.259
1.42355 -27.4797
1.4297 -26.6713
1.43585 -27.6248
1.44198 -27.5828
1.44809 -27.6561
1.45423 -26.6475
1.46036 -27.4307
1.46649 -27.4288
1.47263 -26.9656
1.47877 -27.5391
1.48491 -27.0368
1.49104 -27.1753
1.49718 -27.4934
1.50333 -27.693
1.50947 -28.0576
1.5156 -27.1157
1.52172 -27.3653
1.52787 -27.2622
1.534 -26.65
1.54013 -28.5268
1.54627 -27.444
1.55241 -27.7085
1.55855 -27.5531
1.56467 -27.4415
1.5708 -27.8741
