0.00783031 20346
0.013688 25061.2
0.019231 25500.9
0.0249154 23229.1
0.0312784 20037.4
0.0375637 16942.7
0.0433917 14054.8
0.0492413 12800.3
0.0555754 12008.4
0.0619321 10882.2
0.067871 10004.9
0.0738098 9463.86
0.0800417 8329.2
0.0862327 7534.56
0.0921407 6686.5
0.0982031 5868.24
0.104506 5398.87
0.110769 5079
0.116806 4603.33
0.122832 4353.75
0.129052 4198.92
0.135211 4087.49
0.141259 3572.01
0.147318 3425.46
0.153489 3200.66
0.159709 2973.63
0.165845 2813.99
0.171974 2702.21
0.178125 2567.33
0.184229 2387.75
0.19034 2326.3
0.196428 2176.49
0.202534 2078.36
0.208729 1999.87
0.214876 1926
0.220989 1825.57
0.227147 1767.95
0.23329 1705.15
0.239377 1640.46
0.245482 1565.42
0.251667 1500.78
0.257832 1443.92
0.263955 1383.03
0.270079 1343.95
0.27624 1319.6
0.282372 1271.95
0.28843 1210.98
0.294538 1191.47
0.300721 1157.19
0.30691 1108.59
0.313033 1083.84
0.319153 1037.78
0.325316 1015.23
0.33145 986.359
0.337538 973.78
0.343633 935.87
0.349808 910.65
0.355968 882.913
0.362074 864.818
0.368217 845.752
0.374374 821.429
0.380519 797.462
0.386598 784.262
0.392688 760.875
0.39888 747.597
0.405048 728.604
0.411186 704.589
0.417313 698.811
0.423458 675.437
0.429607 661.77
0.435692 647.257
0.441815 631.821
0.447964 620.728
0.454126 606.603
0.460267 596.636
0.466387 582.613
0.47254 565.668
0.478662 565.028
0.484765 545.582
0.490885 538.297
0.497035 529.67
0.503198 518.926
0.509342 512.747
0.515458 497.369
0.521598 487.31
0.527764 478.786
0.533884 471.413
0.54 460.457
0.546137 453.044
0.552299 447.258
0.558452 439.804
0.564573 430.338
0.570708 423.832
0.576825 418.322
0.582926 407.689
0.589034 402.727
0.595184 393.141
0.601379 387.731
0.607522 383.303
0.613639 376.082
0.619772 369.403
0.625918 366.789
0.632068 363.467
0.638161 355.477
0.6443 350.794
0.650464 344.887
0.656582 336.571
0.662703 334.353
0.668861 328.481
0.675024 326.182
0.681124 320.552
0.687237 315.733
0.693381 309.54
0.699536 306.522
0.705665 302.494
0.711789 296.798
0.717957 295.51
0.72409 289.261
0.730186 289.308
0.736317 283.963
0.742472 279.477
0.748622 276.961
0.75476 272.639
0.760888 268.687
0.767043 265.959
0.773185 263.097
0.779291 260.597
0.785407 256.338
0.791564 253.636
0.797719 251.083
0.803834 246.823
0.809972 244.63
0.816124 240.086
0.822261 238.704
0.828378 236.917
0.834502 233.103
0.840667 229.459
0.846816 227.895
0.852925 225.418
0.859047 222.503
0.865192 220.205
0.871341 217.921
0.877463 214.769
0.883569 213.48
0.889708 211.34
0.895864 208.735
0.902008 206.354
0.908149 204.112
0.914301 202.743
0.920448 200.98
0.926574 199.193
0.932687 196.79
0.938823 194.792
0.944975 193.756
0.951105 191.267
0.957225 190.538
0.963368 188.151
0.969511 186.29
0.975621 184.783
0.981748 183.349
0.987916 182.418
0.99406 180.463
1.00019 179.854
1.00632 178.278
1.01246 175.636
1.01859 175.038
1.02471 174.581
1.03085 171.351
1.03698 170.603
1.04314 169.054
1.04929 167.624
1.05541 167.516
1.06154 165.81
1.06769 164.144
1.07382 164.213
1.07993 162.218
1.08607 161.603
1.09222 159.728
1.09836 159.222
1.10449 158.584
1.11063 156.609
1.11677 156.141
1.1229 154.611
1.12903 154.188
1.13518 152.873
1.14131 151.712
1.14745 151.544
1.15359 150.217
1.15973 149.797
1.16584 148.533
1.17197 147.783
1.17811 147.034
1.18424 145.576
1.19038 144.614
1.19652 144.265
1.20267 142.631
1.20881 142.08
1.21495 141.066
1.22108 140.419
1.2272 139.733
1.23334 138.905
1.23949 137.883
1.24562 137.343
1.25174 136.263
1.25789 135.662
1.26402 134.555
1.27014 134.31
1.27628 133.064
1.28244 132.229
1.28858 131.971
1.29471 130.816
1.30084 130.38
1.30697 129.955
1.31312 128.567
1.31925 128.17
1.32537 127.957
1.33151 127.028
1.33765 126.061
1.34378 125.555
1.34992 124.696
1.35606 123.948
1.3622 123.007
1.36833 122.494
1.37445 122.022
1.38059 121.434
1.38675 121.275
1.39288 120.359
1.39901 119.961
1.40515 119
1.4113 118.266
1.41742 118.087
1.42355 117.294
1.4297 116.806
1.43585 116.43
1.44198 115.958
1.44809 114.932
1.45423 114.157
1.46036 114.361
1.46649 113.26
1.47263 112.616
1.47877 112.183
1.48491 111.722
1.49104 111.081
1.49718 110.526
1.50333 110.024
1.50947 109.824
1.5156 109.373
1.52172 108.887
1.52787 108.388
1.534 107.616
1.54013 107.209
1.54627 106.798
1.55241 106.494
1.55855 105.911
1.56467 105.834
1.5708 104.798
