0.00783031 3650.68
0.013688 4359.27
0.019231 4392.98
0.0249154 3403.79
0.0312784 2812.27
0.0375637 2878.05
0.0433917 2699.82
0.0492413 2587.26
0.0555754 2300.82
0.0619321 2252.65
0.067871 1999.39
0.0738098 2086.8
0.0800417 1817.72
0.0862327 1860.62
0.0921407 1583.24
0.0982031 1686.97
0.104506 1571.56
0.110769 1436.06
0.116806 1419.14
0.122832 1314.4
0.129052 1262.09
0.135211 1211.68
0.141259 1188.3
0.147318 1109.02
0.153489 1106.24
0.159709 1039.52
0.165845 990.546
0.171974 952.831
0.178125 941.216
0.184229 914.332
0.19034 875.375
0.196428 844.658
0.202534 823.105
0.208729 794.082
0.214876 774.663
0.220989 761.717
0.227147 711.351
0.23329 709.187
0.239377 692.592
0.245482 654.885
0.251667 638.24
0.257832 629.145
0.263955 619.232
0.270079 598.803
0.27624 582.514
0.282372 574.188
0.28843 559.884
0.294538 545.908
0.300721 532.255
0.30691 513.397
0.313033 499.452
0.319153 492.085
0.325316 487.076
0.33145 472.466
0.337538 464.31
0.343633 450.489
0.349808 449.341
0.355968 438.802
0.362074 423.209
0.368217 415.615
0.374374 407.168
0.380519 399.832
0.386598 393.186
0.392688 388.662
0.39888 377.494
0.405048 370.014
0.411186 366.496
0.417313 358.549
0.423458 352.219
0.429607 344.944
0.435692 343.969
0.441815 334.319
0.447964 330.322
0.454126 326.006
0.460267 321.028
0.466387 314.004
0.47254 311.268
0.478662 308.824
0.484765 302.003
0.490885 298.277
0.497035 292.835
0.503198 289.954
0.509342 287.694
0.515458 286.154
0.521598 279.16
0.527764 274.599
0.533884 273.543
0.54 271.148
0.546137 267.267
0.552299 264.01
0.558452 260.602
0.564573 259.492
0.570708 256.897
0.576825 252.871
0.582926 250.048
0.589034 248.231
0.595184 246.376
0.601379 244.685
0.607522 242.595
0.613639 237.939
0.619772 236.653
0.625918 235.086
0.632068 233.862
0.638161 231.785
0.6443 229.486
0.650464 228.247
0.656582 226.527
0.662703 224.868
0.668861 223.356
0.675024 221.652
0.681124 220.365
0.687237 219.098
0.693381 216.579
0.699536 217.706
0.705665 216.058
0.711789 214.471
0.717957 213.263
0.72409 213.226
0.730186 212.681
0.736317 210.38
0.742472 209.425
0.748622 208.245
0.75476 207.113
0.760888 206.404
0.767043 205.201
0.773185 205.473
0.779291 204.616
0.785407 202.956
0.791564 203.031
0.797719 203.436
0.803834 200.816
0.809972 200.38
0.816124 199.014
0.822261 199.265
0.828378 198.365
0.834502 198.545
0.840667 198.898
0.846816 196.673
0.852925 196.533
0.859047 196.788
0.865192 195.837
0.871341 195.325
0.877463 195.616
0.883569 194.337
0.889708 194.796
0.895864 194.028
0.902008 192.287
0.908149 192.612
0.914301 192.52
0.920448 192.018
0.926574 191.408
0.932687 191.547
0.938823 191.615
0.944975 190.988
0.951105 190.837
0.957225 190.501
0.963368 190.26
0.969511 189.715
0.975621 189.1
0.981748 188.395
0.987916 188.476
0.99406 187.792
1.00019 188.324
1.00632 188.199
1.01246 187.808
1.01859 187.727
1.02471 187.624
1.03085 186.841
1.03698 186.446
1.04314 185.699
1.04929 186.097
1.05541 185.374
1.06154 186.237
1.06769 185.312
1.07382 185.056
1.07993 184.708
1.08607 184.524
1.09222 184.693
1.09836 184.292
1.10449 185.732
1.11063 184.183
1.11677 184.411
1.1229 184.118
1.12903 183.896
1.13518 183.094
1.14131 183.712
1.14745 182.858
1.15359 183.24
1.15973 182.855
1.16584 182.875
1.17197 182.637
1.17811 182.542
1.18424 182.505
1.19038 181.747
1.19652 181.782
1.20267 181.909
1.20881 181.296
1.21495 181.814
1.22108 180.951
1.2272 181.04
1.23334 181.578
1.23949 180.625
1.24562 180.658
1.25174 180.614
1.25789 180.47
1.26402 180.451
1.27014 179.933
1.27628 179.518
1.28244 179.516
1.28858 180.606
1.29471 179.264
1.30084 179.972
1.30697 179.133
1.31312 178.683
1.31925 179.209
1.32537 179.102
1.33151 178.999
1.33765 178.649
1.34378 178.627
1.34992 178.072
1.35606 178.603
1.3622 178.981
1.36833 178.226
1.37445 177.735
1.38059 177.534
1.38675 177.997
1.39288 177.99
1.39901 177.15
1.40515 177.429
1.4113 178.065
1.41742 177.234
1.42355 177.154
1.4297 177.41
1.43585 177.297
1.44198 176.975
1.44809 176.991
1.45423 177.006
1.46036 176.615
1.46649 176.706
1.47263 176.107
1.47877 176.153
1.48491 176.394
1.49104 176.214
1.49718 175.223
1.50333 175.866
1.50947 175.603
1.5156 176.116
1.52172 175.501
1.52787 175.367
1.534 175.403
1.54013 175.299
1.54627 175.056
1.55241 175.063
1.55855 174.91
1.56467 175.137
1.5708 174.771
