0.00783031 22092.5
0.013688 27262.8
0.019231 27908.7
0.0249154 25441.7
0.0312784 22174.8
0.0375637 18886.4
0.0433917 15892
0.0492413 14639.4
0.0555754 13963.4
0.0619321 12761.5
0.067871 11889.2
0.0738098 11484.1
0.0800417 10198.8
0.0862327 9470.78
0.0921407 8468.84
0.0982031 7602.77
0.104506 7031.89
0.110769 6853.23
0.116806 6291.17
0.122832 6067.54
0.129052 5913.56
0.135211 5852.74
0.141259 5222.82
0.147318 5101.28
0.153489 4835.16
0.159709 4575.17
0.165845 4408.02
0.171974 4270.13
0.178125 4110.93
0.184229 3904.8
0.19034 3881.66
0.196428 3702.19
0.202534 3562.19
0.208729 3499.15
0.214876 3421.95
0.220989 3277.94
0.227147 3221.66
0.23329 3152.03
0.239377 3078.89
0.245482 2977.45
0.251667 2893.77
0.257832 2817.28
0.263955 2739.53
0.270079 2694.04
0.27624 2681.11
0.282372 2626.69
0.28843 2533.07
0.294538 2517.59
0.300721 2473.77
0.30691 2384.88
0.313033 2369.11
0.319153 2307.9
0.325316 2264.16
0.33145 2240.14
0.337538 2221.67
0.343633 2165.1
0.349808 2137.99
0.355968 2087.75
0.362074 2072.02
0.368217 2040.68
0.374374 2001.24
0.380519 1961.39
0.386598 1954.64
0.392688 1911.57
0.39888 1900.18
0.405048 1864.77
0.411186 1823.72
0.417313 1816.15
0.423458 1782.27
0.429607 1758
0.435692 1735.99
0.441815 1702.79
0.447964 1687.92
0.454126 1665.12
0.460267 1654.92
0.466387 1625.24
0.47254 1595.48
0.478662 1600.64
0.484765 1559.4
0.490885 1548.23
0.497035 1538.03
0.503198 1517.03
0.509342 1510.13
0.515458 1476.07
0.521598 1458.91
0.527764 1442.96
0.533884 1428.61
0.54 1412.52
0.546137 1393.77
0.552299 1385.76
0.558452 1370.58
0.564573 1353.28
0.570708 1345.05
0.576825 1333.03
0.582926 1309.48
0.589034 1304.98
0.595184 1278.09
0.601379 1269.55
0.607522 1265.94
0.613639 1247.53
0.619772 1232.94
0.625918 1230.51
0.632068 1227.01
0.638161 1211.94
0.6443 1200.77
0.650464 1185.17
0.656582 1166.13
0.662703 1162.34
0.668861 1146.62
0.675024 1147.49
0.681124 1135.37
0.687237 1124.66
0.693381 1107.85
0.699536 1104.08
0.705665 1095.21
0.711789 1076.37
0.717957 1080.53
0.72409 1067.96
0.730186 1063.72
0.736317 1059.09
0.742472 1044.67
0.748622 1035.47
0.75476 1029.92
0.760888 1016.37
0.767043 1011.04
0.773185 1005.98
0.779291 1000.82
0.785407 987.218
0.791564 985.598
0.797719 980.699
0.803834 969.495
0.809972 963.423
0.816124 952.824
0.822261 953.254
0.828378 941.636
0.834502 941.03
0.840667 930.892
0.846816 926.024
0.852925 917.316
0.859047 912.187
0.865192 907.5
0.871341 899.395
0.877463 889.979
0.883569 887.803
0.889708 881.465
0.895864 875.759
0.902008 865.175
0.908149 867.011
0.914301 856.416
0.920448 852.541
0.926574 850.801
0.932687 838.46
0.938823 832.269
0.944975 829.179
0.951105 823.21
0.957225 821.522
0.963368 811.126
0.969511 808.475
0.975621 804.315
0.981748 797.785
0.987916 795.068
0.99406 788.219
1.00019 785.082
1.00632 778.802
1.01246 771.893
1.01859 764.772
1.02471 762.668
1.03085 754.908
1.03698 752.753
1.04314 745.98
1.04929 739.463
1.05541 739.288
1.06154 733.543
1.06769 729.099
1.07382 725.233
1.07993 716.691
1.08607 718.15
1.09222 709.65
1.09836 705.36
1.10449 704.102
1.11063 697.918
1.11677 694.899
1.1229 689.701
1.12903 683.391
1.13518 681.047
1.14131 676.445
1.14745 670.973
1.15359 666.031
1.15973 662.152
1.16584 660.698
1.17197 657.413
1.17811 653.67
1.18424 647.989
1.19038 645.225
1.19652 641.026
1.20267 634.593
1.20881 635.121
1.21495 627.733
1.22108 627.197
1.2272 622.194
1.23334 620.03
1.23949 611.336
1.24562 610.18
1.25174 604.411
1.25789 603.927
1.26402 596.669
1.27014 593.902
1.27628 591.777
1.28244 589.668
1.28858 584.614
1.29471 581.715
1.30084 578.478
1.30697 574.243
1.31312 571.132
1.31925 567.087
1.32537 566.309
1.33151 562.158
1.33765 559.28
1.34378 557.779
1.34992 552.641
1.35606 551.606
1.3622 546.616
1.36833 545.081
1.37445 540.535
1.38059 537.844
1.38675 536.479
1.39288 531.515
1.39901 531.216
1.40515 526.813
1.4113 524.243
1.41742 521.863
1.42355 518.689
1.4297 515.907
1.43585 513.856
1.44198 511.657
1.44809 509.279
1.45423 504.347
1.46036 504.689
1.46649 500.981
1.47263 497.231
1.47877 494.524
1.48491 493.281
1.49104 491.024
1.49718 487.916
1.50333 484.885
1.50947 483.272
1.5156 481.719
1.52172 480.056
1.52787 478.033
1.534 475.088
1.54013 472.704
1.54627 471.118
1.55241 469.11
1.55855 468.097
1.56467 464.775
1.5708 462.044
