0.00783031 12.2836
0.013688 -6.77257
0.019231 -8.22699
0.0249154 5.59421
0.0312784 -1.37421
0.0375637 -0.124143
0.0433917 1.70287
0.0492413 3.39441
0.0555754 2.07674
0.0619321 3.84845
0.067871 4.72313
0.0738098 7.28711
0.0800417 6.39354
0.0862327 8.22962
0.0921407 7.34504
0.0982031 9.61045
0.104506 11.1109
0.110769 11.9381
0.116806 12.3654
0.122832 15.2169
0.129052 15.2269
0.135211 14.8
0.141259 17.5641
0.147318 16.6397
0.153489 18.0583
0.159709 20.1384
0.165845 20.7407
0.171974 21.714
0.178125 23.9205
0.184229 22.194
0.19034 24.0393
0.196428 25.3322
0.202534 26.8239
0.208729 26.6026
0.214876 27.5859
0.220989 28.2198
0.227147 29.0739
0.23329 29.5603
0.239377 30.4989
0.245482 30.1669
0.251667 32.2069
0.257832 31.8512
0.263955 31.3275
0.270079 32.7043
0.27624 32.6865
0.282372 33.1778
0.28843 34.6901
0.294538 35.6206
0.300721 34.3364
0.30691 34.8396
0.313033 34.931
0.319153 34.8996
0.325316 35.3134
0.33145 35.5252
0.337538 34.9774
0.343633 35.8967
0.349808 35.2935
0.355968 34.7906
0.362074 35.9697
0.368217 36.0487
0.374374 35.6401
0.380519 35.8882
0.386598 36.273
0.392688 36.3714
0.39888 36.5735
0.405048 36.6144
0.411186 35.8531
0.417313 34.8996
0.423458 36.0891
0.429607 35.5476
0.435692 34.4754
0.441815 34.3954
0.447964 34.4559
0.454126 34.5448
0.460267 34.1198
0.466387 33.6149
0.47254 32.9321
0.478662 33.1194
0.484765 32.3415
0.490885 31.6654
0.497035 32.0101
0.503198 32.016
0.509342 32.268
0.515458 30.8916
0.521598 30.2341
0.527764 29.6472
0.533884 29.3837
0.54 29.3031
0.546137 28.4598
0.552299 28.8338
0.558452 28.2686
0.564573 27.825
0.570708 27.761
0.576825 27.0082
0.582926 26.6887
0.589034 26.4027
0.595184 25.3896
0.601379 25.0842
0.607522 24.4458
0.613639 23.7678
0.619772 24.0092
0.625918 23.5691
0.632068 22.9563
0.638161 23.0059
0.6443 23.1846
0.650464 22.6256
0.656582 21.7254
0.662703 21.7352
0.668861 21.8383
0.675024 20.8674
0.681124 20.4984
0.687237 20.4108
0.693381 20.6124
0.699536 19.6171
0.705665 19.4759
0.711789 19.673
0.717957 19.0278
0.72409 18.5433
0.730186 18.5329
0.736317 18.1131
0.742472 18.0814
0.748622 18.4297
0.75476 17.7757
0.760888 17.3103
0.767043 17.1489
0.773185 17.1565
0.779291 16.7321
0.785407 16.7103
0.791564 16.8564
0.797719 16.4756
0.803834 16.3505
0.809972 16.6181
0.816124 16.2855
0.822261 16.178
0.828378 15.8695
0.834502 15.5583
0.840667 15.3418
0.846816 15.3428
0.852925 15.2823
0.859047 15.3629
0.865192 15.124
0.871341 14.7823
0.877463 14.7479
0.883569 14.5788
0.889708 14.5724
0.895864 14.6345
0.902008 14.0485
0.908149 14.4016
0.914301 14.2887
0.920448 13.8326
0.926574 13.5711
0.932687 13.9785
0.938823 13.9619
0.944975 13.7318
0.951105 13.9323
0.957225 13.5974
0.963368 13.5109
0.969511 13.3908
0.975621 13.6806
0.981748 13.495
0.987916 13.1617
0.99406 13.1868
1.00019 13.1408
1.00632 12.9884
1.01246 13.1693
1.01859 12.7702
1.02471 12.8796
1.03085 13.1618
1.03698 12.7652
1.04314 13.0487
1.04929 12.7215
1.05541 12.8322
1.06154 12.4214
1.06769 12.2603
1.07382 12.4209
1.07993 12.4598
1.08607 12.532
1.09222 12.4018
1.09836 12.4916
1.10449 12.4308
1.11063 12.4587
1.11677 12.215
1.1229 12.3871
1.12903 11.968
1.13518 12.236
1.14131 11.9907
1.14745 12.1935
1.15359 11.8227
1.15973 11.9524
1.16584 11.799
1.17197 11.8808
1.17811 12.1002
1.18424 11.6529
1.19038 11.7202
1.19652 11.6494
1.20267 11.725
1.20881 11.6581
1.21495 11.6951
1.22108 11.6397
1.2272 11.7635
1.23334 11.5774
1.23949 11.4169
1.24562 11.2199
1.25174 11.3141
1.25789 11.4445
1.26402 11.4405
1.27014 11.3462
1.27628 11.1533
1.28244 11.1326
1.28858 11.0376
1.29471 11.1179
1.30084 11.0787
1.30697 10.7624
1.31312 11.0533
1.31925 10.8928
1.32537 11.1116
1.33151 10.7882
1.33765 10.7876
1.34378 10.6395
1.34992 10.5417
1.35606 10.4294
1.3622 10.6519
1.36833 10.4837
1.37445 10.4835
1.38059 10.4948
1.38675 10.5
1.39288 10.6339
1.39901 10.1186
1.40515 10.4563
1.4113 10.0713
1.41742 10.3165
1.42355 10.3626
1.4297 10.1669
1.43585 10.2627
1.44198 10.2178
1.44809 9.92962
1.45423 10.104
1.46036 10.1227
1.46649 9.92655
1.47263 9.74478
1.47877 9.80437
1.48491 9.89752
1.49104 9.68712
1.49718 9.70936
1.50333 9.68012
1.50947 9.57645
1.5156 9.43382
1.52172 9.60362
1.52787 9.68828
1.534 9.36771
1.54013 9.47451
1.54627 9.3084
1.55241 9.47429
1.55855 9.00528
1.56467 9.03271
1.5708 9.06949
