0.00783031 8402.61
0.013688 5146.47
0.019231 5255.93
0.0249154 5330.04
0.0312784 5278.48
0.0375637 4504.75
0.0433917 4321.03
0.0492413 4272.77
0.0555754 4090.8
0.0619321 4002.62
0.067871 3606.69
0.0738098 3290.41
0.0800417 3100.37
0.0862327 2926.06
0.0921407 2775.23
0.0982031 2490.96
0.104506 2497.17
0.110769 2205.06
0.116806 2152.35
0.122832 2088.44
0.129052 1969.34
0.135211 1847.89
0.141259 1856.21
0.147318 1700.9
0.153489 1595.55
0.159709 1469.71
0.165845 1483.15
0.171974 1406.35
0.178125 1382.41
0.184229 1257.99
0.19034 1263.1
0.196428 1179.01
0.202534 1097.33
0.208729 1072.69
0.214876 1047.33
0.220989 995.036
0.227147 950.69
0.23329 902.676
0.239377 859.673
0.245482 823.468
0.251667 806.076
0.257832 762.165
0.263955 748.93
0.270079 727.665
0.27624 689.674
0.282372 648.514
0.28843 627.065
0.294538 642.533
0.300721 584.333
0.30691 575.677
0.313033 565.523
0.319153 532.626
0.325316 532.844
0.33145 499.532
0.337538 483.412
0.343633 454.771
0.349808 453.784
0.355968 421.898
0.362074 422.455
0.368217 399.715
0.374374 386.433
0.380519 381.827
0.386598 377.337
0.392688 355.188
0.39888 341.373
0.405048 319.738
0.411186 320.742
0.417313 305.575
0.423458 292.603
0.429607 282.861
0.435692 278.096
0.441815 265.701
0.447964 263.586
0.454126 252.697
0.460267 243.034
0.466387 229.73
0.47254 228.319
0.478662 222.805
0.484765 217.887
0.490885 206.084
0.497035 202.676
0.503198 194.743
0.509342 189.53
0.515458 180.393
0.521598 169.889
0.527764 169.9
0.533884 158.851
0.54 159.216
0.546137 158.541
0.552299 155.061
0.558452 144.218
0.564573 135.664
0.570708 136.173
0.576825 132.023
0.582926 122.993
0.589034 118.446
0.595184 119.499
0.601379 115.244
0.607522 109.086
0.613639 109.145
0.619772 107.41
0.625918 93.9187
0.632068 100.275
0.638161 102.055
0.6443 93.4544
0.650464 86.4261
0.656582 86.3679
0.662703 92.2106
0.668861 87.395
0.675024 83.5759
0.681124 82.2008
0.687237 78.3941
0.693381 77.9876
0.699536 75.6902
0.705665 74.6344
0.711789 72.5763
0.717957 69.6206
0.72409 63.9076
0.730186 66.5257
0.736317 67.8337
0.742472 64.2821
0.748622 57.5214
0.75476 59.7649
0.760888 60.781
0.767043 59.8366
0.773185 57.5592
0.779291 57.6662
0.785407 56.267
0.791564 51.682
0.797719 52.5014
0.803834 49.3617
0.809972 46.6153
0.816124 48.2737
0.822261 49.1203
0.828378 51.7645
0.834502 47.6188
0.840667 46.9166
0.846816 49.0252
0.852925 47.8038
0.859047 42.0365
0.865192 45.0996
0.871341 44.5516
0.877463 44.099
0.883569 43.8614
0.889708 43.3361
0.895864 40.4638
0.902008 41.3346
0.908149 42.3413
0.914301 39.9484
0.920448 43.9235
0.926574 46.1716
0.932687 39.8684
0.938823 40.0251
0.944975 40.1399
0.951105 37.6185
0.957225 40.174
0.963368 41.3258
0.969511 38.7305
0.975621 38.2859
0.981748 43.2748
0.987916 38.4853
0.99406 40.1803
1.00019 37.8674
1.00632 39.5782
1.01246 36.2144
1.01859 35.2424
1.02471 36.9154
1.03085 36.5285
1.03698 33.6956
1.04314 32.3929
1.04929 33.735
1.05541 31.4605
1.06154 33.4897
1.06769 32.6044
1.07382 31.2165
1.07993 31.9442
1.08607 32.1421
1.09222 32.0106
1.09836 30.7915
1.10449 33.0413
1.11063 31.1683
1.11677 32.5273
1.1229 26.8391
1.12903 30.2066
1.13518 29.8351
1.14131 25.2938
1.14745 24.9317
1.15359 26.1176
1.15973 26.0193
1.16584 27.687
1.17197 27.9449
1.17811 23.6543
1.18424 24.6837
1.19038 25.4996
1.19652 24.7779
1.20267 21.686
1.20881 22.9792
1.21495 20.5736
1.22108 20.5446
1.2272 20.7565
1.23334 20.6642
1.23949 21.4899
1.24562 20.583
1.25174 19.4076
1.25789 19.7246
1.26402 18.7995
1.27014 18.0789
1.27628 16.8378
1.28244 18.5373
1.28858 19.0305
1.29471 16.1938
1.30084 16.4429
1.30697 16.8692
1.31312 15.751
1.31925 15.6995
1.32537 15.7783
1.33151 14.2467
1.33765 14.5167
1.34378 13.3471
1.34992 11.7632
1.35606 13.7248
1.3622 12.2205
1.36833 12.449
1.37445 12.4162
1.38059 11.0809
1.38675 10.073
1.39288 10.0499
1.39901 11.0522
1.40515 7.93826
1.4113 10.7073
1.41742 10.0209
1.42355 8.00589
1.4297 8.51227
1.43585 6.95751
1.44198 6.67081
1.44809 7.48092
1.45423 6.54343
1.46036 6.77221
1.46649 3.55765
1.47263 6.0755
1.47877 6.56581
1.48491 3.43643
1.49104 7.36709
1.49718 2.53646
1.50333 4.03328
1.50947 2.06834
1.5156 3.65919
1.52172 1.58418
1.52787 1.20156
1.534 1.37943
1.54013 -0.90588
1.54627 1.83297
1.55241 0.463361
1.55855 1.64202
1.56467 -0.143018
1.5708 -0.649788
