0.00783031 2330.36
0.013688 -700.026
0.019231 -711.569
0.0249154 1200.82
0.0312784 -136.811
0.0375637 -139.419
0.0433917 55.6046
0.0492413 256.623
0.0555754 27.5323
0.0619321 -172.359
0.067871 -59.0966
0.0738098 58.9547
0.0800417 14.6436
0.0862327 104.296
0.0921407 82.2057
0.0982031 -65.0082
0.104506 -82.6558
0.110769 -65.6052
0.116806 -28.4725
0.122832 -128.449
0.129052 -66.8034
0.135211 -8.73492
0.141259 -80.8284
0.147318 -55.2055
0.153489 -61.9333
0.159709 -104.486
0.165845 -55.7719
0.171974 -66.9833
0.178125 -74.3834
0.184229 -75.4307
0.19034 -69.8685
0.196428 -78.8704
0.202534 -107.511
0.208729 -87.4029
0.214876 -89.4354
0.220989 -88.1462
0.227147 -102.669
0.23329 -92.9517
0.239377 -96.8402
0.245482 -89.0795
0.251667 -99.5309
0.257832 -89.2741
0.263955 -92.5724
0.270079 -74.9525
0.27624 -89.8268
0.282372 -101.074
0.28843 -95.5535
0.294538 -93.3375
0.300721 -94.8115
0.30691 -92.0785
0.313033 -89.4432
0.319153 -83.798
0.325316 -84.134
0.33145 -84.9518
0.337538 -82.8981
0.343633 -92.4515
0.349808 -83.5075
0.355968 -79.4349
0.362074 -82.9668
0.368217 -87.3235
0.374374 -83.7337
0.380519 -82.3583
0.386598 -80.4565
0.392688 -81.8581
0.39888 -83.9335
0.405048 -88.1131
0.411186 -76.8113
0.417313 -76.7009
0.423458 -81.7819
0.429607 -83.1874
0.435692 -76.2188
0.441815 -77.648
0.447964 -77.6879
0.454126 -76.0525
0.460267 -69.3369
0.466387 -74.4601
0.47254 -69.6844
0.478662 -70.3549
0.484765 -68.4678
0.490885 -65.8985
0.497035 -67.3571
0.503198 -70.0018
0.509342 -68.3162
0.515458 -64.7579
0.521598 -66.8494
0.527764 -64.3669
0.533884 -66.6486
0.54 -62.4687
0.546137 -61.3942
0.552299 -60.1565
0.558452 -59.7353
0.564573 -62.6134
0.570708 -61.1799
0.576825 -57.4194
0.582926 -57.706
0.589034 -58.8025
0.595184 -56.3469
0.601379 -55.4168
0.607522 -55.9039
0.613639 -53.7461
0.619772 -54.1724
0.625918 -54.6584
0.632068 -52.7954
0.638161 -49.6956
0.6443 -52.0374
0.650464 -52.6394
0.656582 -48.5875
0.662703 -46.9509
0.668861 -48.1955
0.675024 -47.4383
0.681124 -45.7839
0.687237 -47.2848
0.693381 -46.6998
0.699536 -45.9848
0.705665 -47.0856
0.711789 -45.4169
0.717957 -45.0664
0.72409 -47.048
0.730186 -44.8147
0.736317 -42.7906
0.742472 -43.3088
0.748622 -44.5671
0.75476 -45.0453
0.760888 -43.6871
0.767043 -42.7647
0.773185 -43.0859
0.779291 -41.7785
0.785407 -43.4112
0.791564 -42.9897
0.797719 -41.8738
0.803834 -43.7237
0.809972 -43.3249
0.816124 -41.4882
0.822261 -41.4252
0.828378 -41.3909
0.834502 -41.3177
0.840667 -40.3204
0.846816 -40.0241
0.852925 -40.215
0.859047 -42.3668
0.865192 -41.0046
0.871341 -40.7149
0.877463 -39.8658
0.883569 -39.631
0.889708 -40.3097
0.895864 -40.7127
0.902008 -39.7944
0.908149 -39.5248
0.914301 -40.5015
0.920448 -38.5474
0.926574 -37.2659
0.932687 -39.7083
0.938823 -39.7112
0.944975 -39.5356
0.951105 -39.3559
0.957225 -38.8428
0.963368 -39.0318
0.969511 -38.2281
0.975621 -38.885
0.981748 -37.761
0.987916 -38.3203
0.99406 -38.6421
1.00019 -37.9947
1.00632 -38.0137
1.01246 -38.9358
1.01859 -38.4692
1.02471 -37.8355
1.03085 -38.7029
1.03698 -38.6526
1.04314 -38.7207
1.04929 -37.6685
1.05541 -38.5254
1.06154 -37.8532
1.06769 -37.8485
1.07382 -38.636
1.07993 -37.5695
1.08607 -36.2855
1.09222 -36.6707
1.09836 -37.8328
1.10449 -36.096
1.11063 -37.5432
1.11677 -36.3325
1.1229 -37.8878
1.12903 -35.9606
1.13518 -36.7057
1.14131 -37.0591
1.14745 -37.5625
1.15359 -36.3079
1.15973 -36.0259
1.16584 -35.7073
1.17197 -36.4994
1.17811 -36.2561
1.18424 -35.9282
1.19038 -35.6901
1.19652 -35.3507
1.20267 -35.8304
1.20881 -35.777
1.21495 -35.6761
1.22108 -36.282
1.2272 -35.1097
1.23334 -35.1445
1.23949 -35.2636
1.24562 -34.0267
1.25174 -34.2466
1.25789 -34.5501
1.26402 -33.9592
1.27014 -34.2043
1.27628 -34.0336
1.28244 -33.5111
1.28858 -32.6408
1.29471 -33.0446
1.30084 -33.5584
1.30697 -32.4543
1.31312 -33.0534
1.31925 -32.4972
1.32537 -32.6048
1.33151 -32.5028
1.33765 -32.6242
1.34378 -32.1503
1.34992 -32.1155
1.35606 -31.3695
1.3622 -31.9303
1.36833 -30.8726
1.37445 -31.3097
1.38059 -30.6309
1.38675 -30.8333
1.39288 -30.4303
1.39901 -30.4599
1.40515 -30.7955
1.4113 -29.4394
1.41742 -29.8022
1.42355 -29.6362
1.4297 -29.42
1.43585 -29.5816
1.44198 -29.1646
1.44809 -28.7521
1.45423 -29.237
1.46036 -28.0523
1.46649 -29.1153
1.47263 -28.1114
1.47877 -27.9651
1.48491 -28.1426
1.49104 -27.6157
1.49718 -27.2443
1.50333 -27.2579
1.50947 -27.0687
1.5156 -27.0345
1.52172 -26.7688
1.52787 -26.9691
1.534 -26.6938
1.54013 -26.2821
1.54627 -25.8696
1.55241 -25.8441
1.55855 -25.4572
1.56467 -25.3992
1.5708 -25.3013
