0.00783031 20785.8
0.013688 25755.7
0.019231 25790.6
0.0249154 23850.6
0.0312784 20375
0.0375637 17750.5
0.0433917 15254.9
0.0492413 13907.4
0.0555754 12794.6
0.0619321 12404.9
0.067871 11364.1
0.0738098 10104
0.0800417 9671.39
0.0862327 8623.46
0.0921407 7898.06
0.0982031 7025.58
0.104506 6631.35
0.110769 6176.53
0.116806 5993.48
0.122832 5799.79
0.129052 5579.28
0.135211 5391.58
0.141259 5171.55
0.147318 4885.19
0.153489 4615.64
0.159709 4379.94
0.165845 4163.7
0.171974 4084.27
0.178125 3904.41
0.184229 3827.45
0.19034 3773.85
0.196428 3550.07
0.202534 3521.71
0.208729 3431.78
0.214876 3233.54
0.220989 3313.42
0.227147 3188.23
0.23329 3072.64
0.239377 3054.21
0.245482 2912.82
0.251667 2860.06
0.257832 2839.74
0.263955 2773.31
0.270079 2717.46
0.27624 2651.9
0.282372 2613.93
0.28843 2530.54
0.294538 2539.41
0.300721 2475.94
0.30691 2460.89
0.313033 2414.07
0.319153 2386.15
0.325316 2320.42
0.33145 2314.17
0.337538 2246.3
0.343633 2252.63
0.349808 2218.81
0.355968 2162.04
0.362074 2152.53
0.368217 2151.12
0.374374 2086.06
0.380519 2069.49
0.386598 2049.39
0.392688 2031.34
0.39888 2010.04
0.405048 1976.02
0.411186 1946.68
0.417313 1942.95
0.423458 1915.92
0.429607 1893.09
0.435692 1876.14
0.441815 1888.29
0.447964 1845.97
0.454126 1826.46
0.460267 1817.53
0.466387 1789.89
0.47254 1773.29
0.478662 1755.22
0.484765 1736.64
0.490885 1729.79
0.497035 1724.73
0.503198 1703.15
0.509342 1675.32
0.515458 1667.14
0.521598 1653.27
0.527764 1634.34
0.533884 1640.5
0.54 1628.9
0.546137 1604.83
0.552299 1589.27
0.558452 1573.3
0.564573 1568.54
0.570708 1554.69
0.576825 1557.79
0.582926 1539.12
0.589034 1527.26
0.595184 1505.03
0.601379 1496.96
0.607522 1485.52
0.613639 1483.44
0.619772 1454.32
0.625918 1457.5
0.632068 1434.39
0.638161 1428.3
0.6443 1417.38
0.650464 1417.08
0.656582 1404.94
0.662703 1395.04
0.668861 1380.03
0.675024 1381.13
0.681124 1360.49
0.687237 1349.17
0.693381 1349.06
0.699536 1336.25
0.705665 1322.01
0.711789 1317.68
0.717957 1309.92
0.72409 1299.66
0.730186 1287.26
0.736317 1278.84
0.742472 1275.88
0.748622 1264.92
0.75476 1258.72
0.760888 1255.69
0.767043 1237.3
0.773185 1242.55
0.779291 1225.33
0.785407 1218.42
0.791564 1210
0.797719 1206.25
0.803834 1186.51
0.809972 1182.35
0.816124 1180.5
0.822261 1164.95
0.828378 1166.44
0.834502 1154.02
0.840667 1148.52
0.846816 1143.04
0.852925 1128.44
0.859047 1123.31
0.865192 1119.1
0.871341 1108.89
0.877463 1099.89
0.883569 1098.29
0.889708 1090.68
0.895864 1083.03
0.902008 1076.01
0.908149 1071.91
0.914301 1064.93
0.920448 1055.98
0.926574 1051.75
0.932687 1044.55
0.938823 1036.26
0.944975 1025.52
0.951105 1025.45
0.957225 1014.77
0.963368 1011.07
0.969511 1001.41
0.975621 1000.66
0.981748 989.653
0.987916 987.512
0.99406 977.436
1.00019 969.09
1.00632 966.54
1.01246 961.75
1.01859 955.51
1.02471 951.847
1.03085 945.067
1.03698 937.102
1.04314 930.695
1.04929 924.257
1.05541 916.164
1.06154 914.334
1.06769 907.541
1.07382 902.205
1.07993 894.446
1.08607 888.695
1.09222 885.217
1.09836 877.088
1.10449 874.82
1.11063 868.124
1.11677 862.008
1.1229 854.66
1.12903 850.914
1.13518 846.605
1.14131 839.568
1.14745 834.774
1.15359 831.599
1.15973 825.675
1.16584 822.776
1.17197 817.916
1.17811 812.723
1.18424 806.446
1.19038 801.244
1.19652 797.617
1.20267 792.135
1.20881 786.637
1.21495 780.349
1.22108 775.967
1.2272 773.156
1.23334 766.372
1.23949 761.07
1.24562 755.73
1.25174 755.071
1.25789 747.018
1.26402 742.509
1.27014 740.629
1.27628 732.886
1.28244 726.508
1.28858 724.665
1.29471 719.718
1.30084 716.021
1.30697 711.933
1.31312 707.022
1.31925 704.731
1.32537 698.373
1.33151 694.313
1.33765 689.294
1.34378 685.017
1.34992 680.226
1.35606 677.932
1.3622 671.586
1.36833 670.225
1.37445 665.937
1.38059 660.294
1.38675 654.621
1.39288 652.093
1.39901 649.004
1.40515 645.61
1.4113 640.513
1.41742 637.297
1.42355 631.321
1.4297 626.56
1.43585 624.663
1.44198 619.797
1.44809 617.64
1.45423 612.742
1.46036 609.413
1.46649 607.41
1.47263 601.465
1.47877 598.067
1.48491 595.531
1.49104 591.2
1.49718 586.464
1.50333 583.147
1.50947 579.216
1.5156 577.267
1.52172 573.386
1.52787 568.434
1.534 566.338
1.54013 562.826
1.54627 559.957
1.55241 555.492
1.55855 553.325
1.56467 549.486
1.5708 545.665
