#  k  (h/Mpc)          P(k)  (Mpc/h)^3     P_linear(k)   P_NL(k) (Mpc/h)^3
     0.00783031           20220         20513.5           20402 
       0.013688         25444.4         25365.8         25170.4 
       0.019231         25389.5         25635.4         25378.2 
      0.0249154         23485.4         23617.7         23341.1 
      0.0312784         20090.4         20361.8         20072.2 
      0.0375637         17269.4         17287.6         17029.1 
      0.0433917         14885.8         15046.4         14768.3 
      0.0492413         13283.4         13439.5         13172.6 
      0.0555754         11962.8         12280.2         12034.8 
      0.0619321         11084.5         11423.3         11182.2 
       0.067871         10451.4         10674.3         10455.7 
      0.0738098          9507.6         9842.08         9530.37 
      0.0800417         8476.68         8856.08         8604.23 
      0.0862327          7710.3         7841.33          7739.8 
      0.0921407         6823.07         6940.55         6884.81 
      0.0982031         6129.67         6164.83         6243.98 
       0.104506         5623.38         5561.75         5737.32 
       0.110769         5168.81         5155.89         5263.08 
       0.116806         4995.36         4889.47         4964.46 
       0.122832         4716.98         4677.07         4752.13 
       0.129052         4438.45         4453.97         4522.27 
       0.135211         4257.15         4193.92         4269.83 
       0.141259         4053.39         3896.12         4050.54 
       0.147318         3670.04         3576.26         3807.16 
       0.153489            3434          3260.5         3472.32 
       0.159709         3226.59         2982.04         3265.67 
       0.165845         3027.29         2764.14         3130.37 
       0.171974         2931.26         2604.93         2961.41 
       0.178125         2759.82          2488.7         2879.78 
       0.184229         2647.56          2396.6         2743.09 
        0.19034          2536.9         2308.28         2640.78 
       0.196428         2446.12         2211.01            2533 
       0.202534         2362.07         2098.34         2448.32 
       0.208729         2248.17         1971.83          2315.9 
       0.214876         2191.12         1845.05         2253.38 
       0.220989         2110.28         1727.42         2179.44 
       0.227147         2009.46          1625.3         2105.71 
        0.23329         1929.17          1542.2         2040.86 
       0.239377         1874.86         1476.79         1962.14 
       0.245482         1805.07         1423.17         1881.11 
       0.251667         1764.52         1374.77          1839.5 
       0.257832         1707.18         1326.38         1781.24 
       0.263955         1643.84         1274.55         1732.73 
       0.270079         1594.55         1218.63         1683.96 
        0.27624         1574.63         1160.63         1632.19 
       0.282372         1520.45         1104.16         1604.22 
        0.28843          1462.8         1052.29         1569.55 
       0.294538         1425.34         1005.98         1521.93 
       0.300721         1401.36         965.772         1476.82 
        0.30691         1365.18         931.185         1457.29 
       0.313033         1334.54         900.669         1412.21 
       0.319153         1277.73         871.904         1373.99 
       0.325316         1263.88         843.127         1354.28 
        0.33145         1216.53         813.802         1308.65 
       0.337538         1197.19         783.968         1289.04 
       0.343633         1170.94         754.209         1273.23 
       0.349808         1144.89         725.137         1252.72 
       0.355968         1118.26         698.007         1228.96 
       0.362074         1103.77         673.396         1205.73 
       0.368217         1087.87         651.053         1177.75 
       0.374374         1057.78         630.664         1155.05 
       0.380519         1030.17         611.687         1134.08 
       0.386598         1018.77         593.734         1119.14 
       0.392688         1003.98         576.093         1099.03 
        0.39888         984.819         558.266         1080.83 
       0.405048         959.645         540.636         1062.65 
       0.411186         955.688         523.443         1045.26 
       0.417313         928.327         506.946         1032.01 
       0.423458          903.54         491.257         1012.47 
       0.429607          899.55         476.511         996.142 
       0.435692          874.23         462.871         974.373 
       0.441815         861.608          450.01         971.353 
       0.447964         858.128         437.712         961.022 
       0.454126         837.508         425.821         934.613 
       0.460267         823.951         414.316         932.964 
       0.466387         806.397         403.106         917.372 
        0.47254         798.668         392.064         904.495 
       0.478662         795.389          381.36         891.387 
       0.484765         776.072         371.082         882.092 
       0.490885         766.424         361.225         865.542 
       0.497035          747.34         351.758         858.122 
       0.503198         741.728         342.709         848.092 
       0.509342         730.719         334.099         833.605 
       0.515458         720.129         325.875         827.949 
       0.521598         711.322         317.898         819.807 
       0.527764         698.751         310.109         812.946 
       0.533884         692.386         302.587         804.268 
           0.54         680.911         295.284         794.874 
       0.546137         677.134         288.166         786.409 
       0.552299         667.659         281.241         775.648 
       0.558452         657.568         274.572         769.557 
       0.564573           640.2         268.183         762.401 
       0.570708         637.129         262.019         752.148 
       0.576825         632.523         256.088         743.076 
       0.582926         623.123         250.362         738.298 
       0.589034         615.684           244.8         728.032 
       0.595184         605.422         239.361         720.603 
       0.601379         595.952         234.048         714.925 
       0.607522         587.627         228.943         704.237 
       0.613639         582.247         224.008         701.679 
       0.619772         575.249         219.199         699.531 
       0.625918         570.178         214.523           690.2 
       0.632068         560.536         209.989         686.291 
       0.638161         556.512          205.63         676.345 
         0.6443         552.321         201.363         670.277 
       0.650464           543.1         197.204         662.339 
       0.656582         538.809         193.195         658.243 
       0.662703         530.584         189.299         653.513 
       0.668861         520.686         185.491         650.291 
       0.675024          517.76         181.786         645.456 
       0.681124         511.442         178.221         636.687 
       0.687237         507.296         174.746         631.235 
       0.693381         499.972         171.349         625.446 
       0.699536          492.53         168.039         621.256 
       0.705665         487.917         164.831         613.993 
       0.711789         482.256         161.707         609.356 
       0.717957         477.572         158.644         608.165 
        0.72409         473.217         155.679         602.232 
       0.730186         466.286          152.81         595.922 
       0.736317         465.666         150.001         592.075 
       0.742472         456.728         147.254         588.343 
       0.748622         453.427         144.576          582.11 
        0.75476         446.309         141.968         582.029 
       0.760888         441.459         139.429           575.8 
       0.767043         436.506         136.944         568.615 
       0.773185         434.729         134.528         565.263 
       0.779291         428.169         132.185         560.659 
       0.785407         422.413         129.892         557.459 
       0.791564          421.24         127.639         555.564 
       0.797719         416.198         125.442         550.541 
       0.803834         412.124         123.312         546.859 
       0.809972          408.29         121.224         543.072 
       0.816124         403.785         119.178         537.397 
       0.822261         398.753         117.186         534.604 
       0.828378         395.835         115.246         530.669 
       0.834502         390.851         113.351         528.875 
       0.840667         387.012         111.487         524.891 
       0.846816         382.386         109.669         520.762 
       0.852925         377.775         107.902         517.784 
       0.859047         375.277          106.17         513.104 
       0.865192         369.986          104.47         510.016 
       0.871341         369.558         102.807         506.384 
       0.877463         362.802         101.188         503.432 
       0.883569         359.337           99.61          501.27 
       0.889708         356.585         98.0585         496.524 
       0.895864         354.394         96.5361         493.723 
       0.902008          350.54         95.0488         490.433 
       0.908149         346.483         93.5935         485.377 
       0.914301         342.543         92.1665         481.772 
       0.920448         339.792         90.7712         480.905 
       0.926574         336.601         89.4101         477.962 
       0.932687         331.752         88.0802         473.294 
       0.938823         327.102         86.7728         471.922 
       0.944975         324.937         85.4889         469.073 
       0.951105         322.343         84.2354         465.903 
       0.957225         318.914          83.009         462.655 
       0.963368          316.09         81.8028         459.815 
       0.969511          313.66         80.6209         456.807 
       0.975621         309.261         79.4694         454.319 
       0.981748         306.086          78.338          451.84 
       0.987916         303.848         77.2216         449.355 
        0.99406         301.907         76.1311         446.431 
        1.00019         298.956         75.0638         442.652 
        1.00632         295.322          74.018         440.061 
        1.01246         293.451         72.9909          437.43 
        1.01859         289.656         71.9852          434.69 
        1.02471         287.134         71.0001         432.302 
        1.03085         283.341         70.0302         430.831 
        1.03698         282.041         69.0805           429.1 
        1.04314         278.193         68.1442         425.571 
        1.04929         274.637          67.227         422.131 
        1.05541         273.218         66.3297         419.711 
        1.06154         271.156         65.4464         417.619 
        1.06769         266.919         64.5783         414.608 
        1.07382         263.973         63.7301         411.904 
        1.07993         263.019         62.9005         410.011 
        1.08607          259.27         62.0832         407.479 
        1.09222         257.276         61.2799         405.191 
        1.09836          253.91         60.4912         403.296 
        1.10449         253.624         59.7167         401.712 
        1.11063         250.498         58.9542         398.537 
        1.11677         247.943         58.2047         396.423 
         1.1229         244.513         57.4691         393.804 
        1.12903         242.168         56.7453          392.03 
        1.13518         240.396         56.0336         388.783 
        1.14131         238.664          55.335         387.644 
        1.14745         235.511         54.6494         384.581 
        1.15359         233.386         53.9759         383.382 
        1.15973         231.494          53.314         381.089 
        1.16584         229.331         52.6667         379.054 
        1.17197         227.817         52.0295         377.377 
        1.17811         224.361         51.4006         374.629 
        1.18424         222.304         50.7833         372.402 
        1.19038         220.992         50.1735          371.22 
        1.19652         217.585         49.5734         368.291 
        1.20267         215.807         48.9833         366.436 
        1.20881         214.171         48.4039         364.926 
        1.21495         211.749         47.8363         362.286 
        1.22108         209.737         47.2789         359.992 
         1.2272         208.879         46.7319         359.043 
        1.23334         205.901         46.1919         356.657 
        1.23949         204.456         45.6581         354.756 
        1.24562         202.565         45.1334         352.657 
        1.25174         199.966         44.6172         351.084 
        1.25789         198.392         44.1075         348.822 
        1.26402         196.103         43.6069         347.609 
        1.27014         194.213         43.1155         345.363 
        1.27628         192.444         42.6304         344.248 
        1.28244         191.051         42.1518         342.606 
        1.28858         189.151         41.6809         340.478 
        1.29471         186.863         41.2183         337.991 
        1.30084         185.385         40.7632         335.917 
        1.30697         183.669         40.3146         334.856 
        1.31312         182.111         39.8726         333.135 
        1.31925          180.88          39.439         331.159 
        1.32537         178.495         39.0126          329.19 
        1.33151         177.153         38.5911         327.926 
        1.33765         175.477         38.1759         326.362 
        1.34378         173.322         37.7675         324.073 
        1.34992         172.003         37.3645         322.575 
        1.35606         170.853         36.9663         320.656 
         1.3622         169.116         36.5745         319.517 
        1.36833         166.745         36.1891         318.305 
        1.37445         165.969         35.8094         315.793 
        1.38059         164.703          35.434         314.721 
        1.38675         162.254         35.0633         313.396 
        1.39288         161.286         34.6997         311.251 
        1.39901         159.375         34.3416         309.548 
        1.40515         158.709          33.988         308.017 
         1.4113         156.733         33.6394         306.267 
        1.41742         155.529         33.2967          304.59 
        1.42355         154.063         32.9578         303.438 
         1.4297         152.426         32.6223         301.328 
        1.43585         151.364         32.2915         300.584 
        1.44198         149.571         31.9668         298.765 
        1.44809         148.346         31.6477         297.196 
        1.45423          146.84         31.3323         295.329 
        1.46036         145.277         31.0223         294.105 
        1.46649         143.923         30.7165         292.844 
        1.47263         142.812         30.4145         291.054 
        1.47877         141.423         30.1163         289.253 
        1.48491         140.229         29.8212         287.663 
        1.49104          138.94         29.5304         286.676 
        1.49718         137.685          29.243         285.836 
        1.50333         136.719         28.9588         283.551 
        1.50947         135.019         28.6791         282.096 
         1.5156          134.11         28.4036         281.309 
        1.52172         133.012          28.132         279.836 
        1.52787         131.456         27.8635         278.436 
          1.534         130.317         27.5991         276.889 
        1.54013         129.025         27.3387         275.619 
        1.54627         127.801         27.0814         274.639 
        1.55241         127.169         26.8275         273.375 
        1.55855         125.668         26.5771         271.725 
        1.56467         124.525         26.3303         270.203 
         1.5708         123.326         26.0858         268.894 
