0.00783031 4771.96
0.013688 4582.13
0.019231 4112.9
0.0249154 3577.08
0.0312784 2953.97
0.0375637 2940.99
0.0433917 2856.32
0.0492413 2783.56
0.0555754 2531.36
0.0619321 2376.57
0.067871 2174.35
0.0738098 2040.74
0.0800417 1980.44
0.0862327 1922.98
0.0921407 1788.24
0.0982031 1725.39
0.104506 1576.71
0.110769 1604
0.116806 1521.57
0.122832 1444.38
0.129052 1371.48
0.135211 1303.59
0.141259 1258.64
0.147318 1219.66
0.153489 1211.87
0.159709 1164.24
0.165845 1091.06
0.171974 1060.31
0.178125 1024.99
0.184229 1010.14
0.19034 960.351
0.196428 938.77
0.202534 907.219
0.208729 888.758
0.214876 874.84
0.220989 818.342
0.227147 834.069
0.23329 801.779
0.239377 773.501
0.245482 751.751
0.251667 750.056
0.257832 720.953
0.263955 709.524
0.270079 682.945
0.27624 665.235
0.282372 668.99
0.28843 653.958
0.294538 629.396
0.300721 622.765
0.30691 614.024
0.313033 596.241
0.319153 579.946
0.325316 571.615
0.33145 563.353
0.337538 550.554
0.343633 538.134
0.349808 531.604
0.355968 526.443
0.362074 513.583
0.368217 505.38
0.374374 496.486
0.380519 489.279
0.386598 476.826
0.392688 470.489
0.39888 465.94
0.405048 457.744
0.411186 452.886
0.417313 443.514
0.423458 439.588
0.429607 430.37
0.435692 422.628
0.441815 414.893
0.447964 410.414
0.454126 403.028
0.460267 397.787
0.466387 395.825
0.47254 388.989
0.478662 382.899
0.484765 377.907
0.490885 375.28
0.497035 369.043
0.503198 367.786
0.509342 359.222
0.515458 357.316
0.521598 351.357
0.527764 346.379
0.533884 344.694
0.54 338.21
0.546137 335.28
0.552299 332.869
0.558452 327.551
0.564573 324.224
0.570708 319.287
0.576825 315.505
0.582926 313.988
0.589034 309.791
0.595184 308.421
0.601379 304.868
0.607522 302.181
0.613639 298.611
0.619772 292.315
0.625918 292.567
0.632068 287.997
0.638161 287.11
0.6443 282.265
0.650464 282.009
0.656582 280.389
0.662703 276.401
0.668861 273.403
0.675024 270.564
0.681124 269.432
0.687237 267.955
0.693381 263.533
0.699536 262.401
0.705665 260.569
0.711789 259.783
0.717957 257.207
0.72409 253.164
0.730186 251.983
0.736317 249.489
0.742472 245.846
0.748622 245.039
0.75476 243.083
0.760888 240.607
0.767043 238.838
0.773185 236.226
0.779291 236.639
0.785407 232.647
0.791564 232.768
0.797719 230.385
0.803834 227.804
0.809972 227.494
0.816124 225.474
0.822261 223.638
0.828378 222.691
0.834502 221.079
0.840667 219.303
0.846816 217.848
0.852925 216.573
0.859047 215.344
0.865192 213.815
0.871341 211.623
0.877463 210.138
0.883569 208.731
0.889708 207.835
0.895864 206.676
0.902008 205.137
0.908149 204.934
0.914301 203.216
0.920448 203.485
0.926574 200.18
0.932687 198.714
0.938823 198.011
0.944975 196.907
0.951105 196.42
0.957225 194.249
0.963368 194.006
0.969511 192.476
0.975621 192.468
0.981748 189.988
0.987916 189.031
0.99406 189.621
1.00019 187.231
1.00632 186.123
1.01246 185.527
1.01859 185.14
1.02471 183.631
1.03085 182.418
1.03698 182.58
1.04314 181.13
1.04929 179.528
1.05541 178.946
1.06154 178.036
1.06769 177.9
1.07382 175.833
1.07993 175.467
1.08607 175.269
1.09222 174.086
1.09836 174.017
1.10449 172.636
1.11063 171.47
1.11677 170.663
1.1229 170.03
1.12903 169.643
1.13518 169.712
1.14131 167.737
1.14745 167.169
1.15359 166.324
1.15973 165.984
1.16584 165.483
1.17197 164.878
1.17811 164.084
1.18424 163.752
1.19038 162.103
1.19652 161.95
1.20267 161.936
1.20881 159.735
1.21495 160.14
1.22108 159.494
1.2272 158.775
1.23334 158.123
1.23949 157.726
1.24562 157.341
1.25174 156.056
1.25789 155.634
1.26402 155.111
1.27014 154.064
1.27628 153.834
1.28244 153.88
1.28858 152.874
1.29471 152.59
1.30084 152.014
1.30697 151.041
1.31312 151.271
1.31925 150.512
1.32537 149.631
1.33151 149.477
1.33765 148.181
1.34378 148.03
1.34992 147.775
1.35606 147.409
1.3622 146.74
1.36833 146.373
1.37445 145.529
1.38059 145.399
1.38675 145.288
1.39288 144.458
1.39901 143.974
1.40515 143.815
1.4113 143.749
1.41742 142.98
1.42355 142.156
1.4297 141.712
1.43585 141.607
1.44198 140.839
1.44809 140.33
1.45423 139.978
1.46036 140.073
1.46649 138.964
1.47263 138.719
1.47877 138.387
1.48491 138.108
1.49104 137.436
1.49718 137.132
1.50333 136.928
1.50947 136.305
1.5156 136.309
1.52172 135.731
1.52787 135.322
1.534 135.311
1.54013 134.437
1.54627 134.12
1.55241 134.025
1.55855 133.424
1.56467 133.108
1.5708 132.844
