0.00783031 0.0347373
0.013688 0.0648379
0.019231 0.0683871
0.0249154 0.0968952
0.0312784 0.120781
0.0375637 0.164315
0.0433917 0.237597
0.0492413 0.314503
0.0555754 0.431322
0.0619321 0.538218
0.067871 0.653087
0.0738098 0.905024
0.0800417 1.02859
0.0862327 1.32184
0.0921407 1.49293
0.0982031 1.80219
0.104506 1.95493
0.110769 2.22598
0.116806 2.58662
0.122832 2.9007
0.129052 3.28365
0.135211 3.7339
0.141259 4.08744
0.147318 4.2342
0.153489 4.78671
0.159709 5.21223
0.165845 5.7051
0.171974 6.11953
0.178125 6.60962
0.184229 6.93989
0.19034 7.6414
0.196428 8.35254
0.202534 8.73278
0.208729 9.22513
0.214876 10.122
0.220989 10.4163
0.227147 11.1352
0.23329 11.5386
0.239377 12.2372
0.245482 12.7733
0.251667 13.2091
0.257832 13.9909
0.263955 14.8099
0.270079 15.3967
0.27624 16.1198
0.282372 16.5849
0.28843 17.1099
0.294538 17.9694
0.300721 18.5571
0.30691 19.3167
0.313033 19.954
0.319153 20.6754
0.325316 21.4751
0.33145 22.0718
0.337538 22.7973
0.343633 23.522
0.349808 24.0608
0.355968 24.819
0.362074 25.4131
0.368217 26.1759
0.374374 27.0135
0.380519 27.3904
0.386598 28.3613
0.392688 28.8821
0.39888 29.5378
0.405048 30.0922
0.411186 30.8876
0.417313 31.4784
0.423458 31.6736
0.429607 32.6958
0.435692 33.4141
0.441815 33.9235
0.447964 34.4582
0.454126 34.903
0.460267 35.5373
0.466387 36.2
0.47254 36.7183
0.478662 36.7658
0.484765 37.469
0.490885 38.1399
0.497035 38.7741
0.503198 38.8947
0.509342 39.5146
0.515458 40.1512
0.521598 40.402
0.527764 40.8043
0.533884 41.3698
0.54 41.5449
0.546137 41.7835
0.552299 42.0676
0.558452 42.7189
0.564573 43.0563
0.570708 43.2767
0.576825 43.6757
0.582926 43.6475
0.589034 43.902
0.595184 44.498
0.601379 44.6566
0.607522 44.6086
0.613639 44.9701
0.619772 45.2327
0.625918 45.1807
0.632068 45.6675
0.638161 45.8453
0.6443 46.0503
0.650464 46.3702
0.656582 46.2742
0.662703 46.5461
0.668861 46.388
0.675024 46.4923
0.681124 46.6727
0.687237 46.7777
0.693381 46.6855
0.699536 46.984
0.705665 47.0281
0.711789 47.2874
0.717957 47.0469
0.72409 47.2533
0.730186 46.9393
0.736317 47.1789
0.742472 47.119
0.748622 46.8943
0.75476 47.3446
0.760888 47.2357
0.767043 47.1803
0.773185 47.2903
0.779291 47.3924
0.785407 47.4633
0.791564 47.5593
0.797719 47.4319
0.803834 47.3037
0.809972 47.0741
0.816124 47.4376
0.822261 47.021
0.828378 47.06
0.834502 46.7996
0.840667 47.1093
0.846816 47.2601
0.852925 47.1375
0.859047 47.0742
0.865192 47.133
0.871341 46.9896
0.877463 46.9898
0.883569 47.1752
0.889708 47.0728
0.895864 46.8635
0.902008 47.0371
0.908149 46.673
0.914301 46.7695
0.920448 46.6957
0.926574 46.9754
0.932687 46.5746
0.938823 46.7417
0.944975 46.7393
0.951105 46.7779
0.957225 46.6269
0.963368 46.5187
0.969511 46.4053
0.975621 46.752
0.981748 46.3152
0.987916 46.6975
0.99406 46.4759
1.00019 46.3362
1.00632 46.4047
1.01246 46.2123
1.01859 46.3093
1.02471 46.3147
1.03085 46.2788
1.03698 46.4435
1.04314 46.3169
1.04929 46.1545
1.05541 46.1048
1.06154 46.2738
1.06769 46.0196
1.07382 46.1891
1.07993 46.3741
1.08607 46.333
1.09222 46.1607
1.09836 46.2521
1.10449 46.0224
1.11063 46.1948
1.11677 46.0844
1.1229 46.0476
1.12903 45.9759
1.13518 46.1008
1.14131 46.0848
1.14745 46.1045
1.15359 46.0904
1.15973 46.0638
1.16584 45.9632
1.17197 46.0081
1.17811 46.12
1.18424 46.0624
1.19038 46.1019
1.19652 46.1566
1.20267 45.8898
1.20881 45.8758
1.21495 46.0726
1.22108 46.1197
1.2272 46.0378
1.23334 46.0957
1.23949 46.1128
1.24562 46.0077
1.25174 46.0142
1.25789 45.975
1.26402 46.0984
1.27014 46.1492
1.27628 45.8053
1.28244 46.0608
1.28858 46.2108
1.29471 46.1048
1.30084 46.2151
1.30697 46.0575
1.31312 46.2689
1.31925 46.1757
1.32537 46.0561
1.33151 46.287
1.33765 46.2318
1.34378 46.1388
1.34992 46.3022
1.35606 46.4157
1.3622 46.326
1.36833 46.3319
1.37445 46.1878
1.38059 46.4193
1.38675 46.3486
1.39288 46.2028
1.39901 46.5778
1.40515 46.5359
1.4113 46.4118
1.41742 46.3977
1.42355 46.3657
1.4297 46.5563
1.43585 46.6013
1.44198 46.58
1.44809 46.5345
1.45423 46.6893
1.46036 46.6657
1.46649 46.5599
1.47263 46.6696
1.47877 46.5859
1.48491 46.7311
1.49104 46.6624
1.49718 46.619
1.50333 46.6424
1.50947 46.7043
1.5156 46.8071
1.52172 46.8021
1.52787 46.8663
1.534 46.8566
1.54013 46.8389
1.54627 46.8741
1.55241 46.9286
1.55855 46.8928
1.56467 46.8592
1.5708 47.014
