0.00783031 19608
0.013688 24730.4
0.019231 24508.2
0.0249154 22754.8
0.0312784 20051
0.0375637 16599.3
0.0433917 14626.4
0.0492413 13115.9
0.0555754 12359.6
0.0619321 11195.9
0.067871 10648
0.0738098 10196.9
0.0800417 8969.09
0.0862327 8201.05
0.0921407 7368.67
0.0982031 6793.21
0.104506 6088.28
0.110769 5673.05
0.116806 5470.33
0.122832 5294.34
0.129052 5060.85
0.135211 4885.23
0.141259 4538.65
0.147318 4166.27
0.153489 3969.18
0.159709 3927.47
0.165845 3725.87
0.171974 3522.23
0.178125 3377.51
0.184229 3331.23
0.19034 3262.14
0.196428 3179.26
0.202534 3013.63
0.208729 2834.08
0.214876 2868.93
0.220989 2737.76
0.227147 2668.98
0.23329 2535.51
0.239377 2547.67
0.245482 2428.03
0.251667 2371.52
0.257832 2358.02
0.263955 2289.97
0.270079 2234.43
0.27624 2177.31
0.282372 2140.13
0.28843 2135.92
0.294538 2070.86
0.300721 2023.56
0.30691 1988.57
0.313033 1951.63
0.319153 1907.02
0.325316 1897.38
0.33145 1841.06
0.337538 1828.97
0.343633 1803.53
0.349808 1746.94
0.355968 1736.93
0.362074 1706.49
0.368217 1693.56
0.374374 1666.59
0.380519 1661.25
0.386598 1626.74
0.392688 1595.24
0.39888 1590.82
0.405048 1562.2
0.411186 1551.42
0.417313 1515.48
0.423458 1494.79
0.429607 1473.29
0.435692 1467.06
0.441815 1458.77
0.447964 1432.47
0.454126 1410.29
0.460267 1403.28
0.466387 1392.57
0.47254 1376.04
0.478662 1358.11
0.484765 1343.37
0.490885 1336.25
0.497035 1325.93
0.503198 1306.97
0.509342 1296.21
0.515458 1274.1
0.521598 1279.84
0.527764 1256.28
0.533884 1239.2
0.54 1225.22
0.546137 1221.25
0.552299 1207.76
0.558452 1192.28
0.564573 1192.68
0.570708 1177.19
0.576825 1171.06
0.582926 1157.15
0.589034 1146.15
0.595184 1144.32
0.601379 1126.05
0.607522 1121.73
0.613639 1112.55
0.619772 1098.31
0.625918 1093.94
0.632068 1081.03
0.638161 1072.87
0.6443 1067.29
0.650464 1063.25
0.656582 1045.16
0.662703 1035.38
0.668861 1035.96
0.675024 1019.4
0.681124 1007.7
0.687237 1002.09
0.693381 997.161
0.699536 993.749
0.705665 983.765
0.711789 978.691
0.717957 968.667
0.72409 955.62
0.730186 955.896
0.736317 947.891
0.742472 937.219
0.748622 928.765
0.75476 926.545
0.760888 920.702
0.767043 913.844
0.773185 907.349
0.779291 899.466
0.785407 889.878
0.791564 887.833
0.797719 880.078
0.803834 871.864
0.809972 864.177
0.816124 860.508
0.822261 854.09
0.828378 846.425
0.834502 841.463
0.840667 843.35
0.846816 829.098
0.852925 824.196
0.859047 815.187
0.865192 815.333
0.871341 806.38
0.877463 800.633
0.883569 794.34
0.889708 791.908
0.895864 780.642
0.902008 781.266
0.908149 772.916
0.914301 762.95
0.920448 762.269
0.926574 753.581
0.932687 751.102
0.938823 743.49
0.944975 737.096
0.951105 731.084
0.957225 728.024
0.963368 722.588
0.969511 715.857
0.975621 714.106
0.981748 707.253
0.987916 703.671
0.99406 695.622
1.00019 693.818
1.00632 688.409
1.01246 683.689
1.01859 675.323
1.02471 669.249
1.03085 667.774
1.03698 662.795
1.04314 655.885
1.04929 652.879
1.05541 648.159
1.06154 641.164
1.06769 638.798
1.07382 634.883
1.07993 630.001
1.08607 627.176
1.09222 619.831
1.09836 614.531
1.10449 606.72
1.11063 605.372
1.11677 602.117
1.1229 597.195
1.12903 593.875
1.13518 589.013
1.14131 585.642
1.14745 581.516
1.15359 577.364
1.15973 573.194
1.16584 568.141
1.17197 563.166
1.17811 557.941
1.18424 556.388
1.19038 549.491
1.19652 549.735
1.20267 545.3
1.20881 540.307
1.21495 537.858
1.22108 531.982
1.2272 527.863
1.23334 526.68
1.23949 521.719
1.24562 516.832
1.25174 515.209
1.25789 511.273
1.26402 507.55
1.27014 502.064
1.27628 498.668
1.28244 498.387
1.28858 493.978
1.29471 491.721
1.30084 485.863
1.30697 484.077
1.31312 482.523
1.31925 476.573
1.32537 475.829
1.33151 471.552
1.33765 467.877
1.34378 464.606
1.34992 462.219
1.35606 458.736
1.3622 456.706
1.36833 453.488
1.37445 449.226
1.38059 448.41
1.38675 444.58
1.39288 441.277
1.39901 438.446
1.40515 435.493
1.4113 433.58
1.41742 429.928
1.42355 427.147
1.4297 425.235
1.43585 422.905
1.44198 420.399
1.44809 416.719
1.45423 414.048
1.46036 411.362
1.46649 409.402
1.47263 406.207
1.47877 401.559
1.48491 400.694
1.49104 397.976
1.49718 394.581
1.50333 392.129
1.50947 390.887
1.5156 387.572
1.52172 385.081
1.52787 382.861
1.534 379.113
1.54013 376.707
1.54627 375.018
1.55241 372.756
1.55855 367.938
1.56467 366.195
1.5708 364.236
