0.00783031 20407.7
0.013688 25111.7
0.019231 25223.3
0.0249154 23185.9
0.0312784 19987.7
0.0375637 17028.8
0.0433917 14584.2
0.0492413 13257.3
0.0555754 12028.8
0.0619321 11020.5
0.067871 10402.3
0.0738098 9507.78
0.0800417 8517.79
0.0862327 7629.49
0.0921407 6854.43
0.0982031 6226.46
0.104506 5737.88
0.110769 5246.58
0.116806 4965.7
0.122832 4705.61
0.129052 4492.51
0.135211 4273.52
0.141259 3933.21
0.147318 3618.51
0.153489 3450.68
0.159709 3266.02
0.165845 3098.64
0.171974 2857.74
0.178125 2789.74
0.184229 2685.5
0.19034 2619.32
0.196428 2497.75
0.202534 2363.11
0.208729 2269.35
0.214876 2227.33
0.220989 2119.68
0.227147 2035.03
0.23329 1924.61
0.239377 1905.8
0.245482 1830.65
0.251667 1793.76
0.257832 1690.38
0.263955 1685.19
0.270079 1641.83
0.27624 1560.61
0.282372 1525.57
0.28843 1484.95
0.294538 1443.23
0.300721 1405.05
0.30691 1357.45
0.313033 1323.92
0.319153 1307.29
0.325316 1277.17
0.33145 1240.11
0.337538 1216.06
0.343633 1189.01
0.349808 1166.04
0.355968 1138.31
0.362074 1098.51
0.368217 1092.28
0.374374 1058.43
0.380519 1058.94
0.386598 1034.19
0.392688 1013.06
0.39888 997.614
0.405048 960.85
0.411186 957.018
0.417313 936.765
0.423458 929.94
0.429607 910.615
0.435692 898.32
0.441815 876.853
0.447964 867.051
0.454126 839.85
0.460267 832.786
0.466387 827.797
0.47254 816.667
0.478662 788.966
0.484765 784.213
0.490885 773.448
0.497035 760.66
0.503198 748.473
0.509342 739.859
0.515458 728.926
0.521598 721.521
0.527764 712.577
0.533884 700.344
0.54 692.556
0.546137 679.793
0.552299 671.409
0.558452 664.445
0.564573 655.938
0.570708 644.123
0.576825 638.546
0.582926 627.199
0.589034 617.61
0.595184 613.421
0.601379 604.861
0.607522 600.205
0.613639 593.072
0.619772 585.201
0.625918 578.764
0.632068 569.46
0.638161 560.623
0.6443 559.974
0.650464 549.087
0.656582 544.231
0.662703 534.038
0.668861 535.039
0.675024 523.03
0.681124 522.033
0.687237 511.729
0.693381 500.937
0.699536 503.529
0.705665 492.849
0.711789 487.867
0.717957 485.845
0.72409 477.721
0.730186 473.193
0.736317 471.758
0.742472 465.05
0.748622 458.813
0.75476 450.691
0.760888 447.636
0.767043 444.351
0.773185 437.923
0.779291 434.424
0.785407 430.174
0.791564 424.358
0.797719 423.586
0.803834 415.72
0.809972 410.418
0.816124 405.646
0.822261 403.495
0.828378 396.18
0.834502 393.834
0.840667 389.008
0.846816 386.091
0.852925 384.081
0.859047 377.805
0.865192 372.792
0.871341 370.381
0.877463 365.982
0.883569 361.629
0.889708 358.171
0.895864 354.039
0.902008 351.422
0.908149 347.172
0.914301 343.823
0.920448 341.527
0.926574 338.078
0.932687 334.259
0.938823 330.012
0.944975 327.119
0.951105 325.039
0.957225 320.869
0.963368 318.589
0.969511 313.361
0.975621 311.059
0.981748 309.17
0.987916 304.63
0.99406 302.684
1.00019 299.735
1.00632 295.562
1.01246 292.989
1.01859 290.379
1.02471 287.214
1.03085 285.14
1.03698 281.992
1.04314 279.603
1.04929 276.267
1.05541 273.754
1.06154 271.017
1.06769 268.092
1.07382 266.154
1.07993 263.32
1.08607 260.241
1.09222 257.986
1.09836 255.734
1.10449 254.264
1.11063 250.991
1.11677 247.55
1.1229 246.209
1.12903 243.829
1.13518 240.598
1.14131 237.937
1.14745 235.38
1.15359 234.582
1.15973 232.049
1.16584 228.984
1.17197 227.274
1.17811 224.815
1.18424 223.184
1.19038 220.385
1.19652 218.262
1.20267 216.66
1.20881 214.531
1.21495 211.53
1.22108 209.994
1.2272 207.585
1.23334 205.862
1.23949 204.256
1.24562 201.421
1.25174 200.005
1.25789 198.085
1.26402 196.481
1.27014 194.771
1.27628 192.558
1.28244 190.245
1.28858 188.425
1.29471 186.646
1.30084 185.383
1.30697 182.768
1.31312 181.392
1.31925 180.337
1.32537 177.9
1.33151 176.116
1.33765 174.744
1.34378 172.488
1.34992 171.69
1.35606 169.821
1.3622 167.885
1.36833 166.765
1.37445 164.657
1.38059 163.9
1.38675 161.628
1.39288 160.744
1.39901 159.173
1.40515 157.481
1.4113 156.371
1.41742 154.887
1.42355 153.39
1.4297 151.749
1.43585 150.301
1.44198 148.738
1.44809 147.012
1.45423 145.915
1.46036 144.863
1.46649 143.935
1.47263 142.275
1.47877 140.973
1.48491 139.333
1.49104 138.143
1.49718 136.638
1.50333 135.613
1.50947 134.438
1.5156 133.172
1.52172 131.745
1.52787 130.729
1.534 129.478
1.54013 127.974
1.54627 127.088
1.55241 126.128
1.55855 125.068
1.56467 123.44
1.5708 122.561
