#  k  (h/Mpc)          P(k)  (Mpc/h)^3     P_linear(k)   P_NL(k) (Mpc/h)^3
     0.00783031         20407.7         20513.5           20402 
       0.013688         25111.7         25365.8         25170.4 
       0.019231         25223.3         25635.4         25378.2 
      0.0249154         23185.9         23617.7         23341.1 
      0.0312784         19987.7         20361.8         20072.2 
      0.0375637         17028.8         17287.6         17029.1 
      0.0433917         14584.2         15046.4         14768.3 
      0.0492413         13257.3         13439.5         13172.6 
      0.0555754         12028.8         12280.2         12034.8 
      0.0619321         11020.5         11423.3         11182.2 
       0.067871         10402.3         10674.3         10455.7 
      0.0738098         9507.78         9842.08         9530.37 
      0.0800417         8517.79         8856.08         8604.23 
      0.0862327         7629.49         7841.33          7739.8 
      0.0921407         6854.43         6940.55         6884.81 
      0.0982031         6226.46         6164.83         6243.98 
       0.104506         5737.88         5561.75         5737.32 
       0.110769         5246.58         5155.89         5263.08 
       0.116806          4965.7         4889.47         4964.46 
       0.122832         4705.61         4677.07         4752.13 
       0.129052         4492.51         4453.97         4522.27 
       0.135211         4273.52         4193.92         4269.83 
       0.141259         3933.21         3896.12         4050.54 
       0.147318         3618.51         3576.26         3807.16 
       0.153489         3450.68          3260.5         3472.32 
       0.159709         3266.02         2982.04         3265.67 
       0.165845         3098.64         2764.14         3130.37 
       0.171974         2857.74         2604.93         2961.41 
       0.178125         2789.74          2488.7         2879.78 
       0.184229          2685.5          2396.6         2743.09 
        0.19034         2619.32         2308.28         2640.78 
       0.196428         2497.75         2211.01            2533 
       0.202534         2363.11         2098.34         2448.32 
       0.208729         2269.35         1971.83          2315.9 
       0.214876         2227.33         1845.05         2253.38 
       0.220989         2119.68         1727.42         2179.44 
       0.227147         2035.03          1625.3         2105.71 
        0.23329         1924.61          1542.2         2040.86 
       0.239377          1905.8         1476.79         1962.14 
       0.245482         1830.65         1423.17         1881.11 
       0.251667         1793.76         1374.77          1839.5 
       0.257832         1690.38         1326.38         1781.24 
       0.263955         1685.19         1274.55         1732.73 
       0.270079         1641.83         1218.63         1683.96 
        0.27624         1560.61         1160.63         1632.19 
       0.282372         1525.57         1104.16         1604.22 
        0.28843         1484.95         1052.29         1569.55 
       0.294538         1443.23         1005.98         1521.93 
       0.300721         1405.05         965.772         1476.82 
        0.30691         1357.45         931.185         1457.29 
       0.313033         1323.92         900.669         1412.21 
       0.319153         1307.29         871.904         1373.99 
       0.325316         1277.17         843.127         1354.28 
        0.33145         1240.11         813.802         1308.65 
       0.337538         1216.06         783.968         1289.04 
       0.343633         1189.01         754.209         1273.23 
       0.349808         1166.04         725.137         1252.72 
       0.355968         1138.31         698.007         1228.96 
       0.362074         1098.51         673.396         1205.73 
       0.368217         1092.28         651.053         1177.75 
       0.374374         1058.43         630.664         1155.05 
       0.380519         1058.94         611.687         1134.08 
       0.386598         1034.19         593.734         1119.14 
       0.392688         1013.06         576.093         1099.03 
        0.39888         997.614         558.266         1080.83 
       0.405048          960.85         540.636         1062.65 
       0.411186         957.018         523.443         1045.26 
       0.417313         936.765         506.946         1032.01 
       0.423458          929.94         491.257         1012.47 
       0.429607         910.615         476.511         996.142 
       0.435692          898.32         462.871         974.373 
       0.441815         876.853          450.01         971.353 
       0.447964         867.051         437.712         961.022 
       0.454126          839.85         425.821         934.613 
       0.460267         832.786         414.316         932.964 
       0.466387         827.797         403.106         917.372 
        0.47254         816.667         392.064         904.495 
       0.478662         788.966          381.36         891.387 
       0.484765         784.213         371.082         882.092 
       0.490885         773.448         361.225         865.542 
       0.497035          760.66         351.758         858.122 
       0.503198         748.473         342.709         848.092 
       0.509342         739.859         334.099         833.605 
       0.515458         728.926         325.875         827.949 
       0.521598         721.521         317.898         819.807 
       0.527764         712.577         310.109         812.946 
       0.533884         700.344         302.587         804.268 
           0.54         692.556         295.284         794.874 
       0.546137         679.793         288.166         786.409 
       0.552299         671.409         281.241         775.648 
       0.558452         664.445         274.572         769.557 
       0.564573         655.938         268.183         762.401 
       0.570708         644.123         262.019         752.148 
       0.576825         638.546         256.088         743.076 
       0.582926         627.199         250.362         738.298 
       0.589034          617.61           244.8         728.032 
       0.595184         613.421         239.361         720.603 
       0.601379         604.861         234.048         714.925 
       0.607522         600.205         228.943         704.237 
       0.613639         593.072         224.008         701.679 
       0.619772         585.201         219.199         699.531 
       0.625918         578.764         214.523           690.2 
       0.632068          569.46         209.989         686.291 
       0.638161         560.623          205.63         676.345 
         0.6443         559.974         201.363         670.277 
       0.650464         549.087         197.204         662.339 
       0.656582         544.231         193.195         658.243 
       0.662703         534.038         189.299         653.513 
       0.668861         535.039         185.491         650.291 
       0.675024          523.03         181.786         645.456 
       0.681124         522.033         178.221         636.687 
       0.687237         511.729         174.746         631.235 
       0.693381         500.937         171.349         625.446 
       0.699536         503.529         168.039         621.256 
       0.705665         492.849         164.831         613.993 
       0.711789         487.867         161.707         609.356 
       0.717957         485.845         158.644         608.165 
        0.72409         477.721         155.679         602.232 
       0.730186         473.193          152.81         595.922 
       0.736317         471.758         150.001         592.075 
       0.742472          465.05         147.254         588.343 
       0.748622         458.813         144.576          582.11 
        0.75476         450.691         141.968         582.029 
       0.760888         447.636         139.429           575.8 
       0.767043         444.351         136.944         568.615 
       0.773185         437.923         134.528         565.263 
       0.779291         434.424         132.185         560.659 
       0.785407         430.174         129.892         557.459 
       0.791564         424.358         127.639         555.564 
       0.797719         423.586         125.442         550.541 
       0.803834          415.72         123.312         546.859 
       0.809972         410.418         121.224         543.072 
       0.816124         405.646         119.178         537.397 
       0.822261         403.495         117.186         534.604 
       0.828378          396.18         115.246         530.669 
       0.834502         393.834         113.351         528.875 
       0.840667         389.008         111.487         524.891 
       0.846816         386.091         109.669         520.762 
       0.852925         384.081         107.902         517.784 
       0.859047         377.805          106.17         513.104 
       0.865192         372.792          104.47         510.016 
       0.871341         370.381         102.807         506.384 
       0.877463         365.982         101.188         503.432 
       0.883569         361.629           99.61          501.27 
       0.889708         358.171         98.0585         496.524 
       0.895864         354.039         96.5361         493.723 
       0.902008         351.422         95.0488         490.433 
       0.908149         347.172         93.5935         485.377 
       0.914301         343.823         92.1665         481.772 
       0.920448         341.527         90.7712         480.905 
       0.926574         338.078         89.4101         477.962 
       0.932687         334.259         88.0802         473.294 
       0.938823         330.012         86.7728         471.922 
       0.944975         327.119         85.4889         469.073 
       0.951105         325.039         84.2354         465.903 
       0.957225         320.869          83.009         462.655 
       0.963368         318.589         81.8028         459.815 
       0.969511         313.361         80.6209         456.807 
       0.975621         311.059         79.4694         454.319 
       0.981748          309.17          78.338          451.84 
       0.987916          304.63         77.2216         449.355 
        0.99406         302.684         76.1311         446.431 
        1.00019         299.735         75.0638         442.652 
        1.00632         295.562          74.018         440.061 
        1.01246         292.989         72.9909          437.43 
        1.01859         290.379         71.9852          434.69 
        1.02471         287.214         71.0001         432.302 
        1.03085          285.14         70.0302         430.831 
        1.03698         281.992         69.0805           429.1 
        1.04314         279.603         68.1442         425.571 
        1.04929         276.267          67.227         422.131 
        1.05541         273.754         66.3297         419.711 
        1.06154         271.017         65.4464         417.619 
        1.06769         268.092         64.5783         414.608 
        1.07382         266.154         63.7301         411.904 
        1.07993          263.32         62.9005         410.011 
        1.08607         260.241         62.0832         407.479 
        1.09222         257.986         61.2799         405.191 
        1.09836         255.734         60.4912         403.296 
        1.10449         254.264         59.7167         401.712 
        1.11063         250.991         58.9542         398.537 
        1.11677          247.55         58.2047         396.423 
         1.1229         246.209         57.4691         393.804 
        1.12903         243.829         56.7453          392.03 
        1.13518         240.598         56.0336         388.783 
        1.14131         237.937          55.335         387.644 
        1.14745          235.38         54.6494         384.581 
        1.15359         234.582         53.9759         383.382 
        1.15973         232.049          53.314         381.089 
        1.16584         228.984         52.6667         379.054 
        1.17197         227.274         52.0295         377.377 
        1.17811         224.815         51.4006         374.629 
        1.18424         223.184         50.7833         372.402 
        1.19038         220.385         50.1735          371.22 
        1.19652         218.262         49.5734         368.291 
        1.20267          216.66         48.9833         366.436 
        1.20881         214.531         48.4039         364.926 
        1.21495          211.53         47.8363         362.286 
        1.22108         209.994         47.2789         359.992 
         1.2272         207.585         46.7319         359.043 
        1.23334         205.862         46.1919         356.657 
        1.23949         204.256         45.6581         354.756 
        1.24562         201.421         45.1334         352.657 
        1.25174         200.005         44.6172         351.084 
        1.25789         198.085         44.1075         348.822 
        1.26402         196.481         43.6069         347.609 
        1.27014         194.771         43.1155         345.363 
        1.27628         192.558         42.6304         344.248 
        1.28244         190.245         42.1518         342.606 
        1.28858         188.425         41.6809         340.478 
        1.29471         186.646         41.2183         337.991 
        1.30084         185.383         40.7632         335.917 
        1.30697         182.768         40.3146         334.856 
        1.31312         181.392         39.8726         333.135 
        1.31925         180.337          39.439         331.159 
        1.32537           177.9         39.0126          329.19 
        1.33151         176.116         38.5911         327.926 
        1.33765         174.744         38.1759         326.362 
        1.34378         172.488         37.7675         324.073 
        1.34992          171.69         37.3645         322.575 
        1.35606         169.821         36.9663         320.656 
         1.3622         167.885         36.5745         319.517 
        1.36833         166.765         36.1891         318.305 
        1.37445         164.657         35.8094         315.793 
        1.38059           163.9          35.434         314.721 
        1.38675         161.628         35.0633         313.396 
        1.39288         160.744         34.6997         311.251 
        1.39901         159.173         34.3416         309.548 
        1.40515         157.481          33.988         308.017 
         1.4113         156.371         33.6394         306.267 
        1.41742         154.887         33.2967          304.59 
        1.42355          153.39         32.9578         303.438 
         1.4297         151.749         32.6223         301.328 
        1.43585         150.301         32.2915         300.584 
        1.44198         148.738         31.9668         298.765 
        1.44809         147.012         31.6477         297.196 
        1.45423         145.915         31.3323         295.329 
        1.46036         144.863         31.0223         294.105 
        1.46649         143.935         30.7165         292.844 
        1.47263         142.275         30.4145         291.054 
        1.47877         140.973         30.1163         289.253 
        1.48491         139.333         29.8212         287.663 
        1.49104         138.143         29.5304         286.676 
        1.49718         136.638          29.243         285.836 
        1.50333         135.613         28.9588         283.551 
        1.50947         134.438         28.6791         282.096 
         1.5156         133.172         28.4036         281.309 
        1.52172         131.745          28.132         279.836 
        1.52787         130.729         27.8635         278.436 
          1.534         129.478         27.5991         276.889 
        1.54013         127.974         27.3387         275.619 
        1.54627         127.088         27.0814         274.639 
        1.55241         126.128         26.8275         273.375 
        1.55855         125.068         26.5771         271.725 
        1.56467          123.44         26.3303         270.203 
         1.5708         122.561         26.0858         268.894 
