0.00783031 3474.13
0.013688 6619.93
0.019231 5829.8
0.0249154 5519.41
0.0312784 6067.14
0.0375637 4692.71
0.0433917 4858.3
0.0492413 4241.34
0.0555754 3867.72
0.0619321 3857.21
0.067871 3541.85
0.0738098 3045.89
0.0800417 3189.39
0.0862327 3040.71
0.0921407 2629.93
0.0982031 2759.06
0.104506 2441.95
0.110769 2363.22
0.116806 2289.85
0.122832 2216.64
0.129052 1884.9
0.135211 1931.24
0.141259 1912.19
0.147318 1767.02
0.153489 1684.63
0.159709 1543.32
0.165845 1587.05
0.171974 1561.99
0.178125 1471.48
0.184229 1384.02
0.19034 1349.49
0.196428 1247.94
0.202534 1227.41
0.208729 1209.12
0.214876 1126.59
0.220989 1078.77
0.227147 1017.59
0.23329 1010.59
0.239377 978.485
0.245482 943.478
0.251667 898.198
0.257832 904.646
0.263955 838.6
0.270079 841.35
0.27624 799.047
0.282372 777.028
0.28843 752.644
0.294538 718.329
0.300721 707.82
0.30691 667.853
0.313033 677.015
0.319153 655.633
0.325316 647.059
0.33145 614.388
0.337538 614.159
0.343633 571.416
0.349808 568.954
0.355968 535.685
0.362074 534.268
0.368217 518.04
0.374374 509.642
0.380519 493.525
0.386598 473.688
0.392688 464.413
0.39888 458.367
0.405048 441.447
0.411186 429.213
0.417313 419.323
0.423458 405.099
0.429607 401.934
0.435692 396.342
0.441815 376.278
0.447964 369.638
0.454126 366.162
0.460267 358.381
0.466387 352.195
0.47254 341.959
0.478662 327.781
0.484765 319.912
0.490885 311.615
0.497035 306.329
0.503198 297.269
0.509342 286.024
0.515458 280.741
0.521598 278.951
0.527764 270.12
0.533884 260.84
0.54 251.738
0.546137 250.206
0.552299 248.154
0.558452 238.708
0.564573 233.06
0.570708 229.389
0.576825 225.612
0.582926 217.497
0.589034 210.396
0.595184 201.386
0.601379 197.308
0.607522 194.274
0.613639 195.492
0.619772 189.789
0.625918 178.973
0.632068 182.855
0.638161 177.38
0.6443 171.849
0.650464 162.257
0.656582 163.68
0.662703 162.698
0.668861 149.722
0.675024 149.325
0.681124 141.363
0.687237 144.215
0.693381 135.88
0.699536 133.342
0.705665 134.695
0.711789 124.875
0.717957 122.693
0.72409 119.679
0.730186 117.793
0.736317 112.425
0.742472 104.883
0.748622 106.754
0.75476 104.978
0.760888 101.646
0.767043 99.3427
0.773185 95.9207
0.779291 93.0249
0.785407 88.4744
0.791564 90.4807
0.797719 81.5784
0.803834 84.9526
0.809972 81.791
0.816124 76.1731
0.822261 75.2823
0.828378 70.1606
0.834502 72.5333
0.840667 68.4246
0.846816 67.0731
0.852925 60.591
0.859047 57.7059
0.865192 58.8975
0.871341 54.8035
0.877463 55.1617
0.883569 54.788
0.889708 49.7243
0.895864 48.1654
0.902008 47.9164
0.908149 42.0397
0.914301 41.7425
0.920448 38.4415
0.926574 37.0559
0.932687 34.4266
0.938823 34.6555
0.944975 31.531
0.951105 29.2879
0.957225 28.978
0.963368 26.6251
0.969511 25.3252
0.975621 24.5181
0.981748 21.6772
0.987916 19.5992
0.99406 17.9448
1.00019 17.4849
1.00632 14.3735
1.01246 14.5961
1.01859 13.7578
1.02471 12.1675
1.03085 8.92081
1.03698 7.56794
1.04314 5.55838
1.04929 4.95662
1.05541 3.13917
1.06154 2.65818
1.06769 0.861495
1.07382 -0.516946
1.07993 -1.44104
1.08607 -3.18169
1.09222 -4.1138
1.09836 -4.13687
1.10449 -5.9553
1.11063 -7.10564
1.11677 -7.849
1.1229 -11.2896
1.12903 -11.366
1.13518 -11.0162
1.14131 -13.2148
1.14745 -13.5802
1.15359 -15.5043
1.15973 -17.1983
1.16584 -18.4046
1.17197 -18.9556
1.17811 -19.6502
1.18424 -19.5048
1.19038 -20.042
1.19652 -19.5052
1.20267 -21.5824
1.20881 -23.5535
1.21495 -23.0666
1.22108 -25.2056
1.2272 -23.7346
1.23334 -26.4199
1.23949 -28.3697
1.24562 -28.8921
1.25174 -30.082
1.25789 -29.7573
1.26402 -29.5841
1.27014 -31.3723
1.27628 -30.8503
1.28244 -31.5305
1.28858 -32.376
1.29471 -32.8048
1.30084 -32.6887
1.30697 -35.2088
1.31312 -35.186
1.31925 -36.4506
1.32537 -37.9125
1.33151 -35.8756
1.33765 -35.3547
1.34378 -36.9137
1.34992 -39.5352
1.35606 -37.9084
1.3622 -38.6301
1.36833 -39.5492
1.37445 -40.7909
1.38059 -41.222
1.38675 -41.7431
1.39288 -41.6712
1.39901 -41.4808
1.40515 -42.837
1.4113 -42.8908
1.41742 -44.0496
1.42355 -43.4287
1.4297 -43.4049
1.43585 -43.947
1.44198 -44.3546
1.44809 -44.797
1.45423 -44.4344
1.46036 -45.7602
1.46649 -45.7251
1.47263 -47.2353
1.47877 -45.6966
1.48491 -46.2544
1.49104 -47.1559
1.49718 -47.503
1.50333 -46.8232
1.50947 -46.9964
1.5156 -48.3645
1.52172 -48.2703
1.52787 -47.592
1.534 -49.3414
1.54013 -49.1081
1.54627 -50.3838
1.55241 -48.9768
1.55855 -49.4073
1.56467 -48.8408
1.5708 -50.3612
