#  k  (h/Mpc)          P(k)  (Mpc/h)^3     P_linear(k)   P_NL(k) (Mpc/h)^3
     0.00783031         20334.3         20513.5           20402 
       0.013688         24931.2         25365.8         25170.4 
       0.019231         25343.8         25635.4         25378.2 
      0.0249154         23669.8         23617.7         23341.1 
      0.0312784         20130.5         20361.8         20072.2 
      0.0375637         17111.5         17287.6         17029.1 
      0.0433917         14897.3         15046.4         14768.3 
      0.0492413           13126         13439.5         13172.6 
      0.0555754           11851         12280.2         12034.8 
      0.0619321         11166.8         11423.3         11182.2 
       0.067871         10437.7         10674.3         10455.7 
      0.0738098         9654.05         9842.08         9530.37 
      0.0800417         8466.41         8856.08         8604.23 
      0.0862327         7755.28         7841.33          7739.8 
      0.0921407          7003.5         6940.55         6884.81 
      0.0982031         6114.93         6164.83         6243.98 
       0.104506         5615.65         5561.75         5737.32 
       0.110769         5306.54         5155.89         5263.08 
       0.116806         5089.72         4889.47         4964.46 
       0.122832         4516.06         4677.07         4752.13 
       0.129052         4393.01         4453.97         4522.27 
       0.135211         4268.54         4193.92         4269.83 
       0.141259         4074.46         3896.12         4050.54 
       0.147318         3608.96         3576.26         3807.16 
       0.153489         3421.14          3260.5         3472.32 
       0.159709         3239.86         2982.04         3265.67 
       0.165845         3150.93         2764.14         3130.37 
       0.171974         2950.63         2604.93         2961.41 
       0.178125         2797.54          2488.7         2879.78 
       0.184229         2747.73          2396.6         2743.09 
        0.19034         2556.32         2308.28         2640.78 
       0.196428         2506.56         2211.01            2533 
       0.202534         2392.39         2098.34         2448.32 
       0.208729          2303.5         1971.83          2315.9 
       0.214876          2187.9         1845.05         2253.38 
       0.220989         2106.57         1727.42         2179.44 
       0.227147         2009.05          1625.3         2105.71 
        0.23329         1924.88          1542.2         2040.86 
       0.239377         1863.35         1476.79         1962.14 
       0.245482         1809.86         1423.17         1881.11 
       0.251667         1759.02         1374.77          1839.5 
       0.257832         1728.49         1326.38         1781.24 
       0.263955         1655.95         1274.55         1732.73 
       0.270079         1580.07         1218.63         1683.96 
        0.27624         1546.23         1160.63         1632.19 
       0.282372         1511.77         1104.16         1604.22 
        0.28843          1494.9         1052.29         1569.55 
       0.294538         1414.64         1005.98         1521.93 
       0.300721         1408.93         965.772         1476.82 
        0.30691         1380.04         931.185         1457.29 
       0.313033         1321.84         900.669         1412.21 
       0.319153         1280.33         871.904         1373.99 
       0.325316         1272.66         843.127         1354.28 
        0.33145         1232.33         813.802         1308.65 
       0.337538         1206.46         783.968         1289.04 
       0.343633         1162.77         754.209         1273.23 
       0.349808         1164.04         725.137         1252.72 
       0.355968         1149.37         698.007         1228.96 
       0.362074         1107.67         673.396         1205.73 
       0.368217         1092.04         651.053         1177.75 
       0.374374         1053.97         630.664         1155.05 
       0.380519         1039.82         611.687         1134.08 
       0.386598         1020.05         593.734         1119.14 
       0.392688         1006.12         576.093         1099.03 
        0.39888         972.529         558.266         1080.83 
       0.405048         973.688         540.636         1062.65 
       0.411186         950.453         523.443         1045.26 
       0.417313         931.292         506.946         1032.01 
       0.423458         912.695         491.257         1012.47 
       0.429607         897.814         476.511         996.142 
       0.435692         880.934         462.871         974.373 
       0.441815         859.982          450.01         971.353 
       0.447964         857.478         437.712         961.022 
       0.454126         850.991         425.821         934.613 
       0.460267          838.22         414.316         932.964 
       0.466387         821.005         403.106         917.372 
        0.47254         809.538         392.064         904.495 
       0.478662         798.718          381.36         891.387 
       0.484765         774.994         371.082         882.092 
       0.490885         769.404         361.225         865.542 
       0.497035         752.158         351.758         858.122 
       0.503198         745.594         342.709         848.092 
       0.509342         737.767         334.099         833.605 
       0.515458         727.213         325.875         827.949 
       0.521598         718.813         317.898         819.807 
       0.527764         704.099         310.109         812.946 
       0.533884         693.167         302.587         804.268 
           0.54         683.277         295.284         794.874 
       0.546137         678.362         288.166         786.409 
       0.552299         660.705         281.241         775.648 
       0.558452         653.943         274.572         769.557 
       0.564573         651.596         268.183         762.401 
       0.570708         637.619         262.019         752.148 
       0.576825         628.715         256.088         743.076 
       0.582926         626.315         250.362         738.298 
       0.589034         614.818           244.8         728.032 
       0.595184         611.274         239.361         720.603 
       0.601379         599.161         234.048         714.925 
       0.607522         597.351         228.943         704.237 
       0.613639         590.482         224.008         701.679 
       0.619772          578.55         219.199         699.531 
       0.625918         576.501         214.523           690.2 
       0.632068         565.343         209.989         686.291 
       0.638161         563.125          205.63         676.345 
         0.6443         551.835         201.363         670.277 
       0.650464          546.33         197.204         662.339 
       0.656582         541.023         193.195         658.243 
       0.662703         532.914         189.299         653.513 
       0.668861         528.229         185.491         650.291 
       0.675024         519.279         181.786         645.456 
       0.681124         515.021         178.221         636.687 
       0.687237         507.026         174.746         631.235 
       0.693381          506.41         171.349         625.446 
       0.699536          499.48         168.039         621.256 
       0.705665         492.634         164.831         613.993 
       0.711789         485.692         161.707         609.356 
       0.717957         481.727         158.644         608.165 
        0.72409         478.254         155.679         602.232 
       0.730186         472.725          152.81         595.922 
       0.736317         466.777         150.001         592.075 
       0.742472         462.747         147.254         588.343 
       0.748622         458.675         144.576          582.11 
        0.75476         454.599         141.968         582.029 
       0.760888         447.969         139.429           575.8 
       0.767043         442.389         136.944         568.615 
       0.773185         437.715         134.528         565.263 
       0.779291         433.535         132.185         560.659 
       0.785407         428.039         129.892         557.459 
       0.791564         423.984         127.639         555.564 
       0.797719          419.19         125.442         550.541 
       0.803834         415.696         123.312         546.859 
       0.809972         410.255         121.224         543.072 
       0.816124         406.554         119.178         537.397 
       0.822261         400.725         117.186         534.604 
       0.828378         396.616         115.246         530.669 
       0.834502         392.993         113.351         528.875 
       0.840667         390.296         111.487         524.891 
       0.846816         386.487         109.669         520.762 
       0.852925         381.192         107.902         517.784 
       0.859047         377.767          106.17         513.104 
       0.865192         375.118          104.47         510.016 
       0.871341         370.188         102.807         506.384 
       0.877463         367.278         101.188         503.432 
       0.883569         360.815           99.61          501.27 
       0.889708           358.9         98.0585         496.524 
       0.895864         354.735         96.5361         493.723 
       0.902008         350.833         95.0488         490.433 
       0.908149         348.872         93.5935         485.377 
       0.914301         344.001         92.1665         481.772 
       0.920448         341.598         90.7712         480.905 
       0.926574          338.24         89.4101         477.962 
       0.932687          334.01         88.0802         473.294 
       0.938823         330.807         86.7728         471.922 
       0.944975         326.722         85.4889         469.073 
       0.951105         323.312         84.2354         465.903 
       0.957225         322.016          83.009         462.655 
       0.963368         317.874         81.8028         459.815 
       0.969511         314.119         80.6209         456.807 
       0.975621         313.298         79.4694         454.319 
       0.981748         308.549          78.338          451.84 
       0.987916         305.381         77.2216         449.355 
        0.99406         302.808         76.1311         446.431 
        1.00019         299.435         75.0638         442.652 
        1.00632          295.89          74.018         440.061 
        1.01246         294.226         72.9909          437.43 
        1.01859          291.29         71.9852          434.69 
        1.02471         287.366         71.0001         432.302 
        1.03085         284.876         70.0302         430.831 
        1.03698         283.389         69.0805           429.1 
        1.04314         279.332         68.1442         425.571 
        1.04929         276.975          67.227         422.131 
        1.05541         274.816         66.3297         419.711 
        1.06154         271.006         65.4464         417.619 
        1.06769         269.285         64.5783         414.608 
        1.07382          266.54         63.7301         411.904 
        1.07993          264.32         62.9005         410.011 
        1.08607         260.638         62.0832         407.479 
        1.09222         257.801         61.2799         405.191 
        1.09836         255.532         60.4912         403.296 
        1.10449          253.34         59.7167         401.712 
        1.11063         250.807         58.9542         398.537 
        1.11677         248.944         58.2047         396.423 
         1.1229         247.099         57.4691         393.804 
        1.12903         243.407         56.7453          392.03 
        1.13518         240.651         56.0336         388.783 
        1.14131         238.585          55.335         387.644 
        1.14745         236.798         54.6494         384.581 
        1.15359         234.247         53.9759         383.382 
        1.15973         231.335          53.314         381.089 
        1.16584         230.465         52.6667         379.054 
        1.17197         228.142         52.0295         377.377 
        1.17811         225.488         51.4006         374.629 
        1.18424         222.612         50.7833         372.402 
        1.19038         221.279         50.1735          371.22 
        1.19652         218.989         49.5734         368.291 
        1.20267         216.976         48.9833         366.436 
        1.20881         215.737         48.4039         364.926 
        1.21495         213.594         47.8363         362.286 
        1.22108         210.671         47.2789         359.992 
         1.2272         209.237         46.7319         359.043 
        1.23334         206.542         46.1919         356.657 
        1.23949         205.108         45.6581         354.756 
        1.24562         203.429         45.1334         352.657 
        1.25174         201.398         44.6172         351.084 
        1.25789         198.978         44.1075         348.822 
        1.26402         197.623         43.6069         347.609 
        1.27014         195.128         43.1155         345.363 
        1.27628         193.797         42.6304         344.248 
        1.28244         192.054         42.1518         342.606 
        1.28858         189.352         41.6809         340.478 
        1.29471         188.008         41.2183         337.991 
        1.30084         186.376         40.7632         335.917 
        1.30697         184.987         40.3146         334.856 
        1.31312         183.083         39.8726         333.135 
        1.31925         180.846          39.439         331.159 
        1.32537         179.235         39.0126          329.19 
        1.33151         178.077         38.5911         327.926 
        1.33765         176.235         38.1759         326.362 
        1.34378         174.775         37.7675         324.073 
        1.34992         172.302         37.3645         322.575 
        1.35606         171.517         36.9663         320.656 
         1.3622         169.799         36.5745         319.517 
        1.36833         168.221         36.1891         318.305 
        1.37445         166.324         35.8094         315.793 
        1.38059          164.78          35.434         314.721 
        1.38675         162.541         35.0633         313.396 
        1.39288         162.265         34.6997         311.251 
        1.39901         160.228         34.3416         309.548 
        1.40515         158.961          33.988         308.017 
         1.4113         156.886         33.6394         306.267 
        1.41742          155.62         33.2967          304.59 
        1.42355         154.107         32.9578         303.438 
         1.4297         152.526         32.6223         301.328 
        1.43585         151.547         32.2915         300.584 
        1.44198         150.388         31.9668         298.765 
        1.44809         148.763         31.6477         297.196 
        1.45423          147.42         31.3323         295.329 
        1.46036         146.038         31.0223         294.105 
        1.46649         144.718         30.7165         292.844 
        1.47263         143.388         30.4145         291.054 
        1.47877         141.852         30.1163         289.253 
        1.48491         140.517         29.8212         287.663 
        1.49104         139.361         29.5304         286.676 
        1.49718         138.024          29.243         285.836 
        1.50333          136.57         28.9588         283.551 
        1.50947         135.588         28.6791         282.096 
         1.5156         134.061         28.4036         281.309 
        1.52172         133.071          28.132         279.836 
        1.52787         131.812         27.8635         278.436 
          1.534         130.619         27.5991         276.889 
        1.54013          129.56         27.3387         275.619 
        1.54627         128.328         27.0814         274.639 
        1.55241         127.176         26.8275         273.375 
        1.55855         126.119         26.5771         271.725 
        1.56467         124.698         26.3303         270.203 
         1.5708         123.713         26.0858         268.894 
