0.00783031 7675.93
0.013688 10772.9
0.019231 8220.48
0.0249154 8892.31
0.0312784 9353.93
0.0375637 8260.22
0.0433917 9435.57
0.0492413 9202.76
0.0555754 9575.68
0.0619321 9135.3
0.067871 8425.99
0.0738098 8119.32
0.0800417 8438.73
0.0862327 8447.77
0.0921407 8078.79
0.0982031 8042.55
0.104506 7667.36
0.110769 7735.74
0.116806 7575.47
0.122832 7199.95
0.129052 7643.78
0.135211 7221.91
0.141259 7129.7
0.147318 7096.19
0.153489 7199.05
0.159709 6780.25
0.165845 6728.6
0.171974 6676.75
0.178125 6681.15
0.184229 6384.41
0.19034 6272.23
0.196428 6217.11
0.202534 6039.97
0.208729 5984.77
0.214876 5959.32
0.220989 5947.33
0.227147 5870.55
0.23329 5863.66
0.239377 5713.53
0.245482 5783.44
0.251667 5641.09
0.257832 5473.04
0.263955 5416.2
0.270079 5390.5
0.27624 5390.84
0.282372 5301.44
0.28843 5188.25
0.294538 5190.69
0.300721 5100.14
0.30691 5027.1
0.313033 5100.85
0.319153 4999.32
0.325316 4973.39
0.33145 4899.62
0.337538 4961.09
0.343633 4835.9
0.349808 4829.32
0.355968 4816.72
0.362074 4759.62
0.368217 4684.87
0.374374 4627.04
0.380519 4646.02
0.386598 4567.96
0.392688 4559.44
0.39888 4538.57
0.405048 4486.13
0.411186 4484.58
0.417313 4500.38
0.423458 4433.51
0.429607 4399.63
0.435692 4385.36
0.441815 4326.94
0.447964 4319.72
0.454126 4288.43
0.460267 4263.75
0.466387 4282.73
0.47254 4237.01
0.478662 4206.17
0.484765 4183.15
0.490885 4164.21
0.497035 4153.2
0.503198 4147.44
0.509342 4112.02
0.515458 4082.66
0.521598 4055.58
0.527764 4062.25
0.533884 4021.22
0.54 4020.88
0.546137 4027.67
0.552299 3959.96
0.558452 3962.81
0.564573 3930.09
0.570708 3907.25
0.576825 3910.67
0.582926 3904.53
0.589034 3876.62
0.595184 3905.7
0.601379 3873.83
0.607522 3840.68
0.613639 3840.58
0.619772 3804.91
0.625918 3827.54
0.632068 3786.13
0.638161 3766.7
0.6443 3760.63
0.650464 3730.31
0.656582 3732.19
0.662703 3734.95
0.668861 3699.61
0.675024 3693.41
0.681124 3706.65
0.687237 3689.16
0.693381 3657.83
0.699536 3649.32
0.705665 3643.9
0.711789 3635.6
0.717957 3610.43
0.72409 3594.85
0.730186 3592.78
0.736317 3570.31
0.742472 3589.76
0.748622 3573.59
0.75476 3547.25
0.760888 3534.45
0.767043 3546.24
0.773185 3533.51
0.779291 3514.31
0.785407 3490.8
0.791564 3480.84
0.797719 3483.25
0.803834 3477.6
0.809972 3474.6
0.816124 3460.29
0.822261 3449.96
0.828378 3434.66
0.834502 3424.2
0.840667 3421.17
0.846816 3413.98
0.852925 3410.06
0.859047 3403.41
0.865192 3391.33
0.871341 3400.68
0.877463 3382.92
0.883569 3362.02
0.889708 3352.54
0.895864 3348.54
0.902008 3352.21
0.908149 3346.17
0.914301 3342.79
0.920448 3331.51
0.926574 3311.01
0.932687 3301.15
0.938823 3302.4
0.944975 3292.76
0.951105 3281.87
0.957225 3262.24
0.963368 3269.31
0.969511 3244.91
0.975621 3252.59
0.981748 3243.13
0.987916 3236.57
0.99406 3230.03
1.00019 3213.76
1.00632 3218.61
1.01246 3220.65
1.01859 3199.2
1.02471 3193.99
1.03085 3205.29
1.03698 3173.65
1.04314 3175.65
1.04929 3191.7
1.05541 3164.46
1.06154 3153.17
1.06769 3159.86
1.07382 3149.19
1.07993 3141.02
1.08607 3144.86
1.09222 3134.1
1.09836 3131.03
1.10449 3118.52
1.11063 3110.61
1.11677 3089.57
1.1229 3097.2
1.12903 3097.59
1.13518 3090.1
1.14131 3079.5
1.14745 3076.82
1.15359 3062.59
1.15973 3048.76
1.16584 3057.27
1.17197 3053.95
1.17811 3042.24
1.18424 3032.24
1.19038 3038.23
1.19652 3033.39
1.20267 3016.56
1.20881 3014.97
1.21495 3017.27
1.22108 3010.04
1.2272 2999.09
1.23334 2996.09
1.23949 2998.59
1.24562 2978.83
1.25174 2973.97
1.25789 2969.12
1.26402 2964.21
1.27014 2960.05
1.27628 2943.64
1.28244 2948.04
1.28858 2939.17
1.29471 2933.87
1.30084 2928.8
1.30697 2924.92
1.31312 2923.87
1.31925 2909.44
1.32537 2906.57
1.33151 2893.87
1.33765 2889.33
1.34378 2881.29
1.34992 2885.57
1.35606 2879.66
1.3622 2866.48
1.36833 2868.93
1.37445 2866.15
1.38059 2861.25
1.38675 2852.34
1.39288 2847.41
1.39901 2837.48
1.40515 2838.41
1.4113 2833.3
1.41742 2824.9
1.42355 2822.53
1.4297 2818.18
1.43585 2801.03
1.44198 2799.05
1.44809 2795.67
1.45423 2792.28
1.46036 2784.76
1.46649 2780.81
1.47263 2779.32
1.47877 2772.22
1.48491 2772.18
1.49104 2752.76
1.49718 2756.59
1.50333 2747.87
1.50947 2742.07
1.5156 2728.44
1.52172 2727.19
1.52787 2727.32
1.534 2721.96
1.54013 2716.31
1.54627 2712.21
1.55241 2699.49
1.55855 2708.24
1.56467 2692.78
1.5708 2693.55
