0.00783031 17.9125
0.013688 10.9857
0.019231 -10.5191
0.0249154 -2.92372
0.0312784 -3.71036
0.0375637 8.50639
0.0433917 6.07871
0.0492413 2.9956
0.0555754 7.67476
0.0619321 7.4889
0.067871 6.62757
0.0738098 7.108
0.0800417 11.8733
0.0862327 12.0955
0.0921407 12.1916
0.0982031 11.9392
0.104506 10.0954
0.110769 13.7734
0.116806 15.8534
0.122832 18.7391
0.129052 17.6225
0.135211 19.1494
0.141259 19.1574
0.147318 20.784
0.153489 21.4184
0.159709 24.2415
0.165845 24.5011
0.171974 24.5149
0.178125 26.6031
0.184229 27.7126
0.19034 27.5529
0.196428 29.8442
0.202534 29.8838
0.208729 29.7125
0.214876 30.9277
0.220989 31.7785
0.227147 31.4512
0.23329 34.8713
0.239377 34.127
0.245482 35.576
0.251667 35.8046
0.257832 37.3762
0.263955 37.4384
0.270079 38.4101
0.27624 38.8558
0.282372 38.4498
0.28843 40.6059
0.294538 40.5082
0.300721 41.3896
0.30691 41.2302
0.313033 42.8722
0.319153 43.9531
0.325316 44.1752
0.33145 44.819
0.337538 44.4577
0.343633 45.0475
0.349808 45.132
0.355968 46.519
0.362074 46.8861
0.368217 46.8265
0.374374 48.1103
0.380519 48.8605
0.386598 48.7643
0.392688 48.672
0.39888 49.7385
0.405048 49.4741
0.411186 50.5197
0.417313 51.0163
0.423458 51.0076
0.429607 51.4378
0.435692 51.8518
0.441815 51.7094
0.447964 51.8403
0.454126 53.024
0.460267 53.999
0.466387 53.2531
0.47254 54.3518
0.478662 54.0334
0.484765 54.775
0.490885 54.5709
0.497035 54.8251
0.503198 54.9943
0.509342 55.3899
0.515458 54.4374
0.521598 54.7119
0.527764 55.7134
0.533884 56.4338
0.54 56.0799
0.546137 56.5705
0.552299 56.5534
0.558452 56.5929
0.564573 57.2169
0.570708 57.2735
0.576825 56.6369
0.582926 57.7006
0.589034 57.8331
0.595184 57.4017
0.601379 58.0399
0.607522 57.3329
0.613639 57.5887
0.619772 58.1728
0.625918 57.853
0.632068 58.3764
0.638161 57.4329
0.6443 57.8095
0.650464 57.823
0.656582 58.7519
0.662703 58.0932
0.668861 57.8555
0.675024 58.4702
0.681124 57.9012
0.687237 58.5189
0.693381 58.2827
0.699536 57.5896
0.705665 57.941
0.711789 58.4616
0.717957 58.4073
0.72409 58.0059
0.730186 57.5643
0.736317 57.3048
0.742472 58.53
0.748622 57.8948
0.75476 57.624
0.760888 57.3893
0.767043 57.649
0.773185 57.5746
0.779291 56.6122
0.785407 56.6277
0.791564 56.9554
0.797719 56.445
0.803834 56.6378
0.809972 56.4991
0.816124 55.7621
0.822261 55.9869
0.828378 55.2076
0.834502 55.5519
0.840667 55.4466
0.846816 55.2033
0.852925 54.8194
0.859047 54.8093
0.865192 54.4365
0.871341 54.4429
0.877463 54.2929
0.883569 54.3042
0.889708 54.0052
0.895864 53.369
0.902008 53.6769
0.908149 53.3689
0.914301 52.8595
0.920448 52.9722
0.926574 52.154
0.932687 52.2657
0.938823 51.735
0.944975 51.5129
0.951105 51.9113
0.957225 51.3008
0.963368 50.8429
0.969511 50.33
0.975621 50.2256
0.981748 50.0356
0.987916 49.3056
0.99406 49.1987
1.00019 49.0813
1.00632 48.3455
1.01246 48.6726
1.01859 48.5881
1.02471 47.995
1.03085 48.055
1.03698 47.8543
1.04314 47.3183
1.04929 47.0987
1.05541 47.3899
1.06154 46.8103
1.06769 46.2831
1.07382 46.4109
1.07993 45.6132
1.08607 45.2971
1.09222 45.2493
1.09836 45.1148
1.10449 44.6709
1.11063 44.279
1.11677 43.9221
1.1229 43.974
1.12903 43.1172
1.13518 43.1978
1.14131 43.3829
1.14745 42.58
1.15359 42.5785
1.15973 41.8148
1.16584 41.7903
1.17197 41.4817
1.17811 41.7454
1.18424 41.1854
1.19038 41.0976
1.19652 40.6432
1.20267 40.0723
1.20881 39.9583
1.21495 40.0123
1.22108 39.3246
1.2272 39.3687
1.23334 39.2399
1.23949 38.8173
1.24562 38.6032
1.25174 38.4108
1.25789 38.0146
1.26402 38.1123
1.27014 37.6859
1.27628 37.5948
1.28244 37.1371
1.28858 36.7597
1.29471 36.5206
1.30084 36.3595
1.30697 36.0111
1.31312 35.651
1.31925 35.5661
1.32537 35.3069
1.33151 35.2873
1.33765 35.3684
1.34378 34.9806
1.34992 34.5656
1.35606 34.0606
1.3622 34.0748
1.36833 34.1601
1.37445 34.0278
1.38059 33.4829
1.38675 33.2954
1.39288 33.2667
1.39901 32.9713
1.40515 32.7542
1.4113 32.6798
1.41742 32.2402
1.42355 31.9364
1.4297 32.0874
1.43585 31.857
1.44198 31.8048
1.44809 31.6209
1.45423 31.0858
1.46036 31.1761
1.46649 30.7651
1.47263 30.6938
1.47877 30.3231
1.48491 30.3419
1.49104 30.2686
1.49718 29.7461
1.50333 29.6017
1.50947 29.4798
1.5156 29.4915
1.52172 29.3384
1.52787 28.9569
1.534 28.6155
1.54013 28.7449
1.54627 28.5299
1.55241 27.8833
1.55855 27.9065
1.56467 27.9054
1.5708 28.0038
