0.00783031 17277
0.013688 21415.3
0.019231 21992.2
0.0249154 20584.3
0.0312784 17893.7
0.0375637 15376.1
0.0433917 13620.3
0.0492413 12418.8
0.0555754 11182.2
0.0619321 10868.9
0.067871 10331.4
0.0738098 9467.45
0.0800417 8910.11
0.0862327 8155.67
0.0921407 7171.92
0.0982031 6742.04
0.104506 6328.53
0.110769 6020.73
0.116806 5767.94
0.122832 5597.95
0.129052 5396.47
0.135211 5060.99
0.141259 4916.2
0.147318 4639.99
0.153489 4465.72
0.159709 4204.81
0.165845 4198.83
0.171974 3913.43
0.178125 3771.64
0.184229 3806
0.19034 3716.76
0.196428 3620.36
0.202534 3439.97
0.208729 3312.92
0.214876 3335.09
0.220989 3175.96
0.227147 3160.2
0.23329 3029.35
0.239377 3043.44
0.245482 2936.45
0.251667 2860.64
0.257832 2877
0.263955 2764.83
0.270079 2765.81
0.27624 2693.48
0.282372 2623.59
0.28843 2617.91
0.294538 2529.65
0.300721 2504.68
0.30691 2512.04
0.313033 2443.41
0.319153 2417.85
0.325316 2405.3
0.33145 2352.8
0.337538 2338
0.343633 2344.93
0.349808 2269.63
0.355968 2243.87
0.362074 2227.78
0.368217 2215.83
0.374374 2160.7
0.380519 2163.98
0.386598 2151.04
0.392688 2099.39
0.39888 2106.1
0.405048 2075.82
0.411186 2076.47
0.417313 2057.34
0.423458 2007.17
0.429607 1976.39
0.435692 1974.65
0.441815 1953.86
0.447964 1943.83
0.454126 1929.88
0.460267 1913.77
0.466387 1885.05
0.47254 1887.13
0.478662 1852.92
0.484765 1855.51
0.490885 1837.04
0.497035 1825.17
0.503198 1821.33
0.509342 1804.26
0.515458 1776.94
0.521598 1781.58
0.527764 1770.04
0.533884 1753.24
0.54 1768.51
0.546137 1740.62
0.552299 1734.87
0.558452 1709.31
0.564573 1698.41
0.570708 1692.73
0.576825 1686.51
0.582926 1677.32
0.589034 1673.26
0.595184 1637.07
0.601379 1634.77
0.607522 1635.25
0.613639 1629.53
0.619772 1614.26
0.625918 1591.53
0.632068 1595.6
0.638161 1585.29
0.6443 1576.41
0.650464 1572.78
0.656582 1551.1
0.662703 1554.21
0.668861 1542.65
0.675024 1531.9
0.681124 1523.86
0.687237 1524.87
0.693381 1505.95
0.699536 1496.23
0.705665 1490.03
0.711789 1483.53
0.717957 1478.14
0.72409 1470.65
0.730186 1463.97
0.736317 1456.42
0.742472 1436.9
0.748622 1440.04
0.75476 1435.13
0.760888 1422.97
0.767043 1416.58
0.773185 1419.53
0.779291 1401.22
0.785407 1395.49
0.791564 1389.46
0.797719 1380.07
0.803834 1373.05
0.809972 1374.91
0.816124 1364.05
0.822261 1348.77
0.828378 1348.66
0.834502 1344.73
0.840667 1340.66
0.846816 1328.51
0.852925 1319.08
0.859047 1314.05
0.865192 1309.34
0.871341 1304.52
0.877463 1298.26
0.883569 1285.39
0.889708 1283.83
0.895864 1267.03
0.902008 1264.46
0.908149 1263.4
0.914301 1255.31
0.920448 1254.11
0.926574 1238.98
0.932687 1234.54
0.938823 1231.21
0.944975 1223.92
0.951105 1214.67
0.957225 1210.76
0.963368 1204.81
0.969511 1197.49
0.975621 1189.74
0.981748 1185.59
0.987916 1179.85
0.99406 1172.7
1.00019 1163.94
1.00632 1159.84
1.01246 1155.94
1.01859 1149.62
1.02471 1136.45
1.03085 1133.7
1.03698 1127.43
1.04314 1115.6
1.04929 1116.34
1.05541 1108.92
1.06154 1102.37
1.06769 1096.46
1.07382 1089.93
1.07993 1087.05
1.08607 1079.38
1.09222 1076.52
1.09836 1063.94
1.10449 1059.12
1.11063 1060.66
1.11677 1049.76
1.1229 1047.26
1.12903 1044.63
1.13518 1037.35
1.14131 1028.54
1.14745 1024.51
1.15359 1017.94
1.15973 1009.4
1.16584 1005.49
1.17197 993.715
1.17811 991.705
1.18424 988.436
1.19038 983.469
1.19652 981.124
1.20267 971.885
1.20881 969.74
1.21495 960.722
1.22108 956.639
1.2272 951.876
1.23334 947.382
1.23949 942.54
1.24562 932.498
1.25174 929.269
1.25789 926.319
1.26402 923.266
1.27014 917.189
1.27628 911.815
1.28244 905.995
1.28858 902.707
1.29471 895.65
1.30084 890.466
1.30697 884.013
1.31312 878.435
1.31925 878.485
1.32537 875
1.33151 867.097
1.33765 863.236
1.34378 856.957
1.34992 850.415
1.35606 847.699
1.3622 845.758
1.36833 840.971
1.37445 836.495
1.38059 832.827
1.38675 825.485
1.39288 820.863
1.39901 816.115
1.40515 813.442
1.4113 807.451
1.41742 803.611
1.42355 799.018
1.4297 793.817
1.43585 791.62
1.44198 788.084
1.44809 784.323
1.45423 779.522
1.46036 773.57
1.46649 768.587
1.47263 768.388
1.47877 760.406
1.48491 756.68
1.49104 756.028
1.49718 752.709
1.50333 746.487
1.50947 742.924
1.5156 737.303
1.52172 735.049
1.52787 729.142
1.534 727.89
1.54013 724.987
1.54627 719.753
1.55241 716.357
1.55855 711.847
1.56467 707.504
1.5708 706.315
