0.00783031 19823.4
0.013688 25767.4
0.019231 25918.6
0.0249154 23736.1
0.0312784 20156.9
0.0375637 17304.6
0.0433917 15120.6
0.0492413 13558.9
0.0555754 12108.3
0.0619321 11444.7
0.067871 10705.8
0.0738098 9703.22
0.0800417 8893.02
0.0862327 8018.5
0.0921407 6862.15
0.0982031 6353.12
0.104506 5861.23
0.110769 5454.53
0.116806 5186.97
0.122832 4980.88
0.129052 4739.81
0.135211 4402.16
0.141259 4170.69
0.147318 3886.05
0.153489 3670.9
0.159709 3416.86
0.165845 3347.93
0.171974 3079.67
0.178125 2935.28
0.184229 2949.79
0.19034 2856.41
0.196428 2728.37
0.202534 2566.3
0.208729 2436.67
0.214876 2417.66
0.220989 2281.87
0.227147 2245.8
0.23329 2126.47
0.239377 2131.9
0.245482 2030.24
0.251667 1960.2
0.257832 1946.52
0.263955 1847.15
0.270079 1839.67
0.27624 1767
0.282372 1712.19
0.28843 1684.98
0.294538 1618.14
0.300721 1598.8
0.30691 1575.38
0.313033 1520.44
0.319153 1494.88
0.325316 1471.69
0.33145 1420.75
0.337538 1407.9
0.343633 1405.14
0.349808 1348.17
0.355968 1318.77
0.362074 1300.13
0.368217 1281.51
0.374374 1248.2
0.380519 1235.98
0.386598 1215.68
0.392688 1183.59
0.39888 1178.17
0.405048 1150.89
0.411186 1140.21
0.417313 1126.62
0.423458 1092.62
0.429607 1063.14
0.435692 1058.09
0.441815 1040.77
0.447964 1031.22
0.454126 1013.99
0.460267 996.521
0.466387 980.582
0.47254 978.863
0.478662 952.817
0.484765 947.694
0.490885 930.686
0.497035 919.13
0.503198 910.42
0.509342 898.296
0.515458 882.863
0.521598 877.728
0.527764 868.143
0.533884 856.605
0.54 857.456
0.546137 837.788
0.552299 831.686
0.558452 814.115
0.564573 804.57
0.570708 800.441
0.576825 791.796
0.582926 784.832
0.589034 777.583
0.595184 757.438
0.601379 752.436
0.607522 748.874
0.613639 741.281
0.619772 732.201
0.625918 721.657
0.632068 720.384
0.638161 710.321
0.6443 703.661
0.650464 698.932
0.656582 684.897
0.662703 684.984
0.668861 677.517
0.675024 670.845
0.681124 663.163
0.687237 661.125
0.693381 648.489
0.699536 643.115
0.705665 636.827
0.711789 633.734
0.717957 628.204
0.72409 622.129
0.730186 615.473
0.736317 610.55
0.742472 600.961
0.748622 599.522
0.75476 595.073
0.760888 588.515
0.767043 584.545
0.773185 580.905
0.779291 574.056
0.785407 570.971
0.791564 565.769
0.797719 559.474
0.803834 556.086
0.809972 553.514
0.816124 548.263
0.822261 541.215
0.828378 536.638
0.834502 535.974
0.840667 531.717
0.846816 523.979
0.852925 520.707
0.859047 516.129
0.865192 515.317
0.871341 508.767
0.877463 505.624
0.883569 499.882
0.889708 495.312
0.895864 491.159
0.902008 487.987
0.908149 483.552
0.914301 480.413
0.920448 478.645
0.926574 472.024
0.932687 470.767
0.938823 465.383
0.944975 462.862
0.951105 459.605
0.957225 456.048
0.963368 451.439
0.969511 448.368
0.975621 445.156
0.981748 441.09
0.987916 437.622
0.99406 434.477
1.00019 432.191
1.00632 425.735
1.01246 425.099
1.01859 419.805
1.02471 417.313
1.03085 412.389
1.03698 409.177
1.04314 405.05
1.04929 403.912
1.05541 401.469
1.06154 396.29
1.06769 394.5
1.07382 390.327
1.07993 387.607
1.08607 384.524
1.09222 382.29
1.09836 377.172
1.10449 374.091
1.11063 373.338
1.11677 368.834
1.1229 365.503
1.12903 363.459
1.13518 360.703
1.14131 358.318
1.14745 354.495
1.15359 351.759
1.15973 348.36
1.16584 345.393
1.17197 342.052
1.17811 338.719
1.18424 336.347
1.19038 333.683
1.19652 332.716
1.20267 328.688
1.20881 325.291
1.21495 322.139
1.22108 319.261
1.2272 319.054
1.23334 315.707
1.23949 313.297
1.24562 308.695
1.25174 306.712
1.25789 305.059
1.26402 302.793
1.27014 299.474
1.27628 298.036
1.28244 294.742
1.28858 292.482
1.29471 289.93
1.30084 287.394
1.30697 284.478
1.31312 283.64
1.31925 281.445
1.32537 278.469
1.33151 276.011
1.33765 273.569
1.34378 271.434
1.34992 268.824
1.35606 266.903
1.3622 265.72
1.36833 262.863
1.37445 261.003
1.38059 258.658
1.38675 256.176
1.39288 254.796
1.39901 252.445
1.40515 250.78
1.4113 248.095
1.41742 246.339
1.42355 243.809
1.4297 241.871
1.43585 240.583
1.44198 239.246
1.44809 237.09
1.45423 234.377
1.46036 232.693
1.46649 230.629
1.47263 229.742
1.47877 226.875
1.48491 224.995
1.49104 223.914
1.49718 222.836
1.50333 220.545
1.50947 218.734
1.5156 216.298
1.52172 215.433
1.52787 213.71
1.534 211.829
1.54013 210.487
1.54627 208.585
1.55241 207.058
1.55855 205.265
1.56467 203.204
1.5708 202.329
