0.00783031 5668.33
0.013688 2551.45
0.019231 3146.71
0.0249154 3371.97
0.0312784 3543.25
0.0375637 2970.78
0.0433917 2603.2
0.0492413 3004.01
0.0555754 2453.54
0.0619321 2254.84
0.067871 2223.41
0.0738098 2053.14
0.0800417 2058.41
0.0862327 1881.2
0.0921407 1753.03
0.0982031 1756.68
0.104506 1629.13
0.110769 1517.39
0.116806 1454.44
0.122832 1421.63
0.129052 1371.2
0.135211 1340.99
0.141259 1304.17
0.147318 1226.42
0.153489 1186.89
0.159709 1165.1
0.165845 1117.41
0.171974 1058.21
0.178125 1031.65
0.184229 1001.69
0.19034 963.193
0.196428 934.868
0.202534 908.078
0.208729 877.957
0.214876 871.732
0.220989 838.037
0.227147 811.641
0.23329 786.528
0.239377 785.251
0.245482 755.709
0.251667 727.063
0.257832 718.94
0.263955 714.922
0.270079 692.171
0.27624 665.649
0.282372 655.202
0.28843 636.357
0.294538 626.989
0.300721 614.365
0.30691 606.229
0.313033 590.348
0.319153 578.922
0.325316 568.475
0.33145 554.233
0.337538 547.415
0.343633 537.553
0.349808 521.214
0.355968 520.366
0.362074 508.952
0.368217 494.23
0.374374 493.494
0.380519 487.999
0.386598 480.034
0.392688 464.695
0.39888 457.99
0.405048 451.53
0.411186 440.94
0.417313 440.019
0.423458 434.205
0.429607 426.836
0.435692 416.835
0.441815 413.992
0.447964 405.511
0.454126 402.803
0.460267 399.002
0.466387 393.988
0.47254 387.419
0.478662 382.72
0.484765 376.282
0.490885 374.115
0.497035 367.2
0.503198 363.228
0.509342 355.745
0.515458 350.478
0.521598 350.191
0.527764 346.083
0.533884 341.98
0.54 337.549
0.546137 334.198
0.552299 332.754
0.558452 327.31
0.564573 322.084
0.570708 320.288
0.576825 315.01
0.582926 311.591
0.589034 307.971
0.595184 306.635
0.601379 302.453
0.607522 297.458
0.613639 295.46
0.619772 293.384
0.625918 289.152
0.632068 286.948
0.638161 286.824
0.6443 282.321
0.650464 279.954
0.656582 277.423
0.662703 274.753
0.668861 271.058
0.675024 269.794
0.681124 265.91
0.687237 264.35
0.693381 260.719
0.699536 260.595
0.705665 259.592
0.711789 254.589
0.717957 252.15
0.72409 252.214
0.730186 248.402
0.736317 246.964
0.742472 245.71
0.748622 243.894
0.75476 241.805
0.760888 238.873
0.767043 237.968
0.773185 234.523
0.779291 234.866
0.785407 232.111
0.791564 230.729
0.797719 228.232
0.803834 227.049
0.809972 225.39
0.816124 223.19
0.822261 222.514
0.828378 220.072
0.834502 219
0.840667 218.225
0.846816 217.079
0.852925 214.43
0.859047 213.984
0.865192 213.583
0.871341 211.565
0.877463 209.712
0.883569 208.99
0.889708 206.852
0.895864 205.084
0.902008 204.657
0.908149 202.051
0.914301 201.484
0.920448 201.378
0.926574 199.139
0.932687 199.094
0.938823 197.59
0.944975 196.394
0.951105 194.641
0.957225 193.045
0.963368 193.29
0.969511 191.829
0.975621 190.083
0.981748 189.062
0.987916 188.53
0.99406 187.668
1.00019 186.452
1.00632 185.161
1.01246 184.296
1.01859 183.304
1.02471 182.703
1.03085 182.287
1.03698 180.636
1.04314 180.273
1.04929 179.419
1.05541 178.069
1.06154 176.893
1.06769 175.616
1.07382 175.877
1.07993 175.462
1.08607 173.512
1.09222 172.45
1.09836 172.121
1.10449 172.163
1.11063 170.95
1.11677 170.316
1.1229 169.349
1.12903 168.092
1.13518 168.203
1.14131 167.001
1.14745 166.179
1.15359 165.375
1.15973 164.795
1.16584 164.532
1.17197 163.521
1.17811 163.194
1.18424 162.131
1.19038 161.503
1.19652 160.923
1.20267 160.701
1.20881 159.586
1.21495 158.924
1.22108 158.83
1.2272 158.226
1.23334 157.422
1.23949 156.995
1.24562 155.776
1.25174 155.973
1.25789 155.27
1.26402 154.919
1.27014 154.177
1.27628 153.254
1.28244 153.109
1.28858 152.648
1.29471 151.64
1.30084 151.3
1.30697 150.377
1.31312 149.776
1.31925 150.005
1.32537 148.942
1.33151 148.609
1.33765 148.125
1.34378 147.699
1.34992 147.231
1.35606 146.01
1.3622 146.357
1.36833 145.418
1.37445 145.289
1.38059 144.936
1.38675 143.821
1.39288 143.902
1.39901 143.316
1.40515 143.141
1.4113 142.541
1.41742 142.118
1.42355 141.342
1.4297 141.374
1.43585 140.81
1.44198 140.532
1.44809 139.707
1.45423 139.323
1.46036 139.006
1.46649 138.265
1.47263 138.365
1.47877 137.74
1.48491 137.664
1.49104 137.348
1.49718 136.689
1.50333 136.286
1.50947 136.124
1.5156 135.312
1.52172 135.001
1.52787 135.09
1.534 134.5
1.54013 133.861
1.54627 133.739
1.55241 133.344
1.55855 133.167
1.56467 132.573
1.5708 132.173
