0.00783031 21408.8
0.013688 26405.6
0.019231 26703
0.0249154 24363.3
0.0312784 21415.3
0.0375637 17575.9
0.0433917 15823.8
0.0492413 14078.3
0.0555754 13268.9
0.0619321 11854.6
0.067871 11513
0.0738098 10650.4
0.0800417 9982.81
0.0862327 8928.32
0.0921407 8026.79
0.0982031 7179.05
0.104506 7076.01
0.110769 6355.85
0.116806 6160.81
0.122832 6126.81
0.129052 5847.15
0.135211 5413.34
0.141259 5358.16
0.147318 4951.58
0.153489 4615.68
0.159709 4463.51
0.165845 4339.27
0.171974 4214.63
0.178125 4030.86
0.184229 3958.36
0.19034 3914.04
0.196428 3759.29
0.202534 3635.1
0.208729 3520.97
0.214876 3426.39
0.220989 3282.35
0.227147 3245.93
0.23329 3144.81
0.239377 3067.76
0.245482 3013.03
0.251667 2980.84
0.257832 2881.48
0.263955 2894.69
0.270079 2780.67
0.27624 2728.95
0.282372 2659.88
0.28843 2694.73
0.294538 2645.84
0.300721 2540.94
0.30691 2555.31
0.313033 2460.75
0.319153 2441.32
0.325316 2421.91
0.33145 2369.1
0.337538 2374.89
0.343633 2286.55
0.349808 2266.09
0.355968 2289.1
0.362074 2200.3
0.368217 2208.28
0.374374 2163.27
0.380519 2138.6
0.386598 2116.9
0.392688 2106.23
0.39888 2077.72
0.405048 2060.84
0.411186 2021.95
0.417313 2017.96
0.423458 2004.51
0.429607 1967.77
0.435692 1951.72
0.441815 1919.59
0.447964 1896.95
0.454126 1894.56
0.460267 1874.75
0.466387 1849.08
0.47254 1812.08
0.478662 1822.25
0.484765 1799.91
0.490885 1773.51
0.497035 1768.58
0.503198 1738.02
0.509342 1739.52
0.515458 1705.99
0.521598 1715.86
0.527764 1692.44
0.533884 1668.37
0.54 1660.53
0.546137 1657.58
0.552299 1637.61
0.558452 1640.38
0.564573 1593.92
0.570708 1599.45
0.576825 1592.2
0.582926 1577.77
0.589034 1567.05
0.595184 1553.16
0.601379 1543.87
0.607522 1531.4
0.613639 1520.63
0.619772 1507.83
0.625918 1498.75
0.632068 1486.35
0.638161 1475.18
0.6443 1463.78
0.650464 1461.31
0.656582 1449.73
0.662703 1437.42
0.668861 1426.9
0.675024 1416.59
0.681124 1404.88
0.687237 1397.47
0.693381 1379.82
0.699536 1372.9
0.705665 1377.44
0.711789 1356.23
0.717957 1344.26
0.72409 1339.46
0.730186 1329.9
0.736317 1316.58
0.742472 1320.47
0.748622 1308.9
0.75476 1300.51
0.760888 1288.93
0.767043 1282.67
0.773185 1271.24
0.779291 1263.47
0.785407 1254.98
0.791564 1248.07
0.797719 1231.9
0.803834 1235.97
0.809972 1219.06
0.816124 1214.45
0.822261 1208.64
0.828378 1200.64
0.834502 1188.04
0.840667 1176.21
0.846816 1175.23
0.852925 1164.73
0.859047 1160.52
0.865192 1150.8
0.871341 1145.95
0.877463 1138.83
0.883569 1130.01
0.889708 1123.72
0.895864 1115.84
0.902008 1112.17
0.908149 1102.55
0.914301 1092.3
0.920448 1087.09
0.926574 1084.12
0.932687 1073.88
0.938823 1065.83
0.944975 1060.04
0.951105 1055.95
0.957225 1047.68
0.963368 1042.18
0.969511 1034.61
0.975621 1028.08
0.981748 1025.64
0.987916 1016.7
0.99406 1013.67
1.00019 1004.31
1.00632 999.992
1.01246 992.813
1.01859 984.138
1.02471 983.893
1.03085 976.435
1.03698 965.871
1.04314 960.141
1.04929 957.069
1.05541 950.439
1.06154 941.613
1.06769 937.473
1.07382 934.284
1.07993 930.428
1.08607 923.39
1.09222 917.48
1.09836 909.053
1.10449 908.793
1.11063 904.378
1.11677 897.069
1.1229 888.142
1.12903 881.142
1.13518 875.154
1.14131 872.551
1.14745 871.198
1.15359 863.821
1.15973 862.405
1.16584 850.003
1.17197 849.118
1.17811 844.806
1.18424 835.536
1.19038 830.094
1.19652 828.327
1.20267 821.981
1.20881 818.092
1.21495 812.139
1.22108 807.724
1.2272 804.355
1.23334 798.183
1.23949 796.837
1.24562 790.05
1.25174 783.959
1.25789 779.491
1.26402 776.273
1.27014 770.323
1.27628 765.864
1.28244 759.488
1.28858 759.702
1.29471 753.595
1.30084 748.524
1.30697 742.792
1.31312 738.411
1.31925 736.179
1.32537 732.034
1.33151 724.668
1.33765 723.223
1.34378 717.429
1.34992 714.722
1.35606 710.822
1.3622 704.605
1.36833 700.821
1.37445 698.866
1.38059 693.479
1.38675 688.221
1.39288 684.193
1.39901 680.952
1.40515 677.53
1.4113 672.481
1.41742 668.24
1.42355 665.544
1.4297 662.262
1.43585 656.314
1.44198 654.034
1.44809 648.052
1.45423 645.454
1.46036 642.099
1.46649 638.128
1.47263 634.734
1.47877 630.496
1.48491 628.249
1.49104 621.985
1.49718 618.907
1.50333 616.729
1.50947 613.064
1.5156 608.47
1.52172 605.026
1.52787 604.386
1.534 599.554
1.54013 595.556
1.54627 593.045
1.55241 590.05
1.55855 587.661
1.56467 582.053
1.5708 578.727
