0.00783031 20158.7
0.013688 24672.1
0.019231 25432.3
0.0249154 23246.5
0.0312784 20284.5
0.0375637 16330.6
0.0433917 14683.9
0.0492413 13732
0.0555754 12217.5
0.0619321 11151.6
0.067871 10453.4
0.0738098 9712.52
0.0800417 8855.14
0.0862327 7872.68
0.0921407 7357.6
0.0982031 6618.03
0.104506 6020.16
0.110769 5874.51
0.116806 5463.39
0.122832 5363.99
0.129052 4948.72
0.135211 4763.61
0.141259 4450.31
0.147318 4219.78
0.153489 3971.27
0.159709 3825.58
0.165845 3617.04
0.171974 3488.28
0.178125 3348.25
0.184229 3199.08
0.19034 3101.26
0.196428 3019.68
0.202534 2913.65
0.208729 2835.31
0.214876 2776.76
0.220989 2632.9
0.227147 2552.49
0.23329 2458.56
0.239377 2414.94
0.245482 2390.47
0.251667 2316.71
0.257832 2205.42
0.263955 2203.42
0.270079 2143.7
0.27624 2085.6
0.282372 2055.81
0.28843 2004.18
0.294538 1942.18
0.300721 1924.55
0.30691 1918.51
0.313033 1874.2
0.319153 1833.65
0.325316 1801.22
0.33145 1760.77
0.337538 1689.21
0.343633 1723.52
0.349808 1681.89
0.355968 1668.62
0.362074 1626.61
0.368217 1625.25
0.374374 1586.11
0.380519 1552.2
0.386598 1533.02
0.392688 1507.02
0.39888 1496.85
0.405048 1468.21
0.411186 1452.22
0.417313 1428.28
0.423458 1423.45
0.429607 1402.44
0.435692 1385.65
0.441815 1363.54
0.447964 1350.06
0.454126 1336.3
0.460267 1325.32
0.466387 1314.75
0.47254 1284.29
0.478662 1298.8
0.484765 1268.99
0.490885 1250.3
0.497035 1238.37
0.503198 1230.95
0.509342 1202.85
0.515458 1209.6
0.521598 1193.74
0.527764 1174.56
0.533884 1170.4
0.54 1170.91
0.546137 1150.88
0.552299 1142.74
0.558452 1133.36
0.564573 1125.19
0.570708 1117.3
0.576825 1100.42
0.582926 1092.28
0.589034 1081.16
0.595184 1077.39
0.601379 1066.3
0.607522 1059.37
0.613639 1051.36
0.619772 1032.22
0.625918 1038.03
0.632068 1031.32
0.638161 1026.67
0.6443 1010.88
0.650464 1004.76
0.656582 996.546
0.662703 991.716
0.668861 981.568
0.675024 979.622
0.681124 968.411
0.687237 962.702
0.693381 955.036
0.699536 951.49
0.705665 938.432
0.711789 937.368
0.717957 923.907
0.72409 922.345
0.730186 915.803
0.736317 903.797
0.742472 906.799
0.748622 895.713
0.75476 889.124
0.760888 887.347
0.767043 875.213
0.773185 877.317
0.779291 865.7
0.785407 860.321
0.791564 857.082
0.797719 851.933
0.803834 845.92
0.809972 836.05
0.816124 836.593
0.822261 830.086
0.828378 824.442
0.834502 817.313
0.840667 809.688
0.846816 806.471
0.852925 799.06
0.859047 796.093
0.865192 792.707
0.871341 785.687
0.877463 777.426
0.883569 773.872
0.889708 767.481
0.895864 762.778
0.902008 759.942
0.908149 752.633
0.914301 751.709
0.920448 746.936
0.926574 744.861
0.932687 736.873
0.938823 731.543
0.944975 727.053
0.951105 723.402
0.957225 717.957
0.963368 714.201
0.969511 709.474
0.975621 704.463
0.981748 699.993
0.987916 694.471
0.99406 693.307
1.00019 686.854
1.00632 680.45
1.01246 678.145
1.01859 675.259
1.02471 671.462
1.03085 665.427
1.03698 663.938
1.04314 657.277
1.04929 655.368
1.05541 646.689
1.06154 644.315
1.06769 640.468
1.07382 638.348
1.07993 633.306
1.08607 631.363
1.09222 625.425
1.09836 621.243
1.10449 618.649
1.11063 612.853
1.11677 609.592
1.1229 603.128
1.12903 602.152
1.13518 596.166
1.14131 594.533
1.14745 590.096
1.15359 587.068
1.15973 581.977
1.16584 578.932
1.17197 576.504
1.17811 570.122
1.18424 567.291
1.19038 565.157
1.19652 562.388
1.20267 559.003
1.20881 555.792
1.21495 551.898
1.22108 548.466
1.2272 546.903
1.23334 542.141
1.23949 537.042
1.24562 532.949
1.25174 530.745
1.25789 529.133
1.26402 526.314
1.27014 519.614
1.27628 516.606
1.28244 516.015
1.28858 511.743
1.29471 507.832
1.30084 504.278
1.30697 500.361
1.31312 497.722
1.31925 493.633
1.32537 491.485
1.33151 488.447
1.33765 487.467
1.34378 482.984
1.34992 478.856
1.35606 476.653
1.3622 472.161
1.36833 471.206
1.37445 468.763
1.38059 464.397
1.38675 462.499
1.39288 458.761
1.39901 457.118
1.40515 453.738
1.4113 450.237
1.41742 447.838
1.42355 443.877
1.4297 442.921
1.43585 438.613
1.44198 437.35
1.44809 434.423
1.45423 430.545
1.46036 427.928
1.46649 425.567
1.47263 422.137
1.47877 421.22
1.48491 417.983
1.49104 415.35
1.49718 412.29
1.50333 411.093
1.50947 406.315
1.5156 404.658
1.52172 402.473
1.52787 398.437
1.534 397.61
1.54013 395.155
1.54627 391.031
1.55241 389.588
1.55855 386.964
1.56467 385.315
1.5708 382.918
