0.00783031 -531.783
0.013688 1559.91
0.019231 -237.412
0.0249154 -387.902
0.0312784 -1725.93
0.0375637 -214.159
0.0433917 -24.6461
0.0492413 124.767
0.0555754 724.125
0.0619321 127.667
0.067871 486.852
0.0738098 615.547
0.0800417 747.835
0.0862327 558.252
0.0921407 1045.41
0.0982031 720.851
0.104506 901.977
0.110769 999.518
0.116806 965.353
0.122832 1053.8
0.129052 971.848
0.135211 977.257
0.141259 1060.73
0.147318 1077.2
0.153489 1132.5
0.159709 1195.17
0.165845 1138.66
0.171974 1156.88
0.178125 1144.68
0.184229 1241.68
0.19034 1138.37
0.196428 1170.07
0.202534 1215.21
0.208729 1225.84
0.214876 1237.52
0.220989 1205.88
0.227147 1145.94
0.23329 1192.93
0.239377 1174.01
0.245482 1193.31
0.251667 1187.42
0.257832 1195.5
0.263955 1170.38
0.270079 1220.66
0.27624 1185.16
0.282372 1202.31
0.28843 1202.21
0.294538 1163.96
0.300721 1211.24
0.30691 1238.37
0.313033 1210.87
0.319153 1233.9
0.325316 1210.09
0.33145 1192.35
0.337538 1159.99
0.343633 1218.02
0.349808 1185.38
0.355968 1214.65
0.362074 1178.3
0.368217 1214.56
0.374374 1188.97
0.380519 1172.7
0.386598 1181.99
0.392688 1172.95
0.39888 1179.78
0.405048 1168.35
0.411186 1166.17
0.417313 1144.41
0.423458 1156.83
0.429607 1159.15
0.435692 1151.71
0.441815 1142.55
0.447964 1135.37
0.454126 1139.04
0.460267 1139.74
0.466387 1141.16
0.47254 1123.47
0.478662 1146.76
0.484765 1126.5
0.490885 1118.3
0.497035 1114.04
0.503198 1113.56
0.509342 1095.67
0.515458 1122.57
0.521598 1106.69
0.527764 1101.15
0.533884 1105.47
0.54 1115.31
0.546137 1097.18
0.552299 1097.71
0.558452 1086.68
0.564573 1089.39
0.570708 1086.67
0.576825 1074.58
0.582926 1078.49
0.589034 1070.75
0.595184 1067.53
0.601379 1066.25
0.607522 1064.71
0.613639 1063.46
0.619772 1045.46
0.625918 1061.71
0.632068 1061.97
0.638161 1055.48
0.6443 1042.13
0.650464 1047.77
0.656582 1039.73
0.662703 1040.96
0.668861 1036.77
0.675024 1035.82
0.681124 1024.73
0.687237 1025.86
0.693381 1021.3
0.699536 1022.69
0.705665 1014.7
0.711789 1014.36
0.717957 1005.96
0.72409 1005.14
0.730186 999.88
0.736317 989.594
0.742472 1000.19
0.748622 992.272
0.75476 987.426
0.760888 990.196
0.767043 980.388
0.773185 983.62
0.779291 975.296
0.785407 971.737
0.791564 970.482
0.797719 971.962
0.803834 967.06
0.809972 956.681
0.816124 957.87
0.822261 955.687
0.828378 952.837
0.834502 945.641
0.840667 944.049
0.846816 939.999
0.852925 931.194
0.859047 933.13
0.865192 931.344
0.871341 925.753
0.877463 918.452
0.883569 915.824
0.889708 911.567
0.895864 908.2
0.902008 908.591
0.908149 901.791
0.914301 900.377
0.920448 901.943
0.926574 901.678
0.932687 891.39
0.938823 889.524
0.944975 883.451
0.951105 883.858
0.957225 880.272
0.963368 876.5
0.969511 873.562
0.975621 867.677
0.981748 866.613
0.987916 860.199
0.99406 857.747
1.00019 853.648
1.00632 848.773
1.01246 849.656
1.01859 846.475
1.02471 845.149
1.03085 838.09
1.03698 837.075
1.04314 832.093
1.04929 832.132
1.05541 822.451
1.06154 821.595
1.06769 818.506
1.07382 816.863
1.07993 811.089
1.08607 810.747
1.09222 806.674
1.09836 801.486
1.10449 800.546
1.11063 792.325
1.11677 792.212
1.1229 786.138
1.12903 787.488
1.13518 777.318
1.14131 779.78
1.14745 773.89
1.15359 773.342
1.15973 766.809
1.16584 763.906
1.17197 762.055
1.17811 756.5
1.18424 753.24
1.19038 751.862
1.19652 748.692
1.20267 747.196
1.20881 744.792
1.21495 740.411
1.22108 736.035
1.2272 737.795
1.23334 732.755
1.23949 724.738
1.24562 722.351
1.25174 720.097
1.25789 718.873
1.26402 718.291
1.27014 707.927
1.27628 706.065
1.28244 705.585
1.28858 702.069
1.29471 699.3
1.30084 694.818
1.30697 689.674
1.31312 689.279
1.31925 683.366
1.32537 681.766
1.33151 678.65
1.33765 679.709
1.34378 674.629
1.34992 667.814
1.35606 667.402
1.3622 661.487
1.36833 661.833
1.37445 658.739
1.38059 653.635
1.38675 653.355
1.39288 648.939
1.39901 647.105
1.40515 643.201
1.4113 640.24
1.41742 638.856
1.42355 633.073
1.4297 633.071
1.43585 627.515
1.44198 625.288
1.44809 623.868
1.45423 619.137
1.46036 615.413
1.46649 612.81
1.47263 610.926
1.47877 608.582
1.48491 606.796
1.49104 602.581
1.49718 599.136
1.50333 598.824
1.50947 593.242
1.5156 590.776
1.52172 589.135
1.52787 584.131
1.534 582.218
1.54013 580.193
1.54627 575.942
1.55241 575.616
1.55855 571.789
1.56467 570.073
1.5708 566.722
