0.00783031 1.98591
0.013688 -4.67631
0.019231 1.71237
0.0249154 -0.853083
0.0312784 1.88901
0.0375637 0.437147
0.0433917 3.16474
0.0492413 2.98479
0.0555754 4.86778
0.0619321 3.58177
0.067871 1.35285
0.0738098 4.44625
0.0800417 3.69391
0.0862327 7.26833
0.0921407 7.74024
0.0982031 6.63804
0.104506 7.40001
0.110769 5.68674
0.116806 7.32953
0.122832 8.88145
0.129052 7.48026
0.135211 9.10968
0.141259 8.67673
0.147318 7.61735
0.153489 9.15045
0.159709 8.53986
0.165845 8.84915
0.171974 9.05783
0.178125 8.49903
0.184229 6.78262
0.19034 7.02356
0.196428 6.77519
0.202534 7.93241
0.208729 9.52663
0.214876 6.52954
0.220989 10.3999
0.227147 7.33897
0.23329 11.6921
0.239377 8.99904
0.245482 4.35693
0.251667 7.61213
0.257832 9.3951
0.263955 9.35554
0.270079 8.71824
0.27624 9.64175
0.282372 7.32502
0.28843 6.77417
0.294538 5.7983
0.300721 5.30414
0.30691 3.63014
0.313033 3.87719
0.319153 4.69482
0.325316 5.5937
0.33145 4.54931
0.337538 4.01413
0.343633 5.19734
0.349808 5.67128
0.355968 1.77428
0.362074 2.714
0.368217 1.68475
0.374374 2.32961
0.380519 1.16498
0.386598 -2.35934
0.392688 -1.34822
0.39888 1.16106
0.405048 -1.04735
0.411186 -0.338172
0.417313 -1.49603
0.423458 -0.332833
0.429607 -2.63838
0.435692 -2.2449
0.441815 -3.72641
0.447964 -6.43724
0.454126 -4.9754
0.460267 -5.13884
0.466387 -4.84163
0.47254 -4.72553
0.478662 -3.51532
0.484765 -4.95129
0.490885 -8.45705
0.497035 -7.57742
0.503198 -8.16835
0.509342 -7.22638
0.515458 -7.36639
0.521598 -8.13747
0.527764 -9.65623
0.533884 -9.80365
0.54 -9.33725
0.546137 -11.5492
0.552299 -10.9073
0.558452 -10.6029
0.564573 -12.5342
0.570708 -12.3612
0.576825 -12.2258
0.582926 -11.191
0.589034 -12.1256
0.595184 -13.1425
0.601379 -12.293
0.607522 -13.9
0.613639 -16.2726
0.619772 -15.3997
0.625918 -17.004
0.632068 -15.3463
0.638161 -15.0856
0.6443 -17.399
0.650464 -18.6158
0.656582 -17.2949
0.662703 -17.681
0.668861 -18.0734
0.675024 -20.9356
0.681124 -21.2491
0.687237 -20.5145
0.693381 -21.0432
0.699536 -21.8217
0.705665 -17.2953
0.711789 -20.2814
0.717957 -24.4043
0.72409 -23.5189
0.730186 -21.9128
0.736317 -21.1649
0.742472 -21.0096
0.748622 -23.9555
0.75476 -23.8028
0.760888 -23.4297
0.767043 -23.1792
0.773185 -22.9969
0.779291 -22.8243
0.785407 -23.5708
0.791564 -22.7934
0.797719 -24.0067
0.803834 -23.7182
0.809972 -23.1716
0.816124 -25.3015
0.822261 -25.8094
0.828378 -25.2703
0.834502 -26.4963
0.840667 -27.5702
0.846816 -27.1966
0.852925 -26.5692
0.859047 -27.5305
0.865192 -28.174
0.871341 -29.4947
0.877463 -27.8498
0.883569 -30.4492
0.889708 -28.2033
0.895864 -28.1267
0.902008 -27.9541
0.908149 -28.423
0.914301 -29.2122
0.920448 -29.7892
0.926574 -28.7141
0.932687 -28.4676
0.938823 -27.791
0.944975 -29.2463
0.951105 -30.5269
0.957225 -30.5467
0.963368 -30.0269
0.969511 -29.9322
0.975621 -29.9826
0.981748 -30.1791
0.987916 -29.9824
0.99406 -30.9979
1.00019 -30.0606
1.00632 -31.4497
1.01246 -30.0145
1.01859 -29.869
1.02471 -29.9183
1.03085 -31.1665
1.03698 -31.084
1.04314 -30.9683
1.04929 -32.2094
1.05541 -31.5875
1.06154 -31.3255
1.06769 -30.4146
1.07382 -30.4325
1.07993 -29.9889
1.08607 -32.0943
1.09222 -30.3821
1.09836 -30.6993
1.10449 -33.4863
1.11063 -30.2684
1.11677 -30.7077
1.1229 -30.3721
1.12903 -30.54
1.13518 -31.7112
1.14131 -31.0875
1.14745 -30.7391
1.15359 -30.2187
1.15973 -32.2526
1.16584 -31.2774
1.17197 -29.4283
1.17811 -31.2329
1.18424 -32.0874
1.19038 -31.1882
1.19652 -31.13
1.20267 -30.6934
1.20881 -29.9157
1.21495 -29.8183
1.22108 -32.452
1.2272 -31.4682
1.23334 -30.1377
1.23949 -31.525
1.24562 -30.9436
1.25174 -31.158
1.25789 -29.5357
1.26402 -31.9894
1.27014 -32.8148
1.27628 -30.3473
1.28244 -30.7342
1.28858 -31.0046
1.29471 -31.162
1.30084 -29.5921
1.30697 -29.3953
1.31312 -30.1134
1.31925 -29.7867
1.32537 -30.6392
1.33151 -30.7211
1.33765 -30.9276
1.34378 -30.4968
1.34992 -31.0102
1.35606 -31.1906
1.3622 -30.4786
1.36833 -29.7889
1.37445 -29.9135
1.38059 -29.3862
1.38675 -29.7121
1.39288 -29.7152
1.39901 -30.3317
1.40515 -29.9339
1.4113 -28.8974
1.41742 -31.0193
1.42355 -29.9103
1.4297 -30.0406
1.43585 -31.3045
1.44198 -30.3155
1.44809 -29.0779
1.45423 -29.3911
1.46036 -29.0733
1.46649 -29.2433
1.47263 -29.5039
1.47877 -30.2137
1.48491 -29.7257
1.49104 -30.013
1.49718 -28.2166
1.50333 -28.7933
1.50947 -30.0349
1.5156 -29.5706
1.52172 -28.8755
1.52787 -28.6739
1.534 -29.2223
1.54013 -29.4071
1.54627 -28.8122
1.55241 -28.3092
1.55855 -29.5722
1.56467 -28.2173
1.5708 -29.3617
