#  k  (h/Mpc)          P(k)  (Mpc/h)^3     P_linear(k)   P_NL(k) (Mpc/h)^3
     0.00783031         20355.8         20513.5           20402 
       0.013688         25087.9         25365.8         25170.4 
       0.019231         25199.1         25635.4         25378.2 
      0.0249154         23265.2         23617.7         23341.1 
      0.0312784         19978.4         20361.8         20072.2 
      0.0375637         16745.3         17287.6         17029.1 
      0.0433917         14681.4         15046.4         14768.3 
      0.0492413         13289.4         13439.5         13172.6 
      0.0555754         12198.2         12280.2         12034.8 
      0.0619321         10919.1         11423.3         11182.2 
       0.067871         10475.7         10674.3         10455.7 
      0.0738098         9372.47         9842.08         9530.37 
      0.0800417         8474.26         8856.08         8604.23 
      0.0862327         7730.17         7841.33          7739.8 
      0.0921407            6656         6940.55         6884.81 
      0.0982031         6200.41         6164.83         6243.98 
       0.104506         5583.54         5561.75         5737.32 
       0.110769         5187.49         5155.89         5263.08 
       0.116806         4917.22         4889.47         4964.46 
       0.122832         4781.07         4677.07         4752.13 
       0.129052          4469.4         4453.97         4522.27 
       0.135211         4246.87         4193.92         4269.83 
       0.141259         4082.22         3896.12         4050.54 
       0.147318         3707.87         3576.26         3807.16 
       0.153489          3505.5          3260.5         3472.32 
       0.159709         3300.03         2982.04         3265.67 
       0.165845         3235.43         2764.14         3130.37 
       0.171974         2998.18         2604.93         2961.41 
       0.178125         2898.93          2488.7         2879.78 
       0.184229         2747.01          2396.6         2743.09 
        0.19034         2726.54         2308.28         2640.78 
       0.196428         2619.76         2211.01            2533 
       0.202534         2459.61         2098.34         2448.32 
       0.208729         2389.05         1971.83          2315.9 
       0.214876         2288.66         1845.05         2253.38 
       0.220989         2186.73         1727.42         2179.44 
       0.227147         2101.02          1625.3         2105.71 
        0.23329         2087.84          1542.2         2040.86 
       0.239377         2016.31         1476.79         1962.14 
       0.245482         1978.25         1423.17         1881.11 
       0.251667         1896.84         1374.77          1839.5 
       0.257832         1831.71         1326.38         1781.24 
       0.263955         1795.48         1274.55         1732.73 
       0.270079         1763.79         1218.63         1683.96 
        0.27624         1719.71         1160.63         1632.19 
       0.282372          1622.8         1104.16         1604.22 
        0.28843         1625.56         1052.29         1569.55 
       0.294538         1572.87         1005.98         1521.93 
       0.300721         1549.76         965.772         1476.82 
        0.30691         1507.68         931.185         1457.29 
       0.313033         1481.43         900.669         1412.21 
       0.319153         1444.87         871.904         1373.99 
       0.325316          1411.1         843.127         1354.28 
        0.33145         1384.37         813.802         1308.65 
       0.337538         1383.71         783.968         1289.04 
       0.343633         1348.11         754.209         1273.23 
       0.349808         1331.87         725.137         1252.72 
       0.355968         1279.95         698.007         1228.96 
       0.362074         1256.11         673.396         1205.73 
       0.368217         1252.38         651.053         1177.75 
       0.374374         1214.51         630.664         1155.05 
       0.380519         1196.55         611.687         1134.08 
       0.386598         1176.76         593.734         1119.14 
       0.392688         1159.73         576.093         1099.03 
        0.39888         1146.42         558.266         1080.83 
       0.405048         1123.17         540.636         1062.65 
       0.411186          1102.7         523.443         1045.26 
       0.417313          1094.1         506.946         1032.01 
       0.423458         1073.01         491.257         1012.47 
       0.429607         1065.71         476.511         996.142 
       0.435692         1049.02         462.871         974.373 
       0.441815         1040.49          450.01         971.353 
       0.447964         1016.58         437.712         961.022 
       0.454126         998.286         425.821         934.613 
       0.460267         992.289         414.316         932.964 
       0.466387         988.945         403.106         917.372 
        0.47254          965.85         392.064         904.495 
       0.478662         965.889          381.36         891.387 
       0.484765         937.864         371.082         882.092 
       0.490885         937.559         361.225         865.542 
       0.497035         925.796         351.758         858.122 
       0.503198         911.586         342.709         848.092 
       0.509342         903.287         334.099         833.605 
       0.515458          889.26         325.875         827.949 
       0.521598         885.982         317.898         819.807 
       0.527764         869.592         310.109         812.946 
       0.533884         858.191         302.587         804.268 
           0.54         854.494         295.284         794.874 
       0.546137         851.084         288.166         786.409 
       0.552299         835.424         281.241         775.648 
       0.558452         828.331         274.572         769.557 
       0.564573         813.682         268.183         762.401 
       0.570708         805.912         262.019         752.148 
       0.576825         806.646         256.088         743.076 
       0.582926          792.84         250.362         738.298 
       0.589034          784.87           244.8         728.032 
       0.595184         778.333         239.361         720.603 
       0.601379         772.513         234.048         714.925 
       0.607522         764.988         228.943         704.237 
       0.613639         760.735         224.008         701.679 
       0.619772         750.975         219.199         699.531 
       0.625918         745.737         214.523           690.2 
       0.632068         744.725         209.989         686.291 
       0.638161         730.776          205.63         676.345 
         0.6443         723.973         201.363         670.277 
       0.650464          720.35         197.204         662.339 
       0.656582         714.328         193.195         658.243 
       0.662703         708.037         189.299         653.513 
       0.668861          700.87         185.491         650.291 
       0.675024         695.138         181.786         645.456 
       0.681124         690.407         178.221         636.687 
       0.687237         687.753         174.746         631.235 
       0.693381         676.461         171.349         625.446 
       0.699536         674.162         168.039         621.256 
       0.705665         668.987         164.831         613.993 
       0.711789         662.238         161.707         609.356 
       0.717957         658.627         158.644         608.165 
        0.72409         652.217         155.679         602.232 
       0.730186         647.389          152.81         595.922 
       0.736317         648.063         150.001         592.075 
       0.742472         641.367         147.254         588.343 
       0.748622         636.972         144.576          582.11 
        0.75476         630.599         141.968         582.029 
       0.760888         630.791         139.429           575.8 
       0.767043         626.225         136.944         568.615 
       0.773185         620.833         134.528         565.263 
       0.779291         613.792         132.185         560.659 
       0.785407         609.434         129.892         557.459 
       0.791564         607.745         127.639         555.564 
       0.797719          602.68         125.442         550.541 
       0.803834         597.711         123.312         546.859 
       0.809972         593.124         121.224         543.072 
       0.816124         588.693         119.178         537.397 
       0.822261         588.147         117.186         534.604 
       0.828378         585.201         115.246         530.669 
       0.834502         579.604         113.351         528.875 
       0.840667         573.775         111.487         524.891 
       0.846816         571.502         109.669         520.762 
       0.852925         569.891         107.902         517.784 
       0.859047         566.329          106.17         513.104 
       0.865192         560.903          104.47         510.016 
       0.871341         557.298         102.807         506.384 
       0.877463         556.135         101.188         503.432 
       0.883569         552.983           99.61          501.27 
       0.889708         550.359         98.0585         496.524 
       0.895864         546.951         96.5361         493.723 
       0.902008         543.632         95.0488         490.433 
       0.908149         539.782         93.5935         485.377 
       0.914301         540.429         92.1665         481.772 
       0.920448         534.825         90.7712         480.905 
       0.926574         532.779         89.4101         477.962 
       0.932687          525.37         88.0802         473.294 
       0.938823         523.581         86.7728         471.922 
       0.944975         520.723         85.4889         469.073 
       0.951105         521.223         84.2354         465.903 
       0.957225         516.251          83.009         462.655 
       0.963368         513.754         81.8028         459.815 
       0.969511         511.741         80.6209         456.807 
       0.975621          505.66         79.4694         454.319 
       0.981748         504.613          78.338          451.84 
       0.987916         502.988         77.2216         449.355 
        0.99406         500.081         76.1311         446.431 
        1.00019         498.253         75.0638         442.652 
        1.00632         496.352          74.018         440.061 
        1.01246         491.385         72.9909          437.43 
        1.01859         492.282         71.9852          434.69 
        1.02471         487.323         71.0001         432.302 
        1.03085         485.063         70.0302         430.831 
        1.03698         481.795         69.0805           429.1 
        1.04314          479.83         68.1442         425.571 
        1.04929         476.637          67.227         422.131 
        1.05541         475.543         66.3297         419.711 
        1.06154         471.224         65.4464         417.619 
        1.06769         469.448         64.5783         414.608 
        1.07382         468.294         63.7301         411.904 
        1.07993          462.96         62.9005         410.011 
        1.08607         459.771         62.0832         407.479 
        1.09222         458.619         61.2799         405.191 
        1.09836         457.281         60.4912         403.296 
        1.10449         453.742         59.7167         401.712 
        1.11063         449.442         58.9542         398.537 
        1.11677         447.746         58.2047         396.423 
         1.1229         450.101         57.4691         393.804 
        1.12903         444.401         56.7453          392.03 
        1.13518         440.446         56.0336         388.783 
        1.14131         437.797          55.335         387.644 
        1.14745         435.212         54.6494         384.581 
        1.15359         433.877         53.9759         383.382 
        1.15973         433.336          53.314         381.089 
        1.16584         428.193         52.6667         379.054 
        1.17197         427.353         52.0295         377.377 
        1.17811         423.581         51.4006         374.629 
        1.18424         421.564         50.7833         372.402 
        1.19038         422.837         50.1735          371.22 
        1.19652         417.305         49.5734         368.291 
        1.20267         414.066         48.9833         366.436 
        1.20881         411.472         48.4039         364.926 
        1.21495         408.806         47.8363         362.286 
        1.22108         408.315         47.2789         359.992 
         1.2272          405.07         46.7319         359.043 
        1.23334         402.002         46.1919         356.657 
        1.23949         398.586         45.6581         354.756 
        1.24562         398.235         45.1334         352.657 
        1.25174          395.65         44.6172         351.084 
        1.25789         392.287         44.1075         348.822 
        1.26402         391.775         43.6069         347.609 
        1.27014         387.631         43.1155         345.363 
        1.27628         384.679         42.6304         344.248 
        1.28244         384.288         42.1518         342.606 
        1.28858         380.977         41.6809         340.478 
        1.29471         378.184         41.2183         337.991 
        1.30084         374.879         40.7632         335.917 
        1.30697         373.554         40.3146         334.856 
        1.31312         371.479         39.8726         333.135 
        1.31925         369.031          39.439         331.159 
        1.32537         364.754         39.0126          329.19 
        1.33151          364.85         38.5911         327.926 
        1.33765         361.219         38.1759         326.362 
        1.34378         358.334         37.7675         324.073 
        1.34992         356.037         37.3645         322.575 
        1.35606          353.65         36.9663         320.656 
         1.3622          350.82         36.5745         319.517 
        1.36833         347.252         36.1891         318.305 
        1.37445         347.125         35.8094         315.793 
        1.38059         344.058          35.434         314.721 
        1.38675         342.768         35.0633         313.396 
        1.39288         340.503         34.6997         311.251 
        1.39901         338.091         34.3416         309.548 
        1.40515         335.158          33.988         308.017 
         1.4113         333.092         33.6394         306.267 
        1.41742         331.479         33.2967          304.59 
        1.42355         328.963         32.9578         303.438 
         1.4297          326.17         32.6223         301.328 
        1.43585         323.635         32.2915         300.584 
        1.44198          321.75         31.9668         298.765 
        1.44809         320.193         31.6477         297.196 
        1.45423         316.763         31.3323         295.329 
        1.46036         314.654         31.0223         294.105 
        1.46649         312.102         30.7165         292.844 
        1.47263         311.286         30.4145         291.054 
        1.47877         308.539         30.1163         289.253 
        1.48491         306.947         29.8212         287.663 
        1.49104          303.97         29.5304         286.676 
        1.49718         303.408          29.243         285.836 
        1.50333         301.549         28.9588         283.551 
        1.50947         298.898         28.6791         282.096 
         1.5156         296.931         28.4036         281.309 
        1.52172           294.8          28.132         279.836 
        1.52787         292.634         27.8635         278.436 
          1.534         291.044         27.5991         276.889 
        1.54013         289.497         27.3387         275.619 
        1.54627         286.537         27.0814         274.639 
        1.55241         285.046         26.8275         273.375 
        1.55855         282.733         26.5771         271.725 
        1.56467         282.525         26.3303         270.203 
         1.5708         279.846         26.0858         268.894 
