0.00783031 -3.91364
0.013688 -1.72997
0.019231 -1.97638
0.0249154 -1.29216
0.0312784 1.52425
0.0375637 1.36076
0.0433917 1.74688
0.0492413 2.78957
0.0555754 3.33255
0.0619321 3.93107
0.067871 4.86505
0.0738098 7.10393
0.0800417 9.10684
0.0862327 9.06327
0.0921407 10.424
0.0982031 10.0251
0.104506 11.9725
0.110769 15.0405
0.116806 14.4606
0.122832 15.9028
0.129052 15.0857
0.135211 18.4785
0.141259 19.424
0.147318 20.4485
0.153489 21.1657
0.159709 20.6212
0.165845 22.5573
0.171974 24.5292
0.178125 25.0639
0.184229 25.5894
0.19034 26.3173
0.196428 27.9876
0.202534 28.3226
0.208729 29.4217
0.214876 31.1097
0.220989 29.4777
0.227147 32.4141
0.23329 31.8337
0.239377 32.3153
0.245482 31.5024
0.251667 32.6961
0.257832 33.1439
0.263955 33.9192
0.270079 33.3472
0.27624 34.0161
0.282372 35.1996
0.28843 34.8864
0.294538 35.7408
0.300721 35.1192
0.30691 36.1696
0.313033 35.8936
0.319153 37.1102
0.325316 36.6026
0.33145 36.3008
0.337538 37.1717
0.343633 36.5447
0.349808 36.8494
0.355968 37.0162
0.362074 36.9656
0.368217 35.6489
0.374374 36.4274
0.380519 36.3486
0.386598 35.9856
0.392688 37.6861
0.39888 35.7783
0.405048 36.0068
0.411186 36.2362
0.417313 35.0607
0.423458 35.2802
0.429607 34.7783
0.435692 34.5179
0.441815 34.4145
0.447964 34.1331
0.454126 33.2759
0.460267 33.1795
0.466387 33.095
0.47254 32.4892
0.478662 32.2634
0.484765 30.9489
0.490885 31.7703
0.497035 30.459
0.503198 29.8669
0.509342 29.8191
0.515458 28.8702
0.521598 30.0226
0.527764 28.7126
0.533884 28.3178
0.54 28.4573
0.546137 27.4333
0.552299 26.5919
0.558452 26.7772
0.564573 25.8515
0.570708 25.0759
0.576825 25.344
0.582926 23.8691
0.589034 24.1488
0.595184 23.6745
0.601379 23.1562
0.607522 23.1278
0.613639 22.0534
0.619772 22.0407
0.625918 21.7811
0.632068 20.9322
0.638161 21.6999
0.6443 19.9558
0.650464 19.7499
0.656582 19.5561
0.662703 18.9808
0.668861 18.5586
0.675024 19.0179
0.681124 17.8274
0.687237 17.5057
0.693381 17.7016
0.699536 17.574
0.705665 16.75
0.711789 17.1366
0.717957 16.732
0.72409 16.836
0.730186 16.2319
0.736317 16.2335
0.742472 15.7357
0.748622 15.8235
0.75476 15.7855
0.760888 15.6182
0.767043 15.01
0.773185 14.7359
0.779291 14.8699
0.785407 14.4141
0.791564 14.3972
0.797719 14.7246
0.803834 14.6829
0.809972 14.4008
0.816124 14.164
0.822261 14.4768
0.828378 14.2867
0.834502 14.0683
0.840667 13.6221
0.846816 13.8133
0.852925 13.7633
0.859047 13.9563
0.865192 13.6873
0.871341 13.8638
0.877463 13.2748
0.883569 13.3686
0.889708 13.5839
0.895864 13.4741
0.902008 13.4911
0.908149 13.5765
0.914301 13.1935
0.920448 13.4722
0.926574 13.1646
0.932687 13.5387
0.938823 13.3582
0.944975 13.3426
0.951105 13.2451
0.957225 13.5555
0.963368 12.9683
0.969511 12.9172
0.975621 13.0221
0.981748 13.4051
0.987916 13.3436
0.99406 13.2581
1.00019 13.4023
1.00632 13.5392
1.01246 12.8778
1.01859 13.4446
1.02471 13.5544
1.03085 13.187
1.03698 13.3037
1.04314 13.1815
1.04929 12.9801
1.05541 13.1421
1.06154 13.3231
1.06769 12.9886
1.07382 13.0337
1.07993 13.1548
1.08607 13.2672
1.09222 13.1666
1.09836 12.8572
1.10449 12.9645
1.11063 13.0578
1.11677 13.0311
1.1229 13.0821
1.12903 13.1175
1.13518 13.1023
1.14131 12.7783
1.14745 13.1395
1.15359 13.0525
1.15973 12.9401
1.16584 12.888
1.17197 12.8126
1.17811 12.9301
1.18424 12.9541
1.19038 12.9
1.19652 12.4266
1.20267 12.9815
1.20881 12.853
1.21495 12.813
1.22108 12.7419
1.2272 12.8479
1.23334 12.6154
1.23949 12.5401
1.24562 12.8298
1.25174 12.58
1.25789 12.4776
1.26402 12.6449
1.27014 12.7863
1.27628 12.4463
1.28244 12.5783
1.28858 12.5102
1.29471 12.6267
1.30084 12.3938
1.30697 12.3442
1.31312 12.4222
1.31925 12.5206
1.32537 12.2816
1.33151 12.1889
1.33765 12.1547
1.34378 12.3556
1.34992 12.4233
1.35606 12.2675
1.3622 12.0397
1.36833 12.0051
1.37445 12.0556
1.38059 12.1214
1.38675 12.0322
1.39288 11.9504
1.39901 12.0473
1.40515 12.0581
1.4113 12.1657
1.41742 11.7249
1.42355 11.7853
1.4297 11.6035
1.43585 11.7859
1.44198 11.735
1.44809 11.6409
1.45423 11.7707
1.46036 11.7552
1.46649 11.9651
1.47263 11.7042
1.47877 11.5032
1.48491 11.4946
1.49104 11.4187
1.49718 11.5599
1.50333 11.3943
1.50947 11.3353
1.5156 11.2538
1.52172 11.349
1.52787 11.3369
1.534 11.337
1.54013 11.4269
1.54627 11.2019
1.55241 11.0655
1.55855 11.1462
1.56467 11.1895
1.5708 11.0404
