0.00783031 5588.5
0.013688 2725.72
0.019231 3201.03
0.0249154 3587.6
0.0312784 2931.68
0.0375637 3117.95
0.0433917 3084.59
0.0492413 2672.73
0.0555754 2791
0.0619321 2135.49
0.067871 2282.66
0.0738098 2213.98
0.0800417 2015.24
0.0862327 1951.3
0.0921407 1791.03
0.0982031 1667.17
0.104506 1674.4
0.110769 1626.42
0.116806 1510.42
0.122832 1451.39
0.129052 1401.09
0.135211 1300.29
0.141259 1246.87
0.147318 1243.56
0.153489 1164.22
0.159709 1135.73
0.165845 1112.39
0.171974 1080.58
0.178125 1064.86
0.184229 992.096
0.19034 968.956
0.196428 932.743
0.202534 914.15
0.208729 894.217
0.214876 868.121
0.220989 847.9
0.227147 817.369
0.23329 798.2
0.239377 785.06
0.245482 759.113
0.251667 744.841
0.257832 720.427
0.263955 705.458
0.270079 688.212
0.27624 676.729
0.282372 654.202
0.28843 641.061
0.294538 630.088
0.300721 614.493
0.30691 610.985
0.313033 592.686
0.319153 579.901
0.325316 564.08
0.33145 562.492
0.337538 553.623
0.343633 538.05
0.349808 526.934
0.355968 525.861
0.362074 512.175
0.368217 498.539
0.374374 490.283
0.380519 490.087
0.386598 482.882
0.392688 467.307
0.39888 467.334
0.405048 455.668
0.411186 448.157
0.417313 440.029
0.423458 435.177
0.429607 430.175
0.435692 425.586
0.441815 417.582
0.447964 414.087
0.454126 402.975
0.460267 398.25
0.466387 392.366
0.47254 388.027
0.478662 389.122
0.484765 380.603
0.490885 375.222
0.497035 369.301
0.503198 365.621
0.509342 360.65
0.515458 357.387
0.521598 351.464
0.527764 347.544
0.533884 339.981
0.54 340.428
0.546137 336.994
0.552299 331.583
0.558452 324.682
0.564573 323.333
0.570708 319.024
0.576825 318.02
0.582926 314.45
0.589034 309.925
0.595184 307.986
0.601379 302.802
0.607522 300.821
0.613639 297.731
0.619772 296.035
0.625918 291.366
0.632068 288.933
0.638161 286.343
0.6443 283.454
0.650464 281.599
0.656582 278.657
0.662703 274.005
0.668861 271.096
0.675024 271.914
0.681124 269.91
0.687237 266.607
0.693381 264.88
0.699536 261.497
0.705665 258.655
0.711789 256.892
0.717957 255.681
0.72409 251.947
0.730186 249.649
0.736317 249.308
0.742472 246.327
0.748622 244.879
0.75476 242.491
0.760888 240.066
0.767043 238.122
0.773185 236.332
0.779291 235.495
0.785407 232.903
0.791564 231.291
0.797719 229.201
0.803834 228.859
0.809972 226.671
0.816124 225.236
0.822261 222.965
0.828378 221.338
0.834502 219.785
0.840667 218.258
0.846816 217.044
0.852925 214.81
0.859047 213.238
0.865192 212.724
0.871341 210.704
0.877463 209.705
0.883569 208.116
0.889708 207.2
0.895864 206.756
0.902008 204.9
0.908149 203.77
0.914301 202.064
0.920448 201.142
0.926574 200.594
0.932687 198.554
0.938823 197.975
0.944975 195.911
0.951105 195.534
0.957225 194.328
0.963368 192.726
0.969511 191.387
0.975621 190.883
0.981748 189.405
0.987916 187.57
0.99406 187.897
1.00019 186.843
1.00632 184.605
1.01246 184.594
1.01859 184.066
1.02471 182.792
1.03085 181.856
1.03698 180.42
1.04314 179.906
1.04929 179.171
1.05541 177.915
1.06154 177.696
1.06769 176.596
1.07382 175.209
1.07993 174.531
1.08607 174.264
1.09222 173.539
1.09836 172.009
1.10449 171.529
1.11063 171.457
1.11677 170.055
1.1229 169.665
1.12903 168.682
1.13518 168.274
1.14131 167.259
1.14745 165.967
1.15359 165.494
1.15973 164.327
1.16584 163.848
1.17197 163.317
1.17811 162.537
1.18424 162.383
1.19038 161.271
1.19652 159.824
1.20267 160.57
1.20881 159.076
1.21495 158.706
1.22108 158.258
1.2272 157.801
1.23334 157.429
1.23949 156.676
1.24562 155.446
1.25174 155.394
1.25789 154.761
1.26402 153.806
1.27014 153.279
1.27628 152.682
1.28244 152.406
1.28858 151.711
1.29471 151.231
1.30084 150.317
1.30697 149.801
1.31312 149.67
1.31925 149.16
1.32537 148.59
1.33151 148.587
1.33765 147.502
1.34378 146.559
1.34992 147.284
1.35606 146.252
1.3622 145.625
1.36833 144.909
1.37445 145.145
1.38059 143.947
1.38675 143.92
1.39288 143.37
1.39901 143.563
1.40515 142.653
1.4113 141.839
1.41742 141.693
1.42355 141.167
1.4297 140.843
1.43585 140.595
1.44198 139.843
1.44809 139.479
1.45423 139.428
1.46036 138.257
1.46649 138.118
1.47263 138.062
1.47877 137.391
1.48491 137.02
1.49104 136.434
1.49718 136.354
1.50333 135.719
1.50947 135.163
1.5156 135.048
1.52172 134.738
1.52787 134.545
1.534 133.982
1.54013 133.693
1.54627 133.049
1.55241 132.687
1.55855 132.947
1.56467 132.568
1.5708 131.863
