0.00783031 8469.99
0.013688 4287.87
0.019231 4895.94
0.0249154 5471.37
0.0312784 4621.83
0.0375637 5030.63
0.0433917 4954.96
0.0492413 4503.89
0.0555754 4633.04
0.0619321 3422.35
0.067871 3798.9
0.0738098 3560.7
0.0800417 3203.31
0.0862327 3179.48
0.0921407 2852.51
0.0982031 2652.95
0.104506 2597.28
0.110769 2498.24
0.116806 2287.91
0.122832 2245.09
0.129052 2129.35
0.135211 1911.45
0.141259 1869.05
0.147318 1864.2
0.153489 1713.97
0.159709 1667.6
0.165845 1632.09
0.171974 1545.88
0.178125 1499.86
0.184229 1385.94
0.19034 1341.71
0.196428 1282.75
0.202534 1230.34
0.208729 1198.01
0.214876 1164.47
0.220989 1114.06
0.227147 1073.68
0.23329 1038.11
0.239377 1028.78
0.245482 959.622
0.251667 936.484
0.257832 904.218
0.263955 879.661
0.270079 859.671
0.27624 832.157
0.282372 793.12
0.28843 776.833
0.294538 746.981
0.300721 728.726
0.30691 704.171
0.313033 690.232
0.319153 683.22
0.325316 653.968
0.33145 628.191
0.337538 612.772
0.343633 588.532
0.349808 577.142
0.355968 580.379
0.362074 553.301
0.368217 529.416
0.374374 518.123
0.380519 511.01
0.386598 512.265
0.392688 480.043
0.39888 488.197
0.405048 458.166
0.411186 449.596
0.417313 442.605
0.423458 436.762
0.429607 423.035
0.435692 413.239
0.441815 401.732
0.447964 391.254
0.454126 377.038
0.460267 363.848
0.466387 357.586
0.47254 357.742
0.478662 355.384
0.484765 339.185
0.490885 328.902
0.497035 326.057
0.503198 313.928
0.509342 311.645
0.515458 300.5
0.521598 295.623
0.527764 283.899
0.533884 282.665
0.54 272.531
0.546137 270.526
0.552299 259.001
0.558452 254.556
0.564573 252.677
0.570708 241.246
0.576825 239.178
0.582926 232.692
0.589034 230.66
0.595184 225.299
0.601379 212.692
0.607522 213.486
0.613639 204.094
0.619772 205.272
0.625918 195.758
0.632068 188.763
0.638161 184.883
0.6443 182.866
0.650464 175.523
0.656582 174.967
0.662703 173.471
0.668861 165.587
0.675024 160.038
0.681124 160.432
0.687237 151.865
0.693381 149.845
0.699536 152.239
0.705665 142.475
0.711789 140.72
0.717957 137.5
0.72409 131.509
0.730186 129.678
0.736317 125.172
0.742472 121.405
0.748622 120.956
0.75476 115.404
0.760888 110.799
0.767043 108.736
0.773185 106.488
0.779291 105.349
0.785407 103.02
0.791564 96.739
0.797719 94.5005
0.803834 93.0639
0.809972 91.0265
0.816124 86.9094
0.822261 86.3099
0.828378 81.179
0.834502 79.4621
0.840667 74.0796
0.846816 73.0402
0.852925 71.2709
0.859047 68.9524
0.865192 63.3542
0.871341 66.5561
0.877463 59.878
0.883569 62.3863
0.889708 58.2548
0.895864 55.7508
0.902008 55.6625
0.908149 52.7431
0.914301 46.7194
0.920448 45.7161
0.926574 48.6493
0.932687 40.8803
0.938823 38.5605
0.944975 39.1293
0.951105 37.2906
0.957225 35.7366
0.963368 32.0853
0.969511 30.6523
0.975621 29.3299
0.981748 24.1205
0.987916 25.9635
0.99406 23.8037
1.00019 21.6111
1.00632 20.9564
1.01246 19.9198
1.01859 19.8317
1.02471 15.5313
1.03085 12.9435
1.03698 12.6083
1.04314 12.3528
1.04929 8.71105
1.05541 8.70733
1.06154 8.49632
1.06769 3.79362
1.07382 3.95083
1.07993 1.74609
1.08607 3.5686
1.09222 0.00522255
1.09836 -0.626065
1.10449 -3.20014
1.11063 -2.37347
1.11677 -4.89384
1.1229 -5.32098
1.12903 -7.57882
1.13518 -6.80847
1.14131 -7.53175
1.14745 -8.83512
1.15359 -11.0655
1.15973 -11.4797
1.16584 -11.9832
1.17197 -14.4261
1.17811 -15.2219
1.18424 -14.867
1.19038 -15.3017
1.19652 -17.7089
1.20267 -19.7898
1.20881 -17.5151
1.21495 -19.6372
1.22108 -20.9881
1.2272 -20.3818
1.23334 -22.7719
1.23949 -22.0946
1.24562 -25.2759
1.25174 -23.6896
1.25789 -26.2106
1.26402 -25.3736
1.27014 -27.669
1.27628 -27.4578
1.28244 -29.3508
1.28858 -29.5441
1.29471 -28.6257
1.30084 -29.2368
1.30697 -32.2913
1.31312 -31.3281
1.31925 -31.8894
1.32537 -32.0165
1.33151 -34.4401
1.33765 -33.2802
1.34378 -34.8011
1.34992 -36.3333
1.35606 -37.0857
1.3622 -35.8318
1.36833 -37.0045
1.37445 -37.6851
1.38059 -38.4482
1.38675 -38.7134
1.39288 -38.2087
1.39901 -38.9646
1.40515 -40.6804
1.4113 -39.4137
1.41742 -41.1658
1.42355 -41.2112
1.4297 -41.0664
1.43585 -42.2027
1.44198 -42.1352
1.44809 -41.0234
1.45423 -43.3344
1.46036 -43.0019
1.46649 -43.4455
1.47263 -43.2291
1.47877 -44.1078
1.48491 -45.0759
1.49104 -44.8038
1.49718 -45.8629
1.50333 -45.119
1.50947 -46.135
1.5156 -44.8068
1.52172 -45.9069
1.52787 -45.3137
1.534 -46.5081
1.54013 -47.4393
1.54627 -47.5475
1.55241 -47.5769
1.55855 -47.761
1.56467 -47.1727
1.5708 -49.5339
