0.00783031 0.867213
0.013688 1.01423
0.019231 1.25534
0.0249154 1.29213
0.0312784 1.39174
0.0375637 1.43108
0.0433917 1.34931
0.0492413 1.58168
0.0555754 1.59134
0.0619321 1.74742
0.067871 1.86064
0.0738098 1.94918
0.0800417 2.08593
0.0862327 2.19276
0.0921407 2.34999
0.0982031 2.34672
0.104506 2.63565
0.110769 2.82153
0.116806 3.03381
0.122832 3.20878
0.129052 3.44486
0.135211 3.81092
0.141259 3.99222
0.147318 4.34168
0.153489 4.43095
0.159709 4.73077
0.165845 5.04195
0.171974 5.31031
0.178125 5.66166
0.184229 6.05037
0.19034 6.53264
0.196428 6.76384
0.202534 7.2579
0.208729 7.51515
0.214876 7.90652
0.220989 8.20466
0.227147 8.82712
0.23329 9.16554
0.239377 9.71356
0.245482 10.0037
0.251667 10.6801
0.257832 11.101
0.263955 11.6049
0.270079 12.0063
0.27624 12.6176
0.282372 13.084
0.28843 13.6415
0.294538 13.9986
0.300721 14.846
0.30691 15.1911
0.313033 15.9165
0.319153 16.5464
0.325316 16.995
0.33145 17.7205
0.337538 18.3676
0.343633 18.8213
0.349808 19.608
0.355968 20.0993
0.362074 20.788
0.368217 21.3366
0.374374 22.1975
0.380519 23.0989
0.386598 23.6123
0.392688 24.101
0.39888 24.6658
0.405048 25.6755
0.411186 26.4267
0.417313 26.944
0.423458 27.7945
0.429607 28.5612
0.435692 29.0547
0.441815 30.0308
0.447964 30.6641
0.454126 31.3481
0.460267 32.5926
0.466387 33.0086
0.47254 33.4453
0.478662 34.8628
0.484765 35.5111
0.490885 36.134
0.497035 36.8219
0.503198 37.8046
0.509342 38.5891
0.515458 39.2785
0.521598 40.3835
0.527764 41.5219
0.533884 41.7626
0.54 43.1125
0.546137 43.747
0.552299 44.7057
0.558452 45.4049
0.564573 45.9123
0.570708 47.0613
0.576825 48.016
0.582926 48.7611
0.589034 49.8064
0.595184 50.8176
0.601379 51.4648
0.607522 51.8713
0.613639 52.9059
0.619772 53.6694
0.625918 54.5716
0.632068 55.8529
0.638161 56.3517
0.6443 57.0853
0.650464 58.0203
0.656582 58.9856
0.662703 59.7094
0.668861 60.4553
0.675024 61.6509
0.681124 62.3724
0.687237 63.5103
0.693381 63.9941
0.699536 65.0854
0.705665 65.9905
0.711789 66.6551
0.717957 67.7492
0.72409 68.9879
0.730186 69.273
0.736317 69.9278
0.742472 71.091
0.748622 71.6179
0.75476 72.8287
0.760888 73.8183
0.767043 74.5248
0.773185 75.4151
0.779291 76.4134
0.785407 77.133
0.791564 77.7225
0.797719 78.8961
0.803834 79.74
0.809972 80.734
0.816124 81.3127
0.822261 81.4519
0.828378 83.3856
0.834502 83.2318
0.840667 84.4033
0.846816 85.4206
0.852925 85.7343
0.859047 86.7603
0.865192 87.6512
0.871341 88.322
0.877463 89.2265
0.883569 89.9356
0.889708 90.4611
0.895864 91.3665
0.902008 92.2292
0.908149 92.7251
0.914301 93.7947
0.920448 94.1244
0.926574 95.239
0.932687 95.7306
0.938823 96.3582
0.944975 97.2406
0.951105 97.3506
0.957225 98.6738
0.963368 99.0621
0.969511 99.6376
0.975621 100.833
0.981748 101.352
0.987916 101.616
0.99406 102.574
1.00019 103.564
1.00632 103.702
1.01246 104.259
1.01859 105.55
1.02471 105.679
1.03085 106.56
1.03698 106.899
1.04314 107.451
1.04929 107.765
1.05541 108.741
1.06154 109.446
1.06769 109.769
1.07382 110.355
1.07993 110.429
1.08607 111.701
1.09222 111.9
1.09836 112.35
1.10449 112.654
1.11063 113.958
1.11677 113.713
1.1229 114.597
1.12903 115.412
1.13518 115.1
1.14131 115.901
1.14745 116.209
1.15359 116.538
1.15973 117.426
1.16584 117.859
1.17197 118.431
1.17811 118.991
1.18424 118.965
1.19038 119.524
1.19652 119.607
1.20267 120.584
1.20881 120.793
1.21495 121.483
1.22108 121.366
1.2272 121.947
1.23334 122.532
1.23949 122.531
1.24562 122.731
1.25174 123.292
1.25789 123.548
1.26402 123.949
1.27014 124.096
1.27628 124.813
1.28244 125.322
1.28858 126.001
1.29471 125.591
1.30084 126.011
1.30697 126.525
1.31312 126.926
1.31925 127.591
1.32537 127.337
1.33151 127.693
1.33765 127.436
1.34378 128.078
1.34992 128.123
1.35606 128.872
1.3622 129.32
1.36833 128.94
1.37445 129.267
1.38059 130.078
1.38675 130.147
1.39288 130.049
1.39901 130.535
1.40515 130.919
1.4113 130.766
1.41742 131.347
1.42355 131.651
1.4297 131.622
1.43585 132.36
1.44198 132.104
1.44809 132.643
1.45423 132.903
1.46036 132.759
1.46649 132.722
1.47263 132.743
1.47877 133.93
1.48491 133.5
1.49104 133.533
1.49718 133.946
1.50333 134.184
1.50947 134.128
1.5156 134.084
1.52172 133.895
1.52787 134.62
1.534 134.929
1.54013 135.179
1.54627 135.229
1.55241 134.857
1.55855 135.441
1.56467 135.528
1.5708 135.71
