0.00783031 20520.3
0.013688 25308.6
0.019231 26017.2
0.0249154 23280.5
0.0312784 20266.9
0.0375637 17484.5
0.0433917 15192.8
0.0492413 14364.8
0.0555754 13096.3
0.0619321 12256.3
0.067871 11157.8
0.0738098 10297.5
0.0800417 9530.79
0.0862327 8499.69
0.0921407 7985.21
0.0982031 7275.44
0.104506 6755.01
0.110769 6375.49
0.116806 5969.76
0.122832 5861.56
0.129052 5542.53
0.135211 5413.86
0.141259 5074.49
0.147318 4949.78
0.153489 4611.17
0.159709 4334.49
0.165845 4079.73
0.171974 4113.88
0.178125 4024.49
0.184229 3821.86
0.19034 3753.67
0.196428 3653.17
0.202534 3538.22
0.208729 3496.11
0.214876 3325.24
0.220989 3317.27
0.227147 3230.67
0.23329 3090.28
0.239377 3011.47
0.245482 2984.2
0.251667 2933.88
0.257832 2847.31
0.263955 2787.44
0.270079 2749.16
0.27624 2688.41
0.282372 2649.47
0.28843 2577.78
0.294538 2545.59
0.300721 2523.63
0.30691 2495.58
0.313033 2439.04
0.319153 2384.4
0.325316 2363.33
0.33145 2327.83
0.337538 2271.11
0.343633 2247.1
0.349808 2225.78
0.355968 2220.86
0.362074 2181.93
0.368217 2147.04
0.374374 2122.41
0.380519 2081.79
0.386598 2086.71
0.392688 2052.89
0.39888 2039.62
0.405048 2007.98
0.411186 1975.58
0.417313 1980.83
0.423458 1936.44
0.429607 1945.62
0.435692 1901.25
0.441815 1882.88
0.447964 1875.98
0.454126 1863.79
0.460267 1839.96
0.466387 1817.35
0.47254 1791.72
0.478662 1790.52
0.484765 1757.81
0.490885 1743.31
0.497035 1735.75
0.503198 1713.85
0.509342 1711.37
0.515458 1678.52
0.521598 1676.18
0.527764 1663.56
0.533884 1646.56
0.54 1643.5
0.546137 1618.03
0.552299 1613.58
0.558452 1587.93
0.564573 1583.87
0.570708 1572.81
0.576825 1562.8
0.582926 1551.37
0.589034 1536.58
0.595184 1524.26
0.601379 1510
0.607522 1500.17
0.613639 1488.97
0.619772 1480.69
0.625918 1469.78
0.632068 1459.64
0.638161 1449.19
0.6443 1424.88
0.650464 1426.98
0.656582 1408.33
0.662703 1397.33
0.668861 1388.7
0.675024 1389
0.681124 1381.33
0.687237 1362.57
0.693381 1362.41
0.699536 1347.11
0.705665 1332.43
0.711789 1336.24
0.717957 1320.95
0.72409 1308.73
0.730186 1301.37
0.736317 1299.3
0.742472 1291.07
0.748622 1283.39
0.75476 1264.73
0.760888 1263.81
0.767043 1246.68
0.773185 1245
0.779291 1239.74
0.785407 1215.53
0.791564 1215.74
0.797719 1207.58
0.803834 1198.26
0.809972 1205.91
0.816124 1190.04
0.822261 1184.92
0.828378 1177.39
0.834502 1166.4
0.840667 1155.92
0.846816 1150.72
0.852925 1140.26
0.859047 1133.26
0.865192 1126.79
0.871341 1122.02
0.877463 1109.6
0.883569 1106.89
0.889708 1100.21
0.895864 1096.97
0.902008 1087.05
0.908149 1083.71
0.914301 1070.16
0.920448 1060.4
0.926574 1059.72
0.932687 1052.76
0.938823 1043.22
0.944975 1041.53
0.951105 1030.12
0.957225 1025.2
0.963368 1021.47
0.969511 1012.97
0.975621 1008.28
0.981748 1003.43
0.987916 989.145
0.99406 986.753
1.00019 982.731
1.00632 974.963
1.01246 966.182
1.01859 964.258
1.02471 963.248
1.03085 950.851
1.03698 943.585
1.04314 937.77
1.04929 936.836
1.05541 925.64
1.06154 924.654
1.06769 914.494
1.07382 909.097
1.07993 906.19
1.08607 898.965
1.09222 890.913
1.09836 885.148
1.10449 882.549
1.11063 877.258
1.11677 872.486
1.1229 870.576
1.12903 858.577
1.13518 854.126
1.14131 850.768
1.14745 844.772
1.15359 838.629
1.15973 837.02
1.16584 828.412
1.17197 824.53
1.17811 819.299
1.18424 813.366
1.19038 809.603
1.19652 805.76
1.20267 800.183
1.20881 794.798
1.21495 788.03
1.22108 785.305
1.2272 778.419
1.23334 774.485
1.23949 770.611
1.24562 765.135
1.25174 761.718
1.25789 757.426
1.26402 749.093
1.27014 744.82
1.27628 739.813
1.28244 735.155
1.28858 733.886
1.29471 726.556
1.30084 721.51
1.30697 717.14
1.31312 712.963
1.31925 708.823
1.32537 706.846
1.33151 701.317
1.33765 698.727
1.34378 694.566
1.34992 688.324
1.35606 684.945
1.3622 679.753
1.36833 674.994
1.37445 671.415
1.38059 665.235
1.38675 663.068
1.39288 658.289
1.39901 654.241
1.40515 647.902
1.4113 645.868
1.41742 642.515
1.42355 639.174
1.4297 633.636
1.43585 631.292
1.44198 627.891
1.44809 623.585
1.45423 618.718
1.46036 614.625
1.46649 612.311
1.47263 607.905
1.47877 602.663
1.48491 601.354
1.49104 595.941
1.49718 592.714
1.50333 590.412
1.50947 586.781
1.5156 582.816
1.52172 579.483
1.52787 574.612
1.534 572.383
1.54013 568.665
1.54627 564.253
1.55241 561.089
1.55855 557.089
1.56467 554.344
1.5708 550.033
