0.00783031 463.801
0.013688 147.887
0.019231 -2254.72
0.0249154 35.3783
0.0312784 -113.089
0.0375637 393.229
0.0433917 -192.219
0.0492413 -123.525
0.0555754 -164.619
0.0619321 -332.501
0.067871 -58.8319
0.0738098 39.579
0.0800417 -243.366
0.0862327 -203.851
0.0921407 -193.521
0.0982031 -206.054
0.104506 -107.084
0.110769 -210.584
0.116806 -173.109
0.122832 -182.73
0.129052 -148.205
0.135211 -115.845
0.141259 -182.479
0.147318 -190.989
0.153489 -188.972
0.159709 -196.604
0.165845 -146.759
0.171974 -165.04
0.178125 -179.674
0.184229 -150.226
0.19034 -157.442
0.196428 -148.907
0.202534 -152.412
0.208729 -128.102
0.214876 -152.87
0.220989 -128.526
0.227147 -136.515
0.23329 -131.836
0.239377 -133.884
0.245482 -128.91
0.251667 -122.044
0.257832 -131.469
0.263955 -136.777
0.270079 -119.488
0.27624 -121.771
0.282372 -115.451
0.28843 -127.01
0.294538 -113.456
0.300721 -108.476
0.30691 -111.891
0.313033 -114.158
0.319153 -111.604
0.325316 -105.16
0.33145 -105.491
0.337538 -103.091
0.343633 -103.418
0.349808 -95.7834
0.355968 -95.6638
0.362074 -90.4374
0.368217 -93.138
0.374374 -90.4646
0.380519 -83.4762
0.386598 -88.7096
0.392688 -86.9143
0.39888 -87.3206
0.405048 -85.541
0.411186 -86.9786
0.417313 -79.5636
0.423458 -78.5943
0.429607 -76.8963
0.435692 -77.7993
0.441815 -75.8059
0.447964 -78.4936
0.454126 -73.7272
0.460267 -72.1073
0.466387 -69.5932
0.47254 -70.7354
0.478662 -71.7215
0.484765 -67.2216
0.490885 -67.7591
0.497035 -65.9446
0.503198 -65.2548
0.509342 -65.4614
0.515458 -62.1175
0.521598 -62.5805
0.527764 -62.587
0.533884 -60.9532
0.54 -60.3363
0.546137 -56.1337
0.552299 -58.0446
0.558452 -56.344
0.564573 -56.3187
0.570708 -55.3699
0.576825 -53.3691
0.582926 -50.6402
0.589034 -53.9752
0.595184 -52.1065
0.601379 -52.2525
0.607522 -49.4907
0.613639 -50.471
0.619772 -49.9246
0.625918 -49.0734
0.632068 -48.4036
0.638161 -47.3099
0.6443 -47.1956
0.650464 -45.9241
0.656582 -46.8327
0.662703 -44.9236
0.668861 -44.6298
0.675024 -44.3176
0.681124 -44.6545
0.687237 -44.0005
0.693381 -43.3535
0.699536 -43.1022
0.705665 -42.0011
0.711789 -40.4753
0.717957 -40.347
0.72409 -41.173
0.730186 -39.7482
0.736317 -39.6818
0.742472 -38.5569
0.748622 -38.7796
0.75476 -37.875
0.760888 -37.334
0.767043 -37.6489
0.773185 -36.1341
0.779291 -36.4462
0.785407 -36.457
0.791564 -34.9692
0.797719 -36.1522
0.803834 -34.9036
0.809972 -33.6465
0.816124 -33.2072
0.822261 -33.835
0.828378 -33.5038
0.834502 -33.2162
0.840667 -32.4579
0.846816 -32.126
0.852925 -32.1706
0.859047 -32.1095
0.865192 -31.5344
0.871341 -31.5636
0.877463 -30.7932
0.883569 -31.0305
0.889708 -30.6015
0.895864 -30.0726
0.902008 -29.2056
0.908149 -29.0967
0.914301 -29.6152
0.920448 -29.063
0.926574 -28.4719
0.932687 -27.9573
0.938823 -28.1314
0.944975 -28.3628
0.951105 -27.2601
0.957225 -27.1019
0.963368 -26.9044
0.969511 -27.3366
0.975621 -26.8888
0.981748 -26.6477
0.987916 -26.0866
0.99406 -25.7109
1.00019 -25.2139
1.00632 -25.1708
1.01246 -24.8097
1.01859 -25.1584
1.02471 -25.3389
1.03085 -24.5543
1.03698 -24.4148
1.04314 -23.9408
1.04929 -23.6589
1.05541 -23.9225
1.06154 -24.1077
1.06769 -23.5315
1.07382 -23.0621
1.07993 -23.6318
1.08607 -22.8439
1.09222 -22.8435
1.09836 -22.7043
1.10449 -22.4792
1.11063 -22.1263
1.11677 -21.4709
1.1229 -21.8466
1.12903 -21.6235
1.13518 -21.5307
1.14131 -21.5585
1.14745 -21.1647
1.15359 -21.067
1.15973 -20.928
1.16584 -20.4155
1.17197 -20.4077
1.17811 -20.505
1.18424 -20.4213
1.19038 -20.0136
1.19652 -19.8161
1.20267 -19.9528
1.20881 -19.9335
1.21495 -19.6911
1.22108 -19.5893
1.2272 -19.2642
1.23334 -18.8573
1.23949 -18.9613
1.24562 -18.8007
1.25174 -18.8942
1.25789 -18.6609
1.26402 -18.4062
1.27014 -18.2151
1.27628 -18.5319
1.28244 -18.0884
1.28858 -17.8377
1.29471 -17.9731
1.30084 -17.6518
1.30697 -17.7258
1.31312 -17.3187
1.31925 -17.3371
1.32537 -16.8347
1.33151 -17.2681
1.33765 -16.8116
1.34378 -16.9131
1.34992 -16.5664
1.35606 -16.6658
1.3622 -16.1327
1.36833 -16.2906
1.37445 -16.1239
1.38059 -16.0381
1.38675 -15.9141
1.39288 -15.7825
1.39901 -15.7665
1.40515 -15.6874
1.4113 -15.6713
1.41742 -15.4237
1.42355 -15.3266
1.4297 -15.1687
1.43585 -15.1667
1.44198 -14.9857
1.44809 -15.0136
1.45423 -15.0036
1.46036 -14.8155
1.46649 -14.6091
1.47263 -14.682
1.47877 -14.3577
1.48491 -14.2811
1.49104 -14.1566
1.49718 -14.2101
1.50333 -14.116
1.50947 -13.8425
1.5156 -13.8601
1.52172 -13.7733
1.52787 -13.8272
1.534 -13.6191
1.54013 -13.3943
1.54627 -13.3915
1.55241 -13.3108
1.55855 -13.2484
1.56467 -13.111
1.5708 -13.0701
