#  k  (h/Mpc)          P(k)  (Mpc/h)^3     P_linear(k)   P_NL(k) (Mpc/h)^3
     0.00783031         20341.3         20513.5           20402 
       0.013688         25026.7         25365.8         25170.4 
       0.019231         25382.6         25635.4         25378.2 
      0.0249154         23175.7         23617.7         23341.1 
      0.0312784           20198         20361.8         20072.2 
      0.0375637         16870.3         17287.6         17029.1 
      0.0433917         14651.8         15046.4         14768.3 
      0.0492413         12977.9         13439.5         13172.6 
      0.0555754         11840.4         12280.2         12034.8 
      0.0619321         11295.7         11423.3         11182.2 
       0.067871         9977.57         10674.3         10455.7 
      0.0738098         9214.64         9842.08         9530.37 
      0.0800417         8529.58         8856.08         8604.23 
      0.0862327          7440.7         7841.33          7739.8 
      0.0921407         6505.88         6940.55         6884.81 
      0.0982031         5980.16         6164.83         6243.98 
       0.104506         5532.48         5561.75         5737.32 
       0.110769         5042.82         5155.89         5263.08 
       0.116806         4769.69         4889.47         4964.46 
       0.122832         4463.44         4677.07         4752.13 
       0.129052          4233.1         4453.97         4522.27 
       0.135211         3883.24         4193.92         4269.83 
       0.141259         3681.85         3896.12         4050.54 
       0.147318         3409.16         3576.26         3807.16 
       0.153489         3257.67          3260.5         3472.32 
       0.159709         2975.36         2982.04         3265.67 
       0.165845         2786.32         2764.14         3130.37 
       0.171974         2588.07         2604.93         2961.41 
       0.178125         2523.91          2488.7         2879.78 
       0.184229         2419.19          2396.6         2743.09 
        0.19034         2299.16         2308.28         2640.78 
       0.196428         2180.51         2211.01            2533 
       0.202534         2070.18         2098.34         2448.32 
       0.208729         2011.97         1971.83          2315.9 
       0.214876         1934.92         1845.05         2253.38 
       0.220989         1790.06         1727.42         2179.44 
       0.227147         1739.88          1625.3         2105.71 
        0.23329         1650.89          1542.2         2040.86 
       0.239377         1566.72         1476.79         1962.14 
       0.245482         1540.93         1423.17         1881.11 
       0.251667         1486.68         1374.77          1839.5 
       0.257832         1422.22         1326.38         1781.24 
       0.263955         1367.77         1274.55         1732.73 
       0.270079         1327.77         1218.63         1683.96 
        0.27624         1282.79         1160.63         1632.19 
       0.282372         1226.85         1104.16         1604.22 
        0.28843          1192.7         1052.29         1569.55 
       0.294538         1141.77         1005.98         1521.93 
       0.300721         1112.14         965.772         1476.82 
        0.30691         1067.76         931.185         1457.29 
       0.313033          1049.2         900.669         1412.21 
       0.319153         1019.34         871.904         1373.99 
       0.325316         978.969         843.127         1354.28 
        0.33145         941.029         813.802         1308.65 
       0.337538         918.043         783.968         1289.04 
       0.343633         911.733         754.209         1273.23 
       0.349808         871.744         725.137         1252.72 
       0.355968         849.603         698.007         1228.96 
       0.362074         829.645         673.396         1205.73 
       0.368217         793.203         651.053         1177.75 
       0.374374         780.917         630.664         1155.05 
       0.380519         767.956         611.687         1134.08 
       0.386598         746.356         593.734         1119.14 
       0.392688         727.892         576.093         1099.03 
        0.39888         709.038         558.266         1080.83 
       0.405048         692.325         540.636         1062.65 
       0.411186         670.703         523.443         1045.26 
       0.417313         652.667         506.946         1032.01 
       0.423458         641.668         491.257         1012.47 
       0.429607         626.218         476.511         996.142 
       0.435692         611.877         462.871         974.373 
       0.441815         596.632          450.01         971.353 
       0.447964         589.118         437.712         961.022 
       0.454126         572.692         425.821         934.613 
       0.460267         559.462         414.316         932.964 
       0.466387         548.028         403.106         917.372 
        0.47254         533.719         392.064         904.495 
       0.478662         526.159          381.36         891.387 
       0.484765         510.598         371.082         882.092 
       0.490885         498.945         361.225         865.542 
       0.497035          492.68         351.758         858.122 
       0.503198         483.311         342.709         848.092 
       0.509342         470.688         334.099         833.605 
       0.515458         464.641         325.875         827.949 
       0.521598          452.99         317.898         819.807 
       0.527764         445.114         310.109         812.946 
       0.533884         437.884         302.587         804.268 
           0.54         428.557         295.284         794.874 
       0.546137         420.435         288.166         786.409 
       0.552299         415.521         281.241         775.648 
       0.558452         404.812         274.572         769.557 
       0.564573         396.448         268.183         762.401 
       0.570708         390.492         262.019         752.148 
       0.576825         384.297         256.088         743.076 
       0.582926         377.006         250.362         738.298 
       0.589034         368.246           244.8         728.032 
       0.595184         365.479         239.361         720.603 
       0.601379         359.217         234.048         714.925 
       0.607522         351.132         228.943         704.237 
       0.613639         346.135         224.008         701.679 
       0.619772          342.35         219.199         699.531 
       0.625918         333.483         214.523           690.2 
       0.632068          329.98         209.989         686.291 
       0.638161         323.835          205.63         676.345 
         0.6443         317.302         201.363         670.277 
       0.650464         312.873         197.204         662.339 
       0.656582         308.827         193.195         658.243 
       0.662703         305.088         189.299         653.513 
       0.668861          300.09         185.491         650.291 
       0.675024         293.273         181.786         645.456 
       0.681124           289.1         178.221         636.687 
       0.687237         285.209         174.746         631.235 
       0.693381          281.04         171.349         625.446 
       0.699536         276.695         168.039         621.256 
       0.705665         272.936         164.831         613.993 
       0.711789         267.677         161.707         609.356 
       0.717957         264.322         158.644         608.165 
        0.72409         260.642         155.679         602.232 
       0.730186         257.361          152.81         595.922 
       0.736317         254.917         150.001         592.075 
       0.742472          248.69         147.254         588.343 
       0.748622         244.622         144.576          582.11 
        0.75476         240.967         141.968         582.029 
       0.760888         238.081         139.429           575.8 
       0.767043         234.077         136.944         568.615 
       0.773185         233.534         134.528         565.263 
       0.779291          228.43         132.185         560.659 
       0.785407         227.773         129.892         557.459 
       0.791564         221.304         127.639         555.564 
       0.797719         219.231         125.442         550.541 
       0.803834         215.568         123.312         546.859 
       0.809972         211.916         121.224         543.072 
       0.816124         210.607         119.178         537.397 
       0.822261         206.794         117.186         534.604 
       0.828378         204.722         115.246         530.669 
       0.834502         201.278         113.351         528.875 
       0.840667         197.471         111.487         524.891 
       0.846816         195.695         109.669         520.762 
       0.852925          193.03         107.902         517.784 
       0.859047         190.504          106.17         513.104 
       0.865192         188.627          104.47         510.016 
       0.871341         184.811         102.807         506.384 
       0.877463         182.918         101.188         503.432 
       0.883569         180.969           99.61          501.27 
       0.889708         178.431         98.0585         496.524 
       0.895864         175.438         96.5361         493.723 
       0.902008         172.782         95.0488         490.433 
       0.908149         170.562         93.5935         485.377 
       0.914301         168.586         92.1665         481.772 
       0.920448          166.92         90.7712         480.905 
       0.926574         164.269         89.4101         477.962 
       0.932687         162.579         88.0802         473.294 
       0.938823         159.149         86.7728         471.922 
       0.944975         157.696         85.4889         469.073 
       0.951105         156.228         84.2354         465.903 
       0.957225         154.179          83.009         462.655 
       0.963368         151.867         81.8028         459.815 
       0.969511         149.906         80.6209         456.807 
       0.975621         148.146         79.4694         454.319 
       0.981748           146.4          78.338          451.84 
       0.987916         144.804         77.2216         449.355 
        0.99406         143.057         76.1311         446.431 
        1.00019         140.919         75.0638         442.652 
        1.00632          138.21          74.018         440.061 
        1.01246             137         72.9909          437.43 
        1.01859          135.11         71.9852          434.69 
        1.02471         134.439         71.0001         432.302 
        1.03085         132.442         70.0302         430.831 
        1.03698         130.588         69.0805           429.1 
        1.04314         129.031         68.1442         425.571 
        1.04929         127.764          67.227         422.131 
        1.05541         126.247         66.3297         419.711 
        1.06154         124.466         65.4464         417.619 
        1.06769          123.17         64.5783         414.608 
        1.07382         121.411         63.7301         411.904 
        1.07993         120.466         62.9005         410.011 
        1.08607         119.323         62.0832         407.479 
        1.09222         117.228         61.2799         405.191 
        1.09836         115.631         60.4912         403.296 
        1.10449         114.445         59.7167         401.712 
        1.11063         113.277         58.9542         398.537 
        1.11677         111.851         58.2047         396.423 
         1.1229         110.401         57.4691         393.804 
        1.12903         109.082         56.7453          392.03 
        1.13518         108.357         56.0336         388.783 
        1.14131         106.723          55.335         387.644 
        1.14745         105.785         54.6494         384.581 
        1.15359         104.158         53.9759         383.382 
        1.15973         103.078          53.314         381.089 
        1.16584         101.931         52.6667         379.054 
        1.17197         100.221         52.0295         377.377 
        1.17811         99.7835         51.4006         374.629 
        1.18424         98.8001         50.7833         372.402 
        1.19038         97.4391         50.1735          371.22 
        1.19652         96.1337         49.5734         368.291 
        1.20267         95.4252         48.9833         366.436 
        1.20881         93.8935         48.4039         364.926 
        1.21495         92.9801         47.8363         362.286 
        1.22108          92.122         47.2789         359.992 
         1.2272         91.1345         46.7319         359.043 
        1.23334         89.8161         46.1919         356.657 
        1.23949         88.8723         45.6581         354.756 
        1.24562         87.9895         45.1334         352.657 
        1.25174         87.2577         44.6172         351.084 
        1.25789         86.0699         44.1075         348.822 
        1.26402         84.9156         43.6069         347.609 
        1.27014         84.2824         43.1155         345.363 
        1.27628         83.2154         42.6304         344.248 
        1.28244         81.9034         42.1518         342.606 
        1.28858         81.1888         41.6809         340.478 
        1.29471         80.2988         41.2183         337.991 
        1.30084         79.7921         40.7632         335.917 
        1.30697         79.0621         40.3146         334.856 
        1.31312          78.014         39.8726         333.135 
        1.31925         77.3379          39.439         331.159 
        1.32537         76.2617         39.0126          329.19 
        1.33151         75.5068         38.5911         327.926 
        1.33765         74.6206         38.1759         326.362 
        1.34378         73.8755         37.7675         324.073 
        1.34992         73.0696         37.3645         322.575 
        1.35606          72.333         36.9663         320.656 
         1.3622         71.4073         36.5745         319.517 
        1.36833         70.8673         36.1891         318.305 
        1.37445         70.0826         35.8094         315.793 
        1.38059         69.3414          35.434         314.721 
        1.38675         68.5574         35.0633         313.396 
        1.39288         67.9677         34.6997         311.251 
        1.39901         67.4942         34.3416         309.548 
        1.40515         66.5992          33.988         308.017 
         1.4113          66.038         33.6394         306.267 
        1.41742         65.0269         33.2967          304.59 
        1.42355         64.5325         32.9578         303.438 
         1.4297         63.6749         32.6223         301.328 
        1.43585         63.3331         32.2915         300.584 
        1.44198         62.3583         31.9668         298.765 
        1.44809         61.9377         31.6477         297.196 
        1.45423         61.2644         31.3323         295.329 
        1.46036         60.5691         31.0223         294.105 
        1.46649         60.0261         30.7165         292.844 
        1.47263         59.4006         30.4145         291.054 
        1.47877         58.6899         30.1163         289.253 
        1.48491         57.9489         29.8212         287.663 
        1.49104         57.4972         29.5304         286.676 
        1.49718         56.9704          29.243         285.836 
        1.50333         56.3003         28.9588         283.551 
        1.50947         55.7832         28.6791         282.096 
         1.5156         55.5057         28.4036         281.309 
        1.52172         54.5814          28.132         279.836 
        1.52787         54.1403         27.8635         278.436 
          1.534         53.6007         27.5991         276.889 
        1.54013          53.074         27.3387         275.619 
        1.54627         52.7313         27.0814         274.639 
        1.55241         52.0989         26.8275         273.375 
        1.55855         51.5171         26.5771         271.725 
        1.56467         51.1134         26.3303         270.203 
         1.5708         50.5102         26.0858         268.894 
