0.00783031 3840.76
0.013688 3546.88
0.019231 3718.2
0.0249154 3605.76
0.0312784 3307.05
0.0375637 3002.15
0.0433917 2725.95
0.0492413 2522.5
0.0555754 2688.74
0.0619321 2339.54
0.067871 2412.73
0.0738098 2151.52
0.0800417 1874.19
0.0862327 1992.64
0.0921407 1866.99
0.0982031 1681.9
0.104506 1628.95
0.110769 1570.3
0.116806 1510.48
0.122832 1399.8
0.129052 1392.45
0.135211 1309.08
0.141259 1306.39
0.147318 1268.56
0.153489 1195.17
0.159709 1132.8
0.165845 1111.45
0.171974 1085.17
0.178125 1034.46
0.184229 990.954
0.19034 965.981
0.196428 939.254
0.202534 884.632
0.208729 870.423
0.214876 840.032
0.220989 836.67
0.227147 814.682
0.23329 794.005
0.239377 765.25
0.245482 762.347
0.251667 738.783
0.257832 711.479
0.263955 704.904
0.270079 685.958
0.27624 670.94
0.282372 663.389
0.28843 637.522
0.294538 630.771
0.300721 612.49
0.30691 611.763
0.313033 592.531
0.319153 586.308
0.325316 567.078
0.33145 567.728
0.337538 548.511
0.343633 537.21
0.349808 527.034
0.355968 520.148
0.362074 504.615
0.368217 507.706
0.374374 490.352
0.380519 492.151
0.386598 475.262
0.392688 468.349
0.39888 463.938
0.405048 455.987
0.411186 450.579
0.417313 442.911
0.423458 434.833
0.429607 428.336
0.435692 419.663
0.441815 418.692
0.447964 409.842
0.454126 401.779
0.460267 397.775
0.466387 395.415
0.47254 389.097
0.478662 381.439
0.484765 380.36
0.490885 372.691
0.497035 367.184
0.503198 365.044
0.509342 355.499
0.515458 354.315
0.521598 347.866
0.527764 346.845
0.533884 341.502
0.54 339.839
0.546137 336.814
0.552299 330.542
0.558452 328.932
0.564573 326.527
0.570708 319.026
0.576825 318.762
0.582926 314.399
0.589034 309.409
0.595184 307.426
0.601379 303.859
0.607522 303.168
0.613639 300.55
0.619772 297.679
0.625918 293.873
0.632068 290.106
0.638161 286.514
0.6443 284.51
0.650464 282.785
0.656582 278.426
0.662703 276.877
0.668861 272.489
0.675024 270.266
0.681124 267.86
0.687237 266.767
0.693381 264.23
0.699536 261.41
0.705665 259.362
0.711789 255.555
0.717957 253.821
0.72409 251.167
0.730186 250.258
0.736317 247.421
0.742472 245.415
0.748622 244.084
0.75476 242.424
0.760888 240.158
0.767043 240.223
0.773185 236.393
0.779291 233.922
0.785407 233.127
0.791564 232.75
0.797719 230.354
0.803834 228.232
0.809972 226.26
0.816124 224.279
0.822261 223.378
0.828378 223.002
0.834502 221.443
0.840667 219.445
0.846816 217.316
0.852925 216.058
0.859047 215.116
0.865192 212.621
0.871341 212.023
0.877463 210.867
0.883569 208.001
0.889708 207.806
0.895864 206.148
0.902008 205.105
0.908149 204.181
0.914301 203.234
0.920448 201.761
0.926574 200.077
0.932687 198.828
0.938823 197.95
0.944975 196.977
0.951105 195.541
0.957225 194.242
0.963368 192.93
0.969511 192.249
0.975621 190.585
0.981748 189.598
0.987916 188.678
0.99406 186.88
1.00019 187.085
1.00632 185.93
1.01246 184.37
1.01859 183.097
1.02471 183.052
1.03085 181.625
1.03698 181.833
1.04314 180.238
1.04929 179.425
1.05541 178.618
1.06154 177.107
1.06769 176.992
1.07382 175.029
1.07993 175.013
1.08607 174.282
1.09222 172.888
1.09836 173.106
1.10449 171.245
1.11063 170.498
1.11677 170.478
1.1229 169.001
1.12903 168.92
1.13518 167.485
1.14131 166.831
1.14745 166.669
1.15359 165.643
1.15973 165.016
1.16584 164.29
1.17197 163.777
1.17811 162.514
1.18424 162.408
1.19038 161.388
1.19652 161.005
1.20267 160.052
1.20881 159.489
1.21495 158.931
1.22108 158.621
1.2272 157.894
1.23334 157.179
1.23949 156.243
1.24562 156.073
1.25174 155.358
1.25789 154.259
1.26402 153.777
1.27014 153.415
1.27628 153.139
1.28244 152.648
1.28858 151.478
1.29471 151.301
1.30084 150.93
1.30697 150.63
1.31312 149.786
1.31925 149.489
1.32537 148.688
1.33151 148.671
1.33765 148.023
1.34378 147.343
1.34992 146.972
1.35606 146.437
1.3622 145.858
1.36833 145.534
1.37445 144.949
1.38059 144.349
1.38675 143.989
1.39288 143.785
1.39901 143.382
1.40515 142.51
1.4113 142.121
1.41742 141.444
1.42355 141.272
1.4297 140.863
1.43585 140.44
1.44198 140.063
1.44809 139.59
1.45423 139.148
1.46036 139.31
1.46649 138.24
1.47263 137.807
1.47877 137.639
1.48491 137.065
1.49104 136.881
1.49718 136.197
1.50333 135.828
1.50947 135.71
1.5156 135.371
1.52172 135.126
1.52787 134.336
1.534 134.267
1.54013 133.817
1.54627 133.626
1.55241 132.936
1.55855 132.499
1.56467 132.145
1.5708 131.899
