0.00783031 1632.07
0.013688 3216.14
0.019231 -1211.03
0.0249154 1489.38
0.0312784 958.5
0.0375637 955.715
0.0433917 -230.706
0.0492413 -212.369
0.0555754 594.413
0.0619321 315.366
0.067871 543.884
0.0738098 547.839
0.0800417 574.019
0.0862327 743.198
0.0921407 793.834
0.0982031 801.309
0.104506 768.917
0.110769 889.495
0.116806 963.204
0.122832 930.916
0.129052 953.307
0.135211 974.082
0.141259 1145.18
0.147318 1062.55
0.153489 1013.78
0.159709 1137.72
0.165845 1071.28
0.171974 1140.58
0.178125 1110.78
0.184229 1192.4
0.19034 1188.23
0.196428 1172.19
0.202534 1191.16
0.208729 1171.22
0.214876 1137.48
0.220989 1210.03
0.227147 1163.15
0.23329 1239.72
0.239377 1206.47
0.245482 1206.19
0.251667 1205.97
0.257832 1196.46
0.263955 1184.52
0.270079 1215
0.27624 1192.22
0.282372 1190.48
0.28843 1197.33
0.294538 1185.29
0.300721 1215.1
0.30691 1211.85
0.313033 1219.22
0.319153 1212.84
0.325316 1185.28
0.33145 1175.73
0.337538 1190.75
0.343633 1197.51
0.349808 1196.64
0.355968 1176.33
0.362074 1206.11
0.368217 1174.52
0.374374 1184.33
0.380519 1155.96
0.386598 1167.04
0.392688 1186.26
0.39888 1174.12
0.405048 1172.63
0.411186 1152.14
0.417313 1151.5
0.423458 1164.54
0.429607 1160.63
0.435692 1158.76
0.441815 1144.15
0.447964 1148.5
0.454126 1144.05
0.460267 1130.99
0.466387 1133.5
0.47254 1132.5
0.478662 1144.88
0.484765 1126.73
0.490885 1120.11
0.497035 1118.34
0.503198 1124.39
0.509342 1109.44
0.515458 1110.71
0.521598 1095.38
0.527764 1106.06
0.533884 1102.46
0.54 1086.95
0.546137 1090.68
0.552299 1094.87
0.558452 1089.15
0.564573 1080.1
0.570708 1084
0.576825 1077.25
0.582926 1079.1
0.589034 1069.14
0.595184 1073.54
0.601379 1067.87
0.607522 1056.27
0.613639 1061.8
0.619772 1056.29
0.625918 1053.43
0.632068 1052.55
0.638161 1045.7
0.6443 1050.08
0.650464 1035.7
0.656582 1033.69
0.662703 1022.42
0.668861 1025.62
0.675024 1019.31
0.681124 1019.97
0.687237 1027.74
0.693381 1019.92
0.699536 1014.92
0.705665 1013.03
0.711789 1006.61
0.717957 1004.38
0.72409 997.349
0.730186 995.272
0.736317 997.333
0.742472 986.507
0.748622 985.281
0.75476 983.156
0.760888 975.772
0.767043 979.612
0.773185 969.037
0.779291 968.178
0.785407 967.935
0.791564 963.568
0.797719 955.052
0.803834 953.733
0.809972 954.879
0.816124 950.711
0.822261 943.682
0.828378 933.65
0.834502 939.331
0.840667 939.659
0.846816 936.01
0.852925 928.57
0.859047 923.514
0.865192 925.065
0.871341 912.945
0.877463 921.088
0.883569 909.779
0.889708 909.378
0.895864 903.999
0.902008 904.008
0.908149 900.617
0.914301 892.085
0.920448 893.791
0.926574 883.522
0.932687 886.33
0.938823 879.449
0.944975 876.218
0.951105 880.11
0.957225 867.991
0.963368 866.228
0.969511 862.577
0.975621 858.507
0.981748 855.008
0.987916 855.479
0.99406 852.059
1.00019 846.673
1.00632 845.099
1.01246 842.972
1.01859 837.709
1.02471 835.039
1.03085 829.884
1.03698 830.758
1.04314 823.534
1.04929 823.062
1.05541 818.708
1.06154 813.893
1.06769 811.476
1.07382 808.419
1.07993 806.249
1.08607 799.332
1.09222 797.397
1.09836 792.95
1.10449 792.399
1.11063 788.033
1.11677 785.395
1.1229 781.771
1.12903 777.4
1.13518 775.772
1.14131 772.566
1.14745 771.011
1.15359 761.927
1.15973 761.161
1.16584 757.223
1.17197 757.112
1.17811 752.994
1.18424 747.248
1.19038 750.429
1.19652 746.096
1.20267 740.087
1.20881 735.387
1.21495 734.198
1.22108 734.661
1.2272 728.614
1.23334 725.364
1.23949 721.981
1.24562 720.025
1.25174 716.009
1.25789 711.744
1.26402 708.646
1.27014 703.987
1.27628 702.914
1.28244 701.245
1.28858 696.599
1.29471 691.891
1.30084 692.459
1.30697 687.232
1.31312 686.985
1.31925 684.374
1.32537 680
1.33151 676.81
1.33765 672.931
1.34378 669.277
1.34992 668.567
1.35606 665.109
1.3622 660.989
1.36833 657.882
1.37445 657
1.38059 653.285
1.38675 647.302
1.39288 647.532
1.39901 646.225
1.40515 638.653
1.4113 637.009
1.41742 635.394
1.42355 633.245
1.4297 628.174
1.43585 627.434
1.44198 622.932
1.44809 619.334
1.45423 617.877
1.46036 614.899
1.46649 612.078
1.47263 608.261
1.47877 605.497
1.48491 603.973
1.49104 600.841
1.49718 599.554
1.50333 595.691
1.50947 593.743
1.5156 589.25
1.52172 589.758
1.52787 585.791
1.534 583.504
1.54013 580.114
1.54627 577.692
1.55241 574.287
1.55855 571.973
1.56467 570.534
1.5708 567.64
