0.00783031 20445.6
0.013688 25261
0.019231 25350.5
0.0249154 23989.3
0.0312784 20493.3
0.0375637 17408.2
0.0433917 14680.9
0.0492413 13377.2
0.0555754 12451.6
0.0619321 11007.9
0.067871 10825.3
0.0738098 9774.8
0.0800417 9018.81
0.0862327 7837.06
0.0921407 7250.95
0.0982031 6659.88
0.104506 6338.81
0.110769 5754.13
0.116806 5329.44
0.122832 5180.7
0.129052 4843.81
0.135211 4768.23
0.141259 4636.02
0.147318 4125.05
0.153489 3972.39
0.159709 3671.22
0.165845 3556.38
0.171974 3387.26
0.178125 3291.66
0.184229 3192.34
0.19034 3122.94
0.196428 2904.23
0.202534 2893.38
0.208729 2768.03
0.214876 2654.42
0.220989 2587.15
0.227147 2469.16
0.23329 2445.22
0.239377 2351.58
0.245482 2294.91
0.251667 2294.06
0.257832 2237.12
0.263955 2138.5
0.270079 2130.66
0.27624 2056.88
0.282372 2005.16
0.28843 1957.87
0.294538 1950.64
0.300721 1873
0.30691 1839.44
0.313033 1806.52
0.319153 1778.3
0.325316 1758.72
0.33145 1732.99
0.337538 1674.16
0.343633 1663.15
0.349808 1610.55
0.355968 1611.56
0.362074 1592.5
0.368217 1559.33
0.374374 1535.6
0.380519 1522.17
0.386598 1485.73
0.392688 1474.99
0.39888 1466.29
0.405048 1432.73
0.411186 1412.5
0.417313 1398.43
0.423458 1379.6
0.429607 1354.82
0.435692 1358.53
0.441815 1330.97
0.447964 1315.74
0.454126 1296.09
0.460267 1293.33
0.466387 1274.75
0.47254 1257.24
0.478662 1243.61
0.484765 1228.13
0.490885 1217.87
0.497035 1200.34
0.503198 1186.21
0.509342 1184
0.515458 1170.52
0.521598 1163.9
0.527764 1148.78
0.533884 1136.86
0.54 1131.15
0.546137 1111.39
0.552299 1107.37
0.558452 1100.75
0.564573 1081.79
0.570708 1080.56
0.576825 1063.39
0.582926 1061.9
0.589034 1054.82
0.595184 1045.62
0.601379 1036.71
0.607522 1021.71
0.613639 1019.06
0.619772 1011.27
0.625918 993.216
0.632068 993.929
0.638161 987.332
0.6443 974.619
0.650464 965.811
0.656582 962.759
0.662703 952.22
0.668861 951.205
0.675024 946.076
0.681124 932.696
0.687237 926.692
0.693381 914.611
0.699536 913.854
0.705665 912.323
0.711789 902.949
0.717957 894.458
0.72409 887.001
0.730186 884.259
0.736317 873.228
0.742472 872.386
0.748622 863.657
0.75476 856.499
0.760888 853.063
0.767043 843.422
0.773185 838.894
0.779291 835.117
0.785407 834.218
0.791564 824.15
0.797719 814.956
0.803834 809.288
0.809972 804.571
0.816124 800.847
0.822261 792.615
0.828378 785.551
0.834502 783.982
0.840667 773.682
0.846816 772.891
0.852925 771.771
0.859047 762.709
0.865192 761.832
0.871341 754.991
0.877463 749.418
0.883569 740.808
0.889708 734.73
0.895864 733.876
0.902008 727.011
0.908149 725.844
0.914301 720.023
0.920448 712.493
0.926574 708.41
0.932687 706.912
0.938823 701.378
0.944975 693.783
0.951105 687.855
0.957225 688.749
0.963368 680.48
0.969511 677.788
0.975621 677.357
0.981748 668.78
0.987916 667.195
0.99406 663.72
1.00019 657.309
1.00632 652.624
1.01246 649.004
1.01859 644.045
1.02471 643.676
1.03085 634.512
1.03698 634.901
1.04314 629.37
1.04929 622.252
1.05541 622.994
1.06154 618.468
1.06769 609.803
1.07382 611.923
1.07993 608.922
1.08607 603.104
1.09222 598.362
1.09836 595.786
1.10449 593.506
1.11063 590.727
1.11677 583.963
1.1229 582.305
1.12903 579.174
1.13518 573.162
1.14131 570.057
1.14745 566.579
1.15359 564.497
1.15973 558.245
1.16584 556.752
1.17197 550.981
1.17811 551.33
1.18424 546.923
1.19038 541.425
1.19652 538.767
1.20267 536.445
1.20881 533.777
1.21495 530.043
1.22108 526.516
1.2272 523.975
1.23334 518.723
1.23949 516.922
1.24562 514.673
1.25174 510.414
1.25789 507.5
1.26402 503.108
1.27014 501.034
1.27628 496.955
1.28244 495.11
1.28858 491.262
1.29471 488.553
1.30084 484.908
1.30697 483.564
1.31312 480.666
1.31925 477.674
1.32537 473.428
1.33151 468.721
1.33765 468.838
1.34378 465.104
1.34992 461.691
1.35606 459.491
1.3622 456.25
1.36833 453.377
1.37445 450.487
1.38059 448.214
1.38675 444.802
1.39288 443.105
1.39901 440.593
1.40515 436.364
1.4113 435.117
1.41742 430.196
1.42355 427.812
1.4297 425.733
1.43585 423.532
1.44198 420.507
1.44809 418.068
1.45423 416.801
1.46036 414.095
1.46649 410.453
1.47263 407.778
1.47877 406.803
1.48491 402.909
1.49104 401.746
1.49718 399.019
1.50333 396.929
1.50947 392.742
1.5156 391.34
1.52172 389.038
1.52787 386.992
1.534 384.429
1.54013 380.514
1.54627 379.508
1.55241 375.692
1.55855 375.607
1.56467 371.983
1.5708 369.011
