0.00783031 -178.109
0.013688 -233.486
0.019231 -242.164
0.0249154 -223.282
0.0312784 -203.572
0.0375637 -189.701
0.0433917 -169.287
0.0492413 -154.025
0.0555754 -151.658
0.0619321 -152.834
0.067871 -144.621
0.0738098 -145.462
0.0800417 -144.92
0.0862327 -134.9
0.0921407 -127.194
0.0982031 -120.947
0.104506 -122.867
0.110769 -122.779
0.116806 -125.017
0.122832 -123.277
0.129052 -129.911
0.135211 -125.672
0.141259 -128.012
0.147318 -123.769
0.153489 -123.558
0.159709 -118.415
0.165845 -120.153
0.171974 -118.877
0.178125 -123.882
0.184229 -121.489
0.19034 -120.599
0.196428 -124.812
0.202534 -123.128
0.208729 -120.392
0.214876 -125.722
0.220989 -122.104
0.227147 -120.982
0.23329 -126.019
0.239377 -121.515
0.245482 -122.716
0.251667 -127.731
0.257832 -127.575
0.263955 -126.756
0.270079 -126.566
0.27624 -125.721
0.282372 -124.891
0.28843 -125.865
0.294538 -126.61
0.300721 -126.414
0.30691 -128.583
0.313033 -125.677
0.319153 -124.66
0.325316 -127.765
0.33145 -127.284
0.337538 -126.325
0.343633 -128.45
0.349808 -127.844
0.355968 -126.914
0.362074 -130.833
0.368217 -128.448
0.374374 -128.561
0.380519 -128.612
0.386598 -128.435
0.392688 -127.251
0.39888 -130.254
0.405048 -128.889
0.411186 -131.763
0.417313 -129.32
0.423458 -130.677
0.429607 -130.85
0.435692 -130.724
0.441815 -131.85
0.447964 -132.492
0.454126 -130.853
0.460267 -132.621
0.466387 -129.932
0.47254 -131.45
0.478662 -133.828
0.484765 -132.183
0.490885 -133.237
0.497035 -131.288
0.503198 -134.125
0.509342 -131.662
0.515458 -133.194
0.521598 -132.755
0.527764 -132.683
0.533884 -133.265
0.54 -132.623
0.546137 -133.906
0.552299 -134.268
0.558452 -133.938
0.564573 -132.639
0.570708 -134.418
0.576825 -131.431
0.582926 -134.667
0.589034 -133.697
0.595184 -133.356
0.601379 -133.686
0.607522 -132.673
0.613639 -133.759
0.619772 -133.784
0.625918 -132.712
0.632068 -133.826
0.638161 -133.209
0.6443 -134.837
0.650464 -134.511
0.656582 -133.545
0.662703 -133.501
0.668861 -133.295
0.675024 -134.084
0.681124 -133.955
0.687237 -132.329
0.693381 -135.049
0.699536 -132.878
0.705665 -134.05
0.711789 -135.248
0.717957 -133.237
0.72409 -134.448
0.730186 -132.713
0.736317 -133.279
0.742472 -133.873
0.748622 -132.718
0.75476 -134.18
0.760888 -133.698
0.767043 -133.6
0.773185 -132.634
0.779291 -133.261
0.785407 -133.564
0.791564 -132.543
0.797719 -133.325
0.803834 -132.089
0.809972 -133.638
0.816124 -132.905
0.822261 -132.784
0.828378 -132.223
0.834502 -131.66
0.840667 -132.346
0.846816 -133.625
0.852925 -131.958
0.859047 -131.209
0.865192 -133.043
0.871341 -132.578
0.877463 -131.899
0.883569 -131.975
0.889708 -131.92
0.895864 -133.663
0.902008 -133.3
0.908149 -131.922
0.914301 -130.566
0.920448 -132.164
0.926574 -132.474
0.932687 -131.752
0.938823 -132.374
0.944975 -131.549
0.951105 -132.792
0.957225 -130.924
0.963368 -131.143
0.969511 -132.547
0.975621 -131.495
0.981748 -131.527
0.987916 -131.966
0.99406 -130.776
1.00019 -130.497
1.00632 -130.77
1.01246 -130.434
1.01859 -130.799
1.02471 -130.047
1.03085 -130.352
1.03698 -131.199
1.04314 -131.443
1.04929 -131.332
1.05541 -130.61
1.06154 -130.718
1.06769 -130.738
1.07382 -129.271
1.07993 -129.562
1.08607 -130.534
1.09222 -129.834
1.09836 -129.263
1.10449 -129.638
1.11063 -130.143
1.11677 -130.017
1.1229 -130.013
1.12903 -129.797
1.13518 -129.007
1.14131 -129.32
1.14745 -130.532
1.15359 -129.574
1.15973 -128.651
1.16584 -128.668
1.17197 -128.041
1.17811 -129.008
1.18424 -128.238
1.19038 -128.021
1.19652 -128.422
1.20267 -128.492
1.20881 -128.16
1.21495 -126.962
1.22108 -127.767
1.2272 -128.07
1.23334 -126.965
1.23949 -127.273
1.24562 -127.183
1.25174 -126.506
1.25789 -126.601
1.26402 -126.574
1.27014 -126.973
1.27628 -127.898
1.28244 -126.32
1.28858 -126.785
1.29471 -125.866
1.30084 -126.827
1.30697 -126.094
1.31312 -125.988
1.31925 -126.033
1.32537 -125.011
1.33151 -125.26
1.33765 -125.53
1.34378 -125.511
1.34992 -125.007
1.35606 -124.698
1.3622 -124.407
1.36833 -124.538
1.37445 -125.415
1.38059 -124.532
1.38675 -124.996
1.39288 -124.137
1.39901 -123.86
1.40515 -123.917
1.4113 -124.203
1.41742 -123.536
1.42355 -123.174
1.4297 -124.05
1.43585 -123.111
1.44198 -123.141
1.44809 -123.032
1.45423 -122.755
1.46036 -123.049
1.46649 -122.553
1.47263 -122.434
1.47877 -122.263
1.48491 -122.434
1.49104 -121.683
1.49718 -121.312
1.50333 -121.536
1.50947 -121.413
1.5156 -120.706
1.52172 -121.604
1.52787 -120.292
1.534 -120.398
1.54013 -120.61
1.54627 -120.545
1.55241 -120.391
1.55855 -120.238
1.56467 -118.912
1.5708 -119.965
