0.00783031 20330.6
0.013688 25265.4
0.019231 25591.1
0.0249154 23414.5
0.0312784 20505.2
0.0375637 17045.9
0.0433917 14942.9
0.0492413 13405.6
0.0555754 12301.4
0.0619321 11329.1
0.067871 10412.9
0.0738098 9774.49
0.0800417 8798.1
0.0862327 7827.68
0.0921407 7289.56
0.0982031 6463.43
0.104506 5940.51
0.110769 5565.68
0.116806 5152.34
0.122832 5036.03
0.129052 4659.85
0.135211 4483.07
0.141259 4256.44
0.147318 4014.86
0.153489 3794.73
0.159709 3465.23
0.165845 3308.81
0.171974 3185.83
0.178125 3144.45
0.184229 2981.01
0.19034 2798.06
0.196428 2742.54
0.202534 2650.11
0.208729 2572.16
0.214876 2452.16
0.220989 2301.87
0.227147 2295.32
0.23329 2180.03
0.239377 2127.58
0.245482 2035.25
0.251667 2000.25
0.257832 1908.64
0.263955 1858.74
0.270079 1825.84
0.27624 1760.11
0.282372 1717.73
0.28843 1668.32
0.294538 1615.69
0.300721 1585.01
0.30691 1552.13
0.313033 1505.39
0.319153 1448.52
0.325316 1415.61
0.33145 1385.91
0.337538 1367.9
0.343633 1348.49
0.349808 1302.2
0.355968 1287.04
0.362074 1254.01
0.368217 1221.7
0.374374 1194.61
0.380519 1172.75
0.386598 1134.81
0.392688 1120.18
0.39888 1097.19
0.405048 1087.46
0.411186 1053.89
0.417313 1040.09
0.423458 1024.84
0.429607 1000.1
0.435692 982.744
0.441815 969.666
0.447964 947.39
0.454126 929.134
0.460267 910.544
0.466387 903.937
0.47254 881.416
0.478662 871.319
0.484765 849.728
0.490885 834.164
0.497035 821.695
0.503198 806.507
0.509342 806.467
0.515458 779.53
0.521598 769.97
0.527764 758.57
0.533884 744.903
0.54 734.517
0.546137 724.156
0.552299 712.241
0.558452 705.223
0.564573 693.456
0.570708 682.666
0.576825 677.01
0.582926 662.035
0.589034 656.569
0.595184 647.847
0.601379 638.957
0.607522 628.469
0.613639 615.318
0.619772 607.119
0.625918 602.063
0.632068 586.751
0.638161 585.86
0.6443 577.066
0.650464 566.555
0.656582 559.488
0.662703 549.924
0.668861 544.298
0.675024 534.571
0.681124 530.968
0.687237 524.851
0.693381 519.72
0.699536 507.121
0.705665 504.452
0.711789 491.895
0.717957 489.682
0.72409 482.776
0.730186 480.298
0.736317 473.576
0.742472 467.66
0.748622 464.15
0.75476 453.367
0.760888 448.653
0.767043 443.099
0.773185 439.769
0.779291 434.088
0.785407 426.909
0.791564 424.969
0.797719 416.682
0.803834 414.764
0.809972 407.759
0.816124 403.469
0.822261 398.238
0.828378 391.449
0.834502 387.984
0.840667 384.068
0.846816 379.472
0.852925 375.794
0.859047 371.581
0.865192 366.428
0.871341 361.559
0.877463 359.739
0.883569 354.657
0.889708 350.73
0.895864 346.427
0.902008 341.692
0.908149 337.898
0.914301 333.785
0.920448 330.425
0.926574 327.601
0.932687 321.856
0.938823 319.83
0.944975 316.75
0.951105 312.176
0.957225 309.036
0.963368 307.27
0.969511 303.844
0.975621 299.242
0.981748 296.188
0.987916 292.867
0.99406 289.823
1.00019 286.62
1.00632 283.757
1.01246 281.474
1.01859 277.478
1.02471 273.791
1.03085 273.037
1.03698 268.94
1.04314 266.029
1.04929 263.356
1.05541 260.518
1.06154 257.606
1.06769 255.155
1.07382 252.856
1.07993 249.411
1.08607 246.351
1.09222 245.563
1.09836 243.283
1.10449 239.277
1.11063 238.072
1.11677 235.146
1.1229 232.265
1.12903 230.736
1.13518 227.935
1.14131 225.627
1.14745 223.219
1.15359 221.888
1.15973 218.299
1.16584 216.863
1.17197 214.714
1.17811 212.677
1.18424 210.21
1.19038 207.935
1.19652 206.263
1.20267 204.455
1.20881 202.206
1.21495 199.622
1.22108 197.864
1.2272 196.401
1.23334 193.73
1.23949 191.468
1.24562 190.302
1.25174 188.117
1.25789 186.397
1.26402 185.395
1.27014 183.483
1.27628 181.551
1.28244 179.431
1.28858 178.142
1.29471 175.688
1.30084 174.645
1.30697 173.027
1.31312 171.172
1.31925 169.711
1.32537 168.218
1.33151 166.513
1.33765 164.539
1.34378 163.058
1.34992 161.078
1.35606 160.232
1.3622 159.323
1.36833 157.078
1.37445 156.093
1.38059 154.621
1.38675 153.087
1.39288 150.828
1.39901 150.33
1.40515 149.517
1.4113 147.702
1.41742 146.25
1.42355 144.569
1.4297 143.267
1.43585 142.244
1.44198 140.847
1.44809 139.682
1.45423 138.45
1.46036 137.521
1.46649 136.083
1.47263 134.902
1.47877 133.489
1.48491 132.317
1.49104 130.604
1.49718 129.772
1.50333 128.788
1.50947 127.786
1.5156 126.527
1.52172 125.642
1.52787 124.343
1.534 122.987
1.54013 122.114
1.54627 120.99
1.55241 120.13
1.55855 118.967
1.56467 117.748
1.5708 116.885
