0.00783031 12786.4
0.013688 8096.2
0.019231 11366.2
0.0249154 9086.78
0.0312784 8671.55
0.0375637 8607.52
0.0433917 9151.55
0.0492413 9381.09
0.0555754 8605.01
0.0619321 8546.6
0.067871 8321.32
0.0738098 8869.31
0.0800417 8111.06
0.0862327 8528.94
0.0921407 8402.71
0.0982031 8070.58
0.104506 7782.36
0.110769 7506.24
0.116806 7458.1
0.122832 7340.33
0.129052 7405.04
0.135211 7082.19
0.141259 7104.46
0.147318 6811.91
0.153489 6651.34
0.159709 6544.87
0.165845 6856.55
0.171974 6510.46
0.178125 6499.17
0.184229 6300.07
0.19034 6264.73
0.196428 6182.35
0.202534 6003
0.208729 5945.03
0.214876 6044.45
0.220989 5769.82
0.227147 5796.95
0.23329 5758.76
0.239377 5695.31
0.245482 5553.7
0.251667 5564.17
0.257832 5462.36
0.263955 5405.56
0.270079 5374.19
0.27624 5313.99
0.282372 5241.79
0.28843 5228.38
0.294538 5125.68
0.300721 5198.31
0.30691 5076.07
0.313033 4983.13
0.319153 4977.74
0.325316 4889.91
0.33145 4913.57
0.337538 4843.68
0.343633 4809.6
0.349808 4739.88
0.355968 4771.06
0.362074 4750.2
0.368217 4712.19
0.374374 4692.32
0.380519 4599.98
0.386598 4591.66
0.392688 4565.52
0.39888 4527.95
0.405048 4510.38
0.411186 4419.62
0.417313 4437.46
0.423458 4396.28
0.429607 4379.67
0.435692 4368.99
0.441815 4323.88
0.447964 4296.19
0.454126 4293.59
0.460267 4194.15
0.466387 4250.37
0.47254 4206.29
0.478662 4126.86
0.484765 4112.12
0.490885 4115.1
0.497035 4090.76
0.503198 4052.16
0.509342 4047.94
0.515458 3992.6
0.521598 3961.75
0.527764 3988.79
0.533884 3931.16
0.54 3933.77
0.546137 3910.97
0.552299 3890.27
0.558452 3864.33
0.564573 3851.23
0.570708 3830.69
0.576825 3802.38
0.582926 3785.11
0.589034 3769.55
0.595184 3776.36
0.601379 3729.38
0.607522 3730.33
0.613639 3674.58
0.619772 3654.19
0.625918 3658.9
0.632068 3626.82
0.638161 3637.52
0.6443 3600.79
0.650464 3590.38
0.656582 3557.52
0.662703 3542.81
0.668861 3543.91
0.675024 3489.57
0.681124 3505.39
0.687237 3501.55
0.693381 3476.36
0.699536 3422.24
0.705665 3429.48
0.711789 3380.99
0.717957 3382.05
0.72409 3370.32
0.730186 3387.94
0.736317 3340.71
0.742472 3332.53
0.748622 3304.79
0.75476 3273.21
0.760888 3278.61
0.767043 3268.69
0.773185 3252.16
0.779291 3242.04
0.785407 3213.77
0.791564 3228.8
0.797719 3185.92
0.803834 3197.13
0.809972 3175.33
0.816124 3156.07
0.822261 3154.77
0.828378 3113.17
0.834502 3108.72
0.840667 3105.11
0.846816 3082.1
0.852925 3070.06
0.859047 3066.76
0.865192 3040.58
0.871341 3019.31
0.877463 3020.55
0.883569 3006.98
0.889708 2998.11
0.895864 2986.68
0.902008 2965.48
0.908149 2951.21
0.914301 2940.76
0.920448 2938.59
0.926574 2905.56
0.932687 2884.34
0.938823 2896.61
0.944975 2869.21
0.951105 2867.83
0.957225 2845.67
0.963368 2849.79
0.969511 2836.24
0.975621 2816.52
0.981748 2801.38
0.987916 2786.7
0.99406 2775.88
1.00019 2762.34
1.00632 2764.07
1.01246 2749.68
1.01859 2731.67
1.02471 2718.21
1.03085 2713.4
1.03698 2701.08
1.04314 2689.8
1.04929 2675.43
1.05541 2669.87
1.06154 2647.65
1.06769 2643.81
1.07382 2629.12
1.07993 2619.45
1.08607 2603.23
1.09222 2613.38
1.09836 2600.53
1.10449 2568.55
1.11063 2580.25
1.11677 2555.31
1.1229 2545.49
1.12903 2542.35
1.13518 2529.13
1.14131 2512.09
1.14745 2503.32
1.15359 2497.27
1.15973 2482.76
1.16584 2473.83
1.17197 2467.92
1.17811 2455.13
1.18424 2442.54
1.19038 2433.69
1.19652 2429.75
1.20267 2424.3
1.20881 2405.11
1.21495 2387.51
1.22108 2378.47
1.2272 2375.48
1.23334 2360.96
1.23949 2345.65
1.24562 2347.73
1.25174 2330.59
1.25789 2324.48
1.26402 2322.44
1.27014 2302.83
1.27628 2296.03
1.28244 2292.26
1.28858 2284.13
1.29471 2268.77
1.30084 2264.65
1.30697 2255.32
1.31312 2242.89
1.31925 2235.27
1.32537 2229.17
1.33151 2217.46
1.33765 2205.84
1.34378 2194.57
1.34992 2185.51
1.35606 2178.61
1.3622 2176.22
1.36833 2162.56
1.37445 2156.97
1.38059 2148.8
1.38675 2141.68
1.39288 2125.84
1.39901 2125.04
1.40515 2117.59
1.4113 2106.7
1.41742 2103.34
1.42355 2089.49
1.4297 2080.48
1.43585 2075.63
1.44198 2069.39
1.44809 2060.71
1.45423 2050.98
1.46036 2048.05
1.46649 2037.11
1.47263 2026.35
1.47877 2015.52
1.48491 2008.06
1.49104 1994.93
1.49718 1996.96
1.50333 1990.73
1.50947 1979.89
1.5156 1969.7
1.52172 1967.83
1.52787 1958.85
1.534 1948.35
1.54013 1943.11
1.54627 1934.96
1.55241 1931.96
1.55855 1919.96
1.56467 1910.88
1.5708 1909.74
