0.00783031 0.00106886
0.013688 0.0042871
0.019231 0.00931957
0.0249154 0.0186776
0.0312784 0.0351661
0.0375637 0.0529265
0.0433917 0.0862688
0.0492413 0.120389
0.0555754 0.16905
0.0619321 0.249275
0.067871 0.327043
0.0738098 0.411423
0.0800417 0.513558
0.0862327 0.608258
0.0921407 0.726768
0.0982031 0.815468
0.104506 0.974885
0.110769 1.10637
0.116806 1.28814
0.122832 1.48641
0.129052 1.6926
0.135211 1.91518
0.141259 2.12396
0.147318 2.2825
0.153489 2.56863
0.159709 2.75243
0.165845 2.99158
0.171974 3.33333
0.178125 3.66209
0.184229 3.89999
0.19034 4.22946
0.196428 4.52408
0.202534 4.80722
0.208729 5.25793
0.214876 5.61819
0.220989 5.85343
0.227147 6.30818
0.23329 6.42529
0.239377 7.04058
0.245482 7.37448
0.251667 7.82097
0.257832 8.11151
0.263955 8.62638
0.270079 9.09119
0.27624 9.36274
0.282372 10.0492
0.28843 10.2667
0.294538 10.7039
0.300721 11.3091
0.30691 11.6998
0.313033 12.3138
0.319153 12.8701
0.325316 13.0969
0.33145 13.7271
0.337538 14.2989
0.343633 14.9079
0.349808 15.6895
0.355968 15.918
0.362074 16.482
0.368217 16.7213
0.374374 17.3901
0.380519 18.063
0.386598 18.6782
0.392688 19.2221
0.39888 19.8507
0.405048 20.4809
0.411186 21.2236
0.417313 21.5723
0.423458 22.2306
0.429607 22.9197
0.435692 23.293
0.441815 24.1015
0.447964 24.6929
0.454126 25.3659
0.460267 26.1907
0.466387 26.5758
0.47254 27.1211
0.478662 28.021
0.484765 28.6441
0.490885 29.0827
0.497035 30.0319
0.503198 30.5865
0.509342 31.6267
0.515458 31.7635
0.521598 32.8359
0.527764 33.3815
0.533884 34.0902
0.54 34.8169
0.546137 35.5995
0.552299 36.3032
0.558452 37.2489
0.564573 37.4869
0.570708 38.5701
0.576825 39.2779
0.582926 40.2354
0.589034 40.8249
0.595184 41.5999
0.601379 42.608
0.607522 43.3995
0.613639 43.9451
0.619772 44.852
0.625918 45.4398
0.632068 46.2021
0.638161 47.0066
0.6443 47.823
0.650464 48.5628
0.656582 49.6737
0.662703 50.1516
0.668861 50.8416
0.675024 51.8723
0.681124 52.551
0.687237 53.6522
0.693381 54.1701
0.699536 55.1801
0.705665 56.2335
0.711789 56.7531
0.717957 57.7268
0.72409 58.6481
0.730186 59.8467
0.736317 60.3034
0.742472 61.0803
0.748622 62.1614
0.75476 62.913
0.760888 63.579
0.767043 64.6062
0.773185 65.3903
0.779291 66.2275
0.785407 67.1246
0.791564 68.0089
0.797719 68.7435
0.803834 69.9225
0.809972 70.75
0.816124 71.6484
0.822261 72.8331
0.828378 73.6262
0.834502 74.1717
0.840667 75.1761
0.846816 76.3417
0.852925 77.0757
0.859047 78.1029
0.865192 78.8639
0.871341 79.8248
0.877463 80.655
0.883569 82.0377
0.889708 83.0169
0.895864 83.2018
0.902008 84.4235
0.908149 85.6931
0.914301 86.4953
0.920448 87.5679
0.926574 88.9665
0.932687 89.4016
0.938823 90.4699
0.944975 91.5243
0.951105 92.3875
0.957225 93.1359
0.963368 94.6293
0.969511 95.6062
0.975621 96.0225
0.981748 97.1892
0.987916 98.4968
0.99406 99.5182
1.00019 100.234
1.00632 101.307
1.01246 102.062
1.01859 103.803
1.02471 104.12
1.03085 105.136
1.03698 106.301
1.04314 106.864
1.04929 108.57
1.05541 109.809
1.06154 110.477
1.06769 111.118
1.07382 112.184
1.07993 113.091
1.08607 113.992
1.09222 115.596
1.09836 117.052
1.10449 117.642
1.11063 118.457
1.11677 120.05
1.1229 121.081
1.12903 121.247
1.13518 122.669
1.14131 123.906
1.14745 125.012
1.15359 125.807
1.15973 127.669
1.16584 128.583
1.17197 129.266
1.17811 129.813
1.18424 131.146
1.19038 132.593
1.19652 133.573
1.20267 134.4
1.20881 136.009
1.21495 137.087
1.22108 138.485
1.2272 139.661
1.23334 140.493
1.23949 141.289
1.24562 142.457
1.25174 143.412
1.25789 145.075
1.26402 145.749
1.27014 146.75
1.27628 148.018
1.28244 149.317
1.28858 150.444
1.29471 151.243
1.30084 152.399
1.30697 153.984
1.31312 154.553
1.31925 155.872
1.32537 156.895
1.33151 158.141
1.33765 158.792
1.34378 160.398
1.34992 161.295
1.35606 162.862
1.3622 163.511
1.36833 165.023
1.37445 165.694
1.38059 167.324
1.38675 167.997
1.39288 169.154
1.39901 170.901
1.40515 171.326
1.4113 173.327
1.41742 174.594
1.42355 175.296
1.4297 176.036
1.43585 176.872
1.44198 178.738
1.44809 179.76
1.45423 180.497
1.46036 181.685
1.46649 183.512
1.47263 184.139
1.47877 185.575
1.48491 186.918
1.49104 187.923
1.49718 188.993
1.50333 189.985
1.50947 191.299
1.5156 192.314
1.52172 193.938
1.52787 195.272
1.534 196.367
1.54013 197.592
1.54627 198.06
1.55241 199.612
1.55855 201.194
1.56467 201.757
1.5708 203.153
