0.00783031 -0.793981
0.013688 0.399766
0.019231 0.102922
0.0249154 0.863925
0.0312784 0.741093
0.0375637 2.2336
0.0433917 2.74298
0.0492413 2.72348
0.0555754 4.30103
0.0619321 4.4248
0.067871 5.13125
0.0738098 6.72264
0.0800417 5.82525
0.0862327 7.16712
0.0921407 9.73151
0.0982031 9.79455
0.104506 10.2257
0.110769 11.1732
0.116806 12.7647
0.122832 13.7717
0.129052 14.4338
0.135211 14.8716
0.141259 15.7828
0.147318 17.0465
0.153489 18.2016
0.159709 17.6714
0.165845 20.3842
0.171974 21.7469
0.178125 21.9743
0.184229 22.7901
0.19034 25.0988
0.196428 24.3162
0.202534 24.1561
0.208729 27.7186
0.214876 27.3704
0.220989 28.5098
0.227147 28.7237
0.23329 28.5016
0.239377 31.1033
0.245482 30.9178
0.251667 32.0486
0.257832 31.641
0.263955 33.7317
0.270079 34.0263
0.27624 36.0432
0.282372 36.442
0.28843 35.5377
0.294538 36.0348
0.300721 37.2119
0.30691 36.9223
0.313033 38.9481
0.319153 39.1869
0.325316 39.0929
0.33145 39.3647
0.337538 40.1518
0.343633 41.105
0.349808 42.7112
0.355968 40.9098
0.362074 42.1617
0.368217 42.0526
0.374374 42.9342
0.380519 43.4459
0.386598 44.1868
0.392688 44.4681
0.39888 45.0863
0.405048 46.1421
0.411186 46.6856
0.417313 46.2141
0.423458 46.946
0.429607 47.2432
0.435692 47.0156
0.441815 48.4291
0.447964 49.038
0.454126 48.6128
0.460267 49.5725
0.466387 49.2108
0.47254 49.328
0.478662 49.0908
0.484765 50.3299
0.490885 49.9126
0.497035 50.9413
0.503198 50.7605
0.509342 51.7959
0.515458 51.0736
0.521598 51.5287
0.527764 52.2519
0.533884 52.3294
0.54 51.7043
0.546137 52.7303
0.552299 52.5215
0.558452 53.4368
0.564573 53.0745
0.570708 53.9662
0.576825 53.8846
0.582926 54.0651
0.589034 54.5969
0.595184 54.7123
0.601379 54.8697
0.607522 55.3487
0.613639 55.5173
0.619772 55.5838
0.625918 55.3699
0.632068 55.3416
0.638161 55.5134
0.6443 55.8453
0.650464 55.765
0.656582 56.3216
0.662703 56.2056
0.668861 56.0099
0.675024 56.3198
0.681124 56.3403
0.687237 56.8187
0.693381 56.5439
0.699536 57.218
0.705665 56.9535
0.711789 56.7367
0.717957 57.4934
0.72409 57.2836
0.730186 57.8893
0.736317 57.5329
0.742472 57.79
0.748622 58.0704
0.75476 58.1202
0.760888 57.8136
0.767043 57.6887
0.773185 58.2675
0.779291 58.4099
0.785407 58.0723
0.791564 57.6735
0.797719 57.9935
0.803834 58.6129
0.809972 58.2667
0.816124 58.3743
0.822261 58.3302
0.828378 58.422
0.834502 58.5238
0.840667 58.6218
0.846816 58.8568
0.852925 58.421
0.859047 58.6071
0.865192 58.3001
0.871341 58.8906
0.877463 59.0433
0.883569 59.0601
0.889708 58.8574
0.895864 58.3988
0.902008 58.9496
0.908149 58.5413
0.914301 59.2902
0.920448 59.0835
0.926574 58.9314
0.932687 58.785
0.938823 58.7905
0.944975 59.0295
0.951105 58.8101
0.957225 58.8987
0.963368 59.3691
0.969511 59.3472
0.975621 59.2356
0.981748 59.2686
0.987916 59.244
0.99406 59.074
1.00019 59.0365
1.00632 59.1688
1.01246 59.0516
1.01859 59.2354
1.02471 59.2149
1.03085 59.1442
1.03698 59.6386
1.04314 59.2992
1.04929 59.5096
1.05541 59.0492
1.06154 58.9852
1.06769 58.7543
1.07382 59.1811
1.07993 58.6123
1.08607 58.9041
1.09222 58.8903
1.09836 59.378
1.10449 59.1503
1.11063 58.8859
1.11677 59.1321
1.1229 58.8381
1.12903 58.9099
1.13518 58.8815
1.14131 58.9217
1.14745 58.9561
1.15359 59.0692
1.15973 59.2489
1.16584 59.3642
1.17197 58.7064
1.17811 58.8023
1.18424 58.7404
1.19038 58.8481
1.19652 58.8135
1.20267 58.6302
1.20881 58.4889
1.21495 58.8137
1.22108 59.0191
1.2272 58.7473
1.23334 58.4073
1.23949 58.647
1.24562 58.8427
1.25174 58.7224
1.25789 58.8965
1.26402 58.3804
1.27014 58.0687
1.27628 58.4844
1.28244 58.8048
1.28858 58.2818
1.29471 58.202
1.30084 58.0263
1.30697 58.4553
1.31312 58.1058
1.31925 58.0611
1.32537 57.9679
1.33151 57.9705
1.33765 57.7864
1.34378 58.0463
1.34992 57.4675
1.35606 57.764
1.3622 57.6414
1.36833 57.3853
1.37445 57.2281
1.38059 57.6534
1.38675 57.3702
1.39288 57.3034
1.39901 57.4888
1.40515 57.3247
1.4113 57.5552
1.41742 57.4373
1.42355 57.2908
1.4297 57.3071
1.43585 56.9074
1.44198 57.414
1.44809 57.137
1.45423 56.7128
1.46036 56.8239
1.46649 56.765
1.47263 56.6326
1.47877 56.7302
1.48491 56.7106
1.49104 56.6644
1.49718 56.2914
1.50333 56.2051
1.50947 56.2201
1.5156 56.1088
1.52172 56.2975
1.52787 56.0802
1.534 56.3014
1.54013 56.0649
1.54627 55.4817
1.55241 55.8804
1.55855 55.5065
1.56467 55.5271
1.5708 55.6736
