0.00783031 6.00608
0.013688 218.256
0.019231 -1929.69
0.0249154 -1563.37
0.0312784 -21.1323
0.0375637 105.721
0.0433917 96.3444
0.0492413 -65.803
0.0555754 -103.775
0.0619321 1.72903
0.067871 1.30364
0.0738098 -195.42
0.0800417 -132.679
0.0862327 -207.216
0.0921407 -53.191
0.0982031 -249.342
0.104506 -219.947
0.110769 -169.565
0.116806 -262.306
0.122832 -238.746
0.129052 -259.298
0.135211 -171.703
0.141259 -178.22
0.147318 -178.719
0.153489 -213.759
0.159709 -185.814
0.165845 -151.495
0.171974 -185.48
0.178125 -170.072
0.184229 -159.112
0.19034 -184.835
0.196428 -188.032
0.202534 -171.527
0.208729 -178.247
0.214876 -168.52
0.220989 -170.917
0.227147 -165.524
0.23329 -162.951
0.239377 -164.788
0.245482 -157.047
0.251667 -155.345
0.257832 -144.216
0.263955 -151.712
0.270079 -146.094
0.27624 -145.117
0.282372 -144.396
0.28843 -143.953
0.294538 -147.383
0.300721 -150.13
0.30691 -143.781
0.313033 -139.548
0.319153 -139.02
0.325316 -134.481
0.33145 -138.172
0.337538 -127.986
0.343633 -134.764
0.349808 -131.198
0.355968 -126.658
0.362074 -133.569
0.368217 -116.717
0.374374 -128.165
0.380519 -123.163
0.386598 -122.087
0.392688 -120.908
0.39888 -116.306
0.405048 -116.211
0.411186 -111.434
0.417313 -119.728
0.423458 -115.521
0.429607 -119.393
0.435692 -110.498
0.441815 -110.899
0.447964 -107.063
0.454126 -112.153
0.460267 -106.658
0.466387 -107.871
0.47254 -110.185
0.478662 -105.609
0.484765 -102.039
0.490885 -103.894
0.497035 -103.056
0.503198 -103.351
0.509342 -97.908
0.515458 -102.446
0.521598 -97.8447
0.527764 -98.0542
0.533884 -99.5061
0.54 -96.5423
0.546137 -97.7195
0.552299 -97.7626
0.558452 -95.7964
0.564573 -95.2377
0.570708 -92.4735
0.576825 -93.1089
0.582926 -91.0213
0.589034 -92.9824
0.595184 -90.0749
0.601379 -90.4111
0.607522 -88.9139
0.613639 -87.5639
0.619772 -88.7797
0.625918 -86.3718
0.632068 -87.9821
0.638161 -86.9748
0.6443 -85.3662
0.650464 -85.922
0.656582 -84.7266
0.662703 -85.0683
0.668861 -84.7975
0.675024 -84.3608
0.681124 -82.8517
0.687237 -83.2025
0.693381 -82.0662
0.699536 -81.6821
0.705665 -82.4863
0.711789 -79.5689
0.717957 -79.0494
0.72409 -79.9034
0.730186 -78.197
0.736317 -78.2789
0.742472 -77.5733
0.748622 -76.8542
0.75476 -76.8529
0.760888 -75.2321
0.767043 -75.9514
0.773185 -75.4278
0.779291 -74.0139
0.785407 -73.4756
0.791564 -73.2859
0.797719 -74.3293
0.803834 -73.4023
0.809972 -72.2132
0.816124 -71.9577
0.822261 -72.3621
0.828378 -71.5098
0.834502 -70.7028
0.840667 -69.0371
0.846816 -69.566
0.852925 -68.031
0.859047 -69.4008
0.865192 -68.0925
0.871341 -67.6212
0.877463 -67.8533
0.883569 -67.0016
0.889708 -66.0058
0.895864 -67.0754
0.902008 -66.1707
0.908149 -65.0109
0.914301 -65.8083
0.920448 -65.2255
0.926574 -64.7022
0.932687 -63.546
0.938823 -63.7791
0.944975 -63.2138
0.951105 -62.8794
0.957225 -62.5323
0.963368 -61.8332
0.969511 -62.0063
0.975621 -60.6801
0.981748 -61.7919
0.987916 -60.9158
0.99406 -59.8407
1.00019 -60.2729
1.00632 -59.9252
1.01246 -59.0408
1.01859 -59.1541
1.02471 -58.7175
1.03085 -58.5689
1.03698 -57.5108
1.04314 -57.9201
1.04929 -57.3556
1.05541 -56.3903
1.06154 -56.3399
1.06769 -56.4716
1.07382 -55.4765
1.07993 -55.8687
1.08607 -55.24
1.09222 -55.0273
1.09836 -54.9242
1.10449 -54.6602
1.11063 -54.6936
1.11677 -53.6448
1.1229 -54.029
1.12903 -52.852
1.13518 -53.4693
1.14131 -52.7102
1.14745 -52.034
1.15359 -52.5555
1.15973 -51.7363
1.16584 -51.9975
1.17197 -50.8093
1.17811 -50.6389
1.18424 -50.6669
1.19038 -49.9691
1.19652 -49.5958
1.20267 -50.0242
1.20881 -49.2762
1.21495 -49.1797
1.22108 -48.6564
1.2272 -48.1258
1.23334 -47.8321
1.23949 -47.7737
1.24562 -47.8984
1.25174 -47.4831
1.25789 -47.0981
1.26402 -47.1238
1.27014 -46.6935
1.27628 -46.2232
1.28244 -45.9763
1.28858 -45.1554
1.29471 -45.5763
1.30084 -45.3543
1.30697 -44.9387
1.31312 -44.904
1.31925 -44.4348
1.32537 -43.9435
1.33151 -43.5647
1.33765 -43.2854
1.34378 -42.9247
1.34992 -43.1617
1.35606 -42.6856
1.3622 -42.4896
1.36833 -41.6889
1.37445 -41.584
1.38059 -41.5747
1.38675 -41.5177
1.39288 -41.1006
1.39901 -40.9114
1.40515 -40.4441
1.4113 -40.1208
1.41742 -39.8939
1.42355 -39.866
1.4297 -39.9512
1.43585 -39.3151
1.44198 -39.1989
1.44809 -38.6835
1.45423 -38.5918
1.46036 -38.5811
1.46649 -38.2822
1.47263 -38.0753
1.47877 -37.8105
1.48491 -37.8113
1.49104 -37.5657
1.49718 -36.887
1.50333 -36.8955
1.50947 -36.8305
1.5156 -36.4739
1.52172 -36.2792
1.52787 -36.082
1.534 -35.7878
1.54013 -35.676
1.54627 -35.3414
1.55241 -35.3054
1.55855 -35.0413
1.56467 -34.793
1.5708 -34.5367
