0.00783031 -433.609
0.013688 2355.18
0.019231 2917
0.0249154 292.963
0.0312784 286.945
0.0375637 87.6224
0.0433917 65.1755
0.0492413 154.577
0.0555754 -46.9637
0.0619321 118.754
0.067871 31.6599
0.0738098 -115.668
0.0800417 -135.395
0.0862327 -60.7358
0.0921407 26.7944
0.0982031 -37.5503
0.104506 -208.157
0.110769 -78.3629
0.116806 -183.648
0.122832 -228.092
0.129052 -144.703
0.135211 -107.689
0.141259 -129.077
0.147318 -175.876
0.153489 -150.232
0.159709 -152.18
0.165845 -159.639
0.171974 -136.185
0.178125 -153.017
0.184229 -166.02
0.19034 -131.565
0.196428 -131.462
0.202534 -125.945
0.208729 -147.943
0.214876 -161.327
0.220989 -156.118
0.227147 -152.137
0.23329 -166.203
0.239377 -155.138
0.245482 -158.716
0.251667 -153.319
0.257832 -150.416
0.263955 -141.722
0.270079 -147.973
0.27624 -152.436
0.282372 -146.818
0.28843 -157.344
0.294538 -136.781
0.300721 -152.685
0.30691 -157.925
0.313033 -149.199
0.319153 -138.036
0.325316 -148.9
0.33145 -143.782
0.337538 -150.707
0.343633 -149.266
0.349808 -141.646
0.355968 -139.657
0.362074 -137.471
0.368217 -144.078
0.374374 -123.066
0.380519 -140.76
0.386598 -135.351
0.392688 -127.347
0.39888 -130.881
0.405048 -131.086
0.411186 -134.18
0.417313 -127.689
0.423458 -130.071
0.429607 -137.021
0.435692 -135.799
0.441815 -128.747
0.447964 -127.304
0.454126 -129.35
0.460267 -126.705
0.466387 -125.145
0.47254 -124.106
0.478662 -121.776
0.484765 -128.284
0.490885 -120.078
0.497035 -119.22
0.503198 -118.292
0.509342 -121.889
0.515458 -118.898
0.521598 -113.057
0.527764 -116.691
0.533884 -119.512
0.54 -114.463
0.546137 -110.354
0.552299 -109.478
0.558452 -110.755
0.564573 -110.063
0.570708 -114.649
0.576825 -109.792
0.582926 -107.01
0.589034 -108.858
0.595184 -106.085
0.601379 -107.46
0.607522 -107.476
0.613639 -104.538
0.619772 -102.858
0.625918 -104.097
0.632068 -102.351
0.638161 -100.79
0.6443 -99.6686
0.650464 -98.3249
0.656582 -94.9643
0.662703 -97.2956
0.668861 -97.6829
0.675024 -97.393
0.681124 -92.1469
0.687237 -95.0027
0.693381 -94.8006
0.699536 -92.7956
0.705665 -90.3878
0.711789 -90.6901
0.717957 -91.1164
0.72409 -88.8856
0.730186 -88.5043
0.736317 -88.5623
0.742472 -86.3875
0.748622 -86.918
0.75476 -86.1723
0.760888 -86.0743
0.767043 -85.6343
0.773185 -83.1215
0.779291 -83.3537
0.785407 -82.7615
0.791564 -83.2838
0.797719 -83.1642
0.803834 -81.7545
0.809972 -81.4055
0.816124 -79.2158
0.822261 -82.8117
0.828378 -84.0807
0.834502 -78.6052
0.840667 -80.2423
0.846816 -81.4811
0.852925 -79.8151
0.859047 -79.3886
0.865192 -77.7548
0.871341 -77.9293
0.877463 -77.2202
0.883569 -77.9548
0.889708 -76.4408
0.895864 -77.9803
0.902008 -76.7909
0.908149 -76.2603
0.914301 -76.9221
0.920448 -75.8324
0.926574 -76.0166
0.932687 -75.1788
0.938823 -74.5687
0.944975 -73.4177
0.951105 -72.8943
0.957225 -73.3051
0.963368 -71.6787
0.969511 -73.0327
0.975621 -71.428
0.981748 -72.7545
0.987916 -72.9234
0.99406 -71.9248
1.00019 -71.6792
1.00632 -71.4927
1.01246 -69.9198
1.01859 -70.0101
1.02471 -69.9456
1.03085 -68.7594
1.03698 -70.3374
1.04314 -69.2411
1.04929 -68.1869
1.05541 -70.3429
1.06154 -68.6216
1.06769 -67.558
1.07382 -69.0614
1.07993 -69.1156
1.08607 -68.2979
1.09222 -68.5893
1.09836 -66.8386
1.10449 -68.3701
1.11063 -66.6805
1.11677 -68.2118
1.1229 -67.9003
1.12903 -67.5787
1.13518 -67.615
1.14131 -66.6571
1.14745 -66.8996
1.15359 -65.8016
1.15973 -65.4209
1.16584 -65.7779
1.17197 -65.6485
1.17811 -65.3252
1.18424 -63.5874
1.19038 -64.5534
1.19652 -63.6025
1.20267 -64.5123
1.20881 -63.1771
1.21495 -63.1266
1.22108 -62.5755
1.2272 -62.5998
1.23334 -64.9124
1.23949 -61.269
1.24562 -62.6037
1.25174 -62.0651
1.25789 -61.5421
1.26402 -62.2004
1.27014 -60.5092
1.27628 -61.1555
1.28244 -59.9713
1.28858 -60.3705
1.29471 -60.7715
1.30084 -59.9198
1.30697 -60.7414
1.31312 -59.7257
1.31925 -59.2222
1.32537 -59.047
1.33151 -59.1245
1.33765 -58.724
1.34378 -58.4124
1.34992 -57.8257
1.35606 -57.1405
1.3622 -57.5417
1.36833 -57.303
1.37445 -57.0764
1.38059 -56.8753
1.38675 -55.9901
1.39288 -56.2009
1.39901 -56.7646
1.40515 -55.3333
1.4113 -55.8946
1.41742 -54.7264
1.42355 -55.5594
1.4297 -54.9846
1.43585 -54.0386
1.44198 -55.3876
1.44809 -53.9174
1.45423 -53.1741
1.46036 -53.7774
1.46649 -52.7773
1.47263 -53.0279
1.47877 -52.4536
1.48491 -52.8604
1.49104 -51.0761
1.49718 -51.6492
1.50333 -51.2056
1.50947 -51.603
1.5156 -51.0706
1.52172 -50.7462
1.52787 -51.3883
1.534 -49.87
1.54013 -49.8471
1.54627 -49.6303
1.55241 -49.8137
1.55855 -49.3691
1.56467 -48.4807
1.5708 -48.6142
