0.00783031 3735.01
0.013688 2881.77
0.019231 3740.76
0.0249154 3473.47
0.0312784 3281.39
0.0375637 3205.93
0.0433917 2775.88
0.0492413 2832.42
0.0555754 2471.04
0.0619321 2444.64
0.067871 2158.95
0.0738098 2197.83
0.0800417 1982.1
0.0862327 1918.51
0.0921407 1858.02
0.0982031 1748.57
0.104506 1716.95
0.110769 1659.29
0.116806 1502.95
0.122832 1421.12
0.129052 1396.07
0.135211 1329.86
0.141259 1311.21
0.147318 1260.41
0.153489 1193.82
0.159709 1133.68
0.165845 1144.3
0.171974 1107.88
0.178125 1056.27
0.184229 1056.08
0.19034 1003.26
0.196428 975.395
0.202534 943.611
0.208729 933.067
0.214876 902.535
0.220989 872.819
0.227147 859.57
0.23329 835.152
0.239377 787.227
0.245482 788.474
0.251667 781.692
0.257832 755.332
0.263955 749.379
0.270079 725.288
0.27624 708.54
0.282372 700.073
0.28843 681.761
0.294538 669.077
0.300721 654.895
0.30691 646.298
0.313033 629.296
0.319153 615.308
0.325316 608.559
0.33145 592.857
0.337538 571.22
0.343633 576.081
0.349808 566.99
0.355968 555.983
0.362074 550.427
0.368217 532.761
0.374374 529.982
0.380519 519.436
0.386598 509.816
0.392688 506.377
0.39888 501.944
0.405048 489.527
0.411186 481.77
0.417313 478.365
0.423458 468.223
0.429607 461.903
0.435692 457.355
0.441815 447.559
0.447964 447.361
0.454126 435.329
0.460267 433.224
0.466387 425.825
0.47254 419.602
0.478662 417.73
0.484765 410.753
0.490885 407.528
0.497035 402.166
0.503198 392.02
0.509342 391.146
0.515458 388.573
0.521598 383.389
0.527764 383.019
0.533884 373.081
0.54 370.22
0.546137 366.71
0.552299 361.275
0.558452 359.399
0.564573 355.678
0.570708 352.841
0.576825 345.31
0.582926 344.476
0.589034 338.442
0.595184 336.59
0.601379 333.942
0.607522 329.571
0.613639 325.897
0.619772 321.564
0.625918 320.745
0.632068 320.068
0.638161 315.495
0.6443 313.554
0.650464 309.437
0.656582 307.915
0.662703 305.343
0.668861 301.063
0.675024 297.846
0.681124 294.231
0.687237 292.292
0.693381 290.355
0.699536 287.692
0.705665 284.435
0.711789 283.456
0.717957 280.409
0.72409 277.384
0.730186 276.935
0.736317 273.206
0.742472 270.696
0.748622 269.661
0.75476 267.383
0.760888 265.86
0.767043 261.984
0.773185 260.587
0.779291 259.29
0.785407 257.697
0.791564 254.966
0.797719 251.958
0.803834 250.314
0.809972 248.091
0.816124 246.731
0.822261 246.214
0.828378 244.094
0.834502 241.242
0.840667 240.165
0.846816 237.853
0.852925 236.28
0.859047 234.707
0.865192 232.867
0.871341 233.036
0.877463 230.442
0.883569 229.597
0.889708 227.138
0.895864 225.621
0.902008 224.119
0.908149 223.437
0.914301 221.918
0.920448 219.351
0.926574 217.775
0.932687 216.169
0.938823 215.265
0.944975 213.497
0.951105 212.03
0.957225 210.708
0.963368 209.458
0.969511 208.702
0.975621 206.65
0.981748 206.12
0.987916 204.843
0.99406 203.033
1.00019 202.314
1.00632 201.46
1.01246 198.574
1.01859 197.487
1.02471 196.859
1.03085 195.06
1.03698 194.606
1.04314 193.23
1.04929 191.399
1.05541 190.528
1.06154 189.453
1.06769 188.318
1.07382 187.375
1.07993 185.282
1.08607 185.741
1.09222 184.282
1.09836 182.847
1.10449 182.006
1.11063 181.842
1.11677 179.734
1.1229 178.498
1.12903 178.089
1.13518 176.646
1.14131 175.326
1.14745 174.146
1.15359 173.218
1.15973 172.074
1.16584 172.275
1.17197 171.067
1.17811 170.317
1.18424 169.77
1.19038 168.054
1.19652 166.754
1.20267 166.202
1.20881 165.749
1.21495 164.97
1.22108 164.044
1.2272 163.203
1.23334 162.216
1.23949 161.255
1.24562 159.715
1.25174 159.157
1.25789 158.397
1.26402 157.638
1.27014 156.642
1.27628 156.327
1.28244 155.476
1.28858 154.567
1.29471 153.585
1.30084 152.773
1.30697 152.425
1.31312 151.295
1.31925 151.073
1.32537 150.087
1.33151 149.013
1.33765 148.045
1.34378 148.043
1.34992 146.898
1.35606 145.713
1.3622 145.763
1.36833 144.978
1.37445 144.031
1.38059 143.807
1.38675 142.911
1.39288 141.961
1.39901 140.774
1.40515 140.465
1.4113 140.046
1.41742 139.608
1.42355 138.68
1.4297 138.005
1.43585 137.14
1.44198 136.509
1.44809 135.807
1.45423 135.196
1.46036 134.517
1.46649 133.993
1.47263 133.211
1.47877 132.667
1.48491 132.206
1.49104 131.913
1.49718 130.961
1.50333 130.604
1.50947 129.761
1.5156 129.073
1.52172 128.039
1.52787 127.8
1.534 127.402
1.54013 126.808
1.54627 126.355
1.55241 125.575
1.55855 125.131
1.56467 124.962
1.5708 124.055
