0.00783031 -195.027
0.013688 -1581.82
0.019231 1067.04
0.0249154 -1186.04
0.0312784 -292.835
0.0375637 -498.36
0.0433917 41.9577
0.0492413 60.6546
0.0555754 603.296
0.0619321 655.62
0.067871 830.464
0.0738098 491.158
0.0800417 629.122
0.0862327 897.056
0.0921407 500.999
0.0982031 853.286
0.104506 1007.28
0.110769 915.961
0.116806 1055.77
0.122832 966.919
0.129052 840.487
0.135211 1060.92
0.141259 1000.75
0.147318 924.957
0.153489 1109.61
0.159709 1064.56
0.165845 1087.91
0.171974 1210.08
0.178125 1144.51
0.184229 1188.96
0.19034 1197.64
0.196428 1137.21
0.202534 1150.11
0.208729 1159.63
0.214876 1190.88
0.220989 1167.37
0.227147 1102.1
0.23329 1155.3
0.239377 1134.59
0.245482 1161.35
0.251667 1169.11
0.257832 1151.85
0.263955 1213.68
0.270079 1188.95
0.27624 1162.97
0.282372 1175.9
0.28843 1165.12
0.294538 1188.75
0.300721 1167.22
0.30691 1166.6
0.313033 1179.18
0.319153 1186.2
0.325316 1166.12
0.33145 1159.75
0.337538 1132.34
0.343633 1166
0.349808 1167.29
0.355968 1143.07
0.362074 1169.29
0.368217 1145.08
0.374374 1158.3
0.380519 1151.04
0.386598 1150.59
0.392688 1124.13
0.39888 1138.34
0.405048 1118.01
0.411186 1118.64
0.417313 1112.51
0.423458 1117.52
0.429607 1120.75
0.435692 1125.39
0.441815 1113.52
0.447964 1089.45
0.454126 1104.19
0.460267 1095.74
0.466387 1097.77
0.47254 1098.08
0.478662 1091.72
0.484765 1088.58
0.490885 1075.01
0.497035 1075.51
0.503198 1080.53
0.509342 1066.91
0.515458 1057.07
0.521598 1055.86
0.527764 1062.7
0.533884 1045.37
0.54 1051.48
0.546137 1036
0.552299 1037.04
0.558452 1033.14
0.564573 1023.72
0.570708 1021.67
0.576825 1025.59
0.582926 1006.87
0.589034 1008
0.595184 1010.47
0.601379 999.09
0.607522 998.218
0.613639 994.113
0.619772 987.416
0.625918 977.873
0.632068 981.783
0.638161 963.305
0.6443 964.738
0.650464 965.102
0.656582 963.341
0.662703 957.713
0.668861 957.244
0.675024 947.355
0.681124 942.177
0.687237 943.427
0.693381 938.187
0.699536 932.149
0.705665 923.114
0.711789 921.98
0.717957 920.196
0.72409 914.416
0.730186 909.609
0.736317 900.72
0.742472 904.191
0.748622 895.946
0.75476 884.23
0.760888 887.728
0.767043 877.839
0.773185 870.16
0.779291 876.714
0.785407 869.07
0.791564 866.165
0.797719 859.329
0.803834 852.204
0.809972 850.313
0.816124 850.337
0.822261 842.187
0.828378 839.919
0.834502 831.264
0.840667 831.59
0.846816 823.89
0.852925 826.619
0.859047 816.464
0.865192 817.228
0.871341 808.974
0.877463 802.711
0.883569 799.406
0.889708 797.496
0.895864 787.478
0.902008 785.358
0.908149 778.212
0.914301 777.998
0.920448 773.615
0.926574 768.487
0.932687 766.304
0.938823 760.332
0.944975 759.024
0.951105 753.058
0.957225 747.139
0.963368 748.27
0.969511 739.684
0.975621 739.92
0.981748 732.815
0.987916 729.472
0.99406 725.164
1.00019 717.349
1.00632 711.564
1.01246 710.413
1.01859 703.974
1.02471 704.853
1.03085 701.435
1.03698 694.515
1.04314 692.51
1.04929 688.168
1.05541 686.522
1.06154 683.225
1.06769 677.359
1.07382 673.727
1.07993 665.297
1.08607 665.955
1.09222 659.185
1.09836 656.727
1.10449 657.232
1.11063 649.527
1.11677 646.691
1.1229 639.375
1.12903 635.54
1.13518 634.031
1.14131 631.221
1.14745 626.901
1.15359 621.258
1.15973 622.243
1.16584 614.563
1.17197 612.359
1.17811 608.448
1.18424 604.328
1.19038 600.537
1.19652 600.341
1.20267 594.498
1.20881 588.948
1.21495 586.84
1.22108 581.377
1.2272 580.662
1.23334 576.444
1.23949 572.161
1.24562 569.577
1.25174 566.093
1.25789 563.044
1.26402 559.701
1.27014 554.821
1.27628 550.075
1.28244 547.894
1.28858 543.003
1.29471 540.039
1.30084 537.753
1.30697 534.572
1.31312 528.527
1.31925 530.793
1.32537 525.321
1.33151 521.544
1.33765 516.976
1.34378 515.935
1.34992 510.928
1.35606 507.783
1.3622 506.1
1.36833 500.392
1.37445 499.217
1.38059 494.916
1.38675 491.744
1.39288 489.723
1.39901 487.5
1.40515 484.336
1.4113 481.574
1.41742 479.159
1.42355 476.736
1.4297 472.172
1.43585 469.034
1.44198 465.979
1.44809 464.036
1.45423 458.736
1.46036 455.575
1.46649 452.869
1.47263 452.87
1.47877 449.776
1.48491 447.03
1.49104 443.452
1.49718 441.121
1.50333 438.069
1.50947 435.065
1.5156 431.443
1.52172 428.554
1.52787 426.504
1.534 423.324
1.54013 420.55
1.54627 417.49
1.55241 415.158
1.55855 413.752
1.56467 410.299
1.5708 407.948
