0.00783031 20361
0.013688 24918.4
0.019231 25558.5
0.0249154 23167.2
0.0312784 19856.1
0.0375637 17166.5
0.0433917 14718.9
0.0492413 13649.3
0.0555754 11932.2
0.0619321 11113.1
0.067871 10237.6
0.0738098 9572.54
0.0800417 8696.72
0.0862327 7680.21
0.0921407 6830.89
0.0982031 6014.44
0.104506 5685.29
0.110769 5233.23
0.116806 5012.54
0.122832 4728.63
0.129052 4421.19
0.135211 4102.69
0.141259 4011.47
0.147318 3623.95
0.153489 3410.46
0.159709 3220.75
0.165845 3115.74
0.171974 2930.49
0.178125 2768.79
0.184229 2686.09
0.19034 2518.02
0.196428 2486.31
0.202534 2402.64
0.208729 2243.35
0.214876 2196.53
0.220989 2134.28
0.227147 2023.28
0.23329 1917.95
0.239377 1863.54
0.245482 1796.7
0.251667 1761.82
0.257832 1737
0.263955 1644.81
0.270079 1624.47
0.27624 1570.06
0.282372 1519.26
0.28843 1475.87
0.294538 1430.94
0.300721 1394.13
0.30691 1358.68
0.313033 1343.85
0.319153 1301.2
0.325316 1252.62
0.33145 1228.72
0.337538 1203.4
0.343633 1174.46
0.349808 1152.2
0.355968 1144.64
0.362074 1113.13
0.368217 1101.12
0.374374 1063.84
0.380519 1033.92
0.386598 1023.07
0.392688 1006.47
0.39888 986.991
0.405048 971.568
0.411186 949.358
0.417313 936.615
0.423458 909.907
0.429607 898.282
0.435692 883.137
0.441815 866.358
0.447964 851.089
0.454126 849.511
0.460267 838.671
0.466387 810.874
0.47254 803.368
0.478662 788.714
0.484765 776.572
0.490885 767.257
0.497035 748.315
0.503198 738.6
0.509342 727.578
0.515458 723.304
0.521598 713.138
0.527764 705.529
0.533884 693.007
0.54 688.968
0.546137 671.016
0.552299 664.473
0.558452 658.772
0.564573 646.432
0.570708 642.513
0.576825 631.449
0.582926 625.88
0.589034 614.801
0.595184 607.826
0.601379 602.643
0.607522 593.126
0.613639 587.828
0.619772 579.449
0.625918 571.261
0.632068 565.159
0.638161 559.065
0.6443 553.839
0.650464 544.622
0.656582 537.616
0.662703 531.325
0.668861 523.427
0.675024 514.55
0.681124 513.672
0.687237 507.354
0.693381 503.928
0.699536 498.008
0.705665 490.776
0.711789 484.691
0.717957 479.336
0.72409 473.71
0.730186 472.78
0.736317 463.859
0.742472 460.061
0.748622 453.576
0.75476 449.956
0.760888 444.851
0.767043 438.743
0.773185 432.252
0.779291 430.371
0.785407 426.917
0.791564 420.465
0.797719 414.982
0.803834 411.074
0.809972 411.332
0.816124 401.23
0.822261 401.202
0.828378 394.696
0.834502 392.224
0.840667 385.461
0.846816 380.975
0.852925 377.951
0.859047 376.259
0.865192 371.425
0.871341 367.707
0.877463 362.605
0.883569 359.685
0.889708 356.397
0.895864 353.036
0.902008 348.346
0.908149 345.119
0.914301 341.986
0.920448 338.795
0.926574 334.36
0.932687 331.396
0.938823 327.599
0.944975 324.423
0.951105 322.303
0.957225 317.903
0.963368 314.226
0.969511 311.976
0.975621 309.069
0.981748 304.925
0.987916 301.319
0.99406 299.857
1.00019 295.551
1.00632 291.633
1.01246 290.797
1.01859 288.958
1.02471 285.968
1.03085 282.29
1.03698 279.641
1.04314 277.356
1.04929 272.752
1.05541 271.686
1.06154 269.452
1.06769 266.083
1.07382 263.303
1.07993 260.607
1.08607 257.112
1.09222 255.301
1.09836 253.22
1.10449 250.025
1.11063 247.365
1.11677 245.403
1.1229 242.868
1.12903 240.525
1.13518 239.003
1.14131 236.023
1.14745 233.574
1.15359 231.409
1.15973 228.938
1.16584 226.53
1.17197 224.418
1.17811 222.436
1.18424 220.188
1.19038 218.88
1.19652 215.668
1.20267 212.991
1.20881 211.939
1.21495 209.645
1.22108 207.203
1.2272 205.365
1.23334 203.716
1.23949 201.653
1.24562 198.862
1.25174 198.003
1.25789 195.582
1.26402 193.969
1.27014 191.087
1.27628 189.533
1.28244 188.01
1.28858 186.591
1.29471 184.801
1.30084 182.729
1.30697 181.953
1.31312 179.201
1.31925 177.354
1.32537 175.419
1.33151 174.206
1.33765 172.374
1.34378 170.135
1.34992 168.481
1.35606 167.153
1.3622 165.881
1.36833 163.998
1.37445 162.887
1.38059 160.769
1.38675 159.87
1.39288 158.026
1.39901 156.358
1.40515 154.993
1.4113 152.824
1.41742 152.026
1.42355 150.569
1.4297 149.096
1.43585 147.594
1.44198 146.396
1.44809 144.679
1.45423 143.251
1.46036 142.145
1.46649 140.474
1.47263 139.352
1.47877 138.037
1.48491 136.655
1.49104 135.537
1.49718 133.828
1.50333 132.669
1.50947 131.387
1.5156 130.351
1.52172 128.972
1.52787 127.592
1.534 126.537
1.54013 125.272
1.54627 124.328
1.55241 123.157
1.55855 121.939
1.56467 120.613
1.5708 119.391
