0.00783031 5126.15
0.013688 -711.201
0.019231 947.88
0.0249154 -1543.46
0.0312784 340.729
0.0375637 137.868
0.0433917 -17.5092
0.0492413 1036.34
0.0555754 822.025
0.0619321 778.616
0.067871 1555.52
0.0738098 1162.13
0.0800417 1325.38
0.0862327 1101.57
0.0921407 1527.51
0.0982031 1493.5
0.104506 1605.53
0.110769 1706.94
0.116806 1608.02
0.122832 1690.74
0.129052 1695.82
0.135211 1569.59
0.141259 1873.69
0.147318 1803.4
0.153489 1795.82
0.159709 1897.18
0.165845 1887.68
0.171974 1891.06
0.178125 1888.88
0.184229 1963.42
0.19034 1919.2
0.196428 1944.3
0.202534 1954.51
0.208729 1958.3
0.214876 1992.95
0.220989 2049.04
0.227147 1974.04
0.23329 1916.21
0.239377 1969.55
0.245482 1995.41
0.251667 1999.79
0.257832 1928.26
0.263955 1963.26
0.270079 1998.43
0.27624 1976.3
0.282372 2000.32
0.28843 1953.03
0.294538 1996.48
0.300721 1965.83
0.30691 1949.3
0.313033 1988.28
0.319153 1969.28
0.325316 1967.73
0.33145 1944.26
0.337538 1948.78
0.343633 1964.03
0.349808 1958.67
0.355968 1945.19
0.362074 1942.12
0.368217 1953.96
0.374374 1936.13
0.380519 1936.67
0.386598 1938.88
0.392688 1931.3
0.39888 1929.76
0.405048 1915.9
0.411186 1888.68
0.417313 1919.5
0.423458 1875.66
0.429607 1905.22
0.435692 1898.22
0.441815 1853.75
0.447964 1870.7
0.454126 1888.95
0.460267 1877.49
0.466387 1860.28
0.47254 1878.09
0.478662 1846.8
0.484765 1851.24
0.490885 1856.71
0.497035 1826.35
0.503198 1816.12
0.509342 1811.63
0.515458 1820.53
0.521598 1824
0.527764 1832.57
0.533884 1812.53
0.54 1819.59
0.546137 1797.02
0.552299 1786.37
0.558452 1796.52
0.564573 1792.99
0.570708 1785.17
0.576825 1787.07
0.582926 1784.08
0.589034 1770.26
0.595184 1768.82
0.601379 1765.9
0.607522 1761.19
0.613639 1759.95
0.619772 1752.83
0.625918 1744.04
0.632068 1733.2
0.638161 1725.31
0.6443 1733.18
0.650464 1713.73
0.656582 1716.3
0.662703 1709.03
0.668861 1699.14
0.675024 1677.97
0.681124 1690.41
0.687237 1687.68
0.693381 1684.36
0.699536 1687.67
0.705665 1670.3
0.711789 1659.94
0.717957 1656.24
0.72409 1652
0.730186 1662.34
0.736317 1644.4
0.742472 1639.98
0.748622 1634.73
0.75476 1623.87
0.760888 1622.45
0.767043 1614.87
0.773185 1601.43
0.779291 1603.89
0.785407 1606.88
0.791564 1592.9
0.797719 1581.21
0.803834 1583.96
0.809972 1587.01
0.816124 1567.95
0.822261 1567.98
0.828378 1560.07
0.834502 1563.37
0.840667 1542.26
0.846816 1532.78
0.852925 1537.24
0.859047 1540.81
0.865192 1524.79
0.871341 1521.74
0.877463 1507.51
0.883569 1511.21
0.889708 1510.99
0.895864 1499.58
0.902008 1490.94
0.908149 1489.61
0.914301 1480.13
0.920448 1484.08
0.926574 1469.1
0.932687 1472.13
0.938823 1457.62
0.944975 1456.21
0.951105 1450.17
0.957225 1439.66
0.963368 1435.11
0.969511 1433.76
0.975621 1427.99
0.981748 1420.59
0.987916 1410.16
0.99406 1410.72
1.00019 1396.81
1.00632 1394.52
1.01246 1395.15
1.01859 1397.2
1.02471 1391.29
1.03085 1379.01
1.03698 1373.52
1.04314 1372.23
1.04929 1360.85
1.05541 1358.64
1.06154 1359.48
1.06769 1352.41
1.07382 1340.03
1.07993 1335.51
1.08607 1327.41
1.09222 1325.06
1.09836 1321.67
1.10449 1313.23
1.11063 1310.61
1.11677 1303.51
1.1229 1299.79
1.12903 1293.87
1.13518 1289.59
1.14131 1284.44
1.14745 1277.76
1.15359 1272.87
1.15973 1269.27
1.16584 1263.29
1.17197 1256.42
1.17811 1253.32
1.18424 1249.01
1.19038 1248.09
1.19652 1234.23
1.20267 1227.19
1.20881 1228.15
1.21495 1220.4
1.22108 1216.06
1.2272 1210.18
1.23334 1208.16
1.23949 1200.66
1.24562 1192.06
1.25174 1196.67
1.25789 1184.49
1.26402 1184.64
1.27014 1172.99
1.27628 1170.81
1.28244 1165.5
1.28858 1164.23
1.29471 1159.7
1.30084 1150.73
1.30697 1154.69
1.31312 1140.45
1.31925 1139.04
1.32537 1133.74
1.33151 1128.05
1.33765 1122.24
1.34378 1116.07
1.34992 1109.87
1.35606 1107.81
1.3622 1105.6
1.36833 1099.59
1.37445 1097.49
1.38059 1091.1
1.38675 1088.72
1.39288 1082.84
1.39901 1077.85
1.40515 1074.8
1.4113 1065.68
1.41742 1066.39
1.42355 1061.46
1.4297 1055.73
1.43585 1054.17
1.44198 1048.66
1.44809 1042.47
1.45423 1037.59
1.46036 1032.86
1.46649 1028
1.47263 1021.71
1.47877 1021.1
1.48491 1017.22
1.49104 1014.22
1.49718 1005.83
1.50333 1002.02
1.50947 995.619
1.5156 996.38
1.52172 987.966
1.52787 983.599
1.534 981.102
1.54013 977.43
1.54627 975.021
1.55241 970.863
1.55855 965.004
1.56467 959.66
1.5708 955.949
