0.00783031 326.045
0.013688 1061.61
0.019231 -3076.51
0.0249154 -2742.32
0.0312784 182.44
0.0375637 316.624
0.0433917 440.947
0.0492413 504.93
0.0555754 600.054
0.0619321 737.239
0.067871 620.538
0.0738098 647.232
0.0800417 869.115
0.0862327 723.243
0.0921407 971.8
0.0982031 745.073
0.104506 905.411
0.110769 1125.19
0.116806 966.11
0.122832 966.2
0.129052 970.38
0.135211 1149.89
0.141259 1089.77
0.147318 1102.96
0.153489 1098.16
0.159709 1067.66
0.165845 1182.54
0.171974 1132.24
0.178125 1197.43
0.184229 1164.51
0.19034 1166.39
0.196428 1162.09
0.202534 1232.19
0.208729 1197.68
0.214876 1189.01
0.220989 1264.43
0.227147 1218.93
0.23329 1181.09
0.239377 1216.61
0.245482 1228.6
0.251667 1212.96
0.257832 1225.25
0.263955 1212.88
0.270079 1197.24
0.27624 1227.25
0.282372 1237.65
0.28843 1223.28
0.294538 1216.5
0.300721 1225.64
0.30691 1229.37
0.313033 1190.18
0.319153 1225.98
0.325316 1203.99
0.33145 1185.29
0.337538 1213.67
0.343633 1180.24
0.349808 1179.5
0.355968 1200.83
0.362074 1200.04
0.368217 1189.42
0.374374 1190.12
0.380519 1191.3
0.386598 1205.65
0.392688 1191.92
0.39888 1173.26
0.405048 1173.21
0.411186 1173.33
0.417313 1148.45
0.423458 1156.2
0.429607 1151.31
0.435692 1164.17
0.441815 1146.59
0.447964 1139.02
0.454126 1133.17
0.460267 1134
0.466387 1128.59
0.47254 1114.92
0.478662 1123.72
0.484765 1121.16
0.490885 1109.63
0.497035 1103.7
0.503198 1111.89
0.509342 1098.4
0.515458 1099.57
0.521598 1087.19
0.527764 1086.14
0.533884 1079.79
0.54 1070.41
0.546137 1071.38
0.552299 1066.49
0.558452 1062.35
0.564573 1068.15
0.570708 1056.03
0.576825 1033.1
0.582926 1039.51
0.589034 1032.67
0.595184 1040.22
0.601379 1029.4
0.607522 1034.39
0.613639 1022.34
0.619772 1019.38
0.625918 1002.74
0.632068 993.081
0.638161 999.234
0.6443 997.134
0.650464 989.602
0.656582 983.702
0.662703 978.671
0.668861 976.577
0.675024 971.395
0.681124 969.001
0.687237 965.869
0.693381 956.41
0.699536 944.36
0.705665 949.676
0.711789 938.679
0.717957 935.947
0.72409 937.083
0.730186 929.527
0.736317 927.808
0.742472 920.366
0.748622 916.047
0.75476 915.06
0.760888 909.417
0.767043 901.459
0.773185 898.572
0.779291 888.08
0.785407 879.569
0.791564 883.69
0.797719 882.384
0.803834 874.218
0.809972 868.387
0.816124 861.402
0.822261 861.028
0.828378 852.997
0.834502 853.581
0.840667 846.081
0.846816 844.202
0.852925 839.892
0.859047 840.619
0.865192 832.863
0.871341 820.832
0.877463 820.778
0.883569 819.943
0.889708 810.303
0.895864 804.543
0.902008 804.786
0.908149 795.864
0.914301 797.334
0.920448 783.787
0.926574 782.513
0.932687 778.442
0.938823 780.703
0.944975 773.021
0.951105 771.546
0.957225 763.675
0.963368 758.956
0.969511 753.297
0.975621 755.272
0.981748 749.431
0.987916 743.091
0.99406 746.194
1.00019 736.883
1.00632 730.214
1.01246 725.806
1.01859 722.6
1.02471 719.836
1.03085 716.772
1.03698 706.294
1.04314 706.371
1.04929 701.106
1.05541 698.963
1.06154 693.96
1.06769 690.245
1.07382 686.563
1.07993 683.376
1.08607 681.453
1.09222 676.595
1.09836 669.191
1.10449 669.591
1.11063 665.462
1.11677 659.398
1.1229 657.62
1.12903 649.346
1.13518 648.788
1.14131 640.868
1.14745 637.874
1.15359 635.83
1.15973 633.407
1.16584 627.54
1.17197 626.368
1.17811 621.566
1.18424 619.011
1.19038 612.647
1.19652 608.914
1.20267 606.205
1.20881 601.525
1.21495 602.034
1.22108 597.669
1.2272 592.229
1.23334 586.553
1.23949 583.896
1.24562 580.563
1.25174 576.447
1.25789 574.124
1.26402 572.106
1.27014 567.779
1.27628 563.19
1.28244 559.569
1.28858 555.386
1.29471 551.452
1.30084 549.095
1.30697 547.495
1.31312 541.019
1.31925 539.887
1.32537 535.571
1.33151 531.301
1.33765 527.689
1.34378 522.942
1.34992 521.031
1.35606 520.469
1.3622 514.361
1.36833 512.955
1.37445 508.169
1.38059 505.943
1.38675 502.307
1.39288 501.627
1.39901 494.931
1.40515 493.069
1.4113 491.254
1.41742 485.365
1.42355 484.348
1.4297 481.306
1.43585 477.111
1.44198 474.261
1.44809 470.753
1.45423 468.484
1.46036 466.309
1.46649 463.469
1.47263 460.561
1.47877 457.016
1.48491 454.046
1.49104 451.436
1.49718 448.571
1.50333 445.516
1.50947 442.904
1.5156 439.558
1.52172 436.001
1.52787 434.762
1.534 430.043
1.54013 428.78
1.54627 424.97
1.55241 424.514
1.55855 421.235
1.56467 418.876
1.5708 416.212
