0.00783031 357.629
0.013688 1130.14
0.019231 -3006.03
0.0249154 -2607.47
0.0312784 380.016
0.0375637 714.062
0.0433917 900.847
0.0492413 1038.04
0.0555754 1140.7
0.0619321 1326.42
0.067871 1175.06
0.0738098 1284.69
0.0800417 1527.25
0.0862327 1423.44
0.0921407 1704.62
0.0982031 1468.19
0.104506 1656.74
0.110769 1906.23
0.116806 1776.79
0.122832 1715.97
0.129052 1752.77
0.135211 1972.54
0.141259 1891.78
0.147318 1908.8
0.153489 1926.69
0.159709 1883.2
0.165845 1996.04
0.171974 1954.32
0.178125 2042.35
0.184229 1983.4
0.19034 1996.32
0.196428 1991.21
0.202534 2075.88
0.208729 2032.93
0.214876 2015.7
0.220989 2130.32
0.227147 2052.74
0.23329 2011.42
0.239377 2056.99
0.245482 2071.68
0.251667 2058.64
0.257832 2081.2
0.263955 2043.91
0.270079 2029.67
0.27624 2069.44
0.282372 2088.24
0.28843 2072.3
0.294538 2058.98
0.300721 2068.81
0.30691 2075.82
0.313033 2020.68
0.319153 2080.43
0.325316 2036.93
0.33145 2014.7
0.337538 2053.96
0.343633 2007.91
0.349808 2004.83
0.355968 2039.74
0.362074 2033.92
0.368217 2018.28
0.374374 2023.29
0.380519 2021.03
0.386598 2053.76
0.392688 2029.04
0.39888 2004.58
0.405048 2008.87
0.411186 2009.32
0.417313 1968.39
0.423458 1984.22
0.429607 1974.9
0.435692 1994.99
0.441815 1970.26
0.447964 1960.31
0.454126 1953.22
0.460267 1952.08
0.466387 1945.5
0.47254 1927.23
0.478662 1942.28
0.484765 1937.3
0.490885 1920.37
0.497035 1917.67
0.503198 1932.97
0.509342 1906.57
0.515458 1916.02
0.521598 1897.54
0.527764 1895.71
0.533884 1887.07
0.54 1872.18
0.546137 1875.64
0.552299 1871.04
0.558452 1863.26
0.564573 1877.86
0.570708 1861
0.576825 1821.01
0.582926 1833.67
0.589034 1825.9
0.595184 1839.63
0.601379 1821.14
0.607522 1832.24
0.613639 1812.8
0.619772 1806.97
0.625918 1783.46
0.632068 1770.56
0.638161 1780.69
0.6443 1779.84
0.650464 1767.41
0.656582 1762.44
0.662703 1753.46
0.668861 1751.78
0.675024 1744.03
0.681124 1740.95
0.687237 1739.86
0.693381 1724.15
0.699536 1705.83
0.705665 1717.16
0.711789 1698.52
0.717957 1695.58
0.72409 1699.38
0.730186 1687.76
0.736317 1686.11
0.742472 1674.93
0.748622 1670.96
0.75476 1671.17
0.760888 1662.91
0.767043 1650.03
0.773185 1646.68
0.779291 1629.07
0.785407 1616.86
0.791564 1625.48
0.797719 1622.92
0.803834 1611.96
0.809972 1602.67
0.816124 1594.63
0.822261 1595.12
0.828378 1581.86
0.834502 1583.34
0.840667 1572.05
0.846816 1570
0.852925 1564.74
0.859047 1567.88
0.865192 1555.24
0.871341 1536.37
0.877463 1537.07
0.883569 1538.99
0.889708 1521.07
0.895864 1512.95
0.902008 1513.56
0.908149 1500.81
0.914301 1504.79
0.920448 1480.6
0.926574 1481.05
0.932687 1474.68
0.938823 1480.14
0.944975 1468.66
0.951105 1467.08
0.957225 1454.49
0.963368 1447.08
0.969511 1438.31
0.975621 1443.97
0.981748 1435.08
0.987916 1424.05
0.99406 1430.76
1.00019 1416.22
1.00632 1405.56
1.01246 1398.93
1.01859 1394.54
1.02471 1391.98
1.03085 1385.55
1.03698 1368.43
1.04314 1369.64
1.04929 1362.16
1.05541 1359.79
1.06154 1351.51
1.06769 1345.8
1.07382 1341.26
1.07993 1336.36
1.08607 1334.35
1.09222 1326.39
1.09836 1314.17
1.10449 1315.68
1.11063 1310.27
1.11677 1299.39
1.1229 1297.33
1.12903 1283.78
1.13518 1284.06
1.14131 1271.62
1.14745 1266.67
1.15359 1262.48
1.15973 1261.03
1.16584 1250.39
1.17197 1250.29
1.17811 1241.66
1.18424 1238.08
1.19038 1226.89
1.19652 1221.92
1.20267 1217.39
1.20881 1210.62
1.21495 1213.18
1.22108 1206.74
1.2272 1197.19
1.23334 1186.59
1.23949 1184.25
1.24562 1177.72
1.25174 1172.16
1.25789 1169.54
1.26402 1165.09
1.27014 1158.86
1.27628 1152.02
1.28244 1146.13
1.28858 1138.67
1.29471 1132.08
1.30084 1129.54
1.30697 1126.95
1.31312 1116.78
1.31925 1115.18
1.32537 1108.11
1.33151 1101.65
1.33765 1095.74
1.34378 1087.16
1.34992 1084.86
1.35606 1084.4
1.3622 1074.26
1.36833 1072.72
1.37445 1065
1.38059 1060.47
1.38675 1054.83
1.39288 1055.05
1.39901 1042.63
1.40515 1040.04
1.4113 1039.17
1.41742 1027.79
1.42355 1026.12
1.4297 1021.67
1.43585 1013.86
1.44198 1009.35
1.44809 1005.07
1.45423 1000.36
1.46036 997.637
1.46649 994.087
1.47263 988.951
1.47877 983.886
1.48491 978.103
1.49104 973.305
1.49718 969.292
1.50333 965.166
1.50947 960.278
1.5156 954.461
1.52172 948.62
1.52787 947.227
1.534 938.993
1.54013 937.205
1.54627 929.924
1.55241 931.147
1.55855 925.106
1.56467 921.934
1.5708 918.099
