0.00783031 -554.778
0.013688 -88.0772
0.019231 1137.18
0.0249154 810.064
0.0312784 -497.556
0.0375637 1537.28
0.0433917 1134.01
0.0492413 1704.02
0.0555754 1638.36
0.0619321 1747.93
0.067871 1491.88
0.0738098 1374.97
0.0800417 1575.8
0.0862327 1470.31
0.0921407 1739.89
0.0982031 1635.1
0.104506 1899.35
0.110769 1635.72
0.116806 1690
0.122832 1892.51
0.129052 1993.58
0.135211 1888
0.141259 1995.05
0.147318 1979.77
0.153489 1938.43
0.159709 2112.63
0.165845 2115.68
0.171974 2119.2
0.178125 2158.6
0.184229 2041
0.19034 2033.58
0.196428 2036.26
0.202534 1986.81
0.208729 2032.78
0.214876 2109.04
0.220989 2060.87
0.227147 2127.96
0.23329 2063.71
0.239377 2074.73
0.245482 2064.21
0.251667 2121.5
0.257832 2149.75
0.263955 2089.54
0.270079 2079.42
0.27624 2097.87
0.282372 2125.74
0.28843 2085.9
0.294538 2088.64
0.300721 2093.63
0.30691 2057.44
0.313033 2046.4
0.319153 2079.57
0.325316 2056.48
0.33145 2059.76
0.337538 2046.76
0.343633 2060.07
0.349808 2015.24
0.355968 2080.79
0.362074 2046.53
0.368217 2041.42
0.374374 2033.84
0.380519 2012.45
0.386598 2017.4
0.392688 2023.48
0.39888 2014.32
0.405048 2017.61
0.411186 1989.85
0.417313 2024.8
0.423458 2005.91
0.429607 1988.93
0.435692 1961.98
0.441815 1968.04
0.447964 1959.9
0.454126 1968.36
0.460267 1955.77
0.466387 1961.42
0.47254 1936.94
0.478662 1928.3
0.484765 1921.96
0.490885 1921.8
0.497035 1927.14
0.503198 1925.59
0.509342 1910.02
0.515458 1897.89
0.521598 1904.86
0.527764 1922.19
0.533884 1883.66
0.54 1886.69
0.546137 1878.41
0.552299 1887.17
0.558452 1876.17
0.564573 1867.54
0.570708 1887.54
0.576825 1866.11
0.582926 1856.32
0.589034 1834.58
0.595184 1841.15
0.601379 1829.25
0.607522 1819.22
0.613639 1817.34
0.619772 1806.55
0.625918 1822.04
0.632068 1801.42
0.638161 1786.11
0.6443 1793.17
0.650464 1779.34
0.656582 1776.27
0.662703 1768.54
0.668861 1763.26
0.675024 1748.33
0.681124 1750.96
0.687237 1759.74
0.693381 1743.81
0.699536 1735
0.705665 1733.78
0.711789 1731.34
0.717957 1710.47
0.72409 1706.32
0.730186 1695.48
0.736317 1698.55
0.742472 1683.76
0.748622 1682.49
0.75476 1685.58
0.760888 1673.81
0.767043 1673.48
0.773185 1667.07
0.779291 1660.69
0.785407 1640.2
0.791564 1650.7
0.797719 1629.16
0.803834 1627.3
0.809972 1621.48
0.816124 1614.87
0.822261 1602.91
0.828378 1594.44
0.834502 1596.99
0.840667 1602.74
0.846816 1590.52
0.852925 1584.91
0.859047 1570.59
0.865192 1568.47
0.871341 1552.36
0.877463 1556.17
0.883569 1551.34
0.889708 1540.87
0.895864 1541.25
0.902008 1526.74
0.908149 1523.31
0.914301 1528.25
0.920448 1505.69
0.926574 1516
0.932687 1502.2
0.938823 1500.09
0.944975 1495.56
0.951105 1486.38
0.957225 1477.41
0.963368 1474.22
0.969511 1467.81
0.975621 1458.84
0.981748 1455.43
0.987916 1445.12
0.99406 1443.43
1.00019 1436.78
1.00632 1431.15
1.01246 1428.74
1.01859 1426.39
1.02471 1419.4
1.03085 1413.49
1.03698 1403.7
1.04314 1402.21
1.04929 1395.25
1.05541 1392.04
1.06154 1376.05
1.06769 1375.47
1.07382 1370.77
1.07993 1364.58
1.08607 1362.72
1.09222 1353.56
1.09836 1348.55
1.10449 1346.34
1.11063 1338.19
1.11677 1335.21
1.1229 1325.56
1.12903 1321.08
1.13518 1309.59
1.14131 1309.52
1.14745 1304.06
1.15359 1299.27
1.15973 1296.18
1.16584 1288.85
1.17197 1282.69
1.17811 1274.4
1.18424 1270.76
1.19038 1268.27
1.19652 1263.56
1.20267 1251.57
1.20881 1257.49
1.21495 1247.37
1.22108 1239.67
1.2272 1235.93
1.23334 1228.27
1.23949 1224.97
1.24562 1214.2
1.25174 1210.54
1.25789 1208.37
1.26402 1200.82
1.27014 1195.28
1.27628 1191.64
1.28244 1187.28
1.28858 1181.19
1.29471 1177.96
1.30084 1170.65
1.30697 1168.68
1.31312 1164.38
1.31925 1157.34
1.32537 1148.34
1.33151 1149.74
1.33765 1139.73
1.34378 1134.4
1.34992 1132.5
1.35606 1129.04
1.3622 1120.78
1.36833 1120.19
1.37445 1109.4
1.38059 1105.88
1.38675 1102.39
1.39288 1098.73
1.39901 1093.06
1.40515 1091.42
1.4113 1084.44
1.41742 1075.73
1.42355 1073.63
1.4297 1069.3
1.43585 1057.2
1.44198 1061.03
1.44809 1056.63
1.45423 1052.74
1.46036 1041.25
1.46649 1042.98
1.47263 1037.6
1.47877 1029.18
1.48491 1024.36
1.49104 1025.8
1.49718 1016.74
1.50333 1015.96
1.50947 1008.83
1.5156 1005.98
1.52172 1002.25
1.52787 995.283
1.534 992.753
1.54013 988.827
1.54627 983.566
1.55241 981.388
1.55855 976.267
1.56467 973.443
1.5708 968.223
