0.00783031 2519.67
0.013688 1509.72
0.019231 616.786
0.0249154 473.87
0.0312784 -374.328
0.0375637 130.473
0.0433917 -49.7457
0.0492413 162.118
0.0555754 -78.9272
0.0619321 -184.364
0.067871 -221.464
0.0738098 -117.635
0.0800417 13.6021
0.0862327 -218.752
0.0921407 -198.428
0.0982031 -192.541
0.104506 -278.334
0.110769 -238.598
0.116806 -224.291
0.122832 -249.956
0.129052 -212.466
0.135211 -249.787
0.141259 -269.07
0.147318 -274.226
0.153489 -254.546
0.159709 -228.867
0.165845 -236.189
0.171974 -213.424
0.178125 -190.175
0.184229 -244.609
0.19034 -248.572
0.196428 -228.683
0.202534 -243.629
0.208729 -211.361
0.214876 -258.309
0.220989 -223.461
0.227147 -235.308
0.23329 -222.49
0.239377 -220.069
0.245482 -217.268
0.251667 -205.836
0.257832 -215.249
0.263955 -221.9
0.270079 -228.345
0.27624 -215.235
0.282372 -233.437
0.28843 -225.565
0.294538 -227.859
0.300721 -230.036
0.30691 -215.529
0.313033 -208.845
0.319153 -217.725
0.325316 -208.976
0.33145 -201.785
0.337538 -195.213
0.343633 -204.738
0.349808 -208.649
0.355968 -195.253
0.362074 -194.709
0.368217 -201.211
0.374374 -202.525
0.380519 -192.759
0.386598 -192.888
0.392688 -196.562
0.39888 -197.181
0.405048 -193.766
0.411186 -190.825
0.417313 -190.521
0.423458 -190.41
0.429607 -192.708
0.435692 -189.452
0.441815 -188.012
0.447964 -187.333
0.454126 -179.495
0.460267 -181.667
0.466387 -187.629
0.47254 -178.608
0.478662 -183.416
0.484765 -179.642
0.490885 -178.755
0.497035 -172.751
0.503198 -182.259
0.509342 -173.018
0.515458 -174.382
0.521598 -178.996
0.527764 -171.693
0.533884 -174.503
0.54 -167.132
0.546137 -170.899
0.552299 -171.421
0.558452 -169.248
0.564573 -172.581
0.570708 -168.458
0.576825 -168.563
0.582926 -164.283
0.589034 -165.705
0.595184 -166.364
0.601379 -164.344
0.607522 -164.145
0.613639 -159.53
0.619772 -159.547
0.625918 -163.402
0.632068 -162.043
0.638161 -160.475
0.6443 -158.106
0.650464 -156.247
0.656582 -161.094
0.662703 -157.976
0.668861 -158.146
0.675024 -156.107
0.681124 -154.578
0.687237 -153.261
0.693381 -151.46
0.699536 -153.254
0.705665 -150.568
0.711789 -150.669
0.717957 -148.777
0.72409 -150.582
0.730186 -152.683
0.736317 -148.748
0.742472 -146.43
0.748622 -145.31
0.75476 -146.251
0.760888 -148.271
0.767043 -144.95
0.773185 -142.985
0.779291 -143.739
0.785407 -144.486
0.791564 -143.817
0.797719 -142.266
0.803834 -142.712
0.809972 -138.936
0.816124 -139.87
0.822261 -139.166
0.828378 -138.277
0.834502 -138.261
0.840667 -138.336
0.846816 -137.453
0.852925 -136.718
0.859047 -135.459
0.865192 -134.895
0.871341 -135.598
0.877463 -134.59
0.883569 -134.018
0.889708 -133.036
0.895864 -132.76
0.902008 -134.51
0.908149 -132.152
0.914301 -130.981
0.920448 -130.136
0.926574 -129.77
0.932687 -129.958
0.938823 -128.636
0.944975 -127.053
0.951105 -128.147
0.957225 -127.703
0.963368 -126.88
0.969511 -126.499
0.975621 -125.424
0.981748 -125.329
0.987916 -123.786
0.99406 -123.109
1.00019 -122.821
1.00632 -124.341
1.01246 -123.645
1.01859 -121.203
1.02471 -120.632
1.03085 -120.179
1.03698 -120.42
1.04314 -119.94
1.04929 -120.735
1.05541 -120.204
1.06154 -118.244
1.06769 -117.354
1.07382 -118.226
1.07993 -116.198
1.08607 -115.393
1.09222 -114.901
1.09836 -114.882
1.10449 -113.247
1.11063 -114.713
1.11677 -113.446
1.1229 -113.442
1.12903 -112.533
1.13518 -111.374
1.14131 -110.665
1.14745 -110.267
1.15359 -109.525
1.15973 -109.72
1.16584 -109.777
1.17197 -108.433
1.17811 -109.632
1.18424 -108.128
1.19038 -106.712
1.19652 -107.599
1.20267 -106.578
1.20881 -105.713
1.21495 -105.665
1.22108 -105.317
1.2272 -104.426
1.23334 -104.755
1.23949 -103.398
1.24562 -102.486
1.25174 -102.972
1.25789 -101.524
1.26402 -102.603
1.27014 -100.926
1.27628 -101.006
1.28244 -99.3231
1.28858 -100.175
1.29471 -99.4969
1.30084 -97.8715
1.30697 -97.5973
1.31312 -98.0037
1.31925 -97.579
1.32537 -97.1447
1.33151 -96.1897
1.33765 -96.9084
1.34378 -94.7419
1.34992 -94.8242
1.35606 -94.5683
1.3622 -93.3731
1.36833 -93.4666
1.37445 -92.8016
1.38059 -91.9033
1.38675 -91.854
1.39288 -91.98
1.39901 -91.474
1.40515 -90.6927
1.4113 -90.7962
1.41742 -90.3577
1.42355 -89.3655
1.4297 -88.8433
1.43585 -88.4398
1.44198 -88.2711
1.44809 -87.7573
1.45423 -87.288
1.46036 -86.9242
1.46649 -86.1784
1.47263 -85.9296
1.47877 -85.3161
1.48491 -85.2612
1.49104 -84.8101
1.49718 -84.0853
1.50333 -84.3382
1.50947 -82.9307
1.5156 -82.9414
1.52172 -82.3441
1.52787 -81.6563
1.534 -81.5896
1.54013 -80.7939
1.54627 -81.1095
1.55241 -80.4457
1.55855 -80.0222
1.56467 -79.6238
1.5708 -79.414
