0.00783031 3806.33
0.013688 143.166
0.019231 1497.3
0.0249154 -2442.21
0.0312784 -648.022
0.0375637 35.9313
0.0433917 281.631
0.0492413 412.886
0.0555754 292.582
0.0619321 106.388
0.067871 554.954
0.0738098 510.641
0.0800417 978.014
0.0862327 768.634
0.0921407 1097.41
0.0982031 968.748
0.104506 1072.53
0.110769 1075.36
0.116806 966.903
0.122832 992.057
0.129052 1166.2
0.135211 1054.17
0.141259 1259.19
0.147318 1205.69
0.153489 1272.67
0.159709 1271.85
0.165845 1326.53
0.171974 1343.85
0.178125 1246.94
0.184229 1250.43
0.19034 1273.11
0.196428 1314.52
0.202534 1324.07
0.208729 1317.93
0.214876 1357.59
0.220989 1337.27
0.227147 1347.32
0.23329 1325.03
0.239377 1392.85
0.245482 1347.79
0.251667 1327.2
0.257832 1345.9
0.263955 1309.15
0.270079 1297.59
0.27624 1328.03
0.282372 1357.24
0.28843 1389.09
0.294538 1350.25
0.300721 1319.64
0.30691 1325.75
0.313033 1335.9
0.319153 1314.22
0.325316 1318.92
0.33145 1338.74
0.337538 1317.64
0.343633 1294.64
0.349808 1319.61
0.355968 1297.77
0.362074 1294.64
0.368217 1294.28
0.374374 1293.96
0.380519 1303.63
0.386598 1285.99
0.392688 1272.14
0.39888 1284.64
0.405048 1267.88
0.411186 1276.97
0.417313 1269.84
0.423458 1271.73
0.429607 1244.19
0.435692 1245.03
0.441815 1233.28
0.447964 1243.06
0.454126 1243.81
0.460267 1226.39
0.466387 1205.19
0.47254 1216.03
0.478662 1215.4
0.484765 1199.3
0.490885 1222.99
0.497035 1203.07
0.503198 1212.84
0.509342 1194.54
0.515458 1200.35
0.521598 1184.87
0.527764 1192.8
0.533884 1178.55
0.54 1173.38
0.546137 1169.39
0.552299 1165.79
0.558452 1157.53
0.564573 1148.17
0.570708 1142.98
0.576825 1144.59
0.582926 1128.08
0.589034 1145.03
0.595184 1129.11
0.601379 1132.57
0.607522 1119.04
0.613639 1118.4
0.619772 1112.27
0.625918 1106.91
0.632068 1106.27
0.638161 1090.47
0.6443 1091.29
0.650464 1084.81
0.656582 1086.73
0.662703 1078.01
0.668861 1076.71
0.675024 1079
0.681124 1064.62
0.687237 1058.34
0.693381 1047.29
0.699536 1055.85
0.705665 1042
0.711789 1040.6
0.717957 1041.88
0.72409 1033.76
0.730186 1025.06
0.736317 1025.62
0.742472 1019.38
0.748622 1007.21
0.75476 1011.09
0.760888 1008.9
0.767043 1005.08
0.773185 995.476
0.779291 980.043
0.785407 989.289
0.791564 977.716
0.797719 976.9
0.803834 969.119
0.809972 966.628
0.816124 963.802
0.822261 949.836
0.828378 948.866
0.834502 945.763
0.840667 941.047
0.846816 936.453
0.852925 931.856
0.859047 927.651
0.865192 925.009
0.871341 915.854
0.877463 912.303
0.883569 909.239
0.889708 899.456
0.895864 898.2
0.902008 893.043
0.908149 884.647
0.914301 883.301
0.920448 880.634
0.926574 870.936
0.932687 867.853
0.938823 863.168
0.944975 855.568
0.951105 857.683
0.957225 853.578
0.963368 842.845
0.969511 839.012
0.975621 828.437
0.981748 828.256
0.987916 823.399
0.99406 822.061
1.00019 813.305
1.00632 808.549
1.01246 807.841
1.01859 798.343
1.02471 797.026
1.03085 789.396
1.03698 787.018
1.04314 779.537
1.04929 777.252
1.05541 771.71
1.06154 769.455
1.06769 763.164
1.07382 758.351
1.07993 750.918
1.08607 749.61
1.09222 745.907
1.09836 739.269
1.10449 735.764
1.11063 730.938
1.11677 728.392
1.1229 726.215
1.12903 719.816
1.13518 713.546
1.14131 706.717
1.14745 702.536
1.15359 702.124
1.15973 696.168
1.16584 694.477
1.17197 683.727
1.17811 680.32
1.18424 679.804
1.19038 674.013
1.19652 673.763
1.20267 668.409
1.20881 662.236
1.21495 657.487
1.22108 654.546
1.2272 652.986
1.23334 640.308
1.23949 644.311
1.24562 638.037
1.25174 634.962
1.25789 631.133
1.26402 625.404
1.27014 618.707
1.27628 617.682
1.28244 617.27
1.28858 608.863
1.29471 609.06
1.30084 603.257
1.30697 598.615
1.31312 593.714
1.31925 591.475
1.32537 585.392
1.33151 583.527
1.33765 582.741
1.34378 577.305
1.34992 573.132
1.35606 570.55
1.3622 565.455
1.36833 564.157
1.37445 561.071
1.38059 556.285
1.38675 553.657
1.39288 549.132
1.39901 545.978
1.40515 543.103
1.4113 539.305
1.41742 537.191
1.42355 532.672
1.4297 529.507
1.43585 525.918
1.44198 523.225
1.44809 521.653
1.45423 517.045
1.46036 513.474
1.46649 509.553
1.47263 507.231
1.47877 504.702
1.48491 499.114
1.49104 497.55
1.49718 495.753
1.50333 489.44
1.50947 486.749
1.5156 486.777
1.52172 483.1
1.52787 479.841
1.534 476.58
1.54013 475.449
1.54627 471.265
1.55241 469.332
1.55855 466.977
1.56467 464.995
1.5708 460.036
