0.00783031 19521.4
0.013688 23774.8
0.019231 24327.2
0.0249154 22396.9
0.0312784 19306.5
0.0375637 16509.6
0.0433917 14242.1
0.0492413 13041.6
0.0555754 11937.3
0.0619321 11047.6
0.067871 10821.2
0.0738098 9853.16
0.0800417 9013.52
0.0862327 7849.98
0.0921407 7146.55
0.0982031 6570.19
0.104506 6044.41
0.110769 5711.78
0.116806 5383.05
0.122832 5102.48
0.129052 5105.49
0.135211 4660.14
0.141259 4536.3
0.147318 4198.8
0.153489 3984.57
0.159709 3831.88
0.165845 3684.49
0.171974 3503.37
0.178125 3337.18
0.184229 3238.64
0.19034 3182.69
0.196428 3105.77
0.202534 2969.83
0.208729 2878.48
0.214876 2800.66
0.220989 2748.41
0.227147 2647.9
0.23329 2566.17
0.239377 2541.44
0.245482 2436.36
0.251667 2369.42
0.257832 2327.19
0.263955 2226.49
0.270079 2194.83
0.27624 2163.7
0.282372 2126.66
0.28843 2096.59
0.294538 2063.06
0.300721 2012.72
0.30691 1964.22
0.313033 1947.05
0.319153 1880.16
0.325316 1850.12
0.33145 1835.65
0.337538 1816.6
0.343633 1769.2
0.349808 1764.89
0.355968 1729.33
0.362074 1686.51
0.368217 1666.22
0.374374 1654.7
0.380519 1637.57
0.386598 1622.47
0.392688 1584.07
0.39888 1582.71
0.405048 1543.37
0.411186 1531.65
0.417313 1513.25
0.423458 1496.02
0.429607 1465.95
0.435692 1455.73
0.441815 1443.14
0.447964 1428.32
0.454126 1410.47
0.460267 1387.35
0.466387 1358.52
0.47254 1354.3
0.478662 1343.59
0.484765 1327.49
0.490885 1333.6
0.497035 1312.66
0.503198 1307.17
0.509342 1278.87
0.515458 1272.33
0.521598 1253.87
0.527764 1259.65
0.533884 1231.19
0.54 1223.17
0.546137 1217.54
0.552299 1199.28
0.558452 1187.89
0.564573 1170.16
0.570708 1164.66
0.576825 1157.84
0.582926 1141.19
0.589034 1144.42
0.595184 1128.3
0.601379 1120.62
0.607522 1110.33
0.613639 1102.81
0.619772 1090.25
0.625918 1078.95
0.632068 1074.39
0.638161 1060.65
0.6443 1054.93
0.650464 1045.18
0.656582 1038.61
0.662703 1035.32
0.668861 1021.21
0.675024 1020.82
0.681124 1007.48
0.687237 998.355
0.693381 987.734
0.699536 980.056
0.705665 966.857
0.711789 965.43
0.717957 962.36
0.72409 952.543
0.730186 942.858
0.736317 937.972
0.742472 932.644
0.748622 918.425
0.75476 918.213
0.760888 911.046
0.767043 907.104
0.773185 896.116
0.779291 884.642
0.785407 888.731
0.791564 876.53
0.797719 870.098
0.803834 863.743
0.809972 857.708
0.816124 851.866
0.822261 842.294
0.828378 840.675
0.834502 832.297
0.840667 827.343
0.846816 820.142
0.852925 812.9
0.859047 807.668
0.865192 806.428
0.871341 797.409
0.877463 791.938
0.883569 786.039
0.889708 779.707
0.895864 774.186
0.902008 768.477
0.908149 762.947
0.914301 754.858
0.920448 754.471
0.926574 744.196
0.932687 744.288
0.938823 736.231
0.944975 730.041
0.951105 724.219
0.957225 723.767
0.963368 716.129
0.969511 709.379
0.975621 702.63
0.981748 699.721
0.987916 695.48
0.99406 689.998
1.00019 684.261
1.00632 679.849
1.01246 675.74
1.01859 670.038
1.02471 664.576
1.03085 657.498
1.03698 657.491
1.04314 650.541
1.04929 645.965
1.05541 642.536
1.06154 637.397
1.06769 632.537
1.07382 626.275
1.07993 619.02
1.08607 617.392
1.09222 615.652
1.09836 607.24
1.10449 603.687
1.11063 600.733
1.11677 598.139
1.1229 593.34
1.12903 589.649
1.13518 582.095
1.14131 577.82
1.14745 572.764
1.15359 571.56
1.15973 566.685
1.16584 562.918
1.17197 553.797
1.17811 553.019
1.18424 552.519
1.19038 546.381
1.19652 543.11
1.20267 539.731
1.20881 533.935
1.21495 531.989
1.22108 525.914
1.2272 524.016
1.23334 517.601
1.23949 519.363
1.24562 513.321
1.25174 508.978
1.25789 506.268
1.26402 503.537
1.27014 498.865
1.27628 496.268
1.28244 493.206
1.28858 488.424
1.29471 486.851
1.30084 484.226
1.30697 480.694
1.31312 476.809
1.31925 471.565
1.32537 470.304
1.33151 466.583
1.33765 464.083
1.34378 459.415
1.34992 458.956
1.35606 454.919
1.3622 449.849
1.36833 449.422
1.37445 445.589
1.38059 442.548
1.38675 439.124
1.39288 437.792
1.39901 433.623
1.40515 432.111
1.4113 429
1.41742 426.471
1.42355 423.176
1.4297 419.215
1.43585 416.469
1.44198 414.971
1.44809 412.886
1.45423 409.887
1.46036 406.053
1.46649 404.052
1.47263 401.816
1.47877 398.02
1.48491 394.642
1.49104 393.025
1.49718 390.522
1.50333 386.254
1.50947 384.34
1.5156 383.071
1.52172 378.979
1.52787 376.521
1.534 373.675
1.54013 371.337
1.54627 369.564
1.55241 366.812
1.55855 364.59
1.56467 363.017
1.5708 359.433
