0.00783031 9558.74
0.013688 8921.93
0.019231 7013.26
0.0249154 11081.7
0.0312784 10699
0.0375637 8917.12
0.0433917 8195.3
0.0492413 9091.65
0.0555754 8225.49
0.0619321 8499.41
0.067871 8188.1
0.0738098 7977.67
0.0800417 8120.06
0.0862327 7951.33
0.0921407 7631.89
0.0982031 7587.7
0.104506 7147.77
0.110769 7079.2
0.116806 6833.51
0.122832 6873.88
0.129052 6882.42
0.135211 6614.52
0.141259 6574.12
0.147318 6532.5
0.153489 6650.35
0.159709 6374.9
0.165845 6259.56
0.171974 6271.23
0.178125 6012.29
0.184229 5925.23
0.19034 5950.72
0.196428 5844.15
0.202534 5799.72
0.208729 5691.71
0.214876 5632.09
0.220989 5624.88
0.227147 5569.75
0.23329 5466.73
0.239377 5436.25
0.245482 5346.29
0.251667 5213.31
0.257832 5219.34
0.263955 5102.31
0.270079 5081.92
0.27624 5122.06
0.282372 5086.08
0.28843 5092.85
0.294538 5023.96
0.300721 4958.96
0.30691 4906.83
0.313033 4857.82
0.319153 4745.59
0.325316 4816.73
0.33145 4818.43
0.337538 4719.12
0.343633 4715.12
0.349808 4702.78
0.355968 4615.49
0.362074 4643.36
0.368217 4572.34
0.374374 4513.17
0.380519 4562.06
0.386598 4472.9
0.392688 4484.36
0.39888 4481.4
0.405048 4415.81
0.411186 4416.31
0.417313 4401.23
0.423458 4395.72
0.429607 4342.34
0.435692 4327.7
0.441815 4284.7
0.447964 4307.07
0.454126 4307.94
0.460267 4256.04
0.466387 4228.55
0.47254 4233.04
0.478662 4224.07
0.484765 4183.13
0.490885 4235.35
0.497035 4196.43
0.503198 4220.8
0.509342 4164.94
0.515458 4194.52
0.521598 4171.69
0.527764 4147.25
0.533884 4133.74
0.54 4113.12
0.546137 4118.5
0.552299 4131.47
0.558452 4090.55
0.564573 4096.74
0.570708 4076.53
0.576825 4079.24
0.582926 4047.26
0.589034 4095.67
0.595184 4053.49
0.601379 4062.88
0.607522 4038.14
0.613639 4037.83
0.619772 4031.32
0.625918 4032.64
0.632068 4044.91
0.638161 4006.46
0.6443 4002.19
0.650464 3984.72
0.656582 3999.19
0.662703 3985.14
0.668861 4011.37
0.675024 4008.85
0.681124 3981.72
0.687237 3961.79
0.693381 3955.63
0.699536 3978.04
0.705665 3968.55
0.711789 3957.17
0.717957 3971.73
0.72409 3952.95
0.730186 3940.91
0.736317 3952.92
0.742472 3944.83
0.748622 3921.93
0.75476 3940.34
0.760888 3957.38
0.767043 3937.19
0.773185 3939.5
0.779291 3911.5
0.785407 3925.1
0.791564 3917.59
0.797719 3916.33
0.803834 3899
0.809972 3914.06
0.816124 3914.2
0.822261 3890.63
0.828378 3883.55
0.834502 3896.06
0.840667 3896.05
0.846816 3900.54
0.852925 3900.59
0.859047 3899.65
0.865192 3892.09
0.871341 3881.42
0.877463 3887.73
0.883569 3875.11
0.889708 3866.66
0.895864 3893.57
0.902008 3865.39
0.908149 3867.81
0.914301 3879.26
0.920448 3869.27
0.926574 3857.08
0.932687 3857.7
0.938823 3854
0.944975 3822.07
0.951105 3857.51
0.957225 3850.37
0.963368 3832.67
0.969511 3837.2
0.975621 3819.41
0.981748 3821.29
0.987916 3836.12
0.99406 3831.91
1.00019 3831.57
1.00632 3815.25
1.01246 3824.53
1.01859 3810.85
1.02471 3829.58
1.03085 3804.33
1.03698 3801.68
1.04314 3803.56
1.04929 3801.47
1.05541 3798.38
1.06154 3794.5
1.06769 3785.63
1.07382 3796.55
1.07993 3783.49
1.08607 3783.94
1.09222 3791.3
1.09836 3778.07
1.10449 3777.14
1.11063 3767.64
1.11677 3775.67
1.1229 3783.36
1.12903 3754.85
1.13518 3758.57
1.14131 3747.54
1.14745 3743.34
1.15359 3749.25
1.15973 3747.16
1.16584 3745.78
1.17197 3731.33
1.17811 3725.48
1.18424 3733.12
1.19038 3725.77
1.19652 3726.66
1.20267 3723.88
1.20881 3708.93
1.21495 3701.08
1.22108 3709.49
1.2272 3715.84
1.23334 3672.42
1.23949 3694.35
1.24562 3694.14
1.25174 3685.96
1.25789 3669.56
1.26402 3656.5
1.27014 3661.95
1.27628 3659.94
1.28244 3668.92
1.28858 3645.35
1.29471 3641.28
1.30084 3638.49
1.30697 3630.55
1.31312 3627.02
1.31925 3633.89
1.32537 3623.45
1.33151 3612.3
1.33765 3616.38
1.34378 3609.71
1.34992 3592.06
1.35606 3595.68
1.3622 3592.22
1.36833 3573.21
1.37445 3573.79
1.38059 3571.43
1.38675 3563.15
1.39288 3563.11
1.39901 3556.62
1.40515 3556.49
1.4113 3542.6
1.41742 3546.68
1.42355 3534.48
1.4297 3530.04
1.43585 3513.85
1.44198 3512.72
1.44809 3501.07
1.45423 3502.74
1.46036 3492.97
1.46649 3484.14
1.47263 3489.18
1.47877 3484.1
1.48491 3468.54
1.49104 3464.58
1.49718 3464.08
1.50333 3446.79
1.50947 3448.35
1.5156 3437.45
1.52172 3439.17
1.52787 3428.49
1.534 3423.61
1.54013 3421.5
1.54627 3413.15
1.55241 3411.11
1.55855 3401.17
1.56467 3403.12
1.5708 3387.79
