#  k  (h/Mpc)          P(k)  (Mpc/h)^3     P_linear(k)   P_NL(k) (Mpc/h)^3
     0.00783031         20101.1         20513.5           20402 
       0.013688         24852.7         25365.8         25170.4 
       0.019231         25365.2         25635.4         25378.2 
      0.0249154         23447.7         23617.7         23341.1 
      0.0312784         20140.9         20361.8         20072.2 
      0.0375637         17259.8         17287.6         17029.1 
      0.0433917           14719         15046.4         14768.3 
      0.0492413         12986.1         13439.5         13172.6 
      0.0555754         12276.1         12280.2         12034.8 
      0.0619321         11240.2         11423.3         11182.2 
       0.067871         10509.5         10674.3         10455.7 
      0.0738098         9484.82         9842.08         9530.37 
      0.0800417         8607.97         8856.08         8604.23 
      0.0862327          7613.5         7841.33          7739.8 
      0.0921407         6874.14         6940.55         6884.81 
      0.0982031          6160.7         6164.83         6243.98 
       0.104506          5757.3         5561.75         5737.32 
       0.110769         5230.98         5155.89         5263.08 
       0.116806         4998.23         4889.47         4964.46 
       0.122832         4681.95         4677.07         4752.13 
       0.129052         4580.99         4453.97         4522.27 
       0.135211         4246.98         4193.92         4269.83 
       0.141259         4033.59         3896.12         4050.54 
       0.147318          3679.2         3576.26         3807.16 
       0.153489         3468.84          3260.5         3472.32 
       0.159709         3281.07         2982.04         3265.67 
       0.165845         3075.96         2764.14         3130.37 
       0.171974         2922.38         2604.93         2961.41 
       0.178125         2786.53          2488.7         2879.78 
       0.184229         2737.74          2396.6         2743.09 
        0.19034         2616.87         2308.28         2640.78 
       0.196428         2540.33         2211.01            2533 
       0.202534         2416.59         2098.34         2448.32 
       0.208729         2293.98         1971.83          2315.9 
       0.214876         2152.15         1845.05         2253.38 
       0.220989         2137.15         1727.42         2179.44 
       0.227147         2010.99          1625.3         2105.71 
        0.23329         1976.18          1542.2         2040.86 
       0.239377         1911.42         1476.79         1962.14 
       0.245482         1840.49         1423.17         1881.11 
       0.251667          1764.6         1374.77          1839.5 
       0.257832         1726.27         1326.38         1781.24 
       0.263955         1665.31         1274.55         1732.73 
       0.270079         1626.11         1218.63         1683.96 
        0.27624         1594.64         1160.63         1632.19 
       0.282372         1523.51         1104.16         1604.22 
        0.28843         1504.16         1052.29         1569.55 
       0.294538         1449.78         1005.98         1521.93 
       0.300721          1427.7         965.772         1476.82 
        0.30691         1388.86         931.185         1457.29 
       0.313033         1363.95         900.669         1412.21 
       0.319153         1322.99         871.904         1373.99 
       0.325316         1266.35         843.127         1354.28 
        0.33145         1260.27         813.802         1308.65 
       0.337538         1225.75         783.968         1289.04 
       0.343633         1170.42         754.209         1273.23 
       0.349808         1170.35         725.137         1252.72 
       0.355968         1139.06         698.007         1228.96 
       0.362074         1123.35         673.396         1205.73 
       0.368217         1094.92         651.053         1177.75 
       0.374374         1065.35         630.664         1155.05 
       0.380519         1051.74         611.687         1134.08 
       0.386598         1036.82         593.734         1119.14 
       0.392688         1013.29         576.093         1099.03 
        0.39888         986.095         558.266         1080.83 
       0.405048         983.601         540.636         1062.65 
       0.411186         960.696         523.443         1045.26 
       0.417313         940.975         506.946         1032.01 
       0.423458         928.064         491.257         1012.47 
       0.429607         911.798         476.511         996.142 
       0.435692         896.942         462.871         974.373 
       0.441815         882.207          450.01         971.353 
       0.447964         865.008         437.712         961.022 
       0.454126         852.559         425.821         934.613 
       0.460267         835.473         414.316         932.964 
       0.466387         824.944         403.106         917.372 
        0.47254         810.067         392.064         904.495 
       0.478662         790.584          381.36         891.387 
       0.484765         785.602         371.082         882.092 
       0.490885         773.689         361.225         865.542 
       0.497035         759.255         351.758         858.122 
       0.503198         748.187         342.709         848.092 
       0.509342         743.601         334.099         833.605 
       0.515458         737.328         325.875         827.949 
       0.521598         724.303         317.898         819.807 
       0.527764         708.816         310.109         812.946 
       0.533884         702.189         302.587         804.268 
           0.54         692.544         295.284         794.874 
       0.546137         687.066         288.166         786.409 
       0.552299         673.974         281.241         775.648 
       0.558452         666.117         274.572         769.557 
       0.564573          651.75         268.183         762.401 
       0.570708         650.189         262.019         752.148 
       0.576825          639.81         256.088         743.076 
       0.582926         627.198         250.362         738.298 
       0.589034         624.859           244.8         728.032 
       0.595184         612.631         239.361         720.603 
       0.601379         608.492         234.048         714.925 
       0.607522         606.249         228.943         704.237 
       0.613639         592.612         224.008         701.679 
       0.619772         584.274         219.199         699.531 
       0.625918         580.567         214.523           690.2 
       0.632068         571.939         209.989         686.291 
       0.638161         567.346          205.63         676.345 
         0.6443         556.657         201.363         670.277 
       0.650464         555.729         197.204         662.339 
       0.656582         546.895         193.195         658.243 
       0.662703         541.413         189.299         653.513 
       0.668861         533.744         185.491         650.291 
       0.675024         522.102         181.786         645.456 
       0.681124         521.983         178.221         636.687 
       0.687237         515.577         174.746         631.235 
       0.693381         510.679         171.349         625.446 
       0.699536          503.47         168.039         621.256 
       0.705665         494.892         164.831         613.993 
       0.711789          491.59         161.707         609.356 
       0.717957         483.703         158.644         608.165 
        0.72409          480.89         155.679         602.232 
       0.730186         472.695          152.81         595.922 
       0.736317         466.692         150.001         592.075 
       0.742472         465.116         147.254         588.343 
       0.748622         459.827         144.576          582.11 
        0.75476         453.439         141.968         582.029 
       0.760888         449.164         139.429           575.8 
       0.767043         442.289         136.944         568.615 
       0.773185         440.206         134.528         565.263 
       0.779291         434.704         132.185         560.659 
       0.785407          430.82         129.892         557.459 
       0.791564         424.955         127.639         555.564 
       0.797719         422.326         125.442         550.541 
       0.803834          417.55         123.312         546.859 
       0.809972         413.178         121.224         543.072 
       0.816124         408.186         119.178         537.397 
       0.822261         406.842         117.186         534.604 
       0.828378         398.187         115.246         530.669 
       0.834502         394.962         113.351         528.875 
       0.840667         391.618         111.487         524.891 
       0.846816         388.893         109.669         520.762 
       0.852925         383.715         107.902         517.784 
       0.859047         378.176          106.17         513.104 
       0.865192         375.464          104.47         510.016 
       0.871341         369.968         102.807         506.384 
       0.877463         368.344         101.188         503.432 
       0.883569         363.802           99.61          501.27 
       0.889708         360.454         98.0585         496.524 
       0.895864         356.185         96.5361         493.723 
       0.902008         354.077         95.0488         490.433 
       0.908149          350.11         93.5935         485.377 
       0.914301         346.864         92.1665         481.772 
       0.920448         342.722         90.7712         480.905 
       0.926574         338.927         89.4101         477.962 
       0.932687         336.926         88.0802         473.294 
       0.938823         333.335         86.7728         471.922 
       0.944975         328.545         85.4889         469.073 
       0.951105         324.611         84.2354         465.903 
       0.957225             321          83.009         462.655 
       0.963368         318.936         81.8028         459.815 
       0.969511         314.523         80.6209         456.807 
       0.975621         313.142         79.4694         454.319 
       0.981748         310.383          78.338          451.84 
       0.987916         306.819         77.2216         449.355 
        0.99406         303.644         76.1311         446.431 
        1.00019         300.443         75.0638         442.652 
        1.00632         295.652          74.018         440.061 
        1.01246         293.301         72.9909          437.43 
        1.01859         289.829         71.9852          434.69 
        1.02471         288.768         71.0001         432.302 
        1.03085         284.335         70.0302         430.831 
        1.03698          282.12         69.0805           429.1 
        1.04314         280.098         68.1442         425.571 
        1.04929         277.192          67.227         422.131 
        1.05541         274.437         66.3297         419.711 
        1.06154         271.893         65.4464         417.619 
        1.06769         269.693         64.5783         414.608 
        1.07382         265.589         63.7301         411.904 
        1.07993         263.896         62.9005         410.011 
        1.08607         259.498         62.0832         407.479 
        1.09222         259.107         61.2799         405.191 
        1.09836         255.244         60.4912         403.296 
        1.10449         253.067         59.7167         401.712 
        1.11063         250.844         58.9542         398.537 
        1.11677         248.226         58.2047         396.423 
         1.1229         245.204         57.4691         393.804 
        1.12903         244.106         56.7453          392.03 
        1.13518         240.964         56.0336         388.783 
        1.14131         237.646          55.335         387.644 
        1.14745         237.111         54.6494         384.581 
        1.15359         234.057         53.9759         383.382 
        1.15973         231.878          53.314         381.089 
        1.16584         229.098         52.6667         379.054 
        1.17197          227.39         52.0295         377.377 
        1.17811         224.503         51.4006         374.629 
        1.18424          223.12         50.7833         372.402 
        1.19038         220.153         50.1735          371.22 
        1.19652         217.777         49.5734         368.291 
        1.20267         214.896         48.9833         366.436 
        1.20881         213.465         48.4039         364.926 
        1.21495         212.182         47.8363         362.286 
        1.22108         210.624         47.2789         359.992 
         1.2272         208.142         46.7319         359.043 
        1.23334         206.181         46.1919         356.657 
        1.23949         203.519         45.6581         354.756 
        1.24562         201.998         45.1334         352.657 
        1.25174         200.227         44.6172         351.084 
        1.25789         198.005         44.1075         348.822 
        1.26402         195.456         43.6069         347.609 
        1.27014         194.336         43.1155         345.363 
        1.27628         192.911         42.6304         344.248 
        1.28244         189.621         42.1518         342.606 
        1.28858         188.186         41.6809         340.478 
        1.29471         185.645         41.2183         337.991 
        1.30084         184.163         40.7632         335.917 
        1.30697         183.086         40.3146         334.856 
        1.31312          180.95         39.8726         333.135 
        1.31925         179.705          39.439         331.159 
        1.32537         177.538         39.0126          329.19 
        1.33151         175.931         38.5911         327.926 
        1.33765          174.34         38.1759         326.362 
        1.34378         172.435         37.7675         324.073 
        1.34992         171.393         37.3645         322.575 
        1.35606         169.151         36.9663         320.656 
         1.3622         167.756         36.5745         319.517 
        1.36833         165.955         36.1891         318.305 
        1.37445         164.573         35.8094         315.793 
        1.38059         163.359          35.434         314.721 
        1.38675         161.118         35.0633         313.396 
        1.39288         159.575         34.6997         311.251 
        1.39901         158.101         34.3416         309.548 
        1.40515         156.562          33.988         308.017 
         1.4113          155.24         33.6394         306.267 
        1.41742         153.527         33.2967          304.59 
        1.42355          151.84         32.9578         303.438 
         1.4297         150.616         32.6223         301.328 
        1.43585         149.346         32.2915         300.584 
        1.44198          147.73         31.9668         298.765 
        1.44809         146.576         31.6477         297.196 
        1.45423         145.325         31.3323         295.329 
        1.46036         143.525         31.0223         294.105 
        1.46649         142.051         30.7165         292.844 
        1.47263         141.259         30.4145         291.054 
        1.47877         139.324         30.1163         289.253 
        1.48491         138.059         29.8212         287.663 
        1.49104           136.8         29.5304         286.676 
        1.49718         135.173          29.243         285.836 
        1.50333         133.872         28.9588         283.551 
        1.50947         133.002         28.6791         282.096 
         1.5156         131.679         28.4036         281.309 
        1.52172         130.681          28.132         279.836 
        1.52787          129.12         27.8635         278.436 
          1.534         127.687         27.5991         276.889 
        1.54013         126.879         27.3387         275.619 
        1.54627         125.535         27.0814         274.639 
        1.55241         124.482         26.8275         273.375 
        1.55855         123.206         26.5771         271.725 
        1.56467         121.892         26.3303         270.203 
         1.5708          120.74         26.0858         268.894 
