0.00783031 2694.54
0.013688 4702.89
0.019231 3624.65
0.0249154 3321.2
0.0312784 2913.72
0.0375637 2691.96
0.0433917 2796.79
0.0492413 2825.96
0.0555754 2412.66
0.0619321 2317.8
0.067871 2132.71
0.0738098 2078.92
0.0800417 1911.72
0.0862327 1884.07
0.0921407 1704.78
0.0982031 1649.5
0.104506 1507.54
0.110769 1467.55
0.116806 1397.02
0.122832 1240.06
0.129052 1246.49
0.135211 1160.05
0.141259 1141.82
0.147318 1102.71
0.153489 1066.91
0.159709 1032
0.165845 974.097
0.171974 947.912
0.178125 894.399
0.184229 869.32
0.19034 857.066
0.196428 812.307
0.202534 801.933
0.208729 776.347
0.214876 738.325
0.220989 714.701
0.227147 684.921
0.23329 664.97
0.239377 654.364
0.245482 634.998
0.251667 629.203
0.257832 605.414
0.263955 584.795
0.270079 571.673
0.27624 554.293
0.282372 545.371
0.28843 532.991
0.294538 525.81
0.300721 518.14
0.30691 497.521
0.313033 487.289
0.319153 478.185
0.325316 468.849
0.33145 463.249
0.337538 451.482
0.343633 440.072
0.349808 427.501
0.355968 423.855
0.362074 415.302
0.368217 409.616
0.374374 405.8
0.380519 394.45
0.386598 392.127
0.392688 384.363
0.39888 378.275
0.405048 377.315
0.411186 371.167
0.417313 366.745
0.423458 360.791
0.429607 356.421
0.435692 353.801
0.441815 348.551
0.447964 342.725
0.454126 340.415
0.460267 334.911
0.466387 332.546
0.47254 328.482
0.478662 327.785
0.484765 324.578
0.490885 323.151
0.497035 319.233
0.503198 315.992
0.509342 312.312
0.515458 312.789
0.521598 307.998
0.527764 307.923
0.533884 302.236
0.54 302.173
0.546137 299.227
0.552299 296.471
0.558452 296.314
0.564573 295.938
0.570708 291.841
0.576825 290.193
0.582926 287.339
0.589034 285.682
0.595184 283.276
0.601379 283.844
0.607522 283.941
0.613639 282.871
0.619772 281.803
0.625918 279.206
0.632068 277.512
0.638161 277.386
0.6443 275.415
0.650464 275.964
0.656582 271.77
0.662703 272.519
0.668861 271.689
0.675024 272.093
0.681124 268.181
0.687237 268.704
0.693381 268.555
0.699536 267.796
0.705665 264.874
0.711789 265.047
0.717957 264.587
0.72409 263.325
0.730186 262.641
0.736317 261.917
0.742472 261.931
0.748622 259.875
0.75476 259.485
0.760888 257.183
0.767043 258.843
0.773185 257.054
0.779291 256.545
0.785407 256.351
0.791564 255.193
0.797719 254.833
0.803834 255.347
0.809972 252.82
0.816124 253.223
0.822261 250.952
0.828378 252.111
0.834502 251.214
0.840667 250.369
0.846816 250.158
0.852925 249.845
0.859047 247.624
0.865192 248.037
0.871341 247.301
0.877463 247.256
0.883569 246.47
0.889708 246.405
0.895864 245.816
0.902008 244.361
0.908149 244.612
0.914301 244.57
0.920448 244.529
0.926574 243.381
0.932687 242.091
0.938823 242.286
0.944975 240.98
0.951105 240.788
0.957225 241.252
0.963368 241.761
0.969511 240.287
0.975621 239.912
0.981748 239.787
0.987916 238.481
0.99406 237.388
1.00019 237.501
1.00632 237.807
1.01246 237.591
1.01859 236.869
1.02471 235.707
1.03085 235.333
1.03698 235.368
1.04314 233.475
1.04929 234.032
1.05541 233.039
1.06154 232.765
1.06769 233.271
1.07382 232.641
1.07993 232.604
1.08607 231.349
1.09222 230.632
1.09836 230.048
1.10449 230.443
1.11063 230.294
1.11677 228.757
1.1229 228.523
1.12903 227.998
1.13518 227.85
1.14131 227.562
1.14745 227.521
1.15359 227.536
1.15973 226.025
1.16584 225.704
1.17197 225.319
1.17811 223.944
1.18424 225.63
1.19038 224.039
1.19652 223.955
1.20267 223.72
1.20881 222.692
1.21495 222.792
1.22108 223.027
1.2272 222.087
1.23334 221.296
1.23949 220.82
1.24562 220.022
1.25174 220.41
1.25789 219.878
1.26402 220.171
1.27014 219.267
1.27628 218.285
1.28244 218.323
1.28858 217.632
1.29471 217.219
1.30084 216.852
1.30697 216.274
1.31312 216.103
1.31925 215.869
1.32537 215.487
1.33151 215.068
1.33765 214.508
1.34378 214.201
1.34992 213.92
1.35606 213.639
1.3622 212.943
1.36833 212.871
1.37445 212.364
1.38059 211.902
1.38675 211.88
1.39288 210.918
1.39901 210.735
1.40515 210.65
1.4113 210.516
1.41742 210.246
1.42355 209.427
1.4297 209.1
1.43585 209.142
1.44198 208.442
1.44809 208.076
1.45423 207.72
1.46036 207.312
1.46649 207.466
1.47263 207.355
1.47877 206.458
1.48491 205.826
1.49104 205.791
1.49718 205.57
1.50333 205.877
1.50947 205.404
1.5156 204.365
1.52172 203.979
1.52787 203.455
1.534 204.251
1.54013 203.434
1.54627 202.946
1.55241 202.699
1.55855 202.213
1.56467 202.233
1.5708 201.576
