0.00783031 -117.787
0.013688 -132.922
0.019231 -150.783
0.0249154 -147.226
0.0312784 -134.449
0.0375637 -110.127
0.0433917 -116.244
0.0492413 -112.31
0.0555754 -109.43
0.0619321 -112.939
0.067871 -117.509
0.0738098 -117.874
0.0800417 -118.341
0.0862327 -104.544
0.0921407 -107.215
0.0982031 -103.597
0.104506 -99.77
0.110769 -99.9603
0.116806 -106.698
0.122832 -107.093
0.129052 -106.461
0.135211 -108.074
0.141259 -106.454
0.147318 -105.745
0.153489 -103.583
0.159709 -103.512
0.165845 -104.786
0.171974 -103.026
0.178125 -102.87
0.184229 -108.28
0.19034 -106.301
0.196428 -109.141
0.202534 -104.475
0.208729 -108.216
0.214876 -105.138
0.220989 -106.434
0.227147 -104.062
0.23329 -105.245
0.239377 -104.75
0.245482 -104.175
0.251667 -104.008
0.257832 -104.751
0.263955 -104.934
0.270079 -102.807
0.27624 -104.118
0.282372 -104.191
0.28843 -104.696
0.294538 -104.253
0.300721 -102.763
0.30691 -105.817
0.313033 -105.684
0.319153 -104.007
0.325316 -104.362
0.33145 -102.29
0.337538 -102.326
0.343633 -103.526
0.349808 -102.796
0.355968 -104.021
0.362074 -104.236
0.368217 -103.249
0.374374 -100.483
0.380519 -102.525
0.386598 -100.502
0.392688 -102.123
0.39888 -101.978
0.405048 -103.243
0.411186 -104.624
0.417313 -103.673
0.423458 -102.497
0.429607 -101.693
0.435692 -101.242
0.441815 -102.133
0.447964 -101.048
0.454126 -100.95
0.460267 -102.286
0.466387 -101.531
0.47254 -100.982
0.478662 -101.315
0.484765 -98.4309
0.490885 -100.226
0.497035 -99.8001
0.503198 -100.851
0.509342 -100.635
0.515458 -97.7653
0.521598 -99.9865
0.527764 -98.147
0.533884 -99.3378
0.54 -99.1655
0.546137 -99.3901
0.552299 -99.0626
0.558452 -99.5716
0.564573 -98.9074
0.570708 -97.9032
0.576825 -98.1286
0.582926 -96.849
0.589034 -98.2794
0.595184 -98.4408
0.601379 -98.7725
0.607522 -96.8083
0.613639 -97.61
0.619772 -97.4393
0.625918 -96.7005
0.632068 -96.8455
0.638161 -95.7634
0.6443 -96.8765
0.650464 -98.1828
0.656582 -95.2526
0.662703 -96.7391
0.668861 -97.2431
0.675024 -95.5907
0.681124 -95.2743
0.687237 -94.9594
0.693381 -95.1311
0.699536 -94.162
0.705665 -93.7511
0.711789 -94.5018
0.717957 -95.7099
0.72409 -94.6909
0.730186 -94.5017
0.736317 -93.4591
0.742472 -93.6402
0.748622 -93.5969
0.75476 -92.9928
0.760888 -93.5908
0.767043 -92.7367
0.773185 -92.7818
0.779291 -92.6919
0.785407 -92.9165
0.791564 -92.2827
0.797719 -92.1211
0.803834 -91.3123
0.809972 -92.6063
0.816124 -90.7627
0.822261 -91.8445
0.828378 -91.2187
0.834502 -90.2604
0.840667 -89.8851
0.846816 -90.9203
0.852925 -91.8787
0.859047 -90.9416
0.865192 -90.5084
0.871341 -89.4042
0.877463 -89.4996
0.883569 -89.7149
0.889708 -89.7499
0.895864 -88.3722
0.902008 -88.0473
0.908149 -89.3606
0.914301 -88.0013
0.920448 -87.6183
0.926574 -88.8429
0.932687 -87.4095
0.938823 -88.1276
0.944975 -87.269
0.951105 -87.3525
0.957225 -86.2278
0.963368 -86.6759
0.969511 -87.0939
0.975621 -86.2822
0.981748 -86.297
0.987916 -86.0765
0.99406 -85.6963
1.00019 -85.6094
1.00632 -85.8997
1.01246 -85.9168
1.01859 -84.8558
1.02471 -84.7248
1.03085 -85.1966
1.03698 -84.4609
1.04314 -84.0276
1.04929 -83.7213
1.05541 -83.8695
1.06154 -83.8024
1.06769 -83.2649
1.07382 -82.9097
1.07993 -82.4668
1.08607 -82.5666
1.09222 -82.2099
1.09836 -83.3593
1.10449 -81.668
1.11063 -81.2608
1.11677 -81.7524
1.1229 -81.6517
1.12903 -81.4252
1.13518 -80.3882
1.14131 -81.2565
1.14745 -80.9027
1.15359 -80.3558
1.15973 -80.4403
1.16584 -79.6811
1.17197 -79.5042
1.17811 -79.4384
1.18424 -79.9727
1.19038 -79.426
1.19652 -79.4199
1.20267 -79.0079
1.20881 -77.8465
1.21495 -78.5283
1.22108 -77.856
1.2272 -78.7581
1.23334 -77.7682
1.23949 -77.5948
1.24562 -77.3372
1.25174 -76.85
1.25789 -76.7592
1.26402 -77.3646
1.27014 -76.5441
1.27628 -76.6914
1.28244 -76.308
1.28858 -75.8011
1.29471 -75.6783
1.30084 -75.323
1.30697 -75.2701
1.31312 -74.9869
1.31925 -74.0748
1.32537 -74.5432
1.33151 -74.1951
1.33765 -73.9889
1.34378 -74.3036
1.34992 -73.8287
1.35606 -73.6747
1.3622 -73.778
1.36833 -73.129
1.37445 -72.7447
1.38059 -72.7847
1.38675 -72.2941
1.39288 -72.8019
1.39901 -72.5707
1.40515 -71.9057
1.4113 -71.7269
1.41742 -71.4558
1.42355 -71.316
1.4297 -71.0227
1.43585 -71.0077
1.44198 -71.0147
1.44809 -70.3711
1.45423 -70.6798
1.46036 -69.9121
1.46649 -70.1835
1.47263 -69.6782
1.47877 -69.1553
1.48491 -69.2338
1.49104 -68.8275
1.49718 -69.2382
1.50333 -68.4799
1.50947 -68.5198
1.5156 -68.2219
1.52172 -67.9094
1.52787 -68.2502
1.534 -67.5051
1.54013 -67.2844
1.54627 -67.0999
1.55241 -67.0801
1.55855 -66.6588
1.56467 -66.6965
1.5708 -65.8668
