0.00783031 8486.69
0.013688 11193.3
0.019231 8653.36
0.0249154 9613.22
0.0312784 12287.9
0.0375637 9807.92
0.0433917 8910.96
0.0492413 9212.04
0.0555754 8765.96
0.0619321 9172.35
0.067871 8880
0.0738098 8276.34
0.0800417 8576.22
0.0862327 8492.2
0.0921407 8063.11
0.0982031 7913.42
0.104506 7796.71
0.110769 7794.68
0.116806 7943.72
0.122832 7546.47
0.129052 7256.66
0.135211 7152.87
0.141259 7175.2
0.147318 7008.4
0.153489 6753.13
0.159709 6547.63
0.165845 6807.99
0.171974 6700.86
0.178125 6495.7
0.184229 6359.87
0.19034 6356.18
0.196428 6307.17
0.202534 5961.4
0.208729 6070.57
0.214876 5920.2
0.220989 5888.42
0.227147 5795.32
0.23329 5842.36
0.239377 5674.66
0.245482 5648.81
0.251667 5629.69
0.257832 5557.34
0.263955 5469.92
0.270079 5450.66
0.27624 5324.9
0.282372 5289.29
0.28843 5269.17
0.294538 5271.79
0.300721 5121.06
0.30691 5175.79
0.313033 5135.57
0.319153 4995.21
0.325316 5024.2
0.33145 5004.74
0.337538 4932.4
0.343633 4908.93
0.349808 4833.47
0.355968 4886.48
0.362074 4749.96
0.368217 4754.08
0.374374 4725.41
0.380519 4672.92
0.386598 4556.75
0.392688 4586.12
0.39888 4536.98
0.405048 4543.76
0.411186 4513.4
0.417313 4457.52
0.423458 4427.03
0.429607 4391.59
0.435692 4428.85
0.441815 4361.87
0.447964 4344.64
0.454126 4295.59
0.460267 4279.35
0.466387 4219.14
0.47254 4171.5
0.478662 4173.7
0.484765 4135.94
0.490885 4167.29
0.497035 4149.22
0.503198 4094.16
0.509342 4102.16
0.515458 4046.68
0.521598 4005.04
0.527764 4017
0.533884 3980.01
0.54 3946.84
0.546137 3923.94
0.552299 3941.77
0.558452 3918.18
0.564573 3902.11
0.570708 3857.18
0.576825 3829.73
0.582926 3811.86
0.589034 3786.74
0.595184 3784.4
0.601379 3744.65
0.607522 3737.56
0.613639 3718.96
0.619772 3737.79
0.625918 3669.06
0.632068 3667.73
0.638161 3661.76
0.6443 3642.84
0.650464 3650.66
0.656582 3612.37
0.662703 3582.8
0.668861 3571.28
0.675024 3543.09
0.681124 3518.09
0.687237 3498.9
0.693381 3484.03
0.699536 3506.92
0.705665 3463.54
0.711789 3449.96
0.717957 3438.16
0.72409 3425.57
0.730186 3390.81
0.736317 3363.48
0.742472 3391.27
0.748622 3350.11
0.75476 3339.43
0.760888 3326.33
0.767043 3317.9
0.773185 3320.5
0.779291 3278.84
0.785407 3278.87
0.791564 3286.21
0.797719 3246.98
0.803834 3237.91
0.809972 3205.93
0.816124 3223.2
0.822261 3194.43
0.828378 3183.12
0.834502 3160.62
0.840667 3169.14
0.846816 3151.69
0.852925 3137.37
0.859047 3128.77
0.865192 3118.47
0.871341 3096.07
0.877463 3074.8
0.883569 3086.82
0.889708 3064.46
0.895864 3040.85
0.902008 3046.19
0.908149 3039.94
0.914301 3014.26
0.920448 3014.34
0.926574 2991.59
0.932687 2976.73
0.938823 2978.39
0.944975 2969.49
0.951105 2953.74
0.957225 2948.34
0.963368 2932.12
0.969511 2927.98
0.975621 2913.48
0.981748 2906.31
0.987916 2893.16
0.99406 2880.98
1.00019 2878
1.00632 2862.15
1.01246 2835.07
1.01859 2839.31
1.02471 2842.17
1.03085 2832.08
1.03698 2815.84
1.04314 2803.54
1.04929 2771.86
1.05541 2775.78
1.06154 2765.34
1.06769 2766.91
1.07382 2739.84
1.07993 2752.22
1.08607 2734.11
1.09222 2728.49
1.09836 2720.44
1.10449 2715.21
1.11063 2692.51
1.11677 2695.21
1.1229 2670.75
1.12903 2669.33
1.13518 2659.68
1.14131 2643.16
1.14745 2646.61
1.15359 2629.06
1.15973 2623.78
1.16584 2620.49
1.17197 2606.89
1.17811 2600.77
1.18424 2587.44
1.19038 2583.46
1.19652 2572.38
1.20267 2583.94
1.20881 2567.52
1.21495 2555.35
1.22108 2546.58
1.2272 2532.05
1.23334 2527.03
1.23949 2521.92
1.24562 2523.72
1.25174 2512.12
1.25789 2493.83
1.26402 2496.47
1.27014 2485.63
1.27628 2479.49
1.28244 2466.53
1.28858 2463.09
1.29471 2455.98
1.30084 2454.88
1.30697 2441.66
1.31312 2439.48
1.31925 2427.87
1.32537 2421.54
1.33151 2415.24
1.33765 2410.5
1.34378 2404.5
1.34992 2394.03
1.35606 2391.9
1.3622 2389.8
1.36833 2372.61
1.37445 2365.31
1.38059 2355.99
1.38675 2359.91
1.39288 2352.66
1.39901 2343.83
1.40515 2332.69
1.4113 2334.16
1.41742 2328.04
1.42355 2318.39
1.4297 2305.15
1.43585 2305.08
1.44198 2296.08
1.44809 2289.61
1.45423 2289.28
1.46036 2277.07
1.46649 2266.64
1.47263 2265.99
1.47877 2252.97
1.48491 2255.82
1.49104 2242.68
1.49718 2231.93
1.50333 2229.22
1.50947 2226.7
1.5156 2213.54
1.52172 2211.77
1.52787 2211.44
1.534 2200.34
1.54013 2202.69
1.54627 2190.13
1.55241 2186.31
1.55855 2180.83
1.56467 2174.6
1.5708 2162.96
