0.00783031 2.22076
0.013688 -2002.19
0.019231 -484.986
0.0249154 -481.74
0.0312784 66.6138
0.0375637 -109.349
0.0433917 -238.161
0.0492413 -266.615
0.0555754 -245.472
0.0619321 60.2136
0.067871 -360.281
0.0738098 -218.765
0.0800417 -218.113
0.0862327 -112.876
0.0921407 -154.813
0.0982031 -187.959
0.104506 -186.418
0.110769 -118.737
0.116806 -186.34
0.122832 -184.028
0.129052 -152.16
0.135211 -210.074
0.141259 -172.989
0.147318 -207.107
0.153489 -170.983
0.159709 -153.871
0.165845 -149.284
0.171974 -186.816
0.178125 -177.987
0.184229 -163.583
0.19034 -170.666
0.196428 -137.991
0.202534 -152.518
0.208729 -143.969
0.214876 -147.609
0.220989 -155.642
0.227147 -147.33
0.23329 -129.049
0.239377 -141.393
0.245482 -139.429
0.251667 -134.639
0.257832 -127.766
0.263955 -121.819
0.270079 -132.506
0.27624 -129.376
0.282372 -124.378
0.28843 -124.55
0.294538 -119.397
0.300721 -114.515
0.30691 -120.98
0.313033 -106.647
0.319153 -118.474
0.325316 -107.782
0.33145 -94.0203
0.337538 -106.801
0.343633 -105.047
0.349808 -99.9746
0.355968 -88.4533
0.362074 -103.265
0.368217 -100.185
0.374374 -103.105
0.380519 -89.9164
0.386598 -97.5859
0.392688 -91.1253
0.39888 -87.3946
0.405048 -87.2815
0.411186 -87.4509
0.417313 -81.8562
0.423458 -79.9722
0.429607 -84.2119
0.435692 -80.5943
0.441815 -78.4539
0.447964 -78.7064
0.454126 -73.4694
0.460267 -72.6722
0.466387 -75.5733
0.47254 -73.2488
0.478662 -75.4146
0.484765 -71.1514
0.490885 -73.2916
0.497035 -68.0329
0.503198 -66.4636
0.509342 -66.2758
0.515458 -67.2442
0.521598 -65.633
0.527764 -66.0399
0.533884 -66.7469
0.54 -64.4483
0.546137 -62.4797
0.552299 -59.719
0.558452 -58.898
0.564573 -58.9833
0.570708 -58.4178
0.576825 -57.7577
0.582926 -59.7693
0.589034 -57.0807
0.595184 -55.244
0.601379 -54.6729
0.607522 -55.8312
0.613639 -54.9738
0.619772 -54.8576
0.625918 -53.372
0.632068 -52.9179
0.638161 -51.6516
0.6443 -49.4817
0.650464 -49.6156
0.656582 -49.4794
0.662703 -48.8543
0.668861 -48.5334
0.675024 -48.1748
0.681124 -47.5947
0.687237 -47.318
0.693381 -46.9217
0.699536 -45.1783
0.705665 -45.0837
0.711789 -43.7524
0.717957 -44.0218
0.72409 -42.9167
0.730186 -42.2966
0.736317 -43.0562
0.742472 -41.9196
0.748622 -41.2448
0.75476 -41.3168
0.760888 -41.3021
0.767043 -40.9439
0.773185 -39.7392
0.779291 -39.8512
0.785407 -39.5654
0.791564 -38.1939
0.797719 -38.3067
0.803834 -38.512
0.809972 -37.6438
0.816124 -37.3947
0.822261 -36.6095
0.828378 -35.985
0.834502 -36.6323
0.840667 -36.2263
0.846816 -36.0156
0.852925 -35.2891
0.859047 -34.7559
0.865192 -34.5409
0.871341 -34.1197
0.877463 -33.338
0.883569 -33.4555
0.889708 -33.4607
0.895864 -32.09
0.902008 -32.8991
0.908149 -32.3629
0.914301 -31.8626
0.920448 -32.0648
0.926574 -31.4237
0.932687 -30.9103
0.938823 -30.5957
0.944975 -30.6537
0.951105 -30.5931
0.957225 -29.6885
0.963368 -29.8001
0.969511 -29.5639
0.975621 -29.3732
0.981748 -28.9227
0.987916 -28.9547
0.99406 -28.0462
1.00019 -28.266
1.00632 -27.8691
1.01246 -27.9117
1.01859 -27.2385
1.02471 -27.1169
1.03085 -26.7621
1.03698 -26.4401
1.04314 -26.521
1.04929 -26.0921
1.05541 -25.8467
1.06154 -25.7769
1.06769 -25.7664
1.07382 -24.9764
1.07993 -25.1313
1.08607 -24.614
1.09222 -24.852
1.09836 -24.5735
1.10449 -24.0384
1.11063 -23.9068
1.11677 -24.2116
1.1229 -23.5894
1.12903 -23.4179
1.13518 -23.3106
1.14131 -23.0018
1.14745 -22.6015
1.15359 -22.4696
1.15973 -22.2174
1.16584 -21.9337
1.17197 -21.8652
1.17811 -21.5233
1.18424 -21.5762
1.19038 -21.1053
1.19652 -21.2643
1.20267 -20.9515
1.20881 -20.6975
1.21495 -20.6613
1.22108 -20.2387
1.2272 -20.0979
1.23334 -20.2567
1.23949 -19.9622
1.24562 -19.6649
1.25174 -19.851
1.25789 -19.3391
1.26402 -19.3587
1.27014 -19.0133
1.27628 -19.1054
1.28244 -18.8193
1.28858 -18.6718
1.29471 -18.4595
1.30084 -18.0882
1.30697 -17.9442
1.31312 -18.0772
1.31925 -17.6214
1.32537 -17.7156
1.33151 -17.4431
1.33765 -17.3795
1.34378 -17.2512
1.34992 -17.0558
1.35606 -17.0736
1.3622 -16.8986
1.36833 -16.6288
1.37445 -16.6667
1.38059 -16.5232
1.38675 -16.2666
1.39288 -16.1205
1.39901 -15.9039
1.40515 -15.6809
1.4113 -15.6669
1.41742 -15.5927
1.42355 -15.4471
1.4297 -15.2961
1.43585 -14.897
1.44198 -15.0103
1.44809 -15.061
1.45423 -14.8346
1.46036 -14.4958
1.46649 -14.4418
1.47263 -14.4281
1.47877 -14.2929
1.48491 -14.1466
1.49104 -13.8959
1.49718 -13.9672
1.50333 -13.749
1.50947 -13.6625
1.5156 -13.5478
1.52172 -13.3554
1.52787 -13.3974
1.534 -13.3446
1.54013 -13.0037
1.54627 -12.9167
1.55241 -12.9293
1.55855 -12.9063
1.56467 -12.6767
1.5708 -12.6315
