0.00783031 -4237.49
0.013688 -1372.12
0.019231 -91.7482
0.0249154 -291.964
0.0312784 29.2798
0.0375637 -94.095
0.0433917 123.3
0.0492413 -24.0277
0.0555754 9.39882
0.0619321 -86.6954
0.067871 -269.446
0.0738098 -12.6478
0.0800417 -131.687
0.0862327 -115.653
0.0921407 -102.91
0.0982031 -175.883
0.104506 -165.262
0.110769 -156.923
0.116806 -139.195
0.122832 -156.147
0.129052 -150.306
0.135211 -146.874
0.141259 -134.114
0.147318 -112.818
0.153489 -105.431
0.159709 -149.452
0.165845 -205.025
0.171974 -151.955
0.178125 -171.3
0.184229 -162.868
0.19034 -122.228
0.196428 -131.353
0.202534 -153.754
0.208729 -130.372
0.214876 -135.337
0.220989 -146.735
0.227147 -140.287
0.23329 -135.59
0.239377 -116.175
0.245482 -126.873
0.251667 -128.109
0.257832 -128.819
0.263955 -138.864
0.270079 -126.86
0.27624 -129.867
0.282372 -113.558
0.28843 -116.686
0.294538 -127.484
0.300721 -122.458
0.30691 -112.879
0.313033 -118.34
0.319153 -115.785
0.325316 -112.39
0.33145 -114.845
0.337538 -104.313
0.343633 -107.011
0.349808 -104.16
0.355968 -109.032
0.362074 -106.041
0.368217 -102.183
0.374374 -106.098
0.380519 -102.799
0.386598 -103.872
0.392688 -102.848
0.39888 -97.7743
0.405048 -98.9417
0.411186 -104.423
0.417313 -101.034
0.423458 -94.5639
0.429607 -94.8517
0.435692 -97.8506
0.441815 -97.5575
0.447964 -96.0896
0.454126 -96.7484
0.460267 -98.7195
0.466387 -91.3486
0.47254 -92.781
0.478662 -89.7616
0.484765 -84.1349
0.490885 -93.7545
0.497035 -88.2473
0.503198 -88.2802
0.509342 -84.2386
0.515458 -88.7212
0.521598 -85.7447
0.527764 -86.6297
0.533884 -90.2155
0.54 -86.5812
0.546137 -86.2826
0.552299 -85.2169
0.558452 -84.3791
0.564573 -88.8273
0.570708 -86.2661
0.576825 -85.5116
0.582926 -81.8753
0.589034 -81.1733
0.595184 -84.6195
0.601379 -81.5656
0.607522 -82.0716
0.613639 -81.8287
0.619772 -80.9838
0.625918 -79.8367
0.632068 -78.3519
0.638161 -80.6596
0.6443 -80.531
0.650464 -81.5241
0.656582 -78.5129
0.662703 -79.7761
0.668861 -78.1005
0.675024 -77.1832
0.681124 -78.467
0.687237 -75.9303
0.693381 -76.6679
0.699536 -77.9211
0.705665 -78.2583
0.711789 -76.6949
0.717957 -76.1726
0.72409 -76.8449
0.730186 -78.0625
0.736317 -75.2987
0.742472 -74.0474
0.748622 -75.7688
0.75476 -74.3322
0.760888 -74.3415
0.767043 -73.7848
0.773185 -73.5184
0.779291 -72.2816
0.785407 -73.0303
0.791564 -73.5637
0.797719 -73.6085
0.803834 -72.3713
0.809972 -71.2644
0.816124 -70.6416
0.822261 -71.7543
0.828378 -71.2257
0.834502 -71.0982
0.840667 -72.0717
0.846816 -70.3998
0.852925 -69.6629
0.859047 -68.7425
0.865192 -70.2947
0.871341 -70.29
0.877463 -69.549
0.883569 -69.2741
0.889708 -68.884
0.895864 -68.9525
0.902008 -68.3954
0.908149 -68.8425
0.914301 -68.0212
0.920448 -67.723
0.926574 -68.4591
0.932687 -67.1482
0.938823 -67.1445
0.944975 -68.0375
0.951105 -67.3919
0.957225 -66.7974
0.963368 -65.739
0.969511 -66.1838
0.975621 -65.3883
0.981748 -65.8275
0.987916 -65.3602
0.99406 -65.222
1.00019 -65.463
1.00632 -65.0658
1.01246 -64.758
1.01859 -65.3586
1.02471 -65.6631
1.03085 -64.5714
1.03698 -63.8896
1.04314 -63.8069
1.04929 -63.5257
1.05541 -63.2951
1.06154 -63.0148
1.06769 -62.8334
1.07382 -62.3154
1.07993 -62.2871
1.08607 -62.2682
1.09222 -62.8103
1.09836 -62.1339
1.10449 -61.6253
1.11063 -61.7086
1.11677 -61.1566
1.1229 -62.3601
1.12903 -61.8845
1.13518 -61.0544
1.14131 -60.8048
1.14745 -60.7734
1.15359 -60.8014
1.15973 -60.961
1.16584 -60.0569
1.17197 -59.7196
1.17811 -60.413
1.18424 -59.5491
1.19038 -60.0594
1.19652 -59.0127
1.20267 -59.3029
1.20881 -58.8731
1.21495 -58.2977
1.22108 -58.2535
1.2272 -58.8469
1.23334 -58.6222
1.23949 -57.8165
1.24562 -58.3524
1.25174 -57.4146
1.25789 -56.7843
1.26402 -57.3856
1.27014 -57.324
1.27628 -56.5992
1.28244 -56.6435
1.28858 -56.7274
1.29471 -56.492
1.30084 -56.2619
1.30697 -56.6237
1.31312 -55.7572
1.31925 -56.0709
1.32537 -55.572
1.33151 -55.5827
1.33765 -55.1148
1.34378 -55.3409
1.34992 -54.8911
1.35606 -54.6618
1.3622 -55.0061
1.36833 -54.2986
1.37445 -54.2564
1.38059 -53.9709
1.38675 -54.2492
1.39288 -53.3187
1.39901 -52.9704
1.40515 -53.3085
1.4113 -53.3005
1.41742 -53.2336
1.42355 -53.2304
1.4297 -52.7602
1.43585 -52.5045
1.44198 -52.0579
1.44809 -52.2304
1.45423 -51.7564
1.46036 -51.778
1.46649 -51.2855
1.47263 -51.5579
1.47877 -51.0694
1.48491 -51.4425
1.49104 -50.7063
1.49718 -50.7638
1.50333 -50.5536
1.50947 -49.992
1.5156 -50.1549
1.52172 -49.9393
1.52787 -49.7461
1.534 -50.0532
1.54013 -49.762
1.54627 -49.8853
1.55241 -49.1286
1.55855 -48.8789
1.56467 -48.7832
1.5708 -48.5998
