0.00783031 12540.9
0.013688 11023.2
0.019231 8703.85
0.0249154 10142.9
0.0312784 9510.24
0.0375637 8116.07
0.0433917 9282.89
0.0492413 9183.57
0.0555754 8523.05
0.0619321 8969.26
0.067871 8135.17
0.0738098 8843.68
0.0800417 8584.91
0.0862327 8525.93
0.0921407 8208.49
0.0982031 7696.65
0.104506 7691.62
0.110769 7765.95
0.116806 7520
0.122832 7272.9
0.129052 7257
0.135211 7138.84
0.141259 6975.05
0.147318 6972.29
0.153489 6796.59
0.159709 6637.08
0.165845 6451.28
0.171974 6415.67
0.178125 6321.66
0.184229 6229.31
0.19034 6256.57
0.196428 6124.58
0.202534 5894.49
0.208729 5952.52
0.214876 5751.3
0.220989 5715.94
0.227147 5767.29
0.23329 5621.03
0.239377 5538.84
0.245482 5472.78
0.251667 5400.53
0.257832 5402.29
0.263955 5303.98
0.270079 5291.2
0.27624 5217.24
0.282372 5244.84
0.28843 5106.37
0.294538 5108.96
0.300721 5027.2
0.30691 4969.88
0.313033 4994.07
0.319153 4910.02
0.325316 4896.14
0.33145 4817.98
0.337538 4750.34
0.343633 4742.32
0.349808 4709.56
0.355968 4650.83
0.362074 4680.79
0.368217 4587.7
0.374374 4544.47
0.380519 4555.2
0.386598 4526.35
0.392688 4486.09
0.39888 4496
0.405048 4445.57
0.411186 4371.84
0.417313 4389.68
0.423458 4382.8
0.429607 4323.99
0.435692 4355.63
0.441815 4312.18
0.447964 4304.74
0.454126 4281.57
0.460267 4172.31
0.466387 4180.77
0.47254 4141.08
0.478662 4135.81
0.484765 4170.67
0.490885 4127
0.497035 4100.84
0.503198 4073.51
0.509342 4096.84
0.515458 4015.85
0.521598 4038.77
0.527764 4023.79
0.533884 3970.99
0.54 3987.43
0.546137 3966.43
0.552299 3973.97
0.558452 3929.08
0.564573 3903.03
0.570708 3903.21
0.576825 3887.54
0.582926 3882.25
0.589034 3857.13
0.595184 3863.17
0.601379 3843.06
0.607522 3820.08
0.613639 3806.89
0.619772 3811.3
0.625918 3810.18
0.632068 3785.82
0.638161 3742.64
0.6443 3756.02
0.650464 3754.69
0.656582 3735.1
0.662703 3717.31
0.668861 3728.02
0.675024 3727.23
0.681124 3689.76
0.687237 3682.28
0.693381 3672.09
0.699536 3663.53
0.705665 3669.1
0.711789 3638.19
0.717957 3629.02
0.72409 3640.02
0.730186 3605.17
0.736317 3587.71
0.742472 3578.59
0.748622 3585.44
0.75476 3565.37
0.760888 3551.8
0.767043 3559.94
0.773185 3515.11
0.779291 3531.25
0.785407 3511.82
0.791564 3507.9
0.797719 3503.95
0.803834 3497.36
0.809972 3487.37
0.816124 3472.68
0.822261 3491.1
0.828378 3470.75
0.834502 3448.14
0.840667 3463.12
0.846816 3449.43
0.852925 3444.44
0.859047 3448.39
0.865192 3419.54
0.871341 3429.46
0.877463 3407.35
0.883569 3413.78
0.889708 3387.59
0.895864 3386.43
0.902008 3376.76
0.908149 3376.3
0.914301 3366.74
0.920448 3372.32
0.926574 3356.78
0.932687 3348.58
0.938823 3341.5
0.944975 3334.99
0.951105 3319.55
0.957225 3315.81
0.963368 3320.14
0.969511 3307.48
0.975621 3306.8
0.981748 3288.5
0.987916 3267.94
0.99406 3285.63
1.00019 3267.35
1.00632 3267.34
1.01246 3256.08
1.01859 3260.55
1.02471 3225.71
1.03085 3239.21
1.03698 3239.63
1.04314 3231.32
1.04929 3208.04
1.05541 3214.17
1.06154 3205.52
1.06769 3189.78
1.07382 3188.39
1.07993 3183.44
1.08607 3193.68
1.09222 3186.54
1.09836 3177.01
1.10449 3168.02
1.11063 3154.65
1.11677 3167.21
1.1229 3146.03
1.12903 3142.73
1.13518 3138.54
1.14131 3126.53
1.14745 3130.98
1.15359 3123.87
1.15973 3104.29
1.16584 3105.38
1.17197 3112.78
1.17811 3085.33
1.18424 3099.31
1.19038 3092
1.19652 3081.74
1.20267 3071.87
1.20881 3072.33
1.21495 3065.83
1.22108 3064.91
1.2272 3062.52
1.23334 3044.64
1.23949 3041.02
1.24562 3025.46
1.25174 3032.11
1.25789 3015.19
1.26402 3016.31
1.27014 3011.18
1.27628 3008.3
1.28244 3002.68
1.28858 2993.18
1.29471 2993.79
1.30084 2985.17
1.30697 2979.25
1.31312 2978.48
1.31925 2967.91
1.32537 2959.11
1.33151 2958.5
1.33765 2951.39
1.34378 2950.06
1.34992 2944.03
1.35606 2938.14
1.3622 2932.86
1.36833 2942.52
1.37445 2920.32
1.38059 2918.91
1.38675 2910.57
1.39288 2903.84
1.39901 2901.19
1.40515 2896.68
1.4113 2897.85
1.41742 2881.03
1.42355 2880.38
1.4297 2873.01
1.43585 2867.55
1.44198 2869.2
1.44809 2859.19
1.45423 2857.03
1.46036 2844.78
1.46649 2845.58
1.47263 2842.67
1.47877 2843.53
1.48491 2824.31
1.49104 2832.1
1.49718 2831.48
1.50333 2815.96
1.50947 2815.93
1.5156 2801.31
1.52172 2808.14
1.52787 2802.76
1.534 2798.74
1.54013 2787.71
1.54627 2782.22
1.55241 2787.3
1.55855 2781.3
1.56467 2772.64
1.5708 2770.37
