0.00783031 20413.4
0.013688 24970.9
0.019231 25083.8
0.0249154 23616.6
0.0312784 19741.9
0.0375637 16655
0.0433917 15290.9
0.0492413 13614.2
0.0555754 12473.4
0.0619321 11644.6
0.067871 10883.9
0.0738098 9920.59
0.0800417 9089.37
0.0862327 7945.31
0.0921407 7173.32
0.0982031 6627.93
0.104506 6052.03
0.110769 5962.86
0.116806 5435.02
0.122832 5127.71
0.129052 4910.59
0.135211 4615.07
0.141259 4286.73
0.147318 4083.4
0.153489 4001.55
0.159709 3820.9
0.165845 3528.19
0.171974 3451.02
0.178125 3305.53
0.184229 3194.31
0.19034 3089.94
0.196428 3017.8
0.202534 2839.48
0.208729 2763.65
0.214876 2687.86
0.220989 2630.31
0.227147 2525.62
0.23329 2389.24
0.239377 2354.52
0.245482 2344.01
0.251667 2281.14
0.257832 2180.55
0.263955 2180.54
0.270079 2117.87
0.27624 2038.66
0.282372 2008.9
0.28843 1961.62
0.294538 1913.67
0.300721 1870.83
0.30691 1862.75
0.313033 1806.51
0.319153 1783.14
0.325316 1751.76
0.33145 1746.17
0.337538 1665.37
0.343633 1674.31
0.349808 1625.74
0.355968 1606.75
0.362074 1585.49
0.368217 1539.24
0.374374 1528.41
0.380519 1509.64
0.386598 1490.22
0.392688 1467.25
0.39888 1448.58
0.405048 1432.42
0.411186 1396.07
0.417313 1394.81
0.423458 1377.21
0.429607 1355.75
0.435692 1351.99
0.441815 1323.54
0.447964 1312.79
0.454126 1301.29
0.460267 1287.37
0.466387 1258.78
0.47254 1252.28
0.478662 1226.64
0.484765 1217.42
0.490885 1214.09
0.497035 1196.55
0.503198 1179.96
0.509342 1176.86
0.515458 1157.39
0.521598 1155.91
0.527764 1130.53
0.533884 1136.54
0.54 1122.24
0.546137 1111.31
0.552299 1099.97
0.558452 1088.19
0.564573 1084.15
0.570708 1074.12
0.576825 1061.96
0.582926 1052.44
0.589034 1039.68
0.595184 1040.94
0.601379 1027.47
0.607522 1017.34
0.613639 1010.08
0.619772 1001.68
0.625918 993.968
0.632068 982.155
0.638161 974.078
0.6443 970.545
0.650464 965.833
0.656582 957.244
0.662703 948.786
0.668861 944.914
0.675024 936.113
0.681124 928.88
0.687237 921.8
0.693381 911.748
0.699536 905.471
0.705665 905.756
0.711789 891.003
0.717957 889.437
0.72409 884.512
0.730186 875.215
0.736317 866.226
0.742472 856.463
0.748622 859.888
0.75476 850.947
0.760888 843.046
0.767043 837.148
0.773185 828.202
0.779291 822.734
0.785407 817.046
0.791564 814.419
0.797719 809.223
0.803834 805.932
0.809972 794.131
0.816124 788.208
0.822261 789.537
0.828378 781.397
0.834502 775.155
0.840667 773.698
0.846816 767.16
0.852925 760.833
0.859047 759.396
0.865192 752.229
0.871341 748.187
0.877463 740.389
0.883569 740.553
0.889708 732.454
0.895864 730.023
0.902008 723.684
0.908149 717.483
0.914301 713.605
0.920448 710.555
0.926574 708.331
0.932687 702.727
0.938823 696.251
0.944975 692.55
0.951105 687.97
0.957225 682.686
0.963368 678.814
0.969511 674.173
0.975621 670.705
0.981748 665.11
0.987916 656.607
0.99406 658.096
1.00019 652.966
1.00632 650.082
1.01246 644.61
1.01859 642.764
1.02471 635.829
1.03085 635.034
1.03698 628.497
1.04314 625.269
1.04929 618.86
1.05541 615.581
1.06154 612.803
1.06769 607.652
1.07382 604.812
1.07993 601.069
1.08607 599.998
1.09222 596.69
1.09836 591.001
1.10449 587.204
1.11063 582.424
1.11677 582.102
1.1229 578.225
1.12903 574.589
1.13518 569.152
1.14131 564.898
1.14745 562.461
1.15359 559.666
1.15973 554.574
1.16584 551.798
1.17197 549.078
1.17811 543.156
1.18424 541.711
1.19038 539.746
1.19652 535.238
1.20267 532.25
1.20881 528.952
1.21495 524.424
1.22108 523.007
1.2272 520.796
1.23334 515.205
1.23949 512.085
1.24562 507.78
1.25174 506.37
1.25789 500.684
1.26402 499.616
1.27014 496.236
1.27628 493.09
1.28244 489.843
1.28858 487.3
1.29471 485.381
1.30084 481.374
1.30697 479.229
1.31312 476.287
1.31925 472.803
1.32537 470.055
1.33151 467.932
1.33765 463.284
1.34378 461.642
1.34992 458.093
1.35606 455.6
1.3622 452.874
1.36833 451.189
1.37445 446.527
1.38059 444.378
1.38675 442.872
1.39288 437.887
1.39901 435
1.40515 433.386
1.4113 431.893
1.41742 427.329
1.42355 426.241
1.4297 422.964
1.43585 419.824
1.44198 417.524
1.44809 415.226
1.45423 412.909
1.46036 409.535
1.46649 406.596
1.47263 405.435
1.47877 402.545
1.48491 400.552
1.49104 398.265
1.49718 396.04
1.50333 392.685
1.50947 390.685
1.5156 387.431
1.52172 386.225
1.52787 384.059
1.534 381.493
1.54013 379.545
1.54627 376.704
1.55241 373.982
1.55855 372.269
1.56467 369.485
1.5708 368.219
