0.00783031 16.4353
0.013688 5.96849
0.019231 1.55895
0.0249154 2.81044
0.0312784 -3.05217
0.0375637 1.56372
0.0433917 -0.897189
0.0492413 1.69838
0.0555754 4.95208
0.0619321 3.87681
0.067871 7.88125
0.0738098 5.98793
0.0800417 7.93209
0.0862327 9.95472
0.0921407 11.4427
0.0982031 10.5816
0.104506 12.056
0.110769 14.7583
0.116806 16.0138
0.122832 16.3814
0.129052 17.5105
0.135211 19.1215
0.141259 21.3342
0.147318 19.8074
0.153489 20.8641
0.159709 23.0871
0.165845 25.9703
0.171974 24.9316
0.178125 27.6998
0.184229 28.4754
0.19034 27.3607
0.196428 28.3788
0.202534 29.9302
0.208729 30.8945
0.214876 31.2003
0.220989 33.7524
0.227147 34.3122
0.23329 34.986
0.239377 35.1868
0.245482 35.9483
0.251667 37.636
0.257832 38.4511
0.263955 40.0728
0.270079 39.5322
0.27624 40.955
0.282372 41.0292
0.28843 40.6057
0.294538 43.3306
0.300721 43.5762
0.30691 43.817
0.313033 44.758
0.319153 45.8213
0.325316 45.05
0.33145 46.3511
0.337538 46.1535
0.343633 47.0466
0.349808 48.0363
0.355968 48.746
0.362074 50.5885
0.368217 49.5814
0.374374 49.7737
0.380519 51.4568
0.386598 51.3048
0.392688 51.4936
0.39888 51.7735
0.405048 52.9027
0.411186 53.3968
0.417313 53.9132
0.423458 55.1282
0.429607 53.78
0.435692 54.6007
0.441815 56.476
0.447964 55.977
0.454126 56.1812
0.460267 56.803
0.466387 56.8491
0.47254 57.1431
0.478662 56.7723
0.484765 58.144
0.490885 58.5445
0.497035 58.5192
0.503198 59.4083
0.509342 58.8167
0.515458 59.8085
0.521598 60.1913
0.527764 61.4204
0.533884 61.0329
0.54 61.3004
0.546137 61.3898
0.552299 61.6819
0.558452 62.55
0.564573 62.4792
0.570708 63.0404
0.576825 63.6065
0.582926 62.8994
0.589034 63.2218
0.595184 64.3607
0.601379 64.1648
0.607522 64.067
0.613639 64.6438
0.619772 64.4425
0.625918 64.8411
0.632068 65.1166
0.638161 65.4751
0.6443 64.9278
0.650464 66.1677
0.656582 66.2129
0.662703 66.5417
0.668861 66.2283
0.675024 66.1946
0.681124 67.0058
0.687237 67.5674
0.693381 67.6375
0.699536 68.0881
0.705665 67.7844
0.711789 67.3384
0.717957 68.2032
0.72409 68.4194
0.730186 68.9932
0.736317 68.9801
0.742472 68.5358
0.748622 68.9676
0.75476 68.7576
0.760888 68.5716
0.767043 69.6637
0.773185 69.1444
0.779291 69.4115
0.785407 69.64
0.791564 69.892
0.797719 70.3681
0.803834 69.9452
0.809972 69.8584
0.816124 69.3023
0.822261 70.5537
0.828378 71.0414
0.834502 70.912
0.840667 71.0653
0.846816 70.3634
0.852925 70.4519
0.859047 70.426
0.865192 71.0202
0.871341 70.7004
0.877463 71.3459
0.883569 71.1825
0.889708 70.9592
0.895864 71.2035
0.902008 70.8052
0.908149 71.495
0.914301 70.7477
0.920448 72.3904
0.926574 71.8429
0.932687 71.7537
0.938823 71.4571
0.944975 72.3385
0.951105 71.6591
0.957225 71.8192
0.963368 71.7738
0.969511 71.7742
0.975621 71.5898
0.981748 71.6039
0.987916 71.2575
0.99406 71.6829
1.00019 72.5983
1.00632 71.7939
1.01246 72.1552
1.01859 72.1929
1.02471 71.9346
1.03085 71.9234
1.03698 71.9747
1.04314 71.7246
1.04929 71.2969
1.05541 71.6448
1.06154 72.1055
1.06769 71.7257
1.07382 71.7683
1.07993 71.3981
1.08607 71.5182
1.09222 71.9677
1.09836 71.8128
1.10449 71.5784
1.11063 71.9985
1.11677 71.4605
1.1229 72.3687
1.12903 71.3985
1.13518 71.3943
1.14131 71.8916
1.14745 71.6242
1.15359 71.9572
1.15973 72.0184
1.16584 71.762
1.17197 71.3313
1.17811 71.2389
1.18424 70.9634
1.19038 71.503
1.19652 70.7655
1.20267 70.808
1.20881 70.8037
1.21495 70.881
1.22108 71.2564
1.2272 71.1332
1.23334 71.197
1.23949 70.5481
1.24562 70.61
1.25174 70.5474
1.25789 70.4769
1.26402 70.4842
1.27014 70.4686
1.27628 69.8718
1.28244 69.8608
1.28858 69.9262
1.29471 69.9564
1.30084 69.5936
1.30697 69.77
1.31312 69.5507
1.31925 69.5922
1.32537 69.3237
1.33151 69.3648
1.33765 69.1726
1.34378 69.3364
1.34992 69.3683
1.35606 69.21
1.3622 69.1198
1.36833 68.6677
1.37445 68.5822
1.38059 68.9143
1.38675 68.6306
1.39288 67.7974
1.39901 67.7694
1.40515 68.2102
1.4113 68.3061
1.41742 67.862
1.42355 67.9542
1.4297 67.5585
1.43585 67.3995
1.44198 67.4257
1.44809 67.3037
1.45423 66.8693
1.46036 66.9238
1.46649 66.6625
1.47263 66.6561
1.47877 66.8186
1.48491 66.5636
1.49104 66.6074
1.49718 66.1075
1.50333 66.0359
1.50947 65.6652
1.5156 65.4862
1.52172 65.6047
1.52787 65.564
1.534 65.5189
1.54013 65.4454
1.54627 65.5024
1.55241 65.1216
1.55855 65.087
1.56467 64.5254
1.5708 64.4181
