0.00783031 0.240158
0.013688 0.271544
0.019231 0.486664
0.0249154 0.488269
0.0312784 0.64036
0.0375637 0.683658
0.0433917 0.767986
0.0492413 0.85026
0.0555754 1.12152
0.0619321 1.27994
0.067871 1.53362
0.0738098 1.66849
0.0800417 1.818
0.0862327 2.1022
0.0921407 2.29176
0.0982031 2.50619
0.104506 2.68312
0.110769 3.08743
0.116806 3.45956
0.122832 3.73741
0.129052 4.07507
0.135211 4.44029
0.141259 4.8143
0.147318 5.03543
0.153489 5.4546
0.159709 6.03055
0.165845 6.45758
0.171974 6.64908
0.178125 7.50149
0.184229 8.04951
0.19034 8.37398
0.196428 8.8478
0.202534 9.51402
0.208729 9.70306
0.214876 10.3797
0.220989 11.2388
0.227147 11.6436
0.23329 12.1129
0.239377 13.0234
0.245482 13.5665
0.251667 14.3775
0.257832 15.0911
0.263955 15.7133
0.270079 16.5544
0.27624 16.943
0.282372 17.6594
0.28843 18.716
0.294538 19.3678
0.300721 19.9685
0.30691 20.671
0.313033 21.5814
0.319153 22.5336
0.325316 23.3896
0.33145 24.2588
0.337538 24.7396
0.343633 26.0001
0.349808 26.656
0.355968 27.6444
0.362074 28.6217
0.368217 29.3725
0.374374 30.44
0.380519 31.1734
0.386598 32.2692
0.392688 33.2716
0.39888 34.1149
0.405048 35.3204
0.411186 35.7658
0.417313 37.1092
0.423458 38.1486
0.429607 39.1044
0.435692 39.9862
0.441815 41.3482
0.447964 42.2317
0.454126 43.1555
0.460267 44.5041
0.466387 45.5843
0.47254 46.5681
0.478662 46.8683
0.484765 48.8878
0.490885 49.4526
0.497035 50.7062
0.503198 52.0407
0.509342 52.9929
0.515458 54.3027
0.521598 55.9464
0.527764 56.8576
0.533884 57.8154
0.54 59.1513
0.546137 60.3251
0.552299 60.8577
0.558452 63.089
0.564573 63.7999
0.570708 64.8299
0.576825 66.1296
0.582926 67.466
0.589034 68.1787
0.595184 70.2456
0.601379 71.2883
0.607522 72.1589
0.613639 73.8092
0.619772 74.9077
0.625918 76.0709
0.632068 77.3147
0.638161 78.5326
0.6443 79.9783
0.650464 81.2969
0.656582 82.9005
0.662703 83.6265
0.668861 85.9038
0.675024 86.2254
0.681124 87.9763
0.687237 89.364
0.693381 90.3691
0.699536 92.0486
0.705665 93.0294
0.711789 94.1332
0.717957 95.5177
0.72409 97.2378
0.730186 98.8944
0.736317 100.179
0.742472 100.997
0.748622 102.848
0.75476 103.794
0.760888 104.699
0.767043 106.59
0.773185 107.882
0.779291 109.612
0.785407 110.287
0.791564 112.134
0.797719 113.444
0.803834 115.36
0.809972 116.094
0.816124 116.988
0.822261 119.148
0.828378 120.521
0.834502 121.756
0.840667 123.653
0.846816 124.293
0.852925 125.324
0.859047 126.412
0.865192 128.623
0.871341 130.119
0.877463 131.299
0.883569 132.851
0.889708 133.836
0.895864 135.941
0.902008 137.146
0.908149 137.739
0.914301 139.424
0.920448 141.731
0.926574 142.368
0.932687 144.246
0.938823 144.59
0.944975 147.307
0.951105 148.373
0.957225 149.419
0.963368 150.175
0.969511 152.174
0.975621 153.751
0.981748 154.665
0.987916 156.319
0.99406 157.605
1.00019 159.803
1.00632 160.869
1.01246 162.01
1.01859 163.486
1.02471 165.134
1.03085 165.688
1.03698 167.597
1.04314 168.767
1.04929 169.644
1.05541 171.548
1.06154 172.878
1.06769 174.749
1.07382 175.985
1.07993 177.134
1.08607 178.615
1.09222 180.335
1.09836 181.111
1.10449 182.223
1.11063 184.41
1.11677 185.883
1.1229 187.423
1.12903 187.87
1.13518 189.225
1.14131 191.062
1.14745 191.878
1.15359 194.744
1.15973 194.794
1.16584 196.262
1.17197 197.907
1.17811 198.517
1.18424 199.642
1.19038 201.736
1.19652 202.434
1.20267 203.707
1.20881 205.065
1.21495 206.977
1.22108 208.378
1.2272 209.699
1.23334 210.847
1.23949 211
1.24562 212.918
1.25174 214.226
1.25789 215.376
1.26402 217.221
1.27014 218.177
1.27628 219.523
1.28244 221.072
1.28858 221.781
1.29471 223.226
1.30084 223.881
1.30697 226.283
1.31312 226.688
1.31925 228.225
1.32537 228.897
1.33151 230.893
1.33765 232.11
1.34378 232.936
1.34992 234.677
1.35606 235.429
1.3622 236.247
1.36833 238.03
1.37445 238.511
1.38059 240.225
1.38675 241.887
1.39288 241.586
1.39901 242.857
1.40515 244.76
1.4113 245.879
1.41742 246.811
1.42355 247.378
1.4297 248.949
1.43585 250.139
1.44198 251.388
1.44809 253.038
1.45423 254.248
1.46036 254.445
1.46649 255.443
1.47263 256.951
1.47877 258.381
1.48491 258.813
1.49104 260.539
1.49718 260.653
1.50333 262.13
1.50947 262.695
1.5156 263.998
1.52172 265.28
1.52787 266.289
1.534 267.807
1.54013 269.332
1.54627 269.419
1.55241 270.559
1.55855 272.269
1.56467 272.204
1.5708 272.709
