0.00783031 -67.9051
0.013688 -77.0497
0.019231 -99.5548
0.0249154 -90.1094
0.0312784 -93.1243
0.0375637 -81.5043
0.0433917 -86.2567
0.0492413 -79.2321
0.0555754 -92.1505
0.0619321 -93.3409
0.067871 -99.7483
0.0738098 -98.7106
0.0800417 -97.2576
0.0862327 -97.6611
0.0921407 -93.913
0.0982031 -96.7395
0.104506 -93.6481
0.110769 -100.439
0.116806 -102.042
0.122832 -102.587
0.129052 -105.748
0.135211 -106.419
0.141259 -105.55
0.147318 -104.939
0.153489 -107.601
0.159709 -112.184
0.165845 -109.566
0.171974 -109.867
0.178125 -114.941
0.184229 -116.151
0.19034 -115.351
0.196428 -117.648
0.202534 -118.07
0.208729 -115.712
0.214876 -117.558
0.220989 -120.118
0.227147 -119.541
0.23329 -116.77
0.239377 -121.049
0.245482 -121.701
0.251667 -122.624
0.257832 -121.541
0.263955 -126.151
0.270079 -127.043
0.27624 -123.82
0.282372 -123.201
0.28843 -125.945
0.294538 -126.593
0.300721 -125.185
0.30691 -125.271
0.313033 -126.045
0.319153 -127.035
0.325316 -128.856
0.33145 -131.878
0.337538 -126.445
0.343633 -131.083
0.349808 -129.041
0.355968 -130.188
0.362074 -130.674
0.368217 -131.056
0.374374 -132.472
0.380519 -132.22
0.386598 -132.792
0.392688 -133.206
0.39888 -131.961
0.405048 -134.636
0.411186 -134.032
0.417313 -135.714
0.423458 -135.272
0.429607 -133.908
0.435692 -135.408
0.441815 -135.643
0.447964 -135.75
0.454126 -136.33
0.460267 -139.542
0.466387 -135.616
0.47254 -138.276
0.478662 -134.503
0.484765 -136.142
0.490885 -137.68
0.497035 -136.7
0.503198 -136.837
0.509342 -137.712
0.515458 -138.292
0.521598 -139.309
0.527764 -138.498
0.533884 -140.635
0.54 -139.594
0.546137 -141.848
0.552299 -140.057
0.558452 -141.623
0.564573 -141.944
0.570708 -142.407
0.576825 -141.671
0.582926 -141.095
0.589034 -140.361
0.595184 -143.146
0.601379 -142.157
0.607522 -141.422
0.613639 -141.978
0.619772 -141.463
0.625918 -142.275
0.632068 -142.395
0.638161 -142.389
0.6443 -143.62
0.650464 -143.408
0.656582 -143.586
0.662703 -142.747
0.668861 -145.079
0.675024 -143.649
0.681124 -145.573
0.687237 -144.343
0.693381 -144.407
0.699536 -144.97
0.705665 -145.539
0.711789 -145.458
0.717957 -145.491
0.72409 -143.99
0.730186 -147.444
0.736317 -145.317
0.742472 -144.662
0.748622 -145.82
0.75476 -145.8
0.760888 -146.107
0.767043 -145.244
0.773185 -146.425
0.779291 -145.199
0.785407 -144.554
0.791564 -146.943
0.797719 -146.658
0.803834 -147.653
0.809972 -146.245
0.816124 -145.168
0.822261 -147.645
0.828378 -147.807
0.834502 -146.978
0.840667 -147.838
0.846816 -146.904
0.852925 -145.193
0.859047 -144.98
0.865192 -147.597
0.871341 -147.575
0.877463 -146.632
0.883569 -148.644
0.889708 -147.331
0.895864 -148.104
0.902008 -147.716
0.908149 -147.869
0.914301 -146.061
0.920448 -148.633
0.926574 -148.481
0.932687 -148.642
0.938823 -148.011
0.944975 -149.122
0.951105 -148.916
0.957225 -147.556
0.963368 -147.326
0.969511 -147.126
0.975621 -148.089
0.981748 -147.39
0.987916 -147.411
0.99406 -148.098
1.00019 -148.048
1.00632 -148.641
1.01246 -147.925
1.01859 -149.398
1.02471 -149.227
1.03085 -148.613
1.03698 -147.225
1.04314 -148.353
1.04929 -147.543
1.05541 -147.355
1.06154 -147.579
1.06769 -148.234
1.07382 -148.629
1.07993 -147.166
1.08607 -148.35
1.09222 -150.199
1.09836 -147.748
1.10449 -147.417
1.11063 -147.837
1.11677 -148.411
1.1229 -149.816
1.12903 -148.326
1.13518 -146.74
1.14131 -148.018
1.14745 -147.287
1.15359 -149.585
1.15973 -148.484
1.16584 -148.484
1.17197 -147.928
1.17811 -148.473
1.18424 -146.77
1.19038 -148.566
1.19652 -147.289
1.20267 -147.981
1.20881 -147.032
1.21495 -146.841
1.22108 -148.299
1.2272 -148.351
1.23334 -148.07
1.23949 -147.112
1.24562 -148.155
1.25174 -146.809
1.25789 -146.208
1.26402 -147.911
1.27014 -148.003
1.27628 -146.992
1.28244 -147.328
1.28858 -147.561
1.29471 -147.886
1.30084 -146.127
1.30697 -147.98
1.31312 -146.462
1.31925 -147.646
1.32537 -147.054
1.33151 -147.375
1.33765 -147.112
1.34378 -145.913
1.34992 -146.912
1.35606 -146.53
1.3622 -145.995
1.36833 -146.138
1.37445 -146.186
1.38059 -145.368
1.38675 -147.352
1.39288 -145.136
1.39901 -145.2
1.40515 -146.63
1.4113 -147.616
1.41742 -147.304
1.42355 -147.078
1.4297 -145.287
1.43585 -145.441
1.44198 -145.947
1.44809 -146.049
1.45423 -145.41
1.46036 -145.109
1.46649 -144.69
1.47263 -144.763
1.47877 -144.487
1.48491 -145.419
1.49104 -145.182
1.49718 -144.28
1.50333 -145.03
1.50947 -144.983
1.5156 -143.687
1.52172 -145.263
1.52787 -144.259
1.534 -145.381
1.54013 -144.252
1.54627 -144.166
1.55241 -143.67
1.55855 -144.55
1.56467 -143.597
1.5708 -144.109
