0.00783031 1.84615
0.013688 -0.145743
0.019231 1.32432
0.0249154 0.816998
0.0312784 1.97713
0.0375637 1.67969
0.0433917 3.69649
0.0492413 5.40038
0.0555754 3.13352
0.0619321 7.62389
0.067871 5.73483
0.0738098 6.88898
0.0800417 8.42164
0.0862327 4.33712
0.0921407 5.74877
0.0982031 7.78147
0.104506 9.52632
0.110769 10.4515
0.116806 9.57682
0.122832 10.6729
0.129052 9.81872
0.135211 10.8996
0.141259 11.2345
0.147318 10.4072
0.153489 12.8125
0.159709 7.74031
0.165845 14.0582
0.171974 11.7758
0.178125 11.7047
0.184229 12.9526
0.19034 13.1008
0.196428 12.2465
0.202534 10.9723
0.208729 12.1296
0.214876 10.5591
0.220989 14.8933
0.227147 11.7608
0.23329 11.7834
0.239377 7.70174
0.245482 11.5206
0.251667 10.4603
0.257832 12.8927
0.263955 11.3925
0.270079 8.94397
0.27624 10.8557
0.282372 10.4275
0.28843 8.82426
0.294538 11.488
0.300721 11.1672
0.30691 8.07854
0.313033 6.99678
0.319153 9.85214
0.325316 5.98921
0.33145 4.93496
0.337538 7.56104
0.343633 8.3123
0.349808 8.64032
0.355968 6.64925
0.362074 5.98225
0.368217 9.06958
0.374374 6.70553
0.380519 6.67401
0.386598 5.99889
0.392688 5.75857
0.39888 7.44911
0.405048 4.52177
0.411186 3.98169
0.417313 4.81296
0.423458 5.01723
0.429607 2.37145
0.435692 0.375599
0.441815 3.35288
0.447964 3.86534
0.454126 5.54484
0.460267 2.98635
0.466387 0.682632
0.47254 1.49763
0.478662 3.25129
0.484765 0.700322
0.490885 0.872185
0.497035 -0.49731
0.503198 -1.34628
0.509342 -0.581397
0.515458 -2.82078
0.521598 -1.71138
0.527764 -2.80604
0.533884 -3.44163
0.54 -4.41854
0.546137 -4.29371
0.552299 -5.31728
0.558452 -2.45031
0.564573 -3.32369
0.570708 -6.33789
0.576825 -6.28187
0.582926 -5.67989
0.589034 -5.66748
0.595184 -6.35787
0.601379 -7.47974
0.607522 -9.57405
0.613639 -7.86959
0.619772 -7.62271
0.625918 -11.3973
0.632068 -10.2746
0.638161 -9.87317
0.6443 -10.0534
0.650464 -9.67856
0.656582 -13.2089
0.662703 -11.7139
0.668861 -12.3154
0.675024 -14.4092
0.681124 -13.5463
0.687237 -12.9294
0.693381 -14.1241
0.699536 -13.7244
0.705665 -14.9092
0.711789 -16.3186
0.717957 -14.8779
0.72409 -17.5351
0.730186 -17.1637
0.736317 -17.1524
0.742472 -16.1587
0.748622 -18.0884
0.75476 -19.8932
0.760888 -18.1523
0.767043 -18.5522
0.773185 -16.8181
0.779291 -20.691
0.785407 -20.3334
0.791564 -21.2787
0.797719 -22.0728
0.803834 -20.3153
0.809972 -21.9267
0.816124 -21.456
0.822261 -21.7526
0.828378 -24.9643
0.834502 -23.8654
0.840667 -23.8625
0.846816 -23.0449
0.852925 -24.1459
0.859047 -22.708
0.865192 -25.8538
0.871341 -25.9632
0.877463 -27.0633
0.883569 -27.3916
0.889708 -28.428
0.895864 -27.4094
0.902008 -28.3804
0.908149 -28.1768
0.914301 -29.3068
0.920448 -28.2655
0.926574 -29.569
0.932687 -29.6674
0.938823 -29.7803
0.944975 -29.8407
0.951105 -32.0012
0.957225 -30.9934
0.963368 -32.7412
0.969511 -33.1727
0.975621 -31.386
0.981748 -30.4072
0.987916 -34.39
0.99406 -33.4696
1.00019 -35.508
1.00632 -34.352
1.01246 -35.9568
1.01859 -35.7171
1.02471 -34.1964
1.03085 -37.9406
1.03698 -35.3498
1.04314 -36.1563
1.04929 -35.6035
1.05541 -36.3245
1.06154 -38.3391
1.06769 -38.0919
1.07382 -37.3232
1.07993 -37.8025
1.08607 -39.4878
1.09222 -38.2997
1.09836 -39.8823
1.10449 -38.4272
1.11063 -39.0508
1.11677 -39.5415
1.1229 -39.5357
1.12903 -39.3093
1.13518 -40.332
1.14131 -39.1112
1.14745 -41.4046
1.15359 -40.3124
1.15973 -41.3166
1.16584 -41.6429
1.17197 -40.4619
1.17811 -42.1662
1.18424 -41.6866
1.19038 -43.5083
1.19652 -41.8897
1.20267 -43.3158
1.20881 -44.4147
1.21495 -42.9448
1.22108 -43.3696
1.2272 -42.3967
1.23334 -45.5913
1.23949 -43.9639
1.24562 -43.9644
1.25174 -44.0404
1.25789 -46.5675
1.26402 -46.6895
1.27014 -45.0858
1.27628 -43.6741
1.28244 -47.1037
1.28858 -45.4277
1.29471 -46.7344
1.30084 -47.0751
1.30697 -47.1796
1.31312 -47.461
1.31925 -46.8871
1.32537 -49.8662
1.33151 -47.8706
1.33765 -49.6483
1.34378 -48.245
1.34992 -46.3841
1.35606 -47.6165
1.3622 -49.8456
1.36833 -46.3208
1.37445 -49.3343
1.38059 -48.3457
1.38675 -50.0462
1.39288 -50.9884
1.39901 -50.0109
1.40515 -51.4579
1.4113 -50.1279
1.41742 -51.1141
1.42355 -51.5844
1.4297 -50.6249
1.43585 -49.4741
1.44198 -53.0311
1.44809 -50.0421
1.45423 -51.844
1.46036 -50.7569
1.46649 -49.4598
1.47263 -49.9548
1.47877 -51.5424
1.48491 -51.0388
1.49104 -52.9817
1.49718 -51.761
1.50333 -51.9498
1.50947 -53.7147
1.5156 -51.9714
1.52172 -52.6875
1.52787 -52.5941
1.534 -52.7292
1.54013 -54.3036
1.54627 -54.1515
1.55241 -53.213
1.55855 -54.1534
1.56467 -53.9662
1.5708 -54.3852
