0.00783031 12180.6
0.013688 7989.94
0.019231 9300.7
0.0249154 8822.94
0.0312784 8842.4
0.0375637 9634.33
0.0433917 9370.3
0.0492413 8924.18
0.0555754 8741.48
0.0619321 9233.95
0.067871 8496.41
0.0738098 7806.68
0.0800417 8458.12
0.0862327 7996.08
0.0921407 8187.13
0.0982031 7691.37
0.104506 7696.44
0.110769 7372.28
0.116806 7266.52
0.122832 7433.49
0.129052 6893.94
0.135211 7082.2
0.141259 6797.66
0.147318 6765.28
0.153489 6658.73
0.159709 6588.34
0.165845 6413.71
0.171974 6370.17
0.178125 6211.74
0.184229 6240.58
0.19034 6068.63
0.196428 6106.38
0.202534 6055.63
0.208729 5894.08
0.214876 5807.54
0.220989 5869.64
0.227147 5665.09
0.23329 5649.67
0.239377 5597.57
0.245482 5531.49
0.251667 5394.47
0.257832 5412.2
0.263955 5336.27
0.270079 5231.28
0.27624 5180.75
0.282372 5158.69
0.28843 5153.68
0.294538 5059.56
0.300721 5077.8
0.30691 4997.1
0.313033 4872.37
0.319153 4901.38
0.325316 4805.99
0.33145 4788.61
0.337538 4792
0.343633 4760.61
0.349808 4643.3
0.355968 4660.74
0.362074 4651.27
0.368217 4665.21
0.374374 4550.88
0.380519 4565.88
0.386598 4517.87
0.392688 4455.38
0.39888 4403.37
0.405048 4398.65
0.411186 4408.55
0.417313 4418.96
0.423458 4315.99
0.429607 4328.53
0.435692 4296.09
0.441815 4244.03
0.447964 4240.86
0.454126 4217.8
0.460267 4202.12
0.466387 4180.17
0.47254 4140.08
0.478662 4135.07
0.484765 4116.89
0.490885 4116.86
0.497035 4088.7
0.503198 4032.91
0.509342 4017.11
0.515458 4010.79
0.521598 4004.46
0.527764 3998.31
0.533884 3960.37
0.54 3933.47
0.546137 3936.7
0.552299 3884.83
0.558452 3893.31
0.564573 3875.27
0.570708 3883.8
0.576825 3836.96
0.582926 3846.21
0.589034 3818.47
0.595184 3818.78
0.601379 3792.37
0.607522 3772.77
0.613639 3751.72
0.619772 3756.39
0.625918 3710.47
0.632068 3696.13
0.638161 3684.06
0.6443 3673.18
0.650464 3657.26
0.656582 3648
0.662703 3626.09
0.668861 3630.5
0.675024 3622.75
0.681124 3606.89
0.687237 3567.7
0.693381 3577.52
0.699536 3555.15
0.705665 3542.02
0.711789 3522.93
0.717957 3530.63
0.72409 3496.04
0.730186 3495.19
0.736317 3500.2
0.742472 3482.9
0.748622 3442.3
0.75476 3456.6
0.760888 3459.9
0.767043 3433.89
0.773185 3397.99
0.779291 3387.13
0.785407 3394.28
0.791564 3394.43
0.797719 3393.46
0.803834 3376.97
0.809972 3349.66
0.816124 3365.34
0.822261 3342.73
0.828378 3348.53
0.834502 3328.5
0.840667 3324.5
0.846816 3297.15
0.852925 3298.83
0.859047 3269.61
0.865192 3270.64
0.871341 3256.19
0.877463 3254.08
0.883569 3244.2
0.889708 3233.77
0.895864 3228.39
0.902008 3213.5
0.908149 3199.96
0.914301 3193.58
0.920448 3182
0.926574 3179.06
0.932687 3180.76
0.938823 3155.48
0.944975 3144.29
0.951105 3142.64
0.957225 3141.47
0.963368 3119.91
0.969511 3116.93
0.975621 3107.38
0.981748 3088.87
0.987916 3082.14
0.99406 3074.38
1.00019 3074
1.00632 3052.77
1.01246 3051.19
1.01859 3034.25
1.02471 3045.36
1.03085 3021.15
1.03698 3003.6
1.04314 2996.68
1.04929 2984.08
1.05541 2991.42
1.06154 2983.11
1.06769 2974.88
1.07382 2974.93
1.07993 2959.2
1.08607 2941.92
1.09222 2937.33
1.09836 2947.04
1.10449 2933.64
1.11063 2926.96
1.11677 2918.59
1.1229 2904.92
1.12903 2895.59
1.13518 2887.78
1.14131 2871.94
1.14745 2877.51
1.15359 2865.35
1.15973 2855.91
1.16584 2834.9
1.17197 2832
1.17811 2827.05
1.18424 2826.37
1.19038 2826.31
1.19652 2813.6
1.20267 2798.74
1.20881 2786.53
1.21495 2781.14
1.22108 2775.66
1.2272 2772.42
1.23334 2765.26
1.23949 2756.87
1.24562 2754.5
1.25174 2735.96
1.25789 2733.01
1.26402 2735.05
1.27014 2721.01
1.27628 2712.14
1.28244 2708.21
1.28858 2695.55
1.29471 2683.32
1.30084 2684.18
1.30697 2679.97
1.31312 2684.39
1.31925 2666.39
1.32537 2662.31
1.33151 2651.2
1.33765 2650.31
1.34378 2640.44
1.34992 2633.26
1.35606 2616.82
1.3622 2624.91
1.36833 2617.12
1.37445 2611.2
1.38059 2595.77
1.38675 2598.8
1.39288 2591.95
1.39901 2581.14
1.40515 2576.69
1.4113 2565.45
1.41742 2561.71
1.42355 2556.54
1.4297 2541.75
1.43585 2552.09
1.44198 2538.49
1.44809 2528.11
1.45423 2524.07
1.46036 2516.05
1.46649 2511.89
1.47263 2502.41
1.47877 2491.36
1.48491 2492.57
1.49104 2484.79
1.49718 2480.53
1.50333 2467.7
1.50947 2466.22
1.5156 2450.94
1.52172 2456.55
1.52787 2443.39
1.534 2438.85
1.54013 2434.65
1.54627 2428.38
1.55241 2422.15
1.55855 2411.58
1.56467 2418.14
1.5708 2403.31
