0.00783031 20429
0.013688 25009.5
0.019231 25961.5
0.0249154 23379.8
0.0312784 20460.5
0.0375637 17197.7
0.0433917 15074.2
0.0492413 13274.7
0.0555754 11872.8
0.0619321 11066.7
0.067871 10164.2
0.0738098 9548.83
0.0800417 8691.62
0.0862327 7743.37
0.0921407 6804.9
0.0982031 6213.02
0.104506 5644.12
0.110769 5256.72
0.116806 5040.98
0.122832 4650.07
0.129052 4534.28
0.135211 4256.83
0.141259 3916.76
0.147318 3796.72
0.153489 3557.57
0.159709 3303.76
0.165845 3164.56
0.171974 2957.88
0.178125 2866.9
0.184229 2783.07
0.19034 2575.43
0.196428 2579.8
0.202534 2439.21
0.208729 2353.52
0.214876 2260.08
0.220989 2210.95
0.227147 2082.41
0.23329 2000.75
0.239377 1953.94
0.245482 1872.87
0.251667 1854.22
0.257832 1819.36
0.263955 1777.25
0.270079 1712.95
0.27624 1670.32
0.282372 1624.56
0.28843 1568.75
0.294538 1537.23
0.300721 1519.71
0.30691 1463.26
0.313033 1442.81
0.319153 1401.51
0.325316 1362.91
0.33145 1340.43
0.337538 1317.41
0.343633 1313.1
0.349808 1272.6
0.355968 1231.3
0.362074 1219.59
0.368217 1198.69
0.374374 1170.95
0.380519 1151.78
0.386598 1142.99
0.392688 1114.56
0.39888 1101.75
0.405048 1082.95
0.411186 1062.47
0.417313 1048.84
0.423458 1022.66
0.429607 1005.53
0.435692 996.2
0.441815 991.019
0.447964 971.586
0.454126 957.835
0.460267 952.306
0.466387 932.279
0.47254 918.939
0.478662 912.074
0.484765 891.813
0.490885 881.082
0.497035 878.356
0.503198 859.647
0.509342 850.803
0.515458 842.727
0.521598 831.769
0.527764 819.065
0.533884 810.458
0.54 802.178
0.546137 793.879
0.552299 787.053
0.558452 777.836
0.564573 765.491
0.570708 760.318
0.576825 753.953
0.582926 744.707
0.589034 735.104
0.595184 725.411
0.601379 719.429
0.607522 709.025
0.613639 706.006
0.619772 696.574
0.625918 691.176
0.632068 686.308
0.638161 677.718
0.6443 671.993
0.650464 666.483
0.656582 658.927
0.662703 655.749
0.668861 647.334
0.675024 641.197
0.681124 637.872
0.687237 628.243
0.693381 621.944
0.699536 618.911
0.705665 612.805
0.711789 606.308
0.717957 600.394
0.72409 595.509
0.730186 590.629
0.736317 586.565
0.742472 581.481
0.748622 575.422
0.75476 568.651
0.760888 565.225
0.767043 564.15
0.773185 555.54
0.779291 550.34
0.785407 546.343
0.791564 542.257
0.797719 537.36
0.803834 536.31
0.809972 526.355
0.816124 525.207
0.822261 519.219
0.828378 518.123
0.834502 511.978
0.840667 507.4
0.846816 506.288
0.852925 501.22
0.859047 494.616
0.865192 493.201
0.871341 487.961
0.877463 485.206
0.883569 480.842
0.889708 477.213
0.895864 472.88
0.902008 469.321
0.908149 463.469
0.914301 460.68
0.920448 458.308
0.926574 456.062
0.932687 451.125
0.938823 447.264
0.944975 446.914
0.951105 437.321
0.957225 437.515
0.963368 436.721
0.969511 430.733
0.975621 428.805
0.981748 425.704
0.987916 420.054
0.99406 417.788
1.00019 417.169
1.00632 408.399
1.01246 408.277
1.01859 406.049
1.02471 402.483
1.03085 398.682
1.03698 394.603
1.04314 392.548
1.04929 388.561
1.05541 386.388
1.06154 384.817
1.06769 382.892
1.07382 377.735
1.07993 376.801
1.08607 372.403
1.09222 371.26
1.09836 367.872
1.10449 363.528
1.11063 361.628
1.11677 358.012
1.1229 356.514
1.12903 352.262
1.13518 350.501
1.14131 348.938
1.14745 346.038
1.15359 344.398
1.15973 340.837
1.16584 338.634
1.17197 336.31
1.17811 333.611
1.18424 331.311
1.19038 327.559
1.19652 325.222
1.20267 324.083
1.20881 322.127
1.21495 318.281
1.22108 317.19
1.2272 313.848
1.23334 311.518
1.23949 309.886
1.24562 306.682
1.25174 304.985
1.25789 302.046
1.26402 299.623
1.27014 298.884
1.27628 296.332
1.28244 293.479
1.28858 292.341
1.29471 289.839
1.30084 287.545
1.30697 286.071
1.31312 283.418
1.31925 280.943
1.32537 278.894
1.33151 276.797
1.33765 274.605
1.34378 273.288
1.34992 271.085
1.35606 269.916
1.3622 266.467
1.36833 264.932
1.37445 263.108
1.38059 261.198
1.38675 259.161
1.39288 256.853
1.39901 255.569
1.40515 254.336
1.4113 251.354
1.41742 250.648
1.42355 247.38
1.4297 247.11
1.43585 245.486
1.44198 242.636
1.44809 241.031
1.45423 239.931
1.46036 238.165
1.46649 235.908
1.47263 234.445
1.47877 232.175
1.48491 231.892
1.49104 230.072
1.49718 228.151
1.50333 226.156
1.50947 224.316
1.5156 222.843
1.52172 221.242
1.52787 219.583
1.534 218.553
1.54013 216.768
1.54627 214.763
1.55241 213.347
1.55855 212.083
1.56467 210.728
1.5708 209.377
