0.00783031 4.95541
0.013688 0.544384
0.019231 0.8487
0.0249154 0.980267
0.0312784 1.23588
0.0375637 2.64784
0.0433917 3.2313
0.0492413 3.30895
0.0555754 5.49624
0.0619321 4.68802
0.067871 5.2767
0.0738098 9.74219
0.0800417 8.52429
0.0862327 10.5317
0.0921407 12.8669
0.0982031 12.2543
0.104506 14.2676
0.110769 14.6708
0.116806 16.509
0.122832 18.1618
0.129052 18.8227
0.135211 21.4738
0.141259 22.7593
0.147318 21.8605
0.153489 23.3633
0.159709 25.2577
0.165845 24.6305
0.171974 26.0126
0.178125 28.0165
0.184229 28.5154
0.19034 29.7352
0.196428 29.0348
0.202534 32.0107
0.208729 33.4406
0.214876 35.331
0.220989 35.7373
0.227147 36.8144
0.23329 37.1873
0.239377 37.7459
0.245482 38.4247
0.251667 38.0789
0.257832 38.9569
0.263955 40.7641
0.270079 41.2571
0.27624 42.4211
0.282372 43.5021
0.28843 42.6965
0.294538 43.897
0.300721 45.541
0.30691 45.3875
0.313033 46.5086
0.319153 46.5166
0.325316 46.8286
0.33145 48.5044
0.337538 47.6899
0.343633 48.5817
0.349808 49.6035
0.355968 49.2825
0.362074 50.1167
0.368217 50.2782
0.374374 51.9471
0.380519 52.4462
0.386598 51.8341
0.392688 52.0808
0.39888 52.4921
0.405048 52.7613
0.411186 53.9526
0.417313 53.3609
0.423458 53.5674
0.429607 54.289
0.435692 54.2878
0.441815 54.822
0.447964 54.9711
0.454126 54.6493
0.460267 55.6949
0.466387 55.3831
0.47254 54.6745
0.478662 56.2468
0.484765 55.592
0.490885 55.658
0.497035 56.3849
0.503198 55.9918
0.509342 56.0265
0.515458 56.4314
0.521598 56.5439
0.527764 56.4774
0.533884 57.147
0.54 56.9849
0.546137 56.9755
0.552299 57.4703
0.558452 57.2826
0.564573 56.3943
0.570708 56.9687
0.576825 56.769
0.582926 57.0004
0.589034 57.5584
0.595184 57.3368
0.601379 57.3417
0.607522 57.8025
0.613639 56.4163
0.619772 56.4555
0.625918 57.0203
0.632068 56.2929
0.638161 57.1666
0.6443 56.7893
0.650464 56.3753
0.656582 56.5918
0.662703 56.3146
0.668861 56.6776
0.675024 56.3423
0.681124 55.9399
0.687237 55.6813
0.693381 55.9799
0.699536 56.2103
0.705665 55.8008
0.711789 55.6218
0.717957 54.9609
0.72409 54.6591
0.730186 54.9711
0.736317 54.4345
0.742472 54.909
0.748622 54.6733
0.75476 54.4675
0.760888 53.9754
0.767043 54.1808
0.773185 53.7062
0.779291 52.9949
0.785407 53.2083
0.791564 52.209
0.797719 52.1661
0.803834 51.9658
0.809972 52.0727
0.816124 51.8995
0.822261 51.9767
0.828378 51.583
0.834502 51.7887
0.840667 51.3405
0.846816 51.092
0.852925 50.791
0.859047 50.3628
0.865192 50.2238
0.871341 49.8071
0.877463 49.0811
0.883569 48.9999
0.889708 48.5956
0.895864 48.7322
0.902008 48.4124
0.908149 48.4334
0.914301 48.3498
0.920448 47.8653
0.926574 47.5476
0.932687 47.0396
0.938823 46.835
0.944975 46.5231
0.951105 45.8367
0.957225 46.3189
0.963368 45.3949
0.969511 45.3274
0.975621 45.5235
0.981748 44.8882
0.987916 44.5633
0.99406 44.6145
1.00019 44.363
1.00632 43.9899
1.01246 44.0531
1.01859 43.479
1.02471 43.5082
1.03085 43.029
1.03698 42.8058
1.04314 42.383
1.04929 41.94
1.05541 42.1624
1.06154 41.625
1.06769 41.4124
1.07382 41.0471
1.07993 41.1392
1.08607 40.403
1.09222 40.2878
1.09836 40.1943
1.10449 40.431
1.11063 39.8771
1.11677 39.7238
1.1229 39.5027
1.12903 39.1793
1.13518 39.0427
1.14131 39.2365
1.14745 38.3749
1.15359 38.5354
1.15973 38.2872
1.16584 37.987
1.17197 37.5644
1.17811 37.3218
1.18424 37.7839
1.19038 37.5373
1.19652 36.4416
1.20267 36.9416
1.20881 36.6571
1.21495 36.1778
1.22108 36.1029
1.2272 36.2796
1.23334 35.9411
1.23949 35.5866
1.24562 35.9504
1.25174 35.3244
1.25789 35.4723
1.26402 34.8896
1.27014 34.8315
1.27628 34.7998
1.28244 34.5221
1.28858 34.4007
1.29471 34.2471
1.30084 33.6444
1.30697 34.009
1.31312 33.6329
1.31925 33.6464
1.32537 33.564
1.33151 33.104
1.33765 33.1524
1.34378 33.2283
1.34992 32.7205
1.35606 32.3261
1.3622 32.4785
1.36833 32.5423
1.37445 32.4402
1.38059 32.4104
1.38675 32.206
1.39288 32.0874
1.39901 32.1511
1.40515 32.0946
1.4113 31.6748
1.41742 32.0865
1.42355 31.3303
1.4297 31.5732
1.43585 31.2234
1.44198 31.3539
1.44809 30.9808
1.45423 31.2663
1.46036 30.7879
1.46649 30.892
1.47263 31.0403
1.47877 30.7231
1.48491 30.7035
1.49104 30.5197
1.49718 30.2284
1.50333 30.2961
1.50947 30.2277
1.5156 30.0496
1.52172 29.9611
1.52787 29.9648
1.534 29.8545
1.54013 29.602
1.54627 30.0348
1.55241 29.831
1.55855 29.7123
1.56467 29.7804
1.5708 29.3728
