0.00783031 12416.9
0.013688 10545.2
0.019231 9727.15
0.0249154 10161.2
0.0312784 10229.1
0.0375637 8838.24
0.0433917 8725.03
0.0492413 8324.77
0.0555754 9513.3
0.0619321 9047.55
0.067871 8123.62
0.0738098 8882.22
0.0800417 8403.23
0.0862327 7952.79
0.0921407 8442.74
0.0982031 7847.88
0.104506 7600.14
0.110769 7298.47
0.116806 7129.9
0.122832 7203.74
0.129052 7129.86
0.135211 7054.4
0.141259 6697.97
0.147318 6646.84
0.153489 6828.11
0.159709 6391.89
0.165845 6378.49
0.171974 6416.58
0.178125 6252.07
0.184229 6150.98
0.19034 5983.76
0.196428 6010.95
0.202534 5915.14
0.208729 5895.44
0.214876 5698.2
0.220989 5618.11
0.227147 5535.27
0.23329 5596.65
0.239377 5475.35
0.245482 5315.6
0.251667 5364.05
0.257832 5349.74
0.263955 5243.04
0.270079 5146.92
0.27624 5155.11
0.282372 5095.13
0.28843 5006.5
0.294538 4913.19
0.300721 4957.97
0.30691 4861.14
0.313033 4847.06
0.319153 4831.06
0.325316 4789.89
0.33145 4740.98
0.337538 4778.78
0.343633 4657.02
0.349808 4670.41
0.355968 4612.49
0.362074 4529.48
0.368217 4583.89
0.374374 4450.84
0.380519 4459.76
0.386598 4481.86
0.392688 4444.6
0.39888 4371.74
0.405048 4354.12
0.411186 4343.92
0.417313 4319.99
0.423458 4344.7
0.429607 4194.54
0.435692 4190.84
0.441815 4242.14
0.447964 4177.43
0.454126 4175.6
0.460267 4170.79
0.466387 4137.98
0.47254 4099.67
0.478662 4133.34
0.484765 4097.03
0.490885 4035.33
0.497035 4057.35
0.503198 4041.43
0.509342 4012.45
0.515458 4011.67
0.521598 3945.07
0.527764 3967.21
0.533884 3930.56
0.54 3942.03
0.546137 3891.78
0.552299 3899.46
0.558452 3905.35
0.564573 3875.23
0.570708 3875.46
0.576825 3828.63
0.582926 3862.95
0.589034 3837.83
0.595184 3817.25
0.601379 3768.72
0.607522 3786.99
0.613639 3775.03
0.619772 3755.29
0.625918 3771.9
0.632068 3756.92
0.638161 3746.22
0.6443 3748.8
0.650464 3720.99
0.656582 3706.68
0.662703 3708.59
0.668861 3704.89
0.675024 3674.47
0.681124 3682.21
0.687237 3657.19
0.693381 3669.28
0.699536 3646.04
0.705665 3656.82
0.711789 3613.66
0.717957 3632.21
0.72409 3622.62
0.730186 3625.57
0.736317 3614.81
0.742472 3588.18
0.748622 3590.16
0.75476 3591.81
0.760888 3578.47
0.767043 3609.23
0.773185 3566.75
0.779291 3567.77
0.785407 3555.38
0.791564 3547.49
0.797719 3545.86
0.803834 3539.18
0.809972 3509.52
0.816124 3517.34
0.822261 3507.27
0.828378 3534.53
0.834502 3508.51
0.840667 3494.31
0.846816 3528.8
0.852925 3509.58
0.859047 3491.21
0.865192 3482.82
0.871341 3491.17
0.877463 3485.92
0.883569 3465.98
0.889708 3483.51
0.895864 3462.79
0.902008 3469.19
0.908149 3462.28
0.914301 3453.65
0.920448 3447.67
0.926574 3446.88
0.932687 3449.35
0.938823 3432.11
0.944975 3438.05
0.951105 3406.11
0.957225 3430.45
0.963368 3429.09
0.969511 3421.78
0.975621 3417.28
0.981748 3421.77
0.987916 3400.4
0.99406 3399.94
1.00019 3400.81
1.00632 3390.93
1.01246 3385.96
1.01859 3387.8
1.02471 3376.95
1.03085 3367.56
1.03698 3358.89
1.04314 3361.92
1.04929 3354.6
1.05541 3355.13
1.06154 3362.89
1.06769 3358.02
1.07382 3336.57
1.07993 3345.49
1.08607 3337.84
1.09222 3344.37
1.09836 3337.78
1.10449 3334.16
1.11063 3320.99
1.11677 3326.28
1.1229 3316.57
1.12903 3307.65
1.13518 3314.73
1.14131 3311.03
1.14745 3299.81
1.15359 3302.39
1.15973 3293.12
1.16584 3284.54
1.17197 3292.88
1.17811 3282.45
1.18424 3293.4
1.19038 3263.08
1.19652 3264.55
1.20267 3277.58
1.20881 3278.59
1.21495 3263.17
1.22108 3265.44
1.2272 3265.43
1.23334 3252.67
1.23949 3252.05
1.24562 3241.49
1.25174 3232.77
1.25789 3235.81
1.26402 3235.52
1.27014 3235.97
1.27628 3220.64
1.28244 3229.57
1.28858 3217.85
1.29471 3219.61
1.30084 3216.07
1.30697 3210.14
1.31312 3200.57
1.31925 3200.64
1.32537 3200.35
1.33151 3182.95
1.33765 3190.32
1.34378 3181.27
1.34992 3176.99
1.35606 3191.23
1.3622 3168.67
1.36833 3172.49
1.37445 3178.07
1.38059 3163.04
1.38675 3150.48
1.39288 3152.97
1.39901 3144.99
1.40515 3147.3
1.4113 3134.92
1.41742 3138.91
1.42355 3128.39
1.4297 3137.97
1.43585 3141.91
1.44198 3119.33
1.44809 3118.91
1.45423 3121.62
1.46036 3120.26
1.46649 3115.32
1.47263 3109.29
1.47877 3095.76
1.48491 3115.47
1.49104 3095.54
1.49718 3096.4
1.50333 3092.45
1.50947 3085.33
1.5156 3084.03
1.52172 3070.44
1.52787 3076.61
1.534 3071.78
1.54013 3066.49
1.54627 3059
1.55241 3059.27
1.55855 3055.34
1.56467 3051.44
1.5708 3043.44
