0.00783031 4600.74
0.013688 3590.94
0.019231 3762.48
0.0249154 4021.94
0.0312784 2817.26
0.0375637 2767.72
0.0433917 2519.39
0.0492413 2366.5
0.0555754 2455.7
0.0619321 2368.62
0.067871 2000.95
0.0738098 2055.25
0.0800417 1908.73
0.0862327 1727.66
0.0921407 1681.17
0.0982031 1655.79
0.104506 1479.77
0.110769 1452.34
0.116806 1306.06
0.122832 1303.71
0.129052 1253.2
0.135211 1176.09
0.141259 1167.55
0.147318 1094.49
0.153489 1043.64
0.159709 1017.22
0.165845 961.706
0.171974 942.74
0.178125 883.062
0.184229 874.201
0.19034 841.28
0.196428 802.969
0.202534 777.434
0.208729 776.407
0.214876 727.139
0.220989 709
0.227147 677.915
0.23329 674.357
0.239377 654.462
0.245482 644.259
0.251667 613.939
0.257832 602.948
0.263955 591.634
0.270079 573.337
0.27624 560.596
0.282372 535.95
0.28843 530.752
0.294538 518.665
0.300721 507.316
0.30691 489.588
0.313033 482.865
0.319153 465.452
0.325316 464.781
0.33145 453.768
0.337538 449.633
0.343633 433.442
0.349808 424.785
0.355968 420.333
0.362074 413.842
0.368217 406.028
0.374374 394.12
0.380519 391.188
0.386598 382.146
0.392688 379.464
0.39888 372.844
0.405048 371.293
0.411186 367.323
0.417313 357.849
0.423458 354.426
0.429607 350.849
0.435692 342.599
0.441815 342.175
0.447964 334.684
0.454126 333.761
0.460267 328.899
0.466387 323.648
0.47254 326.215
0.478662 320.714
0.484765 320.496
0.490885 314.593
0.497035 315.833
0.503198 308.326
0.509342 306.038
0.515458 303.004
0.521598 299.198
0.527764 300.173
0.533884 298.121
0.54 294.978
0.546137 294.288
0.552299 292.473
0.558452 289.227
0.564573 289.321
0.570708 284.391
0.576825 284.823
0.582926 284.686
0.589034 283.529
0.595184 280.084
0.601379 277.824
0.607522 276.908
0.613639 275.689
0.619772 273.238
0.625918 272.633
0.632068 272.702
0.638161 272.991
0.6443 270.177
0.650464 268.79
0.656582 269.415
0.662703 267.229
0.668861 267.376
0.675024 266.625
0.681124 264.13
0.687237 265.242
0.693381 264.548
0.699536 262.618
0.705665 263.606
0.711789 261.427
0.717957 261.706
0.72409 261.73
0.730186 259.728
0.736317 259.362
0.742472 258.93
0.748622 258.742
0.75476 257.429
0.760888 257.074
0.767043 256.734
0.773185 255.871
0.779291 254.929
0.785407 256.437
0.791564 254.958
0.797719 254.065
0.803834 253.532
0.809972 252.409
0.816124 253.956
0.822261 253.664
0.828378 253.905
0.834502 252.209
0.840667 251.211
0.846816 250.936
0.852925 252.069
0.859047 250.646
0.865192 250.752
0.871341 251.052
0.877463 249.189
0.883569 249.362
0.889708 248.624
0.895864 248.494
0.902008 248.716
0.908149 247.889
0.914301 248.084
0.920448 248.262
0.926574 247.841
0.932687 248.017
0.938823 246.367
0.944975 247.326
0.951105 247.014
0.957225 246.857
0.963368 246.272
0.969511 245.893
0.975621 245.418
0.981748 245.649
0.987916 245.409
0.99406 243.706
1.00019 245.182
1.00632 245.386
1.01246 243.427
1.01859 244.297
1.02471 243.934
1.03085 242.557
1.03698 242.879
1.04314 243.373
1.04929 243.376
1.05541 243.345
1.06154 241.886
1.06769 242.368
1.07382 242.86
1.07993 241.583
1.08607 241.404
1.09222 241.494
1.09836 239.911
1.10449 239.455
1.11063 240.331
1.11677 239.381
1.1229 239.998
1.12903 239.824
1.13518 240.039
1.14131 239.863
1.14745 238.505
1.15359 239.111
1.15973 238.601
1.16584 237.402
1.17197 238.154
1.17811 237.397
1.18424 237.901
1.19038 236.913
1.19652 236.776
1.20267 236.709
1.20881 236.122
1.21495 235.541
1.22108 234.862
1.2272 235.137
1.23334 234.822
1.23949 234.305
1.24562 234.189
1.25174 234.28
1.25789 233.577
1.26402 233.137
1.27014 231.616
1.27628 233.262
1.28244 232.796
1.28858 231.521
1.29471 231.794
1.30084 231.829
1.30697 230.538
1.31312 230.358
1.31925 230.336
1.32537 229.714
1.33151 229.262
1.33765 228.997
1.34378 228.944
1.34992 228.714
1.35606 228.425
1.3622 227.488
1.36833 227.134
1.37445 226.966
1.38059 227.035
1.38675 225.835
1.39288 225.955
1.39901 225.693
1.40515 225.685
1.4113 225.404
1.41742 224.614
1.42355 224.499
1.4297 224.085
1.43585 223.177
1.44198 222.771
1.44809 223.377
1.45423 222.417
1.46036 222.224
1.46649 222.096
1.47263 222.081
1.47877 220.191
1.48491 220.5
1.49104 219.841
1.49718 220.124
1.50333 220.343
1.50947 219.187
1.5156 218.698
1.52172 218.501
1.52787 218.697
1.534 217.267
1.54013 217.663
1.54627 216.948
1.55241 216.775
1.55855 216.682
1.56467 215.936
1.5708 215.527
