0.00783031 20608.7
0.013688 24877.7
0.019231 24993.3
0.0249154 23059.5
0.0312784 20106
0.0375637 16822.7
0.0433917 14724.3
0.0492413 13300.6
0.0555754 12128.6
0.0619321 10916.3
0.067871 10523.6
0.0738098 9347.6
0.0800417 8423.65
0.0862327 7435.39
0.0921407 6735.97
0.0982031 5982.38
0.104506 5539.43
0.110769 5306.63
0.116806 5028.87
0.122832 4700.71
0.129052 4529.2
0.135211 4265.7
0.141259 3990.25
0.147318 3804.2
0.153489 3430.63
0.159709 3325.48
0.165845 3148.49
0.171974 3007.83
0.178125 2798.49
0.184229 2753.26
0.19034 2728.48
0.196428 2600.46
0.202534 2506.28
0.208729 2418.54
0.214876 2265.25
0.220989 2226.85
0.227147 2145.19
0.23329 2087.55
0.239377 2006.69
0.245482 1957.25
0.251667 1910.19
0.257832 1875.6
0.263955 1793.96
0.270079 1778.07
0.27624 1705.41
0.282372 1635.62
0.28843 1623.52
0.294538 1575.03
0.300721 1534.39
0.30691 1524.22
0.313033 1495.55
0.319153 1453.02
0.325316 1415.07
0.33145 1393.68
0.337538 1372.83
0.343633 1340.92
0.349808 1317.6
0.355968 1285.42
0.362074 1265.98
0.368217 1236.96
0.374374 1240.74
0.380519 1213.89
0.386598 1190.94
0.392688 1152.27
0.39888 1139.79
0.405048 1134.67
0.411186 1103.88
0.417313 1089.38
0.423458 1081.85
0.429607 1065.09
0.435692 1058.27
0.441815 1042.5
0.447964 1022.29
0.454126 1010.48
0.460267 997.082
0.466387 980.195
0.47254 974.845
0.478662 956.58
0.484765 944.287
0.490885 937.477
0.497035 918.18
0.503198 913.354
0.509342 895.695
0.515458 897.422
0.521598 882.083
0.527764 876.328
0.533884 865.547
0.54 855.861
0.546137 841.475
0.552299 834.505
0.558452 828.154
0.564573 820.424
0.570708 821.382
0.576825 803.913
0.582926 798.416
0.589034 791.138
0.595184 783.46
0.601379 777.238
0.607522 770.79
0.613639 758.793
0.619772 750.83
0.625918 745.357
0.632068 739.307
0.638161 736.768
0.6443 730.634
0.650464 721.76
0.656582 713.365
0.662703 708.565
0.668861 701.499
0.675024 698.579
0.681124 690.179
0.687237 685.783
0.693381 682.828
0.699536 677.169
0.705665 673.716
0.711789 669.292
0.717957 662.009
0.72409 655.008
0.730186 649.141
0.736317 646.193
0.742472 642.52
0.748622 634.272
0.75476 631.953
0.760888 631.256
0.767043 626.331
0.773185 619.037
0.779291 612.507
0.785407 613.099
0.791564 604.101
0.797719 606.29
0.803834 596.233
0.809972 594.767
0.816124 592.162
0.822261 588.867
0.828378 585.531
0.834502 581.243
0.840667 575.107
0.846816 574.093
0.852925 568.812
0.859047 567.431
0.865192 561.753
0.871341 562.781
0.877463 557.37
0.883569 551.923
0.889708 550.935
0.895864 545.712
0.902008 544.112
0.908149 538.991
0.914301 537.505
0.920448 533.637
0.926574 532.068
0.932687 527.46
0.938823 525.749
0.944975 522.433
0.951105 518.754
0.957225 515.869
0.963368 513.46
0.969511 511.765
0.975621 507.352
0.981748 506.46
0.987916 500.517
0.99406 500.068
1.00019 498.425
1.00632 493.211
1.01246 490.2
1.01859 489.6
1.02471 485.004
1.03085 482.563
1.03698 481.476
1.04314 481.2
1.04929 476.268
1.05541 472.712
1.06154 471.55
1.06769 468.516
1.07382 465.323
1.07993 464.544
1.08607 461.924
1.09222 456.513
1.09836 454.501
1.10449 454.576
1.11063 451.711
1.11677 448.873
1.1229 445.406
1.12903 444.199
1.13518 441.104
1.14131 439.447
1.14745 437.229
1.15359 433.143
1.15973 432.69
1.16584 430.7
1.17197 426.381
1.17811 424.797
1.18424 420.46
1.19038 418.167
1.19652 416.945
1.20267 414.644
1.20881 410.913
1.21495 410.145
1.22108 408.569
1.2272 406.331
1.23334 402.483
1.23949 400.24
1.24562 398.379
1.25174 394.844
1.25789 393.428
1.26402 389.652
1.27014 389.441
1.27628 385.06
1.28244 382.878
1.28858 380.329
1.29471 377.514
1.30084 376.405
1.30697 372.882
1.31312 371.559
1.31925 368.66
1.32537 366.043
1.33151 362.745
1.33765 361.244
1.34378 359.726
1.34992 356.516
1.35606 353.565
1.3622 351.232
1.36833 349.155
1.37445 347.577
1.38059 344.412
1.38675 342.446
1.39288 339.997
1.39901 337.802
1.40515 335.784
1.4113 332.734
1.41742 330.553
1.42355 328.76
1.4297 326.596
1.43585 325.319
1.44198 321.951
1.44809 319.692
1.45423 317.662
1.46036 315.425
1.46649 312.687
1.47263 310.944
1.47877 309.752
1.48491 306.548
1.49104 305.466
1.49718 302.912
1.50333 301.565
1.50947 299.096
1.5156 296.55
1.52172 295.032
1.52787 293.069
1.534 290.756
1.54013 288.461
1.54627 287.31
1.55241 285.695
1.55855 284.178
1.56467 281.587
1.5708 279.875
