0.00783031 -2039.8
0.013688 1175.64
0.019231 -1994.24
0.0249154 599.262
0.0312784 -1153.49
0.0375637 1261.67
0.0433917 319.972
0.0492413 504.269
0.0555754 909.725
0.0619321 1094.47
0.067871 838.128
0.0738098 873.257
0.0800417 974.602
0.0862327 1481.22
0.0921407 1500.18
0.0982031 1789.63
0.104506 1865.71
0.110769 1704.8
0.116806 1629.93
0.122832 1778.47
0.129052 1618.37
0.135211 1832.02
0.141259 1813.7
0.147318 1794.83
0.153489 1926.67
0.159709 1898.45
0.165845 2039.17
0.171974 2010.37
0.178125 2018.35
0.184229 1922.29
0.19034 1926.54
0.196428 2074.04
0.202534 1993.39
0.208729 1973.84
0.214876 2037.71
0.220989 1920.73
0.227147 2072.51
0.23329 2050.44
0.239377 2053.08
0.245482 1998.34
0.251667 2003.64
0.257832 2006.71
0.263955 2057.34
0.270079 2041.45
0.27624 2093.16
0.282372 2111.15
0.28843 2027.13
0.294538 2000.36
0.300721 2080.55
0.30691 2049.39
0.313033 2072.17
0.319153 1997.09
0.325316 1990.35
0.33145 2069.28
0.337538 1980.68
0.343633 2013.03
0.349808 2033.84
0.355968 2015.01
0.362074 1986.92
0.368217 1972.63
0.374374 1995.77
0.380519 1983.98
0.386598 1982.02
0.392688 1982.32
0.39888 1971.8
0.405048 1984.55
0.411186 1971.54
0.417313 1955.7
0.423458 1963.28
0.429607 1960.16
0.435692 1946.46
0.441815 1940.88
0.447964 1916.34
0.454126 1913.57
0.460267 1906.57
0.466387 1915.89
0.47254 1900.38
0.478662 1886.89
0.484765 1898.41
0.490885 1900.32
0.497035 1888.93
0.503198 1884.47
0.509342 1870.59
0.515458 1874.61
0.521598 1842.28
0.527764 1871.59
0.533884 1869.9
0.54 1861.42
0.546137 1855.53
0.552299 1845.5
0.558452 1832.05
0.564573 1814.2
0.570708 1826.54
0.576825 1816.51
0.582926 1813.2
0.589034 1807.76
0.595184 1818.57
0.601379 1790.34
0.607522 1797.87
0.613639 1772.89
0.619772 1786.71
0.625918 1788.55
0.632068 1752.42
0.638161 1757.99
0.6443 1755.9
0.650464 1741.6
0.656582 1747.22
0.662703 1742.36
0.668861 1728.03
0.675024 1725.05
0.681124 1735.19
0.687237 1710.42
0.693381 1703.68
0.699536 1694.7
0.705665 1691.44
0.711789 1700.05
0.717957 1692.09
0.72409 1677.96
0.730186 1671.58
0.736317 1670.45
0.742472 1656.66
0.748622 1654.8
0.75476 1648.32
0.760888 1641.69
0.767043 1635.79
0.773185 1633.75
0.779291 1619.04
0.785407 1609.62
0.791564 1605.81
0.797719 1600.08
0.803834 1600.98
0.809972 1591.91
0.816124 1590.47
0.822261 1583.48
0.828378 1577
0.834502 1570.1
0.840667 1558.51
0.846816 1562.89
0.852925 1548.23
0.859047 1545.72
0.865192 1543.97
0.871341 1539.44
0.877463 1519.76
0.883569 1527.41
0.889708 1519.4
0.895864 1504.1
0.902008 1511.43
0.908149 1503.4
0.914301 1510.31
0.920448 1493.54
0.926574 1481.7
0.932687 1477.01
0.938823 1469.38
0.944975 1471.68
0.951105 1459.33
0.957225 1453.8
0.963368 1442.26
0.969511 1434.49
0.975621 1437.16
0.981748 1433.65
0.987916 1424.12
0.99406 1408.86
1.00019 1406.6
1.00632 1403.5
1.01246 1404.99
1.01859 1391.16
1.02471 1380.11
1.03085 1383.15
1.03698 1374.37
1.04314 1364.74
1.04929 1357.7
1.05541 1355.81
1.06154 1352.1
1.06769 1343.2
1.07382 1341.07
1.07993 1331.93
1.08607 1334.86
1.09222 1320.22
1.09836 1321.57
1.10449 1311.45
1.11063 1304.23
1.11677 1301.18
1.1229 1292.84
1.12903 1284.55
1.13518 1281.79
1.14131 1274.54
1.14745 1274.88
1.15359 1260.26
1.15973 1261.36
1.16584 1260.28
1.17197 1246.62
1.17811 1243.65
1.18424 1231.26
1.19038 1226.85
1.19652 1229.37
1.20267 1216.77
1.20881 1213.68
1.21495 1212.92
1.22108 1203.43
1.2272 1203.52
1.23334 1194.25
1.23949 1186.69
1.24562 1181.91
1.25174 1178.99
1.25789 1169.7
1.26402 1162.95
1.27014 1163.09
1.27628 1152.84
1.28244 1153.65
1.28858 1144.33
1.29471 1140.05
1.30084 1131.82
1.30697 1126.67
1.31312 1123.36
1.31925 1118.52
1.32537 1112.3
1.33151 1105.82
1.33765 1104.66
1.34378 1097.02
1.34992 1093.9
1.35606 1092.14
1.3622 1082.61
1.36833 1074.98
1.37445 1072.78
1.38059 1068.52
1.38675 1064.13
1.39288 1057.84
1.39901 1051.81
1.40515 1052.31
1.4113 1046.27
1.41742 1040.9
1.42355 1036.48
1.4297 1028.87
1.43585 1028.41
1.44198 1021.33
1.44809 1016.76
1.45423 1010.97
1.46036 1008.51
1.46649 1001.79
1.47263 997.443
1.47877 991.403
1.48491 990.649
1.49104 984.534
1.49718 981.663
1.50333 971.099
1.50947 972.578
1.5156 963.728
1.52172 961.417
1.52787 955.794
1.534 950.123
1.54013 946.755
1.54627 943.401
1.55241 937.495
1.55855 933.848
1.56467 929.672
1.5708 929.117
