0.00783031 4001.99
0.013688 4284.94
0.019231 4033.97
0.0249154 3325.7
0.0312784 3594.26
0.0375637 2967.87
0.0433917 2905.01
0.0492413 2803.88
0.0555754 2468.67
0.0619321 2549.07
0.067871 2243.15
0.0738098 2149.67
0.0800417 1908.4
0.0862327 1914.41
0.0921407 1819.04
0.0982031 1652.13
0.104506 1669.7
0.110769 1559.1
0.116806 1487.09
0.122832 1393.79
0.129052 1391.97
0.135211 1361.54
0.141259 1253.88
0.147318 1267.18
0.153489 1183.93
0.159709 1128.95
0.165845 1108.69
0.171974 1033.45
0.178125 1028.91
0.184229 981.814
0.19034 977.368
0.196428 969.813
0.202534 909.347
0.208729 893.596
0.214876 861.65
0.220989 829.475
0.227147 823.897
0.23329 803.716
0.239377 771.727
0.245482 760.272
0.251667 738.68
0.257832 730.606
0.263955 709.593
0.270079 690.679
0.27624 671.901
0.282372 658.272
0.28843 645.189
0.294538 628.631
0.300721 614.358
0.30691 613.709
0.313033 593.287
0.319153 578.526
0.325316 564.974
0.33145 551.172
0.337538 552.27
0.343633 545.011
0.349808 529.34
0.355968 523.132
0.362074 506.821
0.368217 503.396
0.374374 488.445
0.380519 488.576
0.386598 475.374
0.392688 469.74
0.39888 462.433
0.405048 457.291
0.411186 445.536
0.417313 442.117
0.423458 435.099
0.429607 429.983
0.435692 421.696
0.441815 417.295
0.447964 411.436
0.454126 406.119
0.460267 403.856
0.466387 395.886
0.47254 390.794
0.478662 385.981
0.484765 378.006
0.490885 373.536
0.497035 367.99
0.503198 363.856
0.509342 361.373
0.515458 357.845
0.521598 349.976
0.527764 347.554
0.533884 342.29
0.54 337.674
0.546137 337.262
0.552299 330.892
0.558452 327.997
0.564573 324.673
0.570708 324.828
0.576825 319.244
0.582926 315.806
0.589034 311.074
0.595184 308.035
0.601379 305.516
0.607522 300.29
0.613639 297.347
0.619772 297.896
0.625918 292.299
0.632068 291.075
0.638161 286.112
0.6443 283.299
0.650464 279.302
0.656582 277.343
0.662703 276.939
0.668861 273.322
0.675024 271.27
0.681124 268.791
0.687237 266.771
0.693381 264.033
0.699536 262.628
0.705665 260.797
0.711789 257.381
0.717957 255.948
0.72409 254.27
0.730186 250.594
0.736317 247.989
0.742472 247.691
0.748622 244.419
0.75476 244.121
0.760888 240.607
0.767043 240.255
0.773185 237.555
0.779291 236.23
0.785407 234.489
0.791564 234.121
0.797719 230.562
0.803834 228.353
0.809972 226.8
0.816124 225.446
0.822261 225.775
0.828378 221.285
0.834502 221.562
0.840667 219.093
0.846816 218.424
0.852925 217.048
0.859047 214.668
0.865192 213.932
0.871341 211.681
0.877463 212.592
0.883569 209.731
0.889708 208.448
0.895864 207.359
0.902008 206.802
0.908149 204.249
0.914301 204.02
0.920448 201.901
0.926574 200.88
0.932687 199.538
0.938823 198.656
0.944975 198.402
0.951105 197.438
0.957225 195.483
0.963368 193.416
0.969511 193.281
0.975621 192.336
0.981748 191.5
0.987916 190.525
0.99406 189.243
1.00019 187.903
1.00632 187.006
1.01246 185.535
1.01859 185.145
1.02471 183.94
1.03085 183.034
1.03698 182.787
1.04314 181.853
1.04929 181.104
1.05541 180.349
1.06154 179.215
1.06769 178.478
1.07382 177.392
1.07993 176.566
1.08607 175.254
1.09222 175.298
1.09836 173.803
1.10449 172.895
1.11063 172.033
1.11677 172.275
1.1229 170.605
1.12903 170.115
1.13518 169.21
1.14131 168.229
1.14745 167.901
1.15359 167.143
1.15973 166.867
1.16584 165.7
1.17197 164.485
1.17811 164.221
1.18424 164
1.19038 162.677
1.19652 162.267
1.20267 161.767
1.20881 161.053
1.21495 160.458
1.22108 159.65
1.2272 159.285
1.23334 158.619
1.23949 158.092
1.24562 157.497
1.25174 156.968
1.25789 156.505
1.26402 155.584
1.27014 154.596
1.27628 154.642
1.28244 153.666
1.28858 153.528
1.29471 152.642
1.30084 152.939
1.30697 151.653
1.31312 150.835
1.31925 150.785
1.32537 149.955
1.33151 149.286
1.33765 149.253
1.34378 148.527
1.34992 148.15
1.35606 147.405
1.3622 147.362
1.36833 146.655
1.37445 146.304
1.38059 145.257
1.38675 145.034
1.39288 144.889
1.39901 144.372
1.40515 144.393
1.4113 143.569
1.41742 142.956
1.42355 142.523
1.4297 142.291
1.43585 141.674
1.44198 141.688
1.44809 140.99
1.45423 140.322
1.46036 140.124
1.46649 139.303
1.47263 139.243
1.47877 138.861
1.48491 138.769
1.49104 137.981
1.49718 137.247
1.50333 137.46
1.50947 137.086
1.5156 136.242
1.52172 136.048
1.52787 136.032
1.534 135.46
1.54013 134.526
1.54627 134.906
1.55241 134.356
1.55855 134.114
1.56467 133.684
1.5708 133.603
