0.00783031 9169.88
0.013688 10798.9
0.019231 9859.37
0.0249154 8331.92
0.0312784 9348.88
0.0375637 8990.86
0.0433917 9026.46
0.0492413 9030.72
0.0555754 9094.02
0.0619321 9541.45
0.067871 9408.04
0.0738098 8520.71
0.0800417 8416.37
0.0862327 8175.17
0.0921407 8163.51
0.0982031 7828.76
0.104506 7847.17
0.110769 7848.8
0.116806 7542.61
0.122832 7599.73
0.129052 7145
0.135211 7227.74
0.141259 7057.64
0.147318 7056.55
0.153489 6953.28
0.159709 6634.27
0.165845 6667.42
0.171974 6581.66
0.178125 6691.15
0.184229 6328.76
0.19034 6244.97
0.196428 6250.8
0.202534 6111.68
0.208729 5911.81
0.214876 5892.78
0.220989 5736.6
0.227147 5875.45
0.23329 5806.84
0.239377 5662.65
0.245482 5658.54
0.251667 5481.05
0.257832 5472.86
0.263955 5407.98
0.270079 5413.15
0.27624 5338.23
0.282372 5361.83
0.28843 5237.32
0.294538 5141.15
0.300721 5163.81
0.30691 5093.96
0.313033 5064.96
0.319153 4924.33
0.325316 4873.85
0.33145 4909.71
0.337538 4810.08
0.343633 4834.12
0.349808 4813.8
0.355968 4734.43
0.362074 4667.91
0.368217 4593.76
0.374374 4619.13
0.380519 4644.63
0.386598 4605.34
0.392688 4563.45
0.39888 4522.08
0.405048 4523.2
0.411186 4472.76
0.417313 4403.68
0.423458 4423.33
0.429607 4377
0.435692 4367.07
0.441815 4348.93
0.447964 4281.39
0.454126 4295.17
0.460267 4214.02
0.466387 4223.85
0.47254 4195.5
0.478662 4172.55
0.484765 4143.29
0.490885 4130.05
0.497035 4118.39
0.503198 4111.15
0.509342 4058.89
0.515458 4063.94
0.521598 4013.88
0.527764 4040.79
0.533884 4049.74
0.54 4027.04
0.546137 4001.4
0.552299 3983.96
0.558452 3932.5
0.564573 3915.29
0.570708 3925.25
0.576825 3900.79
0.582926 3893.89
0.589034 3886.77
0.595184 3876.45
0.601379 3840.59
0.607522 3832.14
0.613639 3802.49
0.619772 3823.68
0.625918 3796.77
0.632068 3750.26
0.638161 3756.77
0.6443 3732.89
0.650464 3716.35
0.656582 3737.93
0.662703 3706.62
0.668861 3685.23
0.675024 3673.87
0.681124 3685.49
0.687237 3643.21
0.693381 3638.39
0.699536 3619.88
0.705665 3616.23
0.711789 3630.57
0.717957 3619.55
0.72409 3588.17
0.730186 3582.12
0.736317 3569.75
0.742472 3544.31
0.748622 3536.22
0.75476 3539.1
0.760888 3525.54
0.767043 3513.32
0.773185 3511.65
0.779291 3493.31
0.785407 3474.9
0.791564 3463.1
0.797719 3455.81
0.803834 3460.6
0.809972 3450.63
0.816124 3447.31
0.822261 3433.72
0.828378 3421.82
0.834502 3412.52
0.840667 3391.95
0.846816 3403.64
0.852925 3375.69
0.859047 3383.4
0.865192 3377.94
0.871341 3366.9
0.877463 3344.81
0.883569 3353.69
0.889708 3349.58
0.895864 3320.17
0.902008 3332.78
0.908149 3329.13
0.914301 3340.5
0.920448 3315.11
0.926574 3294.79
0.932687 3292.48
0.938823 3276.99
0.944975 3289.6
0.951105 3275.63
0.957225 3267.33
0.963368 3243.05
0.969511 3238.54
0.975621 3241.58
0.981748 3240.92
0.987916 3226.76
0.99406 3214.33
1.00019 3198.62
1.00632 3202.3
1.01246 3214.39
1.01859 3181.39
1.02471 3169.48
1.03085 3185.82
1.03698 3167.72
1.04314 3159.33
1.04929 3145.12
1.05541 3147.6
1.06154 3149.56
1.06769 3135.61
1.07382 3136.23
1.07993 3128.52
1.08607 3133.18
1.09222 3113.05
1.09836 3117.59
1.10449 3110.79
1.11063 3095.41
1.11677 3095.71
1.1229 3091.31
1.12903 3077.77
1.13518 3069.55
1.14131 3064.28
1.14745 3071.67
1.15359 3045.57
1.15973 3053.04
1.16584 3056.8
1.17197 3034.23
1.17811 3033.35
1.18424 3016.03
1.19038 3011.54
1.19652 3020.55
1.20267 3003.95
1.20881 3004
1.21495 3003.89
1.22108 2988.5
1.2272 2995.07
1.23334 2978.18
1.23949 2969.92
1.24562 2968.55
1.25174 2964.24
1.25789 2951.38
1.26402 2949.17
1.27014 2950.59
1.27628 2938.14
1.28244 2938.72
1.28858 2926.75
1.29471 2929.08
1.30084 2912.94
1.30697 2908.73
1.31312 2904.18
1.31925 2900.3
1.32537 2890.75
1.33151 2888.58
1.33765 2884.73
1.34378 2876.52
1.34992 2876.04
1.35606 2873.01
1.3622 2863.86
1.36833 2853.51
1.37445 2849.24
1.38059 2848.58
1.38675 2846.88
1.39288 2832.09
1.39901 2826.99
1.40515 2831.49
1.4113 2825.96
1.41742 2813.61
1.42355 2808.35
1.4297 2803.89
1.43585 2807.68
1.44198 2793.2
1.44809 2787.72
1.45423 2780.22
1.46036 2781.42
1.46649 2774.83
1.47263 2771.42
1.47877 2757.5
1.48491 2762.71
1.49104 2752.25
1.49718 2748.4
1.50333 2734.14
1.50947 2740.49
1.5156 2729.58
1.52172 2723.09
1.52787 2713.92
1.534 2707.59
1.54013 2707.96
1.54627 2706.5
1.55241 2692.34
1.55855 2689.43
1.56467 2683.28
1.5708 2688.44
