0.00783031 3352.13
0.013688 4196.82
0.019231 4598.48
0.0249154 3061.86
0.0312784 3479.06
0.0375637 2896.71
0.0433917 2983.68
0.0492413 2657.34
0.0555754 2579.56
0.0619321 2379.65
0.067871 2178.57
0.0738098 2180.96
0.0800417 1954.96
0.0862327 2038.95
0.0921407 1872.54
0.0982031 1748.38
0.104506 1669.31
0.110769 1645.77
0.116806 1534.2
0.122832 1476.37
0.129052 1423.47
0.135211 1367
0.141259 1297.76
0.147318 1286.4
0.153489 1236.38
0.159709 1200.45
0.165845 1161.58
0.171974 1099.96
0.178125 1108.1
0.184229 1045.91
0.19034 1017.75
0.196428 998.95
0.202534 981.767
0.208729 945.507
0.214876 934.241
0.220989 902.642
0.227147 882.886
0.23329 858.408
0.239377 830.09
0.245482 822.901
0.251667 794.255
0.257832 783.327
0.263955 767.599
0.270079 745.256
0.27624 726.287
0.282372 716.449
0.28843 707.05
0.294538 679.957
0.300721 673.165
0.30691 659.924
0.313033 649.377
0.319153 631.572
0.325316 627.136
0.33145 614.407
0.337538 594.85
0.343633 582.076
0.349808 575.44
0.355968 566.334
0.362074 562.433
0.368217 540.826
0.374374 543.163
0.380519 528.508
0.386598 514.426
0.392688 514.392
0.39888 507.083
0.405048 496.615
0.411186 488.501
0.417313 487.18
0.423458 477.575
0.429607 471.752
0.435692 463.913
0.441815 458.638
0.447964 450.771
0.454126 448.258
0.460267 435.589
0.466387 428.689
0.47254 428.707
0.478662 419.506
0.484765 418.289
0.490885 407.136
0.497035 404.598
0.503198 395.639
0.509342 393.356
0.515458 386.466
0.521598 383.519
0.527764 380.271
0.533884 374.537
0.54 370.093
0.546137 363.998
0.552299 359.303
0.558452 353.404
0.564573 352.329
0.570708 348.879
0.576825 338.574
0.582926 341.227
0.589034 334.485
0.595184 332.418
0.601379 326.657
0.607522 325.267
0.613639 320.929
0.619772 317.062
0.625918 312.932
0.632068 310.778
0.638161 306.906
0.6443 303.628
0.650464 299.435
0.656582 297.994
0.662703 294.114
0.668861 290.503
0.675024 287.167
0.681124 285.265
0.687237 283.688
0.693381 277.987
0.699536 275.589
0.705665 275.178
0.711789 270.032
0.717957 267.039
0.72409 263.963
0.730186 262.512
0.736317 259.684
0.742472 257.867
0.748622 254.357
0.75476 251.598
0.760888 250.381
0.767043 248.875
0.773185 245.514
0.779291 242.953
0.785407 242.354
0.791564 237.342
0.797719 236.39
0.803834 234.53
0.809972 231.916
0.816124 231.454
0.822261 227.187
0.828378 226.045
0.834502 223.611
0.840667 223.165
0.846816 220.117
0.852925 217.492
0.859047 215.268
0.865192 214.705
0.871341 212.009
0.877463 209.747
0.883569 209.609
0.889708 207.861
0.895864 205.175
0.902008 203.805
0.908149 202.349
0.914301 201.175
0.920448 198.726
0.926574 197.319
0.932687 195.856
0.938823 193.336
0.944975 192.859
0.951105 191.214
0.957225 188.573
0.963368 188.375
0.969511 185.826
0.975621 184.191
0.981748 184.264
0.987916 181.709
0.99406 180.464
1.00019 178.968
1.00632 177.317
1.01246 176.351
1.01859 175.34
1.02471 173.753
1.03085 172.536
1.03698 171.462
1.04314 169.564
1.04929 169.26
1.05541 167.252
1.06154 165.599
1.06769 165.563
1.07382 164.372
1.07993 162.188
1.08607 160.673
1.09222 159.886
1.09836 159.088
1.10449 158.158
1.11063 156.941
1.11677 155.629
1.1229 154.341
1.12903 153.033
1.13518 152.111
1.14131 150.82
1.14745 150.316
1.15359 148.92
1.15973 148.241
1.16584 146.949
1.17197 145.781
1.17811 145.188
1.18424 143.597
1.19038 142.896
1.19652 141.871
1.20267 141.252
1.20881 140.619
1.21495 138.801
1.22108 138.098
1.2272 137.397
1.23334 136.667
1.23949 135.712
1.24562 134.741
1.25174 132.988
1.25789 132.802
1.26402 132.01
1.27014 131.123
1.27628 130.212
1.28244 129.218
1.28858 128.36
1.29471 127.754
1.30084 126.807
1.30697 126.346
1.31312 125.215
1.31925 124.679
1.32537 123.449
1.33151 123.033
1.33765 122.327
1.34378 122.08
1.34992 120.615
1.35606 120.296
1.3622 119.388
1.36833 118.514
1.37445 117.764
1.38059 117.107
1.38675 116.281
1.39288 115.639
1.39901 114.865
1.40515 114.836
1.4113 114.053
1.41742 112.939
1.42355 112.449
1.4297 111.955
1.43585 111.151
1.44198 110.251
1.44809 109.441
1.45423 109.098
1.46036 108.663
1.46649 108.018
1.47263 107.304
1.47877 106.515
1.48491 106.08
1.49104 105.65
1.49718 105.101
1.50333 104.329
1.50947 103.485
1.5156 103.003
1.52172 102.784
1.52787 102.015
1.534 101.456
1.54013 100.892
1.54627 100.364
1.55241 99.6878
1.55855 99.3526
1.56467 98.7445
1.5708 98.0212
