0.00783031 -4164.35
0.013688 -2278.97
0.019231 -3669.27
0.0249154 -1588.61
0.0312784 584.543
0.0375637 -291.289
0.0433917 -421.238
0.0492413 -178.773
0.0555754 399.541
0.0619321 163.286
0.067871 276.087
0.0738098 663.449
0.0800417 788.133
0.0862327 387.978
0.0921407 673.272
0.0982031 833.796
0.104506 807.002
0.110769 898.931
0.116806 887.849
0.122832 906.534
0.129052 939.678
0.135211 931.602
0.141259 935.473
0.147318 1033.56
0.153489 1082.65
0.159709 1025.54
0.165845 1095.1
0.171974 1061.03
0.178125 1109.66
0.184229 1206.63
0.19034 1071.24
0.196428 1083.8
0.202534 1106.34
0.208729 1066.91
0.214876 1090.94
0.220989 1068.29
0.227147 1142.81
0.23329 1156.13
0.239377 1136.72
0.245482 1113.88
0.251667 1133.76
0.257832 1108.93
0.263955 1110.59
0.270079 1145.15
0.27624 1100.79
0.282372 1089.08
0.28843 1114.35
0.294538 1080.34
0.300721 1088.26
0.30691 1088.28
0.313033 1055.08
0.319153 1098.99
0.325316 1065.66
0.33145 1061.34
0.337538 1055.32
0.343633 1055.22
0.349808 1027.47
0.355968 1058.07
0.362074 1051.87
0.368217 1015.44
0.374374 1020.23
0.380519 1023.7
0.386598 1016.39
0.392688 1000.55
0.39888 1001.25
0.405048 981.132
0.411186 973.348
0.417313 978.844
0.423458 961.746
0.429607 952.864
0.435692 935.357
0.441815 958.455
0.447964 937.259
0.454126 935.612
0.460267 938.806
0.466387 924.815
0.47254 912.213
0.478662 911.309
0.484765 914.8
0.490885 900.808
0.497035 897.616
0.503198 881.909
0.509342 882.637
0.515458 880.412
0.521598 876.084
0.527764 863.636
0.533884 864.434
0.54 853.927
0.546137 842.475
0.552299 832.821
0.558452 826.419
0.564573 823.373
0.570708 818.343
0.576825 808.047
0.582926 809.581
0.589034 797.828
0.595184 798.019
0.601379 787.467
0.607522 773.286
0.613639 769.758
0.619772 769.26
0.625918 760.558
0.632068 756.186
0.638161 744.068
0.6443 745.265
0.650464 738.757
0.656582 727.431
0.662703 727.405
0.668861 715.541
0.675024 717.492
0.681124 712.152
0.687237 702.781
0.693381 701.699
0.699536 690.963
0.705665 690.862
0.711789 679.471
0.717957 678.78
0.72409 671.914
0.730186 659.874
0.736317 664.277
0.742472 653.322
0.748622 655.667
0.75476 648.265
0.760888 640.996
0.767043 639.141
0.773185 631.37
0.779291 623.306
0.785407 619.249
0.791564 615.347
0.797719 616.827
0.803834 606.96
0.809972 597.178
0.816124 595.226
0.822261 591.293
0.828378 585.639
0.834502 583.251
0.840667 576.18
0.846816 571.966
0.852925 566.579
0.859047 565.59
0.865192 560.664
0.871341 551.239
0.877463 549.97
0.883569 545.477
0.889708 540.213
0.895864 537.303
0.902008 533.483
0.908149 528.946
0.914301 522.89
0.920448 520.932
0.926574 514.672
0.932687 511.217
0.938823 510.291
0.944975 504.369
0.951105 496.679
0.957225 494.807
0.963368 489.565
0.969511 484.936
0.975621 480.126
0.981748 478.94
0.987916 476.898
0.99406 471.646
1.00019 466.409
1.00632 462.617
1.01246 461.465
1.01859 459.212
1.02471 453.426
1.03085 450.055
1.03698 443.915
1.04314 441.133
1.04929 437.436
1.05541 436.594
1.06154 430.815
1.06769 428.489
1.07382 424.701
1.07993 420.841
1.08607 418.188
1.09222 414.892
1.09836 410.441
1.10449 407.044
1.11063 403.277
1.11677 402.432
1.1229 397.572
1.12903 395.53
1.13518 391.795
1.14131 389.85
1.14745 385.322
1.15359 381.588
1.15973 378.415
1.16584 377.136
1.17197 373.921
1.17811 370.025
1.18424 367.639
1.19038 364.671
1.19652 362.123
1.20267 360.314
1.20881 355.695
1.21495 354.001
1.22108 350.265
1.2272 349.007
1.23334 345.158
1.23949 342.457
1.24562 340.131
1.25174 337.769
1.25789 335.019
1.26402 332.08
1.27014 331.068
1.27628 325.988
1.28244 325.263
1.28858 321.421
1.29471 319.14
1.30084 317.329
1.30697 314.451
1.31312 313.315
1.31925 309.355
1.32537 308.189
1.33151 305.993
1.33765 302.903
1.34378 300.738
1.34992 298.323
1.35606 295.986
1.3622 294.922
1.36833 291.005
1.37445 288.9
1.38059 286.725
1.38675 285.271
1.39288 282.63
1.39901 281.086
1.40515 279.149
1.4113 276.725
1.41742 274.393
1.42355 273.233
1.4297 270.273
1.43585 268.451
1.44198 267.022
1.44809 264.748
1.45423 262.098
1.46036 260.129
1.46649 258.642
1.47263 255.616
1.47877 254.18
1.48491 252.582
1.49104 250.882
1.49718 248.097
1.50333 246.488
1.50947 244.811
1.5156 243.376
1.52172 241.394
1.52787 239.518
1.534 237.815
1.54013 235.486
1.54627 234.436
1.55241 233.57
1.55855 232.002
1.56467 229.26
1.5708 227.518
