0.00783031 20493
0.013688 25825.1
0.019231 26179.9
0.0249154 23806
0.0312784 20875.9
0.0375637 17536.7
0.0433917 15509.1
0.0492413 13817.5
0.0555754 12740.4
0.0619321 11126.4
0.067871 10881.4
0.0738098 10145.7
0.0800417 9019.34
0.0862327 8243.35
0.0921407 7415.72
0.0982031 6695.26
0.104506 6207.54
0.110769 5761.82
0.116806 5496.52
0.122832 5338.85
0.129052 5023.68
0.135211 4756.66
0.141259 4423.18
0.147318 4228.01
0.153489 3917.56
0.159709 3724.52
0.165845 3524
0.171974 3463.18
0.178125 3378.85
0.184229 3215.42
0.19034 3091.04
0.196428 2986.44
0.202534 2819.48
0.208729 2732.97
0.214876 2675
0.220989 2591.06
0.227147 2490.38
0.23329 2395.72
0.239377 2362.17
0.245482 2308.02
0.251667 2256.08
0.257832 2188.88
0.263955 2124
0.270079 2083.36
0.27624 2003.33
0.282372 2001.41
0.28843 1905.54
0.294538 1888.41
0.300721 1864.48
0.30691 1825.14
0.313033 1795.03
0.319153 1758.32
0.325316 1705.96
0.33145 1683.62
0.337538 1648.11
0.343633 1611.74
0.349808 1600.41
0.355968 1551.65
0.362074 1525.04
0.368217 1503.34
0.374374 1493.54
0.380519 1457.87
0.386598 1441.07
0.392688 1426.2
0.39888 1401.04
0.405048 1366.14
0.411186 1344.36
0.417313 1337.29
0.423458 1320.63
0.429607 1299.41
0.435692 1289.1
0.441815 1269.26
0.447964 1244.72
0.454126 1221.5
0.460267 1217.96
0.466387 1210.12
0.47254 1186.7
0.478662 1170.66
0.484765 1155.82
0.490885 1145.36
0.497035 1140.15
0.503198 1123.22
0.509342 1104.45
0.515458 1096.88
0.521598 1083.12
0.527764 1070.65
0.533884 1055.21
0.54 1047.56
0.546137 1034.56
0.552299 1024.54
0.558452 1006.33
0.564573 1005.17
0.570708 989.738
0.576825 979.806
0.582926 971.93
0.589034 963.18
0.595184 953.594
0.601379 942.837
0.607522 936.262
0.613639 921.818
0.619772 913.73
0.625918 907.357
0.632068 895.497
0.638161 889.364
0.6443 881.749
0.650464 873.288
0.656582 867.282
0.662703 857.644
0.668861 850.205
0.675024 841.391
0.681124 834.527
0.687237 826.967
0.693381 814.717
0.699536 809.004
0.705665 802.687
0.711789 799.276
0.717957 790.123
0.72409 779.488
0.730186 773.537
0.736317 768.784
0.742472 760.68
0.748622 756.67
0.75476 750.077
0.760888 740.323
0.767043 736.263
0.773185 733.264
0.779291 722.777
0.785407 718.124
0.791564 709.408
0.797719 705.226
0.803834 699.786
0.809972 686.64
0.816124 686.439
0.822261 675.699
0.828378 674.223
0.834502 669.828
0.840667 663.238
0.846816 654.304
0.852925 649.448
0.859047 645.634
0.865192 640.43
0.871341 637.33
0.877463 630.689
0.883569 625.51
0.889708 620.243
0.895864 615.378
0.902008 607.588
0.908149 603.315
0.914301 597.742
0.920448 595.829
0.926574 587.766
0.932687 584.311
0.938823 581.526
0.944975 575.556
0.951105 569.621
0.957225 565.745
0.963368 560.809
0.969511 554.758
0.975621 551.12
0.981748 545.91
0.987916 543.435
0.99406 538.451
1.00019 534.196
1.00632 529.204
1.01246 526.019
1.01859 520.055
1.02471 518.002
1.03085 511.673
1.03698 508.696
1.04314 502.528
1.04929 497.636
1.05541 495.355
1.06154 490.268
1.06769 488.129
1.07382 484.234
1.07993 477.304
1.08607 475.547
1.09222 470.743
1.09836 466.175
1.10449 463.892
1.11063 460.261
1.11677 456.244
1.1229 451.44
1.12903 449.101
1.13518 445.082
1.14131 439.96
1.14745 436.667
1.15359 434.708
1.15973 430.777
1.16584 426.039
1.17197 422.699
1.17811 420.294
1.18424 417.595
1.19038 413.723
1.19652 408.697
1.20267 406.481
1.20881 401.887
1.21495 398.665
1.22108 396.984
1.2272 393.646
1.23334 389.344
1.23949 386.068
1.24562 383.57
1.25174 380.224
1.25789 376.866
1.26402 373.617
1.27014 370.696
1.27628 367.341
1.28244 363.734
1.28858 362.441
1.29471 358.208
1.30084 354.59
1.30697 354.365
1.31312 349.537
1.31925 347.558
1.32537 342.513
1.33151 341.645
1.33765 337.766
1.34378 334.519
1.34992 333.287
1.35606 330.202
1.3622 328.489
1.36833 324.589
1.37445 322.135
1.38059 319.208
1.38675 316.746
1.39288 313.821
1.39901 311.945
1.40515 308.766
1.4113 305.822
1.41742 304.076
1.42355 301.819
1.4297 299.514
1.43585 296.444
1.44198 295.813
1.44809 292.216
1.45423 289.379
1.46036 287.171
1.46649 284.089
1.47263 282.275
1.47877 279.216
1.48491 278.166
1.49104 275.166
1.49718 273.971
1.50333 270.65
1.50947 268.215
1.5156 266.305
1.52172 263.904
1.52787 262.219
1.534 259.995
1.54013 257.495
1.54627 255.484
1.55241 253.226
1.55855 251.025
1.56467 249.596
1.5708 248.082
