0.00783031 2233.59
0.013688 885.552
0.019231 -307.863
0.0249154 363.366
0.0312784 1016.97
0.0375637 811.428
0.0433917 -645.873
0.0492413 823.076
0.0555754 1051.29
0.0619321 1213.47
0.067871 1162.76
0.0738098 1143.24
0.0800417 1210.27
0.0862327 1243.57
0.0921407 1488.01
0.0982031 1352.57
0.104506 1488.76
0.110769 1394.14
0.116806 1560.79
0.122832 1669.86
0.129052 1613.77
0.135211 1587.97
0.141259 1767.88
0.147318 1671.66
0.153489 1799.59
0.159709 1638.44
0.165845 1854.06
0.171974 1682.24
0.178125 1768.82
0.184229 1880.53
0.19034 1826.21
0.196428 1773.71
0.202534 1852.93
0.208729 1886.43
0.214876 1830.32
0.220989 1846.36
0.227147 1844.44
0.23329 1852.37
0.239377 1837
0.245482 1796.38
0.251667 1883.87
0.257832 1818.32
0.263955 1832.95
0.270079 1808.67
0.27624 1844.01
0.282372 1858.47
0.28843 1831.04
0.294538 1796.96
0.300721 1781.91
0.30691 1814.12
0.313033 1797.31
0.319153 1799.43
0.325316 1765.07
0.33145 1779.46
0.337538 1786.77
0.343633 1804.68
0.349808 1781.74
0.355968 1776.43
0.362074 1729.1
0.368217 1754.81
0.374374 1742.89
0.380519 1730.94
0.386598 1730.37
0.392688 1725.71
0.39888 1728.78
0.405048 1710.5
0.411186 1680.56
0.417313 1683.39
0.423458 1691.63
0.429607 1653.89
0.435692 1635.91
0.441815 1646.57
0.447964 1653.82
0.454126 1633.18
0.460267 1653.23
0.466387 1611.64
0.47254 1604.92
0.478662 1597.52
0.484765 1583.66
0.490885 1577.68
0.497035 1566.49
0.503198 1584.53
0.509342 1569.95
0.515458 1561.97
0.521598 1559.48
0.527764 1533.63
0.533884 1538.43
0.54 1523.9
0.546137 1530.05
0.552299 1518.95
0.558452 1516.96
0.564573 1491.23
0.570708 1500.48
0.576825 1488.11
0.582926 1490.49
0.589034 1478.58
0.595184 1470.9
0.601379 1465.9
0.607522 1445.06
0.613639 1443.71
0.619772 1428.04
0.625918 1428.35
0.632068 1419.51
0.638161 1408.84
0.6443 1406.9
0.650464 1396.32
0.656582 1383.67
0.662703 1383.31
0.668861 1388.22
0.675024 1379
0.681124 1363.41
0.687237 1351.84
0.693381 1344.55
0.699536 1346.05
0.705665 1332.77
0.711789 1327.09
0.717957 1317.59
0.72409 1314.15
0.730186 1296.43
0.736317 1297.93
0.742472 1292.45
0.748622 1285.88
0.75476 1293.36
0.760888 1271.68
0.767043 1271.64
0.773185 1257.09
0.779291 1253.94
0.785407 1248.09
0.791564 1232.62
0.797719 1231.74
0.803834 1223.76
0.809972 1217.73
0.816124 1213.37
0.822261 1203.37
0.828378 1195.79
0.834502 1182.68
0.840667 1176.08
0.846816 1180.25
0.852925 1168.92
0.859047 1162.23
0.865192 1160.67
0.871341 1152.34
0.877463 1141.07
0.883569 1140.18
0.889708 1127.94
0.895864 1120.01
0.902008 1115.43
0.908149 1114.9
0.914301 1102.54
0.920448 1097.54
0.926574 1089.73
0.932687 1085.25
0.938823 1079.01
0.944975 1064.32
0.951105 1061.56
0.957225 1060.92
0.963368 1053.93
0.969511 1041.29
0.975621 1033.35
0.981748 1038.53
0.987916 1026.2
0.99406 1029.69
1.00019 1016.16
1.00632 1009.8
1.01246 1002.78
1.01859 992.689
1.02471 996.137
1.03085 985.692
1.03698 983.302
1.04314 973.378
1.04929 973.57
1.05541 960.245
1.06154 953.509
1.06769 952.651
1.07382 942.834
1.07993 942.066
1.08607 930.978
1.09222 931.252
1.09836 922.177
1.10449 920.127
1.11063 907.791
1.11677 903.465
1.1229 900.922
1.12903 889.347
1.13518 891.331
1.14131 879.198
1.14745 878.727
1.15359 870.939
1.15973 866.799
1.16584 857.509
1.17197 858.344
1.17811 849.516
1.18424 842.906
1.19038 836.986
1.19652 830.654
1.20267 823.962
1.20881 822.014
1.21495 820.215
1.22108 812.806
1.2272 806.43
1.23334 799.837
1.23949 799.692
1.24562 797.194
1.25174 788.459
1.25789 782.08
1.26402 776.373
1.27014 773.225
1.27628 771.529
1.28244 763.502
1.28858 757.98
1.29471 753.604
1.30084 749.159
1.30697 743.896
1.31312 736.879
1.31925 734.024
1.32537 726.528
1.33151 725.624
1.33765 722.102
1.34378 716.726
1.34992 710.749
1.35606 704.045
1.3622 699.52
1.36833 700.964
1.37445 692.269
1.38059 688.329
1.38675 681.838
1.39288 679.667
1.39901 675.11
1.40515 670.535
1.4113 665.428
1.41742 660.813
1.42355 656.754
1.4297 655.533
1.43585 649.585
1.44198 645.875
1.44809 640.57
1.45423 636.653
1.46036 634.701
1.46649 626.838
1.47263 624.266
1.47877 619.785
1.48491 616.472
1.49104 615.862
1.49718 609.268
1.50333 605.706
1.50947 600.761
1.5156 596.388
1.52172 593.963
1.52787 589.937
1.534 587.588
1.54013 583.107
1.54627 578.076
1.55241 576.351
1.55855 573.936
1.56467 567.924
1.5708 564.76
