0.00783031 20737.6
0.013688 25429.6
0.019231 26025.9
0.0249154 23645.1
0.0312784 21404.4
0.0375637 17799.9
0.0433917 15275
0.0492413 14342.5
0.0555754 13025.9
0.0619321 12088.6
0.067871 11608.4
0.0738098 10521.3
0.0800417 9787.45
0.0862327 8747.54
0.0921407 8006.01
0.0982031 7282.91
0.104506 6587.03
0.110769 6261.46
0.116806 6063.34
0.122832 5908.69
0.129052 5704.97
0.135211 5320.63
0.141259 5084.35
0.147318 4798.5
0.153489 4650.23
0.159709 4267.47
0.165845 4147.16
0.171974 3955.08
0.178125 3852.83
0.184229 3775.08
0.19034 3629.9
0.196428 3528.81
0.202534 3462.9
0.208729 3352.78
0.214876 3299.28
0.220989 3104.78
0.227147 3027.72
0.23329 3015.54
0.239377 2880.6
0.245482 2805.76
0.251667 2776.65
0.257832 2680.48
0.263955 2656.4
0.270079 2590.11
0.27624 2523.02
0.282372 2498.4
0.28843 2433.46
0.294538 2362.16
0.300721 2293.84
0.30691 2300.47
0.313033 2256.76
0.319153 2200.07
0.325316 2160.13
0.33145 2125.29
0.337538 2094.1
0.343633 2079.96
0.349808 2036.22
0.355968 2012.38
0.362074 1936.98
0.368217 1927.23
0.374374 1897.38
0.380519 1867.73
0.386598 1845.4
0.392688 1825.07
0.39888 1800.82
0.405048 1778.92
0.411186 1719.13
0.417313 1712.11
0.423458 1687.53
0.429607 1654.94
0.435692 1621.52
0.441815 1617.11
0.447964 1590.22
0.454126 1572.62
0.460267 1570.49
0.466387 1524.83
0.47254 1505.09
0.478662 1491.68
0.484765 1449.97
0.490885 1444.98
0.497035 1432.81
0.503198 1432.7
0.509342 1408.89
0.515458 1392.15
0.521598 1368.12
0.527764 1353.57
0.533884 1339.23
0.54 1323.05
0.546137 1315.4
0.552299 1294.64
0.558452 1278.9
0.564573 1258.29
0.570708 1250.9
0.576825 1234.83
0.582926 1223.93
0.589034 1214.17
0.595184 1199.26
0.601379 1185.86
0.607522 1169.26
0.613639 1158.09
0.619772 1140.67
0.625918 1140.45
0.632068 1119.53
0.638161 1111.53
0.6443 1099.19
0.650464 1086.26
0.656582 1072.68
0.662703 1064.8
0.668861 1061.33
0.675024 1050.74
0.681124 1033.95
0.687237 1023.64
0.693381 1011.59
0.699536 1004.93
0.705665 992.882
0.711789 981.007
0.717957 970.364
0.72409 963.447
0.730186 948.002
0.736317 944.449
0.742472 937.238
0.748622 927.894
0.75476 927.734
0.760888 910.233
0.767043 902.388
0.773185 891.606
0.779291 882.313
0.785407 875.547
0.791564 867.017
0.797719 858.769
0.803834 850.541
0.809972 844.379
0.816124 837.178
0.822261 829.207
0.828378 819.922
0.834502 810.28
0.840667 801.073
0.846816 800.101
0.852925 788.217
0.859047 782.428
0.865192 778.943
0.871341 770.734
0.877463 760.367
0.883569 757.526
0.889708 748.042
0.895864 739.799
0.902008 736.058
0.908149 731.762
0.914301 722.837
0.920448 716.38
0.926574 710.094
0.932687 703.597
0.938823 698.006
0.944975 687.817
0.951105 685.433
0.957225 679.211
0.963368 672.752
0.969511 664.524
0.975621 658.129
0.981748 658.876
0.987916 649.23
0.99406 648.892
1.00019 638.409
1.00632 633.919
1.01246 628.213
1.01859 622.033
1.02471 619.54
1.03085 612.172
1.03698 608.609
1.04314 604.307
1.04929 599.358
1.05541 592.475
1.06154 586.404
1.06769 584.569
1.07382 577.481
1.07993 575.19
1.08607 568.707
1.09222 566.208
1.09836 559.964
1.10449 556.381
1.11063 548.466
1.11677 545.458
1.1229 543.174
1.12903 536.553
1.13518 533.889
1.14131 527.259
1.14745 525.346
1.15359 520.044
1.15973 517.212
1.16584 511.295
1.17197 509.902
1.17811 505.01
1.18424 499.798
1.19038 496.214
1.19652 491.385
1.20267 488.276
1.20881 485.792
1.21495 483.37
1.22108 477.817
1.2272 474.36
1.23334 469.399
1.23949 468.688
1.24562 466.643
1.25174 461.246
1.25789 456.878
1.26402 452.564
1.27014 451.32
1.27628 448.028
1.28244 443.697
1.28858 440.569
1.29471 438.011
1.30084 434.218
1.30697 430.922
1.31312 426.814
1.31925 424.471
1.32537 420.166
1.33151 419.055
1.33765 416.677
1.34378 413.149
1.34992 409.732
1.35606 405.958
1.3622 403.129
1.36833 402.327
1.37445 398.604
1.38059 394.792
1.38675 392.198
1.39288 389.737
1.39901 387.293
1.40515 384.192
1.4113 381.772
1.41742 378.822
1.42355 375.715
1.4297 374.365
1.43585 371.391
1.44198 369.485
1.44809 366.657
1.45423 363.981
1.46036 362.054
1.46649 359.025
1.47263 356.264
1.47877 354.52
1.48491 352.009
1.49104 350.893
1.49718 348.198
1.50333 345.117
1.50947 342.878
1.5156 340.682
1.52172 338.65
1.52787 336.813
1.534 334.701
1.54013 332.434
1.54627 329.197
1.55241 328.222
1.55855 326.681
1.56467 323.559
1.5708 321.306
