0.00783031 -2002.89
0.013688 -457.768
0.019231 -89.182
0.0249154 -1520.33
0.0312784 -734.704
0.0375637 101.75
0.0433917 73.4066
0.0492413 337.892
0.0555754 359.814
0.0619321 431.293
0.067871 729.003
0.0738098 356.258
0.0800417 689.501
0.0862327 398.794
0.0921407 610.897
0.0982031 688.721
0.104506 864.876
0.110769 916.819
0.116806 847.618
0.122832 982.953
0.129052 853.421
0.135211 865.545
0.141259 988.232
0.147318 992.463
0.153489 1102.46
0.159709 1000.15
0.165845 1062.33
0.171974 1096.27
0.178125 1164.15
0.184229 1063.27
0.19034 1149.31
0.196428 1119.19
0.202534 1144.25
0.208729 1133.92
0.214876 1211.08
0.220989 1168.84
0.227147 1197.7
0.23329 1204.1
0.239377 1176.08
0.245482 1151.64
0.251667 1151.7
0.257832 1170.8
0.263955 1187.81
0.270079 1182.3
0.27624 1168.21
0.282372 1151.88
0.28843 1149.48
0.294538 1176.1
0.300721 1182.56
0.30691 1185.76
0.313033 1149.11
0.319153 1181.07
0.325316 1160.1
0.33145 1160.75
0.337538 1187.15
0.343633 1153.82
0.349808 1146.83
0.355968 1142.99
0.362074 1148
0.368217 1144.96
0.374374 1142.06
0.380519 1151.42
0.386598 1133.82
0.392688 1131.36
0.39888 1119.12
0.405048 1115.6
0.411186 1099.1
0.417313 1118.54
0.423458 1120.28
0.429607 1125.28
0.435692 1112.11
0.441815 1106.08
0.447964 1102.45
0.454126 1080.06
0.460267 1111.09
0.466387 1089.04
0.47254 1096.65
0.478662 1086.65
0.484765 1080.76
0.490885 1067.71
0.497035 1059.56
0.503198 1080.01
0.509342 1060.29
0.515458 1064.21
0.521598 1051.55
0.527764 1043.95
0.533884 1060.71
0.54 1037.24
0.546137 1027.83
0.552299 1032.03
0.558452 1019.73
0.564573 1019.68
0.570708 1018.11
0.576825 1009.62
0.582926 1009.28
0.589034 1008.53
0.595184 1001.14
0.601379 1001.98
0.607522 988.756
0.613639 985.811
0.619772 976.112
0.625918 976.878
0.632068 972.768
0.638161 968.475
0.6443 962.444
0.650464 957.467
0.656582 961.212
0.662703 960.459
0.668861 951.527
0.675024 950.738
0.681124 938.365
0.687237 934.29
0.693381 933.996
0.699536 926.844
0.705665 928.577
0.711789 929.926
0.717957 921.227
0.72409 917.116
0.730186 915.71
0.736317 904.459
0.742472 905.967
0.748622 892.569
0.75476 891.774
0.760888 882.499
0.767043 890.998
0.773185 878.578
0.779291 870.68
0.785407 877.171
0.791564 868.602
0.797719 867.043
0.803834 857.289
0.809972 854.217
0.816124 850.204
0.822261 843.636
0.828378 842.816
0.834502 831.334
0.840667 833.245
0.846816 826.219
0.852925 823.946
0.859047 823.605
0.865192 817.152
0.871341 812.338
0.877463 804.087
0.883569 806.691
0.889708 798.325
0.895864 794.139
0.902008 789.388
0.908149 787.342
0.914301 781.928
0.920448 774.304
0.926574 772.94
0.932687 766.099
0.938823 764.818
0.944975 757.831
0.951105 757.233
0.957225 752.411
0.963368 750.537
0.969511 740.474
0.975621 742.35
0.981748 733.861
0.987916 731.637
0.99406 726.286
1.00019 722.101
1.00632 720.142
1.01246 716.476
1.01859 713.072
1.02471 711.233
1.03085 704.83
1.03698 701.656
1.04314 701.33
1.04929 691.565
1.05541 688.818
1.06154 687.714
1.06769 682.443
1.07382 678.562
1.07993 675.999
1.08607 670.627
1.09222 664.601
1.09836 661.252
1.10449 658.162
1.11063 653.235
1.11677 653.25
1.1229 650.032
1.12903 646.524
1.13518 642.058
1.14131 637.238
1.14745 632.232
1.15359 626.659
1.15973 629.012
1.16584 622.681
1.17197 617.178
1.17811 616.828
1.18424 611.971
1.19038 608.582
1.19652 604.904
1.20267 601.938
1.20881 597.175
1.21495 595.238
1.22108 588.258
1.2272 588.183
1.23334 581.994
1.23949 578.872
1.24562 575.595
1.25174 572.877
1.25789 572.408
1.26402 567.516
1.27014 563.549
1.27628 560.031
1.28244 556.745
1.28858 553.232
1.29471 549.18
1.30084 547.851
1.30697 545.726
1.31312 541.083
1.31925 536.081
1.32537 533.792
1.33151 530.785
1.33765 527.164
1.34378 523.999
1.34992 521.751
1.35606 517.491
1.3622 515.312
1.36833 510.692
1.37445 509.992
1.38059 507.114
1.38675 503.46
1.39288 499.932
1.39901 495.682
1.40515 492.286
1.4113 489.242
1.41742 486.323
1.42355 485.037
1.4297 479.692
1.43585 479.779
1.44198 474.722
1.44809 470.351
1.45423 469.355
1.46036 466.644
1.46649 463.165
1.47263 459.636
1.47877 459.233
1.48491 455.039
1.49104 453.739
1.49718 449.044
1.50333 446.722
1.50947 444.582
1.5156 441.907
1.52172 439.476
1.52787 434.512
1.534 432.407
1.54013 430.097
1.54627 428.025
1.55241 426.093
1.55855 421.713
1.56467 418.985
1.5708 415.686
