0.00783031 -184.623
0.013688 -223.288
0.019231 -238.609
0.0249154 -210.944
0.0312784 -198.172
0.0375637 -168.644
0.0433917 -160.113
0.0492413 -154.579
0.0555754 -148.069
0.0619321 -138.278
0.067871 -143.298
0.0738098 -139.378
0.0800417 -133.942
0.0862327 -126.603
0.0921407 -119.03
0.0982031 -114.871
0.104506 -112.602
0.110769 -111.531
0.116806 -110.698
0.122832 -109.291
0.129052 -110.224
0.135211 -110.534
0.141259 -110.36
0.147318 -104.396
0.153489 -105.414
0.159709 -105.41
0.165845 -104.915
0.171974 -104.067
0.178125 -102.928
0.184229 -101.93
0.19034 -101.982
0.196428 -102.482
0.202534 -102.952
0.208729 -99.5673
0.214876 -100.352
0.220989 -100.204
0.227147 -99.4516
0.23329 -101.709
0.239377 -96.9611
0.245482 -98.2057
0.251667 -98.8916
0.257832 -98.983
0.263955 -97.2657
0.270079 -99.0359
0.27624 -99.2485
0.282372 -98.3356
0.28843 -96.9495
0.294538 -96.3156
0.300721 -95.4911
0.30691 -96.772
0.313033 -96.1819
0.319153 -95.0587
0.325316 -95.1447
0.33145 -94.0502
0.337538 -93.4856
0.343633 -93.3845
0.349808 -92.9048
0.355968 -93.9042
0.362074 -95.0032
0.368217 -90.6318
0.374374 -92.8651
0.380519 -93.3638
0.386598 -91.8255
0.392688 -90.9111
0.39888 -92.8989
0.405048 -90.9434
0.411186 -89.8124
0.417313 -89.1368
0.423458 -90.6617
0.429607 -88.6293
0.435692 -90.155
0.441815 -88.3674
0.447964 -88.8186
0.454126 -87.627
0.460267 -89.0672
0.466387 -86.8874
0.47254 -87.7674
0.478662 -86.9288
0.484765 -86.8105
0.490885 -85.4193
0.497035 -85.6432
0.503198 -87.1673
0.509342 -85.0915
0.515458 -83.454
0.521598 -84.4005
0.527764 -82.6984
0.533884 -83.7235
0.54 -83.7408
0.546137 -82.4709
0.552299 -82.8779
0.558452 -81.756
0.564573 -82.3559
0.570708 -82.2095
0.576825 -80.7492
0.582926 -81.178
0.589034 -80.2425
0.595184 -80.3013
0.601379 -79.2848
0.607522 -79.1805
0.613639 -78.769
0.619772 -78.0507
0.625918 -78.1715
0.632068 -76.5702
0.638161 -78.1908
0.6443 -76.3814
0.650464 -77.3288
0.656582 -76.5535
0.662703 -75.9496
0.668861 -75.8792
0.675024 -75.1724
0.681124 -74.8527
0.687237 -74.4442
0.693381 -74.8152
0.699536 -74.0355
0.705665 -73.9774
0.711789 -74.4131
0.717957 -72.8083
0.72409 -73.577
0.730186 -72.8994
0.736317 -72.1853
0.742472 -71.794
0.748622 -70.9406
0.75476 -70.3937
0.760888 -70.476
0.767043 -70.9214
0.773185 -69.852
0.779291 -70.0687
0.785407 -70.1856
0.791564 -69.0228
0.797719 -69.3562
0.803834 -68.2318
0.809972 -67.5862
0.816124 -67.4177
0.822261 -67.4523
0.828378 -67.0745
0.834502 -67.0601
0.840667 -66.1616
0.846816 -65.4646
0.852925 -65.008
0.859047 -65.235
0.865192 -64.6181
0.871341 -65.058
0.877463 -64.0081
0.883569 -64.4056
0.889708 -63.3738
0.895864 -62.9465
0.902008 -62.8993
0.908149 -61.7256
0.914301 -62.8449
0.920448 -62.4325
0.926574 -61.6136
0.932687 -61.0787
0.938823 -60.5757
0.944975 -60.1806
0.951105 -59.6494
0.957225 -59.8858
0.963368 -59.5503
0.969511 -58.3786
0.975621 -58.7937
0.981748 -58.1203
0.987916 -57.6233
0.99406 -57.3981
1.00019 -57.2967
1.00632 -56.4229
1.01246 -56.1231
1.01859 -56.5284
1.02471 -55.8028
1.03085 -55.796
1.03698 -55.0953
1.04314 -55.3303
1.04929 -54.9354
1.05541 -54.3973
1.06154 -53.828
1.06769 -53.2099
1.07382 -53.5161
1.07993 -53.2392
1.08607 -53.0737
1.09222 -52.8742
1.09836 -52.1429
1.10449 -51.748
1.11063 -51.4564
1.11677 -51.2226
1.1229 -51.1496
1.12903 -50.6991
1.13518 -50.6221
1.14131 -49.686
1.14745 -49.9717
1.15359 -49.9286
1.15973 -49.4612
1.16584 -49.1364
1.17197 -48.7078
1.17811 -48.2797
1.18424 -48.0924
1.19038 -47.8092
1.19652 -47.2442
1.20267 -47.2807
1.20881 -47.0415
1.21495 -46.7115
1.22108 -46.5344
1.2272 -45.9555
1.23334 -45.7342
1.23949 -45.4587
1.24562 -45.354
1.25174 -44.8635
1.25789 -44.8523
1.26402 -44.3695
1.27014 -44.2691
1.27628 -44.1314
1.28244 -43.7433
1.28858 -43.1158
1.29471 -42.7467
1.30084 -42.6946
1.30697 -42.6043
1.31312 -42.0234
1.31925 -41.4981
1.32537 -41.8688
1.33151 -41.6456
1.33765 -40.7926
1.34378 -40.8146
1.34992 -41.1527
1.35606 -40.1854
1.3622 -40.1926
1.36833 -39.3958
1.37445 -39.5875
1.38059 -39.5947
1.38675 -39.475
1.39288 -39.0323
1.39901 -38.9696
1.40515 -38.2019
1.4113 -38.2182
1.41742 -37.9105
1.42355 -38.0187
1.4297 -37.4888
1.43585 -37.3391
1.44198 -37.0203
1.44809 -36.7615
1.45423 -36.7019
1.46036 -36.6862
1.46649 -36.389
1.47263 -35.8336
1.47877 -35.9478
1.48491 -35.7725
1.49104 -35.2853
1.49718 -34.9468
1.50333 -34.7428
1.50947 -34.866
1.5156 -34.5382
1.52172 -34.3898
1.52787 -33.9226
1.534 -33.8879
1.54013 -33.6387
1.54627 -33.3284
1.55241 -33.4717
1.55855 -32.8597
1.56467 -32.8405
1.5708 -32.5566
