0.00783031 -10.598
0.013688 -17.9659
0.019231 -22.2081
0.0249154 -27.1244
0.0312784 -34.1214
0.0375637 -36.6548
0.0433917 -39.936
0.0492413 -46.0259
0.0555754 -48.1979
0.0619321 -55.5817
0.067871 -59.3977
0.0738098 -66.2134
0.0800417 -69.1984
0.0862327 -70.8581
0.0921407 -70.6363
0.0982031 -72.7664
0.104506 -76.4536
0.110769 -76.7093
0.116806 -81.6205
0.122832 -81.5517
0.129052 -86.7797
0.135211 -90.9933
0.141259 -90.8929
0.147318 -91.7299
0.153489 -93.1275
0.159709 -93.678
0.165845 -92.4804
0.171974 -91.9882
0.178125 -96.8237
0.184229 -97.6815
0.19034 -96.747
0.196428 -99.6024
0.202534 -101.712
0.208729 -102.307
0.214876 -104.412
0.220989 -104.232
0.227147 -104.24
0.23329 -103.266
0.239377 -103.753
0.245482 -104.753
0.251667 -106.406
0.257832 -108.947
0.263955 -109.475
0.270079 -110.388
0.27624 -111.813
0.282372 -111.378
0.28843 -111.065
0.294538 -111.237
0.300721 -113.107
0.30691 -112.493
0.313033 -114.497
0.319153 -112.258
0.325316 -112.236
0.33145 -115.136
0.337538 -112.744
0.343633 -117.39
0.349808 -116.159
0.355968 -114.847
0.362074 -117.144
0.368217 -115.28
0.374374 -117.683
0.380519 -118.77
0.386598 -119.111
0.392688 -117.409
0.39888 -118.305
0.405048 -119.953
0.411186 -119.189
0.417313 -120.416
0.423458 -118.417
0.429607 -119.504
0.435692 -120.455
0.441815 -121.832
0.447964 -122.292
0.454126 -121.865
0.460267 -122.357
0.466387 -121.809
0.47254 -121.711
0.478662 -122.12
0.484765 -122.236
0.490885 -122.494
0.497035 -123.222
0.503198 -122.43
0.509342 -123.199
0.515458 -123.147
0.521598 -122.868
0.527764 -122.555
0.533884 -124.682
0.54 -124.182
0.546137 -125.202
0.552299 -124.994
0.558452 -124.974
0.564573 -124.748
0.570708 -124.717
0.576825 -124.847
0.582926 -125.165
0.589034 -124.976
0.595184 -123.111
0.601379 -124.993
0.607522 -124.259
0.613639 -124.244
0.619772 -124.125
0.625918 -125.635
0.632068 -125.943
0.638161 -126.031
0.6443 -125.314
0.650464 -126.127
0.656582 -124.94
0.662703 -126.591
0.668861 -125.694
0.675024 -125.216
0.681124 -126.447
0.687237 -126.221
0.693381 -124.645
0.699536 -126.189
0.705665 -125.125
0.711789 -125.975
0.717957 -125.774
0.72409 -126.542
0.730186 -125.948
0.736317 -125.982
0.742472 -126.322
0.748622 -125.94
0.75476 -125.309
0.760888 -126.358
0.767043 -124.314
0.773185 -125.228
0.779291 -125.406
0.785407 -125.222
0.791564 -125.038
0.797719 -125.027
0.803834 -126.093
0.809972 -126.082
0.816124 -125.481
0.822261 -125.636
0.828378 -126.132
0.834502 -125.237
0.840667 -125.76
0.846816 -125.022
0.852925 -125.046
0.859047 -124.479
0.865192 -125.25
0.871341 -124.764
0.877463 -123.206
0.883569 -124.725
0.889708 -123.797
0.895864 -124.667
0.902008 -124.583
0.908149 -124.01
0.914301 -123.488
0.920448 -125.421
0.926574 -124.246
0.932687 -123.962
0.938823 -124.567
0.944975 -126.163
0.951105 -122.686
0.957225 -123.882
0.963368 -122.755
0.969511 -123.147
0.975621 -123.741
0.981748 -123.127
0.987916 -123.163
0.99406 -123.112
1.00019 -124.458
1.00632 -121.687
1.01246 -122.566
1.01859 -123.504
1.02471 -122.394
1.03085 -123.251
1.03698 -121.891
1.04314 -122.93
1.04929 -121.979
1.05541 -121.912
1.06154 -121.44
1.06769 -121.842
1.07382 -120.814
1.07993 -121.595
1.08607 -120.129
1.09222 -120.994
1.09836 -121.75
1.10449 -120.248
1.11063 -121.031
1.11677 -120.241
1.1229 -120.237
1.12903 -120.03
1.13518 -119.612
1.14131 -121.652
1.14745 -119.044
1.15359 -120.635
1.15973 -119.091
1.16584 -119.59
1.17197 -119.951
1.17811 -119.113
1.18424 -118.037
1.19038 -119.098
1.19652 -118.287
1.20267 -118.978
1.20881 -118.66
1.21495 -118.594
1.22108 -117.958
1.2272 -117.583
1.23334 -116.791
1.23949 -118.08
1.24562 -117.685
1.25174 -117.586
1.25789 -116.864
1.26402 -116.557
1.27014 -117.331
1.27628 -117.527
1.28244 -116.021
1.28858 -117.009
1.29471 -117.136
1.30084 -116.362
1.30697 -116.037
1.31312 -116.415
1.31925 -115.422
1.32537 -115.424
1.33151 -114.993
1.33765 -115.448
1.34378 -116.107
1.34992 -115.722
1.35606 -114.695
1.3622 -114.477
1.36833 -114.545
1.37445 -114.339
1.38059 -113.865
1.38675 -114.356
1.39288 -113.403
1.39901 -113.432
1.40515 -113.828
1.4113 -112.312
1.41742 -113.612
1.42355 -112.44
1.4297 -113.088
1.43585 -112.282
1.44198 -112.432
1.44809 -111.924
1.45423 -112.229
1.46036 -112.514
1.46649 -111.003
1.47263 -110.782
1.47877 -111.096
1.48491 -111.31
1.49104 -111.143
1.49718 -110.502
1.50333 -111.005
1.50947 -111.572
1.5156 -110.049
1.52172 -109.765
1.52787 -110.105
1.534 -109.713
1.54013 -109.94
1.54627 -109.653
1.55241 -109.188
1.55855 -109.597
1.56467 -109.359
1.5708 -109.2
