0.00783031 20582.1
0.013688 25097.6
0.019231 26525.8
0.0249154 23783.1
0.0312784 21037.2
0.0375637 17884.3
0.0433917 15828.2
0.0492413 13930.3
0.0555754 12661.3
0.0619321 11883.3
0.067871 11056.2
0.0738098 10497.8
0.0800417 9685.49
0.0862327 8785.74
0.0921407 7768.64
0.0982031 7235.64
0.104506 6710.99
0.110769 6321.51
0.116806 6153.95
0.122832 5691
0.129052 5618.77
0.135211 5365.56
0.141259 4986.64
0.147318 4875.06
0.153489 4670.02
0.159709 4371.23
0.165845 4243.74
0.171974 4020.74
0.178125 3960.32
0.184229 3854.35
0.19034 3604.32
0.196428 3653.46
0.202534 3484.46
0.208729 3412.23
0.214876 3313.6
0.220989 3273.72
0.227147 3109.94
0.23329 3035.14
0.239377 2985.16
0.245482 2880.05
0.251667 2895.16
0.257832 2863.35
0.263955 2804.06
0.270079 2728.48
0.27624 2690.21
0.282372 2631.75
0.28843 2563.45
0.294538 2535.7
0.300721 2524.52
0.30691 2446.76
0.313033 2432.9
0.319153 2378.34
0.325316 2328.33
0.33145 2309.84
0.337538 2286.5
0.343633 2282.41
0.349808 2232.99
0.355968 2181.53
0.362074 2162.03
0.368217 2142.82
0.374374 2099.13
0.380519 2080.79
0.386598 2072.22
0.392688 2033.12
0.39888 2021.82
0.405048 1999.28
0.411186 1970.68
0.417313 1954.2
0.423458 1919.13
0.429607 1889.81
0.435692 1877.43
0.441815 1883.17
0.447964 1850
0.454126 1835.44
0.460267 1831.42
0.466387 1799.56
0.47254 1779.76
0.478662 1776.77
0.484765 1745.21
0.490885 1727.02
0.497035 1731.1
0.503198 1699.17
0.509342 1685.82
0.515458 1680.35
0.521598 1657.05
0.527764 1641.38
0.533884 1628.22
0.54 1622.38
0.546137 1606.26
0.552299 1597.27
0.558452 1585.06
0.564573 1563.47
0.570708 1562.07
0.576825 1545.4
0.582926 1535.94
0.589034 1520.41
0.595184 1504.43
0.601379 1493.52
0.607522 1478.98
0.613639 1475.71
0.619772 1462.31
0.625918 1454.66
0.632068 1445.44
0.638161 1433.27
0.6443 1423.92
0.650464 1414.83
0.656582 1398.95
0.662703 1399.3
0.668861 1384.61
0.675024 1375.2
0.681124 1368.97
0.687237 1353.7
0.693381 1343.13
0.699536 1336.35
0.705665 1328.01
0.711789 1316.01
0.717957 1308.24
0.72409 1297.81
0.730186 1291.86
0.736317 1285.58
0.742472 1274.47
0.748622 1263.77
0.75476 1253.53
0.760888 1248.84
0.767043 1246.64
0.773185 1229.59
0.779291 1222.9
0.785407 1219.25
0.791564 1208.47
0.797719 1199.1
0.803834 1197.59
0.809972 1177.35
0.816124 1177.95
0.822261 1166.64
0.828378 1167.83
0.834502 1155.14
0.840667 1146.79
0.846816 1147.09
0.852925 1137.67
0.859047 1123.92
0.865192 1120.8
0.871341 1112.02
0.877463 1108.51
0.883569 1099.31
0.889708 1092.87
0.895864 1085.64
0.902008 1078.26
0.908149 1067.53
0.914301 1060.7
0.920448 1058.65
0.926574 1053.1
0.932687 1045.18
0.938823 1036.02
0.944975 1037.66
0.951105 1018.22
0.957225 1018.76
0.963368 1014.29
0.969511 1007.01
0.975621 1001.27
0.981748 995.853
0.987916 983.885
0.99406 979.463
1.00019 977.095
1.00632 961.733
1.01246 961.787
1.01859 959.02
1.02471 949.976
1.03085 943.292
1.03698 934.845
1.04314 931.022
1.04929 923.665
1.05541 919.201
1.06154 913.666
1.06769 911.14
1.07382 901.073
1.07993 900.325
1.08607 889.425
1.09222 889.355
1.09836 882.391
1.10449 875.157
1.11063 868.814
1.11677 863.483
1.1229 858.05
1.12903 849.236
1.13518 846.69
1.14131 844.937
1.14745 837.668
1.15359 835.895
1.15973 826.72
1.16584 822.108
1.17197 816.476
1.17811 811.826
1.18424 805.898
1.19038 800.563
1.19652 794.723
1.20267 793.094
1.20881 788.983
1.21495 781.826
1.22108 779.305
1.2272 772.041
1.23334 766.315
1.23949 764.216
1.24562 756.136
1.25174 752.03
1.25789 745.764
1.26402 741.989
1.27014 740.098
1.27628 734.461
1.28244 729.353
1.28858 726.271
1.29471 721.433
1.30084 716.76
1.30697 710.754
1.31312 708.101
1.31925 702.304
1.32537 697.537
1.33151 692.661
1.33765 689.245
1.34378 685.816
1.34992 681.44
1.35606 677.8
1.3622 672.406
1.36833 668.222
1.37445 664.976
1.38059 659.829
1.38675 655.645
1.39288 649.615
1.39901 646.968
1.40515 644.625
1.4113 638.03
1.41742 636.367
1.42355 629.888
1.4297 629.332
1.43585 626.761
1.44198 618.742
1.44809 615.82
1.45423 613.725
1.46036 609.739
1.46649 605.312
1.47263 600.937
1.47877 596.718
1.48491 595.686
1.49104 591.817
1.49718 586.786
1.50333 583.986
1.50947 579.21
1.5156 575.2
1.52172 571.647
1.52787 569.203
1.534 565.619
1.54013 561.699
1.54627 556.72
1.55241 553.805
1.55855 550.936
1.56467 549.309
1.5708 544.746
