0.00783031 2911.88
0.013688 1370.47
0.019231 -479.954
0.0249154 -615.904
0.0312784 1348.47
0.0375637 -564.187
0.0433917 466.818
0.0492413 271.429
0.0555754 -112.623
0.0619321 210.429
0.067871 538.296
0.0738098 814.08
0.0800417 374.844
0.0862327 908.376
0.0921407 853.026
0.0982031 503.044
0.104506 541.223
0.110769 876.731
0.116806 965.248
0.122832 898.146
0.129052 940.319
0.135211 1080.93
0.141259 1065.57
0.147318 897.935
0.153489 999.824
0.159709 1007.19
0.165845 1052.04
0.171974 1073.17
0.178125 1124.13
0.184229 1091.22
0.19034 1143.9
0.196428 1144.75
0.202534 1104.04
0.208729 1153
0.214876 1110.5
0.220989 1101.17
0.227147 1127.51
0.23329 1174.95
0.239377 1156.71
0.245482 1139.46
0.251667 1132.64
0.257832 1158.13
0.263955 1113.11
0.270079 1172.11
0.27624 1142.8
0.282372 1183.31
0.28843 1193.59
0.294538 1160.77
0.300721 1151.96
0.30691 1134.36
0.313033 1160.19
0.319153 1169.3
0.325316 1182.97
0.33145 1171.13
0.337538 1149.98
0.343633 1176.71
0.349808 1147.21
0.355968 1153.81
0.362074 1166.43
0.368217 1165.13
0.374374 1145.19
0.380519 1152.22
0.386598 1139.87
0.392688 1145.81
0.39888 1129.66
0.405048 1146.08
0.411186 1139.21
0.417313 1133.79
0.423458 1143.86
0.429607 1134.23
0.435692 1127.78
0.441815 1097.79
0.447964 1127.89
0.454126 1114.32
0.460267 1123.39
0.466387 1111.84
0.47254 1121.75
0.478662 1102.48
0.484765 1104.74
0.490885 1093.12
0.497035 1095.07
0.503198 1090.15
0.509342 1088.6
0.515458 1073.94
0.521598 1083.45
0.527764 1070.71
0.533884 1074.21
0.54 1063.67
0.546137 1073.63
0.552299 1071.16
0.558452 1069.66
0.564573 1078.76
0.570708 1056.14
0.576825 1058.2
0.582926 1055.28
0.589034 1040.45
0.595184 1054.64
0.601379 1049.89
0.607522 1037.27
0.613639 1031.23
0.619772 1037.96
0.625918 1021.37
0.632068 1028.6
0.638161 1019.79
0.6443 1019.43
0.650464 1013.35
0.656582 1018.14
0.662703 1009.2
0.668861 1009.7
0.675024 1004.09
0.681124 998.635
0.687237 1001.94
0.693381 991.567
0.699536 990.257
0.705665 984.199
0.711789 992.42
0.717957 981.363
0.72409 981.603
0.730186 977.867
0.736317 968.906
0.742472 971.323
0.748622 969.99
0.75476 967.9
0.760888 959.184
0.767043 959.576
0.773185 950.05
0.779291 956.805
0.785407 947.897
0.791564 944.644
0.797719 936.701
0.803834 941.636
0.809972 938.992
0.816124 929.393
0.822261 926.872
0.828378 924.295
0.834502 922.094
0.840667 923.33
0.846816 914.823
0.852925 915.005
0.859047 909.635
0.865192 904.693
0.871341 901.38
0.877463 898.305
0.883569 899.15
0.889708 895.329
0.895864 891.787
0.902008 889.677
0.908149 887.53
0.914301 877.738
0.920448 879.238
0.926574 875.202
0.932687 870.483
0.938823 867.978
0.944975 868.632
0.951105 868.466
0.957225 855.756
0.963368 856.432
0.969511 855.005
0.975621 852.317
0.981748 846.54
0.987916 843.753
0.99406 841.537
1.00019 835.74
1.00632 828.202
1.01246 830.715
1.01859 830.205
1.02471 818.837
1.03085 819.756
1.03698 817.19
1.04314 815.374
1.04929 814.232
1.05541 806.151
1.06154 806.167
1.06769 798.317
1.07382 797.85
1.07993 798.179
1.08607 791.884
1.09222 784.647
1.09836 785.529
1.10449 780.226
1.11063 772.569
1.11677 776.249
1.1229 775.549
1.12903 769.42
1.13518 763.709
1.14131 758.624
1.14745 758.982
1.15359 756.668
1.15973 753.056
1.16584 753.402
1.17197 749.213
1.17811 744.355
1.18424 742.156
1.19038 738.322
1.19652 737.009
1.20267 731.39
1.20881 726.006
1.21495 726.384
1.22108 722.919
1.2272 720.758
1.23334 716.122
1.23949 711.819
1.24562 713.956
1.25174 707.947
1.25789 705.086
1.26402 703.944
1.27014 699.701
1.27628 696.349
1.28244 695.622
1.28858 691.604
1.29471 686.849
1.30084 683.051
1.30697 682.984
1.31312 674.819
1.31925 675.702
1.32537 671.971
1.33151 667.808
1.33765 665.42
1.34378 663.178
1.34992 659.423
1.35606 657.229
1.3622 654.959
1.36833 650.456
1.37445 648.266
1.38059 646.144
1.38675 643.124
1.39288 637.028
1.39901 637.936
1.40515 636.961
1.4113 631.571
1.41742 628.692
1.42355 627.22
1.4297 621.781
1.43585 620.657
1.44198 618.643
1.44809 615.446
1.45423 611.949
1.46036 607.609
1.46649 604.213
1.47263 606.181
1.47877 601.529
1.48491 598.78
1.49104 595.935
1.49718 592.413
1.50333 592.148
1.50947 587.454
1.5156 585.257
1.52172 583.432
1.52787 581.031
1.534 574.527
1.54013 574.126
1.54627 572.321
1.55241 571.474
1.55855 569.773
1.56467 564.043
1.5708 561.687
