0.00783031 20380.1
0.013688 24953.4
0.019231 24998.9
0.0249154 23481.5
0.0312784 19625.3
0.0375637 16514.6
0.0433917 15007.5
0.0492413 13327.8
0.0555754 12114.8
0.0619321 11230.4
0.067871 10504.4
0.0738098 9521.81
0.0800417 8652.92
0.0862327 7557.84
0.0921407 6783.55
0.0982031 6190.56
0.104506 5645.68
0.110769 5501.46
0.116806 5004.48
0.122832 4699.52
0.129052 4470.26
0.135211 4179.64
0.141259 3851.07
0.147318 3640.79
0.153489 3536.1
0.159709 3354.21
0.165845 3095.56
0.171974 3002.8
0.178125 2857.95
0.184229 2736.24
0.19034 2636.61
0.196428 2573.36
0.202534 2402.41
0.208729 2322.3
0.214876 2245.88
0.220989 2186.88
0.227147 2085.89
0.23329 1961.52
0.239377 1926.03
0.245482 1906.22
0.251667 1848.22
0.257832 1753.17
0.263955 1744.52
0.270079 1690.86
0.27624 1620.31
0.282372 1585.42
0.28843 1544.84
0.294538 1495.57
0.300721 1460.14
0.30691 1446.57
0.313033 1395.04
0.319153 1375.63
0.325316 1343.32
0.33145 1333.95
0.337538 1268.1
0.343633 1268.23
0.349808 1228.64
0.355968 1208.5
0.362074 1187.65
0.368217 1149.12
0.374374 1138.74
0.380519 1120.11
0.386598 1100.18
0.392688 1079.71
0.39888 1062.85
0.405048 1047.18
0.411186 1017.15
0.417313 1013.65
0.423458 997.593
0.429607 980.096
0.435692 972.432
0.441815 949.742
0.447964 939.252
0.454126 927.724
0.460267 916.782
0.466387 893.231
0.47254 887.353
0.478662 865.763
0.484765 857.32
0.490885 852.396
0.497035 838.161
0.503198 824.394
0.509342 820.104
0.515458 805.177
0.521598 801.629
0.527764 781.981
0.533884 784.889
0.54 772.987
0.546137 763.641
0.552299 752.855
0.558452 744.093
0.564573 740.186
0.570708 731.157
0.576825 721.366
0.582926 713.139
0.589034 702.941
0.595184 702.102
0.601379 692.318
0.607522 683.844
0.613639 677.933
0.619772 670.324
0.625918 663.805
0.632068 654.686
0.638161 648.502
0.6443 644.681
0.650464 640.016
0.656582 633.627
0.662703 626.971
0.668861 622.853
0.675024 615.341
0.681124 610.35
0.687237 604.545
0.693381 596.658
0.699536 591.471
0.705665 590.714
0.711789 580.384
0.717957 578.316
0.72409 574.058
0.730186 567.177
0.736317 560.803
0.742472 553.634
0.748622 554.628
0.75476 548.367
0.760888 542.65
0.767043 537.282
0.773185 531.403
0.779291 526.76
0.785407 522.045
0.791564 520.097
0.797719 515.741
0.803834 513.049
0.809972 504.768
0.816124 500.354
0.822261 500.36
0.828378 494.274
0.834502 490.054
0.840667 487.956
0.846816 483.459
0.852925 478.726
0.859047 477.211
0.865192 472.213
0.871341 468.665
0.877463 463.419
0.883569 462.936
0.889708 457.361
0.895864 455.237
0.902008 450.792
0.908149 446.076
0.914301 443.2
0.920448 440.681
0.926574 438.907
0.932687 434.981
0.938823 430.278
0.944975 427.534
0.951105 424.002
0.957225 420.458
0.963368 417.529
0.969511 414.145
0.975621 411.529
0.981748 407.794
0.987916 401.986
0.99406 402.311
1.00019 398.773
1.00632 396.662
1.01246 392.814
1.01859 391.047
1.02471 386.688
1.03085 385.789
1.03698 381.223
1.04314 378.797
1.04929 374.664
1.05541 372.36
1.06154 370.228
1.06769 366.706
1.07382 364.665
1.07993 361.906
1.08607 360.67
1.09222 358.342
1.09836 354.672
1.10449 351.999
1.11063 348.752
1.11677 348.304
1.1229 345.812
1.12903 343.067
1.13518 339.55
1.14131 336.557
1.14745 334.736
1.15359 332.736
1.15973 329.479
1.16584 327.481
1.17197 325.487
1.17811 321.832
1.18424 320.388
1.19038 319.029
1.19652 316.134
1.20267 314.019
1.20881 311.886
1.21495 308.786
1.22108 307.527
1.2272 305.861
1.23334 302.479
1.23949 300.419
1.24562 297.538
1.25174 296.459
1.25789 292.972
1.26402 292.055
1.27014 289.713
1.27628 287.624
1.28244 285.434
1.28858 283.69
1.29471 282.416
1.30084 279.841
1.30697 278.181
1.31312 276.263
1.31925 274.012
1.32537 272.3
1.33151 270.865
1.33765 267.817
1.34378 266.637
1.34992 264.314
1.35606 262.769
1.3622 260.913
1.36833 259.615
1.37445 256.681
1.38059 255.348
1.38675 254.324
1.39288 251.203
1.39901 249.319
1.40515 248.112
1.4113 246.989
1.41742 244.27
1.42355 243.452
1.4297 241.318
1.43585 239.4
1.44198 237.751
1.44809 236.309
1.45423 234.829
1.46036 232.732
1.46649 230.787
1.47263 229.935
1.47877 228.062
1.48491 226.844
1.49104 225.374
1.49718 223.869
1.50333 221.817
1.50947 220.466
1.5156 218.481
1.52172 217.697
1.52787 216.203
1.534 214.572
1.54013 213.383
1.54627 211.62
1.55241 209.874
1.55855 208.68
1.56467 206.96
1.5708 206.106
