0.00783031 8272.38
0.013688 7231.51
0.019231 5451.81
0.0249154 6073.3
0.0312784 5428.61
0.0375637 4376.38
0.0433917 4682.04
0.0492413 4346.64
0.0555754 4115.07
0.0619321 3939.53
0.067871 3346.11
0.0738098 3586.08
0.0800417 3284.97
0.0862327 3202.14
0.0921407 2917.18
0.0982031 2640.4
0.104506 2558.74
0.110769 2564.35
0.116806 2383.91
0.122832 2250.83
0.129052 2159.05
0.135211 2054.54
0.141259 1980.13
0.147318 1917.63
0.153489 1824.94
0.159709 1717.72
0.165845 1647.83
0.171974 1612.57
0.178125 1551.77
0.184229 1443.23
0.19034 1395.79
0.196428 1370.61
0.202534 1319.1
0.208729 1289.83
0.214876 1191.42
0.220989 1172.67
0.227147 1164.51
0.23329 1105.82
0.239377 1097.17
0.245482 1048.2
0.251667 1030.02
0.257832 989.532
0.263955 957.423
0.270079 942.608
0.27624 921.112
0.282372 915.46
0.28843 859.719
0.294538 838.233
0.300721 821.634
0.30691 805.431
0.313033 796.289
0.319153 776.281
0.325316 747.381
0.33145 731.111
0.337538 716.809
0.343633 694.093
0.349808 689.904
0.355968 659.966
0.362074 664.755
0.368217 641.201
0.374374 630.448
0.380519 623.469
0.386598 600.865
0.392688 581.681
0.39888 580.561
0.405048 566.325
0.411186 551.5
0.417313 553.167
0.423458 551.611
0.429607 521.238
0.435692 515.462
0.441815 508.897
0.447964 503.538
0.454126 498.542
0.460267 470.92
0.466387 474.742
0.47254 463.245
0.478662 455.772
0.484765 464.567
0.490885 444.208
0.497035 438.614
0.503198 433.328
0.509342 427.456
0.515458 413.607
0.521598 410.608
0.527764 411.028
0.533884 390.831
0.54 394.75
0.546137 388.208
0.552299 382.298
0.558452 377.37
0.564573 366.825
0.570708 363.895
0.576825 358.247
0.582926 354.3
0.589034 352.303
0.595184 343.035
0.601379 338.875
0.607522 335.631
0.613639 332.163
0.619772 326.237
0.625918 324.998
0.632068 321.187
0.638161 312.189
0.6443 308.853
0.650464 304.071
0.656582 302.244
0.662703 295.972
0.668861 295.906
0.675024 290.096
0.681124 284.358
0.687237 287.778
0.693381 280.849
0.699536 278.128
0.705665 271.251
0.711789 270.617
0.717957 267.273
0.72409 265.488
0.730186 256.957
0.736317 257.505
0.742472 254.262
0.748622 248.835
0.75476 250.936
0.760888 246.83
0.767043 246.196
0.773185 240.075
0.779291 240.335
0.785407 231.989
0.791564 232.277
0.797719 229.112
0.803834 224.157
0.809972 225.946
0.816124 222.821
0.822261 220.797
0.828378 216.932
0.834502 213.695
0.840667 211.218
0.846816 208.998
0.852925 207.68
0.859047 207.547
0.865192 201.99
0.871341 197.724
0.877463 198.737
0.883569 195.195
0.889708 192.899
0.895864 190.203
0.902008 188.749
0.908149 188.192
0.914301 185.626
0.920448 186.323
0.926574 180.961
0.932687 179.929
0.938823 180.418
0.944975 175.648
0.951105 169.715
0.957225 171.558
0.963368 172.103
0.969511 167.301
0.975621 168.366
0.981748 164.83
0.987916 161.899
0.99406 160.981
1.00019 157.949
1.00632 156.222
1.01246 156.24
1.01859 152.153
1.02471 149.781
1.03085 149.673
1.03698 149.863
1.04314 147.054
1.04929 144.495
1.05541 144.927
1.06154 142.296
1.06769 140.226
1.07382 139.847
1.07993 137.864
1.08607 133.854
1.09222 131.9
1.09836 132.925
1.10449 130.716
1.11063 129.411
1.11677 128.953
1.1229 125.109
1.12903 123.409
1.13518 123.484
1.14131 123.189
1.14745 120.988
1.15359 118.999
1.15973 117.26
1.16584 116.86
1.17197 115.969
1.17811 112.608
1.18424 111.945
1.19038 110.302
1.19652 109.9
1.20267 108.929
1.20881 107.59
1.21495 106.657
1.22108 104.358
1.2272 100.357
1.23334 100.882
1.23949 101.511
1.24562 98.8465
1.25174 98.8478
1.25789 99.3928
1.26402 95.6771
1.27014 93.6495
1.27628 94.5906
1.28244 93.0471
1.28858 89.9938
1.29471 89.9911
1.30084 88.5126
1.30697 86.1278
1.31312 86.5161
1.31925 84.4635
1.32537 83.6073
1.33151 82.7956
1.33765 83.187
1.34378 80.8463
1.34992 81.1885
1.35606 78.9054
1.3622 77.4077
1.36833 77.5056
1.37445 74.5212
1.38059 75.4768
1.38675 72.419
1.39288 74.3928
1.39901 73.2162
1.40515 70.3961
1.4113 70.1929
1.41742 68.7322
1.42355 66.5666
1.4297 65.8146
1.43585 66.235
1.44198 64.6064
1.44809 63.378
1.45423 62.7064
1.46036 62.3124
1.46649 63.0172
1.47263 58.5255
1.47877 59.8539
1.48491 57.8466
1.49104 59.1206
1.49718 56.8178
1.50333 56.3043
1.50947 56.514
1.5156 53.653
1.52172 54.4491
1.52787 53.3353
1.534 50.9233
1.54013 50.7464
1.54627 50.2642
1.55241 50.886
1.55855 48.6753
1.56467 48.0243
1.5708 47.1028
