0.00783031 -19.6102
0.013688 -26.5697
0.019231 -30.5044
0.0249154 -33.53
0.0312784 -37.8248
0.0375637 -40.2578
0.0433917 -42.8744
0.0492413 -46.4103
0.0555754 -50.7115
0.0619321 -57.6754
0.067871 -61.3302
0.0738098 -61.7698
0.0800417 -67.058
0.0862327 -70.0287
0.0921407 -69.3288
0.0982031 -69.3707
0.104506 -70.978
0.110769 -72.8644
0.116806 -74.7205
0.122832 -80.5953
0.129052 -82.353
0.135211 -83.5879
0.141259 -87.9289
0.147318 -88.978
0.153489 -85.2767
0.159709 -83.4098
0.165845 -87.038
0.171974 -89.203
0.178125 -91.6985
0.184229 -92.2945
0.19034 -96.0578
0.196428 -94.9923
0.202534 -95.6817
0.208729 -94.9709
0.214876 -97.7317
0.220989 -98.4838
0.227147 -98.3671
0.23329 -98.6674
0.239377 -98.1527
0.245482 -100.126
0.251667 -100.953
0.257832 -99.8496
0.263955 -101.11
0.270079 -103.822
0.27624 -104.353
0.282372 -104.624
0.28843 -102.658
0.294538 -103.184
0.300721 -103.027
0.30691 -107.144
0.313033 -105.711
0.319153 -105.134
0.325316 -107.467
0.33145 -107.628
0.337538 -107.326
0.343633 -107.244
0.349808 -109.591
0.355968 -109.637
0.362074 -108.313
0.368217 -109.868
0.374374 -110.04
0.380519 -109.795
0.386598 -111.631
0.392688 -110.924
0.39888 -109.707
0.405048 -110.531
0.411186 -112.285
0.417313 -110.334
0.423458 -110.459
0.429607 -111.392
0.435692 -110.291
0.441815 -111.956
0.447964 -111.858
0.454126 -110.106
0.460267 -110.508
0.466387 -112.819
0.47254 -111.176
0.478662 -111.623
0.484765 -112.15
0.490885 -112.221
0.497035 -111.12
0.503198 -111.104
0.509342 -111.704
0.515458 -111.845
0.521598 -110.762
0.527764 -112.356
0.533884 -110.977
0.54 -112.639
0.546137 -110.701
0.552299 -111.586
0.558452 -112.264
0.564573 -112.027
0.570708 -111.784
0.576825 -110.137
0.582926 -111.014
0.589034 -111.475
0.595184 -111.313
0.601379 -112.485
0.607522 -110.55
0.613639 -110.096
0.619772 -110.401
0.625918 -110.402
0.632068 -110.071
0.638161 -110.69
0.6443 -111.346
0.650464 -110.152
0.656582 -110.092
0.662703 -111.165
0.668861 -110.059
0.675024 -109.549
0.681124 -109.36
0.687237 -109.391
0.693381 -109.047
0.699536 -110.114
0.705665 -109.076
0.711789 -109.609
0.717957 -108.633
0.72409 -107.598
0.730186 -107.871
0.736317 -108.446
0.742472 -108.191
0.748622 -107.446
0.75476 -108.103
0.760888 -106.517
0.767043 -106.728
0.773185 -107.537
0.779291 -107.475
0.785407 -107.266
0.791564 -106.862
0.797719 -106.862
0.803834 -105.484
0.809972 -105.695
0.816124 -106.202
0.822261 -106.557
0.828378 -105.214
0.834502 -105.968
0.840667 -105.027
0.846816 -104.902
0.852925 -104.313
0.859047 -104.539
0.865192 -104.235
0.871341 -103.295
0.877463 -104.447
0.883569 -104.018
0.889708 -103.61
0.895864 -103.509
0.902008 -103.727
0.908149 -103.11
0.914301 -103.332
0.920448 -103.598
0.926574 -102.882
0.932687 -102.241
0.938823 -101.79
0.944975 -101.292
0.951105 -101.778
0.957225 -101.329
0.963368 -101.582
0.969511 -101.307
0.975621 -101.297
0.981748 -100.626
0.987916 -100.583
0.99406 -101.245
1.00019 -99.6425
1.00632 -100.035
1.01246 -99.8353
1.01859 -100.312
1.02471 -100.571
1.03085 -99.154
1.03698 -100.228
1.04314 -99.6269
1.04929 -98.7711
1.05541 -99.3819
1.06154 -99.2174
1.06769 -99.108
1.07382 -98.4459
1.07993 -98.9343
1.08607 -98.5788
1.09222 -98.8499
1.09836 -97.7143
1.10449 -98.2995
1.11063 -97.9985
1.11677 -97.6086
1.1229 -97.6066
1.12903 -97.2209
1.13518 -97.2755
1.14131 -96.7035
1.14745 -97.0865
1.15359 -96.665
1.15973 -97.1863
1.16584 -96.0649
1.17197 -96.4089
1.17811 -95.9668
1.18424 -95.7288
1.19038 -95.504
1.19652 -96.4439
1.20267 -95.8838
1.20881 -96.0191
1.21495 -95.6727
1.22108 -95.9053
1.2272 -94.3315
1.23334 -95.1057
1.23949 -94.5626
1.24562 -94.9268
1.25174 -95.1627
1.25789 -94.8126
1.26402 -94.8529
1.27014 -94.1177
1.27628 -94.6825
1.28244 -94.1184
1.28858 -93.81
1.29471 -94.6568
1.30084 -94.385
1.30697 -93.5206
1.31312 -92.9695
1.31925 -92.9341
1.32537 -93.4441
1.33151 -93.5975
1.33765 -93.0829
1.34378 -92.6956
1.34992 -92.9376
1.35606 -92.692
1.3622 -93.0621
1.36833 -92.4194
1.37445 -92.3584
1.38059 -92.348
1.38675 -92.4973
1.39288 -92.3247
1.39901 -91.7828
1.40515 -91.8138
1.4113 -91.7875
1.41742 -91.6005
1.42355 -91.4833
1.4297 -91.294
1.43585 -91.6446
1.44198 -91.6011
1.44809 -90.8814
1.45423 -91.0106
1.46036 -90.8089
1.46649 -90.7486
1.47263 -90.951
1.47877 -90.4065
1.48491 -90.5226
1.49104 -90.7097
1.49718 -90.524
1.50333 -90.1711
1.50947 -90.1007
1.5156 -90.2249
1.52172 -89.7382
1.52787 -89.7095
1.534 -89.8536
1.54013 -89.5885
1.54627 -89.9905
1.55241 -89.8878
1.55855 -89.7168
1.56467 -89.4419
1.5708 -89.1756
