0.00783031 19791.6
0.013688 24237.7
0.019231 25133.8
0.0249154 22982.3
0.0312784 19932.5
0.0375637 16675.2
0.0433917 14571.1
0.0492413 12838.1
0.0555754 12255
0.0619321 11489.5
0.067871 10633.6
0.0738098 9880.76
0.0800417 9040.76
0.0862327 7985.68
0.0921407 7203.51
0.0982031 6474.44
0.104506 5980.74
0.110769 5741.31
0.116806 5537.28
0.122832 5193.6
0.129052 4924.68
0.135211 4671.52
0.141259 4546.2
0.147318 4192.57
0.153489 3967.54
0.159709 3751.91
0.165845 3582.94
0.171974 3363.77
0.178125 3272.14
0.184229 3205.59
0.19034 3074.24
0.196428 3040.89
0.202534 2953.15
0.208729 2814.78
0.214876 2737.5
0.220989 2614.95
0.227147 2581.32
0.23329 2476.71
0.239377 2427.3
0.245482 2328.66
0.251667 2323.01
0.257832 2314.02
0.263955 2186.33
0.270079 2156.88
0.27624 2091.98
0.282372 2074.25
0.28843 1990.37
0.294538 1962.67
0.300721 1936.9
0.30691 1894.11
0.313033 1867.11
0.319153 1822.12
0.325316 1798.9
0.33145 1780.83
0.337538 1729.92
0.343633 1712.39
0.349808 1677.51
0.355968 1659.84
0.362074 1612.15
0.368217 1611.96
0.374374 1580.93
0.380519 1541.02
0.386598 1525.28
0.392688 1501.15
0.39888 1483.86
0.405048 1471.16
0.411186 1444.11
0.417313 1427.01
0.423458 1424.35
0.429607 1391.2
0.435692 1382.15
0.441815 1353.81
0.447964 1351.74
0.454126 1316.5
0.460267 1315.3
0.466387 1300.21
0.47254 1290.64
0.478662 1271.67
0.484765 1255.12
0.490885 1237.52
0.497035 1239.21
0.503198 1222.4
0.509342 1204.95
0.515458 1190.41
0.521598 1187.89
0.527764 1169.11
0.533884 1168.39
0.54 1145.68
0.546137 1130.76
0.552299 1132.83
0.558452 1128.91
0.564573 1108.26
0.570708 1099.88
0.576825 1089.77
0.582926 1082.76
0.589034 1065.17
0.595184 1061.37
0.601379 1053.84
0.607522 1033.55
0.613639 1034.4
0.619772 1022.37
0.625918 1016.94
0.632068 1009.24
0.638161 997.95
0.6443 982.305
0.650464 982.509
0.656582 971.606
0.662703 969.04
0.668861 961.573
0.675024 954.89
0.681124 947.551
0.687237 932.033
0.693381 928.002
0.699536 928.484
0.705665 917.481
0.711789 909.38
0.717957 899.594
0.72409 896.006
0.730186 886.821
0.736317 883.28
0.742472 876.416
0.748622 866.294
0.75476 865.435
0.760888 856.538
0.767043 850.039
0.773185 845.609
0.779291 839.867
0.785407 834.033
0.791564 829.482
0.797719 818.519
0.803834 816.447
0.809972 809.686
0.816124 800.43
0.822261 799.041
0.828378 794.873
0.834502 787.563
0.840667 779.699
0.846816 774.67
0.852925 771.624
0.859047 765.435
0.865192 757.74
0.871341 753.707
0.877463 748.97
0.883569 744.551
0.889708 739.687
0.895864 737.196
0.902008 726.618
0.908149 725.379
0.914301 720.458
0.920448 715.892
0.926574 711.603
0.932687 707.04
0.938823 701.721
0.944975 694.754
0.951105 688.633
0.957225 686.599
0.963368 681.908
0.969511 676.97
0.975621 676.431
0.981748 667.417
0.987916 665.488
0.99406 661.525
1.00019 657.462
1.00632 652.092
1.01246 646.499
1.01859 642.401
1.02471 639.367
1.03085 633.876
1.03698 632.118
1.04314 625.996
1.04929 623.287
1.05541 619.28
1.06154 614.158
1.06769 613.787
1.07382 606.338
1.07993 601.984
1.08607 597.651
1.09222 593.885
1.09836 590.331
1.10449 583.873
1.11063 583.544
1.11677 577.78
1.1229 572.416
1.12903 568.619
1.13518 568.941
1.14131 564.057
1.14745 560.504
1.15359 557.419
1.15973 552.222
1.16584 547.908
1.17197 544.697
1.17811 542.365
1.18424 537.425
1.19038 533.826
1.19652 530.817
1.20267 527.989
1.20881 524.319
1.21495 521.011
1.22108 517.141
1.2272 514.717
1.23334 510.632
1.23949 507.922
1.24562 506.061
1.25174 501.311
1.25789 497.458
1.26402 495.065
1.27014 491.741
1.27628 488.964
1.28244 486.107
1.28858 481.571
1.29471 477.987
1.30084 475.337
1.30697 472.932
1.31312 468.746
1.31925 466.299
1.32537 464.496
1.33151 461.514
1.33765 456.827
1.34378 453.043
1.34992 452.286
1.35606 448.712
1.3622 445.94
1.36833 443.378
1.37445 437.973
1.38059 436.517
1.38675 434.149
1.39288 430.555
1.39901 428.027
1.40515 424.533
1.4113 422.075
1.41742 419.873
1.42355 416.792
1.4297 414.258
1.43585 412.301
1.44198 409.801
1.44809 406.405
1.45423 404.478
1.46036 401.403
1.46649 397.703
1.47263 396.248
1.47877 392.68
1.48491 390.558
1.49104 388.773
1.49718 386.119
1.50333 383.487
1.50947 380.092
1.5156 377.777
1.52172 375.535
1.52787 373.552
1.534 371.007
1.54013 369.531
1.54627 365.336
1.55241 364.04
1.55855 362.259
1.56467 360.061
1.5708 356.143
