0.00783031 0.107852
0.013688 13.5067
0.019231 5.0616
0.0249154 -4.56799
0.0312784 6.69041
0.0375637 1.64186
0.0433917 3.20631
0.0492413 5.6015
0.0555754 8.12293
0.0619321 3.69696
0.067871 7.33035
0.0738098 8.14302
0.0800417 10.2156
0.0862327 9.44297
0.0921407 11.7591
0.0982031 10.8385
0.104506 14.3522
0.110769 13.8768
0.116806 17.8078
0.122832 17.2239
0.129052 16.7028
0.135211 17.9577
0.141259 19.096
0.147318 20.4078
0.153489 21.5357
0.159709 24.4426
0.165845 22.1142
0.171974 26.6956
0.178125 24.8684
0.184229 27.2965
0.19034 26.5356
0.196428 30.675
0.202534 30.3511
0.208729 33.1981
0.214876 30.6102
0.220989 32.2255
0.227147 32.9313
0.23329 35.4888
0.239377 36.0024
0.245482 36.1211
0.251667 38.1999
0.257832 39.445
0.263955 40.1936
0.270079 40.3273
0.27624 40.6489
0.282372 41.3529
0.28843 40.4675
0.294538 42.6785
0.300721 42.6486
0.30691 44.0427
0.313033 45.1936
0.319153 43.6477
0.325316 46.3786
0.33145 46.6287
0.337538 47.2911
0.343633 47.6127
0.349808 46.4564
0.355968 48.2736
0.362074 48.9105
0.368217 48.2523
0.374374 49.384
0.380519 50.7111
0.386598 49.8361
0.392688 49.6009
0.39888 50.9278
0.405048 51.4864
0.411186 52.5192
0.417313 52.9657
0.423458 52.3825
0.429607 52.4059
0.435692 51.9585
0.441815 51.711
0.447964 52.9904
0.454126 53.7619
0.460267 53.451
0.466387 55.0097
0.47254 54.1327
0.478662 54.189
0.484765 54.7143
0.490885 54.1207
0.497035 55.7626
0.503198 54.94
0.509342 54.4395
0.515458 55.1206
0.521598 56.4909
0.527764 55.4547
0.533884 56.136
0.54 56.4201
0.546137 55.4505
0.552299 55.839
0.558452 56.8243
0.564573 56.2684
0.570708 55.5484
0.576825 56.223
0.582926 56.2388
0.589034 56.3589
0.595184 56.1675
0.601379 56.2754
0.607522 56.0434
0.613639 56.2232
0.619772 56.5938
0.625918 56.2189
0.632068 55.7763
0.638161 55.5262
0.6443 55.392
0.650464 55.4806
0.656582 55.6137
0.662703 55.475
0.668861 55.578
0.675024 55.4617
0.681124 54.8817
0.687237 54.8105
0.693381 55.0677
0.699536 54.8025
0.705665 54.7584
0.711789 54.2795
0.717957 54.7528
0.72409 54.4214
0.730186 53.9421
0.736317 53.9927
0.742472 53.7655
0.748622 53.4311
0.75476 53.4896
0.760888 53.6777
0.767043 53.3811
0.773185 52.8743
0.779291 52.2251
0.785407 52.3247
0.791564 51.9127
0.797719 51.7606
0.803834 51.1553
0.809972 51.6501
0.816124 51.1228
0.822261 51.1249
0.828378 51.3912
0.834502 50.7285
0.840667 50.1092
0.846816 50.4248
0.852925 49.8329
0.859047 49.535
0.865192 48.8024
0.871341 49.1606
0.877463 49.2142
0.883569 48.586
0.889708 48.0546
0.895864 48.0172
0.902008 47.257
0.908149 47.7893
0.914301 47.3899
0.920448 46.7387
0.926574 46.7011
0.932687 47.0982
0.938823 45.9821
0.944975 46.0507
0.951105 45.9781
0.957225 45.6658
0.963368 45.1395
0.969511 45.6993
0.975621 44.8985
0.981748 43.8374
0.987916 44.0957
0.99406 44.2513
1.00019 43.6809
1.00632 43.3152
1.01246 43.3664
1.01859 43.0157
1.02471 42.9118
1.03085 42.5696
1.03698 42.0784
1.04314 42.0759
1.04929 41.4684
1.05541 41.6045
1.06154 41.1971
1.06769 41.3432
1.07382 41.3304
1.07993 41.2418
1.08607 40.601
1.09222 40.1244
1.09836 40.2757
1.10449 39.867
1.11063 39.5498
1.11677 39.0997
1.1229 39.3748
1.12903 39.2513
1.13518 38.7265
1.14131 38.8352
1.14745 38.6114
1.15359 37.986
1.15973 38.2046
1.16584 37.9851
1.17197 37.1521
1.17811 37.7869
1.18424 37.2387
1.19038 36.918
1.19652 37.0601
1.20267 36.4353
1.20881 35.9349
1.21495 36.3997
1.22108 35.8448
1.2272 36.0763
1.23334 35.4627
1.23949 35.1691
1.24562 35.8348
1.25174 35.5862
1.25789 35.1686
1.26402 34.8806
1.27014 34.9518
1.27628 34.492
1.28244 34.6331
1.28858 34.1569
1.29471 33.7571
1.30084 34.1523
1.30697 33.6839
1.31312 33.2707
1.31925 33.6644
1.32537 33.3678
1.33151 33.0538
1.33765 32.92
1.34378 33.1981
1.34992 32.7471
1.35606 32.7547
1.3622 32.6631
1.36833 32.59
1.37445 32.5452
1.38059 32.3786
1.38675 32.0737
1.39288 32.0249
1.39901 31.9229
1.40515 31.8462
1.4113 31.7691
1.41742 31.3832
1.42355 31.2683
1.4297 30.8503
1.43585 31.4197
1.44198 31.142
1.44809 30.8671
1.45423 31.249
1.46036 30.7475
1.46649 30.8343
1.47263 30.5782
1.47877 30.1447
1.48491 30.6853
1.49104 30.5627
1.49718 30.0206
1.50333 30.2711
1.50947 30.08
1.5156 29.651
1.52172 30.3746
1.52787 29.8853
1.534 29.8328
1.54013 29.9133
1.54627 29.5353
1.55241 29.5002
1.55855 29.3917
1.56467 29.3386
1.5708 29.2541
