0.00783031 -358.363
0.013688 1032.51
0.019231 904.996
0.0249154 -709.303
0.0312784 823.7
0.0375637 243.11
0.0433917 868.533
0.0492413 144.606
0.0555754 488.838
0.0619321 1398.15
0.067871 1165.79
0.0738098 1064.79
0.0800417 1012.99
0.0862327 1460.1
0.0921407 1211.12
0.0982031 1599.56
0.104506 1298.61
0.110769 1374.02
0.116806 1513.41
0.122832 1688.83
0.129052 1742.34
0.135211 1691.88
0.141259 1813.71
0.147318 1805.53
0.153489 1898.76
0.159709 1818.47
0.165845 1869.8
0.171974 1811.09
0.178125 1920.64
0.184229 1947.82
0.19034 1864.1
0.196428 1933.47
0.202534 1920.04
0.208729 1938.69
0.214876 1975.2
0.220989 1893.57
0.227147 1979.34
0.23329 1959.02
0.239377 1955.14
0.245482 1943.65
0.251667 1980.17
0.257832 1995.71
0.263955 1970.56
0.270079 1975.43
0.27624 1963.64
0.282372 2011.14
0.28843 1969.25
0.294538 1937.85
0.300721 1971.15
0.30691 1942.05
0.313033 1986.56
0.319153 1989.03
0.325316 1965.66
0.33145 1977.28
0.337538 1955.92
0.343633 1958.65
0.349808 1940.37
0.355968 1960.8
0.362074 1930.69
0.368217 1966.02
0.374374 1952.42
0.380519 1914.8
0.386598 1930.03
0.392688 1894.95
0.39888 1908.27
0.405048 1917.57
0.411186 1915.24
0.417313 1903.64
0.423458 1927.91
0.429607 1901.95
0.435692 1917.7
0.441815 1899.86
0.447964 1899.01
0.454126 1864.15
0.460267 1878.42
0.466387 1888.79
0.47254 1900.9
0.478662 1873.24
0.484765 1872.9
0.490885 1862.38
0.497035 1886.5
0.503198 1870.49
0.509342 1861.87
0.515458 1850.51
0.521598 1858.62
0.527764 1838.42
0.533884 1841.59
0.54 1832.56
0.546137 1823.08
0.552299 1823.06
0.558452 1838.14
0.564573 1813.78
0.570708 1806.48
0.576825 1807.23
0.582926 1807.61
0.589034 1792.56
0.595184 1797.93
0.601379 1795.17
0.607522 1769.41
0.613639 1777.61
0.619772 1764.15
0.625918 1770.59
0.632068 1773.56
0.638161 1759.36
0.6443 1743.01
0.650464 1764.81
0.656582 1744.02
0.662703 1752.04
0.668861 1742.04
0.675024 1740.33
0.681124 1736.19
0.687237 1728.86
0.693381 1716.95
0.699536 1723.59
0.705665 1714.51
0.711789 1709.8
0.717957 1696.47
0.72409 1697.75
0.730186 1692.57
0.736317 1686.99
0.742472 1686.69
0.748622 1678.76
0.75476 1679.87
0.760888 1667.44
0.767043 1666.63
0.773185 1661.57
0.779291 1667.15
0.785407 1654.74
0.791564 1656.19
0.797719 1641.65
0.803834 1641.8
0.809972 1631.32
0.816124 1616.61
0.822261 1624.78
0.828378 1625.39
0.834502 1614.37
0.840667 1604.17
0.846816 1602.04
0.852925 1604.89
0.859047 1595.53
0.865192 1589.51
0.871341 1589.4
0.877463 1580.36
0.883569 1572.47
0.889708 1570.47
0.895864 1572.26
0.902008 1555.94
0.908149 1562
0.914301 1556.18
0.920448 1549.76
0.926574 1543.29
0.932687 1540.2
0.938823 1536.91
0.944975 1529.55
0.951105 1519.87
0.957225 1517.68
0.963368 1512.23
0.969511 1508.67
0.975621 1511.09
0.981748 1500.25
0.987916 1499.15
0.99406 1492.74
1.00019 1496.86
1.00632 1486.85
1.01246 1475.07
1.01859 1466.76
1.02471 1468.51
1.03085 1460.26
1.03698 1464.71
1.04314 1451.67
1.04929 1449.82
1.05541 1445.12
1.06154 1439.09
1.06769 1444.76
1.07382 1433.45
1.07993 1419.16
1.08607 1419.06
1.09222 1416.71
1.09836 1408.62
1.10449 1402.97
1.11063 1404.03
1.11677 1393.58
1.1229 1381.92
1.12903 1378.86
1.13518 1387.44
1.14131 1377.84
1.14745 1373.79
1.15359 1371.15
1.15973 1361.8
1.16584 1358.95
1.17197 1354.97
1.17811 1347.27
1.18424 1343.72
1.19038 1338.61
1.19652 1333.14
1.20267 1332.1
1.20881 1324.26
1.21495 1321.68
1.22108 1313.87
1.2272 1314.2
1.23334 1306.99
1.23949 1304.09
1.24562 1302.91
1.25174 1295.03
1.25789 1290.48
1.26402 1286.19
1.27014 1283.16
1.27628 1276.94
1.28244 1279.13
1.28858 1268.89
1.29471 1260.62
1.30084 1259.39
1.30697 1254.17
1.31312 1246.41
1.31925 1246.48
1.32537 1243.29
1.33151 1237.21
1.33765 1231.08
1.34378 1222.93
1.34992 1225.75
1.35606 1219.06
1.3622 1216.72
1.36833 1210.74
1.37445 1202.9
1.38059 1197.59
1.38675 1197.47
1.39288 1189.79
1.39901 1185.64
1.40515 1180.27
1.4113 1179.81
1.41742 1176.36
1.42355 1170.36
1.4297 1168.38
1.43585 1164.81
1.44198 1161.52
1.44809 1155.39
1.45423 1153.3
1.46036 1148.71
1.46649 1140.22
1.47263 1141.34
1.47877 1133.27
1.48491 1131.73
1.49104 1129.07
1.49718 1123.91
1.50333 1119.42
1.50947 1112.06
1.5156 1110.33
1.52172 1104.69
1.52787 1103.4
1.534 1099.91
1.54013 1095.29
1.54627 1087.82
1.55241 1087.37
1.55855 1084.15
1.56467 1083.11
1.5708 1075.05
