0.00783031 20085.6
0.013688 24878.3
0.019231 25066.6
0.0249154 23049
0.0312784 19674
0.0375637 17037.2
0.0433917 15037.2
0.0492413 13182.8
0.0555754 11899
0.0619321 11126.4
0.067871 10165.6
0.0738098 9556.43
0.0800417 8513.94
0.0862327 7521.96
0.0921407 6954.02
0.0982031 6060.13
0.104506 5579.64
0.110769 5105.42
0.116806 4701.08
0.122832 4627.94
0.129052 4278.78
0.135211 4197.35
0.141259 3944.76
0.147318 3742.05
0.153489 3469.03
0.159709 3287.38
0.165845 3025.46
0.171974 2907.29
0.178125 2772.74
0.184229 2644.23
0.19034 2550.72
0.196428 2417.13
0.202534 2337.91
0.208729 2281.91
0.214876 2167.06
0.220989 2089.58
0.227147 1980.98
0.23329 1951.23
0.239377 1905.43
0.245482 1785.34
0.251667 1734.35
0.257832 1717.95
0.263955 1655.17
0.270079 1595.12
0.27624 1564.36
0.282372 1517.21
0.28843 1480.36
0.294538 1422.18
0.300721 1397.3
0.30691 1368.64
0.313033 1312.9
0.319153 1284.98
0.325316 1257.85
0.33145 1242.2
0.337538 1216.89
0.343633 1164.44
0.349808 1119.72
0.355968 1120.57
0.362074 1096.33
0.368217 1079.61
0.374374 1049.16
0.380519 1039.81
0.386598 1014.4
0.392688 994.276
0.39888 963.747
0.405048 959.217
0.411186 943.761
0.417313 924.788
0.423458 906.519
0.429607 898.26
0.435692 889.055
0.441815 863.098
0.447964 849.756
0.454126 828.401
0.460267 821.468
0.466387 806.029
0.47254 789.741
0.478662 786.234
0.484765 777.018
0.490885 756.215
0.497035 749.276
0.503198 732.687
0.509342 719.644
0.515458 721.671
0.521598 706.269
0.527764 696.924
0.533884 684.988
0.54 675.188
0.546137 666.995
0.552299 660.807
0.558452 649.709
0.564573 637.099
0.570708 637.18
0.576825 627.185
0.582926 615.824
0.589034 606.908
0.595184 603.612
0.601379 593.701
0.607522 587.253
0.613639 580.36
0.619772 569.763
0.625918 566.434
0.632068 557.98
0.638161 553.894
0.6443 544.064
0.650464 536.166
0.656582 532.638
0.662703 525.869
0.668861 518.612
0.675024 519.122
0.681124 506.883
0.687237 499.271
0.693381 495.453
0.699536 490.377
0.705665 486.173
0.711789 480.719
0.717957 472.174
0.72409 469.853
0.730186 464.129
0.736317 459.435
0.742472 454.348
0.748622 446.859
0.75476 443.845
0.760888 441.96
0.767043 436.374
0.773185 425.334
0.779291 424.827
0.785407 421.437
0.791564 415.556
0.797719 413.268
0.803834 406.989
0.809972 400.886
0.816124 401.871
0.822261 395.644
0.828378 393.132
0.834502 388.464
0.840667 383.822
0.846816 378.423
0.852925 376.315
0.859047 369.99
0.865192 367.536
0.871341 364.984
0.877463 361.025
0.883569 357.38
0.889708 354.522
0.895864 350.025
0.902008 344.755
0.908149 342.954
0.914301 338.648
0.920448 336.184
0.926574 332.266
0.932687 329.884
0.938823 326.471
0.944975 321.692
0.951105 320.124
0.957225 316.435
0.963368 313.885
0.969511 310.385
0.975621 306.96
0.981748 302.591
0.987916 300.216
0.99406 297.215
1.00019 295.392
1.00632 291.775
1.01246 288.97
1.01859 286.565
1.02471 283.083
1.03085 281.129
1.03698 276.564
1.04314 274.528
1.04929 270.994
1.05541 269.651
1.06154 267.148
1.06769 264.196
1.07382 261.489
1.07993 260.098
1.08607 256.232
1.09222 253.658
1.09836 252.739
1.10449 248.571
1.11063 247.515
1.11677 244.939
1.1229 241.623
1.12903 239.416
1.13518 237.348
1.14131 233.902
1.14745 232.75
1.15359 229.948
1.15973 227.685
1.16584 224.945
1.17197 223.425
1.17811 220.491
1.18424 219.572
1.19038 217.213
1.19652 214.996
1.20267 212.808
1.20881 210.799
1.21495 208.346
1.22108 206.017
1.2272 204.403
1.23334 202.377
1.23949 200.878
1.24562 198.502
1.25174 196.417
1.25789 194.795
1.26402 193.025
1.27014 190.712
1.27628 188.566
1.28244 187.05
1.28858 185.567
1.29471 183.822
1.30084 181.956
1.30697 180.234
1.31312 179.07
1.31925 176.899
1.32537 175.48
1.33151 173.327
1.33765 172.33
1.34378 169.937
1.34992 168.226
1.35606 166.556
1.3622 165.37
1.36833 163.704
1.37445 161.926
1.38059 160.843
1.38675 159.139
1.39288 157.615
1.39901 156.002
1.40515 154.535
1.4113 152.907
1.41742 151.368
1.42355 150.107
1.4297 148.328
1.43585 147.402
1.44198 145.528
1.44809 144.192
1.45423 143.235
1.46036 141.804
1.46649 140.292
1.47263 138.309
1.47877 137.286
1.48491 136.118
1.49104 135.221
1.49718 133.921
1.50333 132.035
1.50947 131.052
1.5156 129.34
1.52172 128.438
1.52787 127.41
1.534 126.03
1.54013 124.886
1.54627 123.813
1.55241 122.544
1.55855 121.241
1.56467 120.509
1.5708 118.987
