0.00783031 -2042.54
0.013688 453.89
0.019231 -966.478
0.0249154 -102.607
0.0312784 298.052
0.0375637 369.952
0.0433917 114.887
0.0492413 118.016
0.0555754 641.573
0.0619321 586.558
0.067871 847.778
0.0738098 976.961
0.0800417 1085.45
0.0862327 1518.04
0.0921407 1505.89
0.0982031 1479.41
0.104506 1380.79
0.110769 1337.37
0.116806 1550.43
0.122832 1601.14
0.129052 1548.74
0.135211 1654.57
0.141259 1709.68
0.147318 1719.84
0.153489 1716.57
0.159709 1883.59
0.165845 1764.47
0.171974 1763.19
0.178125 1811.69
0.184229 1868.32
0.19034 1803.43
0.196428 1901.56
0.202534 1932.75
0.208729 1894.31
0.214876 1965.49
0.220989 1914.57
0.227147 1902.39
0.23329 1957.71
0.239377 2020.36
0.245482 1939.63
0.251667 1926.44
0.257832 1933.98
0.263955 1939.09
0.270079 1953.55
0.27624 1931.33
0.282372 1937.98
0.28843 1963.37
0.294538 1934.81
0.300721 1949.31
0.30691 1978.68
0.313033 1934.35
0.319153 1923.03
0.325316 1914.7
0.33145 1940.78
0.337538 1939.52
0.343633 1941.69
0.349808 1871.52
0.355968 1919.32
0.362074 1933.4
0.368217 1933.34
0.374374 1892.92
0.380519 1918.41
0.386598 1899.65
0.392688 1869.26
0.39888 1865.33
0.405048 1883.49
0.411186 1895.43
0.417313 1894.2
0.423458 1862.67
0.429607 1888.69
0.435692 1893.38
0.441815 1848.02
0.447964 1854.22
0.454126 1835.9
0.460267 1859.55
0.466387 1849.91
0.47254 1838.09
0.478662 1836.22
0.484765 1835.37
0.490885 1830.64
0.497035 1829.45
0.503198 1804.5
0.509342 1799.74
0.515458 1820.48
0.521598 1805.83
0.527764 1805.38
0.533884 1792.52
0.54 1790.14
0.546137 1779.68
0.552299 1771.91
0.558452 1770.39
0.564573 1761.58
0.570708 1774.9
0.576825 1760.66
0.582926 1758.98
0.589034 1743.62
0.595184 1757.69
0.601379 1741.91
0.607522 1737.99
0.613639 1726.56
0.619772 1726.8
0.625918 1718.69
0.632068 1706.01
0.638161 1707.33
0.6443 1696.77
0.650464 1686.64
0.656582 1689.18
0.662703 1677.1
0.668861 1680.52
0.675024 1684.57
0.681124 1671.83
0.687237 1652.4
0.693381 1659.03
0.699536 1648.8
0.705665 1649.47
0.711789 1640.64
0.717957 1637.11
0.72409 1627.81
0.730186 1629.41
0.736317 1625.98
0.742472 1619.5
0.748622 1600.15
0.75476 1608.91
0.760888 1611.79
0.767043 1598.46
0.773185 1573.57
0.779291 1577.26
0.785407 1577.81
0.791564 1574.63
0.797719 1576.6
0.803834 1563.98
0.809972 1550.49
0.816124 1563.17
0.822261 1548.99
0.828378 1554.1
0.834502 1544.15
0.840667 1541.45
0.846816 1526.17
0.852925 1529.05
0.859047 1510.6
0.865192 1513.41
0.871341 1508.44
0.877463 1503.85
0.883569 1499.89
0.889708 1497.29
0.895864 1491.25
0.902008 1478.59
0.908149 1474.69
0.914301 1471.8
0.920448 1466.49
0.926574 1462.4
0.932687 1461.85
0.938823 1450.15
0.944975 1440.99
0.951105 1441.88
0.957225 1440.26
0.963368 1432.38
0.969511 1427
0.975621 1419.52
0.981748 1406.93
0.987916 1408.72
0.99406 1399.81
1.00019 1401.73
1.00632 1389.62
1.01246 1386.58
1.01859 1381.89
1.02471 1380.28
1.03085 1372.8
1.03698 1357.68
1.04314 1356.24
1.04929 1345.9
1.05541 1351.61
1.06154 1347.28
1.06769 1339.78
1.07382 1336.96
1.07993 1331.66
1.08607 1321.09
1.09222 1315.96
1.09836 1320.97
1.10449 1310.97
1.11063 1308.04
1.11677 1302.68
1.1229 1292.84
1.12903 1288.14
1.13518 1283.95
1.14131 1273.89
1.14745 1275.8
1.15359 1267.69
1.15973 1261.92
1.16584 1251.86
1.17197 1249.09
1.17811 1242.93
1.18424 1244.34
1.19038 1241.81
1.19652 1234.25
1.20267 1226.5
1.20881 1220.46
1.21495 1215.23
1.22108 1209.78
1.2272 1205.59
1.23334 1202.08
1.23949 1197.17
1.24562 1191.98
1.25174 1184.6
1.25789 1182.47
1.26402 1180.57
1.27014 1171.59
1.27628 1165.92
1.28244 1162.99
1.28858 1157.29
1.29471 1151.07
1.30084 1148.21
1.30697 1145.09
1.31312 1145.48
1.31925 1134.54
1.32537 1133.89
1.33151 1125.83
1.33765 1124.49
1.34378 1115.92
1.34992 1111.25
1.35606 1103.88
1.3622 1105.19
1.36833 1099.19
1.37445 1094.75
1.38059 1088.93
1.38675 1088.09
1.39288 1082.96
1.39901 1076.21
1.40515 1072.52
1.4113 1066.79
1.41742 1062.74
1.42355 1059.77
1.4297 1051.04
1.43585 1052.88
1.44198 1046.73
1.44809 1039.15
1.45423 1037.67
1.46036 1032.07
1.46649 1026.41
1.47263 1020.29
1.47877 1015.58
1.48491 1014.42
1.49104 1011.01
1.49718 1007.23
1.50333 999.125
1.50947 997.301
1.5156 988.099
1.52172 989.181
1.52787 983.051
1.534 979.338
1.54013 974.627
1.54627 970.654
1.55241 966.296
1.55855 960.382
1.56467 961.862
1.5708 953.688
