0.00783031 7165.56
0.013688 7185.31
0.019231 4420.86
0.0249154 5096.39
0.0312784 5356.21
0.0375637 4738.82
0.0433917 5003.76
0.0492413 4282.75
0.0555754 4070.79
0.0619321 4193.71
0.067871 3711.26
0.0738098 3479
0.0800417 3270.09
0.0862327 3023.88
0.0921407 2893.43
0.0982031 2799.25
0.104506 2523.13
0.110769 2404.51
0.116806 2305.1
0.122832 2205.44
0.129052 2027.25
0.135211 1949.33
0.141259 1901.04
0.147318 1741.49
0.153489 1742.7
0.159709 1681.52
0.165845 1559.12
0.171974 1546.22
0.178125 1466.18
0.184229 1419.23
0.19034 1313.14
0.196428 1305.92
0.202534 1232.94
0.208729 1197.38
0.214876 1136.57
0.220989 1098.73
0.227147 1070.81
0.23329 1042.39
0.239377 1011.1
0.245482 971.446
0.251667 931.485
0.257832 900.588
0.263955 865.166
0.270079 854.132
0.27624 842.493
0.282372 811.479
0.28843 791.995
0.294538 765.449
0.300721 735.397
0.30691 701.058
0.313033 684.267
0.319153 655.838
0.325316 651.18
0.33145 644.056
0.337538 606.769
0.343633 608.173
0.349808 574.003
0.355968 561.519
0.362074 543.197
0.368217 544.656
0.374374 520.195
0.380519 510.355
0.386598 488.62
0.392688 495.272
0.39888 459.549
0.405048 472.708
0.411186 450.641
0.417313 437.748
0.423458 443.161
0.429607 417.695
0.435692 405.829
0.441815 402.785
0.447964 381.409
0.454126 386.426
0.460267 367.114
0.466387 368.975
0.47254 352.548
0.478662 340.627
0.484765 325.502
0.490885 326.908
0.497035 321.932
0.503198 317.947
0.509342 309.623
0.515458 302.807
0.521598 285.651
0.527764 283.488
0.533884 279.605
0.54 273.02
0.546137 271.92
0.552299 261.25
0.558452 254.436
0.564573 245.791
0.570708 244.484
0.576825 238.644
0.582926 229.454
0.589034 225.353
0.595184 218.072
0.601379 215.789
0.607522 211.18
0.613639 203.926
0.619772 198.62
0.625918 194.873
0.632068 186.055
0.638161 187.16
0.6443 179.618
0.650464 180.641
0.656582 174.991
0.662703 170.702
0.668861 165.481
0.675024 163.535
0.681124 156.401
0.687237 153.963
0.693381 149.903
0.699536 146.52
0.705665 138.81
0.711789 137.954
0.717957 138.628
0.72409 130.003
0.730186 128.847
0.736317 124.48
0.742472 121.987
0.748622 114.329
0.75476 113.994
0.760888 111.627
0.767043 109.237
0.773185 108.136
0.779291 101.946
0.785407 100.232
0.791564 96.6598
0.797719 92.6781
0.803834 97.0139
0.809972 87.422
0.816124 85.5984
0.822261 84.3279
0.828378 84.1438
0.834502 77.8643
0.840667 77.1193
0.846816 74.1676
0.852925 72.0358
0.859047 66.3334
0.865192 66.9862
0.871341 63.8966
0.877463 63.4495
0.883569 61.7884
0.889708 59.6235
0.895864 56.4387
0.902008 54.5235
0.908149 53.9926
0.914301 50.9916
0.920448 45.2093
0.926574 48.328
0.932687 43.7654
0.938823 42.1399
0.944975 40.934
0.951105 38.6372
0.957225 36.4877
0.963368 33.6783
0.969511 34.4333
0.975621 30.3532
0.981748 31.2101
0.987916 24.7526
0.99406 24.6994
1.00019 22.5049
1.00632 21.3746
1.01246 22.911
1.01859 20.2904
1.02471 19.0027
1.03085 16.9071
1.03698 16.7588
1.04314 14.2338
1.04929 12.0949
1.05541 9.19446
1.06154 10.5654
1.06769 8.77202
1.07382 4.84299
1.07993 6.48914
1.08607 7.08408
1.09222 2.70804
1.09836 3.23092
1.10449 2.99004
1.11063 1.44923
1.11677 -2.3399
1.1229 -2.83006
1.12903 -3.29742
1.13518 -4.37374
1.14131 -6.77573
1.14745 -5.81356
1.15359 -7.40264
1.15973 -6.40473
1.16584 -9.67498
1.17197 -10.8347
1.17811 -11.4611
1.18424 -12.7684
1.19038 -14.9867
1.19652 -16.311
1.20267 -15.7795
1.20881 -16.7666
1.21495 -17.8173
1.22108 -17.2366
1.2272 -19.0099
1.23334 -19.8521
1.23949 -20.7236
1.24562 -21.6054
1.25174 -23.0606
1.25789 -22.7367
1.26402 -22.6107
1.27014 -25.2068
1.27628 -25.5295
1.28244 -25.5244
1.28858 -26.8402
1.29471 -27.2154
1.30084 -28.1183
1.30697 -28.0032
1.31312 -28.0434
1.31925 -29.9616
1.32537 -29.2026
1.33151 -29.4342
1.33765 -31.4252
1.34378 -31.6435
1.34992 -32.0241
1.35606 -32.7967
1.3622 -32.0655
1.36833 -33.7304
1.37445 -35.2269
1.38059 -34.9945
1.38675 -34.1219
1.39288 -36.5049
1.39901 -38.1996
1.40515 -35.8533
1.4113 -35.8155
1.41742 -37.7253
1.42355 -37.1726
1.4297 -38.4404
1.43585 -38.7985
1.44198 -39.7917
1.44809 -39.9514
1.45423 -40.4942
1.46036 -39.9879
1.46649 -40.2891
1.47263 -39.5878
1.47877 -41.7035
1.48491 -42.5737
1.49104 -41.8532
1.49718 -41.1582
1.50333 -43.207
1.50947 -40.926
1.5156 -43.4487
1.52172 -43.6356
1.52787 -43.6964
1.534 -43.3574
1.54013 -43.7176
1.54627 -44.3121
1.55241 -45.5047
1.55855 -43.6035
1.56467 -44.1712
1.5708 -44.1237
