0.00783031 4797.64
0.013688 5093.81
0.019231 5633.85
0.0249154 5354.45
0.0312784 5008.09
0.0375637 4227.97
0.0433917 4518.55
0.0492413 4223.62
0.0555754 4219.47
0.0619321 3772.93
0.067871 3808.76
0.0738098 3332.21
0.0800417 3293.89
0.0862327 2983.19
0.0921407 2680.31
0.0982031 2574.51
0.104506 2526.63
0.110769 2413.89
0.116806 2275.81
0.122832 2227.36
0.129052 2033.05
0.135211 1934.17
0.141259 1889.35
0.147318 1754.54
0.153489 1737.84
0.159709 1618.04
0.165845 1528.18
0.171974 1451.55
0.178125 1463.58
0.184229 1381.25
0.19034 1320.28
0.196428 1269.56
0.202534 1229.61
0.208729 1174.62
0.214876 1153.86
0.220989 1092.42
0.227147 1081.72
0.23329 1008.85
0.239377 992.23
0.245482 932.41
0.251667 903.278
0.257832 880.995
0.263955 854.128
0.270079 848.667
0.27624 813.526
0.282372 765.881
0.28843 775.826
0.294538 706.774
0.300721 710.202
0.30691 698.679
0.313033 674.297
0.319153 654.468
0.325316 632.195
0.33145 604.902
0.337538 611.418
0.343633 582.221
0.349808 576.318
0.355968 558.546
0.362074 537.018
0.368217 509.975
0.374374 511.375
0.380519 495.744
0.386598 496.191
0.392688 471.496
0.39888 464.016
0.405048 431.596
0.411186 436.607
0.417313 429.563
0.423458 413.644
0.429607 406.844
0.435692 398.656
0.441815 387.023
0.447964 375.7
0.454126 376.008
0.460267 361.989
0.466387 343.78
0.47254 335.173
0.478662 324.694
0.484765 321.92
0.490885 314.48
0.497035 308.336
0.503198 300.041
0.509342 296.668
0.515458 288.623
0.521598 282.265
0.527764 273.922
0.533884 263.354
0.54 262.358
0.546137 256.192
0.552299 245.402
0.558452 243.547
0.564573 233.274
0.570708 235.904
0.576825 224.77
0.582926 220.756
0.589034 214.764
0.595184 216.09
0.601379 202.695
0.607522 201.702
0.613639 193.651
0.619772 186.173
0.625918 185.664
0.632068 178.141
0.638161 179.445
0.6443 172.255
0.650464 165.339
0.656582 159.971
0.662703 160.89
0.668861 152.574
0.675024 153.332
0.681124 149.134
0.687237 143.277
0.693381 143.714
0.699536 135.689
0.705665 129.334
0.711789 125.967
0.717957 128.199
0.72409 121.629
0.730186 118.945
0.736317 116.54
0.742472 111.864
0.748622 109.577
0.75476 107.026
0.760888 104.664
0.767043 99.0774
0.773185 96.9934
0.779291 96.6251
0.785407 95.2579
0.791564 90.0224
0.797719 88.4182
0.803834 87.3144
0.809972 83.027
0.816124 76.8423
0.822261 77.6783
0.828378 76.0928
0.834502 70.1453
0.840667 68.0099
0.846816 63.901
0.852925 65.9875
0.859047 62.246
0.865192 59.1678
0.871341 56.97
0.877463 55.2018
0.883569 55.3249
0.889708 48.1549
0.895864 45.8463
0.902008 43.4645
0.908149 44.3503
0.914301 43.509
0.920448 41.5271
0.926574 38.7231
0.932687 34.9543
0.938823 35.894
0.944975 33.7283
0.951105 31.4426
0.957225 30.5601
0.963368 26.294
0.969511 30.2961
0.975621 24.8801
0.981748 20.4541
0.987916 22.7123
0.99406 21.7114
1.00019 17.9693
1.00632 17.4587
1.01246 14.8153
1.01859 11.6763
1.02471 13.1187
1.03085 11.4663
1.03698 10.5051
1.04314 8.29227
1.04929 6.13494
1.05541 6.98721
1.06154 2.94921
1.06769 3.28047
1.07382 3.15247
1.07993 -0.859429
1.08607 -2.16536
1.09222 -3.47569
1.09836 -1.69279
1.10449 -3.672
1.11063 -6.39046
1.11677 -8.03103
1.1229 -9.51827
1.12903 -6.33171
1.13518 -10.4642
1.14131 -10.3429
1.14745 -13.0779
1.15359 -13.3851
1.15973 -13.4681
1.16584 -13.8423
1.17197 -15.6843
1.17811 -18.054
1.18424 -16.7089
1.19038 -17.9035
1.19652 -20.0746
1.20267 -20.4088
1.20881 -20.7755
1.21495 -23.7803
1.22108 -21.5893
1.2272 -24.0959
1.23334 -25.5425
1.23949 -24.8929
1.24562 -25.5332
1.25174 -28.6422
1.25789 -28.4764
1.26402 -27.9272
1.27014 -29.2366
1.27628 -28.6159
1.28244 -30.4368
1.28858 -29.5361
1.29471 -30.2519
1.30084 -32.8222
1.30697 -33.0375
1.31312 -33.477
1.31925 -32.6162
1.32537 -33.9309
1.33151 -33.7685
1.33765 -36.1664
1.34378 -35.2689
1.34992 -35.8297
1.35606 -36.5399
1.3622 -37.9355
1.36833 -37.9758
1.37445 -37.4137
1.38059 -38.7674
1.38675 -40.7374
1.39288 -39.4564
1.39901 -39.8159
1.40515 -40.5928
1.4113 -42.3744
1.41742 -42.1111
1.42355 -41.2447
1.4297 -41.7906
1.43585 -43.265
1.44198 -42.936
1.44809 -43.5216
1.45423 -44.0675
1.46036 -44.3945
1.46649 -44.746
1.47263 -44.1651
1.47877 -44.9873
1.48491 -44.7887
1.49104 -46.1309
1.49718 -45.7674
1.50333 -45.1355
1.50947 -47.8133
1.5156 -46.9397
1.52172 -47.0213
1.52787 -47.7849
1.534 -47.7579
1.54013 -49.2741
1.54627 -49.2882
1.55241 -48.7127
1.55855 -47.4111
1.56467 -48.9208
1.5708 -48.1501
