0.00783031 -13.9297
0.013688 -22.4032
0.019231 -24.6965
0.0249154 -29.7478
0.0312784 -37.161
0.0375637 -38.6735
0.0433917 -42.3437
0.0492413 -43.7771
0.0555754 -49.0733
0.0619321 -57.6092
0.067871 -59.8454
0.0738098 -61.1674
0.0800417 -66.0959
0.0862327 -69.4673
0.0921407 -70.3666
0.0982031 -70.5736
0.104506 -69.8792
0.110769 -73.2626
0.116806 -75.1413
0.122832 -75.5649
0.129052 -80.4477
0.135211 -82.9204
0.141259 -82.5628
0.147318 -82.9137
0.153489 -80.8614
0.159709 -80.5001
0.165845 -82.5504
0.171974 -83.0678
0.178125 -86.1165
0.184229 -84.2758
0.19034 -86.2893
0.196428 -86.4327
0.202534 -89.4892
0.208729 -86.3781
0.214876 -87.5106
0.220989 -87.3351
0.227147 -85.7982
0.23329 -87.1987
0.239377 -85.9563
0.245482 -87.8152
0.251667 -89.2513
0.257832 -86.731
0.263955 -88.3127
0.270079 -89.4368
0.27624 -88.9382
0.282372 -85.8432
0.28843 -88.3206
0.294538 -87.3332
0.300721 -87.283
0.30691 -86.6563
0.313033 -86.1234
0.319153 -86.8327
0.325316 -87.3769
0.33145 -85.8077
0.337538 -87.4379
0.343633 -86.2744
0.349808 -86.9889
0.355968 -84.6377
0.362074 -85.5259
0.368217 -86.9079
0.374374 -85.293
0.380519 -85.0862
0.386598 -83.3739
0.392688 -85.0994
0.39888 -85.9716
0.405048 -84.0445
0.411186 -83.4757
0.417313 -85.1832
0.423458 -84.2348
0.429607 -83.2749
0.435692 -83.3038
0.441815 -83.6001
0.447964 -82.7466
0.454126 -83.3646
0.460267 -82.6848
0.466387 -81.24
0.47254 -81.8065
0.478662 -81.8695
0.484765 -82.6104
0.490885 -80.4253
0.497035 -79.9487
0.503198 -80.2831
0.509342 -80.7376
0.515458 -79.7546
0.521598 -80.2912
0.527764 -79.1525
0.533884 -79.3445
0.54 -78.8607
0.546137 -80.1126
0.552299 -78.2878
0.558452 -78.2613
0.564573 -79.8016
0.570708 -78.1259
0.576825 -76.5297
0.582926 -78.4526
0.589034 -76.4224
0.595184 -76.5158
0.601379 -76.151
0.607522 -75.5223
0.613639 -75.55
0.619772 -75.916
0.625918 -75.8154
0.632068 -74.9799
0.638161 -75.7107
0.6443 -74.8344
0.650464 -75.2377
0.656582 -74.0561
0.662703 -74.1736
0.668861 -73.4654
0.675024 -73.5356
0.681124 -73.1961
0.687237 -72.3578
0.693381 -72.5492
0.699536 -72.0503
0.705665 -71.559
0.711789 -70.9638
0.717957 -71.828
0.72409 -71.128
0.730186 -71.0197
0.736317 -71.3915
0.742472 -69.9637
0.748622 -69.7492
0.75476 -69.7374
0.760888 -68.6205
0.767043 -69.3591
0.773185 -68.8302
0.779291 -68.8724
0.785407 -68.7585
0.791564 -68.0353
0.797719 -67.4009
0.803834 -66.8998
0.809972 -67.4214
0.816124 -66.4866
0.822261 -66.5466
0.828378 -66.1706
0.834502 -65.3066
0.840667 -65.1334
0.846816 -65.1034
0.852925 -64.4724
0.859047 -64.7338
0.865192 -64.4084
0.871341 -64.8652
0.877463 -64.3889
0.883569 -63.7494
0.889708 -63.2572
0.895864 -62.8661
0.902008 -62.3544
0.908149 -62.3403
0.914301 -62.0445
0.920448 -61.7674
0.926574 -61.4653
0.932687 -61.2852
0.938823 -61.1948
0.944975 -60.3164
0.951105 -60.4028
0.957225 -59.8777
0.963368 -59.8296
0.969511 -59.4426
0.975621 -59.2808
0.981748 -58.9893
0.987916 -58.5192
0.99406 -58.7555
1.00019 -58.4009
1.00632 -58.5785
1.01246 -57.7479
1.01859 -57.6092
1.02471 -57.8729
1.03085 -57.0401
1.03698 -56.4988
1.04314 -56.6816
1.04929 -56.4197
1.05541 -56.3722
1.06154 -55.5844
1.06769 -55.4106
1.07382 -54.6786
1.07993 -55.0474
1.08607 -54.5717
1.09222 -54.7828
1.09836 -54.2402
1.10449 -53.3984
1.11063 -54.0628
1.11677 -53.1863
1.1229 -53.0771
1.12903 -52.1292
1.13518 -53.6032
1.14131 -52.4568
1.14745 -52.2802
1.15359 -51.9419
1.15973 -51.8308
1.16584 -51.5304
1.17197 -51.7029
1.17811 -50.75
1.18424 -50.4559
1.19038 -50.1097
1.19652 -50.4469
1.20267 -50.0074
1.20881 -49.6077
1.21495 -49.694
1.22108 -49.947
1.2272 -50.1195
1.23334 -48.7007
1.23949 -48.9635
1.24562 -48.3231
1.25174 -48.2553
1.25789 -48.0599
1.26402 -47.837
1.27014 -48.1319
1.27628 -47.873
1.28244 -47.1559
1.28858 -47.1651
1.29471 -46.6455
1.30084 -46.5262
1.30697 -46.6691
1.31312 -46.4367
1.31925 -46.1331
1.32537 -46.1771
1.33151 -45.8911
1.33765 -45.1737
1.34378 -44.9897
1.34992 -44.795
1.35606 -45.1329
1.3622 -44.1684
1.36833 -44.4641
1.37445 -44.0397
1.38059 -44.1393
1.38675 -43.3317
1.39288 -43.2691
1.39901 -43.3299
1.40515 -43.3248
1.4113 -42.9131
1.41742 -42.7678
1.42355 -41.9805
1.4297 -41.9929
1.43585 -41.6723
1.44198 -41.716
1.44809 -41.8938
1.45423 -41.0677
1.46036 -41.2876
1.46649 -40.8179
1.47263 -40.7247
1.47877 -40.5026
1.48491 -40.564
1.49104 -40.0994
1.49718 -40.135
1.50333 -39.6692
1.50947 -39.5271
1.5156 -39.2214
1.52172 -39.2094
1.52787 -38.9934
1.534 -38.9318
1.54013 -38.5555
1.54627 -38.5197
1.55241 -38.2518
1.55855 -37.9884
1.56467 -37.7115
1.5708 -37.5954
