0.00783031 -928.233
0.013688 -1583.23
0.019231 1449.26
0.0249154 11.3841
0.0312784 816.184
0.0375637 299.829
0.0433917 -41.6504
0.0492413 -0.335275
0.0555754 140.883
0.0619321 -142.904
0.067871 84.5072
0.0738098 218.223
0.0800417 -77.2596
0.0862327 -328.116
0.0921407 -97.988
0.0982031 -165.999
0.104506 -229.234
0.110769 -182.3
0.116806 -173.109
0.122832 -229.388
0.129052 -189.572
0.135211 -192.006
0.141259 -274.912
0.147318 -223.121
0.153489 -223.777
0.159709 -237.812
0.165845 -259.244
0.171974 -213.614
0.178125 -230.098
0.184229 -246.365
0.19034 -207.357
0.196428 -216.229
0.202534 -207.617
0.208729 -226.239
0.214876 -224.925
0.220989 -240.483
0.227147 -236.217
0.23329 -206.762
0.239377 -214.376
0.245482 -219.595
0.251667 -221.522
0.257832 -209.716
0.263955 -216.608
0.270079 -223.739
0.27624 -221.26
0.282372 -216.159
0.28843 -211.043
0.294538 -218.968
0.300721 -207.588
0.30691 -202.715
0.313033 -208.111
0.319153 -210.282
0.325316 -212.265
0.33145 -200.427
0.337538 -198.332
0.343633 -204.85
0.349808 -212.38
0.355968 -202.501
0.362074 -203.829
0.368217 -201.924
0.374374 -210.4
0.380519 -196.19
0.386598 -197.375
0.392688 -193.189
0.39888 -197.91
0.405048 -184.279
0.411186 -192.567
0.417313 -187.054
0.423458 -191.791
0.429607 -189.369
0.435692 -187.13
0.441815 -180.501
0.447964 -184.944
0.454126 -186.156
0.460267 -183.483
0.466387 -181.714
0.47254 -180.762
0.478662 -183.177
0.484765 -176.923
0.490885 -179.114
0.497035 -181.353
0.503198 -178.112
0.509342 -172.895
0.515458 -176.84
0.521598 -174.434
0.527764 -172.222
0.533884 -172.806
0.54 -169.721
0.546137 -165.064
0.552299 -173.083
0.558452 -171.279
0.564573 -167.87
0.570708 -167.635
0.576825 -165.022
0.582926 -165.231
0.589034 -166.74
0.595184 -161.315
0.601379 -160.9
0.607522 -162.359
0.613639 -160.486
0.619772 -163.272
0.625918 -160.043
0.632068 -159.495
0.638161 -161.155
0.6443 -160.676
0.650464 -160.024
0.656582 -159.831
0.662703 -152.757
0.668861 -155.215
0.675024 -153.178
0.681124 -154.608
0.687237 -154.985
0.693381 -155.988
0.699536 -154.267
0.705665 -150.602
0.711789 -150.444
0.717957 -152.325
0.72409 -152.119
0.730186 -150.499
0.736317 -148.799
0.742472 -148.594
0.748622 -148.148
0.75476 -147.714
0.760888 -147.856
0.767043 -147.384
0.773185 -146.859
0.779291 -145.282
0.785407 -144.689
0.791564 -143.728
0.797719 -142.823
0.803834 -141.445
0.809972 -141.208
0.816124 -143.065
0.822261 -140.211
0.828378 -141.874
0.834502 -138.859
0.840667 -139.952
0.846816 -138.387
0.852925 -137.259
0.859047 -138.796
0.865192 -136.631
0.871341 -136.251
0.877463 -134.832
0.883569 -135.452
0.889708 -135.331
0.895864 -136.644
0.902008 -134.475
0.908149 -133.431
0.914301 -132.293
0.920448 -132.72
0.926574 -131.252
0.932687 -130.542
0.938823 -129.587
0.944975 -129.291
0.951105 -126.573
0.957225 -129.639
0.963368 -129
0.969511 -128.212
0.975621 -126.733
0.981748 -126.368
0.987916 -125.697
0.99406 -123.84
1.00019 -123.758
1.00632 -124.902
1.01246 -122.565
1.01859 -123.277
1.02471 -123.098
1.03085 -120.575
1.03698 -122.058
1.04314 -121.305
1.04929 -120.761
1.05541 -119.873
1.06154 -119.028
1.06769 -119.302
1.07382 -118.523
1.07993 -117.654
1.08607 -117.8
1.09222 -116.11
1.09836 -116.843
1.10449 -115.795
1.11063 -114.794
1.11677 -113.54
1.1229 -113.943
1.12903 -113.176
1.13518 -112.855
1.14131 -112.42
1.14745 -111.737
1.15359 -112.192
1.15973 -111.545
1.16584 -110.9
1.17197 -109.729
1.17811 -109.604
1.18424 -108.946
1.19038 -109.048
1.19652 -108.22
1.20267 -107.38
1.20881 -106.059
1.21495 -106.632
1.22108 -105.552
1.2272 -105.149
1.23334 -104.576
1.23949 -105.661
1.24562 -104.377
1.25174 -103.551
1.25789 -102.965
1.26402 -102.736
1.27014 -101.73
1.27628 -101.102
1.28244 -100.652
1.28858 -100.305
1.29471 -100.034
1.30084 -99.4068
1.30697 -99.212
1.31312 -98.6831
1.31925 -97.7836
1.32537 -97.5165
1.33151 -97.4445
1.33765 -96.6427
1.34378 -95.4242
1.34992 -96.4471
1.35606 -94.8987
1.3622 -95.4309
1.36833 -94.2839
1.37445 -94.287
1.38059 -93.3228
1.38675 -93.2051
1.39288 -92.7288
1.39901 -92.0324
1.40515 -92.0514
1.4113 -90.4049
1.41742 -90.5093
1.42355 -90.1447
1.4297 -89.7411
1.43585 -89.6283
1.44198 -88.5427
1.44809 -88.8189
1.45423 -87.7975
1.46036 -88.5787
1.46649 -87.3616
1.47263 -86.0316
1.47877 -86.2878
1.48491 -85.974
1.49104 -84.9209
1.49718 -84.6193
1.50333 -85.099
1.50947 -83.7926
1.5156 -84.0827
1.52172 -82.9702
1.52787 -83.4237
1.534 -81.7354
1.54013 -82.1881
1.54627 -81.1585
1.55241 -81.2786
1.55855 -81.557
1.56467 -80.3399
1.5708 -80.0573
