0.00783031 1.60886
0.013688 2.12041
0.019231 2.2524
0.0249154 2.21699
0.0312784 2.09744
0.0375637 1.93972
0.0433917 1.94651
0.0492413 2.01399
0.0555754 2.01343
0.0619321 2.24229
0.067871 2.41539
0.0738098 2.46687
0.0800417 2.75345
0.0862327 2.80408
0.0921407 2.63497
0.0982031 2.9206
0.104506 3.00646
0.110769 3.20739
0.116806 3.62871
0.122832 3.86861
0.129052 4.01178
0.135211 4.25324
0.141259 4.6104
0.147318 4.78597
0.153489 5.08125
0.159709 5.3405
0.165845 5.55849
0.171974 5.78545
0.178125 6.38184
0.184229 6.63292
0.19034 6.81376
0.196428 7.41083
0.202534 7.79741
0.208729 8.06144
0.214876 8.69235
0.220989 8.92266
0.227147 9.3953
0.23329 9.56406
0.239377 9.95507
0.245482 10.6886
0.251667 11.3881
0.257832 11.7859
0.263955 12.3199
0.270079 12.8292
0.27624 13.187
0.282372 13.7773
0.28843 14.1407
0.294538 14.8891
0.300721 15.5455
0.30691 16.106
0.313033 16.3123
0.319153 17.158
0.325316 17.8872
0.33145 18.3175
0.337538 18.9096
0.343633 19.4224
0.349808 20.2975
0.355968 20.7494
0.362074 21.6169
0.368217 22.272
0.374374 23.2792
0.380519 23.6403
0.386598 24.059
0.392688 24.8279
0.39888 25.8042
0.405048 26.1639
0.411186 27.0725
0.417313 27.6126
0.423458 28.7039
0.429607 29.5963
0.435692 29.8133
0.441815 30.7842
0.447964 31.3434
0.454126 32.3511
0.460267 33.0074
0.466387 33.6684
0.47254 34.5346
0.478662 35.8541
0.484765 35.8929
0.490885 37.2335
0.497035 38.0759
0.503198 38.6617
0.509342 39.1869
0.515458 40.3727
0.521598 41.0146
0.527764 41.9678
0.533884 42.9529
0.54 43.1559
0.546137 44.4547
0.552299 45.1848
0.558452 46.4968
0.564573 46.7356
0.570708 47.6377
0.576825 48.6424
0.582926 49.3668
0.589034 50.1985
0.595184 51.1726
0.601379 51.9632
0.607522 52.6157
0.613639 53.9847
0.619772 54.5588
0.625918 55.3145
0.632068 56.3118
0.638161 57.7595
0.6443 57.7879
0.650464 59.1992
0.656582 60.216
0.662703 60.7243
0.668861 61.4343
0.675024 62.5863
0.681124 63.1523
0.687237 64.0458
0.693381 65.3948
0.699536 65.9562
0.705665 66.8652
0.711789 67.6967
0.717957 68.8366
0.72409 69.6573
0.730186 70.5613
0.736317 70.9335
0.742472 71.8118
0.748622 72.4747
0.75476 73.8105
0.760888 74.5559
0.767043 75.7458
0.773185 76.5987
0.779291 76.8294
0.785407 77.9841
0.791564 78.8806
0.797719 79.6906
0.803834 80.4639
0.809972 81.268
0.816124 82.1192
0.822261 82.6589
0.828378 83.6292
0.834502 84.1523
0.840667 85.3538
0.846816 86.0738
0.852925 86.67
0.859047 87.6858
0.865192 88.4167
0.871341 89.1868
0.877463 90.2159
0.883569 90.2496
0.889708 91.2534
0.895864 92.4879
0.902008 92.7971
0.908149 94.0427
0.914301 94.2169
0.920448 95.0885
0.926574 95.7687
0.932687 96.337
0.938823 96.9662
0.944975 97.9172
0.951105 98.4274
0.957225 99.6105
0.963368 100.044
0.969511 101.177
0.975621 101.145
0.981748 101.7
0.987916 102.525
0.99406 103.233
1.00019 103.553
1.00632 104.692
1.01246 104.959
1.01859 105.97
1.02471 106.531
1.03085 106.952
1.03698 107.275
1.04314 108.547
1.04929 108.547
1.05541 108.989
1.06154 110.207
1.06769 110.524
1.07382 110.524
1.07993 111.575
1.08607 111.952
1.09222 112.556
1.09836 112.941
1.10449 113.622
1.11063 114.249
1.11677 114.835
1.1229 115.363
1.12903 115.8
1.13518 116.132
1.14131 116.851
1.14745 117.383
1.15359 117.633
1.15973 118.315
1.16584 118.947
1.17197 118.938
1.17811 119.11
1.18424 119.659
1.19038 120.39
1.19652 121.039
1.20267 120.739
1.20881 121.273
1.21495 121.785
1.22108 122.415
1.2272 122.457
1.23334 123.009
1.23949 123.813
1.24562 124.143
1.25174 123.98
1.25789 124.634
1.26402 124.806
1.27014 125.382
1.27628 125.352
1.28244 125.688
1.28858 125.639
1.29471 126.428
1.30084 127.189
1.30697 127.127
1.31312 127.763
1.31925 127.696
1.32537 128.03
1.33151 128.294
1.33765 128.206
1.34378 128.872
1.34992 129.142
1.35606 129.369
1.3622 129.988
1.36833 129.887
1.37445 129.968
1.38059 130.426
1.38675 130.662
1.39288 130.966
1.39901 131.32
1.40515 131.25
1.4113 131.677
1.41742 131.375
1.42355 132.13
1.4297 132.21
1.43585 132.565
1.44198 133.043
1.44809 133.126
1.45423 133.145
1.46036 133.546
1.46649 132.931
1.47263 133.796
1.47877 134.15
1.48491 134.019
1.49104 134.427
1.49718 134.281
1.50333 134.485
1.50947 134.571
1.5156 135.183
1.52172 135.183
1.52787 135.337
1.534 135.227
1.54013 135.782
1.54627 135.694
1.55241 135.719
1.55855 136.267
1.56467 135.995
1.5708 136.559
