0.00783031 -19.8794
0.013688 -25.0897
0.019231 -28.7977
0.0249154 -35.6788
0.0312784 -38.9172
0.0375637 -45.6345
0.0433917 -45.0052
0.0492413 -48.8776
0.0555754 -54.7589
0.0619321 -60.4634
0.067871 -65.3453
0.0738098 -66.9298
0.0800417 -73.7956
0.0862327 -76.1563
0.0921407 -77.1947
0.0982031 -76.7055
0.104506 -72.7805
0.110769 -81.239
0.116806 -83.1691
0.122832 -85.7383
0.129052 -88.784
0.135211 -91.1381
0.141259 -91.5561
0.147318 -91.8807
0.153489 -91.7722
0.159709 -96.8979
0.165845 -96.9635
0.171974 -96.4805
0.178125 -99.5565
0.184229 -101.435
0.19034 -101.544
0.196428 -102.638
0.202534 -103.537
0.208729 -107.03
0.214876 -101.749
0.220989 -104.095
0.227147 -105.303
0.23329 -105.415
0.239377 -105.604
0.245482 -107.669
0.251667 -105.38
0.257832 -108.213
0.263955 -111.36
0.270079 -109.484
0.27624 -109.711
0.282372 -110.533
0.28843 -111.419
0.294538 -112.965
0.300721 -114.196
0.30691 -114.14
0.313033 -115.055
0.319153 -115.685
0.325316 -115.992
0.33145 -117.869
0.337538 -115.55
0.343633 -115.163
0.349808 -118.395
0.355968 -117.441
0.362074 -116.984
0.368217 -115.842
0.374374 -118.821
0.380519 -119.524
0.386598 -120.916
0.392688 -119.617
0.39888 -119.93
0.405048 -121.39
0.411186 -121.502
0.417313 -119.38
0.423458 -120.864
0.429607 -120.371
0.435692 -122.536
0.441815 -121.993
0.447964 -121.271
0.454126 -120.379
0.460267 -122.159
0.466387 -123.797
0.47254 -121.889
0.478662 -123.265
0.484765 -125.474
0.490885 -124.303
0.497035 -122.962
0.503198 -124.899
0.509342 -122.037
0.515458 -124.878
0.521598 -124.349
0.527764 -124.828
0.533884 -123.791
0.54 -124.504
0.546137 -125.567
0.552299 -124.658
0.558452 -124.806
0.564573 -126.469
0.570708 -125.816
0.576825 -124.731
0.582926 -125.629
0.589034 -124.498
0.595184 -125.625
0.601379 -127.338
0.607522 -124.86
0.613639 -124.512
0.619772 -126.624
0.625918 -126.411
0.632068 -126.045
0.638161 -126.182
0.6443 -126.294
0.650464 -125.854
0.656582 -125.739
0.662703 -126.024
0.668861 -126.18
0.675024 -126.965
0.681124 -127.974
0.687237 -126.516
0.693381 -126.891
0.699536 -126.502
0.705665 -126.968
0.711789 -127.34
0.717957 -127.306
0.72409 -127.612
0.730186 -128.844
0.736317 -127.613
0.742472 -128.34
0.748622 -127.434
0.75476 -129.055
0.760888 -126.241
0.767043 -128.605
0.773185 -127.527
0.779291 -127.584
0.785407 -127.41
0.791564 -128.326
0.797719 -127.407
0.803834 -127.623
0.809972 -126.128
0.816124 -127.971
0.822261 -126.81
0.828378 -128.081
0.834502 -127.499
0.840667 -127.302
0.846816 -126.428
0.852925 -126.532
0.859047 -126.337
0.865192 -125.15
0.871341 -126.775
0.877463 -127.637
0.883569 -125.564
0.889708 -126.39
0.895864 -125.407
0.902008 -127.29
0.908149 -126.967
0.914301 -125.792
0.920448 -126.346
0.926574 -126.784
0.932687 -124.486
0.938823 -126.126
0.944975 -125.63
0.951105 -126.62
0.957225 -125.51
0.963368 -125.045
0.969511 -126.214
0.975621 -125.316
0.981748 -125.177
0.987916 -126.041
0.99406 -124.559
1.00019 -124.437
1.00632 -124.692
1.01246 -125.213
1.01859 -125.301
1.02471 -123.858
1.03085 -123.488
1.03698 -124.051
1.04314 -125.123
1.04929 -125.046
1.05541 -123.764
1.06154 -124.339
1.06769 -123.329
1.07382 -123.325
1.07993 -122.257
1.08607 -121.678
1.09222 -123.268
1.09836 -122.602
1.10449 -122.276
1.11063 -122.631
1.11677 -122.457
1.1229 -122.802
1.12903 -122.184
1.13518 -120.928
1.14131 -122.405
1.14745 -122.369
1.15359 -122.419
1.15973 -121.879
1.16584 -121.834
1.17197 -121.023
1.17811 -120.897
1.18424 -121.035
1.19038 -121.055
1.19652 -119.38
1.20267 -120.835
1.20881 -119.844
1.21495 -120.41
1.22108 -119.616
1.2272 -119.506
1.23334 -118.688
1.23949 -118.806
1.24562 -118.961
1.25174 -119.072
1.25789 -119.232
1.26402 -118.648
1.27014 -118.365
1.27628 -118.797
1.28244 -118.728
1.28858 -118.873
1.29471 -118.622
1.30084 -118.069
1.30697 -117.571
1.31312 -117.351
1.31925 -117.523
1.32537 -116.95
1.33151 -117.203
1.33765 -116.147
1.34378 -116.621
1.34992 -116.866
1.35606 -116.592
1.3622 -116.708
1.36833 -116.001
1.37445 -115.368
1.38059 -115.704
1.38675 -116.198
1.39288 -115.707
1.39901 -115.468
1.40515 -115.297
1.4113 -114.859
1.41742 -114.838
1.42355 -115.196
1.4297 -114.197
1.43585 -115.731
1.44198 -114.258
1.44809 -114.332
1.45423 -114.635
1.46036 -114.061
1.46649 -112.98
1.47263 -113.072
1.47877 -112.657
1.48491 -113.347
1.49104 -112.615
1.49718 -112.153
1.50333 -112.636
1.50947 -111.557
1.5156 -112.2
1.52172 -112.222
1.52787 -111.396
1.534 -111.475
1.54013 -111.871
1.54627 -111.378
1.55241 -110.933
1.55855 -110.964
1.56467 -110.928
1.5708 -110.687
