0.00783031 5868.15
0.013688 7251.31
0.019231 5561.27
0.0249154 5314.44
0.0312784 5672.34
0.0375637 5066.68
0.0433917 5006.66
0.0492413 4381.36
0.0555754 4406.16
0.0619321 3939.94
0.067871 3646.42
0.0738098 3339.92
0.0800417 3141.57
0.0862327 3007.04
0.0921407 2976.38
0.0982031 2788.36
0.104506 2557.28
0.110769 2324.87
0.116806 2332.88
0.122832 2100.54
0.129052 2154.91
0.135211 2011.42
0.141259 1889.66
0.147318 1837.91
0.153489 1698.94
0.159709 1653.13
0.165845 1646.81
0.171974 1484.22
0.178125 1469.59
0.184229 1462.85
0.19034 1390.94
0.196428 1317.13
0.202534 1300.43
0.208729 1297.27
0.214876 1220.51
0.220989 1137.8
0.227147 1138.5
0.23329 1079.73
0.239377 1056.43
0.245482 1023.94
0.251667 1004.94
0.257832 949.692
0.263955 939.583
0.270079 903.532
0.27624 889.859
0.282372 865.079
0.28843 850.815
0.294538 815.992
0.300721 791.826
0.30691 768.397
0.313033 753.957
0.319153 732.417
0.325316 721.556
0.33145 693.178
0.337538 671.738
0.343633 669.545
0.349808 662.445
0.355968 649.109
0.362074 621.589
0.368217 614.428
0.374374 605.968
0.380519 595.364
0.386598 576.225
0.392688 557.556
0.39888 562.335
0.405048 536.038
0.411186 526.803
0.417313 521.094
0.423458 511.577
0.429607 500.882
0.435692 501.27
0.441815 490.384
0.447964 468.823
0.454126 471.379
0.460267 454.992
0.466387 447.249
0.47254 428.825
0.478662 433.696
0.484765 417.047
0.490885 412.595
0.497035 409.133
0.503198 399.46
0.509342 400.29
0.515458 395.191
0.521598 389.388
0.527764 385.106
0.533884 374.079
0.54 360.037
0.546137 360.8
0.552299 354.009
0.558452 344.066
0.564573 344.159
0.570708 337.25
0.576825 329.725
0.582926 328.392
0.589034 323.21
0.595184 314.886
0.601379 313.113
0.607522 303.987
0.613639 303.835
0.619772 297.42
0.625918 291.597
0.632068 295.358
0.638161 287.791
0.6443 280.221
0.650464 275.957
0.656582 278.95
0.662703 268.579
0.668861 263.542
0.675024 262.097
0.681124 254.152
0.687237 252.568
0.693381 247.985
0.699536 252.713
0.705665 245.024
0.711789 243.358
0.717957 237.941
0.72409 236.004
0.730186 234.167
0.736317 231.903
0.742472 229.314
0.748622 223.865
0.75476 220.109
0.760888 218.979
0.767043 214.247
0.773185 209.568
0.779291 210.648
0.785407 209.339
0.791564 204.485
0.797719 204.641
0.803834 198.787
0.809972 193.942
0.816124 194.185
0.822261 194.81
0.828378 188.6
0.834502 185.498
0.840667 188.262
0.846816 186.246
0.852925 180.074
0.859047 177.123
0.865192 175.012
0.871341 174.095
0.877463 171.766
0.883569 167.813
0.889708 167.003
0.895864 164.138
0.902008 161.733
0.908149 163.316
0.914301 157.211
0.920448 154.665
0.926574 153.431
0.932687 152.091
0.938823 150.231
0.944975 147.554
0.951105 144.361
0.957225 144.814
0.963368 142.559
0.969511 137.846
0.975621 138.353
0.981748 133.946
0.987916 136.422
0.99406 136.327
1.00019 131.96
1.00632 129.27
1.01246 125.366
1.01859 125.762
1.02471 124.577
1.03085 123.018
1.03698 122.18
1.04314 118.615
1.04929 117.723
1.05541 118.494
1.06154 115.757
1.06769 114.234
1.07382 112.054
1.07993 110.024
1.08607 109.835
1.09222 108.289
1.09836 105.191
1.10449 104.158
1.11063 103.693
1.11677 101.192
1.1229 96.8291
1.12903 98.1557
1.13518 95.341
1.14131 97.2937
1.14745 94.5714
1.15359 92.9029
1.15973 93.2293
1.16584 92.4421
1.17197 87.1213
1.17811 88.2352
1.18424 87.4643
1.19038 85.6338
1.19652 84.1903
1.20267 81.0813
1.20881 80.9372
1.21495 80.4229
1.22108 79.851
1.2272 76.4673
1.23334 77.391
1.23949 76.7869
1.24562 76.2926
1.25174 73.8736
1.25789 74.2547
1.26402 70.8365
1.27014 70.5517
1.27628 69.8826
1.28244 67.3829
1.28858 67.6918
1.29471 64.7936
1.30084 66.4415
1.30697 61.6301
1.31312 63.5462
1.31925 61.5995
1.32537 60.958
1.33151 60.364
1.33765 59.678
1.34378 57.6222
1.34992 56.079
1.35606 55.0167
1.3622 55.1911
1.36833 53.9519
1.37445 51.9219
1.38059 52.6678
1.38675 51.217
1.39288 49.262
1.39901 48.8562
1.40515 47.6941
1.4113 47.2061
1.41742 46.6701
1.42355 45.1825
1.4297 43.7356
1.43585 43.7193
1.44198 41.863
1.44809 42.0607
1.45423 41.4165
1.46036 40.9079
1.46649 37.9334
1.47263 37.4752
1.47877 37.8957
1.48491 38.6103
1.49104 37.0342
1.49718 35.2439
1.50333 35.3073
1.50947 32.8672
1.5156 32.8267
1.52172 31.7785
1.52787 30.924
1.534 30.2628
1.54013 29.9037
1.54627 29.3968
1.55241 27.8245
1.55855 28.7294
1.56467 27.2676
1.5708 26.9447
