0.00783031 8997.63
0.013688 11281.4
0.019231 8851.42
0.0249154 8858.6
0.0312784 9559.69
0.0375637 9376.85
0.0433917 9795.13
0.0492413 8815.96
0.0555754 9511.05
0.0619321 8744.16
0.067871 8464.14
0.0738098 8543.57
0.0800417 8169.81
0.0862327 8247.61
0.0921407 8400.41
0.0982031 8052.53
0.104506 7674.69
0.110769 7393.81
0.116806 7497.19
0.122832 7039.85
0.129052 7341.68
0.135211 7081.66
0.141259 6957.88
0.147318 6818.61
0.153489 6631.29
0.159709 6462.61
0.165845 6614.13
0.171974 6244.37
0.178125 6209.87
0.184229 6208.13
0.19034 6100.53
0.196428 5892.83
0.202534 5990.58
0.208729 6066.86
0.214876 5852.59
0.220989 5770
0.227147 5700.6
0.23329 5525.61
0.239377 5643.51
0.245482 5509.05
0.251667 5462.83
0.257832 5323.39
0.263955 5281.26
0.270079 5211.18
0.27624 5263.98
0.282372 5119.66
0.28843 5157.29
0.294538 5042.13
0.300721 5000.32
0.30691 4964.66
0.313033 4893.57
0.319153 4876.59
0.325316 4846.97
0.33145 4752.47
0.337538 4753.36
0.343633 4713.01
0.349808 4664.07
0.355968 4652.09
0.362074 4660.51
0.368217 4580.08
0.374374 4533.5
0.380519 4516.54
0.386598 4455.07
0.392688 4441.1
0.39888 4456.77
0.405048 4440.55
0.411186 4377.9
0.417313 4297.56
0.423458 4325.98
0.429607 4304.92
0.435692 4269.61
0.441815 4303.23
0.447964 4205.39
0.454126 4253.81
0.460267 4175.44
0.466387 4133.55
0.47254 4148.72
0.478662 4122.43
0.484765 4074.63
0.490885 4071.51
0.497035 4062.13
0.503198 4041.03
0.509342 4028.64
0.515458 4026.89
0.521598 4014.61
0.527764 3951.96
0.533884 3951.47
0.54 3937.43
0.546137 3935.65
0.552299 3907.55
0.558452 3863.1
0.564573 3857.63
0.570708 3863.57
0.576825 3794.05
0.582926 3854.46
0.589034 3845.26
0.595184 3795.79
0.601379 3798.93
0.607522 3750.74
0.613639 3779.23
0.619772 3747.45
0.625918 3713.54
0.632068 3736.17
0.638161 3711.03
0.6443 3692.8
0.650464 3692.72
0.656582 3676.71
0.662703 3678.59
0.668861 3650.6
0.675024 3627.93
0.681124 3634.93
0.687237 3631.7
0.693381 3603.98
0.699536 3585.32
0.705665 3585.98
0.711789 3581.32
0.717957 3566.57
0.72409 3573.66
0.730186 3564.52
0.736317 3555.99
0.742472 3529.92
0.748622 3512
0.75476 3506.08
0.760888 3505.96
0.767043 3492.27
0.773185 3470.09
0.779291 3489.86
0.785407 3466.94
0.791564 3458.76
0.797719 3467.42
0.803834 3440.49
0.809972 3430.22
0.816124 3453.75
0.822261 3433.37
0.828378 3400.24
0.834502 3397.27
0.840667 3414.33
0.846816 3393.33
0.852925 3387.46
0.859047 3382.04
0.865192 3351.53
0.871341 3356.85
0.877463 3362.47
0.883569 3358.42
0.889708 3355.18
0.895864 3355.09
0.902008 3331.7
0.908149 3313.51
0.914301 3320.9
0.920448 3321.98
0.926574 3300.66
0.932687 3277.71
0.938823 3267.72
0.944975 3280.56
0.951105 3266.55
0.957225 3261.22
0.963368 3254.84
0.969511 3247.08
0.975621 3245.32
0.981748 3236.11
0.987916 3248.79
0.99406 3218.51
1.00019 3223.1
1.00632 3198.34
1.01246 3191.08
1.01859 3190.33
1.02471 3195.21
1.03085 3196.19
1.03698 3186.63
1.04314 3177.53
1.04929 3162.18
1.05541 3169.02
1.06154 3155.93
1.06769 3153.01
1.07382 3140.25
1.07993 3130.56
1.08607 3145.06
1.09222 3115.81
1.09836 3102.21
1.10449 3118.97
1.11063 3085.56
1.11677 3096.35
1.1229 3093.39
1.12903 3080.16
1.13518 3071.02
1.14131 3071.56
1.14745 3069.05
1.15359 3061.51
1.15973 3057.27
1.16584 3045.89
1.17197 3041.43
1.17811 3041.15
1.18424 3030.41
1.19038 3028.52
1.19652 3019.21
1.20267 3020.34
1.20881 3009.04
1.21495 3008.05
1.22108 3009.44
1.2272 2995.01
1.23334 2988.33
1.23949 2978.59
1.24562 2981.63
1.25174 2980.73
1.25789 2963.46
1.26402 2965.61
1.27014 2966.93
1.27628 2944.22
1.28244 2950.39
1.28858 2945.91
1.29471 2947.44
1.30084 2937.79
1.30697 2936.72
1.31312 2924.02
1.31925 2912.87
1.32537 2921.21
1.33151 2909.1
1.33765 2906.23
1.34378 2908.12
1.34992 2902.58
1.35606 2892.53
1.3622 2888.95
1.36833 2890.61
1.37445 2872.51
1.38059 2878.6
1.38675 2871.31
1.39288 2869.55
1.39901 2864.7
1.40515 2854.95
1.4113 2848.18
1.41742 2847.06
1.42355 2833.43
1.4297 2836.46
1.43585 2832.79
1.44198 2826.95
1.44809 2814.03
1.45423 2813.6
1.46036 2810.36
1.46649 2809.93
1.47263 2802.5
1.47877 2806.99
1.48491 2792.4
1.49104 2796.79
1.49718 2777.73
1.50333 2782.48
1.50947 2771.34
1.5156 2768.93
1.52172 2764.3
1.52787 2758.82
1.534 2755.36
1.54013 2745.92
1.54627 2747.44
1.55241 2740.51
1.55855 2728.89
1.56467 2743.19
1.5708 2729.53
