0.00783031 8027.11
0.013688 4313.73
0.019231 5933.26
0.0249154 6369.18
0.0312784 4320.84
0.0375637 4402.01
0.0433917 5062.85
0.0492413 4522.96
0.0555754 3915.41
0.0619321 3864.83
0.067871 3345.7
0.0738098 3571.95
0.0800417 3303.86
0.0862327 2890.8
0.0921407 2749.45
0.0982031 2618.37
0.104506 2531.67
0.110769 2294.32
0.116806 2269.93
0.122832 2190.74
0.129052 2154.8
0.135211 1945.46
0.141259 1811.04
0.147318 1822.12
0.153489 1678.57
0.159709 1662.85
0.165845 1592.89
0.171974 1466.96
0.178125 1396.76
0.184229 1371.15
0.19034 1294.58
0.196428 1272.83
0.202534 1220.14
0.208729 1189.22
0.214876 1131.64
0.220989 1099.46
0.227147 1053.68
0.23329 1044.06
0.239377 1008.14
0.245482 962.515
0.251667 927.227
0.257832 902.492
0.263955 868.616
0.270079 824.632
0.27624 808.341
0.282372 782.203
0.28843 756.746
0.294538 729.913
0.300721 704.154
0.30691 704.069
0.313033 691.739
0.319153 675.503
0.325316 661.431
0.33145 620.343
0.337538 600.352
0.343633 592.231
0.349808 570.914
0.355968 568.312
0.362074 533.509
0.368217 526.07
0.374374 517.631
0.380519 505.154
0.386598 489.565
0.392688 473.269
0.39888 464.113
0.405048 456.582
0.411186 439.776
0.417313 426.982
0.423458 423.955
0.429607 414.97
0.435692 408.624
0.441815 395.768
0.447964 382.124
0.454126 374.657
0.460267 356.094
0.466387 355.4
0.47254 352.756
0.478662 333.859
0.484765 322.807
0.490885 316.328
0.497035 313.501
0.503198 310.972
0.509342 296.211
0.515458 291.343
0.521598 290.92
0.527764 284.843
0.533884 270.714
0.54 263.257
0.546137 262.499
0.552299 254.834
0.558452 251.292
0.564573 241.733
0.570708 234.938
0.576825 230.563
0.582926 232.923
0.589034 223.617
0.595184 217.323
0.601379 213.838
0.607522 207.226
0.613639 200.476
0.619772 197.478
0.625918 194.882
0.632068 190.225
0.638161 185.085
0.6443 177.536
0.650464 172.477
0.656582 171.309
0.662703 164.037
0.668861 160.193
0.675024 158.119
0.681124 159.974
0.687237 150.191
0.693381 141.979
0.699536 147.745
0.705665 142.817
0.711789 132.901
0.717957 129.878
0.72409 132.731
0.730186 132.396
0.736317 121.827
0.742472 114.354
0.748622 114.953
0.75476 111.718
0.760888 114.189
0.767043 108.226
0.773185 104.878
0.779291 104.36
0.785407 95.2871
0.791564 94.5109
0.797719 91.6935
0.803834 89.3874
0.809972 89.5886
0.816124 85.5799
0.822261 81.2165
0.828378 78.8887
0.834502 78.7726
0.840667 77.5848
0.846816 76.9121
0.852925 69.3356
0.859047 65.7612
0.865192 66.6725
0.871341 66.2441
0.877463 64.4602
0.883569 62.2442
0.889708 57.5761
0.895864 54.017
0.902008 53.7451
0.908149 50.1887
0.914301 51.967
0.920448 48.5857
0.926574 44.5174
0.932687 41.4051
0.938823 39.9355
0.944975 39.4805
0.951105 36.3804
0.957225 34.1424
0.963368 35.8317
0.969511 32.8028
0.975621 30.9214
0.981748 26.4326
0.987916 26.8686
0.99406 26.2977
1.00019 22.3556
1.00632 23.0442
1.01246 20.8436
1.01859 18.2589
1.02471 18.4554
1.03085 16.1536
1.03698 16.5818
1.04314 15.6284
1.04929 11.7946
1.05541 9.88797
1.06154 10.7473
1.06769 8.13448
1.07382 7.20012
1.07993 6.29166
1.08607 6.03391
1.09222 4.33349
1.09836 2.6005
1.10449 1.31816
1.11063 -1.38627
1.11677 -1.56117
1.1229 0.0973974
1.12903 -4.22879
1.13518 -3.34046
1.14131 -4.66266
1.14745 -7.44378
1.15359 -7.50521
1.15973 -7.48994
1.16584 -10.5692
1.17197 -11.5728
1.17811 -10.4695
1.18424 -11.5555
1.19038 -13.2791
1.19652 -14.1293
1.20267 -16.5526
1.20881 -16.0113
1.21495 -17.4623
1.22108 -18.4287
1.2272 -18.8577
1.23334 -19.9137
1.23949 -20.3207
1.24562 -21.1063
1.25174 -22.4071
1.25789 -22.4445
1.26402 -24.6386
1.27014 -24.5848
1.27628 -25.447
1.28244 -25.8278
1.28858 -26.2569
1.29471 -25.7306
1.30084 -27.1108
1.30697 -27.1787
1.31312 -28.7158
1.31925 -29.1664
1.32537 -31.748
1.33151 -29.8546
1.33765 -31.4891
1.34378 -31.8678
1.34992 -32.6256
1.35606 -31.365
1.3622 -32.2083
1.36833 -33.9202
1.37445 -32.1837
1.38059 -34.1469
1.38675 -33.9386
1.39288 -35.7083
1.39901 -36.2435
1.40515 -35.6826
1.4113 -36.6137
1.41742 -36.7221
1.42355 -37.0014
1.4297 -37.9918
1.43585 -38.3004
1.44198 -38.6371
1.44809 -38.1911
1.45423 -39.3446
1.46036 -39.7945
1.46649 -40.0118
1.47263 -39.2098
1.47877 -41.317
1.48491 -40.5167
1.49104 -40.3976
1.49718 -41.8708
1.50333 -40.6912
1.50947 -42.7513
1.5156 -43.3759
1.52172 -42.5042
1.52787 -43.3669
1.534 -44.0933
1.54013 -44.9611
1.54627 -44.4787
1.55241 -44.2256
1.55855 -44.5153
1.56467 -45.5146
1.5708 -44.8541
