0.00783031 1419.95
0.013688 272.455
0.019231 -1008.87
0.0249154 550.879
0.0312784 -532.73
0.0375637 474.65
0.0433917 -129.31
0.0492413 379.174
0.0555754 800.276
0.0619321 1114.08
0.067871 341.73
0.0738098 739.454
0.0800417 644.825
0.0862327 1011.41
0.0921407 762.878
0.0982031 887.426
0.104506 776.738
0.110769 835.235
0.116806 860.973
0.122832 1048.24
0.129052 1039.92
0.135211 1052.76
0.141259 1104.4
0.147318 1100.76
0.153489 1112.28
0.159709 1087.08
0.165845 1205.7
0.171974 1163.71
0.178125 1166.66
0.184229 1168.07
0.19034 1141.35
0.196428 1185.32
0.202534 1115.08
0.208729 1216.9
0.214876 1241.42
0.220989 1231.31
0.227147 1214.56
0.23329 1223.79
0.239377 1245.64
0.245482 1234.53
0.251667 1234.26
0.257832 1225.73
0.263955 1237.73
0.270079 1238.66
0.27624 1212.87
0.282372 1211.05
0.28843 1214.18
0.294538 1182.21
0.300721 1205.25
0.30691 1175.52
0.313033 1189.5
0.319153 1198.24
0.325316 1209.11
0.33145 1162.26
0.337538 1198.83
0.343633 1203.45
0.349808 1213.16
0.355968 1189.13
0.362074 1177.92
0.368217 1186.15
0.374374 1188.86
0.380519 1193.82
0.386598 1172.91
0.392688 1181.02
0.39888 1156.85
0.405048 1171.72
0.411186 1153.63
0.417313 1164.32
0.423458 1138.33
0.429607 1149.09
0.435692 1145.22
0.441815 1133.44
0.447964 1127.89
0.454126 1139.46
0.460267 1110.16
0.466387 1135.55
0.47254 1119.28
0.478662 1113.01
0.484765 1131.62
0.490885 1079.97
0.497035 1094.57
0.503198 1102.3
0.509342 1089.2
0.515458 1091.82
0.521598 1068.97
0.527764 1067.91
0.533884 1078.07
0.54 1067.27
0.546137 1058.58
0.552299 1062.24
0.558452 1054.66
0.564573 1047.5
0.570708 1047.58
0.576825 1049.45
0.582926 1037.09
0.589034 1033.18
0.595184 1028.84
0.601379 1023.71
0.607522 1026.17
0.613639 1012.25
0.619772 1006.99
0.625918 1009.75
0.632068 1001.43
0.638161 1002.46
0.6443 992.741
0.650464 987.325
0.656582 982.507
0.662703 978.194
0.668861 977.95
0.675024 981.29
0.681124 965.86
0.687237 962.661
0.693381 958.577
0.699536 947.363
0.705665 958.434
0.711789 944.505
0.717957 934.842
0.72409 935.492
0.730186 934.443
0.736317 923.454
0.742472 923.615
0.748622 919.796
0.75476 915.406
0.760888 903.365
0.767043 908.361
0.773185 895.557
0.779291 894.92
0.785407 883.575
0.791564 886.025
0.797719 884.286
0.803834 873.103
0.809972 871.391
0.816124 870.319
0.822261 871.198
0.828378 858.648
0.834502 854.6
0.840667 852.557
0.846816 844.142
0.852925 845.731
0.859047 840.581
0.865192 833.232
0.871341 831.669
0.877463 824.885
0.883569 821.122
0.889708 818.204
0.895864 810.862
0.902008 804.503
0.908149 806.035
0.914301 801.764
0.920448 791.376
0.926574 790.037
0.932687 791.818
0.938823 783.426
0.944975 777.651
0.951105 772.11
0.957225 772.741
0.963368 762.596
0.969511 764.601
0.975621 755.584
0.981748 754.847
0.987916 748.375
0.99406 745.24
1.00019 744.04
1.00632 737.31
1.01246 734.121
1.01859 733.098
1.02471 724.192
1.03085 725.617
1.03698 719.137
1.04314 714.867
1.04929 708.333
1.05541 703.342
1.06154 701.176
1.06769 699.107
1.07382 691.759
1.07993 689.284
1.08607 683.839
1.09222 681.256
1.09836 676.544
1.10449 671.827
1.11063 669.932
1.11677 666.823
1.1229 658.782
1.12903 660.36
1.13518 652.942
1.14131 650.001
1.14745 646.906
1.15359 642.519
1.15973 639.33
1.16584 635.383
1.17197 635.093
1.17811 630.091
1.18424 624.06
1.19038 618.8
1.19652 616.145
1.20267 613.873
1.20881 613.07
1.21495 604.711
1.22108 600.76
1.2272 599.212
1.23334 594.351
1.23949 592.318
1.24562 586.634
1.25174 585.528
1.25789 579.467
1.26402 578.417
1.27014 574.343
1.27628 570.132
1.28244 566.363
1.28858 564.276
1.29471 560.328
1.30084 556.546
1.30697 551.452
1.31312 550.594
1.31925 544.881
1.32537 543.061
1.33151 542.07
1.33765 535.668
1.34378 532.989
1.34992 528.711
1.35606 525.379
1.3622 522.188
1.36833 519.623
1.37445 518.073
1.38059 513.407
1.38675 510.817
1.39288 505.472
1.39901 504.042
1.40515 502.958
1.4113 499.189
1.41742 493.58
1.42355 493.846
1.4297 487.826
1.43585 486.275
1.44198 482.799
1.44809 480.276
1.45423 476.415
1.46036 474.462
1.46649 471.663
1.47263 466.443
1.47877 465.678
1.48491 461.742
1.49104 460.671
1.49718 454.939
1.50333 453.177
1.50947 451.528
1.5156 447.535
1.52172 445.87
1.52787 442.004
1.534 438.855
1.54013 436.736
1.54627 435.462
1.55241 430.874
1.55855 427.356
1.56467 426.907
1.5708 423.609
