0.00783031 5180.78
0.013688 2742.61
0.019231 3704.18
0.0249154 4039.09
0.0312784 2776.91
0.0375637 2806.15
0.0433917 3071.13
0.0492413 2863.06
0.0555754 2424.79
0.0619321 2341.25
0.067871 2071.89
0.0738098 2223.29
0.0800417 2039.59
0.0862327 1797.32
0.0921407 1721.69
0.0982031 1703.14
0.104506 1603.98
0.110769 1536.92
0.116806 1492.03
0.122832 1463.37
0.129052 1389.08
0.135211 1288.88
0.141259 1246.6
0.147318 1246.13
0.153489 1166.16
0.159709 1156.99
0.165845 1133.17
0.171974 1046.99
0.178125 1008.05
0.184229 1003.44
0.19034 970.327
0.196428 922.1
0.202534 910.53
0.208729 892.807
0.214876 846.071
0.220989 837.161
0.227147 810.351
0.23329 818.646
0.239377 783.102
0.245482 754.228
0.251667 739.342
0.257832 724.168
0.263955 702.521
0.270079 681.03
0.27624 665.558
0.282372 646.075
0.28843 650.231
0.294538 628.348
0.300721 612.525
0.30691 607.42
0.313033 594.207
0.319153 586.425
0.325316 566.732
0.33145 555.608
0.337538 543.253
0.343633 545.128
0.349808 525.959
0.355968 517.277
0.362074 507.557
0.368217 500.336
0.374374 494.387
0.380519 482.078
0.386598 476.746
0.392688 472.447
0.39888 461.687
0.405048 456.091
0.411186 441.901
0.417313 439.618
0.423458 435.261
0.429607 433.038
0.435692 423.624
0.441815 413.583
0.447964 411.702
0.454126 406.021
0.460267 399.081
0.466387 392.96
0.47254 393.529
0.478662 384.338
0.484765 375.235
0.490885 375.66
0.497035 365.521
0.503198 364.562
0.509342 359.409
0.515458 356.263
0.521598 352.445
0.527764 347.843
0.533884 343.908
0.54 336.82
0.546137 334.216
0.552299 331.642
0.558452 326.206
0.564573 322.824
0.570708 317.452
0.576825 316.829
0.582926 313.701
0.589034 311.932
0.595184 306.812
0.601379 303.744
0.607522 299.656
0.613639 299.604
0.619772 295.243
0.625918 290.623
0.632068 288.652
0.638161 285.104
0.6443 283.126
0.650464 281.047
0.656582 277.34
0.662703 275.877
0.668861 273.725
0.675024 268.885
0.681124 266.81
0.687237 265.811
0.693381 262.191
0.699536 261.606
0.705665 260.977
0.711789 257.16
0.717957 254.907
0.72409 253.825
0.730186 251.472
0.736317 249.712
0.742472 245.573
0.748622 243.601
0.75476 241.772
0.760888 241.843
0.767043 240.137
0.773185 236.549
0.779291 235.189
0.785407 233.302
0.791564 232.334
0.797719 230.304
0.803834 229.371
0.809972 226.806
0.816124 225.202
0.822261 224.071
0.828378 221.717
0.834502 219.312
0.840667 219.742
0.846816 218.485
0.852925 216.008
0.859047 214.899
0.865192 212.389
0.871341 213.118
0.877463 211.411
0.883569 208.565
0.889708 207.48
0.895864 207.969
0.902008 204.67
0.908149 204.099
0.914301 202.988
0.920448 203.064
0.926574 201.01
0.932687 198.877
0.938823 198.227
0.944975 197.7
0.951105 196.15
0.957225 194.083
0.963368 193.191
0.969511 192.995
0.975621 191.532
0.981748 190.957
0.987916 189.073
0.99406 189.045
1.00019 187.272
1.00632 186.936
1.01246 184.368
1.01859 185.038
1.02471 182.617
1.03085 182.462
1.03698 182.382
1.04314 180.525
1.04929 179.767
1.05541 179.69
1.06154 177.526
1.06769 177.061
1.07382 177.101
1.07993 175.356
1.08607 175.094
1.09222 173.93
1.09836 173.58
1.10449 172.52
1.11063 170.982
1.11677 170.773
1.1229 170.167
1.12903 168.743
1.13518 169.296
1.14131 167.65
1.14745 166.881
1.15359 166.563
1.15973 165.639
1.16584 165.523
1.17197 164.761
1.17811 163.148
1.18424 163.31
1.19038 162.288
1.19652 162.166
1.20267 161.009
1.20881 160.377
1.21495 160.044
1.22108 159.737
1.2272 158.481
1.23334 157.819
1.23949 157.553
1.24562 156.983
1.25174 155.738
1.25789 155.811
1.26402 156.007
1.27014 154.184
1.27628 154.583
1.28244 153.461
1.28858 152.958
1.29471 152.305
1.30084 151.827
1.30697 151.225
1.31312 150.757
1.31925 149.923
1.32537 149.305
1.33151 149.436
1.33765 148.728
1.34378 148.908
1.34992 148.006
1.35606 147.577
1.3622 146.895
1.36833 146.176
1.37445 145.963
1.38059 145.5
1.38675 144.711
1.39288 144.572
1.39901 143.903
1.40515 143.381
1.4113 143.659
1.41742 142.443
1.42355 142.315
1.4297 141.864
1.43585 141.571
1.44198 141.185
1.44809 140.78
1.45423 139.813
1.46036 139.893
1.46649 139.746
1.47263 139.332
1.47877 138.828
1.48491 138.314
1.49104 137.843
1.49718 137.524
1.50333 137.117
1.50947 136.203
1.5156 136.129
1.52172 135.669
1.52787 135.353
1.534 134.983
1.54013 134.987
1.54627 134.659
1.55241 134.195
1.55855 133.394
1.56467 133.35
1.5708 133.003
