0.00783031 653.435
0.013688 2203.84
0.019231 412.25
0.0249154 39.1192
0.0312784 956.939
0.0375637 174.132
0.0433917 -398.628
0.0492413 -373.174
0.0555754 -260.908
0.0619321 -318.385
0.067871 -335.622
0.0738098 -36.9877
0.0800417 -263.269
0.0862327 -232.155
0.0921407 -327.392
0.0982031 -230.497
0.104506 -208.317
0.110769 -242.609
0.116806 -118.751
0.122832 -227.791
0.129052 -201.753
0.135211 -259.046
0.141259 -278.151
0.147318 -264.252
0.153489 -227.759
0.159709 -235.123
0.165845 -220.022
0.171974 -236.518
0.178125 -196.63
0.184229 -190.961
0.19034 -212.118
0.196428 -196.72
0.202534 -189.208
0.208729 -186.705
0.214876 -168.097
0.220989 -181.068
0.227147 -176.566
0.23329 -147.617
0.239377 -170.757
0.245482 -152.797
0.251667 -164.88
0.257832 -156.194
0.263955 -146.289
0.270079 -156.801
0.27624 -146.19
0.282372 -147.789
0.28843 -143.308
0.294538 -138.093
0.300721 -135.252
0.30691 -127.557
0.313033 -131.966
0.319153 -121.802
0.325316 -119.808
0.33145 -125.974
0.337538 -120.222
0.343633 -115.938
0.349808 -114.468
0.355968 -114.446
0.362074 -111.849
0.368217 -114.334
0.374374 -107.904
0.380519 -102.088
0.386598 -100.251
0.392688 -95.4233
0.39888 -102.011
0.405048 -99.6504
0.411186 -96.1387
0.417313 -95.5256
0.423458 -92.2424
0.429607 -92.7386
0.435692 -88.6475
0.441815 -87.0113
0.447964 -85.203
0.454126 -84.6794
0.460267 -81.0234
0.466387 -78.6886
0.47254 -80.6358
0.478662 -81.2312
0.484765 -75.9901
0.490885 -75.9926
0.497035 -74.7875
0.503198 -76.1207
0.509342 -72.1869
0.515458 -72.9463
0.521598 -70.6016
0.527764 -70.9883
0.533884 -67.4229
0.54 -67.3089
0.546137 -68.2488
0.552299 -64.2504
0.558452 -63.2222
0.564573 -63.3003
0.570708 -61.9398
0.576825 -60.9959
0.582926 -60.8056
0.589034 -56.6758
0.595184 -57.5996
0.601379 -55.6697
0.607522 -56.0853
0.613639 -55.7418
0.619772 -54.7273
0.625918 -51.5155
0.632068 -52.2356
0.638161 -52.11
0.6443 -50.3198
0.650464 -49.8311
0.656582 -49.3081
0.662703 -48.7079
0.668861 -47.5929
0.675024 -47.1491
0.681124 -46.7564
0.687237 -46.226
0.693381 -44.5482
0.699536 -43.802
0.705665 -42.8677
0.711789 -42.6939
0.717957 -41.4642
0.72409 -41.2663
0.730186 -40.1477
0.736317 -39.6328
0.742472 -38.437
0.748622 -39.2056
0.75476 -36.9994
0.760888 -37.4808
0.767043 -36.9182
0.773185 -36.6576
0.779291 -34.3695
0.785407 -35.4054
0.791564 -34.7905
0.797719 -34.4845
0.803834 -33.9085
0.809972 -32.3335
0.816124 -31.5951
0.822261 -31.83
0.828378 -31.1488
0.834502 -30.9845
0.840667 -30.5533
0.846816 -29.7668
0.852925 -29.3031
0.859047 -29.5907
0.865192 -28.862
0.871341 -29.1595
0.877463 -27.6186
0.883569 -26.8582
0.889708 -26.7977
0.895864 -26.3959
0.902008 -26.581
0.908149 -25.7955
0.914301 -25.1007
0.920448 -25.1875
0.926574 -24.3452
0.932687 -24.4492
0.938823 -23.9946
0.944975 -24.3909
0.951105 -23.7567
0.957225 -22.701
0.963368 -23.0652
0.969511 -22.8259
0.975621 -21.9151
0.981748 -22.147
0.987916 -21.9138
0.99406 -21.4309
1.00019 -21.2079
1.00632 -21.0293
1.01246 -21.4266
1.01859 -20.8364
1.02471 -20.748
1.03085 -20.5154
1.03698 -19.8497
1.04314 -20.2987
1.04929 -19.9763
1.05541 -19.5605
1.06154 -19.6639
1.06769 -18.697
1.07382 -19.4327
1.07993 -18.7517
1.08607 -19.1483
1.09222 -18.704
1.09836 -18.5456
1.10449 -18.3599
1.11063 -18.2619
1.11677 -17.8638
1.1229 -18.0044
1.12903 -17.8692
1.13518 -17.5605
1.14131 -17.7373
1.14745 -17.3056
1.15359 -17.0857
1.15973 -17.2456
1.16584 -17.0195
1.17197 -16.936
1.17811 -16.793
1.18424 -16.3791
1.19038 -16.1083
1.19652 -15.977
1.20267 -16.1808
1.20881 -16.2946
1.21495 -15.7768
1.22108 -15.7501
1.2272 -15.9036
1.23334 -15.3826
1.23949 -15.3918
1.24562 -15.1653
1.25174 -15.4011
1.25789 -15.1094
1.26402 -14.8817
1.27014 -15.2073
1.27628 -14.5433
1.28244 -14.7387
1.28858 -14.6649
1.29471 -14.2603
1.30084 -14.1565
1.30697 -14.1635
1.31312 -14.0966
1.31925 -13.7009
1.32537 -14.1677
1.33151 -13.8758
1.33765 -13.8768
1.34378 -13.974
1.34992 -13.7487
1.35606 -13.6184
1.3622 -13.6865
1.36833 -13.2692
1.37445 -13.3352
1.38059 -13.2933
1.38675 -13.2742
1.39288 -13.2185
1.39901 -13.129
1.40515 -12.9032
1.4113 -12.9635
1.41742 -12.9882
1.42355 -12.9203
1.4297 -12.8011
1.43585 -12.5099
1.44198 -12.5585
1.44809 -12.6567
1.45423 -12.6505
1.46036 -12.1757
1.46649 -12.0146
1.47263 -11.6891
1.47877 -12.0523
1.48491 -11.9192
1.49104 -11.7937
1.49718 -11.9784
1.50333 -12.1614
1.50947 -11.8411
1.5156 -11.4028
1.52172 -11.7028
1.52787 -11.5556
1.534 -11.5036
1.54013 -11.3165
1.54627 -11.2278
1.55241 -11.3062
1.55855 -11.214
1.56467 -10.9905
1.5708 -10.671
