0.00783031 6049.74
0.013688 7033.25
0.019231 5221.42
0.0249154 6232.33
0.0312784 5982.42
0.0375637 5108.38
0.0433917 4690.49
0.0492413 3991.82
0.0555754 3944.29
0.0619321 4064.59
0.067871 3368.5
0.0738098 3333.34
0.0800417 3222.91
0.0862327 3132.49
0.0921407 2869.32
0.0982031 2696.48
0.104506 2576.34
0.110769 2437.82
0.116806 2324.87
0.122832 2210.6
0.129052 2156.21
0.135211 2059.27
0.141259 1849.24
0.147318 1783.34
0.153489 1732.62
0.159709 1703.39
0.165845 1658.63
0.171974 1552.68
0.178125 1480.34
0.184229 1347.62
0.19034 1360.14
0.196428 1289.13
0.202534 1287.34
0.208729 1188.01
0.214876 1185.8
0.220989 1119.18
0.227147 1087.4
0.23329 1041.62
0.239377 1013.33
0.245482 978.622
0.251667 934.121
0.257832 922.593
0.263955 883.49
0.270079 866.394
0.27624 843.475
0.282372 795.831
0.28843 773.714
0.294538 762.805
0.300721 736.996
0.30691 715.805
0.313033 694.601
0.319153 682.395
0.325316 655.38
0.33145 620.525
0.337538 616.186
0.343633 587.897
0.349808 582.105
0.355968 570.63
0.362074 558.362
0.368217 548.091
0.374374 528.632
0.380519 516.87
0.386598 509.729
0.392688 499.231
0.39888 483.589
0.405048 460.901
0.411186 466.975
0.417313 446.117
0.423458 425.17
0.429607 425.141
0.435692 410.007
0.441815 406.979
0.447964 398.199
0.454126 380.666
0.460267 370.752
0.466387 359.571
0.47254 359.83
0.478662 353.563
0.484765 340.589
0.490885 336.499
0.497035 321.413
0.503198 313.053
0.509342 303.976
0.515458 308.819
0.521598 288.371
0.527764 290.062
0.533884 290.549
0.54 274.191
0.546137 269.864
0.552299 260.274
0.558452 256.93
0.564573 251.394
0.570708 252.712
0.576825 240.971
0.582926 239.364
0.589034 226.377
0.595184 220.057
0.601379 212.462
0.607522 215.201
0.613639 208.914
0.619772 201.816
0.625918 196.798
0.632068 190.317
0.638161 195.421
0.6443 183.841
0.650464 182.585
0.656582 176.783
0.662703 174.206
0.668861 170.465
0.675024 161.289
0.681124 160.206
0.687237 158.124
0.693381 156.424
0.699536 146.465
0.705665 140.062
0.711789 139.64
0.717957 132.836
0.72409 138.257
0.730186 129.563
0.736317 128.36
0.742472 124.015
0.748622 119.973
0.75476 113.399
0.760888 116.044
0.767043 109.704
0.773185 111.542
0.779291 104.263
0.785407 99.4986
0.791564 96.3136
0.797719 100.573
0.803834 93.3123
0.809972 93.0835
0.816124 86.8933
0.822261 90.0481
0.828378 82.6667
0.834502 83.7208
0.840667 77.1422
0.846816 76.6793
0.852925 70.9578
0.859047 69.5036
0.865192 65.7126
0.871341 62.4803
0.877463 64.0073
0.883569 63.6963
0.889708 58.6813
0.895864 57.6096
0.902008 58.0699
0.908149 52.4242
0.914301 51.2426
0.920448 49.4308
0.926574 45.276
0.932687 44.7236
0.938823 42.3792
0.944975 37.8675
0.951105 41.8289
0.957225 37.9757
0.963368 33.8835
0.969511 34.0806
0.975621 31.3752
0.981748 29.5859
0.987916 27.0253
0.99406 25.6246
1.00019 26.1614
1.00632 22.4329
1.01246 21.4974
1.01859 20.4673
1.02471 18.6158
1.03085 17.3455
1.03698 14.6677
1.04314 13.434
1.04929 13.9365
1.05541 9.47301
1.06154 10.0653
1.06769 8.19998
1.07382 7.02921
1.07993 6.96302
1.08607 4.37904
1.09222 2.18567
1.09836 1.42938
1.10449 4.60355
1.11063 -2.34777
1.11677 -0.959869
1.1229 -3.90478
1.12903 -4.09405
1.13518 -4.88657
1.14131 -6.5745
1.14745 -6.86099
1.15359 -8.23117
1.15973 -7.32231
1.16584 -10.2014
1.17197 -11.0767
1.17811 -12.3504
1.18424 -12.8713
1.19038 -15.2409
1.19652 -16.4942
1.20267 -17.5953
1.20881 -17.1526
1.21495 -17.3318
1.22108 -18.7073
1.2272 -20.3919
1.23334 -19.568
1.23949 -21.0615
1.24562 -22.5045
1.25174 -24.1479
1.25789 -22.4493
1.26402 -23.981
1.27014 -24.4966
1.27628 -25.2337
1.28244 -25.0685
1.28858 -26.2651
1.29471 -26.7713
1.30084 -28.3648
1.30697 -30.1304
1.31312 -31.4116
1.31925 -29.5387
1.32537 -32.2747
1.33151 -32.6121
1.33765 -30.8489
1.34378 -33.2547
1.34992 -32.5111
1.35606 -34.3715
1.3622 -35.1155
1.36833 -35.8277
1.37445 -36.2227
1.38059 -34.7598
1.38675 -35.4665
1.39288 -37.3063
1.39901 -38.3546
1.40515 -39.1566
1.4113 -37.9735
1.41742 -38.196
1.42355 -39.3993
1.4297 -39.0181
1.43585 -40.2872
1.44198 -39.7912
1.44809 -41.3778
1.45423 -41.0832
1.46036 -42.1032
1.46649 -42.5811
1.47263 -42.9653
1.47877 -41.7616
1.48491 -44.0562
1.49104 -44.6783
1.49718 -42.6257
1.50333 -44.3578
1.50947 -43.7672
1.5156 -45.2624
1.52172 -43.7157
1.52787 -45.2432
1.534 -45.5309
1.54013 -46.0246
1.54627 -46.6407
1.55241 -46.0967
1.55855 -47.2931
1.56467 -46.2816
1.5708 -45.9373
