0.00783031 -146.841
0.013688 -177.286
0.019231 -189.604
0.0249154 -182.216
0.0312784 -166.296
0.0375637 -145.032
0.0433917 -142.698
0.0492413 -132.46
0.0555754 -125.221
0.0619321 -126.987
0.067871 -127.898
0.0738098 -125.927
0.0800417 -124.297
0.0862327 -117.915
0.0921407 -118.045
0.0982031 -113.636
0.104506 -108.113
0.110769 -106.888
0.116806 -106.185
0.122832 -111.19
0.129052 -115.633
0.135211 -118.08
0.141259 -115.042
0.147318 -118.403
0.153489 -110.905
0.159709 -112.101
0.165845 -114.228
0.171974 -115.658
0.178125 -116.824
0.184229 -115.355
0.19034 -114.063
0.196428 -116.246
0.202534 -115.733
0.208729 -117.835
0.214876 -116.888
0.220989 -118.284
0.227147 -115.391
0.23329 -119.101
0.239377 -117.68
0.245482 -120.752
0.251667 -116.072
0.257832 -118.209
0.263955 -121.249
0.270079 -120.186
0.27624 -121.993
0.282372 -120.889
0.28843 -119.326
0.294538 -122.587
0.300721 -121.28
0.30691 -122.488
0.313033 -119.58
0.319153 -122.266
0.325316 -123.803
0.33145 -122.541
0.337538 -124.751
0.343633 -123.376
0.349808 -124.819
0.355968 -123.393
0.362074 -126.38
0.368217 -123.351
0.374374 -124.639
0.380519 -125.09
0.386598 -124.631
0.392688 -124.655
0.39888 -125.546
0.405048 -125.944
0.411186 -127.143
0.417313 -127.827
0.423458 -126.881
0.429607 -124.513
0.435692 -125.877
0.441815 -126.369
0.447964 -126.508
0.454126 -128.018
0.460267 -126.494
0.466387 -127.102
0.47254 -128.302
0.478662 -127.998
0.484765 -129.227
0.490885 -128.737
0.497035 -127.351
0.503198 -128.14
0.509342 -128.489
0.515458 -126.396
0.521598 -129.279
0.527764 -128.466
0.533884 -125.675
0.54 -129.41
0.546137 -129.094
0.552299 -128.79
0.558452 -128.289
0.564573 -129.676
0.570708 -128.77
0.576825 -128.887
0.582926 -129.189
0.589034 -130.309
0.595184 -129.381
0.601379 -129.067
0.607522 -128.5
0.613639 -130.133
0.619772 -129.761
0.625918 -129.276
0.632068 -130.701
0.638161 -130.098
0.6443 -129.667
0.650464 -130.191
0.656582 -130.122
0.662703 -129.026
0.668861 -129.128
0.675024 -131.271
0.681124 -130.238
0.687237 -129.871
0.693381 -129.76
0.699536 -130.639
0.705665 -129.672
0.711789 -129.722
0.717957 -131.539
0.72409 -128.252
0.730186 -131.035
0.736317 -130.403
0.742472 -130.05
0.748622 -130.732
0.75476 -129.407
0.760888 -129.986
0.767043 -130.406
0.773185 -128.571
0.779291 -129.507
0.785407 -129.125
0.791564 -131.338
0.797719 -129.959
0.803834 -130.047
0.809972 -129.915
0.816124 -129.433
0.822261 -128.65
0.828378 -130.263
0.834502 -127.973
0.840667 -130.011
0.846816 -129.195
0.852925 -130.736
0.859047 -129.152
0.865192 -130.152
0.871341 -130.71
0.877463 -129.287
0.883569 -128.959
0.889708 -129.76
0.895864 -129.604
0.902008 -129.821
0.908149 -129.636
0.914301 -129.519
0.920448 -129.091
0.926574 -127.701
0.932687 -129.91
0.938823 -129.229
0.944975 -129.646
0.951105 -129.21
0.957225 -129.219
0.963368 -129.635
0.969511 -127.392
0.975621 -128.586
0.981748 -128.246
0.987916 -129.642
0.99406 -128.185
1.00019 -128.641
1.00632 -129.082
1.01246 -128.784
1.01859 -128.85
1.02471 -130.098
1.03085 -128.143
1.03698 -127.575
1.04314 -127.544
1.04929 -127.647
1.05541 -127.892
1.06154 -127.376
1.06769 -127.725
1.07382 -128.037
1.07993 -126.946
1.08607 -127.774
1.09222 -128.687
1.09836 -127.161
1.10449 -127.23
1.11063 -126.884
1.11677 -126.645
1.1229 -127.808
1.12903 -128.076
1.13518 -126.803
1.14131 -127.399
1.14745 -125.648
1.15359 -127.163
1.15973 -126.115
1.16584 -126.962
1.17197 -126.417
1.17811 -126.121
1.18424 -126.223
1.19038 -126.064
1.19652 -125.982
1.20267 -126.149
1.20881 -125.601
1.21495 -125.291
1.22108 -126.074
1.2272 -125.48
1.23334 -126.282
1.23949 -124.985
1.24562 -124.718
1.25174 -125.592
1.25789 -124.868
1.26402 -124.084
1.27014 -123.898
1.27628 -124.32
1.28244 -123.627
1.28858 -123.854
1.29471 -123.671
1.30084 -123.797
1.30697 -124.142
1.31312 -124.467
1.31925 -123.29
1.32537 -123.424
1.33151 -124.015
1.33765 -123.186
1.34378 -122.991
1.34992 -123.609
1.35606 -122.707
1.3622 -123.031
1.36833 -122.877
1.37445 -122.132
1.38059 -122.424
1.38675 -122.607
1.39288 -121.934
1.39901 -122.01
1.40515 -122.541
1.4113 -121.426
1.41742 -121.861
1.42355 -120.995
1.4297 -121.449
1.43585 -121.018
1.44198 -120.539
1.44809 -121.148
1.45423 -120.512
1.46036 -120.908
1.46649 -120.208
1.47263 -119.935
1.47877 -120.053
1.48491 -120.419
1.49104 -119.302
1.49718 -119.512
1.50333 -119.896
1.50947 -119.57
1.5156 -119.665
1.52172 -119.032
1.52787 -119.05
1.534 -118.864
1.54013 -118.052
1.54627 -118.109
1.55241 -117.764
1.55855 -117.867
1.56467 -117.206
1.5708 -117.883
