0.00783031 -4.2066
0.013688 -1.56621
0.019231 1.74352
0.0249154 -1.98306
0.0312784 -0.910649
0.0375637 1.96167
0.0433917 4.0585
0.0492413 5.40787
0.0555754 4.20299
0.0619321 4.88949
0.067871 7.35597
0.0738098 9.69497
0.0800417 6.3248
0.0862327 11.1852
0.0921407 10.426
0.0982031 12.4465
0.104506 17.7216
0.110769 16.0224
0.116806 15.0514
0.122832 17.4165
0.129052 17.9611
0.135211 20.9974
0.141259 21.5265
0.147318 22.4893
0.153489 20.817
0.159709 26.1656
0.165845 23.8839
0.171974 26.8856
0.178125 28.7934
0.184229 28.3133
0.19034 28.6725
0.196428 30.6315
0.202534 32.0553
0.208729 33.3552
0.214876 32.8259
0.220989 35.7239
0.227147 34.9901
0.23329 36.3126
0.239377 36.6831
0.245482 38.2476
0.251667 37.0696
0.257832 39.4166
0.263955 41.9886
0.270079 42.1527
0.27624 41.4319
0.282372 41.7517
0.28843 41.5258
0.294538 44.1215
0.300721 44.445
0.30691 44.7703
0.313033 46.1797
0.319153 48.2153
0.325316 46.1434
0.33145 46.2715
0.337538 47.9143
0.343633 48.2841
0.349808 49.9551
0.355968 49.5198
0.362074 50.42
0.368217 49.7042
0.374374 49.6347
0.380519 51.0269
0.386598 50.5037
0.392688 51.4219
0.39888 52.3227
0.405048 52.9415
0.411186 52.9753
0.417313 53.8518
0.423458 53.0689
0.429607 53.2834
0.435692 53.47
0.441815 54.2439
0.447964 54.3137
0.454126 54.8496
0.460267 54.8083
0.466387 54.866
0.47254 55.9868
0.478662 56.8795
0.484765 55.3553
0.490885 55.5643
0.497035 55.4193
0.503198 56.565
0.509342 57.2865
0.515458 55.9324
0.521598 56.6213
0.527764 56.7166
0.533884 56.6936
0.54 56.0477
0.546137 57.1076
0.552299 56.3081
0.558452 56.8941
0.564573 57.2571
0.570708 57.8184
0.576825 56.2274
0.582926 57.6461
0.589034 56.8428
0.595184 55.8692
0.601379 57.5826
0.607522 56.9447
0.613639 56.7425
0.619772 56.3934
0.625918 57.2662
0.632068 55.9084
0.638161 56.8727
0.6443 56.2125
0.650464 56.7813
0.656582 55.8733
0.662703 56.6622
0.668861 55.9432
0.675024 56.1571
0.681124 55.5884
0.687237 55.6931
0.693381 55.9399
0.699536 56.3453
0.705665 55.7577
0.711789 54.9782
0.717957 55.4959
0.72409 55.6848
0.730186 54.7625
0.736317 54.1152
0.742472 54.3311
0.748622 54.4867
0.75476 53.8609
0.760888 54.3252
0.767043 53.6526
0.773185 53.1709
0.779291 53.5535
0.785407 52.3613
0.791564 52.563
0.797719 52.3343
0.803834 51.3906
0.809972 52.3109
0.816124 51.5602
0.822261 51.6151
0.828378 51.3332
0.834502 50.4186
0.840667 51.1782
0.846816 50.1695
0.852925 50.401
0.859047 49.3181
0.865192 49.6837
0.871341 49.3389
0.877463 49.2742
0.883569 48.9469
0.889708 48.632
0.895864 48.1621
0.902008 48.4833
0.908149 48.304
0.914301 47.5463
0.920448 47.9538
0.926574 47.4808
0.932687 47.1345
0.938823 46.1364
0.944975 46.5227
0.951105 45.9142
0.957225 45.3072
0.963368 45.4822
0.969511 44.6922
0.975621 45.1072
0.981748 44.7185
0.987916 44.3449
0.99406 43.918
1.00019 44.2377
1.00632 43.4944
1.01246 43.4604
1.01859 43.4687
1.02471 43.1447
1.03085 42.7354
1.03698 42.5363
1.04314 42.0601
1.04929 42.0728
1.05541 41.6382
1.06154 41.2479
1.06769 41.4297
1.07382 40.7451
1.07993 40.7926
1.08607 40.9258
1.09222 40.5447
1.09836 40.1645
1.10449 39.7562
1.11063 40.271
1.11677 39.4718
1.1229 39.03
1.12903 38.9403
1.13518 38.5104
1.14131 38.9567
1.14745 38.4114
1.15359 38.2242
1.15973 38.3587
1.16584 37.5607
1.17197 37.7736
1.17811 37.7344
1.18424 37.0522
1.19038 36.8739
1.19652 37.1075
1.20267 36.1567
1.20881 36.5821
1.21495 36.0409
1.22108 36.5271
1.2272 36.051
1.23334 35.9379
1.23949 35.8358
1.24562 35.4308
1.25174 35.5472
1.25789 35.0114
1.26402 35.1028
1.27014 34.8551
1.27628 34.5268
1.28244 34.5669
1.28858 34.4123
1.29471 34.2133
1.30084 34.1032
1.30697 33.757
1.31312 33.3532
1.31925 33.7172
1.32537 33.2088
1.33151 33.4043
1.33765 33.6509
1.34378 33.2927
1.34992 32.8742
1.35606 32.8736
1.3622 32.5187
1.36833 32.573
1.37445 32.4592
1.38059 32.5568
1.38675 32.5668
1.39288 32.1969
1.39901 31.9939
1.40515 31.9636
1.4113 31.7962
1.41742 31.906
1.42355 31.2807
1.4297 31.4068
1.43585 31.1701
1.44198 30.9545
1.44809 31.4065
1.45423 30.9596
1.46036 31.0021
1.46649 30.7122
1.47263 30.9212
1.47877 30.7814
1.48491 30.5973
1.49104 30.7081
1.49718 30.4651
1.50333 30.1378
1.50947 30.0025
1.5156 30.1416
1.52172 29.8214
1.52787 29.8989
1.534 30.3085
1.54013 29.9475
1.54627 29.5347
1.55241 29.705
1.55855 29.7548
1.56467 29.631
1.5708 29.6067
