0.00783031 -6.59451
0.013688 -1.76891
0.019231 2.59555
0.0249154 -3.95758
0.0312784 -1.62109
0.0375637 2.99115
0.0433917 5.23408
0.0492413 9.41103
0.0555754 4.29091
0.0619321 4.37298
0.067871 5.78353
0.0738098 10.1985
0.0800417 4.33053
0.0862327 11.7061
0.0921407 8.74744
0.0982031 13.1806
0.104506 19.2476
0.110769 15.6675
0.116806 11.6395
0.122832 15.2041
0.129052 14.633
0.135211 15.9772
0.141259 18.2742
0.147318 18.8004
0.153489 12.4365
0.159709 18.1479
0.165845 16.2119
0.171974 17.7621
0.178125 19.8147
0.184229 16.509
0.19034 13.3801
0.196428 19.504
0.202534 18.8821
0.208729 17.785
0.214876 14.9593
0.220989 17.3176
0.227147 16.0482
0.23329 17.7672
0.239377 15.2703
0.245482 17.7198
0.251667 11.8364
0.257832 16.5361
0.263955 19.3134
0.270079 18.966
0.27624 13.2116
0.282372 14.9049
0.28843 12.8699
0.294538 15.7048
0.300721 14.4445
0.30691 15.219
0.313033 14.2673
0.319153 16.7368
0.325316 12.4225
0.33145 11.235
0.337538 15.0973
0.343633 13.5939
0.349808 13.2391
0.355968 14.0976
0.362074 12.1394
0.368217 10.454
0.374374 8.34458
0.380519 6.54891
0.386598 7.43271
0.392688 6.80366
0.39888 10.1772
0.405048 7.23699
0.411186 8.92095
0.417313 8.20089
0.423458 5.76935
0.429607 10.7597
0.435692 8.08892
0.441815 6.18475
0.447964 6.80485
0.454126 5.75792
0.460267 5.57355
0.466387 8.69594
0.47254 4.18242
0.478662 3.57687
0.484765 5.0691
0.490885 7.13832
0.497035 0.626361
0.503198 5.62258
0.509342 2.55731
0.515458 2.55714
0.521598 1.16194
0.527764 0.661446
0.533884 1.35098
0.54 -1.09023
0.546137 -0.0536303
0.552299 -2.48232
0.558452 -0.35324
0.564573 1.98913
0.570708 0.982015
0.576825 -4.78234
0.582926 0.334829
0.589034 -2.30163
0.595184 -5.7757
0.601379 -3.9948
0.607522 -4.51642
0.613639 -6.48029
0.619772 -5.17086
0.625918 -3.99151
0.632068 -6.54097
0.638161 -6.97484
0.6443 -8.3078
0.650464 -8.62239
0.656582 -8.2249
0.662703 -7.36259
0.668861 -8.92133
0.675024 -9.69425
0.681124 -6.04589
0.687237 -8.06293
0.693381 -9.35712
0.699536 -5.52948
0.705665 -12.0982
0.711789 -14.2629
0.717957 -13.9975
0.72409 -13.7126
0.730186 -12.6427
0.736317 -14.5132
0.742472 -11.0553
0.748622 -15.1357
0.75476 -13.0964
0.760888 -15.1116
0.767043 -15.0096
0.773185 -16.5836
0.779291 -16.0819
0.785407 -16.1728
0.791564 -19.731
0.797719 -15.5305
0.803834 -18.4765
0.809972 -19.2393
0.816124 -18.7765
0.822261 -19.5859
0.828378 -18.7089
0.834502 -18.1887
0.840667 -20.0284
0.846816 -20.3542
0.852925 -21.6768
0.859047 -23.7967
0.865192 -22.0228
0.871341 -20.2804
0.877463 -20.7564
0.883569 -22.1722
0.889708 -23.6652
0.895864 -23.2211
0.902008 -21.2016
0.908149 -22.8101
0.914301 -23.4843
0.920448 -25.5585
0.926574 -25.1581
0.932687 -24.9214
0.938823 -26.2476
0.944975 -27.1225
0.951105 -27.4924
0.957225 -28.4526
0.963368 -27.7168
0.969511 -25.4861
0.975621 -27.1388
0.981748 -28.534
0.987916 -31.2135
0.99406 -29.3923
1.00019 -28.6572
1.00632 -30.9273
1.01246 -29.023
1.01859 -30.4907
1.02471 -31.5327
1.03085 -33.2316
1.03698 -31.6076
1.04314 -34.5412
1.04929 -34.2081
1.05541 -34.4822
1.06154 -35.2629
1.06769 -33.5817
1.07382 -34.2246
1.07993 -33.0417
1.08607 -34.4383
1.09222 -36.8344
1.09836 -37.3206
1.10449 -35.1472
1.11063 -35.6822
1.11677 -38.8981
1.1229 -37.1085
1.12903 -39.2319
1.13518 -39.2395
1.14131 -39.8939
1.14745 -39.2586
1.15359 -37.832
1.15973 -40.566
1.16584 -41.7874
1.17197 -41.5779
1.17811 -40.6092
1.18424 -40.8168
1.19038 -41.8899
1.19652 -41.5695
1.20267 -42.1071
1.20881 -44.9075
1.21495 -43.0668
1.22108 -42.6919
1.2272 -44.1744
1.23334 -42.8477
1.23949 -45.1149
1.24562 -45.1872
1.25174 -44.9871
1.25789 -45.614
1.26402 -44.656
1.27014 -45.0953
1.27628 -45.3883
1.28244 -45.8495
1.28858 -48.272
1.29471 -47.6314
1.30084 -47.176
1.30697 -46.8665
1.31312 -48.4065
1.31925 -50.411
1.32537 -48.2888
1.33151 -48.467
1.33765 -48.5294
1.34378 -49.8098
1.34992 -50.7369
1.35606 -48.6643
1.3622 -51.4886
1.36833 -52.0288
1.37445 -51.8724
1.38059 -52.4568
1.38675 -52.0403
1.39288 -51.677
1.39901 -52.2152
1.40515 -52.6896
1.4113 -51.8743
1.41742 -53.9296
1.42355 -53.6399
1.4297 -52.6597
1.43585 -52.6178
1.44198 -52.9636
1.44809 -54.3452
1.45423 -56.2315
1.46036 -54.5454
1.46649 -56.4663
1.47263 -54.5607
1.47877 -55.6457
1.48491 -54.5397
1.49104 -57.8685
1.49718 -54.6858
1.50333 -57.8075
1.50947 -58.113
1.5156 -57.4274
1.52172 -56.0598
1.52787 -57.8624
1.534 -57.6151
1.54013 -58.9725
1.54627 -58.9344
1.55241 -60.2661
1.55855 -58.4711
1.56467 -58.9405
1.5708 -59.309
