0.00783031 3.68445
0.013688 -1.87158
0.019231 1.35628
0.0249154 2.48892
0.0312784 -1.77345
0.0375637 5.42314
0.0433917 4.30546
0.0492413 3.54233
0.0555754 0.973278
0.0619321 5.4851
0.067871 7.23791
0.0738098 5.19395
0.0800417 9.7425
0.0862327 8.97027
0.0921407 9.4193
0.0982031 11.5682
0.104506 12.1058
0.110769 12.2861
0.116806 14.4318
0.122832 15.4022
0.129052 16.6523
0.135211 17.6756
0.141259 17.6138
0.147318 18.9343
0.153489 20.7095
0.159709 20.6629
0.165845 20.0899
0.171974 22.2692
0.178125 22.2514
0.184229 24.5506
0.19034 23.8142
0.196428 24.8492
0.202534 26.5629
0.208729 26.4559
0.214876 27.8992
0.220989 28.3208
0.227147 28.7524
0.23329 28.8352
0.239377 29.0774
0.245482 29.1282
0.251667 30.7011
0.257832 31.5772
0.263955 32.3962
0.270079 32.4992
0.27624 32.553
0.282372 32.9346
0.28843 34.4954
0.294538 34.268
0.300721 34.2353
0.30691 35.5784
0.313033 35.7353
0.319153 35.8201
0.325316 35.9865
0.33145 37.1584
0.337538 36.6194
0.343633 37.7259
0.349808 37.3361
0.355968 37.2844
0.362074 37.4689
0.368217 37.9071
0.374374 38.4239
0.380519 37.9141
0.386598 38.1246
0.392688 37.9309
0.39888 38.4077
0.405048 39.1594
0.411186 39.1962
0.417313 38.773
0.423458 38.9849
0.429607 38.7983
0.435692 38.6734
0.441815 39.0439
0.447964 38.112
0.454126 38.0114
0.460267 37.5565
0.466387 38.4924
0.47254 37.863
0.478662 37.8632
0.484765 37.6095
0.490885 36.9414
0.497035 36.9978
0.503198 37.176
0.509342 36.9773
0.515458 36.3323
0.521598 35.7449
0.527764 36.0778
0.533884 35.3025
0.54 35.077
0.546137 34.7732
0.552299 34.4345
0.558452 34.0607
0.564573 34.0416
0.570708 33.8388
0.576825 32.6742
0.582926 32.1767
0.589034 32.0547
0.595184 32.1261
0.601379 31.5411
0.607522 31.1639
0.613639 30.8441
0.619772 30.4912
0.625918 29.432
0.632068 28.9356
0.638161 28.8585
0.6443 28.3334
0.650464 27.508
0.656582 27.2252
0.662703 26.7859
0.668861 26.3958
0.675024 25.7764
0.681124 25.6361
0.687237 24.8869
0.693381 24.4891
0.699536 24.263
0.705665 24.0904
0.711789 23.3691
0.717957 23.3782
0.72409 22.5376
0.730186 22.1086
0.736317 21.5279
0.742472 21.7939
0.748622 20.8312
0.75476 20.4414
0.760888 20.3592
0.767043 19.9897
0.773185 19.4379
0.779291 19.1291
0.785407 18.8084
0.791564 18.2685
0.797719 18.2958
0.803834 17.7036
0.809972 17.495
0.816124 17.1673
0.822261 16.8481
0.828378 16.3868
0.834502 16.0137
0.840667 15.946
0.846816 15.4492
0.852925 15.1738
0.859047 15.0954
0.865192 14.9807
0.871341 14.5902
0.877463 14.2883
0.883569 13.8958
0.889708 13.8491
0.895864 13.2396
0.902008 13.5843
0.908149 12.4642
0.914301 12.7346
0.920448 12.3794
0.926574 12.4719
0.932687 12.3462
0.938823 11.962
0.944975 11.535
0.951105 11.396
0.957225 11.0162
0.963368 11.176
0.969511 10.6405
0.975621 10.8569
0.981748 10.7171
0.987916 10.3657
0.99406 10.0889
1.00019 10.1192
1.00632 9.81439
1.01246 9.9166
1.01859 9.63476
1.02471 9.31392
1.03085 9.23919
1.03698 9.05062
1.04314 9.0251
1.04929 8.67886
1.05541 8.49559
1.06154 8.61123
1.06769 8.0959
1.07382 8.04964
1.07993 8.18948
1.08607 7.90239
1.09222 8.08953
1.09836 7.6972
1.10449 7.74025
1.11063 7.35628
1.11677 7.54425
1.1229 7.1119
1.12903 7.23588
1.13518 6.94749
1.14131 6.97944
1.14745 7.07494
1.15359 6.8516
1.15973 6.82188
1.16584 6.63922
1.17197 6.42072
1.17811 6.45429
1.18424 6.18055
1.19038 6.34641
1.19652 5.98796
1.20267 6.03754
1.20881 6.16146
1.21495 6.10029
1.22108 5.7784
1.2272 6.01163
1.23334 5.87264
1.23949 5.55049
1.24562 5.69963
1.25174 5.33358
1.25789 5.57011
1.26402 5.60045
1.27014 5.45518
1.27628 5.51755
1.28244 4.96919
1.28858 5.15795
1.29471 5.00302
1.30084 4.8995
1.30697 5.06498
1.31312 4.95607
1.31925 4.79645
1.32537 4.9872
1.33151 4.63621
1.33765 4.786
1.34378 4.65284
1.34992 4.68834
1.35606 4.36902
1.3622 4.71815
1.36833 4.7133
1.37445 4.2801
1.38059 4.45804
1.38675 4.26248
1.39288 4.17732
1.39901 4.37671
1.40515 4.28325
1.4113 4.37069
1.41742 4.22443
1.42355 4.23137
1.4297 4.26778
1.43585 4.47264
1.44198 4.12204
1.44809 4.32226
1.45423 4.12778
1.46036 4.29777
1.46649 4.02932
1.47263 4.17774
1.47877 3.91909
1.48491 3.93625
1.49104 4.11458
1.49718 3.85115
1.50333 3.93897
1.50947 3.94915
1.5156 3.94733
1.52172 3.97307
1.52787 3.83086
1.534 3.70203
1.54013 3.77739
1.54627 3.72059
1.55241 3.74333
1.55855 3.77774
1.56467 3.98491
1.5708 3.87875
