0.00783031 -406.065
0.013688 355.517
0.019231 -58.7939
0.0249154 -603.812
0.0312784 420.487
0.0375637 -573.13
0.0433917 -91.0578
0.0492413 -181.096
0.0555754 290.78
0.0619321 -163.104
0.067871 -224.303
0.0738098 17.1371
0.0800417 -290.552
0.0862327 -167.81
0.0921407 -180.88
0.0982031 -233.373
0.104506 -246.99
0.110769 -190.684
0.116806 -244.004
0.122832 -214.004
0.129052 -233.644
0.135211 -221.008
0.141259 -188.264
0.147318 -184.349
0.153489 -227.637
0.159709 -206.835
0.165845 -158.403
0.171974 -195.255
0.178125 -185.108
0.184229 -211.624
0.19034 -184.922
0.196428 -171.595
0.202534 -182.593
0.208729 -159.743
0.214876 -185.242
0.220989 -161.167
0.227147 -167.736
0.23329 -154.152
0.239377 -155.421
0.245482 -149.595
0.251667 -150.26
0.257832 -150.535
0.263955 -147.706
0.270079 -147.433
0.27624 -134.451
0.282372 -141.744
0.28843 -133.858
0.294538 -135.47
0.300721 -130.828
0.30691 -128.6
0.313033 -130.082
0.319153 -126.887
0.325316 -117.593
0.33145 -129.333
0.337538 -119.818
0.343633 -114.834
0.349808 -112.27
0.355968 -111.353
0.362074 -111.155
0.368217 -105.346
0.374374 -104.838
0.380519 -101.512
0.386598 -101.822
0.392688 -99.0268
0.39888 -94.5427
0.405048 -98.7703
0.411186 -95.0276
0.417313 -94.5253
0.423458 -93.6141
0.429607 -89.6338
0.435692 -87.0128
0.441815 -87.8034
0.447964 -83.8068
0.454126 -80.2753
0.460267 -81.8984
0.466387 -83.7259
0.47254 -78.6898
0.478662 -79.2544
0.484765 -77.5619
0.490885 -74.4585
0.497035 -74.4884
0.503198 -72.2662
0.509342 -73.1752
0.515458 -71.682
0.521598 -70.8701
0.527764 -69.505
0.533884 -68.2355
0.54 -66.3073
0.546137 -65.6026
0.552299 -65.7537
0.558452 -63.4952
0.564573 -63.6498
0.570708 -62.1989
0.576825 -58.4753
0.582926 -57.5049
0.589034 -58.1338
0.595184 -58.3543
0.601379 -56.7736
0.607522 -55.8839
0.613639 -55.483
0.619772 -52.0913
0.625918 -53.2579
0.632068 -49.6727
0.638161 -52.3608
0.6443 -49.6699
0.650464 -48.7407
0.656582 -47.2994
0.662703 -47.982
0.668861 -47.9057
0.675024 -45.5223
0.681124 -45.3265
0.687237 -44.5105
0.693381 -43.6074
0.699536 -43.8307
0.705665 -42.0662
0.711789 -42.126
0.717957 -41.8875
0.72409 -40.7223
0.730186 -39.3722
0.736317 -39.2716
0.742472 -39.2204
0.748622 -39.8681
0.75476 -38.0429
0.760888 -37.1877
0.767043 -37.0543
0.773185 -34.4922
0.779291 -35.8032
0.785407 -35.4335
0.791564 -34.1432
0.797719 -32.8684
0.803834 -33.9001
0.809972 -33.0252
0.816124 -32.5669
0.822261 -31.9404
0.828378 -31.2762
0.834502 -30.7242
0.840667 -29.8531
0.846816 -29.2381
0.852925 -30.3399
0.859047 -29.4077
0.865192 -28.3046
0.871341 -28.4365
0.877463 -27.9041
0.883569 -27.1363
0.889708 -27.2439
0.895864 -26.3817
0.902008 -26.1539
0.908149 -25.2025
0.914301 -26.0214
0.920448 -25.1062
0.926574 -24.7595
0.932687 -24.6068
0.938823 -24.0646
0.944975 -23.9917
0.951105 -23.8132
0.957225 -23.133
0.963368 -22.8843
0.969511 -22.6118
0.975621 -22.8892
0.981748 -22.8334
0.987916 -21.9619
0.99406 -21.9916
1.00019 -22.3871
1.00632 -21.706
1.01246 -21.9943
1.01859 -20.6555
1.02471 -21.2486
1.03085 -21.0657
1.03698 -20.8669
1.04314 -20.1935
1.04929 -20.0261
1.05541 -19.8778
1.06154 -19.6526
1.06769 -19.6068
1.07382 -19.419
1.07993 -19.4326
1.08607 -19.0015
1.09222 -19.7115
1.09836 -18.8687
1.10449 -19.3469
1.11063 -18.4337
1.11677 -17.9831
1.1229 -18.081
1.12903 -18.0791
1.13518 -17.8402
1.14131 -17.3847
1.14745 -17.5428
1.15359 -17.4148
1.15973 -17.4455
1.16584 -17.2282
1.17197 -17.0996
1.17811 -17.2566
1.18424 -16.7467
1.19038 -16.9324
1.19652 -16.7298
1.20267 -16.4708
1.20881 -16.97
1.21495 -16.0881
1.22108 -16.217
1.2272 -16.6193
1.23334 -15.9647
1.23949 -15.7068
1.24562 -15.7523
1.25174 -15.4434
1.25789 -15.5196
1.26402 -15.8664
1.27014 -15.313
1.27628 -15.0712
1.28244 -15.2747
1.28858 -14.9654
1.29471 -14.9599
1.30084 -14.4718
1.30697 -14.8666
1.31312 -14.7809
1.31925 -14.4627
1.32537 -14.4356
1.33151 -14.2515
1.33765 -14.2727
1.34378 -14.2785
1.34992 -14.2291
1.35606 -13.4306
1.3622 -13.9287
1.36833 -13.844
1.37445 -14.1947
1.38059 -13.5872
1.38675 -13.5648
1.39288 -13.6628
1.39901 -13.6226
1.40515 -13.4612
1.4113 -13.5314
1.41742 -13.5884
1.42355 -13.0626
1.4297 -13.2688
1.43585 -13.0796
1.44198 -12.9082
1.44809 -13.0769
1.45423 -12.6994
1.46036 -13.0623
1.46649 -12.4762
1.47263 -12.8008
1.47877 -12.6346
1.48491 -12.2183
1.49104 -12.1552
1.49718 -11.8718
1.50333 -12.1248
1.50947 -12.3259
1.5156 -11.9116
1.52172 -12.1186
1.52787 -12.2221
1.534 -11.7938
1.54013 -11.8917
1.54627 -11.6639
1.55241 -11.6384
1.55855 -11.8606
1.56467 -11.5744
1.5708 -11.3049
