0.00783031 20277.9
0.013688 25126.1
0.019231 25457.4
0.0249154 23247.6
0.0312784 19873.1
0.0375637 16530.9
0.0433917 14312
0.0492413 13059.4
0.0555754 11876.2
0.0619321 10937.5
0.067871 10389
0.0738098 9360.24
0.0800417 8389.1
0.0862327 7464.45
0.0921407 6827.61
0.0982031 6000.53
0.104506 5210.24
0.110769 5017.28
0.116806 4702.08
0.122832 4534.37
0.129052 4185.67
0.135211 4029.74
0.141259 3702.38
0.147318 3432.92
0.153489 3144.73
0.159709 3056.37
0.165845 2879.55
0.171974 2644.79
0.178125 2577.48
0.184229 2492.72
0.19034 2319.57
0.196428 2276.47
0.202534 2139.82
0.208729 2063.78
0.214876 1940.72
0.220989 1898.63
0.227147 1808.07
0.23329 1689.38
0.239377 1648.8
0.245482 1571.18
0.251667 1543.44
0.257832 1509.52
0.263955 1425
0.270079 1396.42
0.27624 1330.76
0.282372 1297.68
0.28843 1245.97
0.294538 1215.44
0.300721 1186.2
0.30691 1142.25
0.313033 1112.01
0.319153 1071.56
0.325316 1038.84
0.33145 1018.79
0.337538 973.698
0.343633 954.507
0.349808 930.406
0.355968 906.158
0.362074 885.8
0.368217 859.774
0.374374 833.565
0.380519 824.336
0.386598 793.373
0.392688 774.609
0.39888 764.511
0.405048 742.509
0.411186 721.105
0.417313 708.054
0.423458 694.021
0.429607 680.036
0.435692 669.293
0.441815 654.195
0.447964 633.44
0.454126 624.355
0.460267 605.513
0.466387 603.729
0.47254 578.607
0.478662 580.621
0.484765 559.071
0.490885 551.279
0.497035 545.972
0.503198 532.846
0.509342 526.115
0.515458 514.796
0.521598 505.159
0.527764 493.354
0.533884 487.498
0.54 475.626
0.546137 463.634
0.552299 460.192
0.558452 451.773
0.564573 446.752
0.570708 438.055
0.576825 431.658
0.582926 426.404
0.589034 413.585
0.595184 407.996
0.601379 404.51
0.607522 395.353
0.613639 389.965
0.619772 384.757
0.625918 378.712
0.632068 369.286
0.638161 368.807
0.6443 360.389
0.650464 354.037
0.656582 349.973
0.662703 344.657
0.668861 340.049
0.675024 336.407
0.681124 332.242
0.687237 326.122
0.693381 321.585
0.699536 317.871
0.705665 313.882
0.711789 309.486
0.717957 305.212
0.72409 300.897
0.730186 298.925
0.736317 292.669
0.742472 290.296
0.748622 286.531
0.75476 284.335
0.760888 279.365
0.767043 277.282
0.773185 272.445
0.779291 268.819
0.785407 266.732
0.791564 261.323
0.797719 260.223
0.803834 256.199
0.809972 251.445
0.816124 250.057
0.822261 246.288
0.828378 245.045
0.834502 241.543
0.840667 237.83
0.846816 235.795
0.852925 232.648
0.859047 229.875
0.865192 226.577
0.871341 225.298
0.877463 222.911
0.883569 220.164
0.889708 218.335
0.895864 215.41
0.902008 214.135
0.908149 211.861
0.914301 209.507
0.920448 207.11
0.926574 205.159
0.932687 203.104
0.938823 201.235
0.944975 199.9
0.951105 197.531
0.957225 195.07
0.963368 195.238
0.969511 192.823
0.975621 191.725
0.981748 188.33
0.987916 187.536
0.99406 186.646
1.00019 185.028
1.00632 183.227
1.01246 182.351
1.01859 180.743
1.02471 179.391
1.03085 177.911
1.03698 176.183
1.04314 175.301
1.04929 174.715
1.05541 172.405
1.06154 171.704
1.06769 169.913
1.07382 169.115
1.07993 168.179
1.08607 166.912
1.09222 165.167
1.09836 164.311
1.10449 163.004
1.11063 161.532
1.11677 160.286
1.1229 160.154
1.12903 158.661
1.13518 157.159
1.14131 156.097
1.14745 155.471
1.15359 154.424
1.15973 153.8
1.16584 152.762
1.17197 151.909
1.17811 150.894
1.18424 149.837
1.19038 148.752
1.19652 147.46
1.20267 147.36
1.20881 146.601
1.21495 145.379
1.22108 144.979
1.2272 144.177
1.23334 142.245
1.23949 141.86
1.24562 141.011
1.25174 140.202
1.25789 139.558
1.26402 138.429
1.27014 138.076
1.27628 136.845
1.28244 135.962
1.28858 135.357
1.29471 134.7
1.30084 133.097
1.30697 133.397
1.31312 132.25
1.31925 131.759
1.32537 130.765
1.33151 130.035
1.33765 128.785
1.34378 128.497
1.34992 128.156
1.35606 126.792
1.3622 126.276
1.36833 126.063
1.37445 125.191
1.38059 124.223
1.38675 124.167
1.39288 123.171
1.39901 122.837
1.40515 122.015
1.4113 121.048
1.41742 120.464
1.42355 119.831
1.4297 119.613
1.43585 118.696
1.44198 118.115
1.44809 117.625
1.45423 116.657
1.46036 116.739
1.46649 115.54
1.47263 115.695
1.47877 114.871
1.48491 114.215
1.49104 113.52
1.49718 112.929
1.50333 112.687
1.50947 112.005
1.5156 111.443
1.52172 111.009
1.52787 110.451
1.534 110.048
1.54013 109.443
1.54627 109.197
1.55241 108.664
1.55855 108.278
1.56467 107.48
1.5708 107.141
