0.00783031 0.00193856
0.013688 0.00462718
0.019231 0.00970807
0.0249154 0.0182577
0.0312784 0.0350799
0.0375637 0.0594494
0.0433917 0.0832124
0.0492413 0.123727
0.0555754 0.167533
0.0619321 0.245127
0.067871 0.331957
0.0738098 0.417728
0.0800417 0.495503
0.0862327 0.624504
0.0921407 0.695281
0.0982031 0.828679
0.104506 0.944483
0.110769 1.13068
0.116806 1.29717
0.122832 1.50776
0.129052 1.71449
0.135211 1.87695
0.141259 2.1273
0.147318 2.39595
0.153489 2.5831
0.159709 2.81285
0.165845 3.10038
0.171974 3.41626
0.178125 3.56937
0.184229 3.95808
0.19034 4.25383
0.196428 4.69369
0.202534 4.80933
0.208729 5.24658
0.214876 5.5074
0.220989 5.77132
0.227147 6.29521
0.23329 6.60299
0.239377 7.0995
0.245482 7.33142
0.251667 7.8128
0.257832 8.31706
0.263955 8.61355
0.270079 9.12787
0.27624 9.54638
0.282372 9.88347
0.28843 10.2883
0.294538 10.7528
0.300721 11.293
0.30691 11.8109
0.313033 12.2785
0.319153 12.7559
0.325316 13.3595
0.33145 13.9291
0.337538 14.4574
0.343633 14.934
0.349808 15.2177
0.355968 16.0173
0.362074 16.3822
0.368217 17.1531
0.374374 17.65
0.380519 18.2307
0.386598 18.7126
0.392688 19.2146
0.39888 19.9872
0.405048 20.5477
0.411186 21.2756
0.417313 21.6345
0.423458 21.9796
0.429607 22.68
0.435692 23.769
0.441815 24.1285
0.447964 24.8075
0.454126 25.6337
0.460267 26.1962
0.466387 26.8206
0.47254 27.5446
0.478662 28.1502
0.484765 28.6717
0.490885 29.4813
0.497035 30.0752
0.503198 30.7389
0.509342 31.2385
0.515458 32.1927
0.521598 32.6575
0.527764 33.6288
0.533884 34.7287
0.54 34.8503
0.546137 35.8418
0.552299 36.3418
0.558452 37.4243
0.564573 37.9861
0.570708 38.8015
0.576825 39.7902
0.582926 40.2285
0.589034 40.74
0.595184 41.9075
0.601379 42.7414
0.607522 43.4678
0.613639 43.9873
0.619772 44.9451
0.625918 45.5723
0.632068 46.206
0.638161 46.9463
0.6443 47.9657
0.650464 48.7914
0.656582 49.7036
0.662703 50.358
0.668861 51.566
0.675024 52.2442
0.681124 52.9941
0.687237 54.0582
0.693381 54.4668
0.699536 55.6705
0.705665 56.3336
0.711789 57.022
0.717957 58.0007
0.72409 58.5257
0.730186 59.8277
0.736317 60.4428
0.742472 61.535
0.748622 62.192
0.75476 63.3098
0.760888 64.0823
0.767043 64.654
0.773185 65.6226
0.779291 66.4602
0.785407 67.3083
0.791564 68.1561
0.797719 69.1931
0.803834 70.291
0.809972 70.6975
0.816124 71.4812
0.822261 73.4962
0.828378 73.6253
0.834502 74.6391
0.840667 75.839
0.846816 76.1649
0.852925 77.6035
0.859047 78.423
0.865192 79.3102
0.871341 80.2329
0.877463 81.0576
0.883569 82.0065
0.889708 83.0692
0.895864 84.0249
0.902008 85.0794
0.908149 86.0436
0.914301 87.0201
0.920448 87.9485
0.926574 88.5411
0.932687 89.8702
0.938823 90.3206
0.944975 91.598
0.951105 92.9583
0.957225 93.753
0.963368 94.518
0.969511 96.1014
0.975621 96.3818
0.981748 97.6605
0.987916 98.5557
0.99406 99.6366
1.00019 100.385
1.00632 101.729
1.01246 102.677
1.01859 103.33
1.02471 104.377
1.03085 105.814
1.03698 106.822
1.04314 107.895
1.04929 108.889
1.05541 109.161
1.06154 110.701
1.06769 111.526
1.07382 112.785
1.07993 114.281
1.08607 114.476
1.09222 115.874
1.09836 117.231
1.10449 118.178
1.11063 118.997
1.11677 119.82
1.1229 121.029
1.12903 122.229
1.13518 123.004
1.14131 124.361
1.14745 125.413
1.15359 126.647
1.15973 127.836
1.16584 128.29
1.17197 129.363
1.17811 130.953
1.18424 131.962
1.19038 133.092
1.19652 134.552
1.20267 135.36
1.20881 136.079
1.21495 137.408
1.22108 138.653
1.2272 139.193
1.23334 141.044
1.23949 141.661
1.24562 142.516
1.25174 144.056
1.25789 145.393
1.26402 146.21
1.27014 146.955
1.27628 149.09
1.28244 149.312
1.28858 150.799
1.29471 151.708
1.30084 153.129
1.30697 154.142
1.31312 155.235
1.31925 156.462
1.32537 157.266
1.33151 158.429
1.33765 160.014
1.34378 161.343
1.34992 162.272
1.35606 163.417
1.3622 164.435
1.36833 165.265
1.37445 166.364
1.38059 167.651
1.38675 169.071
1.39288 170.132
1.39901 171.16
1.40515 171.663
1.4113 173.631
1.41742 174.225
1.42355 175.571
1.4297 176.69
1.43585 178.581
1.44198 179.359
1.44809 180.435
1.45423 181.602
1.46036 182.482
1.46649 183.937
1.47263 185.203
1.47877 185.87
1.48491 187.15
1.49104 188.85
1.49718 189.807
1.50333 190.511
1.50947 192.267
1.5156 192.656
1.52172 194.53
1.52787 195.38
1.534 196.502
1.54013 197.91
1.54627 199.047
1.55241 200.59
1.55855 201.208
1.56467 202.456
1.5708 203.847
