0.00783031 -3583.69
0.013688 -2097.3
0.019231 1036.53
0.0249154 -551.07
0.0312784 -13.5622
0.0375637 1544.16
0.0433917 1362.59
0.0492413 911.025
0.0555754 874.984
0.0619321 1282.06
0.067871 1471.53
0.0738098 734.657
0.0800417 1468.8
0.0862327 1144.71
0.0921407 1229.56
0.0982031 1474.39
0.104506 1606.03
0.110769 1339.16
0.116806 1476.9
0.122832 1678.44
0.129052 1675.85
0.135211 1711.32
0.141259 1694.92
0.147318 1689.44
0.153489 1765.11
0.159709 1748.49
0.165845 1860.5
0.171974 1794.4
0.178125 1801.87
0.184229 1838.95
0.19034 1869.93
0.196428 1884.95
0.202534 1924.52
0.208729 1893.4
0.214876 1922.31
0.220989 1846.4
0.227147 1889.94
0.23329 1896.64
0.239377 1879.22
0.245482 1890.14
0.251667 1868.08
0.257832 1874.1
0.263955 1900.22
0.270079 1904.12
0.27624 1891.38
0.282372 1870.02
0.28843 1840.3
0.294538 1863.22
0.300721 1847.93
0.30691 1871.24
0.313033 1839.98
0.319153 1772.76
0.325316 1809.05
0.33145 1822.31
0.337538 1816.01
0.343633 1817.68
0.349808 1829.89
0.355968 1773.03
0.362074 1784.02
0.368217 1747.27
0.374374 1765.56
0.380519 1756.35
0.386598 1758.63
0.392688 1728.99
0.39888 1731.2
0.405048 1716.84
0.411186 1736.38
0.417313 1736.01
0.423458 1703.18
0.429607 1672.97
0.435692 1688.61
0.441815 1687.84
0.447964 1684.75
0.454126 1660.15
0.460267 1647.49
0.466387 1655.91
0.47254 1646.18
0.478662 1643.38
0.484765 1613.65
0.490885 1618.87
0.497035 1615.24
0.503198 1594.26
0.509342 1586.02
0.515458 1569.36
0.521598 1564.79
0.527764 1550.29
0.533884 1567.65
0.54 1548.63
0.546137 1540.81
0.552299 1542.11
0.558452 1540.66
0.564573 1532.89
0.570708 1531.57
0.576825 1517.8
0.582926 1507.92
0.589034 1503.67
0.595184 1472
0.601379 1478.62
0.607522 1475.34
0.613639 1457.67
0.619772 1464.13
0.625918 1451.07
0.632068 1449.13
0.638161 1437.62
0.6443 1422.77
0.650464 1414.15
0.656582 1421.72
0.662703 1397.29
0.668861 1410.97
0.675024 1398.16
0.681124 1391.13
0.687237 1376.06
0.693381 1369.86
0.699536 1360.1
0.705665 1358.33
0.711789 1353.12
0.717957 1348.89
0.72409 1340.25
0.730186 1329.99
0.736317 1308.25
0.742472 1323.55
0.748622 1307.23
0.75476 1312.09
0.760888 1304.18
0.767043 1292.32
0.773185 1276.47
0.779291 1274.73
0.785407 1266.54
0.791564 1261.74
0.797719 1255.78
0.803834 1254.22
0.809972 1241.92
0.816124 1241.16
0.822261 1233.16
0.828378 1222.33
0.834502 1221.33
0.840667 1210.52
0.846816 1205.48
0.852925 1189.4
0.859047 1185.79
0.865192 1176.02
0.871341 1171.29
0.877463 1166.85
0.883569 1156.81
0.889708 1160.98
0.895864 1147.61
0.902008 1146.77
0.908149 1147.59
0.914301 1130.7
0.920448 1121.26
0.926574 1116.32
0.932687 1112.81
0.938823 1103.65
0.944975 1100.54
0.951105 1096.7
0.957225 1088.1
0.963368 1080.26
0.969511 1075.56
0.975621 1069.2
0.981748 1062.57
0.987916 1057.61
0.99406 1050.95
1.00019 1039.51
1.00632 1038.75
1.01246 1033.61
1.01859 1025.6
1.02471 1026.57
1.03085 1018.46
1.03698 1007.93
1.04314 1005.89
1.04929 997.463
1.05541 994.242
1.06154 990.793
1.06769 982.217
1.07382 975.198
1.07993 969.878
1.08607 966.673
1.09222 964.936
1.09836 957.939
1.10449 949.046
1.11063 942.559
1.11677 939.032
1.1229 930.312
1.12903 926.858
1.13518 925.576
1.14131 922.21
1.14745 910.261
1.15359 905.845
1.15973 900.615
1.16584 897.638
1.17197 891.829
1.17811 886.347
1.18424 880.332
1.19038 879.811
1.19652 872.26
1.20267 866.523
1.20881 862.206
1.21495 860.002
1.22108 852.276
1.2272 849.665
1.23334 844.039
1.23949 838.427
1.24562 833.059
1.25174 829.422
1.25789 827.399
1.26402 822.586
1.27014 813.202
1.27628 812.519
1.28244 804.983
1.28858 800.724
1.29471 799.226
1.30084 788.557
1.30697 790.958
1.31312 787.16
1.31925 778.693
1.32537 776.342
1.33151 771.72
1.33765 765.215
1.34378 762.322
1.34992 759.636
1.35606 755.848
1.3622 749.359
1.36833 747.061
1.37445 737.946
1.38059 739.153
1.38675 730.258
1.39288 728.94
1.39901 723.975
1.40515 721.386
1.4113 715.377
1.41742 713.348
1.42355 708.562
1.4297 703.345
1.43585 700.268
1.44198 696.911
1.44809 695.193
1.45423 690.599
1.46036 689.224
1.46649 680.218
1.47263 678.318
1.47877 673.037
1.48491 670.043
1.49104 669.103
1.49718 662.469
1.50333 660.834
1.50947 655.985
1.5156 650.974
1.52172 651.014
1.52787 643.89
1.534 643.191
1.54013 638.981
1.54627 635.485
1.55241 630.06
1.55855 627.809
1.56467 623.764
1.5708 622.419
