0.00783031 20476.4
0.013688 24996.7
0.019231 26325.4
0.0249154 23829.4
0.0312784 21056.2
0.0375637 18062.4
0.0433917 15423.2
0.0492413 14257.5
0.0555754 13112.1
0.0619321 12229.3
0.067871 11646.1
0.0738098 10645.6
0.0800417 9913.13
0.0862327 8999
0.0921407 7998.14
0.0982031 7306.32
0.104506 6760.68
0.110769 6544.06
0.116806 6154.74
0.122832 5920.42
0.129052 5673.77
0.135211 5508.38
0.141259 5293.94
0.147318 5118.53
0.153489 4900.65
0.159709 4475.17
0.165845 4280.49
0.171974 4219.85
0.178125 4009.21
0.184229 3862.84
0.19034 3766.34
0.196428 3595.85
0.202534 3581.17
0.208729 3449.28
0.214876 3375.07
0.220989 3230.24
0.227147 3125.15
0.23329 3059.99
0.239377 2989.98
0.245482 2982.13
0.251667 2859.23
0.257832 2758.24
0.263955 2721.87
0.270079 2672.57
0.27624 2609.81
0.282372 2600.94
0.28843 2514.82
0.294538 2441.51
0.300721 2440.55
0.30691 2392.12
0.313033 2387.25
0.319153 2293.5
0.325316 2291.34
0.33145 2206.2
0.337538 2170.17
0.343633 2167.72
0.349808 2132.52
0.355968 2091.9
0.362074 2039.71
0.368217 1998.77
0.374374 1978.95
0.380519 1932.1
0.386598 1927.15
0.392688 1911.19
0.39888 1870.97
0.405048 1827.7
0.411186 1814.93
0.417313 1779.52
0.423458 1746.14
0.429607 1750.42
0.435692 1718.84
0.441815 1661.95
0.447964 1669.87
0.454126 1636.5
0.460267 1609.59
0.466387 1588.64
0.47254 1576.06
0.478662 1552.56
0.484765 1545.05
0.490885 1518.51
0.497035 1507.9
0.503198 1473.88
0.509342 1462.79
0.515458 1452.69
0.521598 1439.07
0.527764 1414.12
0.533884 1395.75
0.54 1392.44
0.546137 1367.85
0.552299 1352.82
0.558452 1333.15
0.564573 1321.53
0.570708 1312.75
0.576825 1292.44
0.582926 1277.62
0.589034 1269.7
0.595184 1256.29
0.601379 1240.37
0.607522 1232.73
0.613639 1210.8
0.619772 1198.15
0.625918 1186.83
0.632068 1174.62
0.638161 1168.34
0.6443 1145.12
0.650464 1131.84
0.656582 1125.87
0.662703 1119.6
0.668861 1108.04
0.675024 1089.01
0.681124 1083.92
0.687237 1065.58
0.693381 1055.68
0.699536 1054.89
0.705665 1041.3
0.711789 1027.68
0.717957 1019.65
0.72409 1008.05
0.730186 996.961
0.736317 990.4
0.742472 980.026
0.748622 968.776
0.75476 962.734
0.760888 952.206
0.767043 938.037
0.773185 930.303
0.779291 923.138
0.785407 912.849
0.791564 904.102
0.797719 902.212
0.803834 891.221
0.809972 880.613
0.816124 867.846
0.822261 869.034
0.828378 853.127
0.834502 850.331
0.840667 837.669
0.846816 832.721
0.852925 827.118
0.859047 814.959
0.865192 807.771
0.871341 801.181
0.877463 793.827
0.883569 787.942
0.889708 780.584
0.895864 773.149
0.902008 769.973
0.908149 758.931
0.914301 752.357
0.920448 746.651
0.926574 744.746
0.932687 734.998
0.938823 723.719
0.944975 717.217
0.951105 715.595
0.957225 711.159
0.963368 704.705
0.969511 697.475
0.975621 690.273
0.981748 684.2
0.987916 679.837
0.99406 671.967
1.00019 665.933
1.00632 660.968
1.01246 657.253
1.01859 648.098
1.02471 642.023
1.03085 639.699
1.03698 631.522
1.04314 628.15
1.04929 622.119
1.05541 619.438
1.06154 612.049
1.06769 608.656
1.07382 601.584
1.07993 596.707
1.08607 591.648
1.09222 586.46
1.09836 581.963
1.10449 578.252
1.11063 573.566
1.11677 567.029
1.1229 560.407
1.12903 556.969
1.13518 554.219
1.14131 549.73
1.14745 546.193
1.15359 540.21
1.15973 537.684
1.16584 532.037
1.17197 528.916
1.17811 524.082
1.18424 519.263
1.19038 515.718
1.19652 512.363
1.20267 509.02
1.20881 505.719
1.21495 502.166
1.22108 497.15
1.2272 491.471
1.23334 488.93
1.23949 486.327
1.24562 480.805
1.25174 478.232
1.25789 474.163
1.26402 470.815
1.27014 468.096
1.27628 463.989
1.28244 460.794
1.28858 456.021
1.29471 453.81
1.30084 448.046
1.30697 445.142
1.31312 444.2
1.31925 438.941
1.32537 437.462
1.33151 433.766
1.33765 431.296
1.34378 426.997
1.34992 425
1.35606 421.448
1.3622 417.381
1.36833 414.135
1.37445 411.308
1.38059 409.202
1.38675 406.793
1.39288 402.555
1.39901 401.082
1.40515 398.691
1.4113 394.36
1.41742 391.755
1.42355 389.484
1.4297 385.815
1.43585 383.624
1.44198 382.146
1.44809 378.253
1.45423 375.519
1.46036 373.533
1.46649 371.374
1.47263 368.336
1.47877 366.207
1.48491 363.441
1.49104 361.92
1.49718 358.428
1.50333 357.052
1.50947 353.933
1.5156 351.463
1.52172 349.059
1.52787 346.633
1.534 344.97
1.54013 343.043
1.54627 339.913
1.55241 337.506
1.55855 336.321
1.56467 334.043
1.5708 331.489
