0.00783031 20209.6
0.013688 24761.5
0.019231 25473.8
0.0249154 23179.6
0.0312784 20130.5
0.0375637 17204.1
0.0433917 14512.6
0.0492413 13197.6
0.0555754 11996.4
0.0619321 11008.2
0.067871 10332.7
0.0738098 9304.15
0.0800417 8550.7
0.0862327 7607.79
0.0921407 6626.82
0.0982031 5954.2
0.104506 5333.21
0.110769 5100.83
0.116806 4741.29
0.122832 4461.45
0.129052 4197.92
0.135211 4029.43
0.141259 3814.15
0.147318 3589.74
0.153489 3371.66
0.159709 3018.68
0.165845 2845.19
0.171974 2743.56
0.178125 2566.54
0.184229 2440.54
0.19034 2328.77
0.196428 2190.22
0.202534 2147.71
0.208729 2028.92
0.214876 1951.35
0.220989 1842.03
0.227147 1747.36
0.23329 1679.89
0.239377 1624.58
0.245482 1589.81
0.251667 1508.18
0.257832 1431.12
0.263955 1394.81
0.270079 1347.21
0.27624 1302.06
0.282372 1274.83
0.28843 1215.48
0.294538 1166.83
0.300721 1147.54
0.30691 1109.53
0.313033 1091.89
0.319153 1033.52
0.325316 1023.61
0.33145 975.695
0.337538 950.036
0.343633 936.155
0.349808 908.352
0.355968 883.061
0.362074 850.741
0.368217 824.199
0.374374 805.853
0.380519 779.205
0.386598 768.574
0.392688 756.664
0.39888 731.631
0.405048 707.571
0.411186 695.373
0.417313 675.618
0.423458 656.926
0.429607 651.826
0.435692 634.407
0.441815 608.056
0.447964 607.722
0.454126 587.991
0.460267 572.964
0.466387 562.158
0.47254 552.317
0.478662 540.478
0.484765 531.696
0.490885 518.553
0.497035 512.124
0.503198 496.553
0.509342 488.577
0.515458 481.14
0.521598 472.901
0.527764 462.67
0.533884 451.984
0.54 448.26
0.546137 437.823
0.552299 428.571
0.558452 420.079
0.564573 413.674
0.570708 408.292
0.576825 399.862
0.582926 391.871
0.589034 387.09
0.595184 380.283
0.601379 373.789
0.607522 368.903
0.613639 359.678
0.619772 354.54
0.625918 348.071
0.632068 342.574
0.638161 338.618
0.6443 331.245
0.650464 325.41
0.656582 321.791
0.662703 318.115
0.668861 313.175
0.675024 306.823
0.681124 303.147
0.687237 295.839
0.693381 291.942
0.699536 289.708
0.705665 284.446
0.711789 280.024
0.717957 276.304
0.72409 271.145
0.730186 267.695
0.736317 264.944
0.742472 260.742
0.748622 256.021
0.75476 253.611
0.760888 249.366
0.767043 244.612
0.773185 242.049
0.779291 238.369
0.785407 234.845
0.791564 231.971
0.797719 229.61
0.803834 225.931
0.809972 222.308
0.816124 217.977
0.822261 217.289
0.828378 212.37
0.834502 210.44
0.840667 206.658
0.846816 204.062
0.852925 201.697
0.859047 198.065
0.865192 195.467
0.871341 192.719
0.877463 190.551
0.883569 188.003
0.889708 185.125
0.895864 182.535
0.902008 181.359
0.908149 177.83
0.914301 175.742
0.920448 173.58
0.926574 172.343
0.932687 169.286
0.938823 166.349
0.944975 163.945
0.951105 162.654
0.957225 161.152
0.963368 159.049
0.969511 156.888
0.975621 154.553
0.981748 152.307
0.987916 151.083
0.99406 148.689
1.00019 146.7
1.00632 144.979
1.01246 143.724
1.01859 140.937
1.02471 139.498
1.03085 138.225
1.03698 135.619
1.04314 134.504
1.04929 132.958
1.05541 131.731
1.06154 129.643
1.06769 128.48
1.07382 126.72
1.07993 124.939
1.08607 123.647
1.09222 121.993
1.09836 120.615
1.10449 119.191
1.11063 118.019
1.11677 116.178
1.1229 114.634
1.12903 113.314
1.13518 112.467
1.14131 111.004
1.14745 110.061
1.15359 108.345
1.15973 107.424
1.16584 105.972
1.17197 105.035
1.17811 103.5
1.18424 102.334
1.19038 100.848
1.19652 100.242
1.20267 99.2883
1.20881 98.2169
1.21495 97.1773
1.22108 95.9968
1.2272 94.5954
1.23334 93.6144
1.23949 92.7537
1.24562 91.4099
1.25174 90.6561
1.25789 89.6267
1.26402 88.5755
1.27014 87.6276
1.27628 86.5677
1.28244 85.8815
1.28858 84.6222
1.29471 84.0345
1.30084 82.8447
1.30697 81.8716
1.31312 81.3401
1.31925 80.0592
1.32537 79.6878
1.33151 78.4557
1.33765 77.8898
1.34378 76.9347
1.34992 76.3262
1.35606 75.3778
1.3622 74.4971
1.36833 73.6861
1.37445 72.9784
1.38059 72.2534
1.38675 71.6715
1.39288 70.6135
1.39901 70.2337
1.40515 69.5068
1.4113 68.5631
1.41742 67.8336
1.42355 67.3293
1.4297 66.5099
1.43585 65.9261
1.44198 65.2783
1.44809 64.5446
1.45423 63.9264
1.46036 63.2566
1.46649 62.6022
1.47263 61.9955
1.47877 61.5833
1.48491 60.7807
1.49104 60.4245
1.49718 59.6255
1.50333 59.1336
1.50947 58.5546
1.5156 57.8883
1.52172 57.3465
1.52787 56.7277
1.534 56.2822
1.54013 55.9009
1.54627 55.208
1.55241 54.7391
1.55855 54.2805
1.56467 53.7825
1.5708 53.2197
