0.00783031 361.283
0.013688 3463.35
0.019231 3170.41
0.0249154 1271.34
0.0312784 304.472
0.0375637 383.26
0.0433917 641.342
0.0492413 464.454
0.0555754 341.5
0.0619321 766.781
0.067871 713.702
0.0738098 956.936
0.0800417 926.806
0.0862327 1003.89
0.0921407 997.142
0.0982031 1055.44
0.104506 1178.21
0.110769 1136.05
0.116806 934.352
0.122832 1208.16
0.129052 1144.85
0.135211 1176.66
0.141259 1240.52
0.147318 1254.66
0.153489 1147.28
0.159709 1263.66
0.165845 1295.59
0.171974 1335.7
0.178125 1316.39
0.184229 1206.75
0.19034 1289.94
0.196428 1397.26
0.202534 1275.61
0.208729 1364.78
0.214876 1306.25
0.220989 1297.11
0.227147 1315.38
0.23329 1318.7
0.239377 1378.71
0.245482 1358.47
0.251667 1336.7
0.257832 1339.11
0.263955 1342.1
0.270079 1329.48
0.27624 1300.26
0.282372 1329.14
0.28843 1340.69
0.294538 1316.54
0.300721 1326.23
0.30691 1331.95
0.313033 1353.25
0.319153 1319.82
0.325316 1293.08
0.33145 1302.18
0.337538 1273.97
0.343633 1307.49
0.349808 1305.19
0.355968 1300.56
0.362074 1286.34
0.368217 1301.48
0.374374 1276.48
0.380519 1269.23
0.386598 1283.37
0.392688 1276.6
0.39888 1258.46
0.405048 1258.59
0.411186 1258.29
0.417313 1265.65
0.423458 1274.27
0.429607 1259.79
0.435692 1230.87
0.441815 1248.19
0.447964 1229.3
0.454126 1220.65
0.460267 1210.55
0.466387 1223.07
0.47254 1211.5
0.478662 1221.78
0.484765 1209.21
0.490885 1211.94
0.497035 1196.21
0.503198 1198.18
0.509342 1200.45
0.515458 1181.51
0.521598 1187.48
0.527764 1172.84
0.533884 1189.06
0.54 1172.74
0.546137 1165.86
0.552299 1164.8
0.558452 1147.57
0.564573 1157.19
0.570708 1155.05
0.576825 1130.61
0.582926 1139.33
0.589034 1127.98
0.595184 1129.13
0.601379 1129.75
0.607522 1110.55
0.613639 1110.37
0.619772 1112.47
0.625918 1109.99
0.632068 1095.92
0.638161 1092.35
0.6443 1084.11
0.650464 1081.67
0.656582 1079.3
0.662703 1073.34
0.668861 1076.53
0.675024 1056.4
0.681124 1062.62
0.687237 1054.67
0.693381 1049.48
0.699536 1043.13
0.705665 1039.11
0.711789 1033.81
0.717957 1044.73
0.72409 1023.74
0.730186 1016.97
0.736317 1016.78
0.742472 1007.37
0.748622 1009.48
0.75476 1001.2
0.760888 1002.25
0.767043 997.562
0.773185 980.573
0.779291 984.145
0.785407 976.406
0.791564 984.145
0.797719 963.336
0.803834 966.572
0.809972 963.593
0.816124 954.564
0.822261 959.067
0.828378 941.035
0.834502 941.737
0.840667 935.724
0.846816 927.24
0.852925 933.721
0.859047 920.697
0.865192 921.246
0.871341 915.272
0.877463 905.196
0.883569 902.462
0.889708 898.504
0.895864 899.421
0.902008 888.004
0.908149 882.628
0.914301 879.599
0.920448 871
0.926574 872.179
0.932687 863.85
0.938823 861.589
0.944975 852.287
0.951105 848.769
0.957225 844.706
0.963368 842.129
0.969511 837.847
0.975621 830.425
0.981748 824.701
0.987916 824.255
0.99406 817.144
1.00019 811.746
1.00632 810.275
1.01246 802.721
1.01859 794.066
1.02471 794.02
1.03085 786.725
1.03698 783.98
1.04314 777.899
1.04929 769.623
1.05541 767.96
1.06154 769.931
1.06769 762.313
1.07382 754.819
1.07993 755.623
1.08607 745.601
1.09222 743.506
1.09836 738.078
1.10449 734.322
1.11063 728.509
1.11677 720.443
1.1229 716.798
1.12903 715.439
1.13518 712.17
1.14131 706.156
1.14745 702.198
1.15359 696.732
1.15973 695.46
1.16584 688.935
1.17197 682.803
1.17811 681.498
1.18424 677.919
1.19038 673.989
1.19652 668.894
1.20267 662.187
1.20881 658.923
1.21495 657.369
1.22108 649.459
1.2272 651.211
1.23334 643.931
1.23949 638.763
1.24562 638.214
1.25174 630.841
1.25789 628.786
1.26402 620.641
1.27014 616.333
1.27628 615.787
1.28244 611.275
1.28858 609.991
1.29471 606.713
1.30084 600.72
1.30697 598.023
1.31312 593.156
1.31925 588.771
1.32537 585.859
1.33151 580.159
1.33765 575.909
1.34378 574.37
1.34992 573.351
1.35606 566.734
1.3622 564.691
1.36833 560.114
1.37445 558.363
1.38059 555.795
1.38675 550.523
1.39288 548.054
1.39901 544.031
1.40515 539.145
1.4113 539.478
1.41742 532.763
1.42355 532.912
1.4297 526.976
1.43585 525.618
1.44198 519.171
1.44809 517.653
1.45423 514.8
1.46036 509.998
1.46649 509.049
1.47263 507.171
1.47877 501.284
1.48491 500.493
1.49104 496.777
1.49718 495.326
1.50333 491.978
1.50947 487.911
1.5156 483.546
1.52172 483.409
1.52787 477.525
1.534 473.789
1.54013 471.554
1.54627 470.756
1.55241 468.686
1.55855 464.767
1.56467 461.567
1.5708 459.817
