0.00783031 268.304
0.013688 3272.33
0.019231 2914.98
0.0249154 1177.38
0.0312784 334.035
0.0375637 381.034
0.0433917 699.544
0.0492413 596.839
0.0555754 529.482
0.0619321 1001.57
0.067871 954.577
0.0738098 1195.44
0.0800417 1223.49
0.0862327 1351.06
0.0921407 1356.81
0.0982031 1422.05
0.104506 1591.64
0.110769 1516.01
0.116806 1307.98
0.122832 1613.35
0.129052 1570.11
0.135211 1608.14
0.141259 1695.12
0.147318 1699.21
0.153489 1602.1
0.159709 1719.83
0.165845 1776.19
0.171974 1842.77
0.178125 1801.7
0.184229 1694.9
0.19034 1798.68
0.196428 1933.97
0.202534 1793.69
0.208729 1879.36
0.214876 1815.25
0.220989 1814.26
0.227147 1852.03
0.23329 1860.38
0.239377 1937.16
0.245482 1907.35
0.251667 1895.59
0.257832 1900.2
0.263955 1901.69
0.270079 1898
0.27624 1856.49
0.282372 1893.27
0.28843 1929.79
0.294538 1902.24
0.300721 1916.65
0.30691 1929.46
0.313033 1959.91
0.319153 1916.09
0.325316 1888.33
0.33145 1909.55
0.337538 1868.16
0.343633 1924.45
0.349808 1925.7
0.355968 1909.52
0.362074 1902.73
0.368217 1929.45
0.374374 1892.79
0.380519 1894.59
0.386598 1919
0.392688 1915.34
0.39888 1888.37
0.405048 1892.68
0.411186 1891.06
0.417313 1908.22
0.423458 1925.25
0.429607 1905
0.435692 1865.31
0.441815 1898.54
0.447964 1876.33
0.454126 1863.41
0.460267 1853.83
0.466387 1867.96
0.47254 1861.65
0.478662 1874.08
0.484765 1862.3
0.490885 1864.71
0.497035 1852.07
0.503198 1849.81
0.509342 1861.2
0.515458 1835.36
0.521598 1846.11
0.527764 1827.53
0.533884 1848.18
0.54 1829.52
0.546137 1822.35
0.552299 1820.93
0.558452 1795.85
0.564573 1814.47
0.570708 1812.41
0.576825 1776.34
0.582926 1788.27
0.589034 1777.75
0.595184 1777.59
0.601379 1782.79
0.607522 1755.06
0.613639 1761.46
0.619772 1762.22
0.625918 1759.93
0.632068 1737.59
0.638161 1737.31
0.6443 1724.42
0.650464 1723.7
0.656582 1718.23
0.662703 1711.18
0.668861 1717.09
0.675024 1693.72
0.681124 1698.82
0.687237 1687.32
0.693381 1680.7
0.699536 1672.55
0.705665 1669.47
0.711789 1659.31
0.717957 1678.14
0.72409 1647.27
0.730186 1639.39
0.736317 1640.51
0.742472 1626.76
0.748622 1627.88
0.75476 1620.95
0.760888 1617.6
0.767043 1611.43
0.773185 1586.55
0.779291 1595.15
0.785407 1586.25
0.791564 1599.84
0.797719 1566.05
0.803834 1576.45
0.809972 1568.34
0.816124 1558.98
0.822261 1564.68
0.828378 1537.8
0.834502 1539.32
0.840667 1534.37
0.846816 1522.05
0.852925 1535.81
0.859047 1515.39
0.865192 1517.13
0.871341 1507.81
0.877463 1493.96
0.883569 1490.75
0.889708 1485.16
0.895864 1485.27
0.902008 1471.69
0.908149 1464.74
0.914301 1461.26
0.920448 1450.59
0.926574 1451.05
0.932687 1438.55
0.938823 1436.34
0.944975 1427.56
0.951105 1424.31
0.957225 1414.72
0.963368 1413.3
0.969511 1409.94
0.975621 1397.19
0.981748 1388.16
0.987916 1389.25
0.99406 1382.57
1.00019 1371.79
1.00632 1369.21
1.01246 1362
1.01859 1350.71
1.02471 1349.98
1.03085 1341.66
1.03698 1341.1
1.04314 1327.29
1.04929 1316.83
1.05541 1318.09
1.06154 1321.43
1.06769 1309.17
1.07382 1300.87
1.07993 1304.43
1.08607 1290.47
1.09222 1286.08
1.09836 1281.55
1.10449 1277.12
1.11063 1264.07
1.11677 1252.75
1.1229 1251.35
1.12903 1254.21
1.13518 1247.5
1.14131 1240.75
1.14745 1231.08
1.15359 1226.96
1.15973 1226.26
1.16584 1217.51
1.17197 1209.09
1.17811 1210.35
1.18424 1206.72
1.19038 1202.96
1.19652 1194.42
1.20267 1185.86
1.20881 1180.09
1.21495 1181.67
1.22108 1169.88
1.2272 1171.62
1.23334 1163.86
1.23949 1155.45
1.24562 1155.73
1.25174 1146.24
1.25789 1144.23
1.26402 1134.23
1.27014 1127.88
1.27628 1126.27
1.28244 1124.44
1.28858 1121.18
1.29471 1113.54
1.30084 1107.95
1.30697 1107.59
1.31312 1101.62
1.31925 1092.91
1.32537 1089.23
1.33151 1085.51
1.33765 1077.52
1.34378 1074.09
1.34992 1073.63
1.35606 1064.7
1.3622 1061.78
1.36833 1054.88
1.37445 1057.19
1.38059 1051.68
1.38675 1043.59
1.39288 1044.56
1.39901 1035.79
1.40515 1030.39
1.4113 1031.36
1.41742 1020.06
1.42355 1020.56
1.4297 1013.53
1.43585 1010.7
1.44198 1003.93
1.44809 1000.3
1.45423 996.804
1.46036 989.26
1.46649 990.294
1.47263 985.773
1.47877 976.268
1.48491 979.305
1.49104 972.952
1.49718 968.679
1.50333 963.726
1.50947 958.39
1.5156 952.385
1.52172 952.024
1.52787 943.809
1.534 939.186
1.54013 934.05
1.54627 933.506
1.55241 929.932
1.55855 925.494
1.56467 918.813
1.5708 919.235
