0.00783031 7.27273
0.013688 -0.193418
0.019231 3.06683
0.0249154 1.67663
0.0312784 1.50115
0.0375637 2.23361
0.0433917 1.7557
0.0492413 4.12693
0.0555754 4.45058
0.0619321 4.94428
0.067871 5.47499
0.0738098 7.81575
0.0800417 7.44042
0.0862327 8.2104
0.0921407 12.1472
0.0982031 11.1719
0.104506 11.9552
0.110769 13.5158
0.116806 15.8906
0.122832 17.6182
0.129052 16.4553
0.135211 17.8146
0.141259 18.7404
0.147318 18.9983
0.153489 21.397
0.159709 21.0339
0.165845 22.931
0.171974 24.747
0.178125 24.1541
0.184229 25.185
0.19034 27.8346
0.196428 27.4416
0.202534 26.6088
0.208729 30.7693
0.214876 29.2464
0.220989 30.5652
0.227147 31.2717
0.23329 30.3533
0.239377 32.8949
0.245482 31.937
0.251667 33.466
0.257832 32.3539
0.263955 34.6094
0.270079 35.0214
0.27624 37.3621
0.282372 36.0115
0.28843 34.4614
0.294538 35.317
0.300721 36.5737
0.30691 35.7289
0.313033 36.4822
0.319153 37.0364
0.325316 35.829
0.33145 36.5839
0.337538 37.2951
0.343633 37.6661
0.349808 37.6894
0.355968 36.1219
0.362074 36.6139
0.368217 35.8061
0.374374 35.8119
0.380519 36.0084
0.386598 36.1541
0.392688 35.9641
0.39888 36.3317
0.405048 36.241
0.411186 36.1424
0.417313 35.3026
0.423458 35.8027
0.429607 34.3221
0.435692 34.6165
0.441815 34.251
0.447964 35.0113
0.454126 33.4921
0.460267 33.6092
0.466387 32.8226
0.47254 32.6777
0.478662 32.1513
0.484765 31.4663
0.490885 30.5819
0.497035 30.3014
0.503198 29.7877
0.509342 30.205
0.515458 29.7143
0.521598 29.9625
0.527764 29.0242
0.533884 28.3781
0.54 27.4657
0.546137 27.1668
0.552299 26.1147
0.558452 26.4678
0.564573 26.2926
0.570708 25.6727
0.576825 24.8727
0.582926 24.2545
0.589034 24.2014
0.595184 23.4742
0.601379 23.1193
0.607522 22.8522
0.613639 22.2868
0.619772 22.2501
0.625918 21.0536
0.632068 21.158
0.638161 20.5564
0.6443 20.0954
0.650464 19.7656
0.656582 19.2232
0.662703 19.9349
0.668861 19.391
0.675024 18.9858
0.681124 18.5629
0.687237 18.1139
0.693381 17.8039
0.699536 17.6035
0.705665 17.0921
0.711789 16.471
0.717957 16.8924
0.72409 17.0432
0.730186 16.6589
0.736317 16.4948
0.742472 16.0134
0.748622 15.7742
0.75476 15.7974
0.760888 15.1418
0.767043 14.8102
0.773185 15.2145
0.779291 14.8952
0.785407 14.8612
0.791564 14.8868
0.797719 14.106
0.803834 14.569
0.809972 14.1157
0.816124 14.3331
0.822261 14.458
0.828378 13.9843
0.834502 14.0531
0.840667 14.1811
0.846816 14.019
0.852925 13.9908
0.859047 13.7483
0.865192 13.5207
0.871341 13.5696
0.877463 13.9603
0.883569 13.8545
0.889708 13.3726
0.895864 13.667
0.902008 13.2103
0.908149 13.4714
0.914301 13.6209
0.920448 13.5774
0.926574 13.7887
0.932687 13.7264
0.938823 13.5212
0.944975 13.5034
0.951105 13.8487
0.957225 13.7249
0.963368 13.4286
0.969511 13.4093
0.975621 13.4199
0.981748 13.503
0.987916 13.005
0.99406 13.0924
1.00019 13.3363
1.00632 13.0617
1.01246 13.4038
1.01859 13.4607
1.02471 13.093
1.03085 13.3397
1.03698 13.1979
1.04314 13.3749
1.04929 13.1396
1.05541 13.1308
1.06154 13.0796
1.06769 13.2785
1.07382 13.3497
1.07993 13.4255
1.08607 13.0423
1.09222 13.2759
1.09836 13.0204
1.10449 12.9344
1.11063 13.1466
1.11677 13.1327
1.1229 13.2228
1.12903 12.9765
1.13518 12.9533
1.14131 12.7928
1.14745 12.6477
1.15359 12.8854
1.15973 12.8793
1.16584 12.836
1.17197 12.8281
1.17811 13.0704
1.18424 12.8826
1.19038 13.1167
1.19652 13.009
1.20267 12.8876
1.20881 12.6971
1.21495 12.7909
1.22108 12.857
1.2272 12.7078
1.23334 12.6406
1.23949 12.726
1.24562 12.4206
1.25174 12.3734
1.25789 12.5683
1.26402 12.5198
1.27014 12.7092
1.27628 12.4504
1.28244 12.4826
1.28858 12.642
1.29471 12.528
1.30084 12.5136
1.30697 12.3106
1.31312 12.3517
1.31925 12.4681
1.32537 12.4715
1.33151 12.191
1.33765 12.3878
1.34378 12.371
1.34992 12.103
1.35606 12.0497
1.3622 12.2492
1.36833 12.1073
1.37445 11.8669
1.38059 12.1951
1.38675 12.0438
1.39288 12.0508
1.39901 11.9249
1.40515 12.0077
1.4113 11.9716
1.41742 12.1088
1.42355 12.0917
1.4297 11.8765
1.43585 11.6962
1.44198 11.6677
1.44809 11.63
1.45423 11.7282
1.46036 11.4784
1.46649 11.5093
1.47263 11.7873
1.47877 11.5538
1.48491 11.8418
1.49104 11.5033
1.49718 11.3997
1.50333 11.4255
1.50947 11.4754
1.5156 11.5281
1.52172 11.2353
1.52787 11.2563
1.534 11.2189
1.54013 11.2042
1.54627 10.9878
1.55241 11.2802
1.55855 11.2464
1.56467 11.1575
1.5708 11.2047
