0.00783031 12624
0.013688 7811.32
0.019231 10749.5
0.0249154 8500.28
0.0312784 8494.73
0.0375637 8023.06
0.0433917 8730.31
0.0492413 8890.91
0.0555754 8248.04
0.0619321 8140.22
0.067871 8009.16
0.0738098 8408.46
0.0800417 7618.92
0.0862327 8075.14
0.0921407 7959.34
0.0982031 7661.99
0.104506 7339.27
0.110769 7142.06
0.116806 7069.34
0.122832 6933.36
0.129052 7057.56
0.135211 6718.69
0.141259 6710.78
0.147318 6505.52
0.153489 6322.64
0.159709 6303.31
0.165845 6449.38
0.171974 6229.26
0.178125 6189.67
0.184229 6048.25
0.19034 5996.11
0.196428 5841.02
0.202534 5672.46
0.208729 5682.86
0.214876 5749.14
0.220989 5473.18
0.227147 5534.29
0.23329 5469.95
0.239377 5447.18
0.245482 5279.82
0.251667 5296.75
0.257832 5244.81
0.263955 5170.53
0.270079 5171.21
0.27624 5105.15
0.282372 5021.14
0.28843 4989.88
0.294538 4935.6
0.300721 4979.63
0.30691 4895.31
0.313033 4790.92
0.319153 4812.86
0.325316 4765.87
0.33145 4770.99
0.337538 4759.29
0.343633 4687.94
0.349808 4628.58
0.355968 4648.03
0.362074 4659.2
0.368217 4609.41
0.374374 4608.29
0.380519 4517.13
0.386598 4499
0.392688 4504.47
0.39888 4455.29
0.405048 4499.84
0.411186 4410.84
0.417313 4417.56
0.423458 4371.03
0.429607 4377.86
0.435692 4354.99
0.441815 4325.87
0.447964 4278.21
0.454126 4338.29
0.460267 4298.46
0.466387 4292.63
0.47254 4292.1
0.478662 4245.7
0.484765 4215.91
0.490885 4210.01
0.497035 4223.67
0.503198 4183.54
0.509342 4210.96
0.515458 4149.06
0.521598 4130.25
0.527764 4165.74
0.533884 4138.4
0.54 4162.47
0.546137 4141.52
0.552299 4130.07
0.558452 4127.72
0.564573 4144.65
0.570708 4141.81
0.576825 4095.39
0.582926 4096.94
0.589034 4097.36
0.595184 4115.71
0.601379 4069.4
0.607522 4093.51
0.613639 4044.32
0.619772 4041.52
0.625918 4044.44
0.632068 4027.75
0.638161 4043.91
0.6443 4021.51
0.650464 3996.28
0.656582 4004.2
0.662703 3986.84
0.668861 3998.36
0.675024 3973.47
0.681124 3985.38
0.687237 3979.21
0.693381 3977.47
0.699536 3953.57
0.705665 3975.82
0.711789 3954.14
0.717957 3958.21
0.72409 3968.19
0.730186 3979.6
0.736317 3952.98
0.742472 3924.38
0.748622 3960.9
0.75476 3940.55
0.760888 3943.57
0.767043 3925.88
0.773185 3939.95
0.779291 3940.52
0.785407 3922.81
0.791564 3947.47
0.797719 3893.8
0.803834 3903.03
0.809972 3913.76
0.816124 3912.88
0.822261 3913.41
0.828378 3895.15
0.834502 3909.98
0.840667 3915.49
0.846816 3904.07
0.852925 3900.9
0.859047 3895.49
0.865192 3890.35
0.871341 3876.48
0.877463 3905.84
0.883569 3889.48
0.889708 3895.88
0.895864 3885.91
0.902008 3901.36
0.908149 3889.11
0.914301 3867.62
0.920448 3856.24
0.926574 3865.92
0.932687 3883.16
0.938823 3866.65
0.944975 3862.21
0.951105 3879.13
0.957225 3853.52
0.963368 3859.08
0.969511 3862.44
0.975621 3858.36
0.981748 3850.87
0.987916 3841.22
0.99406 3839.41
1.00019 3849.87
1.00632 3847.56
1.01246 3844.98
1.01859 3833.97
1.02471 3817.9
1.03085 3831.27
1.03698 3815.94
1.04314 3847.26
1.04929 3819.04
1.05541 3812.71
1.06154 3797.77
1.06769 3800.92
1.07382 3804.31
1.07993 3784.52
1.08607 3792.76
1.09222 3792.5
1.09836 3791.65
1.10449 3774.42
1.11063 3785.11
1.11677 3782.85
1.1229 3784.79
1.12903 3779.94
1.13518 3766.87
1.14131 3769.16
1.14745 3764.41
1.15359 3769.26
1.15973 3766.93
1.16584 3750.83
1.17197 3747.51
1.17811 3752.11
1.18424 3747.77
1.19038 3736.89
1.19652 3729.62
1.20267 3725.23
1.20881 3724.77
1.21495 3721.39
1.22108 3704.75
1.2272 3721.8
1.23334 3707.63
1.23949 3703.05
1.24562 3697.88
1.25174 3685.72
1.25789 3689.53
1.26402 3689.43
1.27014 3687.69
1.27628 3674.08
1.28244 3673.81
1.28858 3663.94
1.29471 3669.57
1.30084 3658.29
1.30697 3651.1
1.31312 3650.98
1.31925 3642.07
1.32537 3639.75
1.33151 3642.03
1.33765 3628.5
1.34378 3616.12
1.34992 3626.67
1.35606 3611.33
1.3622 3612.7
1.36833 3610.4
1.37445 3593.93
1.38059 3592.81
1.38675 3579.41
1.39288 3578.3
1.39901 3580.97
1.40515 3575.43
1.4113 3559.69
1.41742 3569.93
1.42355 3538.82
1.4297 3548.12
1.43585 3537.97
1.44198 3534.11
1.44809 3526.99
1.45423 3525.49
1.46036 3518.21
1.46649 3515.61
1.47263 3515.78
1.47877 3494.34
1.48491 3502.73
1.49104 3481.26
1.49718 3478.88
1.50333 3478.19
1.50947 3470.08
1.5156 3461.13
1.52172 3464.8
1.52787 3450.26
1.534 3443.63
1.54013 3451.52
1.54627 3447.58
1.55241 3430.31
1.55855 3419.05
1.56467 3423.69
1.5708 3420.62
