0.00783031 11.5828
0.013688 -21.6375
0.019231 -13.0965
0.0249154 9.1891
0.0312784 6.17294
0.0375637 2.53637
0.0433917 7.15408
0.0492413 6.96883
0.0555754 3.4486
0.0619321 9.24858
0.067871 7.29317
0.0738098 10.3417
0.0800417 8.42077
0.0862327 11.3558
0.0921407 9.74972
0.0982031 13.5034
0.104506 12.0311
0.110769 15.1227
0.116806 16.4696
0.122832 18.4661
0.129052 18.3193
0.135211 20.3664
0.141259 20.4693
0.147318 21.3646
0.153489 23.5505
0.159709 25.493
0.165845 24.5727
0.171974 26.2888
0.178125 25.0253
0.184229 26.6648
0.19034 27.8253
0.196428 29.2342
0.202534 29.9928
0.208729 29.6981
0.214876 31.0695
0.220989 32.8039
0.227147 33.6276
0.23329 33.1083
0.239377 35.011
0.245482 34.8291
0.251667 37.2261
0.257832 37.3259
0.263955 38.7872
0.270079 39.2592
0.27624 39.1044
0.282372 39.8214
0.28843 39.8655
0.294538 40.9194
0.300721 41.3534
0.30691 42.9234
0.313033 43.7378
0.319153 44.4132
0.325316 43.8432
0.33145 44.8277
0.337538 44.8794
0.343633 45.6866
0.349808 46.1631
0.355968 47.3356
0.362074 46.5828
0.368217 47.8611
0.374374 48.34
0.380519 48.4384
0.386598 49.3809
0.392688 49.7799
0.39888 51.1126
0.405048 50.3886
0.411186 51.2449
0.417313 51.4313
0.423458 51.55
0.429607 51.9625
0.435692 51.6457
0.441815 53.0121
0.447964 52.458
0.454126 52.996
0.460267 52.9161
0.466387 54.4044
0.47254 53.3376
0.478662 54.2056
0.484765 54.8673
0.490885 55.6095
0.497035 55.0588
0.503198 55.7464
0.509342 54.8729
0.515458 55.2551
0.521598 56.4123
0.527764 56.2415
0.533884 56.9218
0.54 56.9631
0.546137 56.3059
0.552299 56.7001
0.558452 57.215
0.564573 57.354
0.570708 58.5209
0.576825 57.7996
0.582926 58.3047
0.589034 58.1676
0.595184 57.9531
0.601379 57.5025
0.607522 58.484
0.613639 59.0249
0.619772 58.5477
0.625918 58.5345
0.632068 59.2397
0.638161 58.799
0.6443 58.3937
0.650464 58.352
0.656582 58.3707
0.662703 58.8258
0.668861 58.1267
0.675024 58.7535
0.681124 58.914
0.687237 58.7156
0.693381 58.7535
0.699536 59.1096
0.705665 58.4869
0.711789 57.8895
0.717957 58.3893
0.72409 58.186
0.730186 58.1986
0.736317 58.1819
0.742472 58.6276
0.748622 57.0468
0.75476 57.7875
0.760888 57.6566
0.767043 57.3787
0.773185 58.4154
0.779291 57.3181
0.785407 57.3401
0.791564 56.8607
0.797719 56.5029
0.803834 56.484
0.809972 56.2211
0.816124 57.2191
0.822261 56.2894
0.828378 55.8859
0.834502 56.7111
0.840667 55.3777
0.846816 55.6699
0.852925 55.5155
0.859047 54.6747
0.865192 55.1754
0.871341 54.0816
0.877463 54.3894
0.883569 54.4941
0.889708 53.9891
0.895864 53.9923
0.902008 53.7425
0.908149 53.3529
0.914301 53.0398
0.920448 53.0193
0.926574 52.5401
0.932687 52.5936
0.938823 52.3692
0.944975 51.7886
0.951105 51.5928
0.957225 51.6205
0.963368 51.2607
0.969511 50.9319
0.975621 50.5866
0.981748 50.2342
0.987916 50.0375
0.99406 49.5392
1.00019 49.8123
1.00632 49.2319
1.01246 48.7257
1.01859 48.7498
1.02471 48.1885
1.03085 48.0733
1.03698 47.8986
1.04314 47.1669
1.04929 47.1155
1.05541 47.0988
1.06154 47.0221
1.06769 46.4453
1.07382 46.0117
1.07993 46.2694
1.08607 45.735
1.09222 45.6174
1.09836 45.2034
1.10449 44.7291
1.11063 44.8347
1.11677 44.3094
1.1229 43.9838
1.12903 43.8182
1.13518 43.1548
1.14131 43.5213
1.14745 43
1.15359 42.5518
1.15973 42.3926
1.16584 41.9302
1.17197 41.7055
1.17811 41.6366
1.18424 41.3585
1.19038 41.0641
1.19652 40.8772
1.20267 40.2946
1.20881 40.0306
1.21495 39.8597
1.22108 39.5875
1.2272 39.3203
1.23334 38.841
1.23949 38.9043
1.24562 38.3355
1.25174 38.2491
1.25789 38.1887
1.26402 38.0367
1.27014 37.8924
1.27628 37.3178
1.28244 37.1595
1.28858 37.2465
1.29471 36.7048
1.30084 36.6648
1.30697 36.1017
1.31312 36.3388
1.31925 35.9486
1.32537 35.518
1.33151 35.3315
1.33765 35.3561
1.34378 35.0911
1.34992 34.4813
1.35606 34.1447
1.3622 34.2378
1.36833 34.2494
1.37445 33.6142
1.38059 33.1901
1.38675 33.5103
1.39288 33.0248
1.39901 33.3672
1.40515 32.81
1.4113 32.7711
1.41742 32.4371
1.42355 32.3058
1.4297 32.1156
1.43585 31.9946
1.44198 31.6045
1.44809 31.2028
1.45423 31.2284
1.46036 31.2097
1.46649 30.8387
1.47263 30.781
1.47877 30.6461
1.48491 30.4486
1.49104 30.3205
1.49718 30.0324
1.50333 29.9847
1.50947 29.4692
1.5156 29.5994
1.52172 29.2521
1.52787 29.2065
1.534 28.8504
1.54013 28.51
1.54627 28.619
1.55241 28.3902
1.55855 28.4258
1.56467 27.9663
1.5708 27.8774
