0.00783031 -972.838
0.013688 -113.379
0.019231 -34.5333
0.0249154 -1375.25
0.0312784 232.175
0.0375637 -27.1768
0.0433917 -326.485
0.0492413 222.545
0.0555754 -146.702
0.0619321 -253.097
0.067871 -279.653
0.0738098 -178.161
0.0800417 -212.656
0.0862327 62.7835
0.0921407 -29.2901
0.0982031 -187.829
0.104506 -170.244
0.110769 -207.034
0.116806 -307.583
0.122832 -234.385
0.129052 -201.633
0.135211 -183.61
0.141259 -270.179
0.147318 -212.547
0.153489 -310.861
0.159709 -231.392
0.165845 -228.798
0.171974 -272.656
0.178125 -229.736
0.184229 -232.117
0.19034 -245.044
0.196428 -231.214
0.202534 -221.935
0.208729 -206.724
0.214876 -227.783
0.220989 -247.464
0.227147 -228.533
0.23329 -236.673
0.239377 -236.55
0.245482 -224.537
0.251667 -205.626
0.257832 -216.2
0.263955 -230.326
0.270079 -223.245
0.27624 -210.842
0.282372 -220.221
0.28843 -217.618
0.294538 -225.788
0.300721 -222.243
0.30691 -225.187
0.313033 -209.567
0.319153 -205.956
0.325316 -213.753
0.33145 -203.54
0.337538 -211.964
0.343633 -207.679
0.349808 -201.367
0.355968 -208.823
0.362074 -199.09
0.368217 -199.507
0.374374 -198.761
0.380519 -197.187
0.386598 -196.716
0.392688 -197.106
0.39888 -198.111
0.405048 -196.012
0.411186 -193.093
0.417313 -193.489
0.423458 -192.097
0.429607 -189.728
0.435692 -186.548
0.441815 -187.372
0.447964 -186.35
0.454126 -185.425
0.460267 -183.286
0.466387 -185.676
0.47254 -183.667
0.478662 -184.036
0.484765 -175.857
0.490885 -177.362
0.497035 -182.478
0.503198 -179.444
0.509342 -176.251
0.515458 -177.74
0.521598 -176.105
0.527764 -172.324
0.533884 -175.939
0.54 -169.805
0.546137 -169.588
0.552299 -167.127
0.558452 -171.851
0.564573 -176.568
0.570708 -167.75
0.576825 -169.031
0.582926 -165.94
0.589034 -166.385
0.595184 -161.574
0.601379 -161.951
0.607522 -164.392
0.613639 -163.645
0.619772 -163.1
0.625918 -158.726
0.632068 -161.676
0.638161 -157.541
0.6443 -156.854
0.650464 -156.775
0.656582 -156.731
0.662703 -157.074
0.668861 -157.867
0.675024 -154.188
0.681124 -154.986
0.687237 -155.64
0.693381 -151.833
0.699536 -151.965
0.705665 -150.565
0.711789 -150.092
0.717957 -148.46
0.72409 -148.524
0.730186 -147.191
0.736317 -149.805
0.742472 -145.577
0.748622 -146.39
0.75476 -144.537
0.760888 -147.348
0.767043 -142.803
0.773185 -142.501
0.779291 -143.969
0.785407 -143.309
0.791564 -143.908
0.797719 -141.306
0.803834 -140.582
0.809972 -139.573
0.816124 -139.505
0.822261 -138.548
0.828378 -139.197
0.834502 -138.737
0.840667 -137.483
0.846816 -137.066
0.852925 -137.308
0.859047 -137.746
0.865192 -133.93
0.871341 -134.42
0.877463 -134.962
0.883569 -133.847
0.889708 -133.334
0.895864 -133.231
0.902008 -130.28
0.908149 -131.83
0.914301 -130.766
0.920448 -131.187
0.926574 -129.744
0.932687 -129.079
0.938823 -128.819
0.944975 -127.746
0.951105 -127.99
0.957225 -128.042
0.963368 -125.464
0.969511 -126.871
0.975621 -126.269
0.981748 -125.21
0.987916 -124.806
0.99406 -123.624
1.00019 -122.303
1.00632 -122.034
1.01246 -121.279
1.01859 -119.575
1.02471 -121.925
1.03085 -119.779
1.03698 -118.889
1.04314 -119.541
1.04929 -118.474
1.05541 -118.563
1.06154 -117.177
1.06769 -116.19
1.07382 -117.549
1.07993 -116.463
1.08607 -114.9
1.09222 -113.117
1.09836 -114.367
1.10449 -113.873
1.11063 -113.025
1.11677 -113.209
1.1229 -113.263
1.12903 -112.185
1.13518 -112.304
1.14131 -111.202
1.14745 -111.088
1.15359 -110.771
1.15973 -108.813
1.16584 -109.361
1.17197 -108.78
1.17811 -108.103
1.18424 -107.921
1.19038 -107.8
1.19652 -107.068
1.20267 -106.589
1.20881 -105.708
1.21495 -104.609
1.22108 -104.267
1.2272 -104.074
1.23334 -103.267
1.23949 -103.248
1.24562 -101.967
1.25174 -102.276
1.25789 -101.109
1.26402 -101.487
1.27014 -100.546
1.27628 -99.7098
1.28244 -99.5391
1.28858 -98.5233
1.29471 -98.2454
1.30084 -97.1048
1.30697 -97.5542
1.31312 -96.6769
1.31925 -97.1292
1.32537 -97.0987
1.33151 -95.8155
1.33765 -96.529
1.34378 -94.0932
1.34992 -94.4702
1.35606 -94.5576
1.3622 -93.4637
1.36833 -94.1019
1.37445 -93.4906
1.38059 -92.5674
1.38675 -91.6835
1.39288 -91.6632
1.39901 -91.536
1.40515 -90.1945
1.4113 -91.0569
1.41742 -90.4663
1.42355 -89.3983
1.4297 -89.8474
1.43585 -89.031
1.44198 -87.7209
1.44809 -87.8396
1.45423 -87.087
1.46036 -87.1268
1.46649 -86.8041
1.47263 -85.6899
1.47877 -85.3243
1.48491 -85.2164
1.49104 -84.2209
1.49718 -84.7416
1.50333 -84.2718
1.50947 -83.6636
1.5156 -83.175
1.52172 -82.6441
1.52787 -82.609
1.534 -81.7929
1.54013 -81.377
1.54627 -80.8999
1.55241 -81.272
1.55855 -79.8382
1.56467 -80.5669
1.5708 -79.3682
