0.00783031 4875.94
0.013688 3205.2
0.019231 3657.66
0.0249154 3627.5
0.0312784 3284.05
0.0375637 2894.29
0.0433917 2726.19
0.0492413 2788.04
0.0555754 2512.06
0.0619321 2384.7
0.067871 2243.23
0.0738098 2248.16
0.0800417 1909
0.0862327 1860.49
0.0921407 1842.96
0.0982031 1744.88
0.104506 1620.07
0.110769 1559.99
0.116806 1480.78
0.122832 1420.1
0.129052 1356.91
0.135211 1328.99
0.141259 1317.63
0.147318 1219.08
0.153489 1193.89
0.159709 1131.96
0.165845 1115.32
0.171974 1084.28
0.178125 1029.49
0.184229 987.446
0.19034 981.856
0.196428 941.832
0.202534 917.464
0.208729 888.697
0.214876 865.98
0.220989 846.448
0.227147 801.516
0.23329 806.141
0.239377 794.834
0.245482 762.828
0.251667 738.302
0.257832 717.755
0.263955 703.444
0.270079 691.798
0.27624 673.083
0.282372 653.708
0.28843 644.2
0.294538 625.653
0.300721 630.103
0.30691 607.181
0.313033 588.306
0.319153 589.045
0.325316 569.161
0.33145 561.301
0.337538 547.302
0.343633 538.476
0.349808 526.02
0.355968 521.881
0.362074 512.868
0.368217 503.127
0.374374 493
0.380519 483.632
0.386598 476.955
0.392688 468.718
0.39888 455.787
0.405048 452.297
0.411186 448.172
0.417313 443.412
0.423458 435.748
0.429607 430.862
0.435692 424.705
0.441815 418.429
0.447964 407.8
0.454126 402.18
0.460267 397.808
0.466387 391.44
0.47254 385.794
0.478662 380.563
0.484765 376.69
0.490885 372.979
0.497035 371.93
0.503198 361.898
0.509342 359.262
0.515458 353.878
0.521598 353.912
0.527764 348.055
0.533884 340.815
0.54 337.462
0.546137 332.889
0.552299 330.84
0.558452 326.395
0.564573 324.031
0.570708 318.098
0.576825 313.398
0.582926 314.125
0.589034 309.025
0.595184 306.9
0.601379 301.936
0.607522 301.499
0.613639 295.608
0.619772 295.61
0.625918 291.529
0.632068 289.38
0.638161 286.041
0.6443 284.143
0.650464 280.886
0.656582 278.156
0.662703 275.45
0.668861 272.423
0.675024 270.972
0.681124 268.719
0.687237 265.808
0.693381 263.657
0.699536 261.351
0.705665 258.796
0.711789 256.684
0.717957 252.871
0.72409 252.01
0.730186 249.638
0.736317 248.813
0.742472 245.573
0.748622 244.707
0.75476 242.249
0.760888 240.634
0.767043 238.037
0.773185 237.692
0.779291 236.17
0.785407 232.405
0.791564 231.426
0.797719 229.972
0.803834 227.871
0.809972 227.791
0.816124 225.724
0.822261 222.189
0.828378 220.698
0.834502 219.503
0.840667 219.482
0.846816 217.524
0.852925 215.906
0.859047 214.745
0.865192 213.368
0.871341 210.642
0.877463 210.015
0.883569 208.933
0.889708 207.563
0.895864 207.368
0.902008 205.572
0.908149 203.565
0.914301 202.583
0.920448 201.447
0.926574 200.396
0.932687 199.134
0.938823 197.759
0.944975 197.344
0.951105 195.794
0.957225 194.781
0.963368 192.977
0.969511 193.21
0.975621 192.342
0.981748 190.202
0.987916 189.157
0.99406 188.116
1.00019 187.566
1.00632 185.844
1.01246 185.814
1.01859 183.751
1.02471 183.338
1.03085 182.696
1.03698 181.257
1.04314 180.69
1.04929 179.78
1.05541 179.144
1.06154 178.334
1.06769 177.126
1.07382 176.566
1.07993 175.804
1.08607 174.969
1.09222 173.732
1.09836 173.067
1.10449 172.196
1.11063 171.764
1.11677 170.286
1.1229 169.935
1.12903 169.719
1.13518 168.403
1.14131 167.446
1.14745 166.976
1.15359 166.542
1.15973 165.778
1.16584 164.767
1.17197 164.132
1.17811 163.783
1.18424 163.087
1.19038 162.212
1.19652 161.517
1.20267 161.045
1.20881 160.036
1.21495 160.221
1.22108 159.732
1.2272 158.244
1.23334 158.176
1.23949 158.199
1.24562 157.176
1.25174 156.008
1.25789 155.664
1.26402 155.143
1.27014 154.092
1.27628 154.258
1.28244 153.712
1.28858 152.851
1.29471 152.054
1.30084 152.025
1.30697 151.162
1.31312 150.602
1.31925 149.901
1.32537 149.451
1.33151 149.248
1.33765 148.833
1.34378 148.373
1.34992 147.831
1.35606 147.448
1.3622 146.691
1.36833 146.173
1.37445 145.778
1.38059 145.482
1.38675 144.607
1.39288 143.635
1.39901 143.822
1.40515 143.337
1.4113 142.753
1.41742 142.723
1.42355 142.179
1.4297 141.513
1.43585 141.706
1.44198 141.164
1.44809 139.868
1.45423 140.055
1.46036 139.845
1.46649 139.509
1.47263 139.035
1.47877 138.92
1.48491 137.995
1.49104 137.326
1.49718 137.131
1.50333 136.848
1.50947 136.756
1.5156 136.132
1.52172 135.579
1.52787 135.108
1.534 134.946
1.54013 134.813
1.54627 134.143
1.55241 134.077
1.55855 133.669
1.56467 133.066
1.5708 133.281
