0.00783031 -1771.83
0.013688 -306.013
0.019231 1168.01
0.0249154 1484.42
0.0312784 -876.861
0.0375637 -802.04
0.0433917 -111.404
0.0492413 -74.8808
0.0555754 -73.2485
0.0619321 -158.261
0.067871 -206.64
0.0738098 -324.456
0.0800417 -238.428
0.0862327 -318.777
0.0921407 -168.453
0.0982031 -222.495
0.104506 -266.88
0.110769 -173.863
0.116806 -110.658
0.122832 -291.241
0.129052 -190.344
0.135211 -250.285
0.141259 -279.485
0.147318 -238.445
0.153489 -266.964
0.159709 -228.748
0.165845 -262.661
0.171974 -250.571
0.178125 -250.155
0.184229 -193.791
0.19034 -267.782
0.196428 -244.941
0.202534 -263.372
0.208729 -224.696
0.214876 -239.513
0.220989 -247.143
0.227147 -229.562
0.23329 -239.769
0.239377 -224.734
0.245482 -235.494
0.251667 -234.596
0.257832 -206.163
0.263955 -244.142
0.270079 -227.896
0.27624 -219.622
0.282372 -226.976
0.28843 -220.03
0.294538 -220.918
0.300721 -215.56
0.30691 -209.971
0.313033 -217.174
0.319153 -205.4
0.325316 -205.953
0.33145 -219.487
0.337538 -210.641
0.343633 -204.534
0.349808 -196.127
0.355968 -217.366
0.362074 -203.704
0.368217 -193.079
0.374374 -202.668
0.380519 -193.001
0.386598 -196.062
0.392688 -200.307
0.39888 -201.099
0.405048 -198.089
0.411186 -195.449
0.417313 -195.719
0.423458 -194.639
0.429607 -192.465
0.435692 -190.034
0.441815 -194.527
0.447964 -184.32
0.454126 -188.07
0.460267 -177.954
0.466387 -175.315
0.47254 -181.464
0.478662 -175.8
0.484765 -178.095
0.490885 -180.87
0.497035 -179.807
0.503198 -175.252
0.509342 -176.388
0.515458 -174.778
0.521598 -175.817
0.527764 -172.82
0.533884 -175.646
0.54 -171.29
0.546137 -168.062
0.552299 -170.442
0.558452 -170.539
0.564573 -169.487
0.570708 -166.58
0.576825 -166.043
0.582926 -165.18
0.589034 -167.938
0.595184 -168.396
0.601379 -164.545
0.607522 -165.278
0.613639 -162.675
0.619772 -162.961
0.625918 -162.087
0.632068 -160.448
0.638161 -158.641
0.6443 -161.077
0.650464 -159.297
0.656582 -158.627
0.662703 -157.416
0.668861 -154.405
0.675024 -155.999
0.681124 -154.384
0.687237 -152.286
0.693381 -152.985
0.699536 -152.074
0.705665 -151.709
0.711789 -152.06
0.717957 -151.218
0.72409 -150.172
0.730186 -148.188
0.736317 -148.118
0.742472 -143.956
0.748622 -148.064
0.75476 -145.747
0.760888 -145.421
0.767043 -144.901
0.773185 -145.285
0.779291 -143.891
0.785407 -143.148
0.791564 -143.524
0.797719 -140.909
0.803834 -141.941
0.809972 -140.715
0.816124 -138.897
0.822261 -138.106
0.828378 -136.608
0.834502 -136.501
0.840667 -137.134
0.846816 -137.072
0.852925 -135.216
0.859047 -135.805
0.865192 -134.929
0.871341 -133.091
0.877463 -133.731
0.883569 -132.647
0.889708 -134.573
0.895864 -134.878
0.902008 -131.624
0.908149 -131.513
0.914301 -129.101
0.920448 -129.159
0.926574 -128.388
0.932687 -128.84
0.938823 -128.921
0.944975 -128.313
0.951105 -127.518
0.957225 -125.585
0.963368 -124.879
0.969511 -125.868
0.975621 -123.895
0.981748 -124.566
0.987916 -123.252
0.99406 -123.427
1.00019 -122.597
1.00632 -122.149
1.01246 -122.257
1.01859 -120.533
1.02471 -120.246
1.03085 -121.113
1.03698 -118.407
1.04314 -118.214
1.04929 -120.018
1.05541 -117.69
1.06154 -118.097
1.06769 -116.625
1.07382 -116.459
1.07993 -116.704
1.08607 -115.747
1.09222 -114.917
1.09836 -114.083
1.10449 -114.02
1.11063 -113.993
1.11677 -113.031
1.1229 -112.697
1.12903 -113.336
1.13518 -111.229
1.14131 -111.364
1.14745 -111.149
1.15359 -110.068
1.15973 -109.928
1.16584 -110.095
1.17197 -108.395
1.17811 -108.413
1.18424 -107.991
1.19038 -107.502
1.19652 -106.014
1.20267 -105.643
1.20881 -105.168
1.21495 -105.923
1.22108 -104.705
1.2272 -103.453
1.23334 -103.305
1.23949 -103.505
1.24562 -102.226
1.25174 -102.736
1.25789 -100.45
1.26402 -101.61
1.27014 -99.7437
1.27628 -100.57
1.28244 -99.0122
1.28858 -99.5753
1.29471 -98.1598
1.30084 -98.4468
1.30697 -96.9566
1.31312 -96.8785
1.31925 -97.8823
1.32537 -96.2722
1.33151 -96.1865
1.33765 -95.7699
1.34378 -95.1382
1.34992 -94.8383
1.35606 -93.8677
1.3622 -94.4762
1.36833 -93.4776
1.37445 -92.4457
1.38059 -92.5715
1.38675 -91.2496
1.39288 -91.4879
1.39901 -90.8487
1.40515 -90.784
1.4113 -89.4671
1.41742 -89.3109
1.42355 -88.884
1.4297 -88.5499
1.43585 -88.6359
1.44198 -88.3223
1.44809 -87.0296
1.45423 -87.3834
1.46036 -87.46
1.46649 -85.7452
1.47263 -85.3023
1.47877 -85.0087
1.48491 -85.0898
1.49104 -84.1361
1.49718 -84.6436
1.50333 -84.1292
1.50947 -83.4468
1.5156 -82.7587
1.52172 -82.2189
1.52787 -81.3085
1.534 -80.6106
1.54013 -81.7481
1.54627 -80.1844
1.55241 -80.4266
1.55855 -80.0964
1.56467 -78.9479
1.5708 -79.7634
