#  k  (h/Mpc)          P(k)  (Mpc/h)^3     P_linear(k)   P_NL(k) (Mpc/h)^3
     0.00783031         20412.5         20513.5           20402 
       0.013688         25097.6         25365.8         25170.4 
       0.019231         25340.5         25635.4         25378.2 
      0.0249154         23177.8         23617.7         23341.1 
      0.0312784         20294.6         20361.8         20072.2 
      0.0375637         16778.3         17287.6         17029.1 
      0.0433917         14576.2         15046.4         14768.3 
      0.0492413         12983.2         13439.5         13172.6 
      0.0555754           11753         12280.2         12034.8 
      0.0619321           11103         11423.3         11182.2 
       0.067871         10163.7         10674.3         10455.7 
      0.0738098         9386.93         9842.08         9530.37 
      0.0800417         8701.97         8856.08         8604.23 
      0.0862327         7779.14         7841.33          7739.8 
      0.0921407         6923.71         6940.55         6884.81 
      0.0982031         6181.24         6164.83         6243.98 
       0.104506         5372.03         5561.75         5737.32 
       0.110769         5342.29         5155.89         5263.08 
       0.116806         4940.19         4889.47         4964.46 
       0.122832         4709.24         4677.07         4752.13 
       0.129052          4518.6         4453.97         4522.27 
       0.135211         4348.45         4193.92         4269.83 
       0.141259         3993.86         3896.12         4050.54 
       0.147318         3656.24         3576.26         3807.16 
       0.153489         3442.07          3260.5         3472.32 
       0.159709         3364.31         2982.04         3265.67 
       0.165845         3197.29         2764.14         3130.37 
       0.171974         2977.77         2604.93         2961.41 
       0.178125         2903.59          2488.7         2879.78 
       0.184229         2783.74          2396.6         2743.09 
        0.19034         2656.82         2308.28         2640.78 
       0.196428         2566.46         2211.01            2533 
       0.202534         2451.41         2098.34         2448.32 
       0.208729         2386.79         1971.83          2315.9 
       0.214876         2227.22         1845.05         2253.38 
       0.220989         2146.57         1727.42         2179.44 
       0.227147         2085.11          1625.3         2105.71 
        0.23329         2039.31          1542.2         2040.86 
       0.239377         1956.37         1476.79         1962.14 
       0.245482         1902.04         1423.17         1881.11 
       0.251667            1824         1374.77          1839.5 
       0.257832         1790.05         1326.38         1781.24 
       0.263955         1755.28         1274.55         1732.73 
       0.270079         1690.42         1218.63         1683.96 
        0.27624         1621.75         1160.63         1632.19 
       0.282372         1607.14         1104.16         1604.22 
        0.28843         1577.33         1052.29         1569.55 
       0.294538         1538.86         1005.98         1521.93 
       0.300721         1491.03         965.772         1476.82 
        0.30691         1456.28         931.185         1457.29 
       0.313033         1428.71         900.669         1412.21 
       0.319153         1397.19         871.904         1373.99 
       0.325316         1376.46         843.127         1354.28 
        0.33145          1343.7         813.802         1308.65 
       0.337538         1299.35         783.968         1289.04 
       0.343633         1282.91         754.209         1273.23 
       0.349808          1262.5         725.137         1252.72 
       0.355968         1234.92         698.007         1228.96 
       0.362074         1211.54         673.396         1205.73 
       0.368217         1185.76         651.053         1177.75 
       0.374374          1171.4         630.664         1155.05 
       0.380519         1147.61         611.687         1134.08 
       0.386598         1130.42         593.734         1119.14 
       0.392688         1110.85         576.093         1099.03 
        0.39888          1095.6         558.266         1080.83 
       0.405048         1075.18         540.636         1062.65 
       0.411186         1061.35         523.443         1045.26 
       0.417313         1035.78         506.946         1032.01 
       0.423458         1030.13         491.257         1012.47 
       0.429607         1009.43         476.511         996.142 
       0.435692          1001.4         462.871         974.373 
       0.441815         975.109          450.01         971.353 
       0.447964         967.768         437.712         961.022 
       0.454126         948.655         425.821         934.613 
       0.460267         945.527         414.316         932.964 
       0.466387         935.571         403.106         917.372 
        0.47254         916.108         392.064         904.495 
       0.478662         907.401          381.36         891.387 
       0.484765         892.237         371.082         882.092 
       0.490885         876.699         361.225         865.542 
       0.497035         869.423         351.758         858.122 
       0.503198         858.484         342.709         848.092 
       0.509342         842.831         334.099         833.605 
       0.515458         832.116         325.875         827.949 
       0.521598         832.033         317.898         819.807 
       0.527764         814.191         310.109         812.946 
       0.533884         809.083         302.587         804.268 
           0.54          796.49         295.284         794.874 
       0.546137          794.07         288.166         786.409 
       0.552299         784.391         281.241         775.648 
       0.558452         774.121         274.572         769.557 
       0.564573         773.439         268.183         762.401 
       0.570708         753.677         262.019         752.148 
       0.576825         748.217         256.088         743.076 
       0.582926         743.473         250.362         738.298 
       0.589034         729.869           244.8         728.032 
       0.595184         727.933         239.361         720.603 
       0.601379         722.549         234.048         714.925 
       0.607522         708.126         228.943         704.237 
       0.613639         697.141         224.008         701.679 
       0.619772         696.797         219.199         699.531 
       0.625918         686.702         214.523           690.2 
       0.632068         681.575         209.989         686.291 
       0.638161         674.752          205.63         676.345 
         0.6443         666.538         201.363         670.277 
       0.650464         662.398         197.204         662.339 
       0.656582         657.245         193.195         658.243 
       0.662703         648.243         189.299         653.513 
       0.668861         643.284         185.491         650.291 
       0.675024          638.47         181.786         645.456 
       0.681124         631.691         178.221         636.687 
       0.687237         625.812         174.746         631.235 
       0.693381         619.596         171.349         625.446 
       0.699536         614.561         168.039         621.256 
       0.705665         607.873         164.831         613.993 
       0.711789         606.616         161.707         609.356 
       0.717957         597.093         158.644         608.165 
        0.72409           594.4         155.679         602.232 
       0.730186         590.685          152.81         595.922 
       0.736317         581.252         150.001         592.075 
       0.742472         578.099         147.254         588.343 
       0.748622         574.877         144.576          582.11 
        0.75476         571.116         141.968         582.029 
       0.760888         563.396         139.429           575.8 
       0.767043         560.552         136.944         568.615 
       0.773185         552.213         134.528         565.263 
       0.779291         553.263         132.185         560.659 
       0.785407         546.386         129.892         557.459 
       0.791564         540.228         127.639         555.564 
       0.797719          534.51         125.442         550.541 
       0.803834          531.79         123.312         546.859 
       0.809972         528.222         121.224         543.072 
       0.816124         521.278         119.178         537.397 
       0.822261         517.366         117.186         534.604 
       0.828378         514.499         115.246         530.669 
       0.834502         511.778         113.351         528.875 
       0.840667          507.97         111.487         524.891 
       0.846816         501.312         109.669         520.762 
       0.852925         501.171         107.902         517.784 
       0.859047         493.626          106.17         513.104 
       0.865192         489.944          104.47         510.016 
       0.871341         486.871         102.807         506.384 
       0.877463         483.116         101.188         503.432 
       0.883569         478.305           99.61          501.27 
       0.889708         475.559         98.0585         496.524 
       0.895864         472.452         96.5361         493.723 
       0.902008         470.001         95.0488         490.433 
       0.908149          466.22         93.5935         485.377 
       0.914301         460.211         92.1665         481.772 
       0.920448         458.582         90.7712         480.905 
       0.926574         453.717         89.4101         477.962 
       0.932687         449.297         88.0802         473.294 
       0.938823          447.02         86.7728         471.922 
       0.944975          445.47         85.4889         469.073 
       0.951105         443.156         84.2354         465.903 
       0.957225         435.081          83.009         462.655 
       0.963368         434.163         81.8028         459.815 
       0.969511         430.327         80.6209         456.807 
       0.975621         428.338         79.4694         454.319 
       0.981748          422.64          78.338          451.84 
       0.987916         420.454         77.2216         449.355 
        0.99406         417.183         76.1311         446.431 
        1.00019         413.978         75.0638         442.652 
        1.00632         410.181          74.018         440.061 
        1.01246         408.514         72.9909          437.43 
        1.01859         406.532         71.9852          434.69 
        1.02471         400.105         71.0001         432.302 
        1.03085         397.979         70.0302         430.831 
        1.03698         395.431         69.0805           429.1 
        1.04314         394.041         68.1442         425.571 
        1.04929         391.167          67.227         422.131 
        1.05541         386.319         66.3297         419.711 
        1.06154         385.314         65.4464         417.619 
        1.06769         379.667         64.5783         414.608 
        1.07382         378.468         63.7301         411.904 
        1.07993         376.553         62.9005         410.011 
        1.08607         372.496         62.0832         407.479 
        1.09222          368.51         61.2799         405.191 
        1.09836         367.358         60.4912         403.296 
        1.10449         364.505         59.7167         401.712 
        1.11063         360.135         58.9542         398.537 
        1.11677         358.926         58.2047         396.423 
         1.1229          357.72         57.4691         393.804 
        1.12903         353.162         56.7453          392.03 
        1.13518         349.717         56.0336         388.783 
        1.14131         347.849          55.335         387.644 
        1.14745         346.293         54.6494         384.581 
        1.15359         344.153         53.9759         383.382 
        1.15973          340.49          53.314         381.089 
        1.16584         339.873         52.6667         379.054 
        1.17197         336.705         52.0295         377.377 
        1.17811         333.702         51.4006         374.629 
        1.18424         330.939         50.7833         372.402 
        1.19038         327.654         50.1735          371.22 
        1.19652         326.291         49.5734         368.291 
        1.20267           323.9         48.9833         366.436 
        1.20881         319.722         48.4039         364.926 
        1.21495         318.994         47.8363         362.286 
        1.22108         316.252         47.2789         359.992 
         1.2272         314.631         46.7319         359.043 
        1.23334         311.113         46.1919         356.657 
        1.23949         308.986         45.6581         354.756 
        1.24562         308.686         45.1334         352.657 
        1.25174         305.209         44.6172         351.084 
        1.25789         302.867         44.1075         348.822 
        1.26402          301.03         43.6069         347.609 
        1.27014         298.491         43.1155         345.363 
        1.27628          296.49         42.6304         344.248 
        1.28244         294.248         42.1518         342.606 
        1.28858         291.953         41.6809         340.478 
        1.29471         289.729         41.2183         337.991 
        1.30084         287.208         40.7632         335.917 
        1.30697          286.16         40.3146         334.856 
        1.31312         282.222         39.8726         333.135 
        1.31925         281.216          39.439         331.159 
        1.32537         278.525         39.0126          329.19 
        1.33151         277.216         38.5911         327.926 
        1.33765         274.271         38.1759         326.362 
        1.34378         273.139         37.7675         324.073 
        1.34992         270.833         37.3645         322.575 
        1.35606         269.496         36.9663         320.656 
         1.3622         266.899         36.5745         319.517 
        1.36833         264.685         36.1891         318.305 
        1.37445         263.223         35.8094         315.793 
        1.38059         261.504          35.434         314.721 
        1.38675          259.65         35.0633         313.396 
        1.39288         257.158         34.6997         311.251 
        1.39901         255.883         34.3416         309.548 
        1.40515         254.604          33.988         308.017 
         1.4113         251.558         33.6394         306.267 
        1.41742         250.429         33.2967          304.59 
        1.42355         248.743         32.9578         303.438 
         1.4297         246.409         32.6223         301.328 
        1.43585         245.651         32.2915         300.584 
        1.44198         243.061         31.9668         298.765 
        1.44809         241.928         31.6477         297.196 
        1.45423         239.609         31.3323         295.329 
        1.46036         237.647         31.0223         294.105 
        1.46649         235.639         30.7165         292.844 
        1.47263         235.105         30.4145         291.054 
        1.47877          232.43         30.1163         289.253 
        1.48491         230.902         29.8212         287.663 
        1.49104         229.524         29.5304         286.676 
        1.49718         227.405          29.243         285.836 
        1.50333          227.02         28.9588         283.551 
        1.50947         224.502         28.6791         282.096 
         1.5156         222.825         28.4036         281.309 
        1.52172         221.443          28.132         279.836 
        1.52787         219.727         27.8635         278.436 
          1.534           217.3         27.5991         276.889 
        1.54013         216.268         27.3387         275.619 
        1.54627         215.356         27.0814         274.639 
        1.55241         214.262         26.8275         273.375 
        1.55855         212.772         26.5771         271.725 
        1.56467         210.703         26.3303         270.203 
         1.5708         209.371         26.0858         268.894 
