#  k  (h/Mpc)          P(k)  (Mpc/h)^3     P_linear(k)   P_NL(k) (Mpc/h)^3
     0.00783031         20382.5         20513.5           20402 
       0.013688         25163.8         25365.8         25170.4 
       0.019231         25290.5         25635.4         25378.2 
      0.0249154         23721.1         23617.7         23341.1 
      0.0312784           20294         20361.8         20072.2 
      0.0375637         17138.7         17287.6         17029.1 
      0.0433917         14426.4         15046.4         14768.3 
      0.0492413         13148.8         13439.5         13172.6 
      0.0555754         12158.2         12280.2         12034.8 
      0.0619321         10745.3         11423.3         11182.2 
       0.067871         10431.7         10674.3         10455.7 
      0.0738098          9399.4         9842.08         9530.37 
      0.0800417         8603.04         8856.08         8604.23 
      0.0862327         7443.64         7841.33          7739.8 
      0.0921407         6839.55         6940.55         6884.81 
      0.0982031         6219.86         6164.83         6243.98 
       0.104506         5892.96         5561.75         5737.32 
       0.110769         5314.33         5155.89         5263.08 
       0.116806         4889.74         4889.47         4964.46 
       0.122832         4738.69         4677.07         4752.13 
       0.129052         4400.46         4453.97         4522.27 
       0.135211          4310.3         4193.92         4269.83 
       0.141259         4150.38         3896.12         4050.54 
       0.147318         3675.69         3576.26         3807.16 
       0.153489         3505.84          3260.5         3472.32 
       0.159709         3224.77         2982.04         3265.67 
       0.165845         3092.47         2764.14         3130.37 
       0.171974         2942.84         2604.93         2961.41 
       0.178125         2835.98          2488.7         2879.78 
       0.184229         2737.02          2396.6         2743.09 
        0.19034         2658.33         2308.28         2640.78 
       0.196428         2465.23         2211.01            2533 
       0.202534         2432.69         2098.34         2448.32 
       0.208729         2320.51         1971.83          2315.9 
       0.214876         2203.18         1845.05         2253.38 
       0.220989         2137.23         1727.42         2179.44 
       0.227147          2029.4          1625.3         2105.71 
        0.23329         1998.19          1542.2         2040.86 
       0.239377         1913.85         1476.79         1962.14 
       0.245482         1858.92         1423.17         1881.11 
       0.251667          1843.2         1374.77          1839.5 
       0.257832         1790.16         1326.38         1781.24 
       0.263955          1703.7         1274.55         1732.73 
       0.270079         1688.56         1218.63         1683.96 
        0.27624         1619.27         1160.63         1632.19 
       0.282372         1571.79         1104.16         1604.22 
        0.28843          1530.7         1052.29         1569.55 
       0.294538         1518.11         1005.98         1521.93 
       0.300721         1451.13         965.772         1476.82 
        0.30691         1416.54         931.185         1457.29 
       0.313033         1385.33         900.669         1412.21 
       0.319153         1358.97         871.904         1373.99 
       0.325316         1336.48         843.127         1354.28 
        0.33145         1312.21         813.802         1308.65 
       0.337538         1262.46         783.968         1289.04 
       0.343633         1248.57         754.209         1273.23 
       0.349808         1204.41         725.137         1252.72 
       0.355968         1199.35         698.007         1228.96 
       0.362074         1181.89         673.396         1205.73 
       0.368217          1152.5         651.053         1177.75 
       0.374374         1129.15         630.664         1155.05 
       0.380519         1115.09         611.687         1134.08 
       0.386598         1084.23         593.734         1119.14 
       0.392688         1071.47         576.093         1099.03 
        0.39888         1062.08         558.266         1080.83 
       0.405048         1034.32         540.636         1062.65 
       0.411186          1016.8         523.443         1045.26 
       0.417313         1003.31         506.946         1032.01 
       0.423458         986.341         491.257         1012.47 
       0.429607         964.858         476.511         996.142 
       0.435692          964.64         462.871         974.373 
       0.441815         942.045          450.01         971.353 
       0.447964         927.448         437.712         961.022 
       0.454126         911.196         425.821         934.613 
       0.460267         906.343         414.316         932.964 
       0.466387         889.986         403.106         917.372 
        0.47254         877.332         392.064         904.495 
       0.478662         862.639          381.36         891.387 
       0.484765         850.149         371.082         882.092 
       0.490885          841.38         361.225         865.542 
       0.497035         826.251         351.758         858.122 
       0.503198         813.419         342.709         848.092 
       0.509342         810.062         334.099         833.605 
       0.515458         798.711         325.875         827.949 
       0.521598         792.469         317.898         819.807 
       0.527764         779.269         310.109         812.946 
       0.533884         770.024         302.587         804.268 
           0.54          762.67         295.284         794.874 
       0.546137         748.408         288.166         786.409 
       0.552299         743.388         281.241         775.648 
       0.558452         736.438         274.572         769.557 
       0.564573         722.022         268.183         762.401 
       0.570708         719.777         262.019         752.148 
       0.576825         706.761         256.088         743.076 
       0.582926         703.559         250.362         738.298 
       0.589034         696.655           244.8         728.032 
       0.595184         689.535         239.361         720.603 
       0.601379          681.87         234.048         714.925 
       0.607522         670.392         228.943         704.237 
       0.613639         666.857         224.008         701.679 
       0.619772         660.462         219.199         699.531 
       0.625918          647.04         214.523           690.2 
       0.632068         645.968         209.989         686.291 
       0.638161          640.14          205.63         676.345 
         0.6443         630.819         201.363         670.277 
       0.650464         623.148         197.204         662.339 
       0.656582         620.329         193.195         658.243 
       0.662703         611.697         189.299         653.513 
       0.668861         610.215         185.491         650.291 
       0.675024         605.209         181.786         645.456 
       0.681124          595.64         178.221         636.687 
       0.687237          590.14         174.746         631.235 
       0.693381         581.539         171.349         625.446 
       0.699536         579.607         168.039         621.256 
       0.705665         577.792         164.831         613.993 
       0.711789         570.564         161.707         609.356 
       0.717957         563.919         158.644         608.165 
        0.72409         558.066         155.679         602.232 
       0.730186         555.233          152.81         595.922 
       0.736317         547.559         150.001         592.075 
       0.742472         545.321         147.254         588.343 
       0.748622         539.048         144.576          582.11 
        0.75476         533.749         141.968         582.029 
       0.760888         530.223         139.429           575.8 
       0.767043         523.054         136.944         568.615 
       0.773185         519.447         134.528         565.263 
       0.779291         516.037         132.185         560.659 
       0.785407         514.815         129.892         557.459 
       0.791564         507.288         127.639         555.564 
       0.797719         500.716         125.442         550.541 
       0.803834          496.48         123.312         546.859 
       0.809972         492.572         121.224         543.072 
       0.816124         489.508         119.178         537.397 
       0.822261         483.522         117.186         534.604 
       0.828378         478.451         115.246         530.669 
       0.834502         476.487         113.351         528.875 
       0.840667         469.258         111.487         524.891 
       0.846816         468.057         109.669         520.762 
       0.852925         466.795         107.902         517.784 
       0.859047         460.228          106.17         513.104 
       0.865192         459.081          104.47         510.016 
       0.871341         453.858         102.807         506.384 
       0.877463         450.051         101.188         503.432 
       0.883569         443.791           99.61          501.27 
       0.889708         439.518         98.0585         496.524 
       0.895864         438.377         96.5361         493.723 
       0.902008         433.615         95.0488         490.433 
       0.908149         432.211         93.5935         485.377 
       0.914301         427.739         92.1665         481.772 
       0.920448         422.376         90.7712         480.905 
       0.926574         419.522         89.4101         477.962 
       0.932687          417.97         88.0802         473.294 
       0.938823         413.906         86.7728         471.922 
       0.944975         408.811         85.4889         469.073 
       0.951105         404.415         84.2354         465.903 
       0.957225         404.388          83.009         462.655 
       0.963368         398.875         81.8028         459.815 
       0.969511         396.791         80.6209         456.807 
       0.975621         395.738         79.4694         454.319 
       0.981748         390.139          78.338          451.84 
       0.987916         388.511         77.2216         449.355 
        0.99406         385.791         76.1311         446.431 
        1.00019         381.424         75.0638         442.652 
        1.00632         378.083          74.018         440.061 
        1.01246         375.623         72.9909          437.43 
        1.01859         372.008         71.9852          434.69 
        1.02471         371.308         71.0001         432.302 
        1.03085         365.296         70.0302         430.831 
        1.03698         365.088         69.0805           429.1 
        1.04314          361.36         68.1442         425.571 
        1.04929         356.717          67.227         422.131 
        1.05541         356.402         66.3297         419.711 
        1.06154         353.268         65.4464         417.619 
        1.06769          347.73         64.5783         414.608 
        1.07382         348.372         63.7301         411.904 
        1.07993         346.042         62.9005         410.011 
        1.08607         342.436         62.0832         407.479 
        1.09222         339.021         61.2799         405.191 
        1.09836         337.107         60.4912         403.296 
        1.10449          335.26         59.7167         401.712 
        1.11063          333.13         58.9542         398.537 
        1.11677         328.904         58.2047         396.423 
         1.1229         327.551         57.4691         393.804 
        1.12903         324.851         56.7453          392.03 
        1.13518         321.166         56.0336         388.783 
        1.14131         319.109          55.335         387.644 
        1.14745         316.569         54.6494         384.581 
        1.15359          314.98         53.9759         383.382 
        1.15973         310.958          53.314         381.089 
        1.16584         309.633         52.6667         379.054 
        1.17197         306.169         52.0295         377.377 
        1.17811         305.796         51.4006         374.629 
        1.18424         302.735         50.7833         372.402 
        1.19038          299.32         50.1735          371.22 
        1.19652         297.539         49.5734         368.291 
        1.20267         295.577         48.9833         366.436 
        1.20881         293.818         48.4039         364.926 
        1.21495         291.204         47.8363         362.286 
        1.22108         288.833         47.2789         359.992 
         1.2272         287.162         46.7319         359.043 
        1.23334         283.927         46.1919         356.657 
        1.23949         282.352         45.6581         354.756 
        1.24562         280.799         45.1334         352.657 
        1.25174         277.948         44.6172         351.084 
        1.25789         276.009         44.1075         348.822 
        1.26402         273.286         43.6069         347.609 
        1.27014          271.68         43.1155         345.363 
        1.27628         269.018         42.6304         344.248 
        1.28244         267.716         42.1518         342.606 
        1.28858         265.246         41.6809         340.478 
        1.29471         263.332         41.2183         337.991 
        1.30084         261.053         40.7632         335.917 
        1.30697         259.977         40.3146         334.856 
        1.31312         257.988         39.8726         333.135 
        1.31925         255.984          39.439         331.159 
        1.32537          253.34         39.0126          329.19 
        1.33151         250.399         38.5911         327.926 
        1.33765         250.219         38.1759         326.362 
        1.34378         247.806         37.7675         324.073 
        1.34992         245.674         37.3645         322.575 
        1.35606         244.104         36.9663         320.656 
         1.3622         242.039         36.5745         319.517 
        1.36833          240.14         36.1891         318.305 
        1.37445          238.32         35.8094         315.793 
        1.38059         236.737          35.434         314.721 
        1.38675         234.633         35.0633         313.396 
        1.39288         233.453         34.6997         311.251 
        1.39901         231.661         34.3416         309.548 
        1.40515         229.144          33.988         308.017 
         1.4113         228.165         33.6394         306.267 
        1.41742         225.284         33.2967          304.59 
        1.42355         223.818         32.9578         303.438 
         1.4297          222.26         32.6223         301.328 
        1.43585         220.758         32.2915         300.584 
        1.44198         218.868         31.9668         298.765 
        1.44809         217.406         31.6477         297.196 
        1.45423         216.315         31.3323         295.329 
        1.46036         214.546         31.0223         294.105 
        1.46649         212.513         30.7165         292.844 
        1.47263         210.769         30.4145         291.054 
        1.47877         209.946         30.1163         289.253 
        1.48491         207.617         29.8212         287.663 
        1.49104         206.757         29.5304         286.676 
        1.49718         205.145          29.243         285.836 
        1.50333          203.73         28.9588         283.551 
        1.50947         201.293         28.6791         282.096 
         1.5156         200.422         28.4036         281.309 
        1.52172         198.829          28.132         279.836 
        1.52787         197.492         27.8635         278.436 
          1.534         195.915         27.5991         276.889 
        1.54013         193.716         27.3387         275.619 
        1.54627          192.95         27.0814         274.639 
        1.55241          190.77         26.8275         273.375 
        1.55855          190.33         26.5771         271.725 
        1.56467         188.319         26.3303         270.203 
         1.5708         186.576         26.0858         268.894 
