0.00783031 2341.88
0.013688 -221.56
0.019231 518.847
0.0249154 -1078.42
0.0312784 -948.332
0.0375637 129.488
0.0433917 338.631
0.0492413 199.551
0.0555754 -114.526
0.0619321 -33.428
0.067871 -216.699
0.0738098 -82.9508
0.0800417 106.67
0.0862327 -157.526
0.0921407 -164.578
0.0982031 -120.766
0.104506 -213.354
0.110769 -233.006
0.116806 -231.933
0.122832 -155.208
0.129052 -134.993
0.135211 -210.076
0.141259 -229.716
0.147318 -187.158
0.153489 -148.479
0.159709 -194.179
0.165845 -195.974
0.171974 -168.069
0.178125 -174.35
0.184229 -196.534
0.19034 -183.716
0.196428 -164.723
0.202534 -158.567
0.208729 -190.334
0.214876 -196.575
0.220989 -188.948
0.227147 -168.7
0.23329 -149.007
0.239377 -180.173
0.245482 -177.431
0.251667 -167.248
0.257832 -175.119
0.263955 -173.662
0.270079 -203.004
0.27624 -174.303
0.282372 -179.985
0.28843 -164.236
0.294538 -182.593
0.300721 -152.907
0.30691 -166.239
0.313033 -172.991
0.319153 -168.651
0.325316 -168.296
0.33145 -167.566
0.337538 -161.437
0.343633 -164.048
0.349808 -161.799
0.355968 -153.192
0.362074 -167.134
0.368217 -165.754
0.374374 -157.05
0.380519 -149.907
0.386598 -162.097
0.392688 -152.813
0.39888 -157.198
0.405048 -155.949
0.411186 -152.752
0.417313 -149.927
0.423458 -150.559
0.429607 -151.514
0.435692 -147.954
0.441815 -150.155
0.447964 -146.97
0.454126 -144.301
0.460267 -147.357
0.466387 -144.349
0.47254 -146.352
0.478662 -143.893
0.484765 -143.971
0.490885 -145.122
0.497035 -140.391
0.503198 -139.285
0.509342 -140.558
0.515458 -138.369
0.521598 -145.258
0.527764 -135.093
0.533884 -138.582
0.54 -139.345
0.546137 -134.917
0.552299 -138.576
0.558452 -135.686
0.564573 -135.917
0.570708 -136.47
0.576825 -131.273
0.582926 -132.811
0.589034 -132.437
0.595184 -134.718
0.601379 -136.626
0.607522 -130.822
0.613639 -131.532
0.619772 -131.938
0.625918 -131.254
0.632068 -131.972
0.638161 -132.949
0.6443 -127.183
0.650464 -127.868
0.656582 -130.253
0.662703 -126.436
0.668861 -127.713
0.675024 -128.751
0.681124 -127.661
0.687237 -126.958
0.693381 -127.928
0.699536 -126.428
0.705665 -128.489
0.711789 -128.831
0.717957 -125.387
0.72409 -127.486
0.730186 -123.863
0.736317 -126.722
0.742472 -125.144
0.748622 -124.779
0.75476 -123.533
0.760888 -124.31
0.767043 -120.145
0.773185 -125.444
0.779291 -123.736
0.785407 -123.145
0.791564 -125.48
0.797719 -123.464
0.803834 -120.468
0.809972 -121.035
0.816124 -122.42
0.822261 -121.771
0.828378 -119.394
0.834502 -119.267
0.840667 -117.151
0.846816 -118.037
0.852925 -118.493
0.859047 -118.841
0.865192 -118.678
0.871341 -119.727
0.877463 -117.609
0.883569 -116.271
0.889708 -118.436
0.895864 -117.977
0.902008 -116.641
0.908149 -116.928
0.914301 -117.354
0.920448 -115.212
0.926574 -116.255
0.932687 -116.714
0.938823 -116.675
0.944975 -114.445
0.951105 -114.294
0.957225 -115.6
0.963368 -114.41
0.969511 -115.856
0.975621 -114.359
0.981748 -114.546
0.987916 -114.463
0.99406 -114.748
1.00019 -114.397
1.00632 -112.608
1.01246 -111.571
1.01859 -113.433
1.02471 -113.522
1.03085 -111.388
1.03698 -112.167
1.04314 -112.036
1.04929 -113.038
1.05541 -111.726
1.06154 -113.058
1.06769 -110.178
1.07382 -111.361
1.07993 -112.855
1.08607 -111.135
1.09222 -109.581
1.09836 -110.486
1.10449 -111.809
1.11063 -109.494
1.11677 -109.36
1.1229 -109.31
1.12903 -111.517
1.13518 -110.644
1.14131 -109.574
1.14745 -108.473
1.15359 -109.969
1.15973 -108.422
1.16584 -106.418
1.17197 -107.904
1.17811 -107.621
1.18424 -107.996
1.19038 -107.468
1.19652 -107
1.20267 -107.314
1.20881 -106.855
1.21495 -107.03
1.22108 -105.695
1.2272 -106.811
1.23334 -106.897
1.23949 -106.068
1.24562 -105.126
1.25174 -105.737
1.25789 -105.048
1.26402 -104.83
1.27014 -105.37
1.27628 -104.59
1.28244 -103.926
1.28858 -104.644
1.29471 -104.629
1.30084 -103.89
1.30697 -103.626
1.31312 -103.688
1.31925 -103.853
1.32537 -102.817
1.33151 -103.031
1.33765 -103.063
1.34378 -103.588
1.34992 -102.817
1.35606 -102.145
1.3622 -102.318
1.36833 -101.526
1.37445 -101.931
1.38059 -100.857
1.38675 -100.481
1.39288 -100.853
1.39901 -101.142
1.40515 -99.866
1.4113 -100.038
1.41742 -100.261
1.42355 -99.7422
1.4297 -98.9557
1.43585 -99.623
1.44198 -98.7623
1.44809 -98.8384
1.45423 -98.4915
1.46036 -98.6475
1.46649 -98.0906
1.47263 -97.2901
1.47877 -98.2424
1.48491 -97.8599
1.49104 -97.5736
1.49718 -97.059
1.50333 -97.2131
1.50947 -96.4219
1.5156 -96.6525
1.52172 -96.2757
1.52787 -95.9327
1.534 -95.8039
1.54013 -95.3373
1.54627 -95.1846
1.55241 -94.8341
1.55855 -94.7251
1.56467 -94.3908
1.5708 -94.1746
