0.00783031 20461.6
0.013688 25279.5
0.019231 25369.3
0.0249154 24008.4
0.0312784 20510.3
0.0375637 17421.2
0.0433917 14691.6
0.0492413 13386.7
0.0555754 12460.2
0.0619321 11015.8
0.067871 10832.6
0.0738098 9781.32
0.0800417 9024.16
0.0862327 7842.11
0.0921407 7255.23
0.0982031 6663.5
0.104506 6341.89
0.110769 5757.09
0.116806 5332.11
0.122832 5183.23
0.129052 4845.88
0.135211 4769.89
0.141259 4637.66
0.147318 4126.42
0.153489 3973.7
0.159709 3672.29
0.165845 3557.25
0.171974 3388.05
0.178125 3292.08
0.184229 3192.87
0.19034 3123.24
0.196428 2904.62
0.202534 2893.59
0.208729 2768.1
0.214876 2654.49
0.220989 2587.11
0.227147 2469.04
0.23329 2444.98
0.239377 2351.24
0.245482 2294.5
0.251667 2293.59
0.257832 2236.63
0.263955 2138.01
0.270079 2129.97
0.27624 2056.21
0.282372 2004.52
0.28843 1957.09
0.294538 1949.74
0.300721 1872.17
0.30691 1838.54
0.313033 1805.51
0.319153 1777.3
0.325316 1757.72
0.33145 1731.93
0.337538 1673.02
0.343633 1662.04
0.349808 1609.34
0.355968 1610.25
0.362074 1591.18
0.368217 1557.97
0.374374 1534.15
0.380519 1520.81
0.386598 1484.32
0.392688 1473.54
0.39888 1464.85
0.405048 1431.17
0.411186 1410.92
0.417313 1396.9
0.423458 1378.03
0.429607 1353.25
0.435692 1356.84
0.441815 1329.34
0.447964 1314.05
0.454126 1294.4
0.460267 1291.57
0.466387 1273
0.47254 1255.42
0.478662 1241.82
0.484765 1226.21
0.490885 1216.07
0.497035 1198.45
0.503198 1184.3
0.509342 1182.04
0.515458 1168.52
0.521598 1161.93
0.527764 1146.78
0.533884 1134.87
0.54 1129.11
0.546137 1109.37
0.552299 1105.25
0.558452 1098.65
0.564573 1079.64
0.570708 1078.48
0.576825 1061.22
0.582926 1059.75
0.589034 1052.67
0.595184 1043.43
0.601379 1034.47
0.607522 1019.53
0.613639 1016.82
0.619772 1008.99
0.625918 990.998
0.632068 991.704
0.638161 985.069
0.6443 972.323
0.650464 963.563
0.656582 960.406
0.662703 949.902
0.668861 948.866
0.675024 943.73
0.681124 930.317
0.687237 924.348
0.693381 912.247
0.699536 911.457
0.705665 909.965
0.711789 900.531
0.717957 892.084
0.72409 884.591
0.730186 881.874
0.736317 870.818
0.742472 869.888
0.748622 861.272
0.75476 854.088
0.760888 850.653
0.767043 841.009
0.773185 836.426
0.779291 832.691
0.785407 831.775
0.791564 821.68
0.797719 812.54
0.803834 806.86
0.809972 802.114
0.816124 798.391
0.822261 790.172
0.828378 783.128
0.834502 781.54
0.840667 771.234
0.846816 770.43
0.852925 769.242
0.859047 760.223
0.865192 759.369
0.871341 752.508
0.877463 746.975
0.883569 738.338
0.889708 732.268
0.895864 731.454
0.902008 724.563
0.908149 723.425
0.914301 717.521
0.920448 710.047
0.926574 705.91
0.932687 704.441
0.938823 698.918
0.944975 691.304
0.951105 685.459
0.957225 686.292
0.963368 678.021
0.969511 675.351
0.975621 674.885
0.981748 666.348
0.987916 664.79
0.99406 661.239
1.00019 654.794
1.00632 650.181
1.01246 646.525
1.01859 641.553
1.02471 641.216
1.03085 632.036
1.03698 632.471
1.04314 626.91
1.04929 619.823
1.05541 620.519
1.06154 616.027
1.06769 607.358
1.07382 609.499
1.07993 606.489
1.08607 600.675
1.09222 595.951
1.09836 593.336
1.10449 591.078
1.11063 588.289
1.11677 581.569
1.1229 579.928
1.12903 576.742
1.13518 570.752
1.14131 567.642
1.14745 564.151
1.15359 562.074
1.15973 555.849
1.16584 554.357
1.17197 548.586
1.17811 548.933
1.18424 544.518
1.19038 539.06
1.19652 536.418
1.20267 534.085
1.20881 531.451
1.21495 527.7
1.22108 524.133
1.2272 521.654
1.23334 516.449
1.23949 514.608
1.24562 512.364
1.25174 508.103
1.25789 505.156
1.26402 500.819
1.27014 498.731
1.27628 494.666
1.28244 492.824
1.28858 489.006
1.29471 486.323
1.30084 482.686
1.30697 481.31
1.31312 478.414
1.31925 475.409
1.32537 471.18
1.33151 466.52
1.33765 466.611
1.34378 462.883
1.34992 459.487
1.35606 457.291
1.3622 454.074
1.36833 451.179
1.37445 448.305
1.38059 446.024
1.38675 442.606
1.39288 440.936
1.39901 438.396
1.40515 434.173
1.4113 433.002
1.41742 428.081
1.42355 425.655
1.4297 423.57
1.43585 421.407
1.44198 418.382
1.44809 415.951
1.45423 414.702
1.46036 411.973
1.46649 408.395
1.47263 405.7
1.47877 404.717
1.48491 400.856
1.49104 399.681
1.49718 396.971
1.50333 394.896
1.50947 390.709
1.5156 389.332
1.52172 386.987
1.52787 384.953
1.534 382.399
1.54013 378.532
1.54627 377.529
1.55241 373.733
1.55855 373.616
1.56467 370.027
1.5708 367.087
