0.00783031 -7.70476
0.013688 1.23502
0.019231 -8.29935
0.0249154 4.10859
0.0312784 4.64597
0.0375637 -6.24352
0.0433917 -0.648838
0.0492413 -3.57139
0.0555754 1.17722
0.0619321 3.76395
0.067871 7.33787
0.0738098 -5.65343
0.0800417 -0.420113
0.0862327 1.38928
0.0921407 2.10665
0.0982031 -0.555995
0.104506 4.80143
0.110769 2.77409
0.116806 3.90035
0.122832 4.15987
0.129052 6.24107
0.135211 -3.50541
0.141259 0.831502
0.147318 -0.228542
0.153489 2.67586
0.159709 4.34841
0.165845 3.02166
0.171974 -2.57516
0.178125 -0.52468
0.184229 1.71733
0.19034 2.22216
0.196428 -0.47115
0.202534 -0.386167
0.208729 -0.411343
0.214876 -0.150908
0.220989 -1.45086
0.227147 1.56973
0.23329 2.05467
0.239377 0.656053
0.245482 0.308907
0.251667 1.08732
0.257832 -4.5763
0.263955 0.344822
0.270079 0.406439
0.27624 -3.27709
0.282372 -1.78697
0.28843 -0.511556
0.294538 -0.531496
0.300721 -0.0820059
0.30691 -2.79827
0.313033 -2.46764
0.319153 -2.08652
0.325316 -3.11894
0.33145 -4.07263
0.337538 -1.71957
0.343633 -4.97067
0.349808 -3.67543
0.355968 -3.88399
0.362074 -4.08199
0.368217 -4.33993
0.374374 -4.14075
0.380519 -3.80969
0.386598 -7.55973
0.392688 -6.75093
0.39888 -6.22712
0.405048 -5.90604
0.411186 -6.41713
0.417313 -7.20424
0.423458 -6.46026
0.429607 -7.78693
0.435692 -6.74428
0.441815 -9.44
0.447964 -9.03108
0.454126 -10.9234
0.460267 -10.7266
0.466387 -7.33972
0.47254 -10.9023
0.478662 -13.4511
0.484765 -10.5156
0.490885 -11.2505
0.497035 -10.5301
0.503198 -13.9851
0.509342 -12.4784
0.515458 -12.7085
0.521598 -11.6385
0.527764 -14.4447
0.533884 -14.135
0.54 -12.1019
0.546137 -12.3289
0.552299 -11.7814
0.558452 -16.7629
0.564573 -14.4042
0.570708 -16.9766
0.576825 -16.0596
0.582926 -15.012
0.589034 -16.2159
0.595184 -16.1913
0.601379 -18.6824
0.607522 -16.2098
0.613639 -18.2709
0.619772 -16.9035
0.625918 -17.1276
0.632068 -18.1521
0.638161 -17.0392
0.6443 -17.9151
0.650464 -15.8926
0.656582 -17.5874
0.662703 -18.9587
0.668861 -18.6814
0.675024 -18.8209
0.681124 -18.4283
0.687237 -20.3586
0.693381 -20.9938
0.699536 -22.15
0.705665 -21.8893
0.711789 -20.3994
0.717957 -22.3934
0.72409 -21.8827
0.730186 -22.2825
0.736317 -23.653
0.742472 -23.3163
0.748622 -22.5746
0.75476 -24.0835
0.760888 -22.5884
0.767043 -25.8188
0.773185 -23.2888
0.779291 -24.3916
0.785407 -23.2396
0.791564 -24.1407
0.797719 -23.0649
0.803834 -25.6215
0.809972 -25.6345
0.816124 -24.2268
0.822261 -25.598
0.828378 -25.6219
0.834502 -23.2134
0.840667 -25.7457
0.846816 -26.0039
0.852925 -26.3129
0.859047 -24.5364
0.865192 -27.8914
0.871341 -28.9114
0.877463 -26.7873
0.883569 -26.5296
0.889708 -28.2357
0.895864 -27.1931
0.902008 -27.8455
0.908149 -25.971
0.914301 -27.5368
0.920448 -29.9703
0.926574 -29.3275
0.932687 -27.8562
0.938823 -27.8295
0.944975 -27.9638
0.951105 -28.943
0.957225 -32.9079
0.963368 -29.2178
0.969511 -29.3357
0.975621 -29.5668
0.981748 -29.1703
0.987916 -29.8274
0.99406 -31.957
1.00019 -30.7106
1.00632 -29.4103
1.01246 -29.3537
1.01859 -30.2322
1.02471 -31.212
1.03085 -31.4012
1.03698 -31.2635
1.04314 -29.8516
1.04929 -31.7475
1.05541 -32.3722
1.06154 -30.3055
1.06769 -31.8116
1.07382 -30.9042
1.07993 -31.9833
1.08607 -32.5355
1.09222 -32.6031
1.09836 -33.4507
1.10449 -33.2095
1.11063 -32.2258
1.11677 -33.1042
1.1229 -33.9436
1.12903 -34.1425
1.13518 -31.2551
1.14131 -33.4384
1.14745 -33.1539
1.15359 -34.0443
1.15973 -34.0765
1.16584 -34.2339
1.17197 -33.0113
1.17811 -32.53
1.18424 -32.9927
1.19038 -34.6685
1.19652 -34.4064
1.20267 -35.5294
1.20881 -34.3759
1.21495 -33.195
1.22108 -35.7779
1.2272 -34.4363
1.23334 -36.0618
1.23949 -34.7294
1.24562 -35.4705
1.25174 -36.1177
1.25789 -36.5363
1.26402 -36.8158
1.27014 -35.576
1.27628 -36.5087
1.28244 -36.5269
1.28858 -36.3369
1.29471 -37.2219
1.30084 -37.8339
1.30697 -39.337
1.31312 -35.4172
1.31925 -36.2738
1.32537 -36.616
1.33151 -38.1527
1.33765 -39.7953
1.34378 -39.4121
1.34992 -38.4872
1.35606 -38.6367
1.3622 -38.584
1.36833 -38.5656
1.37445 -37.3503
1.38059 -39.8628
1.38675 -38.5678
1.39288 -39.4964
1.39901 -39.3529
1.40515 -39.0715
1.4113 -39.1389
1.41742 -40.4477
1.42355 -39.4115
1.4297 -39.9887
1.43585 -39.5162
1.44198 -40.4292
1.44809 -38.9546
1.45423 -39.401
1.46036 -39.7551
1.46649 -41.4646
1.47263 -41.0713
1.47877 -40.9869
1.48491 -41.6635
1.49104 -41.1923
1.49718 -41.497
1.50333 -40.3772
1.50947 -42.2882
1.5156 -41.7008
1.52172 -43.3715
1.52787 -41.9436
1.534 -40.9145
1.54013 -42.722
1.54627 -42.6989
1.55241 -42.1764
1.55855 -41.8826
1.56467 -42.5613
1.5708 -42.8738
