0.00783031 226.338
0.013688 -400.386
0.019231 394.418
0.0249154 -141.801
0.0312784 -229.115
0.0375637 70.2757
0.0433917 -67.3893
0.0492413 -72.645
0.0555754 -241.473
0.0619321 -416.724
0.067871 -350.455
0.0738098 -128.84
0.0800417 -152.136
0.0862327 -81.06
0.0921407 -275.792
0.0982031 -188.881
0.104506 -220.881
0.110769 -143.762
0.116806 -127.132
0.122832 -202.36
0.129052 -229.858
0.135211 -179.223
0.141259 -181.817
0.147318 -180.121
0.153489 -221.943
0.159709 -200.621
0.165845 -171.731
0.171974 -176.169
0.178125 -174.96
0.184229 -168.899
0.19034 -186.044
0.196428 -180.562
0.202534 -181.27
0.208729 -157.339
0.214876 -156.374
0.220989 -141.598
0.227147 -180.979
0.23329 -161.667
0.239377 -167.151
0.245482 -163.432
0.251667 -149.555
0.257832 -146.538
0.263955 -146.277
0.270079 -152.689
0.27624 -148.883
0.282372 -135.413
0.28843 -143.618
0.294538 -141.633
0.300721 -141.888
0.30691 -150.087
0.313033 -139.097
0.319153 -129.163
0.325316 -138.565
0.33145 -134.568
0.337538 -129.636
0.343633 -129.297
0.349808 -126.309
0.355968 -122.806
0.362074 -124.938
0.368217 -123.786
0.374374 -118.015
0.380519 -123.077
0.386598 -124.485
0.392688 -113.068
0.39888 -119.603
0.405048 -115.852
0.411186 -109.233
0.417313 -114.099
0.423458 -114.193
0.429607 -108.059
0.435692 -110.673
0.441815 -111.172
0.447964 -110.645
0.454126 -105.892
0.460267 -105.246
0.466387 -107.47
0.47254 -103.152
0.478662 -105.999
0.484765 -103.879
0.490885 -100.558
0.497035 -101.726
0.503198 -101.16
0.509342 -98.8865
0.515458 -102.636
0.521598 -97.4708
0.527764 -95.7396
0.533884 -95.2403
0.54 -94.8973
0.546137 -95.2882
0.552299 -94.6723
0.558452 -96.087
0.564573 -94.2093
0.570708 -89.7479
0.576825 -91.6277
0.582926 -90.7641
0.589034 -89.4917
0.595184 -91.792
0.601379 -89.1987
0.607522 -88.1823
0.613639 -86.7299
0.619772 -86.7616
0.625918 -86.6823
0.632068 -86.4196
0.638161 -84.9529
0.6443 -85.3114
0.650464 -83.4895
0.656582 -82.2051
0.662703 -80.974
0.668861 -83.053
0.675024 -82.2101
0.681124 -80.1548
0.687237 -80.7233
0.693381 -79.6918
0.699536 -79.4082
0.705665 -79.4
0.711789 -77.3762
0.717957 -76.8561
0.72409 -77.8075
0.730186 -76.9359
0.736317 -76.5864
0.742472 -75.175
0.748622 -76.812
0.75476 -74.7546
0.760888 -73.5802
0.767043 -73.6522
0.773185 -73.4873
0.779291 -73.0157
0.785407 -72.2123
0.791564 -72.5041
0.797719 -71.6308
0.803834 -71.3352
0.809972 -70.5051
0.816124 -71.8245
0.822261 -70.2823
0.828378 -69.4136
0.834502 -69.5283
0.840667 -68.5312
0.846816 -68.0767
0.852925 -67.8274
0.859047 -67.4305
0.865192 -67.6874
0.871341 -66.718
0.877463 -65.6077
0.883569 -65.1477
0.889708 -65.3301
0.895864 -65.3372
0.902008 -64.4307
0.908149 -63.6002
0.914301 -64.8278
0.920448 -62.6691
0.926574 -62.845
0.932687 -61.738
0.938823 -61.3699
0.944975 -61.5149
0.951105 -61.9499
0.957225 -62.8994
0.963368 -60.6805
0.969511 -61.2529
0.975621 -60.4074
0.981748 -59.5268
0.987916 -59.1311
0.99406 -58.7275
1.00019 -58.9688
1.00632 -58.3706
1.01246 -57.8372
1.01859 -57.2376
1.02471 -57.1766
1.03085 -57.2592
1.03698 -56.7154
1.04314 -56.1864
1.04929 -56.3291
1.05541 -56.0459
1.06154 -54.9752
1.06769 -54.3332
1.07382 -54.4002
1.07993 -54.5203
1.08607 -53.9864
1.09222 -53.4054
1.09836 -54.0035
1.10449 -53.2827
1.11063 -53.0488
1.11677 -52.2694
1.1229 -52.7437
1.12903 -51.8488
1.13518 -51.7057
1.14131 -51.034
1.14745 -50.5497
1.15359 -50.8557
1.15973 -50.7482
1.16584 -50.3146
1.17197 -49.9432
1.17811 -49.3914
1.18424 -49.4012
1.19038 -49.0545
1.19652 -49.0808
1.20267 -48.2109
1.20881 -48.23
1.21495 -47.8221
1.22108 -46.789
1.2272 -47.1045
1.23334 -46.8984
1.23949 -46.5753
1.24562 -46.3816
1.25174 -46.3137
1.25789 -45.9229
1.26402 -45.838
1.27014 -44.935
1.27628 -45.2542
1.28244 -44.5797
1.28858 -44.0416
1.29471 -44.325
1.30084 -43.8295
1.30697 -43.8417
1.31312 -43.3066
1.31925 -43.1682
1.32537 -43.0214
1.33151 -43.088
1.33765 -42.9131
1.34378 -42.6955
1.34992 -42.049
1.35606 -41.688
1.3622 -41.5983
1.36833 -41.0103
1.37445 -40.7451
1.38059 -41.0036
1.38675 -40.1985
1.39288 -40.6214
1.39901 -40.1324
1.40515 -40.0008
1.4113 -39.5139
1.41742 -39.5379
1.42355 -38.9732
1.4297 -38.8282
1.43585 -38.664
1.44198 -38.53
1.44809 -38.0514
1.45423 -38.3097
1.46036 -37.8855
1.46649 -37.4907
1.47263 -37.3472
1.47877 -37.4571
1.48491 -37.0183
1.49104 -36.6523
1.49718 -36.3994
1.50333 -36.2142
1.50947 -36.2055
1.5156 -35.6802
1.52172 -35.8883
1.52787 -35.3516
1.534 -35.3444
1.54013 -35.4271
1.54627 -34.67
1.55241 -34.8223
1.55855 -34.6927
1.56467 -34.2351
1.5708 -34.0075
