0.00783031 4566.96
0.013688 6716.72
0.019231 5871.42
0.0249154 5858.49
0.0312784 5089.9
0.0375637 5522.18
0.0433917 4357.75
0.0492413 4641.14
0.0555754 3845.16
0.0619321 3833.23
0.067871 3632.16
0.0738098 3309.51
0.0800417 3151.34
0.0862327 3009.17
0.0921407 2837.76
0.0982031 2549.61
0.104506 2533.22
0.110769 2485.77
0.116806 2330.05
0.122832 2182.69
0.129052 2050.04
0.135211 2010.73
0.141259 1820.19
0.147318 1785.84
0.153489 1685.98
0.159709 1622.25
0.165845 1562.99
0.171974 1468.74
0.178125 1442.33
0.184229 1367.18
0.19034 1308.03
0.196428 1228.66
0.202534 1227.46
0.208729 1186.14
0.214876 1142.17
0.220989 1095.53
0.227147 1056.37
0.23329 1012.2
0.239377 990.538
0.245482 938.292
0.251667 947.558
0.257832 853.065
0.263955 863.917
0.270079 822.483
0.27624 800.731
0.282372 766.674
0.28843 755.102
0.294538 742.937
0.300721 718.945
0.30691 684.431
0.313033 665.177
0.319153 666
0.325316 641.374
0.33145 617.31
0.337538 593.877
0.343633 580.398
0.349808 562.554
0.355968 550.166
0.362074 526.87
0.368217 522.814
0.374374 512.487
0.380519 497.09
0.386598 482.588
0.392688 476.768
0.39888 464.188
0.405048 454.937
0.411186 442.34
0.417313 422.351
0.423458 411.958
0.429607 406.768
0.435692 389.554
0.441815 380.492
0.447964 366.636
0.454126 371.169
0.460267 357.105
0.466387 352.972
0.47254 343.693
0.478662 330.55
0.484765 322.889
0.490885 317.825
0.497035 306.528
0.503198 295.196
0.509342 294.515
0.515458 286.428
0.521598 282.841
0.527764 272.859
0.533884 272.11
0.54 264.125
0.546137 260.465
0.552299 252.341
0.558452 242.169
0.564573 235.322
0.570708 231.007
0.576825 227.777
0.582926 222.518
0.589034 217.266
0.595184 209.003
0.601379 205.447
0.607522 203.142
0.613639 199.156
0.619772 194.802
0.625918 193.392
0.632068 181.703
0.638161 177.449
0.6443 172.737
0.650464 172.671
0.656582 166.717
0.662703 160.573
0.668861 159.997
0.675024 152.39
0.681124 152.479
0.687237 147.436
0.693381 145.851
0.699536 140.224
0.705665 137.239
0.711789 134.901
0.717957 131.137
0.72409 122.256
0.730186 123.07
0.736317 118.563
0.742472 118.162
0.748622 110.833
0.75476 105.861
0.760888 109.732
0.767043 101.337
0.773185 100.97
0.779291 97.9642
0.785407 98.1562
0.791564 89.9638
0.797719 91.207
0.803834 85.9679
0.809972 83.0571
0.816124 79.6271
0.822261 78.3483
0.828378 76.2237
0.834502 74.7761
0.840667 72.3462
0.846816 69.872
0.852925 68.5964
0.859047 65.0185
0.865192 60.1061
0.871341 58.7792
0.877463 62.4566
0.883569 58.2716
0.889708 54.2826
0.895864 52.9281
0.902008 49.8958
0.908149 50.4181
0.914301 44.2723
0.920448 45.5036
0.926574 42.7714
0.932687 42.315
0.938823 40.7605
0.944975 37.6505
0.951105 34.9118
0.957225 28.7073
0.963368 31.2957
0.969511 28.1648
0.975621 27.4888
0.981748 29.3465
0.987916 25.8348
0.99406 22.9164
1.00019 20.5208
1.00632 17.6878
1.01246 19.5424
1.01859 17.8101
1.02471 15.8725
1.03085 12.5143
1.03698 12.064
1.04314 12.3569
1.04929 8.94503
1.05541 6.5957
1.06154 8.3851
1.06769 7.02919
1.07382 5.95484
1.07993 3.42588
1.08607 2.25873
1.09222 1.54296
1.09836 -2.43456
1.10449 -1.85265
1.11063 -2.87483
1.11677 -4.2708
1.1229 -6.56596
1.12903 -6.42587
1.13518 -6.02398
1.14131 -8.25015
1.14745 -8.02255
1.15359 -10.1705
1.15973 -11.3747
1.16584 -14.346
1.17197 -12.7918
1.17811 -12.992
1.18424 -15.3261
1.19038 -16.5847
1.19652 -17.1658
1.20267 -17.933
1.20881 -18.1383
1.21495 -18.6086
1.22108 -18.4926
1.2272 -20.3138
1.23334 -22.4823
1.23949 -21.7549
1.24562 -22.8069
1.25174 -24.3865
1.25789 -23.5215
1.26402 -25.9301
1.27014 -25.2636
1.27628 -27.6523
1.28244 -27.5612
1.28858 -26.2329
1.29471 -29.3297
1.30084 -27.9567
1.30697 -31.4887
1.31312 -29.8204
1.31925 -30.7824
1.32537 -31.6602
1.33151 -34.6244
1.33765 -35.3774
1.34378 -35.0842
1.34992 -34.0989
1.35606 -33.9324
1.3622 -35.8044
1.36833 -35.1319
1.37445 -34.8346
1.38059 -36.9635
1.38675 -35.9793
1.39288 -38.2601
1.39901 -38.1518
1.40515 -38.5963
1.4113 -37.7518
1.41742 -39.2812
1.42355 -38.7071
1.4297 -39.7664
1.43585 -40.414
1.44198 -41.1496
1.44809 -40.1946
1.45423 -43.0021
1.46036 -41.8437
1.46649 -42.4003
1.47263 -41.8885
1.47877 -43.5685
1.48491 -44.3311
1.49104 -43.2997
1.49718 -44.4802
1.50333 -43.874
1.50947 -44.9084
1.5156 -44.1989
1.52172 -45.9982
1.52787 -45.558
1.534 -44.7666
1.54013 -47.9245
1.54627 -46.1531
1.55241 -46.7321
1.55855 -48.1155
1.56467 -46.4178
1.5708 -46.6254
