0.00783031 19732.4
0.013688 24583.3
0.019231 24710
0.0249154 22845.9
0.0312784 19915.3
0.0375637 16826.8
0.0433917 14904.2
0.0492413 13295.9
0.0555754 12262.9
0.0619321 11491
0.067871 10647.1
0.0738098 9942.24
0.0800417 8796.57
0.0862327 8143.42
0.0921407 7129.2
0.0982031 6645.78
0.104506 6107.35
0.110769 5442.47
0.116806 5420.23
0.122832 5016.02
0.129052 4851.92
0.135211 4701.6
0.141259 4452.83
0.147318 4286.53
0.153489 3968.17
0.159709 3777.28
0.165845 3556.82
0.171974 3480.66
0.178125 3299.97
0.184229 3139.12
0.19034 3177.82
0.196428 2938.31
0.202534 2917.64
0.208729 2825.72
0.214876 2754.91
0.220989 2647.04
0.227147 2589.6
0.23329 2479.04
0.239377 2399.09
0.245482 2345.13
0.251667 2329.12
0.257832 2270.42
0.263955 2201.64
0.270079 2165.25
0.27624 2099.12
0.282372 2086.24
0.28843 2006.77
0.294538 1976.83
0.300721 1915.54
0.30691 1882.91
0.313033 1862.94
0.319153 1836.96
0.325316 1805.19
0.33145 1768.36
0.337538 1734.39
0.343633 1713.71
0.349808 1679.9
0.355968 1652.6
0.362074 1628.15
0.368217 1604.35
0.374374 1578.73
0.380519 1570.09
0.386598 1550.7
0.392688 1539.95
0.39888 1482.91
0.405048 1482.94
0.411186 1448.38
0.417313 1436.65
0.423458 1406.41
0.429607 1392.27
0.435692 1387.14
0.441815 1378.48
0.447964 1364.61
0.454126 1336.07
0.460267 1320.38
0.466387 1302.64
0.47254 1289.9
0.478662 1277.07
0.484765 1258.88
0.490885 1249.13
0.497035 1240.65
0.503198 1221.77
0.509342 1212.44
0.515458 1203.13
0.521598 1184.34
0.527764 1186.76
0.533884 1156.81
0.54 1158.81
0.546137 1145.88
0.552299 1135.46
0.558452 1128.89
0.564573 1109.7
0.570708 1108.77
0.576825 1098.06
0.582926 1080.36
0.589034 1083.61
0.595184 1065.23
0.601379 1055.76
0.607522 1054.56
0.613639 1036.02
0.619772 1027.67
0.625918 1021.89
0.632068 1015.2
0.638161 1000.91
0.6443 997.361
0.650464 991.238
0.656582 986.384
0.662703 968.472
0.668861 970.431
0.675024 963.318
0.681124 946.023
0.687237 939.153
0.693381 936.606
0.699536 927.158
0.705665 928.746
0.711789 918.344
0.717957 908.091
0.72409 901.752
0.730186 895.919
0.736317 891.685
0.742472 880.822
0.748622 875.998
0.75476 865.449
0.760888 857.946
0.767043 855.375
0.773185 851.804
0.779291 841.132
0.785407 835.119
0.791564 832.281
0.797719 826.021
0.803834 819.643
0.809972 814.784
0.816124 806.142
0.822261 805.088
0.828378 798.314
0.834502 790.607
0.840667 784.528
0.846816 777.68
0.852925 775.981
0.859047 770.799
0.865192 766.779
0.871341 758.068
0.877463 752.874
0.883569 747.586
0.889708 744.179
0.895864 735.193
0.902008 728.469
0.908149 725.582
0.914301 724.079
0.920448 719.501
0.926574 713.833
0.932687 706.03
0.938823 705.996
0.944975 700.733
0.951105 692.553
0.957225 690.143
0.963368 684.424
0.969511 679.073
0.975621 678.355
0.981748 670.538
0.987916 668.423
0.99406 662.495
1.00019 658.815
1.00632 654.66
1.01246 649.395
1.01859 645.735
1.02471 642.678
1.03085 635.76
1.03698 629.415
1.04314 625.62
1.04929 627.898
1.05541 619.188
1.06154 616.613
1.06769 611.91
1.07382 607.882
1.07993 605.005
1.08607 599.998
1.09222 595.527
1.09836 592.379
1.10449 588.3
1.11063 581.474
1.11677 581.783
1.1229 576.564
1.12903 574.448
1.13518 570.761
1.14131 564.151
1.14745 562.111
1.15359 558.486
1.15973 555.678
1.16584 551.728
1.17197 546.959
1.17811 542.771
1.18424 542.365
1.19038 537.482
1.19652 532.379
1.20267 530.332
1.20881 524.35
1.21495 522.857
1.22108 518.855
1.2272 513.328
1.23334 511.867
1.23949 508.317
1.24562 505.635
1.25174 501.564
1.25789 498.523
1.26402 496.12
1.27014 491.837
1.27628 489.694
1.28244 486.119
1.28858 482.758
1.29471 479.69
1.30084 474.877
1.30697 474.455
1.31312 470.678
1.31925 467.96
1.32537 465.421
1.33151 462.557
1.33765 456.232
1.34378 454.873
1.34992 453.488
1.35606 448.951
1.3622 447.291
1.36833 443.524
1.37445 440.835
1.38059 437.286
1.38675 434.187
1.39288 431.771
1.39901 430.738
1.40515 425.867
1.4113 422.293
1.41742 420.348
1.42355 418.487
1.4297 415.796
1.43585 413.41
1.44198 411.01
1.44809 406.093
1.45423 404.965
1.46036 401.561
1.46649 399.848
1.47263 398.198
1.47877 394.713
1.48491 392.882
1.49104 389.796
1.49718 386.382
1.50333 384.669
1.50947 382.176
1.5156 379.498
1.52172 376.896
1.52787 374.317
1.534 372.56
1.54013 369.259
1.54627 367.519
1.55241 365.079
1.55855 362.916
1.56467 359.571
1.5708 358.02
