0.00783031 3328.96
0.013688 3812.26
0.019231 4155.67
0.0249154 4022.87
0.0312784 3782.17
0.0375637 3043.83
0.0433917 2908.25
0.0492413 2562.23
0.0555754 2379.18
0.0619321 2322.71
0.067871 2274.41
0.0738098 2180.98
0.0800417 1925.22
0.0862327 1920.09
0.0921407 1828.53
0.0982031 1670.39
0.104506 1665.63
0.110769 1554.16
0.116806 1488.06
0.122832 1412.55
0.129052 1403.5
0.135211 1331.7
0.141259 1253.14
0.147318 1219.01
0.153489 1146.92
0.159709 1111.6
0.165845 1059.73
0.171974 1044.27
0.178125 1008.16
0.184229 961.802
0.19034 952.985
0.196428 909.705
0.202534 879.112
0.208729 860.933
0.214876 855.483
0.220989 834.091
0.227147 787.997
0.23329 764.439
0.239377 744.368
0.245482 741.339
0.251667 712.571
0.257832 700.586
0.263955 693.812
0.270079 664.829
0.27624 647.809
0.282372 637.18
0.28843 624.439
0.294538 606.803
0.300721 600.122
0.30691 582.992
0.313033 574.812
0.319153 555.099
0.325316 542.169
0.33145 539.979
0.337538 526.749
0.343633 523.178
0.349808 511.85
0.355968 495.781
0.362074 489.336
0.368217 477.79
0.374374 473.769
0.380519 467.896
0.386598 457.633
0.392688 448.218
0.39888 446.7
0.405048 435.277
0.411186 433.908
0.417313 423.525
0.423458 414.692
0.429607 414.362
0.435692 405.539
0.441815 397.567
0.447964 389.082
0.454126 392.259
0.460267 381.601
0.466387 380.432
0.47254 372.849
0.478662 363.987
0.484765 363.333
0.490885 355.915
0.497035 354.97
0.503198 349.572
0.509342 345.72
0.515458 339.957
0.521598 336.294
0.527764 331.245
0.533884 328.105
0.54 329.767
0.546137 322.579
0.552299 320.959
0.558452 317.261
0.564573 311.94
0.570708 310.045
0.576825 305.259
0.582926 304.63
0.589034 301.838
0.595184 298.648
0.601379 294.926
0.607522 290.895
0.613639 289.87
0.619772 288.016
0.625918 283.871
0.632068 280.175
0.638161 278.794
0.6443 275.652
0.650464 276.531
0.656582 273.371
0.662703 270.608
0.668861 268.734
0.675024 267.265
0.681124 266.832
0.687237 262.71
0.693381 258.796
0.699536 258.289
0.705665 255.756
0.711789 254.985
0.717957 253.577
0.72409 251.172
0.730186 249.497
0.736317 249.666
0.742472 247.478
0.748622 245.303
0.75476 242.757
0.760888 241
0.767043 240.442
0.773185 238.917
0.779291 236.448
0.785407 235.948
0.791564 234.039
0.797719 234.016
0.803834 231.512
0.809972 230.799
0.816124 229.176
0.822261 227.483
0.828378 226.879
0.834502 225.493
0.840667 222.906
0.846816 222.162
0.852925 221.183
0.859047 221.016
0.865192 219.977
0.871341 217.723
0.877463 216.947
0.883569 216.377
0.889708 214.426
0.895864 213.925
0.902008 213.496
0.908149 212.36
0.914301 211.428
0.920448 209.502
0.926574 210.563
0.932687 208.576
0.938823 206.71
0.944975 207.118
0.951105 205.474
0.957225 205.052
0.963368 203.427
0.969511 203.309
0.975621 201.743
0.981748 202.789
0.987916 201.063
0.99406 199.926
1.00019 198.473
1.00632 198.627
1.01246 197.866
1.01859 196.562
1.02471 195.395
1.03085 194.681
1.03698 194.767
1.04314 194.371
1.04929 193.47
1.05541 192.989
1.06154 191.985
1.06769 191.286
1.07382 190.172
1.07993 190.123
1.08607 190.054
1.09222 188.543
1.09836 187.637
1.10449 187.191
1.11063 186.885
1.11677 185.523
1.1229 186.133
1.12903 185.521
1.13518 183.783
1.14131 183.225
1.14745 182.938
1.15359 182.523
1.15973 181.291
1.16584 181.391
1.17197 181.202
1.17811 180.388
1.18424 179.82
1.19038 179.012
1.19652 178.135
1.20267 177.188
1.20881 178.021
1.21495 176.542
1.22108 176.797
1.2272 176.042
1.23334 176.256
1.23949 174.378
1.24562 174.349
1.25174 174.119
1.25789 172.97
1.26402 173.233
1.27014 171.893
1.27628 171.884
1.28244 171.458
1.28858 171.452
1.29471 170.815
1.30084 170.166
1.30697 169.388
1.31312 169.202
1.31925 168.917
1.32537 167.9
1.33151 167.306
1.33765 167.169
1.34378 167.496
1.34992 166.953
1.35606 166.31
1.3622 165.443
1.36833 164.729
1.37445 164.557
1.38059 164.172
1.38675 163.61
1.39288 163.181
1.39901 163.461
1.40515 162.776
1.4113 162.08
1.41742 161.766
1.42355 162.018
1.4297 161.218
1.43585 161.164
1.44198 160.033
1.44809 160.286
1.45423 159.911
1.46036 159.291
1.46649 159.164
1.47263 158.358
1.47877 158.424
1.48491 158.352
1.49104 157.277
1.49718 157.128
1.50333 157.116
1.50947 156.141
1.5156 156.281
1.52172 155.743
1.52787 155.473
1.534 154.988
1.54013 154.762
1.54627 154.247
1.55241 154.026
1.55855 153.489
1.56467 153.062
1.5708 152.868
