0.00783031 118.725
0.013688 136.977
0.019231 126.518
0.0249154 111.904
0.0312784 80.9402
0.0375637 54.3582
0.0433917 37.8518
0.0492413 23.4311
0.0555754 12.6968
0.0619321 -5.17619
0.067871 -12.5621
0.0738098 -21.2695
0.0800417 -32.3471
0.0862327 -37.6881
0.0921407 -45.8681
0.0982031 -51.7199
0.104506 -59.6508
0.110769 -61.1403
0.116806 -70.4711
0.122832 -71.464
0.129052 -75.1313
0.135211 -83.9574
0.141259 -86.0111
0.147318 -90.6245
0.153489 -92.3765
0.159709 -92.1599
0.165845 -94.4577
0.171974 -100.202
0.178125 -98.2251
0.184229 -100.584
0.19034 -105.127
0.196428 -105.883
0.202534 -110.676
0.208729 -110.565
0.214876 -111.834
0.220989 -111.707
0.227147 -114.425
0.23329 -114.565
0.239377 -117.382
0.245482 -114.926
0.251667 -120.556
0.257832 -120.317
0.263955 -120.7
0.270079 -122.77
0.27624 -122.732
0.282372 -126.55
0.28843 -122.92
0.294538 -126.914
0.300721 -125.007
0.30691 -126.35
0.313033 -129.571
0.319153 -127.29
0.325316 -129.557
0.33145 -130.141
0.337538 -129.691
0.343633 -130.722
0.349808 -132.603
0.355968 -132.59
0.362074 -133.945
0.368217 -134.099
0.374374 -135.903
0.380519 -137.091
0.386598 -136.32
0.392688 -139.116
0.39888 -134.916
0.405048 -138.719
0.411186 -137.645
0.417313 -138.082
0.423458 -136.424
0.429607 -138.379
0.435692 -138.773
0.441815 -141.922
0.447964 -140.827
0.454126 -140.374
0.460267 -143.12
0.466387 -137.871
0.47254 -141.915
0.478662 -141.672
0.484765 -142.275
0.490885 -141.616
0.497035 -143.834
0.503198 -141.322
0.509342 -144.06
0.515458 -144.072
0.521598 -143.911
0.527764 -147.034
0.533884 -142.794
0.54 -144.08
0.546137 -144.998
0.552299 -145.341
0.558452 -146.965
0.564573 -145.12
0.570708 -147.657
0.576825 -147.421
0.582926 -146.379
0.589034 -148.633
0.595184 -148.164
0.601379 -148.381
0.607522 -148.536
0.613639 -148.51
0.619772 -147.479
0.625918 -149.613
0.632068 -147.57
0.638161 -148.869
0.6443 -148.969
0.650464 -149.364
0.656582 -151.688
0.662703 -151.828
0.668861 -151.808
0.675024 -152.993
0.681124 -151.519
0.687237 -150.449
0.693381 -150.653
0.699536 -153.961
0.705665 -153.655
0.711789 -153.719
0.717957 -152.672
0.72409 -152.679
0.730186 -154.198
0.736317 -152.982
0.742472 -152.244
0.748622 -153.69
0.75476 -153.415
0.760888 -153.045
0.767043 -152.852
0.773185 -155.833
0.779291 -153.99
0.785407 -153.627
0.791564 -155.801
0.797719 -154.599
0.803834 -155.853
0.809972 -156.126
0.816124 -155.532
0.822261 -155.208
0.828378 -156.098
0.834502 -156.326
0.840667 -156.004
0.846816 -156.909
0.852925 -156.717
0.859047 -157.646
0.865192 -157.63
0.871341 -156.561
0.877463 -155.951
0.883569 -156.259
0.889708 -157.387
0.895864 -156.47
0.902008 -157.8
0.908149 -155.867
0.914301 -158.861
0.920448 -158.634
0.926574 -157.592
0.932687 -158.887
0.938823 -158.858
0.944975 -157.739
0.951105 -157.474
0.957225 -158.124
0.963368 -157.895
0.969511 -158.879
0.975621 -158.257
0.981748 -157.757
0.987916 -158.207
0.99406 -159.816
1.00019 -158.031
1.00632 -159.71
1.01246 -157.53
1.01859 -158.623
1.02471 -159.266
1.03085 -159.139
1.03698 -158.731
1.04314 -158.876
1.04929 -160.487
1.05541 -157.356
1.06154 -158.937
1.06769 -159.041
1.07382 -158.66
1.07993 -159.45
1.08607 -158.984
1.09222 -158.994
1.09836 -159.524
1.10449 -159.622
1.11063 -158.169
1.11677 -158.789
1.1229 -158.576
1.12903 -159.586
1.13518 -159.144
1.14131 -158.511
1.14745 -158.557
1.15359 -158.919
1.15973 -159.613
1.16584 -158.888
1.17197 -159.353
1.17811 -159.379
1.18424 -159.852
1.19038 -159.377
1.19652 -158.585
1.20267 -159.186
1.20881 -159.326
1.21495 -159.032
1.22108 -157.945
1.2272 -157.334
1.23334 -158.735
1.23949 -158.163
1.24562 -157.949
1.25174 -157.895
1.25789 -159.399
1.26402 -158.5
1.27014 -158.161
1.27628 -158.68
1.28244 -157.052
1.28858 -158.022
1.29471 -157.061
1.30084 -157.658
1.30697 -157.739
1.31312 -157.872
1.31925 -157.937
1.32537 -157.644
1.33151 -157.529
1.33765 -157.19
1.34378 -156.575
1.34992 -158.046
1.35606 -156.172
1.3622 -157.076
1.36833 -157.053
1.37445 -156.677
1.38059 -156.116
1.38675 -155.585
1.39288 -156.17
1.39901 -156.548
1.40515 -155.737
1.4113 -154.99
1.41742 -155.512
1.42355 -156.355
1.4297 -155.751
1.43585 -155.897
1.44198 -155.351
1.44809 -154.821
1.45423 -155.373
1.46036 -154.49
1.46649 -154.698
1.47263 -155.65
1.47877 -154.714
1.48491 -155.326
1.49104 -154.016
1.49718 -154.079
1.50333 -153.87
1.50947 -154.09
1.5156 -153.652
1.52172 -153.511
1.52787 -154.151
1.534 -152.932
1.54013 -152.784
1.54627 -152.778
1.55241 -152.996
1.55855 -152.989
1.56467 -152.322
1.5708 -152.762
