0.00783031 20086.6
0.013688 24881.6
0.019231 25072.7
0.0249154 23058.6
0.0312784 19686.9
0.0375637 17052.8
0.0433917 15055.9
0.0492413 13203.5
0.0555754 11922.9
0.0619321 11154.4
0.067871 10196.4
0.0738098 9589.98
0.0800417 8549.25
0.0862327 7557.75
0.0921407 6991.15
0.0982031 6097.43
0.104506 5618.19
0.110769 5143.85
0.116806 4741.26
0.122832 4670.77
0.129052 4322.17
0.135211 4243.77
0.141259 3992.04
0.147318 3790.64
0.153489 3517.54
0.159709 3337.3
0.165845 3073.96
0.171974 2957.09
0.178125 2822.47
0.184229 2695.39
0.19034 2603.04
0.196428 2469.73
0.202534 2391.67
0.208729 2337.01
0.214876 2221.77
0.220989 2145.4
0.227147 2036.27
0.23329 2007.69
0.239377 1964.02
0.245482 1841.89
0.251667 1791.59
0.257832 1777.81
0.263955 1714.5
0.270079 1654.86
0.27624 1625
0.282372 1578.6
0.28843 1541.97
0.294538 1483.46
0.300721 1460.12
0.30691 1432.2
0.313033 1374.94
0.319153 1348.42
0.325316 1322.16
0.33145 1307.71
0.337538 1282.78
0.343633 1229.22
0.349808 1183.67
0.355968 1186.21
0.362074 1163.11
0.368217 1147.06
0.374374 1116.19
0.380519 1107.52
0.386598 1082.35
0.392688 1062.49
0.39888 1031.47
0.405048 1028.58
0.411186 1014.05
0.417313 995.424
0.423458 976.422
0.429607 969.451
0.435692 961.409
0.441815 934.996
0.447964 922.056
0.454126 900.156
0.460267 893.987
0.466387 878.715
0.47254 861.982
0.478662 859.515
0.484765 851.141
0.490885 830.467
0.497035 823.753
0.503198 807.183
0.509342 794.177
0.515458 797.901
0.521598 781.734
0.527764 773.215
0.533884 760.891
0.54 751.966
0.546137 744.188
0.552299 738.125
0.558452 727.078
0.564573 714.579
0.570708 715.901
0.576825 705.991
0.582926 694.11
0.589034 685.474
0.595184 682.957
0.601379 673.017
0.607522 666.873
0.613639 660.386
0.619772 649.321
0.625918 647.232
0.632068 638.769
0.638161 635.176
0.6443 624.76
0.650464 617.102
0.656582 614.5
0.662703 607.678
0.668861 600.017
0.675024 601.828
0.681124 588.778
0.687237 581.283
0.693381 577.91
0.699536 573.217
0.705665 569.314
0.711789 563.693
0.717957 555.149
0.72409 553.185
0.730186 547.562
0.736317 543.481
0.742472 538.171
0.748622 530.517
0.75476 528.028
0.760888 526.408
0.767043 521.018
0.773185 508.712
0.779291 509.432
0.785407 505.81
0.791564 500.132
0.797719 498.181
0.803834 491.654
0.809972 485.926
0.816124 487.565
0.822261 481.259
0.828378 478.855
0.834502 473.876
0.840667 469.706
0.846816 463.452
0.852925 462.146
0.859047 454.948
0.865192 453.042
0.871341 450.756
0.877463 447.041
0.883569 443.281
0.889708 440.739
0.895864 435.699
0.902008 429.926
0.908149 428.964
0.914301 424.663
0.920448 422.021
0.926574 418.501
0.932687 416.118
0.938823 412.546
0.944975 407.343
0.951105 406.225
0.957225 402.548
0.963368 400.049
0.969511 396.899
0.975621 392.74
0.981748 388.019
0.987916 386.288
0.99406 383.017
1.00019 381.516
1.00632 377.303
1.01246 374.525
1.01859 372.486
1.02471 368.442
1.03085 366.867
1.03698 361.533
1.04314 359.859
1.04929 355.746
1.05541 354.882
1.06154 352.449
1.06769 349.147
1.07382 346.357
1.07993 345.322
1.08607 340.634
1.09222 337.914
1.09836 337.518
1.10449 332.772
1.11063 331.955
1.11677 329.324
1.1229 325.718
1.12903 323.417
1.13518 321.129
1.14131 317.234
1.14745 316.495
1.15359 313.44
1.15973 310.727
1.16584 307.687
1.17197 306.422
1.17811 303.005
1.18424 302.22
1.19038 299.852
1.19652 297.549
1.20267 294.934
1.20881 292.696
1.21495 289.953
1.22108 287.363
1.2272 285.482
1.23334 283.4
1.23949 281.906
1.24562 279.208
1.25174 276.969
1.25789 275.44
1.26402 273.527
1.27014 270.675
1.27628 268.602
1.28244 266.613
1.28858 264.796
1.29471 263.21
1.30084 261.143
1.30697 259.1
1.31312 257.871
1.31925 255.547
1.32537 254.189
1.33151 251.31
1.33765 250.284
1.34378 247.499
1.34992 245.231
1.35606 243.357
1.3622 242.32
1.36833 240.309
1.37445 238.296
1.38059 237.183
1.38675 235.511
1.39288 233.415
1.39901 231.282
1.40515 229.734
1.4113 227.955
1.41742 226.406
1.42355 224.891
1.4297 222.568
1.43585 221.641
1.44198 219.603
1.44809 217.915
1.45423 216.923
1.46036 214.89
1.46649 212.952
1.47263 210.587
1.47877 209.862
1.48491 208.132
1.49104 206.884
1.49718 205.546
1.50333 203.017
1.50947 202.283
1.5156 199.859
1.52172 198.791
1.52787 197.536
1.534 195.783
1.54013 194.505
1.54627 193.184
1.55241 191.68
1.55855 189.944
1.56467 189.29
1.5708 187.307
