0.00783031 4228.18
0.013688 11180.8
0.019231 7105.66
0.0249154 8838.79
0.0312784 8607.97
0.0375637 8287.27
0.0433917 8333.16
0.0492413 7880.36
0.0555754 8342.39
0.0619321 8024.8
0.067871 8260.13
0.0738098 8060.16
0.0800417 7724.39
0.0862327 7328.73
0.0921407 7382.21
0.0982031 7004.49
0.104506 7458.75
0.110769 6958.04
0.116806 6913.85
0.122832 6691.36
0.129052 6699.87
0.135211 6568.99
0.141259 6556.22
0.147318 6231.09
0.153489 6260.26
0.159709 6368.82
0.165845 6107.16
0.171974 6066.88
0.178125 5924.07
0.184229 5817.98
0.19034 5782.87
0.196428 5683.91
0.202534 5647.73
0.208729 5548.09
0.214876 5527.29
0.220989 5431.47
0.227147 5204.08
0.23329 5250.29
0.239377 5268.15
0.245482 5163.71
0.251667 5120.74
0.257832 5101.29
0.263955 5004.61
0.270079 4999.06
0.27624 4980.96
0.282372 4872.79
0.28843 4778.45
0.294538 4768.85
0.300721 4704.18
0.30691 4749.06
0.313033 4707.22
0.319153 4604.15
0.325316 4569.54
0.33145 4527.48
0.337538 4567.3
0.343633 4521.76
0.349808 4517.18
0.355968 4414.94
0.362074 4408.41
0.368217 4415.49
0.374374 4366.49
0.380519 4316.12
0.386598 4309.79
0.392688 4266.46
0.39888 4255.49
0.405048 4257.19
0.411186 4208.59
0.417313 4203.61
0.423458 4205.9
0.429607 4155.71
0.435692 4185.2
0.441815 4097.98
0.447964 4145.32
0.454126 4113.19
0.460267 4082.5
0.466387 4079.1
0.47254 4023.46
0.478662 4053.88
0.484765 4023.19
0.490885 3979.51
0.497035 4016.6
0.503198 3979.53
0.509342 3984.39
0.515458 4006.76
0.521598 3955.51
0.527764 3931.81
0.533884 3970.79
0.54 3917.63
0.546137 3921.2
0.552299 3936.44
0.558452 3919.98
0.564573 3863.84
0.570708 3853.64
0.576825 3876.02
0.582926 3845.5
0.589034 3836.15
0.595184 3880.65
0.601379 3817.43
0.607522 3844.13
0.613639 3808.29
0.619772 3810.26
0.625918 3834.11
0.632068 3786.05
0.638161 3794.7
0.6443 3821.04
0.650464 3772.46
0.656582 3745.58
0.662703 3751.66
0.668861 3761.93
0.675024 3781.46
0.681124 3733.57
0.687237 3735.3
0.693381 3716.4
0.699536 3726.38
0.705665 3721.04
0.711789 3697.59
0.717957 3733.57
0.72409 3702.28
0.730186 3722.09
0.736317 3686.95
0.742472 3712.2
0.748622 3678.53
0.75476 3693.34
0.760888 3700.04
0.767043 3684.23
0.773185 3682.38
0.779291 3686.27
0.785407 3681.69
0.791564 3653.62
0.797719 3654.55
0.803834 3640.37
0.809972 3648.84
0.816124 3635.15
0.822261 3647.51
0.828378 3625.87
0.834502 3613.91
0.840667 3614.41
0.846816 3605.88
0.852925 3598.47
0.859047 3604.9
0.865192 3622.31
0.871341 3597.87
0.877463 3610.25
0.883569 3591.86
0.889708 3590.56
0.895864 3579.67
0.902008 3574.27
0.908149 3574.77
0.914301 3578.79
0.920448 3560.23
0.926574 3565.68
0.932687 3556.71
0.938823 3535.47
0.944975 3543.49
0.951105 3527.87
0.957225 3523.54
0.963368 3519.64
0.969511 3530.07
0.975621 3516.03
0.981748 3540.52
0.987916 3499.48
0.99406 3496.43
1.00019 3483.53
1.00632 3504.68
1.01246 3499.21
1.01859 3493.02
1.02471 3486.46
1.03085 3477.01
1.03698 3456.32
1.04314 3465.21
1.04929 3465.28
1.05541 3467.22
1.06154 3451.91
1.06769 3447.86
1.07382 3447.32
1.07993 3432.29
1.08607 3435.02
1.09222 3430.59
1.09836 3448.23
1.10449 3437.52
1.11063 3426.01
1.11677 3415.83
1.1229 3400.66
1.12903 3397.93
1.13518 3407.65
1.14131 3398.82
1.14745 3381.36
1.15359 3379.07
1.15973 3391.62
1.16584 3376.61
1.17197 3367.11
1.17811 3360.61
1.18424 3358.41
1.19038 3349.96
1.19652 3339.51
1.20267 3341.42
1.20881 3352.76
1.21495 3333.86
1.22108 3325.16
1.2272 3320.87
1.23334 3326.62
1.23949 3324.09
1.24562 3314.55
1.25174 3315.58
1.25789 3312.09
1.26402 3313.6
1.27014 3289.92
1.27628 3295.86
1.28244 3281.57
1.28858 3289.04
1.29471 3270.41
1.30084 3263.91
1.30697 3274.26
1.31312 3257.4
1.31925 3253.47
1.32537 3252.19
1.33151 3249.03
1.33765 3241.31
1.34378 3224.53
1.34992 3219.55
1.35606 3217.45
1.3622 3213.31
1.36833 3202.54
1.37445 3200.81
1.38059 3196.21
1.38675 3193
1.39288 3170.79
1.39901 3171
1.40515 3169.45
1.4113 3168.88
1.41742 3163.12
1.42355 3149.04
1.4297 3156.28
1.43585 3150.58
1.44198 3141.77
1.44809 3134.5
1.45423 3133.55
1.46036 3130.04
1.46649 3110.09
1.47263 3114.81
1.47877 3115.03
1.48491 3103.62
1.49104 3109.51
1.49718 3094.71
1.50333 3097.13
1.50947 3089.85
1.5156 3068.79
1.52172 3066.85
1.52787 3073.97
1.534 3071.1
1.54013 3064.4
1.54627 3051.64
1.55241 3047.2
1.55855 3034.8
1.56467 3047.49
1.5708 3033.13
