0.00783031 -2.15063
0.013688 -3.70578
0.019231 7.33432
0.0249154 2.54516
0.0312784 1.98697
0.0375637 -1.12361
0.0433917 6.12254
0.0492413 4.84468
0.0555754 4.72526
0.0619321 4.60916
0.067871 9.80197
0.0738098 6.73201
0.0800417 9.76032
0.0862327 8.77688
0.0921407 12.6277
0.0982031 11.2655
0.104506 12.1033
0.110769 13.0825
0.116806 14.4541
0.122832 14.8011
0.129052 15.6534
0.135211 17.9239
0.141259 17.788
0.147318 17.1791
0.153489 19.387
0.159709 20.397
0.165845 21.6812
0.171974 22.3459
0.178125 23.7256
0.184229 23.7653
0.19034 27.0266
0.196428 24.3481
0.202534 26.1981
0.208729 27.1161
0.214876 28.2167
0.220989 29.3197
0.227147 29.1597
0.23329 30.8914
0.239377 30.6889
0.245482 30.65
0.251667 31.0927
0.257832 30.9231
0.263955 33.4045
0.270079 32.5338
0.27624 33.3439
0.282372 33.3538
0.28843 33.3625
0.294538 33.454
0.300721 33.7356
0.30691 35.0257
0.313033 34.5815
0.319153 35.2499
0.325316 35.0425
0.33145 36.7345
0.337538 34.8807
0.343633 35.292
0.349808 35.3024
0.355968 35.1256
0.362074 34.6906
0.368217 35.6812
0.374374 35.3872
0.380519 35.119
0.386598 34.0713
0.392688 35.0328
0.39888 34.6363
0.405048 34.7774
0.411186 34.1489
0.417313 33.139
0.423458 34.72
0.429607 33.8427
0.435692 33.8267
0.441815 32.7997
0.447964 32.1703
0.454126 32.7203
0.460267 32.2866
0.466387 31.6722
0.47254 30.9278
0.478662 31.1512
0.484765 31.4816
0.490885 31.5625
0.497035 30.1265
0.503198 29.313
0.509342 28.7641
0.515458 28.2714
0.521598 27.8187
0.527764 28.2673
0.533884 27.1411
0.54 26.772
0.546137 26.5496
0.552299 26.0267
0.558452 25.9013
0.564573 25.3814
0.570708 25.2954
0.576825 24.5785
0.582926 24.3275
0.589034 23.9215
0.595184 22.743
0.601379 23.0219
0.607522 22.4679
0.613639 22.0706
0.619772 21.7586
0.625918 21.4143
0.632068 21.1915
0.638161 20.8851
0.6443 20.062
0.650464 20.2877
0.656582 19.7613
0.662703 19.6928
0.668861 19.4491
0.675024 18.7944
0.681124 18.7062
0.687237 18.0666
0.693381 18.2326
0.699536 17.8111
0.705665 17.6884
0.711789 17.3623
0.717957 17.5871
0.72409 16.9118
0.730186 16.5521
0.736317 16.9326
0.742472 16.1246
0.748622 16.1778
0.75476 16.2147
0.760888 15.8482
0.767043 15.2677
0.773185 15.1956
0.779291 15.3248
0.785407 15.2211
0.791564 14.7938
0.797719 15.2767
0.803834 15.1718
0.809972 14.6313
0.816124 14.6142
0.822261 14.8506
0.828378 14.3702
0.834502 13.9621
0.840667 14.6723
0.846816 14.3297
0.852925 14.3249
0.859047 14.1585
0.865192 13.9892
0.871341 14.1002
0.877463 14.2561
0.883569 14.3306
0.889708 13.7878
0.895864 13.7912
0.902008 14.0856
0.908149 13.7158
0.914301 13.8337
0.920448 13.6681
0.926574 13.8693
0.932687 13.7452
0.938823 13.8057
0.944975 13.4487
0.951105 13.9187
0.957225 13.738
0.963368 13.61
0.969511 13.4527
0.975621 13.51
0.981748 13.6926
0.987916 13.2192
0.99406 13.5019
1.00019 13.3264
1.00632 13.5328
1.01246 13.3396
1.01859 13.4252
1.02471 13.3577
1.03085 13.2541
1.03698 13.3662
1.04314 13.0682
1.04929 12.9349
1.05541 13.469
1.06154 13.1657
1.06769 13.1493
1.07382 12.9192
1.07993 13.2413
1.08607 13.056
1.09222 13.2442
1.09836 12.9286
1.10449 13.2309
1.11063 13.4038
1.11677 13.0506
1.1229 12.993
1.12903 12.9491
1.13518 12.9735
1.14131 13.1261
1.14745 13.0278
1.15359 12.6162
1.15973 12.8209
1.16584 12.5897
1.17197 12.6424
1.17811 12.5119
1.18424 12.7993
1.19038 12.8419
1.19652 13.0332
1.20267 12.6022
1.20881 12.5525
1.21495 12.4864
1.22108 12.537
1.2272 12.2976
1.23334 12.6026
1.23949 12.3257
1.24562 12.4843
1.25174 12.4581
1.25789 12.5897
1.26402 12.232
1.27014 12.4434
1.27628 12.3413
1.28244 12.305
1.28858 12.4193
1.29471 12.4166
1.30084 12.2129
1.30697 12.3244
1.31312 12.3332
1.31925 12.4594
1.32537 12.193
1.33151 12.1387
1.33765 12.3098
1.34378 12.395
1.34992 11.8692
1.35606 11.746
1.3622 11.9891
1.36833 12.0537
1.37445 11.9506
1.38059 11.6757
1.38675 11.9875
1.39288 11.6298
1.39901 11.6519
1.40515 11.7327
1.4113 11.7027
1.41742 11.8028
1.42355 11.6443
1.4297 11.5282
1.43585 11.7442
1.44198 11.4038
1.44809 11.602
1.45423 11.3845
1.46036 11.4446
1.46649 11.3468
1.47263 11.4197
1.47877 11.0507
1.48491 11.1815
1.49104 10.9647
1.49718 11.1409
1.50333 11.265
1.50947 10.923
1.5156 11.1396
1.52172 10.9117
1.52787 11.1611
1.534 10.9216
1.54013 10.9269
1.54627 10.9102
1.55241 10.9521
1.55855 10.7605
1.56467 10.8776
1.5708 10.8082
