0.00783031 6491.76
0.013688 4446.2
0.019231 3310.22
0.0249154 3308.47
0.0312784 3806.39
0.0375637 2997.62
0.0433917 3047.59
0.0492413 2897.72
0.0555754 2513.73
0.0619321 2400.25
0.067871 2145.68
0.0738098 2075.74
0.0800417 1956.58
0.0862327 1972.53
0.0921407 1877.72
0.0982031 1675.89
0.104506 1637.25
0.110769 1549.52
0.116806 1501.48
0.122832 1466.71
0.129052 1326.31
0.135211 1294.28
0.141259 1242.36
0.147318 1233.54
0.153489 1187.94
0.159709 1118.89
0.165845 1078.52
0.171974 1067.34
0.178125 1020.46
0.184229 994.469
0.19034 975.574
0.196428 931.307
0.202534 899.007
0.208729 892.458
0.214876 872.739
0.220989 839.231
0.227147 818.116
0.23329 794.929
0.239377 772.419
0.245482 749.86
0.251667 736.282
0.257832 730.05
0.263955 698.838
0.270079 696.068
0.27624 683.075
0.282372 657.013
0.28843 638.711
0.294538 629.999
0.300721 621.255
0.30691 610.223
0.313033 601.719
0.319153 584.494
0.325316 567.841
0.33145 563.459
0.337538 546.785
0.343633 535.621
0.349808 523.603
0.355968 522.252
0.362074 509.621
0.368217 502.059
0.374374 495.03
0.380519 486.3
0.386598 475.466
0.392688 466.064
0.39888 461.742
0.405048 456.232
0.411186 446.441
0.417313 440.38
0.423458 433.026
0.429607 426.632
0.435692 423.917
0.441815 411.512
0.447964 414.236
0.454126 409.167
0.460267 396.68
0.466387 396.154
0.47254 390.946
0.478662 381.992
0.484765 375.321
0.490885 374.682
0.497035 373.152
0.503198 364.56
0.509342 360.008
0.515458 355.674
0.521598 355.638
0.527764 349.346
0.533884 343.137
0.54 340.009
0.546137 334.64
0.552299 328.265
0.558452 325.707
0.564573 323.534
0.570708 319.419
0.576825 316.816
0.582926 313.488
0.589034 309.668
0.595184 308.594
0.601379 302.854
0.607522 301.497
0.613639 297.504
0.619772 297.539
0.625918 292.988
0.632068 287.791
0.638161 286.567
0.6443 285.356
0.650464 279.618
0.656582 278.827
0.662703 276.142
0.668861 273.08
0.675024 269.431
0.681124 268.207
0.687237 265.74
0.693381 265.39
0.699536 259.295
0.705665 259.094
0.711789 257.044
0.717957 255.117
0.72409 253.432
0.730186 250.257
0.736317 249.194
0.742472 248.505
0.748622 245.973
0.75476 240.662
0.760888 241.273
0.767043 240.814
0.773185 236.376
0.779291 235.103
0.785407 233.691
0.791564 233.864
0.797719 230.502
0.803834 228.234
0.809972 226.494
0.816124 225.383
0.822261 223.213
0.828378 222.722
0.834502 220.664
0.840667 220.039
0.846816 217.518
0.852925 216.646
0.859047 215.303
0.865192 213.716
0.871341 210.934
0.877463 210.506
0.883569 208.855
0.889708 207.592
0.895864 207.203
0.902008 205.157
0.908149 204.061
0.914301 202.414
0.920448 201.772
0.926574 201.268
0.932687 198.527
0.938823 198.892
0.944975 197.094
0.951105 195.097
0.957225 194.775
0.963368 192.744
0.969511 192.968
0.975621 191.599
0.981748 190.48
0.987916 189.361
0.99406 188.689
1.00019 188.005
1.00632 186.635
1.01246 185.961
1.01859 184.748
1.02471 183.964
1.03085 182.627
1.03698 181.232
1.04314 180.802
1.04929 180.363
1.05541 178.73
1.06154 178.091
1.06769 177.909
1.07382 176.202
1.07993 175.832
1.08607 173.947
1.09222 174.635
1.09836 172.937
1.10449 172.359
1.11063 171.419
1.11677 171.306
1.1229 170.487
1.12903 168.748
1.13518 168.274
1.14131 167.942
1.14745 167.181
1.15359 166.292
1.15973 165.686
1.16584 165.341
1.17197 164.548
1.17811 163.549
1.18424 162.917
1.19038 161.92
1.19652 161.845
1.20267 161.446
1.20881 160.769
1.21495 159.426
1.22108 159.38
1.2272 158.154
1.23334 158.128
1.23949 157.299
1.24562 156.919
1.25174 155.799
1.25789 155.133
1.26402 155.458
1.27014 154.061
1.27628 153.511
1.28244 152.858
1.28858 152.746
1.29471 152.083
1.30084 152.02
1.30697 151.026
1.31312 150.598
1.31925 150.292
1.32537 149.61
1.33151 149.067
1.33765 148.382
1.34378 148.018
1.34992 147.373
1.35606 147.037
1.3622 146.94
1.36833 146.057
1.37445 145.964
1.38059 145.176
1.38675 144.382
1.39288 144.168
1.39901 144.125
1.40515 143.005
1.4113 142.988
1.41742 142.572
1.42355 142.142
1.4297 141.587
1.43585 141.195
1.44198 141.055
1.44809 140.446
1.45423 139.958
1.46036 139.837
1.46649 139.047
1.47263 138.457
1.47877 138.423
1.48491 138.125
1.49104 137.375
1.49718 136.842
1.50333 136.895
1.50947 136.521
1.5156 136.162
1.52172 135.47
1.52787 135.493
1.534 134.801
1.54013 134.36
1.54627 134.336
1.55241 133.889
1.55855 133.426
1.56467 133.063
1.5708 132.906
