0.00783031 20603.1
0.013688 25392.2
0.019231 25872.5
0.0249154 23716.2
0.0312784 20737.7
0.0375637 18025.1
0.0433917 15131.6
0.0492413 13341.6
0.0555754 12461.1
0.0619321 11850.6
0.067871 11089.3
0.0738098 10068.9
0.0800417 9102.17
0.0862327 8044.19
0.0921407 7133.87
0.0982031 6704.42
0.104506 6183.63
0.110769 5846.26
0.116806 5617.42
0.122832 5048.83
0.129052 5013.87
0.135211 4726.87
0.141259 4463.35
0.147318 4213.56
0.153489 4039.59
0.159709 3813.91
0.165845 3587.15
0.171974 3398.62
0.178125 3360.46
0.184229 3221.52
0.19034 3122.5
0.196428 3010.37
0.202534 2837.7
0.208729 2744.44
0.214876 2663.2
0.220989 2578.07
0.227147 2528.62
0.23329 2460.47
0.239377 2353.47
0.245482 2295.16
0.251667 2235.35
0.257832 2156.52
0.263955 2101.88
0.270079 2096.7
0.27624 2045.99
0.282372 1952.51
0.28843 1956.06
0.294538 1870.17
0.300721 1857.8
0.30691 1824.56
0.313033 1780.82
0.319153 1755.04
0.325316 1693.33
0.33145 1690.68
0.337538 1632.38
0.343633 1611.65
0.349808 1570.58
0.355968 1562.7
0.362074 1535.52
0.368217 1520.35
0.374374 1482.9
0.380519 1466.96
0.386598 1447.61
0.392688 1422.84
0.39888 1383
0.405048 1374.67
0.411186 1362.23
0.417313 1338.18
0.423458 1320.89
0.429607 1303.34
0.435692 1287.74
0.441815 1267.57
0.447964 1254.48
0.454126 1239.57
0.460267 1226.06
0.466387 1202.92
0.47254 1186.77
0.478662 1166.55
0.484765 1162.22
0.490885 1161.67
0.497035 1136.47
0.503198 1118.17
0.509342 1103.45
0.515458 1097.94
0.521598 1085.78
0.527764 1073.29
0.533884 1054.88
0.54 1052.37
0.546137 1039.23
0.552299 1033.63
0.558452 1024.11
0.564573 1004.27
0.570708 998.84
0.576825 981.738
0.582926 978.265
0.589034 965.236
0.595184 959.956
0.601379 947.813
0.607522 938.32
0.613639 924.261
0.619772 915.5
0.625918 900.929
0.632068 894.957
0.638161 894.671
0.6443 887.447
0.650464 880.933
0.656582 867.388
0.662703 855.605
0.668861 852.9
0.675024 841.623
0.681124 834.994
0.687237 833.175
0.693381 817.565
0.699536 807.817
0.705665 802.16
0.711789 795.805
0.717957 792.071
0.72409 782.03
0.730186 774.085
0.736317 765.743
0.742472 767.068
0.748622 757.987
0.75476 748.256
0.760888 740.415
0.767043 739.663
0.773185 730.558
0.779291 724.159
0.785407 714.533
0.791564 714.513
0.797719 705.812
0.803834 702.759
0.809972 690.392
0.816124 688.572
0.822261 682.628
0.828378 676.807
0.834502 670.762
0.840667 662.942
0.846816 657.161
0.852925 655.945
0.859047 648.938
0.865192 643.997
0.871341 636.704
0.877463 632.254
0.883569 627.183
0.889708 620.821
0.895864 615.266
0.902008 610.237
0.908149 606.868
0.914301 600.891
0.920448 595.952
0.926574 594.449
0.932687 585.07
0.938823 579.759
0.944975 574.525
0.951105 570.806
0.957225 568.538
0.963368 562.666
0.969511 556.977
0.975621 553.167
0.981748 548.285
0.987916 545.179
0.99406 541.088
1.00019 531.85
1.00632 529.695
1.01246 525.311
1.01859 519.848
1.02471 517.383
1.03085 511.433
1.03698 507.958
1.04314 503.248
1.04929 500.112
1.05541 495.51
1.06154 491.173
1.06769 486.996
1.07382 485.325
1.07993 477.826
1.08607 478.092
1.09222 473.671
1.09836 467.722
1.10449 462.012
1.11063 459.466
1.11677 455.386
1.1229 452.642
1.12903 449.203
1.13518 444.4
1.14131 441.295
1.14745 438.942
1.15359 435.459
1.15973 431.959
1.16584 426.448
1.17197 424.323
1.17811 420.831
1.18424 418.026
1.19038 413.8
1.19652 410.502
1.20267 406.828
1.20881 405.162
1.21495 400.792
1.22108 395.262
1.2272 391.908
1.23334 389.708
1.23949 387.068
1.24562 383.859
1.25174 378.598
1.25789 377.424
1.26402 374.692
1.27014 372.865
1.27628 368.891
1.28244 362.866
1.28858 361.905
1.29471 358.024
1.30084 355.814
1.30697 352.909
1.31312 350.159
1.31925 347.137
1.32537 345.435
1.33151 342.949
1.33765 339.082
1.34378 335.331
1.34992 333.855
1.35606 330.653
1.3622 328.672
1.36833 325.978
1.37445 321.781
1.38059 320.123
1.38675 317.255
1.39288 315.563
1.39901 312.732
1.40515 309.909
1.4113 306.996
1.41742 304.584
1.42355 301.749
1.4297 299.467
1.43585 296.332
1.44198 294.544
1.44809 292.556
1.45423 288.835
1.46036 287.277
1.46649 284.921
1.47263 281.937
1.47877 280.139
1.48491 278.016
1.49104 275.699
1.49718 273.582
1.50333 271.127
1.50947 268.795
1.5156 267.166
1.52172 264.168
1.52787 261.913
1.534 259.635
1.54013 257.625
1.54627 256.336
1.55241 254.062
1.55855 251.639
1.56467 249.205
1.5708 247.935
