0.00783031 -2371.95
0.013688 1964.84
0.019231 1478.28
0.0249154 -936.367
0.0312784 -412.125
0.0375637 219.292
0.0433917 436.404
0.0492413 323.395
0.0555754 187.101
0.0619321 306.006
0.067871 521.56
0.0738098 506.042
0.0800417 864.062
0.0862327 752.757
0.0921407 451.356
0.0982031 854.415
0.104506 907.843
0.110769 970.172
0.116806 846.899
0.122832 775.466
0.129052 983.053
0.135211 924.303
0.141259 1059.34
0.147318 1104.59
0.153489 1049.93
0.159709 1188.43
0.165845 1079.89
0.171974 1112.71
0.178125 1134.63
0.184229 1195.56
0.19034 1216.7
0.196428 1134.35
0.202534 1152.97
0.208729 1153.11
0.214876 1174.93
0.220989 1165.7
0.227147 1189.04
0.23329 1201.25
0.239377 1201.73
0.245482 1197.78
0.251667 1171.1
0.257832 1167.64
0.263955 1175.67
0.270079 1206.59
0.27624 1210.03
0.282372 1155.99
0.28843 1218.48
0.294538 1176.55
0.300721 1182.47
0.30691 1201.6
0.313033 1180.49
0.319153 1194.28
0.325316 1151
0.33145 1193
0.337538 1166.97
0.343633 1169.9
0.349808 1156.7
0.355968 1168.34
0.362074 1167.55
0.368217 1155.93
0.374374 1151.52
0.380519 1160.83
0.386598 1140.66
0.392688 1160.36
0.39888 1126.5
0.405048 1134.86
0.411186 1142.33
0.417313 1134.49
0.423458 1128.19
0.429607 1121.47
0.435692 1124.39
0.441815 1124.89
0.447964 1117.41
0.454126 1104.05
0.460267 1113.84
0.466387 1088.99
0.47254 1094.3
0.478662 1083.17
0.484765 1091.95
0.490885 1095.9
0.497035 1084.7
0.503198 1079.22
0.509342 1057.73
0.515458 1080.39
0.521598 1067.85
0.527764 1057.9
0.533884 1054.87
0.54 1055.85
0.546137 1052.07
0.552299 1055.9
0.558452 1048.9
0.564573 1034.95
0.570708 1037.34
0.576825 1020.19
0.582926 1030.29
0.589034 1016.22
0.595184 1018.71
0.601379 1013.74
0.607522 1006.5
0.613639 997.003
0.619772 995.309
0.625918 982.937
0.632068 980.679
0.638161 989.939
0.6443 981.277
0.650464 985.951
0.656582 968.754
0.662703 963.157
0.668861 965.461
0.675024 954.841
0.681124 950.828
0.687237 957.413
0.693381 945.105
0.699536 937.022
0.705665 931.692
0.711789 931.215
0.717957 927.339
0.72409 920.949
0.730186 913.74
0.736317 911.785
0.742472 916.803
0.748622 906.365
0.75476 899.038
0.760888 891.613
0.767043 895.503
0.773185 887.985
0.779291 882.622
0.785407 876.285
0.791564 876.792
0.797719 870.933
0.803834 869.189
0.809972 857.41
0.816124 858.11
0.822261 853.764
0.828378 849.91
0.834502 846.003
0.840667 838.085
0.846816 833.959
0.852925 834.532
0.859047 827.681
0.865192 821.662
0.871341 817.138
0.877463 815.498
0.883569 810.674
0.889708 807.27
0.895864 799.814
0.902008 797.307
0.908149 794.749
0.914301 789.636
0.920448 782.291
0.926574 784.113
0.932687 775.616
0.938823 772.386
0.944975 764.233
0.951105 766.01
0.957225 760.738
0.963368 757.192
0.969511 750.704
0.975621 748.576
0.981748 744.332
0.987916 741.336
0.99406 737.75
1.00019 727.16
1.00632 726.132
1.01246 721.358
1.01859 717.667
1.02471 715.129
1.03085 708.557
1.03698 706.331
1.04314 702.554
1.04929 698.257
1.05541 694.62
1.06154 689.491
1.06769 684.692
1.07382 685.21
1.07993 676.511
1.08607 679.161
1.09222 673.74
1.09836 666.87
1.10449 660.721
1.11063 658.126
1.11677 654.342
1.1229 652.17
1.12903 649.018
1.13518 642.023
1.14131 639.31
1.14745 638.492
1.15359 634.347
1.15973 631.337
1.16584 624.265
1.17197 624.122
1.17811 620.128
1.18424 617.57
1.19038 613.06
1.19652 609.069
1.20267 603.822
1.20881 602.911
1.21495 597.475
1.22108 591.544
1.2272 587.367
1.23334 584.803
1.23949 584.623
1.24562 580.409
1.25174 572.897
1.25789 572.496
1.26402 569.84
1.27014 569.185
1.27628 564.682
1.28244 555.712
1.28858 555.122
1.29471 551.008
1.30084 547.254
1.30697 545.787
1.31312 542.307
1.31925 538.669
1.32537 536.631
1.33151 534.795
1.33765 530.228
1.34378 525.185
1.34992 523.65
1.35606 519.259
1.3622 517.518
1.36833 514.573
1.37445 508.436
1.38059 506.57
1.38675 504.194
1.39288 501.636
1.39901 497.387
1.40515 495.591
1.4113 490.729
1.41742 487.149
1.42355 485.416
1.4297 482.006
1.43585 478.558
1.44198 476.611
1.44809 475.5
1.45423 469.631
1.46036 467.625
1.46649 464.959
1.47263 461.337
1.47877 459.162
1.48491 456.062
1.49104 453.692
1.49718 451.127
1.50333 447.66
1.50947 444.657
1.5156 442.925
1.52172 438.887
1.52787 436.21
1.534 433.31
1.54013 430.336
1.54627 429.807
1.55241 426.57
1.55855 423.255
1.56467 420.02
1.5708 419.066
