0.00783031 -193.17
0.013688 -231.44
0.019231 -243.095
0.0249154 -233.064
0.0312784 -204.957
0.0375637 -177.684
0.0433917 -172.905
0.0492413 -155.081
0.0555754 -151.797
0.0619321 -153.926
0.067871 -150.127
0.0738098 -147.402
0.0800417 -143.334
0.0862327 -140.655
0.0921407 -130.36
0.0982031 -126.844
0.104506 -121.147
0.110769 -126.692
0.116806 -123.924
0.122832 -124.533
0.129052 -126.824
0.135211 -125.532
0.141259 -124.083
0.147318 -123.782
0.153489 -122.986
0.159709 -120.157
0.165845 -123.168
0.171974 -122.338
0.178125 -122.442
0.184229 -123.46
0.19034 -123.15
0.196428 -123.511
0.202534 -121.938
0.208729 -125.033
0.214876 -124.178
0.220989 -120.863
0.227147 -125.106
0.23329 -122.336
0.239377 -124.397
0.245482 -125.206
0.251667 -127.322
0.257832 -125.229
0.263955 -122.011
0.270079 -128.91
0.27624 -125.88
0.282372 -124.081
0.28843 -125.96
0.294538 -126.954
0.300721 -126.546
0.30691 -127.042
0.313033 -127.766
0.319153 -127.343
0.325316 -128.387
0.33145 -126.372
0.337538 -125.928
0.343633 -127.942
0.349808 -127.126
0.355968 -125.38
0.362074 -130.405
0.368217 -126.84
0.374374 -128.778
0.380519 -128.774
0.386598 -127.666
0.392688 -130.855
0.39888 -128.806
0.405048 -129.733
0.411186 -129.555
0.417313 -129.316
0.423458 -130.485
0.429607 -129.247
0.435692 -132.171
0.441815 -130.935
0.447964 -131.889
0.454126 -131.459
0.460267 -131.364
0.466387 -131.765
0.47254 -131.129
0.478662 -129.796
0.484765 -130.808
0.490885 -131.201
0.497035 -131.651
0.503198 -130.781
0.509342 -128.994
0.515458 -132.365
0.521598 -131.154
0.527764 -131.678
0.533884 -133.754
0.54 -131.344
0.546137 -131.626
0.552299 -131.74
0.558452 -131.968
0.564573 -132.179
0.570708 -130.935
0.576825 -131.073
0.582926 -133.204
0.589034 -131.678
0.595184 -131.688
0.601379 -133.003
0.607522 -133.576
0.613639 -131.014
0.619772 -133.022
0.625918 -134.681
0.632068 -133.683
0.638161 -133.143
0.6443 -132.968
0.650464 -132.092
0.656582 -133.527
0.662703 -133.032
0.668861 -131.109
0.675024 -131.736
0.681124 -132.408
0.687237 -131.678
0.693381 -132.832
0.699536 -132.107
0.705665 -132.805
0.711789 -133.089
0.717957 -132.242
0.72409 -131.63
0.730186 -132.748
0.736317 -132.36
0.742472 -132.502
0.748622 -133.729
0.75476 -131.507
0.760888 -133.361
0.767043 -132.258
0.773185 -132.655
0.779291 -131.705
0.785407 -132.745
0.791564 -131.841
0.797719 -132.601
0.803834 -132.151
0.809972 -132.3
0.816124 -131.023
0.822261 -132.178
0.828378 -131.868
0.834502 -131.575
0.840667 -132.406
0.846816 -132.054
0.852925 -131.525
0.859047 -131.768
0.865192 -130.798
0.871341 -132.492
0.877463 -131.62
0.883569 -132.447
0.889708 -131.843
0.895864 -131.586
0.902008 -131.368
0.908149 -130.584
0.914301 -132.309
0.920448 -131.967
0.926574 -130.717
0.932687 -131.851
0.938823 -131.634
0.944975 -131.386
0.951105 -131.349
0.957225 -130.265
0.963368 -131.045
0.969511 -129.315
0.975621 -131.384
0.981748 -130.814
0.987916 -130.409
0.99406 -130.982
1.00019 -129.512
1.00632 -130.085
1.01246 -130.317
1.01859 -129.68
1.02471 -129.27
1.03085 -129.779
1.03698 -130.234
1.04314 -130.499
1.04929 -130.421
1.05541 -130.626
1.06154 -129.278
1.06769 -130.36
1.07382 -131.005
1.07993 -129.946
1.08607 -130.472
1.09222 -129.817
1.09836 -130.441
1.10449 -129.716
1.11063 -129.435
1.11677 -129.439
1.1229 -128.671
1.12903 -129.517
1.13518 -128.672
1.14131 -128.755
1.14745 -129.092
1.15359 -128.654
1.15973 -128.577
1.16584 -128.825
1.17197 -128.182
1.17811 -127.842
1.18424 -128.46
1.19038 -127.662
1.19652 -128.129
1.20267 -128.059
1.20881 -128.257
1.21495 -127.839
1.22108 -127.296
1.2272 -128.028
1.23334 -126.928
1.23949 -127.178
1.24562 -128.035
1.25174 -126.873
1.25789 -126.818
1.26402 -127.398
1.27014 -126.954
1.27628 -126.335
1.28244 -127.197
1.28858 -126.664
1.29471 -126.322
1.30084 -126.009
1.30697 -126.104
1.31312 -125.435
1.31925 -125.417
1.32537 -125.665
1.33151 -124.914
1.33765 -125.218
1.34378 -125.012
1.34992 -125.155
1.35606 -125.179
1.3622 -125.65
1.36833 -124.951
1.37445 -123.575
1.38059 -124.493
1.38675 -124.315
1.39288 -125.178
1.39901 -123.695
1.40515 -123.842
1.4113 -123.852
1.41742 -123.443
1.42355 -122.905
1.4297 -123.293
1.43585 -122.641
1.44198 -123.264
1.44809 -123.152
1.45423 -122.51
1.46036 -122.204
1.46649 -121.52
1.47263 -122.76
1.47877 -122.558
1.48491 -122.066
1.49104 -121.862
1.49718 -121.803
1.50333 -121.233
1.50947 -121.262
1.5156 -121.217
1.52172 -121.568
1.52787 -120.494
1.534 -120.734
1.54013 -120.096
1.54627 -120.213
1.55241 -119.8
1.55855 -119.988
1.56467 -119.429
1.5708 -119.772
