0.00783031 20556.9
0.013688 24979.5
0.019231 25402.1
0.0249154 23538.3
0.0312784 20369.6
0.0375637 17092
0.0433917 15017.7
0.0492413 13044.5
0.0555754 11787.9
0.0619321 11397.4
0.067871 10378.8
0.0738098 9648.7
0.0800417 8581.05
0.0862327 7828.18
0.0921407 6880.39
0.0982031 6214.27
0.104506 5594.18
0.110769 5390.73
0.116806 4955.78
0.122832 4722.85
0.129052 4448.34
0.135211 4194.44
0.141259 3869.79
0.147318 3675.6
0.153489 3453.89
0.159709 3236.67
0.165845 3090.07
0.171974 2962.94
0.178125 2816.67
0.184229 2713.54
0.19034 2569.19
0.196428 2463.18
0.202534 2362.4
0.208729 2291.17
0.214876 2214.14
0.220989 2071.42
0.227147 2037.46
0.23329 1940.08
0.239377 1876.46
0.245482 1829.23
0.251667 1801.11
0.257832 1723.45
0.263955 1630.86
0.270079 1632.78
0.27624 1576.71
0.282372 1516.29
0.28843 1487.5
0.294538 1455.1
0.300721 1414.05
0.30691 1380.07
0.313033 1341.97
0.319153 1317.73
0.325316 1282.32
0.33145 1235.37
0.337538 1220.14
0.343633 1195.79
0.349808 1171.64
0.355968 1116.36
0.362074 1136.56
0.368217 1090.79
0.374374 1076.91
0.380519 1051.39
0.386598 1027.51
0.392688 1021.19
0.39888 987.348
0.405048 981.206
0.411186 959.3
0.417313 933.75
0.423458 928.054
0.429607 909.086
0.435692 907.321
0.441815 883.654
0.447964 864.258
0.454126 850.394
0.460267 836.804
0.466387 829.112
0.47254 812.368
0.478662 794.978
0.484765 780.516
0.490885 775.689
0.497035 764.404
0.503198 751.596
0.509342 734.303
0.515458 734.558
0.521598 723.223
0.527764 711.599
0.533884 705.379
0.54 688.499
0.546137 678.037
0.552299 672.871
0.558452 669.072
0.564573 660.675
0.570708 643.415
0.576825 634.749
0.582926 632.61
0.589034 623.903
0.595184 616.381
0.601379 610.933
0.607522 599.945
0.613639 593.014
0.619772 590.535
0.625918 579.375
0.632068 575.124
0.638161 565.553
0.6443 557.378
0.650464 551.013
0.656582 547.981
0.662703 538.827
0.668861 531.929
0.675024 527.393
0.681124 519.171
0.687237 512.445
0.693381 507.414
0.699536 502.281
0.705665 494.224
0.711789 491.822
0.717957 487.463
0.72409 477.67
0.730186 475.096
0.736317 469.404
0.742472 467.886
0.748622 460.909
0.75476 455.593
0.760888 452.276
0.767043 443.755
0.773185 440.457
0.779291 435.692
0.785407 428.663
0.791564 427.789
0.797719 421.609
0.803834 416.964
0.809972 413.682
0.816124 406.584
0.822261 404.749
0.828378 401.239
0.834502 394.595
0.840667 392.005
0.846816 388.142
0.852925 382.938
0.859047 380.694
0.865192 374.371
0.871341 374.094
0.877463 366.413
0.883569 365.627
0.889708 360.776
0.895864 356.853
0.902008 353.294
0.908149 349.804
0.914301 348.6
0.920448 343.185
0.926574 338.298
0.932687 336.398
0.938823 333.244
0.944975 328.097
0.951105 327.736
0.957225 321.771
0.963368 319.95
0.969511 315.557
0.975621 312.804
0.981748 309.567
0.987916 306.651
0.99406 304.474
1.00019 301.196
1.00632 297.545
1.01246 295.095
1.01859 291.688
1.02471 288.263
1.03085 286.313
1.03698 283.749
1.04314 280.92
1.04929 278.183
1.05541 275.444
1.06154 272.02
1.06769 269.926
1.07382 267.892
1.07993 264.471
1.08607 261.883
1.09222 258.239
1.09836 257.546
1.10449 254.308
1.11063 251.5
1.11677 248.737
1.1229 246.379
1.12903 243.969
1.13518 242.127
1.14131 239.763
1.14745 237.252
1.15359 235.274
1.15973 233.094
1.16584 230.188
1.17197 227.544
1.17811 225.226
1.18424 223.792
1.19038 221.446
1.19652 219.437
1.20267 216.569
1.20881 215.292
1.21495 212.928
1.22108 210.119
1.2272 209.294
1.23334 206.542
1.23949 205.308
1.24562 203.459
1.25174 200.43
1.25789 198.76
1.26402 197.068
1.27014 194.833
1.27628 193.125
1.28244 192.436
1.28858 190.688
1.29471 188.591
1.30084 186.178
1.30697 184.759
1.31312 182.958
1.31925 181.067
1.32537 179.145
1.33151 177.277
1.33765 175.825
1.34378 174.254
1.34992 172.415
1.35606 171.623
1.3622 169.361
1.36833 167.838
1.37445 166.236
1.38059 165.287
1.38675 162.755
1.39288 161.705
1.39901 160.479
1.40515 158.391
1.4113 157.131
1.41742 155.769
1.42355 154.466
1.4297 152.808
1.43585 151.67
1.44198 150.228
1.44809 148.894
1.45423 147.178
1.46036 145.79
1.46649 144.663
1.47263 143.077
1.47877 142.344
1.48491 140.643
1.49104 139.164
1.49718 137.983
1.50333 136.819
1.50947 135.285
1.5156 134.262
1.52172 132.887
1.52787 131.594
1.534 130.911
1.54013 129.3
1.54627 128.354
1.55241 126.968
1.55855 125.7
1.56467 124.744
1.5708 123.656
