0.00783031 -189.071
0.013688 -226.689
0.019231 -236.948
0.0249154 -227.026
0.0312784 -199.168
0.0375637 -172.183
0.0433917 -166.29
0.0492413 -148.628
0.0555754 -144.373
0.0619321 -145.356
0.067871 -141.215
0.0738098 -137.947
0.0800417 -133.182
0.0862327 -129.493
0.0921407 -119.578
0.0982031 -115.271
0.104506 -109.733
0.110769 -113.667
0.116806 -110.855
0.122832 -110.695
0.129052 -112.432
0.135211 -110.589
0.141259 -108.662
0.147318 -107.683
0.153489 -105.86
0.159709 -103.157
0.165845 -105.119
0.171974 -103.611
0.178125 -102.863
0.184229 -103.568
0.19034 -103.082
0.196428 -102.383
0.202534 -100.656
0.208729 -102.293
0.214876 -101.096
0.220989 -97.8524
0.227147 -100.954
0.23329 -98.0888
0.239377 -98.9826
0.245482 -99.3294
0.251667 -100.497
0.257832 -98.4006
0.263955 -95.3587
0.270079 -99.9318
0.27624 -97.1226
0.282372 -95.3727
0.28843 -96.4368
0.294538 -96.6975
0.300721 -95.9496
0.30691 -95.472
0.313033 -95.8741
0.319153 -95.1242
0.325316 -94.9039
0.33145 -93.3321
0.337538 -92.4936
0.343633 -93.6878
0.349808 -92.64
0.355968 -90.9428
0.362074 -93.6923
0.368217 -91.0631
0.374374 -92.2959
0.380519 -91.5488
0.386598 -90.276
0.392688 -92.2638
0.39888 -90.0128
0.405048 -90.4161
0.411186 -90.1475
0.417313 -89.2639
0.423458 -89.7469
0.429607 -88.512
0.435692 -89.9328
0.441815 -88.7426
0.447964 -88.963
0.454126 -88.2002
0.460267 -87.6635
0.466387 -87.5808
0.47254 -86.8903
0.478662 -85.7573
0.484765 -85.7734
0.490885 -85.7843
0.497035 -85.6312
0.503198 -84.8495
0.509342 -83.2649
0.515458 -85.0199
0.521598 -83.912
0.527764 -83.741
0.533884 -84.5131
0.54 -82.7797
0.546137 -82.6187
0.552299 -82.1495
0.558452 -82.0671
0.564573 -81.8263
0.570708 -80.5868
0.576825 -80.3146
0.582926 -81.5233
0.589034 -80.0394
0.595184 -79.658
0.601379 -79.9946
0.607522 -80.108
0.613639 -78.2725
0.619772 -79.1731
0.625918 -79.6472
0.632068 -78.6869
0.638161 -77.967
0.6443 -77.6214
0.650464 -76.7015
0.656582 -77.3311
0.662703 -76.3994
0.668861 -75.0901
0.675024 -75.1072
0.681124 -75.286
0.687237 -74.4079
0.693381 -74.6906
0.699536 -73.9534
0.705665 -74.0163
0.711789 -73.8102
0.717957 -73.0443
0.72409 -72.2529
0.730186 -72.8181
0.736317 -72.1493
0.742472 -71.8487
0.748622 -72.2102
0.75476 -70.3902
0.760888 -71.3338
0.767043 -70.3403
0.773185 -70.1591
0.779291 -69.3135
0.785407 -69.5745
0.791564 -68.7789
0.797719 -68.7436
0.803834 -68.216
0.809972 -68.0382
0.816124 -66.9592
0.822261 -67.1937
0.828378 -66.7177
0.834502 -66.2685
0.840667 -66.319
0.846816 -65.8193
0.852925 -65.1188
0.859047 -65.1353
0.865192 -64.1251
0.871341 -64.7498
0.877463 -63.9221
0.883569 -64.1952
0.889708 -63.4678
0.895864 -63.0269
0.902008 -62.5402
0.908149 -61.9124
0.914301 -62.5585
0.920448 -61.9557
0.926574 -61.0965
0.932687 -61.3784
0.938823 -60.9338
0.944975 -60.3971
0.951105 -60.1329
0.957225 -59.2152
0.963368 -59.3905
0.969511 -58.1305
0.975621 -58.9033
0.981748 -58.3694
0.987916 -57.795
0.99406 -57.9875
1.00019 -56.7787
1.00632 -56.7109
1.01246 -56.64
1.01859 -55.9089
1.02471 -55.578
1.03085 -55.4117
1.03698 -55.4435
1.04314 -55.2129
1.04929 -54.9022
1.05541 -54.7284
1.06154 -53.6162
1.06769 -53.9842
1.07382 -54.1382
1.07993 -53.263
1.08607 -53.2757
1.09222 -52.6774
1.09836 -52.6768
1.10449 -51.9901
1.11063 -51.6104
1.11677 -51.4094
1.1229 -50.7516
1.12903 -50.8643
1.13518 -50.1481
1.14131 -49.9788
1.14745 -49.731
1.15359 -49.4236
1.15973 -49.1331
1.16584 -49.0239
1.17197 -48.4725
1.17811 -47.901
1.18424 -48.1253
1.19038 -47.4963
1.19652 -47.4591
1.20267 -47.0987
1.20881 -47.0368
1.21495 -46.6492
1.22108 -46.0082
1.2272 -46.0394
1.23334 -45.478
1.23949 -45.4729
1.24562 -45.7209
1.25174 -44.7039
1.25789 -44.5742
1.26402 -44.6932
1.27014 -44.2531
1.27628 -43.691
1.28244 -43.9554
1.28858 -43.489
1.29471 -42.9786
1.30084 -42.7123
1.30697 -42.6132
1.31312 -42.0511
1.31925 -41.8666
1.32537 -41.6849
1.33151 -41.2472
1.33765 -41.1392
1.34378 -40.9628
1.34992 -40.7799
1.35606 -40.5474
1.3622 -40.5503
1.36833 -40.0544
1.37445 -39.3253
1.38059 -39.6373
1.38675 -39.1533
1.39288 -39.3686
1.39901 -38.7089
1.40515 -38.4744
1.4113 -38.3629
1.41742 -38.0934
1.42355 -37.7591
1.4297 -37.5154
1.43585 -37.1189
1.44198 -37.2705
1.44809 -37.0164
1.45423 -36.5744
1.46036 -36.3142
1.46649 -35.8707
1.47263 -36.2345
1.47877 -36.0905
1.48491 -35.6562
1.49104 -35.434
1.49718 -35.162
1.50333 -34.8974
1.50947 -34.8305
1.5156 -34.4372
1.52172 -34.4082
1.52787 -33.9067
1.534 -33.9205
1.54013 -33.4998
1.54627 -33.465
1.55241 -33.0023
1.55855 -32.9654
1.56467 -32.6738
1.5708 -32.6973
