0.00783031 3436.55
0.013688 4967.48
0.019231 5794.2
0.0249154 4995.28
0.0312784 6282.65
0.0375637 5115.64
0.0433917 4546.7
0.0492413 4405.73
0.0555754 4082.48
0.0619321 3925.06
0.067871 3498.59
0.0738098 3209.04
0.0800417 3242.09
0.0862327 3008.43
0.0921407 2783.39
0.0982031 2694.05
0.104506 2405.28
0.110769 2382.41
0.116806 2243.2
0.122832 2170.4
0.129052 2049.63
0.135211 1965.45
0.141259 1842.78
0.147318 1827.75
0.153489 1683.53
0.159709 1649.16
0.165845 1583.95
0.171974 1493.32
0.178125 1425.68
0.184229 1398.74
0.19034 1309.57
0.196428 1253.31
0.202534 1246.98
0.208729 1176.76
0.214876 1161.15
0.220989 1113.24
0.227147 1015.8
0.23329 1019.23
0.239377 981.582
0.245482 921.439
0.251667 928.653
0.257832 874.784
0.263955 851.996
0.270079 830.373
0.27624 781.199
0.282372 789.846
0.28843 766.308
0.294538 719.433
0.300721 720.369
0.30691 685.118
0.313033 688.99
0.319153 661.535
0.325316 630.88
0.33145 623.778
0.337538 604.943
0.343633 581.457
0.349808 566.084
0.355968 553.332
0.362074 543.102
0.368217 524.476
0.374374 497.445
0.380519 499.035
0.386598 477.514
0.392688 484.317
0.39888 456.737
0.405048 460.078
0.411186 444.057
0.417313 433.227
0.423458 408.474
0.429607 417.03
0.435692 388.572
0.441815 383.98
0.447964 383.122
0.454126 361.444
0.460267 360.836
0.466387 355.363
0.47254 345.173
0.478662 340.067
0.484765 320.351
0.490885 323.765
0.497035 315.584
0.503198 306.011
0.509342 292.227
0.515458 287.922
0.521598 283.194
0.527764 280.392
0.533884 271.708
0.54 261.5
0.546137 251.963
0.552299 254.15
0.558452 250.685
0.564573 240.879
0.570708 236.644
0.576825 229.188
0.582926 221.963
0.589034 225.163
0.595184 216.558
0.601379 210.122
0.607522 207.465
0.613639 193.657
0.619772 194.352
0.625918 192.093
0.632068 189.18
0.638161 173.637
0.6443 173.384
0.650464 171.848
0.656582 167.196
0.662703 163.467
0.668861 161.561
0.675024 159.067
0.681124 149.707
0.687237 151.13
0.693381 144.626
0.699536 139.22
0.705665 135.371
0.711789 135.317
0.717957 133.055
0.72409 124.295
0.730186 126.489
0.736317 118.744
0.742472 115.137
0.748622 113.402
0.75476 112.673
0.760888 108.132
0.767043 102.881
0.773185 101.194
0.779291 96.5045
0.785407 97.0909
0.791564 93.8664
0.797719 89.4467
0.803834 89.3458
0.809972 86.0086
0.816124 82.0744
0.822261 80.8377
0.828378 76.1563
0.834502 75.2213
0.840667 75.1799
0.846816 70.7011
0.852925 68.6617
0.859047 67.8233
0.865192 63.1639
0.871341 62.3388
0.877463 57.5572
0.883569 59.7353
0.889708 56.2577
0.895864 51.1878
0.902008 47.3298
0.908149 48.954
0.914301 44.9898
0.920448 44.1681
0.926574 40.722
0.932687 39.3873
0.938823 36.2201
0.944975 35.3706
0.951105 35.6139
0.957225 34.2536
0.963368 32.2013
0.969511 27.7991
0.975621 29.6022
0.981748 24.6745
0.987916 24.7427
0.99406 22.1396
1.00019 22.1121
1.00632 17.6571
1.01246 18.1729
1.01859 16.2786
1.02471 15.5781
1.03085 13.8035
1.03698 13.9769
1.04314 10.3809
1.04929 7.98163
1.05541 7.30474
1.06154 5.61756
1.06769 4.2079
1.07382 2.85848
1.07993 2.94407
1.08607 -0.586894
1.09222 -1.88616
1.09836 0.17193
1.10449 -2.30929
1.11063 -1.90356
1.11677 -4.56147
1.1229 -7.22126
1.12903 -7.40467
1.13518 -7.29648
1.14131 -8.51048
1.14745 -9.91135
1.15359 -11.7658
1.15973 -10.7815
1.16584 -11.9547
1.17197 -13.2898
1.17811 -15.5047
1.18424 -15.0532
1.19038 -15.5351
1.19652 -17.5802
1.20267 -19.6591
1.20881 -22.0236
1.21495 -18.6226
1.22108 -21.3272
1.2272 -22.53
1.23334 -22.9493
1.23949 -23.4882
1.24562 -24.2886
1.25174 -24.7933
1.25789 -24.1583
1.26402 -28.1249
1.27014 -26.646
1.27628 -27.6514
1.28244 -26.803
1.28858 -27.1853
1.29471 -31.4265
1.30084 -32.149
1.30697 -28.1275
1.31312 -32.98
1.31925 -31.9025
1.32537 -32.4822
1.33151 -32.282
1.33765 -34.8141
1.34378 -32.2107
1.34992 -33.9842
1.35606 -35.4136
1.3622 -35.528
1.36833 -37.8104
1.37445 -35.8465
1.38059 -37.2369
1.38675 -39.0937
1.39288 -38.8095
1.39901 -38.1132
1.40515 -38.6731
1.4113 -39.2
1.41742 -40.7275
1.42355 -40.7312
1.4297 -39.6793
1.43585 -41.0618
1.44198 -41.022
1.44809 -41.422
1.45423 -42.5941
1.46036 -40.9078
1.46649 -42.5167
1.47263 -42.887
1.47877 -43.3898
1.48491 -43.5359
1.49104 -44.1937
1.49718 -43.3362
1.50333 -45.4967
1.50947 -44.9183
1.5156 -45.7493
1.52172 -46.559
1.52787 -45.7026
1.534 -45.076
1.54013 -45.1491
1.54627 -46.267
1.55241 -46.1802
1.55855 -46.4958
1.56467 -46.4563
1.5708 -47.001
