0.00783031 4559.14
0.013688 421.236
0.019231 -2234.65
0.0249154 1129.04
0.0312784 1377.4
0.0375637 296.907
0.0433917 273.52
0.0492413 1413.29
0.0555754 1409.21
0.0619321 878.447
0.067871 1382.38
0.0738098 1014.09
0.0800417 1196.47
0.0862327 1261.43
0.0921407 1221.17
0.0982031 1775.31
0.104506 1743.42
0.110769 1690.91
0.116806 1700.45
0.122832 1758.57
0.129052 1792.02
0.135211 1913.78
0.141259 1911.8
0.147318 1991.94
0.153489 1883.49
0.159709 1900.14
0.165845 1861.57
0.171974 2018.84
0.178125 1972.6
0.184229 1950.02
0.19034 2020.6
0.196428 1972.44
0.202534 1944.36
0.208729 1978.82
0.214876 2017.94
0.220989 2002.8
0.227147 2045.82
0.23329 2034.68
0.239377 1990.27
0.245482 1952.62
0.251667 1967.05
0.257832 1998.9
0.263955 2005.82
0.270079 2039.34
0.27624 2033.06
0.282372 2001.39
0.28843 1991.7
0.294538 1996.13
0.300721 1989.69
0.30691 2036.92
0.313033 1984.35
0.319153 2011.05
0.325316 1957.14
0.33145 1970.93
0.337538 1978.68
0.343633 1971.1
0.349808 1984.25
0.355968 1968.67
0.362074 1972.56
0.368217 1956.55
0.374374 1971.76
0.380519 1962.21
0.386598 1936.45
0.392688 1940.6
0.39888 1964.75
0.405048 1928.01
0.411186 1946.39
0.417313 1932.4
0.423458 1928.84
0.429607 1926.17
0.435692 1914.37
0.441815 1920.78
0.447964 1919.36
0.454126 1910.35
0.460267 1900.22
0.466387 1919.95
0.47254 1897.7
0.478662 1887.88
0.484765 1895.15
0.490885 1861.95
0.497035 1884.36
0.503198 1888.58
0.509342 1854.17
0.515458 1890.82
0.521598 1856.22
0.527764 1847.7
0.533884 1866.54
0.54 1861.99
0.546137 1836.98
0.552299 1845.96
0.558452 1844
0.564573 1836.45
0.570708 1838.46
0.576825 1831.88
0.582926 1809
0.589034 1820.99
0.595184 1810.49
0.601379 1811.57
0.607522 1805.55
0.613639 1802.18
0.619772 1791.04
0.625918 1786.84
0.632068 1777.81
0.638161 1798.07
0.6443 1780.62
0.650464 1780.17
0.656582 1767.83
0.662703 1761.31
0.668861 1763.14
0.675024 1752.14
0.681124 1759.39
0.687237 1743.16
0.693381 1755.15
0.699536 1736.92
0.705665 1736.01
0.711789 1729.15
0.717957 1725.34
0.72409 1718.77
0.730186 1710.79
0.736317 1712.96
0.742472 1689.13
0.748622 1692.88
0.75476 1691.96
0.760888 1692.88
0.767043 1689.42
0.773185 1678.78
0.779291 1681.29
0.785407 1666.53
0.791564 1663.8
0.797719 1666.66
0.803834 1668.31
0.809972 1654.55
0.816124 1652.13
0.822261 1650.9
0.828378 1643.33
0.834502 1641.99
0.840667 1626.94
0.846816 1628.45
0.852925 1626.77
0.859047 1623.5
0.865192 1609.5
0.871341 1601.32
0.877463 1606.12
0.883569 1592.16
0.889708 1586.38
0.895864 1591.07
0.902008 1580.25
0.908149 1588.87
0.914301 1575.73
0.920448 1571.26
0.926574 1566.98
0.932687 1570.52
0.938823 1559.15
0.944975 1564.89
0.951105 1552.48
0.957225 1548.93
0.963368 1545.68
0.969511 1533.15
0.975621 1532.8
0.981748 1530.6
0.987916 1526.93
0.99406 1524.92
1.00019 1529.53
1.00632 1519.27
1.01246 1513
1.01859 1500.58
1.02471 1499.27
1.03085 1498.04
1.03698 1495.07
1.04314 1490.91
1.04929 1487.45
1.05541 1480.72
1.06154 1474.89
1.06769 1469.23
1.07382 1468.95
1.07993 1463.22
1.08607 1461.17
1.09222 1452.42
1.09836 1444.79
1.10449 1435.1
1.11063 1444.74
1.11677 1434.17
1.1229 1427.02
1.12903 1425.3
1.13518 1426.75
1.14131 1418.9
1.14745 1416.32
1.15359 1415.11
1.15973 1406.72
1.16584 1404.95
1.17197 1394.94
1.17811 1397.29
1.18424 1387.13
1.19038 1389.45
1.19652 1376.78
1.20267 1379.23
1.20881 1377.05
1.21495 1368.81
1.22108 1365.91
1.2272 1359.79
1.23334 1355.24
1.23949 1356.88
1.24562 1349.06
1.25174 1344.16
1.25789 1342.43
1.26402 1332.86
1.27014 1324.52
1.27628 1323.68
1.28244 1325.84
1.28858 1316.06
1.29471 1308.82
1.30084 1307.37
1.30697 1308.25
1.31312 1303.4
1.31925 1302.5
1.32537 1298.56
1.33151 1291.42
1.33765 1288.54
1.34378 1280.27
1.34992 1276.29
1.35606 1274.52
1.3622 1275.04
1.36833 1264.05
1.37445 1264.14
1.38059 1253.59
1.38675 1261.62
1.39288 1247.06
1.39901 1247.22
1.40515 1243.12
1.4113 1241.03
1.41742 1238.42
1.42355 1230.01
1.4297 1229.88
1.43585 1228.05
1.44198 1219.91
1.44809 1215.12
1.45423 1211.06
1.46036 1209.01
1.46649 1200.34
1.47263 1197.8
1.47877 1192.7
1.48491 1196.69
1.49104 1191.72
1.49718 1185.14
1.50333 1182.18
1.50947 1175.31
1.5156 1176.01
1.52172 1170.28
1.52787 1167.49
1.534 1162.98
1.54013 1157.91
1.54627 1155.27
1.55241 1150.43
1.55855 1153.39
1.56467 1143.4
1.5708 1137.87
