0.00783031 20351.5
0.013688 24994
0.019231 25735.5
0.0249154 23014.3
0.0312784 20117.8
0.0375637 16830.5
0.0433917 14662
0.0492413 13193.4
0.0555754 12056.1
0.0619321 11196.3
0.067871 10725.7
0.0738098 9629.76
0.0800417 8747.65
0.0862327 7523.26
0.0921407 6697.08
0.0982031 6364.38
0.104506 5775.62
0.110769 5176.44
0.116806 4902.63
0.122832 4677.12
0.129052 4489.9
0.135211 4170.68
0.141259 4047.53
0.147318 3795.32
0.153489 3424.67
0.159709 3287.22
0.165845 3091.24
0.171974 2993.08
0.178125 2919.7
0.184229 2779.6
0.19034 2635.94
0.196428 2491.48
0.202534 2422.76
0.208729 2287.64
0.214876 2227.98
0.220989 2187.94
0.227147 2054.88
0.23329 1990.72
0.239377 1933.2
0.245482 1856.89
0.251667 1828.44
0.257832 1772.59
0.263955 1688.97
0.270079 1650.71
0.27624 1617.34
0.282372 1560.4
0.28843 1524.5
0.294538 1469.96
0.300721 1427.83
0.30691 1437.12
0.313033 1366.95
0.319153 1359.72
0.325316 1317.74
0.33145 1295.57
0.337538 1263.98
0.343633 1240.83
0.349808 1221.34
0.355968 1187.76
0.362074 1148.56
0.368217 1128.59
0.374374 1128.08
0.380519 1093.02
0.386598 1086.33
0.392688 1055.71
0.39888 1046.37
0.405048 1022.46
0.411186 1007.35
0.417313 981.816
0.423458 974.671
0.429607 952.158
0.435692 937.068
0.441815 926.987
0.447964 917.42
0.454126 902.459
0.460267 874.446
0.466387 874.697
0.47254 862.392
0.478662 847.269
0.484765 834.708
0.490885 822.788
0.497035 809.036
0.503198 809.587
0.509342 791.178
0.515458 792.922
0.521598 769.75
0.527764 761.18
0.533884 753.935
0.54 746.536
0.546137 735.284
0.552299 725.666
0.558452 719.005
0.564573 708.059
0.570708 701.091
0.576825 693.277
0.582926 680.252
0.589034 676.608
0.595184 667.183
0.601379 661.479
0.607522 653.373
0.613639 646.391
0.619772 639.709
0.625918 629.097
0.632068 625.317
0.638161 623.548
0.6443 613.681
0.650464 608.96
0.656582 600.128
0.662703 596.666
0.668861 589.847
0.675024 581.27
0.681124 577.612
0.687237 569.29
0.693381 568.346
0.699536 559.115
0.705665 554.769
0.711789 548.73
0.717957 542.962
0.72409 537.353
0.730186 531.549
0.736317 528.271
0.742472 519.741
0.748622 516.454
0.75476 512.744
0.760888 509.733
0.767043 502.795
0.773185 499.131
0.779291 497.469
0.785407 489.773
0.791564 485
0.797719 481.892
0.803834 477.268
0.809972 472.903
0.816124 470.297
0.822261 465.427
0.828378 461.852
0.834502 458.287
0.840667 450.878
0.846816 448.611
0.852925 446.105
0.859047 442.297
0.865192 434.782
0.871341 431.455
0.877463 429.413
0.883569 424.393
0.889708 420.02
0.895864 418.121
0.902008 413.63
0.908149 412.027
0.914301 408.093
0.920448 403.731
0.926574 400.865
0.932687 399.63
0.938823 394.104
0.944975 392.615
0.951105 387.755
0.957225 384.898
0.963368 382.504
0.969511 377.998
0.975621 374.708
0.981748 372.434
0.987916 369.534
0.99406 366.504
1.00019 364.698
1.00632 362.289
1.01246 359.47
1.01859 353.935
1.02471 351.919
1.03085 348.855
1.03698 347.392
1.04314 344.46
1.04929 341.291
1.05541 338.153
1.06154 334.928
1.06769 332.184
1.07382 331.23
1.07993 327.434
1.08607 325.277
1.09222 322.541
1.09836 319.061
1.10449 315.32
1.11063 316.041
1.11677 311.953
1.1229 308.821
1.12903 306.872
1.13518 305.47
1.14131 302.405
1.14745 300.446
1.15359 297.89
1.15973 295.22
1.16584 293.466
1.17197 290.724
1.17811 288.739
1.18424 286.144
1.19038 284.897
1.19652 281.054
1.20267 280.199
1.20881 277.707
1.21495 275.123
1.22108 273.58
1.2272 270.573
1.23334 269.442
1.23949 267.443
1.24562 264.84
1.25174 263.121
1.25789 260.822
1.26402 258.608
1.27014 255.602
1.27628 254.8
1.28244 253.619
1.28858 249.977
1.29471 247.665
1.30084 246.501
1.30697 245.309
1.31312 242.821
1.31925 241.702
1.32537 240.26
1.33151 237.601
1.33765 235.911
1.34378 233.373
1.34992 231.818
1.35606 230.45
1.3622 229.04
1.36833 226.295
1.37445 225.178
1.38059 222.914
1.38675 222.131
1.39288 219.806
1.39901 218.234
1.40515 216.664
1.4113 215.498
1.41742 213.434
1.42355 211.655
1.4297 210.253
1.43585 209.148
1.44198 206.86
1.44809 205.307
1.45423 203.719
1.46036 202.189
1.46649 200.034
1.47263 198.577
1.47877 197.206
1.48491 196.155
1.49104 195.028
1.49718 192.959
1.50333 191.591
1.50947 189.897
1.5156 188.989
1.52172 187.22
1.52787 186.11
1.534 184.686
1.54013 182.951
1.54627 181.478
1.55241 179.971
1.55855 179.378
1.56467 177.245
1.5708 175.849
