0.00783031 -463.593
0.013688 -3588.2
0.019231 1184.76
0.0249154 -1076.46
0.0312784 -164.12
0.0375637 484.337
0.0433917 978.615
0.0492413 160.62
0.0555754 650.339
0.0619321 354.314
0.067871 577.697
0.0738098 436.324
0.0800417 592.781
0.0862327 766.847
0.0921407 608.632
0.0982031 1017.33
0.104506 765.267
0.110769 974.035
0.116806 953.536
0.122832 958.388
0.129052 973.661
0.135211 1092.1
0.141259 1036.9
0.147318 1017.67
0.153489 1147.15
0.159709 1121.71
0.165845 1122.67
0.171974 1099.45
0.178125 1091.57
0.184229 1148.43
0.19034 1138.62
0.196428 1208.98
0.202534 1237.03
0.208729 1263.1
0.214876 1167.9
0.220989 1202.58
0.227147 1269.11
0.23329 1202.38
0.239377 1189.85
0.245482 1259.96
0.251667 1252.19
0.257832 1241.1
0.263955 1225.05
0.270079 1247.74
0.27624 1238.49
0.282372 1217.92
0.28843 1221.24
0.294538 1222.5
0.300721 1209.87
0.30691 1224.47
0.313033 1199.4
0.319153 1205.77
0.325316 1198.1
0.33145 1202.66
0.337538 1174.08
0.343633 1174.24
0.349808 1191.45
0.355968 1193.82
0.362074 1195.89
0.368217 1168.63
0.374374 1202.02
0.380519 1200.19
0.386598 1166.15
0.392688 1193.94
0.39888 1150.32
0.405048 1169.58
0.411186 1182.49
0.417313 1147.8
0.423458 1148.87
0.429607 1151.61
0.435692 1150.86
0.441815 1138.5
0.447964 1148.87
0.454126 1140.91
0.460267 1125.73
0.466387 1132.06
0.47254 1133.35
0.478662 1111.14
0.484765 1116.13
0.490885 1104.66
0.497035 1126.13
0.503198 1093.71
0.509342 1088.41
0.515458 1093.07
0.521598 1083.28
0.527764 1110.61
0.533884 1063.1
0.54 1075.94
0.546137 1069.42
0.552299 1070.77
0.558452 1059.98
0.564573 1065.66
0.570708 1048.96
0.576825 1038.37
0.582926 1051.63
0.589034 1039.84
0.595184 1028.44
0.601379 1022.79
0.607522 1026.3
0.613639 1018.98
0.619772 1019.57
0.625918 1015.89
0.632068 1010.29
0.638161 1003.46
0.6443 1000.29
0.650464 991.905
0.656582 985.047
0.662703 989.332
0.668861 980.29
0.675024 972.879
0.681124 966.744
0.687237 969.519
0.693381 953.678
0.699536 952.889
0.705665 959.715
0.711789 946.867
0.717957 946.391
0.72409 945.644
0.730186 934.781
0.736317 930.864
0.742472 926.209
0.748622 923.363
0.75476 916.259
0.760888 909.294
0.767043 910.286
0.773185 902.9
0.779291 891.332
0.785407 889.813
0.791564 887.926
0.797719 886.752
0.803834 883.394
0.809972 873.324
0.816124 873.894
0.822261 865.221
0.828378 860.537
0.834502 860.83
0.840667 853.344
0.846816 847.07
0.852925 843.101
0.859047 842.353
0.865192 835.544
0.871341 837.75
0.877463 829.121
0.883569 827.372
0.889708 819.461
0.895864 808.834
0.902008 811.134
0.908149 811.297
0.914301 800.339
0.920448 798.022
0.926574 796.409
0.932687 790.6
0.938823 780.61
0.944975 780.754
0.951105 775.065
0.957225 765.218
0.963368 767.054
0.969511 761.511
0.975621 761.349
0.981748 749.252
0.987916 747.741
0.99406 745.237
1.00019 739.259
1.00632 735.509
1.01246 733.593
1.01859 728.683
1.02471 723.069
1.03085 720.962
1.03698 715.182
1.04314 709.09
1.04929 707.779
1.05541 701.522
1.06154 697.037
1.06769 694.673
1.07382 688.296
1.07993 689.874
1.08607 682.202
1.09222 678.813
1.09836 672.478
1.10449 670.494
1.11063 668.812
1.11677 662.826
1.1229 662.095
1.12903 656.601
1.13518 651.164
1.14131 646.207
1.14745 643.619
1.15359 637.396
1.15973 637.85
1.16584 629.608
1.17197 630.488
1.17811 622.936
1.18424 620.609
1.19038 616.785
1.19652 613.706
1.20267 610.135
1.20881 608.024
1.21495 601.491
1.22108 598.9
1.2272 594.404
1.23334 590.687
1.23949 587.44
1.24562 584.056
1.25174 582.743
1.25789 574.752
1.26402 573.789
1.27014 571.26
1.27628 567.371
1.28244 564.309
1.28858 560.473
1.29471 556.318
1.30084 553.277
1.30697 548.6
1.31312 547.899
1.31925 542.111
1.32537 540.479
1.33151 535.568
1.33765 533.165
1.34378 530.492
1.34992 524.515
1.35606 522.864
1.3622 519.548
1.36833 514.967
1.37445 514.415
1.38059 511.59
1.38675 507.867
1.39288 504.149
1.39901 500.397
1.40515 498.158
1.4113 494.233
1.41742 492.474
1.42355 487.342
1.4297 484.433
1.43585 481.645
1.44198 478.766
1.44809 475.536
1.45423 472.209
1.46036 469.876
1.46649 467.723
1.47263 463.718
1.47877 461.433
1.48491 458.649
1.49104 454.59
1.49718 451.443
1.50333 448.933
1.50947 445.323
1.5156 443.664
1.52172 441.009
1.52787 437.68
1.534 436.688
1.54013 432.953
1.54627 430.675
1.55241 427.912
1.55855 424.756
1.56467 422.255
1.5708 419.709
