0.00783031 20401.2
0.013688 25302.7
0.019231 26011.1
0.0249154 23443.4
0.0312784 20836.3
0.0375637 17705.4
0.0433917 14984.9
0.0492413 13748.6
0.0555754 12768.8
0.0619321 11568
0.067871 10749.4
0.0738098 10184.7
0.0800417 8976.38
0.0862327 8050.94
0.0921407 7284.08
0.0982031 6704.78
0.104506 6226.6
0.110769 5810.36
0.116806 5499.33
0.122832 5126.82
0.129052 5145.7
0.135211 4722.16
0.141259 4532.92
0.147318 4165.02
0.153489 4063.26
0.159709 3755.63
0.165845 3637.72
0.171974 3457.92
0.178125 3240.23
0.184229 3202.37
0.19034 3104.96
0.196428 3018.27
0.202534 2923.96
0.208729 2852.61
0.214876 2674.95
0.220989 2609.93
0.227147 2545.36
0.23329 2444.57
0.239377 2359.59
0.245482 2352.97
0.251667 2267.56
0.257832 2206.61
0.263955 2150.69
0.270079 2092.15
0.27624 2035.55
0.282372 1975.93
0.28843 1945.39
0.294538 1915.53
0.300721 1854.27
0.30691 1842.07
0.313033 1783.89
0.319153 1773.56
0.325316 1718.91
0.33145 1688.82
0.337538 1639.38
0.343633 1614.29
0.349808 1600.29
0.355968 1572.71
0.362074 1559.14
0.368217 1509.6
0.374374 1508.4
0.380519 1483.51
0.386598 1445.43
0.392688 1452.68
0.39888 1398.99
0.405048 1398.24
0.411186 1378.67
0.417313 1348.99
0.423458 1328.79
0.429607 1316.9
0.435692 1309.54
0.441815 1273.66
0.447964 1266.74
0.454126 1254.91
0.460267 1224.78
0.466387 1218.77
0.47254 1210.51
0.478662 1183.49
0.484765 1182.65
0.490885 1162.22
0.497035 1157.83
0.503198 1130.27
0.509342 1115.29
0.515458 1108.2
0.521598 1086.15
0.527764 1094.7
0.533884 1062.56
0.54 1060.04
0.546137 1050.41
0.552299 1040.05
0.558452 1028.7
0.564573 1022.57
0.570708 1004.79
0.576825 991.033
0.582926 992.763
0.589034 976.956
0.595184 963.609
0.601379 953.102
0.607522 945.613
0.613639 933.002
0.619772 928.835
0.625918 919.757
0.632068 911.949
0.638161 903.455
0.6443 895.113
0.650464 881.899
0.656582 872.862
0.662703 871.234
0.668861 861.48
0.675024 848.424
0.681124 840.119
0.687237 837.926
0.693381 825.661
0.699536 817.681
0.705665 815.566
0.711789 806.21
0.717957 800.641
0.72409 794.38
0.730186 785.468
0.736317 777.567
0.742472 772.178
0.748622 766.249
0.75476 757.302
0.760888 748.117
0.767043 744.644
0.773185 737.453
0.779291 726.393
0.785407 722.585
0.791564 719.857
0.797719 712.767
0.803834 705.679
0.809972 700.787
0.816124 698.677
0.822261 687.44
0.828378 679.057
0.834502 677.786
0.840667 670.561
0.846816 664.366
0.852925 658.03
0.859047 654.348
0.865192 647.039
0.871341 647.757
0.877463 638.319
0.883569 634.01
0.889708 626.859
0.895864 619.276
0.902008 617.091
0.908149 613.778
0.914301 606.257
0.920448 601.891
0.926574 598.414
0.932687 591.367
0.938823 584.537
0.944975 581.584
0.951105 577.263
0.957225 566.94
0.963368 567.336
0.969511 561.519
0.975621 558.704
0.981748 550.29
0.987916 548.213
0.99406 543.198
1.00019 537.832
1.00632 532.358
1.01246 530.633
1.01859 524.974
1.02471 520.847
1.03085 516.131
1.03698 510.751
1.04314 506.115
1.04929 504.224
1.05541 498.918
1.06154 494.795
1.06769 490.251
1.07382 484.618
1.07993 483.41
1.08607 478.42
1.09222 473.985
1.09836 469.993
1.10449 467.401
1.11063 463.625
1.11677 459.403
1.1229 455.912
1.12903 451.499
1.13518 446.929
1.14131 442.712
1.14745 439.879
1.15359 435.109
1.15973 433.651
1.16584 428.041
1.17197 426.445
1.17811 421.442
1.18424 418.277
1.19038 415.217
1.19652 411.97
1.20267 408.723
1.20881 405.33
1.21495 401.155
1.22108 398.521
1.2272 394.514
1.23334 390.48
1.23949 387.771
1.24562 385.31
1.25174 382.604
1.25789 377.704
1.26402 375.33
1.27014 372.428
1.27628 369.83
1.28244 367.117
1.28858 363.773
1.29471 360.11
1.30084 357.067
1.30697 353.637
1.31312 351.991
1.31925 347.717
1.32537 345.284
1.33151 341.742
1.33765 340.023
1.34378 337.16
1.34992 333.541
1.35606 331.505
1.3622 328.561
1.36833 325.08
1.37445 323.601
1.38059 320.702
1.38675 317.916
1.39288 315.134
1.39901 312.17
1.40515 310.368
1.4113 306.801
1.41742 305.211
1.42355 301.551
1.4297 298.904
1.43585 296.766
1.44198 293.995
1.44809 292.134
1.45423 289.516
1.46036 287.634
1.46649 285.17
1.47263 282.186
1.47877 280.257
1.48491 278.1
1.49104 275.664
1.49718 272.767
1.50333 270.73
1.50947 268.181
1.5156 266.361
1.52172 264.171
1.52787 261.604
1.534 260.533
1.54013 258.023
1.54627 256.132
1.55241 253.945
1.55855 251.71
1.56467 249.511
1.5708 247.425
