0.00783031 0.951557
0.013688 1.3264
0.019231 1.49817
0.0249154 1.50763
0.0312784 1.50385
0.0375637 1.48086
0.0433917 1.42711
0.0492413 1.45135
0.0555754 1.62658
0.0619321 1.85515
0.067871 1.94558
0.0738098 2.10636
0.0800417 2.18533
0.0862327 2.33011
0.0921407 2.39936
0.0982031 2.56579
0.104506 2.71867
0.110769 2.90068
0.116806 3.11832
0.122832 3.32494
0.129052 3.70465
0.135211 3.82364
0.141259 4.16913
0.147318 4.37109
0.153489 4.72642
0.159709 4.81907
0.165845 5.22593
0.171974 5.52824
0.178125 5.77361
0.184229 6.19666
0.19034 6.68188
0.196428 6.91802
0.202534 7.33748
0.208729 7.80976
0.214876 8.15365
0.220989 8.54164
0.227147 8.94686
0.23329 9.2689
0.239377 9.82732
0.245482 10.3943
0.251667 10.6943
0.257832 11.1857
0.263955 11.6039
0.270079 12.1881
0.27624 12.5929
0.282372 13.2611
0.28843 13.8573
0.294538 14.3093
0.300721 14.7704
0.30691 15.3517
0.313033 15.9513
0.319153 16.9314
0.325316 17.2014
0.33145 17.769
0.337538 18.4346
0.343633 18.8146
0.349808 19.8613
0.355968 20.4696
0.362074 20.969
0.368217 21.5305
0.374374 22.3661
0.380519 22.8859
0.386598 23.7651
0.392688 24.3202
0.39888 25.213
0.405048 25.7613
0.411186 26.4431
0.417313 27.4237
0.423458 27.8858
0.429607 28.6894
0.435692 29.933
0.441815 30.2421
0.447964 30.8115
0.454126 31.7601
0.460267 32.5014
0.466387 33.1949
0.47254 34.1726
0.478662 34.6137
0.484765 35.9063
0.490885 36.4228
0.497035 37.2185
0.503198 37.7242
0.509342 38.7268
0.515458 39.5958
0.521598 40.3726
0.527764 41.0386
0.533884 42.2284
0.54 42.8164
0.546137 43.7294
0.552299 44.4725
0.558452 45.302
0.564573 46.3836
0.570708 47.253
0.576825 48.038
0.582926 49.0956
0.589034 49.7906
0.595184 50.6526
0.601379 51.7942
0.607522 52.4171
0.613639 52.7386
0.619772 54.0112
0.625918 54.8734
0.632068 55.958
0.638161 56.4757
0.6443 57.0566
0.650464 58.5036
0.656582 59.2967
0.662703 59.6758
0.668861 61.0471
0.675024 61.3622
0.681124 62.7439
0.687237 63.3497
0.693381 64.7976
0.699536 65.0923
0.705665 66.0275
0.711789 66.9996
0.717957 68.0046
0.72409 68.7519
0.730186 69.5154
0.736317 70.4218
0.742472 71.5121
0.748622 72.2711
0.75476 72.9922
0.760888 74.197
0.767043 74.5307
0.773185 75.6856
0.779291 76.4645
0.785407 77.1502
0.791564 78.0264
0.797719 79.0322
0.803834 79.4104
0.809972 80.4979
0.816124 81.5507
0.822261 82.0834
0.828378 83.1081
0.834502 83.7678
0.840667 84.2423
0.846816 85.1259
0.852925 86.4009
0.859047 86.5574
0.865192 87.0885
0.871341 88.5142
0.877463 89.3304
0.883569 89.9907
0.889708 90.6882
0.895864 91.2287
0.902008 92.2434
0.908149 93.0646
0.914301 93.9245
0.920448 94.241
0.926574 94.8702
0.932687 95.2882
0.938823 96.8986
0.944975 97.537
0.951105 97.5831
0.957225 98.4841
0.963368 99.3393
0.969511 99.9368
0.975621 100.707
0.981748 101.66
0.987916 102.08
0.99406 102.284
1.00019 103.287
1.00632 103.733
1.01246 104.607
1.01859 104.975
1.02471 105.664
1.03085 106.18
1.03698 106.847
1.04314 107.073
1.04929 108.593
1.05541 108.605
1.06154 109.132
1.06769 109.49
1.07382 110.346
1.07993 110.955
1.08607 111.422
1.09222 111.319
1.09836 111.893
1.10449 113.403
1.11063 113.996
1.11677 114.105
1.1229 114.484
1.12903 115.381
1.13518 115.101
1.14131 116.168
1.14745 116.547
1.15359 116.745
1.15973 117.617
1.16584 117.938
1.17197 118.342
1.17811 119.056
1.18424 119.072
1.19038 119.735
1.19652 119.948
1.20267 120.705
1.20881 120.522
1.21495 121.31
1.22108 122.207
1.2272 122.325
1.23334 122.452
1.23949 123.388
1.24562 123.438
1.25174 123.649
1.25789 123.796
1.26402 124.593
1.27014 124.364
1.27628 125.028
1.28244 125.571
1.28858 125.828
1.29471 126.451
1.30084 125.821
1.30697 126.13
1.31312 126.713
1.31925 126.741
1.32537 126.953
1.33151 128.01
1.33765 127.742
1.34378 128.105
1.34992 128.961
1.35606 129.25
1.3622 129.27
1.36833 129.612
1.37445 129.49
1.38059 129.924
1.38675 130.434
1.39288 130.976
1.39901 130.738
1.40515 131.024
1.4113 130.948
1.41742 131.286
1.42355 131.709
1.4297 131.781
1.43585 132.033
1.44198 132.204
1.44809 132.574
1.45423 133.083
1.46036 133.05
1.46649 133.491
1.47263 133.147
1.47877 133.642
1.48491 133.549
1.49104 133.343
1.49718 134.056
1.50333 133.62
1.50947 134.357
1.5156 134.824
1.52172 134.591
1.52787 134.745
1.534 135.113
1.54013 135.007
1.54627 135.119
1.55241 135.309
1.55855 135.757
1.56467 135.919
1.5708 136.381
