0.00783031 5735.8
0.013688 7586.49
0.019231 6615.54
0.0249154 4356.24
0.0312784 5320.09
0.0375637 4861.57
0.0433917 4137.45
0.0492413 5043.46
0.0555754 3714.62
0.0619321 4153.68
0.067871 3858.16
0.0738098 3364.55
0.0800417 3175.82
0.0862327 2994.33
0.0921407 3026.21
0.0982031 2840.89
0.104506 2581.4
0.110769 2433.13
0.116806 2346.93
0.122832 2181.39
0.129052 2134.77
0.135211 2046.36
0.141259 1925.65
0.147318 1817.72
0.153489 1736.56
0.159709 1723.1
0.165845 1618.9
0.171974 1493.15
0.178125 1499.99
0.184229 1490.75
0.19034 1345.61
0.196428 1322.85
0.202534 1305.5
0.208729 1252.24
0.214876 1207.45
0.220989 1159.74
0.227147 1135.74
0.23329 1108.83
0.239377 1039.24
0.245482 1007.91
0.251667 980.063
0.257832 946.294
0.263955 928.902
0.270079 915.943
0.27624 887.917
0.282372 860.309
0.28843 841.079
0.294538 848.896
0.300721 805.644
0.30691 779.371
0.313033 767.187
0.319153 758.683
0.325316 731.006
0.33145 693.532
0.337538 682.075
0.343633 683.87
0.349808 644.843
0.355968 655.081
0.362074 628.994
0.368217 627.653
0.374374 603.631
0.380519 596.071
0.386598 578.717
0.392688 554.7
0.39888 567.303
0.405048 544.728
0.411186 529.28
0.417313 530.518
0.423458 510.495
0.429607 504.764
0.435692 494.067
0.441815 490.147
0.447964 483.182
0.454126 471.343
0.460267 449.276
0.466387 456.217
0.47254 451.893
0.478662 435.471
0.484765 434.871
0.490885 417.612
0.497035 418.306
0.503198 404.492
0.509342 398.364
0.515458 391.933
0.521598 387.13
0.527764 381.832
0.533884 373.575
0.54 375.144
0.546137 364.882
0.552299 362.626
0.558452 353.842
0.564573 345.814
0.570708 340.062
0.576825 340.317
0.582926 339.87
0.589034 324.033
0.595184 324.06
0.601379 315.365
0.607522 311.887
0.613639 310.907
0.619772 305.957
0.625918 301.388
0.632068 297.222
0.638161 295.209
0.6443 294.24
0.650464 283.866
0.656582 287.26
0.662703 282.914
0.668861 276.039
0.675024 269.063
0.681124 266.387
0.687237 262.275
0.693381 259.677
0.699536 254.164
0.705665 255.378
0.711789 255.416
0.717957 246.877
0.72409 243.01
0.730186 243.554
0.736317 234.967
0.742472 235.743
0.748622 232.835
0.75476 229.831
0.760888 222.65
0.767043 227.242
0.773185 216.914
0.779291 219.121
0.785407 215.611
0.791564 211.682
0.797719 206.631
0.803834 206.98
0.809972 206.379
0.816124 202.249
0.822261 199.294
0.828378 193.934
0.834502 193.367
0.840667 190.906
0.846816 188.758
0.852925 189.173
0.859047 183.658
0.865192 181.684
0.871341 178.677
0.877463 176.4
0.883569 172.386
0.889708 168.363
0.895864 170.273
0.902008 171.57
0.908149 166.74
0.914301 164.763
0.920448 162.69
0.926574 159.674
0.932687 156.112
0.938823 157.87
0.944975 153.604
0.951105 153.449
0.957225 151.703
0.963368 150.099
0.969511 149.195
0.975621 146.344
0.981748 144.039
0.987916 140.422
0.99406 139.26
1.00019 138.131
1.00632 134.933
1.01246 132.439
1.01859 130.479
1.02471 128.402
1.03085 128.464
1.03698 127.47
1.04314 125.446
1.04929 122.588
1.05541 123.518
1.06154 118.774
1.06769 118.928
1.07382 116.17
1.07993 115.719
1.08607 112.877
1.09222 112.014
1.09836 113.447
1.10449 108.322
1.11063 108.497
1.11677 107.759
1.1229 106.916
1.12903 105.615
1.13518 101.635
1.14131 101.304
1.14745 102.279
1.15359 98.0623
1.15973 97.592
1.16584 94.9032
1.17197 94.9834
1.17811 92.195
1.18424 91.7992
1.19038 92.3869
1.19652 88.1796
1.20267 86.9234
1.20881 87.5046
1.21495 85.3599
1.22108 84.5488
1.2272 83.4493
1.23334 82.3178
1.23949 79.2938
1.24562 80.3375
1.25174 78.1443
1.25789 75.7447
1.26402 77.227
1.27014 74.504
1.27628 74.7397
1.28244 73.708
1.28858 71.2
1.29471 70.3977
1.30084 69.8162
1.30697 68.49
1.31312 65.9204
1.31925 64.9038
1.32537 64.6246
1.33151 63.9524
1.33765 62.5851
1.34378 63.5674
1.34992 60.0391
1.35606 60.3879
1.3622 59.1807
1.36833 56.8997
1.37445 54.2125
1.38059 55.836
1.38675 55.7279
1.39288 54.8366
1.39901 53.3583
1.40515 52.3469
1.4113 51.3681
1.41742 50.9918
1.42355 50.5932
1.4297 48.9793
1.43585 47.5163
1.44198 46.6313
1.44809 46.2251
1.45423 46.1062
1.46036 44.3039
1.46649 44.2004
1.47263 41.5583
1.47877 42.4215
1.48491 41.1174
1.49104 39.3727
1.49718 39.7365
1.50333 38.4687
1.50947 38.2576
1.5156 36.5919
1.52172 36.6095
1.52787 35.9673
1.534 34.7507
1.54013 33.4474
1.54627 33.6265
1.55241 32.3073
1.55855 31.1558
1.56467 31.4643
1.5708 30.6292
