0.00783031 -2521.61
0.013688 415.212
0.019231 1299.05
0.0249154 -986.329
0.0312784 -166.349
0.0375637 -449.992
0.0433917 -331.339
0.0492413 124.535
0.0555754 7.26977
0.0619321 -151.983
0.067871 -102.297
0.0738098 -85.5084
0.0800417 -246.728
0.0862327 -144.979
0.0921407 -247.998
0.0982031 -265.26
0.104506 -219.408
0.110769 -167.127
0.116806 -156.519
0.122832 -164.436
0.129052 -216.362
0.135211 -245.021
0.141259 -200.983
0.147318 -225.388
0.153489 -196.022
0.159709 -237.525
0.165845 -202.698
0.171974 -209.725
0.178125 -225.666
0.184229 -236.186
0.19034 -223.769
0.196428 -250.068
0.202534 -246.808
0.208729 -221.275
0.214876 -244.702
0.220989 -235.745
0.227147 -247.19
0.23329 -235.406
0.239377 -223.668
0.245482 -211.516
0.251667 -211.554
0.257832 -207.646
0.263955 -212.008
0.270079 -213.69
0.27624 -234.301
0.282372 -195.738
0.28843 -228.59
0.294538 -217.63
0.300721 -216.522
0.30691 -208.443
0.313033 -207.889
0.319153 -204.227
0.325316 -205.888
0.33145 -203.093
0.337538 -208.081
0.343633 -211.181
0.349808 -198.421
0.355968 -203.506
0.362074 -203.615
0.368217 -200.113
0.374374 -203.397
0.380519 -198.984
0.386598 -191.624
0.392688 -193.748
0.39888 -191.033
0.405048 -188.078
0.411186 -193.057
0.417313 -187.508
0.423458 -192.987
0.429607 -190.566
0.435692 -190.13
0.441815 -192.788
0.447964 -189.552
0.454126 -191.295
0.460267 -186.435
0.466387 -189.572
0.47254 -179.876
0.478662 -180.888
0.484765 -188.515
0.490885 -176.994
0.497035 -177.579
0.503198 -180.471
0.509342 -173.541
0.515458 -174.164
0.521598 -175.058
0.527764 -178.711
0.533884 -175.513
0.54 -175.828
0.546137 -170.704
0.552299 -170.334
0.558452 -168.742
0.564573 -168.35
0.570708 -167.828
0.576825 -168.764
0.582926 -168.372
0.589034 -165.877
0.595184 -167.353
0.601379 -166.647
0.607522 -165.92
0.613639 -164.014
0.619772 -164.689
0.625918 -164.476
0.632068 -163.098
0.638161 -161.673
0.6443 -160.771
0.650464 -156.38
0.656582 -158.054
0.662703 -161.203
0.668861 -159.021
0.675024 -156.305
0.681124 -155.087
0.687237 -155.758
0.693381 -154.926
0.699536 -154.222
0.705665 -154.192
0.711789 -151.546
0.717957 -152.226
0.72409 -149.218
0.730186 -150.391
0.736317 -152.238
0.742472 -147.899
0.748622 -147.354
0.75476 -147.213
0.760888 -148.737
0.767043 -146.071
0.773185 -147.057
0.779291 -143.847
0.785407 -143.723
0.791564 -144.237
0.797719 -141.733
0.803834 -143.274
0.809972 -143.309
0.816124 -142.474
0.822261 -139.829
0.828378 -138.563
0.834502 -140.332
0.840667 -140.861
0.846816 -139.745
0.852925 -136.748
0.859047 -135.091
0.865192 -135.72
0.871341 -135.744
0.877463 -134.258
0.883569 -135.968
0.889708 -135.843
0.895864 -133.208
0.902008 -134.425
0.908149 -132.994
0.914301 -132.603
0.920448 -131.655
0.926574 -131.435
0.932687 -131.258
0.938823 -128.026
0.944975 -127.766
0.951105 -128.81
0.957225 -127.421
0.963368 -126.661
0.969511 -126.635
0.975621 -127.308
0.981748 -125.042
0.987916 -125.539
0.99406 -124.906
1.00019 -122.889
1.00632 -124.072
1.01246 -122.992
1.01859 -122.412
1.02471 -122.217
1.03085 -120.494
1.03698 -121.566
1.04314 -119.895
1.04929 -120.542
1.05541 -118.939
1.06154 -119.936
1.06769 -118.726
1.07382 -118.156
1.07993 -117.39
1.08607 -117.035
1.09222 -116.02
1.09836 -115.607
1.10449 -115.444
1.11063 -113.763
1.11677 -114.795
1.1229 -112.971
1.12903 -112.197
1.13518 -111.677
1.14131 -112.993
1.14745 -111.277
1.15359 -111.063
1.15973 -110.171
1.16584 -110.758
1.17197 -108.326
1.17811 -107.688
1.18424 -109.038
1.19038 -107.687
1.19652 -107.366
1.20267 -106.967
1.20881 -105.895
1.21495 -106.053
1.22108 -106.167
1.2272 -105.101
1.23334 -103.995
1.23949 -102.935
1.24562 -104.16
1.25174 -103.622
1.25789 -102.509
1.26402 -102.046
1.27014 -101.459
1.27628 -100.986
1.28244 -99.8542
1.28858 -100.466
1.29471 -99.4037
1.30084 -99.1793
1.30697 -98.8236
1.31312 -98.2039
1.31925 -98.1733
1.32537 -97.1439
1.33151 -96.9926
1.33765 -95.6795
1.34378 -95.5682
1.34992 -95.0606
1.35606 -95.3591
1.3622 -93.8486
1.36833 -93.9148
1.37445 -93.7395
1.38059 -92.6581
1.38675 -92.2552
1.39288 -92.3446
1.39901 -92.1341
1.40515 -91.1473
1.4113 -90.0149
1.41742 -89.9654
1.42355 -90.0302
1.4297 -89.8131
1.43585 -89.3706
1.44198 -88.6411
1.44809 -88.3669
1.45423 -87.5971
1.46036 -86.998
1.46649 -86.9786
1.47263 -86.6867
1.47877 -85.7053
1.48491 -85.0369
1.49104 -84.5309
1.49718 -84.6275
1.50333 -84.6358
1.50947 -83.9479
1.5156 -83.6508
1.52172 -83.4121
1.52787 -82.0351
1.534 -82.6215
1.54013 -81.599
1.54627 -81.1687
1.55241 -81.296
1.55855 -80.3291
1.56467 -80.3229
1.5708 -80.2709
