0.00783031 2552.72
0.013688 -131.336
0.019231 370.948
0.0249154 -1034.36
0.0312784 -876.992
0.0375637 197.429
0.0433917 287.405
0.0492413 292.13
0.0555754 -76.8047
0.0619321 2.76383
0.067871 -189.109
0.0738098 -67.6284
0.0800417 121.084
0.0862327 -123.803
0.0921407 -154.435
0.0982031 -100.533
0.104506 -191.529
0.110769 -215.487
0.116806 -225.018
0.122832 -136.941
0.129052 -130.345
0.135211 -191.882
0.141259 -212.728
0.147318 -178.981
0.153489 -144.809
0.159709 -194.097
0.165845 -194.723
0.171974 -166.353
0.178125 -171.942
0.184229 -194.39
0.19034 -180.246
0.196428 -158.872
0.202534 -155.387
0.208729 -179.892
0.214876 -189.148
0.220989 -184.144
0.227147 -165.682
0.23329 -146.009
0.239377 -178.42
0.245482 -167.678
0.251667 -160.359
0.257832 -170.474
0.263955 -171.333
0.270079 -193.223
0.27624 -166.348
0.282372 -172.369
0.28843 -157.418
0.294538 -175.894
0.300721 -148.086
0.30691 -159.287
0.313033 -164.539
0.319153 -159.834
0.325316 -159.444
0.33145 -159.508
0.337538 -155.113
0.343633 -157.515
0.349808 -154.607
0.355968 -146.284
0.362074 -163.911
0.368217 -159.118
0.374374 -150.192
0.380519 -140.364
0.386598 -155.164
0.392688 -145.864
0.39888 -147.996
0.405048 -148.252
0.411186 -146.586
0.417313 -144.084
0.423458 -145.197
0.429607 -142.569
0.435692 -141.079
0.441815 -141.516
0.447964 -140.308
0.454126 -137.553
0.460267 -140.193
0.466387 -139.4
0.47254 -141.793
0.478662 -134.98
0.484765 -138.47
0.490885 -138.482
0.497035 -133.655
0.503198 -132.787
0.509342 -135.141
0.515458 -131.509
0.521598 -136.069
0.527764 -130.029
0.533884 -133.907
0.54 -131.822
0.546137 -130.118
0.552299 -131.892
0.558452 -129.579
0.564573 -128.876
0.570708 -126.982
0.576825 -124.781
0.582926 -125.859
0.589034 -125.597
0.595184 -127.648
0.601379 -129.723
0.607522 -123.475
0.613639 -126.29
0.619772 -124.559
0.625918 -124.031
0.632068 -125.352
0.638161 -125.957
0.6443 -121.414
0.650464 -120.842
0.656582 -123.805
0.662703 -120.732
0.668861 -119.453
0.675024 -120.057
0.681124 -119.486
0.687237 -121.179
0.693381 -121.639
0.699536 -118.271
0.705665 -119.881
0.711789 -120.878
0.717957 -117.704
0.72409 -119.329
0.730186 -115.696
0.736317 -119.864
0.742472 -119.434
0.748622 -115.719
0.75476 -115.918
0.760888 -117.179
0.767043 -114.247
0.773185 -117.743
0.779291 -116.148
0.785407 -115.154
0.791564 -116.489
0.797719 -116.609
0.803834 -111.261
0.809972 -112.95
0.816124 -113.174
0.822261 -113.684
0.828378 -111.351
0.834502 -112.872
0.840667 -109.619
0.846816 -109.387
0.852925 -110.352
0.859047 -110.358
0.865192 -108.827
0.871341 -110.889
0.877463 -109.729
0.883569 -107.964
0.889708 -109.695
0.895864 -107.613
0.902008 -106.495
0.908149 -108.831
0.914301 -108.503
0.920448 -106.321
0.926574 -107.183
0.932687 -106.957
0.938823 -106.926
0.944975 -104.644
0.951105 -104.822
0.957225 -105.795
0.963368 -104.42
0.969511 -104.791
0.975621 -104.556
0.981748 -103.531
0.987916 -103.192
0.99406 -103.675
1.00019 -105.102
1.00632 -103.51
1.01246 -101.606
1.01859 -103.034
1.02471 -103.139
1.03085 -102.001
1.03698 -101.6
1.04314 -100.723
1.04929 -101.732
1.05541 -100.119
1.06154 -101.635
1.06769 -98.9627
1.07382 -99.8169
1.07993 -102.266
1.08607 -100.288
1.09222 -98.0026
1.09836 -99.6786
1.10449 -100.996
1.11063 -97.8598
1.11677 -96.3387
1.1229 -97.9717
1.12903 -98.9237
1.13518 -98.006
1.14131 -97.6789
1.14745 -96.2929
1.15359 -98.1523
1.15973 -96.0484
1.16584 -95.0627
1.17197 -96.5523
1.17811 -95.7653
1.18424 -95.3539
1.19038 -95.9193
1.19652 -95.2191
1.20267 -94.0821
1.20881 -94.9163
1.21495 -94.0603
1.22108 -92.4334
1.2272 -93.8034
1.23334 -92.6566
1.23949 -92.9828
1.24562 -92.9403
1.25174 -92.5842
1.25789 -92.4502
1.26402 -91.6796
1.27014 -92.4928
1.27628 -91.7286
1.28244 -91.3917
1.28858 -91.1531
1.29471 -90.277
1.30084 -90.7456
1.30697 -89.8868
1.31312 -90.1653
1.31925 -89.7449
1.32537 -89.13
1.33151 -88.9265
1.33765 -89.6869
1.34378 -89.3769
1.34992 -88.7128
1.35606 -87.9122
1.3622 -87.9752
1.36833 -88.2921
1.37445 -87.4245
1.38059 -86.8781
1.38675 -86.513
1.39288 -86.9689
1.39901 -86.7558
1.40515 -85.2986
1.4113 -85.1982
1.41742 -86.1331
1.42355 -85.0155
1.4297 -84.634
1.43585 -85.4074
1.44198 -85.2284
1.44809 -84.128
1.45423 -83.705
1.46036 -84.4387
1.46649 -83.6552
1.47263 -83.5117
1.47877 -83.5162
1.48491 -82.6821
1.49104 -82.5725
1.49718 -82.1092
1.50333 -82.2439
1.50947 -82.2206
1.5156 -81.4689
1.52172 -81.1126
1.52787 -81.0608
1.534 -81.3143
1.54013 -80.4883
1.54627 -79.9243
1.55241 -80.1154
1.55855 -80.242
1.56467 -79.9865
1.5708 -79.1394
