0.00783031 22.7208
0.013688 -0.454379
0.019231 3.46296
0.0249154 5.60279
0.0312784 3.64372
0.0375637 8.56838
0.0433917 8.53073
0.0492413 7.02353
0.0555754 5.86269
0.0619321 10.6165
0.067871 10.0589
0.0738098 12.3172
0.0800417 12.7907
0.0862327 14.2943
0.0921407 19.3553
0.0982031 12.714
0.104506 12.8483
0.110769 12.9376
0.116806 15.0793
0.122832 18.2848
0.129052 18.521
0.135211 19.3912
0.141259 17.4281
0.147318 15.8201
0.153489 17.7603
0.159709 23.3797
0.165845 19.2605
0.171974 24.358
0.178125 19.3624
0.184229 20.5423
0.19034 16.6169
0.196428 20.3407
0.202534 19.1521
0.208729 19.8121
0.214876 20.2588
0.220989 16.9925
0.227147 19.9722
0.23329 19.4399
0.239377 24.407
0.245482 18.033
0.251667 19.2255
0.257832 17.752
0.263955 21.5336
0.270079 17.944
0.27624 16.6305
0.282372 17.1938
0.28843 18.4131
0.294538 17.2771
0.300721 19.7766
0.30691 16.0541
0.313033 18.2998
0.319153 20.2429
0.325316 19.4513
0.33145 12.2894
0.337538 18.1446
0.343633 15.11
0.349808 17.5307
0.355968 16.0254
0.362074 15.9879
0.368217 14.9994
0.374374 13.6841
0.380519 11.5892
0.386598 12.9084
0.392688 13.3686
0.39888 12.4041
0.405048 13.6413
0.411186 11.2132
0.417313 13.4341
0.423458 12.4903
0.429607 14.2738
0.435692 11.1455
0.441815 11.0017
0.447964 10.1403
0.454126 11.5584
0.460267 9.62138
0.466387 7.0917
0.47254 9.26705
0.478662 10.0062
0.484765 5.90521
0.490885 6.8117
0.497035 8.05051
0.503198 8.8553
0.509342 5.40777
0.515458 6.67728
0.521598 3.81093
0.527764 4.2561
0.533884 5.23534
0.54 5.13168
0.546137 4.42362
0.552299 5.0304
0.558452 0.865923
0.564573 3.4376
0.570708 3.48595
0.576825 1.15974
0.582926 1.00736
0.589034 1.51687
0.595184 -1.08647
0.601379 -1.87799
0.607522 -0.106558
0.613639 -3.78229
0.619772 -4.4429
0.625918 0.0352682
0.632068 -2.44921
0.638161 -3.62676
0.6443 -3.29767
0.650464 -2.7566
0.656582 -2.91459
0.662703 -4.33295
0.668861 -5.41187
0.675024 -7.44407
0.681124 -4.52301
0.687237 -4.5781
0.693381 -8.07089
0.699536 -5.31894
0.705665 -9.52696
0.711789 -7.42255
0.717957 -7.8726
0.72409 -6.82931
0.730186 -9.43101
0.736317 -11.3152
0.742472 -12.5361
0.748622 -10.1232
0.75476 -10.9548
0.760888 -12.6469
0.767043 -11.2883
0.773185 -12.8321
0.779291 -10.605
0.785407 -15.017
0.791564 -12.4733
0.797719 -12.7025
0.803834 -12.9813
0.809972 -14.047
0.816124 -14.2022
0.822261 -15.3707
0.828378 -15.8307
0.834502 -14.4915
0.840667 -16.517
0.846816 -17.1793
0.852925 -16.5797
0.859047 -13.0819
0.865192 -16.643
0.871341 -20.4117
0.877463 -19.6136
0.883569 -17.5633
0.889708 -18.0071
0.895864 -20.8968
0.902008 -19.2378
0.908149 -19.8055
0.914301 -21.6226
0.920448 -19.7358
0.926574 -20.1658
0.932687 -21.0103
0.938823 -23.3178
0.944975 -20.9519
0.951105 -20.6704
0.957225 -22.5428
0.963368 -21.5646
0.969511 -21.8053
0.975621 -24.8092
0.981748 -23.0244
0.987916 -26.4322
0.99406 -24.8681
1.00019 -25.7684
1.00632 -26.8371
1.01246 -25.1423
1.01859 -25.0257
1.02471 -27.6542
1.03085 -26.1735
1.03698 -26.0013
1.04314 -28.5322
1.04929 -26.9064
1.05541 -29.4555
1.06154 -28.761
1.06769 -27.8578
1.07382 -29.8639
1.07993 -29.7471
1.08607 -30.0731
1.09222 -28.2578
1.09836 -29.8318
1.10449 -30.7413
1.11063 -30.7769
1.11677 -31.0258
1.1229 -32.8406
1.12903 -31.7722
1.13518 -32.1804
1.14131 -33.0839
1.14745 -34.0346
1.15359 -34.7866
1.15973 -32.4688
1.16584 -34.8876
1.17197 -36.4559
1.17811 -35.0986
1.18424 -36.8385
1.19038 -34.3597
1.19652 -36.2079
1.20267 -36.7139
1.20881 -37.0676
1.21495 -35.9196
1.22108 -37.792
1.2272 -35.7178
1.23334 -36.7493
1.23949 -37.6643
1.24562 -38.1396
1.25174 -38.578
1.25789 -39.9261
1.26402 -39.1956
1.27014 -39.2984
1.27628 -38.6745
1.28244 -40.6698
1.28858 -38.8345
1.29471 -40.2442
1.30084 -41.7607
1.30697 -42.0497
1.31312 -41.9079
1.31925 -41.8913
1.32537 -42.4816
1.33151 -40.6622
1.33765 -42.7054
1.34378 -43.1113
1.34992 -43.3184
1.35606 -42.5251
1.3622 -42.9372
1.36833 -45.4299
1.37445 -42.9553
1.38059 -44.2808
1.38675 -45.5601
1.39288 -45.7836
1.39901 -45.7528
1.40515 -45.2714
1.4113 -46.527
1.41742 -45.864
1.42355 -45.4801
1.4297 -45.0508
1.43585 -47.8015
1.44198 -46.305
1.44809 -46.7902
1.45423 -48.8555
1.46036 -48.5824
1.46649 -48.9309
1.47263 -48.1867
1.47877 -50.1165
1.48491 -47.2711
1.49104 -49.9955
1.49718 -48.4145
1.50333 -50.5471
1.50947 -50.4991
1.5156 -49.8105
1.52172 -51.66
1.52787 -50.7995
1.534 -50.8693
1.54013 -51.3728
1.54627 -52.1954
1.55241 -51.0616
1.55855 -52.1139
1.56467 -51.7131
1.5708 -52.0749
