0.00783031 0.0169332
0.013688 0.0342059
0.019231 0.0414976
0.0249154 0.0615393
0.0312784 0.109001
0.0375637 0.136194
0.0433917 0.188401
0.0492413 0.220225
0.0555754 0.31223
0.0619321 0.424428
0.067871 0.508677
0.0738098 0.590953
0.0800417 0.765204
0.0862327 0.923003
0.0921407 1.07718
0.0982031 1.20536
0.104506 1.36869
0.110769 1.59838
0.116806 1.79644
0.122832 1.99247
0.129052 2.34093
0.135211 2.5939
0.141259 2.86314
0.147318 3.14761
0.153489 3.4161
0.159709 3.62014
0.165845 4.15074
0.171974 4.44386
0.178125 4.84282
0.184229 5.09501
0.19034 5.58328
0.196428 5.90224
0.202534 6.41652
0.208729 6.78223
0.214876 7.24272
0.220989 7.66481
0.227147 8.12744
0.23329 8.53708
0.239377 8.99431
0.245482 9.54926
0.251667 10.2097
0.257832 10.5047
0.263955 11.3113
0.270079 11.6993
0.27624 12.2796
0.282372 12.7831
0.28843 13.3711
0.294538 13.997
0.300721 14.4922
0.30691 15.2495
0.313033 15.6333
0.319153 16.4799
0.325316 17.2418
0.33145 17.7253
0.337538 18.4889
0.343633 18.8136
0.349808 20.0732
0.355968 20.3974
0.362074 21.2731
0.368217 22.0302
0.374374 22.5989
0.380519 23.3058
0.386598 23.8402
0.392688 24.7474
0.39888 25.662
0.405048 26.2745
0.411186 26.9197
0.417313 27.9827
0.423458 28.8767
0.429607 29.5312
0.435692 30.2322
0.441815 31.0817
0.447964 32.0159
0.454126 32.9998
0.460267 33.5749
0.466387 34.515
0.47254 35.0957
0.478662 36.2384
0.484765 37.2507
0.490885 37.5492
0.497035 38.4444
0.503198 39.3781
0.509342 40.7417
0.515458 41.3578
0.521598 42.3328
0.527764 43.3103
0.533884 44.3888
0.54 45.085
0.546137 46.2409
0.552299 46.9878
0.558452 48.0919
0.564573 49.2055
0.570708 49.8616
0.576825 50.7427
0.582926 52.3696
0.589034 52.5656
0.595184 53.5003
0.601379 54.5616
0.607522 55.3239
0.613639 56.6337
0.619772 58.1152
0.625918 58.6657
0.632068 59.8411
0.638161 61.1765
0.6443 62.1767
0.650464 63.0177
0.656582 63.7304
0.662703 64.9148
0.668861 66.0535
0.675024 67.2997
0.681124 68.3525
0.687237 69.3026
0.693381 70.259
0.699536 71.7305
0.705665 72.2287
0.711789 73.2669
0.717957 74.8979
0.72409 75.127
0.730186 77.1748
0.736317 78.2887
0.742472 79.1091
0.748622 79.9766
0.75476 81.1603
0.760888 82.3942
0.767043 83.6519
0.773185 84.2445
0.779291 85.8281
0.785407 86.6795
0.791564 88.3171
0.797719 88.7773
0.803834 90.3447
0.809972 91.3546
0.816124 92.6825
0.822261 93.7952
0.828378 94.9817
0.834502 95.6881
0.840667 97.0512
0.846816 98.0421
0.852925 99.6072
0.859047 100.445
0.865192 101.784
0.871341 102.926
0.877463 104.323
0.883569 105.709
0.889708 106.807
0.895864 107.866
0.902008 108.588
0.908149 110.063
0.914301 111.319
0.920448 112.156
0.926574 113.782
0.932687 114.691
0.938823 116.195
0.944975 117.428
0.951105 118.328
0.957225 119.445
0.963368 120.993
0.969511 122.054
0.975621 123.074
0.981748 124.273
0.987916 125.578
0.99406 126.946
1.00019 128.329
1.00632 129.288
1.01246 130.88
1.01859 132.296
1.02471 133.466
1.03085 134.456
1.03698 135.328
1.04314 137.227
1.04929 138.735
1.05541 140.054
1.06154 140.291
1.06769 141.287
1.07382 142.638
1.07993 144.052
1.08607 145.425
1.09222 146.775
1.09836 148.433
1.10449 149.189
1.11063 150.158
1.11677 151.771
1.1229 153.045
1.12903 152.989
1.13518 155.991
1.14131 156.885
1.14745 158.146
1.15359 159.258
1.15973 159.716
1.16584 161.627
1.17197 163.074
1.17811 163.95
1.18424 165.324
1.19038 166.104
1.19652 167.622
1.20267 168.865
1.20881 170.078
1.21495 171.472
1.22108 173.338
1.2272 174.424
1.23334 175.062
1.23949 175.75
1.24562 177.713
1.25174 178.816
1.25789 179.91
1.26402 180.874
1.27014 182.658
1.27628 183.863
1.28244 185.378
1.28858 186.274
1.29471 187.698
1.30084 188.735
1.30697 190.43
1.31312 192.189
1.31925 192.147
1.32537 194.127
1.33151 194.771
1.33765 196.087
1.34378 197.133
1.34992 197.945
1.35606 199.562
1.3622 200.955
1.36833 202.118
1.37445 203.05
1.38059 204.347
1.38675 205.475
1.39288 206.953
1.39901 207.815
1.40515 209.874
1.4113 210.885
1.41742 211.7
1.42355 212.099
1.4297 214.047
1.43585 214.952
1.44198 215.955
1.44809 216.861
1.45423 217.928
1.46036 220.046
1.46649 220.826
1.47263 222.489
1.47877 223.482
1.48491 223.302
1.49104 225.84
1.49718 226.333
1.50333 227.513
1.50947 228.701
1.5156 230.023
1.52172 231.38
1.52787 232.462
1.534 233.629
1.54013 234.135
1.54627 235.45
1.55241 236.483
1.55855 238.132
1.56467 239.247
1.5708 240.198
