0.00783031 3275.88
0.013688 665.68
0.019231 568.747
0.0249154 759.526
0.0312784 479.273
0.0375637 -212.706
0.0433917 236.381
0.0492413 79.1012
0.0555754 -342.581
0.0619321 -321.209
0.067871 -63.6425
0.0738098 1.96904
0.0800417 -222.082
0.0862327 -155.41
0.0921407 -218.044
0.0982031 -86.5137
0.104506 -149.752
0.110769 -192.66
0.116806 -141.995
0.122832 -103.444
0.129052 -171.325
0.135211 -153.151
0.141259 -152.615
0.147318 -191.34
0.153489 -183.362
0.159709 -164.729
0.165845 -151.955
0.171974 -143.013
0.178125 -172.227
0.184229 -142.443
0.19034 -164.069
0.196428 -131.449
0.202534 -167.978
0.208729 -151.58
0.214876 -142.312
0.220989 -133.68
0.227147 -142.386
0.23329 -141.364
0.239377 -125.612
0.245482 -144.45
0.251667 -165.424
0.257832 -136.395
0.263955 -133.287
0.270079 -139.292
0.27624 -131.516
0.282372 -134.703
0.28843 -122.439
0.294538 -124.362
0.300721 -122.41
0.30691 -126.269
0.313033 -122.974
0.319153 -116.268
0.325316 -118.104
0.33145 -124.564
0.337538 -123.446
0.343633 -115.478
0.349808 -114.895
0.355968 -109.96
0.362074 -107.315
0.368217 -113.006
0.374374 -110.495
0.380519 -111.373
0.386598 -106.07
0.392688 -112.519
0.39888 -112.128
0.405048 -108.434
0.411186 -105.697
0.417313 -106.593
0.423458 -102.237
0.429607 -98.1519
0.435692 -100.614
0.441815 -102.638
0.447964 -100.233
0.454126 -99.5759
0.460267 -97.2737
0.466387 -96.9805
0.47254 -98.8136
0.478662 -91.2096
0.484765 -93.9949
0.490885 -87.2989
0.497035 -92.8108
0.503198 -93.7181
0.509342 -90.6908
0.515458 -90.4299
0.521598 -90.8652
0.527764 -88.0127
0.533884 -90.1897
0.54 -87.426
0.546137 -91.4516
0.552299 -85.1486
0.558452 -85.2114
0.564573 -89.0169
0.570708 -84.2614
0.576825 -83.4809
0.582926 -83.1977
0.589034 -83.9403
0.595184 -86.3844
0.601379 -81.8937
0.607522 -82.7573
0.613639 -82.4657
0.619772 -80.8298
0.625918 -81.763
0.632068 -79.8621
0.638161 -79.4293
0.6443 -79.3784
0.650464 -80.1236
0.656582 -79.0857
0.662703 -79.6138
0.668861 -75.8993
0.675024 -76.2025
0.681124 -76.3589
0.687237 -76.0567
0.693381 -74.5258
0.699536 -74.2177
0.705665 -74.5909
0.711789 -74.3557
0.717957 -75.1046
0.72409 -72.7121
0.730186 -73.2172
0.736317 -72.9187
0.742472 -71.7816
0.748622 -71.98
0.75476 -70.5595
0.760888 -70.7939
0.767043 -70.4871
0.773185 -71.1876
0.779291 -68.8659
0.785407 -70.4463
0.791564 -69.3607
0.797719 -68.602
0.803834 -67.2244
0.809972 -68.2198
0.816124 -66.6527
0.822261 -67.3649
0.828378 -67.2372
0.834502 -66.2333
0.840667 -65.6086
0.846816 -65.4864
0.852925 -66.1315
0.859047 -64.5161
0.865192 -64.4934
0.871341 -65.103
0.877463 -64.121
0.883569 -64.012
0.889708 -63.7416
0.895864 -63.7727
0.902008 -62.0711
0.908149 -62.7289
0.914301 -62.8601
0.920448 -61.8749
0.926574 -61.4946
0.932687 -62.3932
0.938823 -60.6396
0.944975 -60.4335
0.951105 -60.7157
0.957225 -60.1711
0.963368 -59.6671
0.969511 -59.2566
0.975621 -59.8475
0.981748 -58.4772
0.987916 -58.3101
0.99406 -57.7584
1.00019 -58.3757
1.00632 -58.0488
1.01246 -57.5875
1.01859 -56.5192
1.02471 -57.5391
1.03085 -55.9552
1.03698 -55.8714
1.04314 -56.5863
1.04929 -55.935
1.05541 -55.329
1.06154 -54.0463
1.06769 -54.8638
1.07382 -54.1879
1.07993 -54.3799
1.08607 -54.5098
1.09222 -53.6645
1.09836 -53.7515
1.10449 -53.2998
1.11063 -53.4385
1.11677 -52.9921
1.1229 -52.3607
1.12903 -52.2282
1.13518 -52.5478
1.14131 -51.4598
1.14745 -51.7946
1.15359 -51.2226
1.15973 -50.8253
1.16584 -50.6439
1.17197 -50.9911
1.17811 -50.3749
1.18424 -49.708
1.19038 -49.5244
1.19652 -49.6857
1.20267 -49.0319
1.20881 -48.9311
1.21495 -48.982
1.22108 -48.7049
1.2272 -48.8257
1.23334 -47.9651
1.23949 -48.2341
1.24562 -47.3983
1.25174 -47.1856
1.25789 -47.1904
1.26402 -46.6318
1.27014 -46.9227
1.27628 -46.5619
1.28244 -46.1753
1.28858 -45.749
1.29471 -45.9121
1.30084 -45.1597
1.30697 -45.3367
1.31312 -44.8585
1.31925 -44.9097
1.32537 -44.8685
1.33151 -44.4921
1.33765 -43.9253
1.34378 -43.5341
1.34992 -43.895
1.35606 -43.9012
1.3622 -42.9229
1.36833 -43.2056
1.37445 -42.879
1.38059 -42.7472
1.38675 -42.1156
1.39288 -42.2872
1.39901 -41.9032
1.40515 -41.8383
1.4113 -41.356
1.41742 -41.2225
1.42355 -40.4865
1.4297 -40.6286
1.43585 -40.5555
1.44198 -40.5389
1.44809 -39.9793
1.45423 -39.5006
1.46036 -39.867
1.46649 -39.5674
1.47263 -39.0247
1.47877 -39.1709
1.48491 -38.7766
1.49104 -38.4907
1.49718 -38.2053
1.50333 -38.1488
1.50947 -37.8436
1.5156 -37.8241
1.52172 -37.3546
1.52787 -37.3827
1.534 -37.3476
1.54013 -37.115
1.54627 -36.8035
1.55241 -36.4401
1.55855 -36.5264
1.56467 -36.1307
1.5708 -35.8554
