0.00783031 -925.552
0.013688 -2310.21
0.019231 -173.448
0.0249154 149.52
0.0312784 -300.292
0.0375637 -226.366
0.0433917 40.468
0.0492413 91.928
0.0555754 209.621
0.0619321 374.843
0.067871 635.846
0.0738098 409.426
0.0800417 404.279
0.0862327 896.705
0.0921407 729.747
0.0982031 826.426
0.104506 889.108
0.110769 824.019
0.116806 997.143
0.122832 943.944
0.129052 945.438
0.135211 1048.4
0.141259 1033.34
0.147318 1128.31
0.153489 1195.91
0.159709 1183.9
0.165845 1154.31
0.171974 1158.29
0.178125 1191.75
0.184229 1208.87
0.19034 1201.18
0.196428 1189.28
0.202534 1158.99
0.208729 1186.85
0.214876 1239.36
0.220989 1191.9
0.227147 1243.07
0.23329 1206.21
0.239377 1213.87
0.245482 1234.02
0.251667 1218.83
0.257832 1215.59
0.263955 1197.26
0.270079 1233.97
0.27624 1188.09
0.282372 1210.74
0.28843 1202.92
0.294538 1238.55
0.300721 1178.03
0.30691 1206.68
0.313033 1240.55
0.319153 1211.77
0.325316 1182.37
0.33145 1181.1
0.337538 1167.27
0.343633 1196.97
0.349808 1173.49
0.355968 1179.65
0.362074 1182.77
0.368217 1192.58
0.374374 1183.77
0.380519 1157.06
0.386598 1166.11
0.392688 1170.45
0.39888 1153.2
0.405048 1159.33
0.411186 1148.32
0.417313 1143.15
0.423458 1154.45
0.429607 1137.58
0.435692 1137.16
0.441815 1154.42
0.447964 1134.31
0.454126 1113.5
0.460267 1118.02
0.466387 1126.89
0.47254 1104.43
0.478662 1109.51
0.484765 1104.16
0.490885 1112.51
0.497035 1108.32
0.503198 1078.77
0.509342 1086.19
0.515458 1077.14
0.521598 1088.2
0.527764 1068.69
0.533884 1071.37
0.54 1078.49
0.546137 1070.69
0.552299 1056.96
0.558452 1056.05
0.564573 1043.61
0.570708 1042.51
0.576825 1031.86
0.582926 1028.76
0.589034 1020.16
0.595184 1027.74
0.601379 1015.7
0.607522 1013.91
0.613639 1008.67
0.619772 1005.38
0.625918 997.84
0.632068 995.139
0.638161 988.93
0.6443 989.407
0.650464 978.961
0.656582 983.644
0.662703 982.37
0.668861 966.415
0.675024 973.303
0.681124 965.605
0.687237 957.478
0.693381 954.172
0.699536 953.509
0.705665 948.57
0.711789 938.179
0.717957 932.2
0.72409 925.35
0.730186 926.992
0.736317 924.989
0.742472 910.969
0.748622 911.762
0.75476 905.979
0.760888 902.734
0.767043 898.473
0.773185 898.336
0.779291 889.589
0.785407 888.667
0.791564 881.347
0.797719 881.624
0.803834 869.103
0.809972 868.334
0.816124 865.322
0.822261 859.788
0.828378 856.217
0.834502 853.484
0.840667 843.538
0.846816 836.543
0.852925 841.237
0.859047 836.75
0.865192 832.552
0.871341 825.279
0.877463 824.45
0.883569 812.599
0.889708 814.67
0.895864 812.297
0.902008 804.096
0.908149 800.252
0.914301 796.978
0.920448 791.48
0.926574 784.772
0.932687 780.499
0.938823 776.851
0.944975 773.894
0.951105 767.304
0.957225 766.967
0.963368 762.351
0.969511 755.068
0.975621 756.23
0.981748 745.409
0.987916 742.648
0.99406 736.624
1.00019 730.604
1.00632 725.742
1.01246 728.073
1.01859 725.099
1.02471 717.701
1.03085 713.478
1.03698 709.328
1.04314 703.644
1.04929 702.242
1.05541 693.943
1.06154 692.408
1.06769 688.131
1.07382 687.261
1.07993 682.013
1.08607 677.541
1.09222 673.18
1.09836 668.967
1.10449 665.357
1.11063 662.066
1.11677 654.485
1.1229 651.622
1.12903 650.064
1.13518 643.709
1.14131 643.666
1.14745 638.496
1.15359 638.029
1.15973 631.41
1.16584 631.106
1.17197 622.942
1.17811 619.597
1.18424 617.465
1.19038 612.537
1.19652 610.597
1.20267 605.559
1.20881 600.661
1.21495 595.275
1.22108 594.902
1.2272 592.506
1.23334 587.966
1.23949 583.228
1.24562 579.404
1.25174 573.941
1.25789 572.375
1.26402 568.772
1.27014 566.921
1.27628 563.388
1.28244 558.684
1.28858 557.815
1.29471 552.674
1.30084 548.526
1.30697 544.968
1.31312 541.554
1.31925 538.762
1.32537 535.943
1.33151 532.071
1.33765 528.867
1.34378 525.891
1.34992 520.774
1.35606 518.481
1.3622 516.312
1.36833 511.248
1.37445 510.085
1.38059 505.723
1.38675 503.825
1.39288 500.791
1.39901 496.502
1.40515 493.319
1.4113 490.589
1.41742 487.362
1.42355 484.338
1.4297 481.027
1.43585 474.994
1.44198 475.743
1.44809 474.589
1.45423 469.276
1.46036 465.67
1.46649 463.744
1.47263 461.417
1.47877 457.564
1.48491 454.236
1.49104 453.152
1.49718 448.958
1.50333 445.581
1.50947 442.631
1.5156 439.769
1.52172 437.962
1.52787 434.518
1.534 432.909
1.54013 429.693
1.54627 427.861
1.55241 423.958
1.55855 420.859
1.56467 420.533
1.5708 415.545
