0.00783031 20515.4
0.013688 25173.2
0.019231 25565.6
0.0249154 23104.9
0.0312784 19498.9
0.0375637 17011.1
0.0433917 14375.9
0.0492413 12918.2
0.0555754 12202
0.0619321 11237.4
0.067871 9988.3
0.0738098 9529.68
0.0800417 8335.67
0.0862327 7566.24
0.0921407 6708.39
0.0982031 6204.7
0.104506 5617.5
0.110769 5196.71
0.116806 5054.37
0.122832 4705.23
0.129052 4435.99
0.135211 4233.11
0.141259 4004.02
0.147318 3770.48
0.153489 3456.96
0.159709 3194.92
0.165845 3109.78
0.171974 2903.59
0.178125 2782.69
0.184229 2713.02
0.19034 2560.69
0.196428 2521.68
0.202534 2358.6
0.208729 2293.84
0.214876 2199.23
0.220989 2091.64
0.227147 2032.58
0.23329 1928.44
0.239377 1891.53
0.245482 1821.91
0.251667 1762.96
0.257832 1716.91
0.263955 1647.46
0.270079 1634.91
0.27624 1556.53
0.282372 1514.67
0.28843 1470.68
0.294538 1457.81
0.300721 1388.13
0.30691 1385.48
0.313033 1355.13
0.319153 1306.77
0.325316 1270.15
0.33145 1233.09
0.337538 1187.78
0.343633 1192.64
0.349808 1165.82
0.355968 1134.03
0.362074 1111.12
0.368217 1093.22
0.374374 1080.09
0.380519 1038.1
0.386598 1026.86
0.392688 1016.16
0.39888 991.044
0.405048 973.266
0.411186 962.275
0.417313 941.13
0.423458 925.459
0.429607 902.462
0.435692 893.06
0.441815 884.653
0.447964 865.509
0.454126 842.669
0.460267 838.202
0.466387 825.257
0.47254 807.462
0.478662 800.523
0.484765 786.568
0.490885 777.693
0.497035 766.863
0.503198 747.056
0.509342 742.82
0.515458 729.125
0.521598 719.904
0.527764 707.624
0.533884 699.239
0.54 695.868
0.546137 684.3
0.552299 672.096
0.558452 664.187
0.564573 655.343
0.570708 646.429
0.576825 631.643
0.582926 627.998
0.589034 618.429
0.595184 616.327
0.601379 602.628
0.607522 595.987
0.613639 589.052
0.619772 582.48
0.625918 575.092
0.632068 569.941
0.638161 561.994
0.6443 556.614
0.650464 549.841
0.656582 544.678
0.662703 538.949
0.668861 527.863
0.675024 527.634
0.681124 518.162
0.687237 511.113
0.693381 508.124
0.699536 503.712
0.705665 497.36
0.711789 489.842
0.717957 482.443
0.72409 477.792
0.730186 474.674
0.736317 468.694
0.742472 462.905
0.748622 457.475
0.75476 453.152
0.760888 448.13
0.767043 443.185
0.773185 439.825
0.779291 434.221
0.785407 431.428
0.791564 426.348
0.797719 421.51
0.803834 416.221
0.809972 412.969
0.816124 408.819
0.822261 404.011
0.828378 399.793
0.834502 396.259
0.840667 390.285
0.846816 385.397
0.852925 384.981
0.859047 379.846
0.865192 375.536
0.871341 372.182
0.877463 367.509
0.883569 362.253
0.889708 361.504
0.895864 358.153
0.902008 353.011
0.908149 349.788
0.914301 346.476
0.920448 342.656
0.926574 338.793
0.932687 334.769
0.938823 331.374
0.944975 329.056
0.951105 325.354
0.957225 322.804
0.963368 318.775
0.969511 315.125
0.975621 314.46
0.981748 308.171
0.987916 306.295
0.99406 301.827
1.00019 299.34
1.00632 296.176
1.01246 294.421
1.01859 292.353
1.02471 287.475
1.03085 285.362
1.03698 281.94
1.04314 278.649
1.04929 276.93
1.05541 273.337
1.06154 271.35
1.06769 268.429
1.07382 266.296
1.07993 263.47
1.08607 261.089
1.09222 258.815
1.09836 255.791
1.10449 252.796
1.11063 250.96
1.11677 247.624
1.1229 244.789
1.12903 243.354
1.13518 240.074
1.14131 238.972
1.14745 236.131
1.15359 234.787
1.15973 231.921
1.16584 230.548
1.17197 227.259
1.17811 224.742
1.18424 223.427
1.19038 220.776
1.19652 218.772
1.20267 216.413
1.20881 214.389
1.21495 211.716
1.22108 210.169
1.2272 208.629
1.23334 206.525
1.23949 204.109
1.24562 202.133
1.25174 199.539
1.25789 198.516
1.26402 196.298
1.27014 194.972
1.27628 192.888
1.28244 190.958
1.28858 189.812
1.29471 187.434
1.30084 185.144
1.30697 183.542
1.31312 181.778
1.31925 180.314
1.32537 178.722
1.33151 176.728
1.33765 175.041
1.34378 173.366
1.34992 171.572
1.35606 169.84
1.3622 168.787
1.36833 166.488
1.37445 165.26
1.38059 163.556
1.38675 162.367
1.39288 160.519
1.39901 159.109
1.40515 157.624
1.4113 156.014
1.41742 154.453
1.42355 153.146
1.4297 151.752
1.43585 149.682
1.44198 149.008
1.44809 148.05
1.45423 146.114
1.46036 144.495
1.46649 143.581
1.47263 142.403
1.47877 140.614
1.48491 139.278
1.49104 138.686
1.49718 136.963
1.50333 135.454
1.50947 134.34
1.5156 133.065
1.52172 132.008
1.52787 130.613
1.534 129.55
1.54013 128.389
1.54627 127.396
1.55241 126.033
1.55855 124.694
1.56467 123.957
1.5708 122.489
