0.00783031 21183.3
0.013688 25967.9
0.019231 26475.5
0.0249154 23855.3
0.0312784 20182.6
0.0375637 17901.4
0.0433917 15285.4
0.0492413 13893.4
0.0555754 13283
0.0619321 12332.1
0.067871 11065.4
0.0738098 10725.7
0.0800417 9504.08
0.0862327 8814.41
0.0921407 7898.56
0.0982031 7442.85
0.104506 6857.25
0.110769 6379.47
0.116806 6322.99
0.122832 5945.73
0.129052 5689.9
0.135211 5507.42
0.141259 5307.25
0.147318 5084.9
0.153489 4764.5
0.159709 4459.5
0.165845 4392.15
0.171974 4157.65
0.178125 4020.12
0.184229 3978.18
0.19034 3812.63
0.196428 3773.21
0.202534 3584.68
0.208729 3534.94
0.214876 3431.42
0.220989 3305.77
0.227147 3251.57
0.23329 3134.02
0.239377 3097.87
0.245482 3022.82
0.251667 2954.96
0.257832 2900.3
0.263955 2821.61
0.270079 2829.13
0.27624 2711.55
0.282372 2675.09
0.28843 2616.42
0.294538 2634.55
0.300721 2524.51
0.30691 2543.27
0.313033 2513.76
0.319153 2452.55
0.325316 2396.76
0.33145 2350.06
0.337538 2287.28
0.343633 2320.31
0.349808 2271.59
0.355968 2238.79
0.362074 2216.12
0.368217 2195.6
0.374374 2181.28
0.380519 2117.78
0.386598 2111.64
0.392688 2101.32
0.39888 2059.54
0.405048 2042.95
0.411186 2028.66
0.417313 2004.45
0.423458 1984.36
0.429607 1951.3
0.435692 1943.06
0.441815 1943.88
0.447964 1907.99
0.454126 1866.33
0.460267 1869.47
0.466387 1856.68
0.47254 1822.39
0.478662 1819.72
0.484765 1803.61
0.490885 1796.11
0.497035 1779.61
0.503198 1741.73
0.509342 1740.77
0.515458 1722.63
0.521598 1708.72
0.527764 1688.15
0.533884 1678.8
0.54 1680.37
0.546137 1662.67
0.552299 1639.59
0.558452 1629.53
0.564573 1614.12
0.570708 1601.35
0.576825 1570.72
0.582926 1574.41
0.589034 1556.65
0.595184 1556.73
0.601379 1531.89
0.607522 1520.64
0.613639 1512.37
0.619772 1503.62
0.625918 1489.51
0.632068 1484
0.638161 1470.65
0.6443 1461.92
0.650464 1450.17
0.656582 1445.48
0.662703 1438.36
0.668861 1412.61
0.675024 1420.27
0.681124 1400.71
0.687237 1389.1
0.693381 1383.84
0.699536 1378.98
0.705665 1369.1
0.711789 1353.17
0.717957 1340.67
0.72409 1334.2
0.730186 1328.69
0.736317 1319.22
0.742472 1306
0.748622 1298.45
0.75476 1290.8
0.760888 1282.69
0.767043 1271.72
0.773185 1269.81
0.779291 1259.47
0.785407 1253.94
0.791564 1243.69
0.797719 1237.6
0.803834 1226.25
0.809972 1219.93
0.816124 1213.74
0.822261 1203.37
0.828378 1197.77
0.834502 1191.73
0.840667 1178.07
0.846816 1167.96
0.852925 1169.57
0.859047 1160.74
0.865192 1151.94
0.871341 1146.29
0.877463 1137.58
0.883569 1124.29
0.889708 1126.31
0.895864 1121.55
0.902008 1107.63
0.908149 1101.94
0.914301 1097.23
0.920448 1088.11
0.926574 1080.71
0.932687 1071.79
0.938823 1065.4
0.944975 1062.45
0.951105 1052.88
0.957225 1049.04
0.963368 1039.86
0.969511 1032.27
0.975621 1033.91
0.981748 1017.9
0.987916 1014.33
0.99406 1004.75
1.00019 1000.45
1.00632 990.911
1.01246 990.879
1.01859 987.768
1.02471 974.435
1.03085 970.29
1.03698 963.482
1.04314 955.693
1.04929 953.436
1.05541 943.43
1.06154 941.219
1.06769 934.233
1.07382 930.573
1.07993 924.435
1.08607 918.775
1.09222 913.6
1.09836 907.534
1.10449 899.637
1.11063 897.323
1.11677 887.827
1.1229 881.241
1.12903 877.712
1.13518 870.616
1.14131 870.34
1.14745 862.669
1.15359 861.829
1.15973 852.963
1.16584 851.063
1.17197 842.158
1.17811 836.429
1.18424 834.56
1.19038 827.459
1.19652 823.321
1.20267 816.972
1.20881 812.046
1.21495 805.713
1.22108 803.33
1.2272 798.938
1.23334 794.232
1.23949 787.822
1.24562 782.23
1.25174 775.728
1.25789 773.985
1.26402 769.059
1.27014 766.55
1.27628 762.138
1.28244 755.906
1.28858 754.153
1.29471 746.679
1.30084 741.877
1.30697 738.785
1.31312 732.042
1.31925 730.135
1.32537 726.645
1.33151 720.616
1.33765 716.536
1.34378 712.436
1.34992 706.954
1.35606 703.092
1.3622 700.579
1.36833 694.278
1.37445 691.33
1.38059 686.447
1.38675 683.31
1.39288 679.402
1.39901 674.207
1.40515 670.484
1.4113 666.988
1.41742 662.705
1.42355 659.507
1.4297 655.255
1.43585 648.17
1.44198 648.928
1.44809 646.785
1.45423 639.381
1.46036 635.795
1.46649 633.514
1.47263 630.178
1.47877 625.02
1.48491 620.409
1.49104 619.689
1.49718 614.828
1.50333 611.113
1.50947 607.763
1.5156 603.388
1.52172 600.219
1.52787 595.792
1.534 594.559
1.54013 590.598
1.54627 588.823
1.55241 583.076
1.55855 579.666
1.56467 577.914
1.5708 573.649
