0.00783031 5786.11
0.013688 5633.01
0.019231 4862.15
0.0249154 6622.31
0.0312784 5935.37
0.0375637 5261.1
0.0433917 4712.08
0.0492413 4510.84
0.0555754 4435.09
0.0619321 3608.55
0.067871 3195.3
0.0738098 3526.26
0.0800417 3418.92
0.0862327 3018.48
0.0921407 2978.48
0.0982031 2633.27
0.104506 2572.08
0.110769 2446.15
0.116806 2296.73
0.122832 2186.65
0.129052 2087.4
0.135211 2024.93
0.141259 1866.28
0.147318 1721.04
0.153489 1714.9
0.159709 1628.03
0.165845 1631.08
0.171974 1565.8
0.178125 1439.97
0.184229 1355.62
0.19034 1344.96
0.196428 1279.01
0.202534 1251.9
0.208729 1199.19
0.214876 1121.88
0.220989 1073.79
0.227147 1074.95
0.23329 1055.51
0.239377 1017
0.245482 959.461
0.251667 949.296
0.257832 896.186
0.263955 909.572
0.270079 831.869
0.27624 833.658
0.282372 796.237
0.28843 796.328
0.294538 743.09
0.300721 745.168
0.30691 709.381
0.313033 692.216
0.319153 684.102
0.325316 657.086
0.33145 630.781
0.337538 627.977
0.343633 604.589
0.349808 594.64
0.355968 579.89
0.362074 556.671
0.368217 534.976
0.374374 525.05
0.380519 515.193
0.386598 495.328
0.392688 502.467
0.39888 473.541
0.405048 461.82
0.411186 451.732
0.417313 440.878
0.423458 436.962
0.429607 427.965
0.435692 420.546
0.441815 402.679
0.447964 386.207
0.454126 385.407
0.460267 381.251
0.466387 362.002
0.47254 359.244
0.478662 353.666
0.484765 339.867
0.490885 328.733
0.497035 332.094
0.503198 320.23
0.509342 308.218
0.515458 308.495
0.521598 287.204
0.527764 293.333
0.533884 283.476
0.54 275.165
0.546137 269.684
0.552299 261.594
0.558452 252.428
0.564573 247.958
0.570708 245.597
0.576825 241.56
0.582926 237.451
0.589034 227.918
0.595184 220.463
0.601379 215.745
0.607522 215.465
0.613639 210.394
0.619772 201.843
0.625918 202.155
0.632068 192.816
0.638161 180.772
0.6443 187.738
0.650464 182.844
0.656582 181.414
0.662703 177.432
0.668861 170.447
0.675024 163.157
0.681124 163.845
0.687237 155.981
0.693381 152.092
0.699536 148.206
0.705665 142.444
0.711789 139.072
0.717957 139.283
0.72409 134.597
0.730186 135.985
0.736317 128.12
0.742472 119.478
0.748622 120.07
0.75476 116.334
0.760888 111.008
0.767043 113.046
0.773185 106.532
0.779291 104.786
0.785407 97.802
0.791564 98.1311
0.797719 94.8924
0.803834 97.0207
0.809972 89.8817
0.816124 87.6696
0.822261 82.9465
0.828378 83.4829
0.834502 80.0652
0.840667 80.4129
0.846816 76.512
0.852925 72.8022
0.859047 70.9891
0.865192 67.4352
0.871341 65.6354
0.877463 64.4747
0.883569 62.1647
0.889708 58.4811
0.895864 57.0648
0.902008 54.4308
0.908149 52.5009
0.914301 48.1267
0.920448 50.9077
0.926574 48.2522
0.932687 43.4774
0.938823 41.5514
0.944975 41.0461
0.951105 41.1557
0.957225 35.8772
0.963368 36.2883
0.969511 32.5003
0.975621 31.4011
0.981748 30.7181
0.987916 29.4791
0.99406 25.6852
1.00019 24.0747
1.00632 23.2572
1.01246 25.6536
1.01859 19.6839
1.02471 17.5135
1.03085 18.253
1.03698 16.2742
1.04314 15.924
1.04929 12.2551
1.05541 11.2495
1.06154 8.98822
1.06769 8.83986
1.07382 6.36366
1.07993 1.99917
1.08607 3.45458
1.09222 4.31545
1.09836 1.97025
1.10449 -1.79283
1.11063 -0.557998
1.11677 -1.68726
1.1229 -2.41497
1.12903 -6.12433
1.13518 -5.47654
1.14131 -7.64532
1.14745 -8.16439
1.15359 -9.93545
1.15973 -10.5489
1.16584 -8.32022
1.17197 -11.091
1.17811 -11.4489
1.18424 -13.357
1.19038 -14.5755
1.19652 -13.6407
1.20267 -19.3008
1.20881 -17.5685
1.21495 -17.6826
1.22108 -18.9147
1.2272 -20.5251
1.23334 -21.6114
1.23949 -20.8813
1.24562 -21.1109
1.25174 -23.8756
1.25789 -23.5081
1.26402 -25.3502
1.27014 -25.7215
1.27628 -25.956
1.28244 -27.1628
1.28858 -27.16
1.29471 -28.2807
1.30084 -28.8959
1.30697 -30.1683
1.31312 -30.5707
1.31925 -30.9871
1.32537 -31.4162
1.33151 -32.7855
1.33765 -33.2784
1.34378 -32.874
1.34992 -34.4476
1.35606 -34.7111
1.3622 -35.3238
1.36833 -34.7569
1.37445 -34.8539
1.38059 -35.6214
1.38675 -35.2255
1.39288 -37.6657
1.39901 -38.5959
1.40515 -37.7758
1.4113 -38.3602
1.41742 -39.1118
1.42355 -38.5925
1.4297 -39.0463
1.43585 -40.87
1.44198 -39.7618
1.44809 -40.5909
1.45423 -40.9125
1.46036 -43.3431
1.46649 -41.2759
1.47263 -42.0576
1.47877 -44.455
1.48491 -44.0638
1.49104 -44.4031
1.49718 -43.0662
1.50333 -44.3301
1.50947 -44.837
1.5156 -43.8142
1.52172 -44.9781
1.52787 -45.4304
1.534 -45.8638
1.54013 -44.4584
1.54627 -46.2215
1.55241 -45.6576
1.55855 -46.216
1.56467 -47.5082
1.5708 -46.7018
