0.00783031 17235.5
0.013688 21248.9
0.019231 21884.6
0.0249154 20494.6
0.0312784 17999.2
0.0375637 14806.1
0.0433917 13662.2
0.0492413 12065.1
0.0555754 11072.7
0.0619321 10698.6
0.067871 9982.1
0.0738098 9458.66
0.0800417 8844.54
0.0862327 7991.97
0.0921407 7270.42
0.0982031 6557.63
0.104506 6100.92
0.110769 5900.8
0.116806 5864.71
0.122832 5482.41
0.129052 5540.91
0.135211 5172.31
0.141259 5056.96
0.147318 4503.91
0.153489 4453.92
0.159709 4306.94
0.165845 4141
0.171974 3923.94
0.178125 3782.23
0.184229 3789.92
0.19034 3620.88
0.196428 3545.35
0.202534 3511.56
0.208729 3395.46
0.214876 3345.13
0.220989 3170.16
0.227147 3186.88
0.23329 3029.42
0.239377 3020.59
0.245482 2875.29
0.251667 2890.32
0.257832 2837.75
0.263955 2740.63
0.270079 2730.98
0.27624 2699.37
0.282372 2657.54
0.28843 2628.4
0.294538 2572.95
0.300721 2510.01
0.30691 2507
0.313033 2420.08
0.319153 2402.92
0.325316 2377.38
0.33145 2356.7
0.337538 2336.7
0.343633 2300.28
0.349808 2303.84
0.355968 2237.01
0.362074 2215.05
0.368217 2199.57
0.374374 2172.18
0.380519 2168.9
0.386598 2143.87
0.392688 2084.89
0.39888 2077.33
0.405048 2071.21
0.411186 2039.41
0.417313 2024.26
0.423458 2005.9
0.429607 1990.97
0.435692 1982.09
0.441815 1959.7
0.447964 1952.81
0.454126 1936.34
0.460267 1931.46
0.466387 1902.34
0.47254 1874.72
0.478662 1860.62
0.484765 1862.19
0.490885 1853.84
0.497035 1829.59
0.503198 1826.62
0.509342 1789.29
0.515458 1789.44
0.521598 1786.48
0.527764 1767.51
0.533884 1746.25
0.54 1756.04
0.546137 1733.08
0.552299 1707.29
0.558452 1717.13
0.564573 1703.45
0.570708 1686.39
0.576825 1676.07
0.582926 1689.61
0.589034 1660.35
0.595184 1659.55
0.601379 1638.28
0.607522 1632.39
0.613639 1615.79
0.619772 1624.02
0.625918 1596.67
0.632068 1597.86
0.638161 1602.72
0.6443 1582.65
0.650464 1573.39
0.656582 1562.49
0.662703 1554.59
0.668861 1546.14
0.675024 1536.95
0.681124 1524.93
0.687237 1519.26
0.693381 1508.29
0.699536 1507.72
0.705665 1505.65
0.711789 1485.11
0.717957 1477.8
0.72409 1471.47
0.730186 1473.53
0.736317 1468.12
0.742472 1459.43
0.748622 1443.08
0.75476 1436.17
0.760888 1427.78
0.767043 1424.25
0.773185 1409.72
0.779291 1408.9
0.785407 1399.28
0.791564 1399.47
0.797719 1392.27
0.803834 1373.5
0.809972 1368.6
0.816124 1375.1
0.822261 1362.21
0.828378 1350.75
0.834502 1345.98
0.840667 1334.99
0.846816 1330.57
0.852925 1324.93
0.859047 1311.75
0.865192 1311.02
0.871341 1300.36
0.877463 1295.4
0.883569 1292.34
0.889708 1284.4
0.895864 1272.55
0.902008 1269.28
0.908149 1262.64
0.914301 1260.84
0.920448 1253.48
0.926574 1250.03
0.932687 1237.25
0.938823 1233.33
0.944975 1230.55
0.951105 1217.17
0.957225 1206.87
0.963368 1206.14
0.969511 1193.32
0.975621 1186.43
0.981748 1187.98
0.987916 1178.09
0.99406 1178.65
1.00019 1163.52
1.00632 1161.98
1.01246 1149.45
1.01859 1147.34
1.02471 1139.91
1.03085 1139.16
1.03698 1127.46
1.04314 1119.69
1.04929 1117.2
1.05541 1111.2
1.06154 1109.94
1.06769 1100.67
1.07382 1092.95
1.07993 1087.71
1.08607 1081.86
1.09222 1077.78
1.09836 1075.14
1.10449 1066.7
1.11063 1061.24
1.11677 1054.07
1.1229 1049.46
1.12903 1045.36
1.13518 1037.6
1.14131 1030.56
1.14745 1024.13
1.15359 1026.17
1.15973 1016.18
1.16584 1007.87
1.17197 1003.27
1.17811 1001.56
1.18424 994.23
1.19038 985.032
1.19652 982.054
1.20267 977.861
1.20881 971.949
1.21495 966.668
1.22108 961.686
1.2272 955.215
1.23334 948.639
1.23949 945.209
1.24562 939.989
1.25174 936.078
1.25789 926.707
1.26402 929.066
1.27014 917.482
1.27628 913.543
1.28244 908.459
1.28858 905.34
1.29471 899.941
1.30084 894.401
1.30697 891.93
1.31312 883.964
1.31925 880.281
1.32537 873.156
1.33151 869.741
1.33765 864.099
1.34378 861.188
1.34992 858.783
1.35606 850.958
1.3622 846.467
1.36833 839.031
1.37445 838.09
1.38059 834.245
1.38675 827.437
1.39288 822.637
1.39901 820.4
1.40515 815.23
1.4113 810.596
1.41742 807.792
1.42355 801.557
1.4297 797.541
1.43585 794.642
1.44198 790.553
1.44809 783.734
1.45423 781.6
1.46036 777.191
1.46649 774.997
1.47263 768.497
1.47877 763.643
1.48491 762.99
1.49104 757.638
1.49718 751.997
1.50333 751.13
1.50947 745.497
1.5156 744.824
1.52172 739.361
1.52787 735.857
1.534 731.162
1.54013 726.213
1.54627 722.132
1.55241 719.187
1.55855 715.661
1.56467 713.391
1.5708 708.407
