0.00783031 8898.51
0.013688 11713.4
0.019231 11030.8
0.0249154 7392.76
0.0312784 9443.64
0.0375637 9255.79
0.0433917 8019.73
0.0492413 10258.4
0.0555754 7982.34
0.0619321 9694.54
0.067871 8935.28
0.0738098 8353.87
0.0800417 8461.94
0.0862327 8089.35
0.0921407 8203.25
0.0982031 8024.93
0.104506 7689.29
0.110769 7449.29
0.116806 7416.11
0.122832 7221.97
0.129052 7325.5
0.135211 7121.87
0.141259 6941.53
0.147318 6842.27
0.153489 6709.14
0.159709 6586.89
0.165845 6505.58
0.171974 6318.37
0.178125 6304.9
0.184229 6316.41
0.19034 6117.81
0.196428 5971.08
0.202534 6116.08
0.208729 5928.62
0.214876 5815.89
0.220989 5783.68
0.227147 5676.02
0.23329 5706.24
0.239377 5534.35
0.245482 5511.66
0.251667 5388.11
0.257832 5324.21
0.263955 5317.61
0.270079 5244.44
0.27624 5179.4
0.282372 5187.68
0.28843 5052.75
0.294538 5171.11
0.300721 5029.4
0.30691 5048.96
0.313033 4968.61
0.319153 4936.1
0.325316 4877.05
0.33145 4795.71
0.337538 4751.04
0.343633 4763.93
0.349808 4718.04
0.355968 4681.27
0.362074 4640.01
0.368217 4605.74
0.374374 4546.54
0.380519 4547.6
0.386598 4477.61
0.392688 4427
0.39888 4477.51
0.405048 4377.73
0.411186 4343.22
0.417313 4367.81
0.423458 4331.94
0.429607 4334.27
0.435692 4281.87
0.441815 4302.17
0.447964 4265.51
0.454126 4228.23
0.460267 4171.74
0.466387 4168.13
0.47254 4191.79
0.478662 4104.84
0.484765 4099.34
0.490885 4081.54
0.497035 4098.3
0.503198 4041.66
0.509342 4021.78
0.515458 4007.51
0.521598 4015.57
0.527764 3963.98
0.533884 3985.74
0.54 3960.38
0.546137 3898.67
0.552299 3919.6
0.558452 3866.54
0.564573 3867.48
0.570708 3858.65
0.576825 3865.61
0.582926 3864.09
0.589034 3830.25
0.595184 3811.02
0.601379 3784.22
0.607522 3777
0.613639 3772.57
0.619772 3722.87
0.625918 3727.97
0.632068 3711.11
0.638161 3699.39
0.6443 3696.25
0.650464 3694.17
0.656582 3693.24
0.662703 3679.78
0.668861 3651.83
0.675024 3657.24
0.681124 3603.66
0.687237 3606.18
0.693381 3605.99
0.699536 3577.68
0.705665 3577.94
0.711789 3577.45
0.717957 3553.83
0.72409 3531.38
0.730186 3522.18
0.736317 3521.3
0.742472 3516.48
0.748622 3502.98
0.75476 3498.84
0.760888 3492.75
0.767043 3468.09
0.773185 3470.69
0.779291 3469.64
0.785407 3456.62
0.791564 3433.93
0.797719 3443.34
0.803834 3411.64
0.809972 3406.79
0.816124 3413.72
0.822261 3389.34
0.828378 3387.8
0.834502 3384.75
0.840667 3373.37
0.846816 3375.37
0.852925 3354.55
0.859047 3347.9
0.865192 3330.18
0.871341 3311.26
0.877463 3301.45
0.883569 3319.47
0.889708 3296.16
0.895864 3298.42
0.902008 3289.36
0.908149 3290.53
0.914301 3282.8
0.920448 3286.91
0.926574 3272.05
0.932687 3240.88
0.938823 3247.87
0.944975 3237.42
0.951105 3234.18
0.957225 3216.15
0.963368 3219.57
0.969511 3210.32
0.975621 3216.66
0.981748 3190.85
0.987916 3203.07
0.99406 3174.32
1.00019 3176.81
1.00632 3177.32
1.01246 3159.23
1.01859 3151.81
1.02471 3157.08
1.03085 3151.26
1.03698 3138.1
1.04314 3135.74
1.04929 3114.39
1.05541 3106.54
1.06154 3110.98
1.06769 3103.84
1.07382 3097.92
1.07993 3089.05
1.08607 3076.24
1.09222 3079.79
1.09836 3077.91
1.10449 3075.09
1.11063 3060.17
1.11677 3056.01
1.1229 3045.54
1.12903 3048.6
1.13518 3041.37
1.14131 3030.25
1.14745 3026.21
1.15359 3033.43
1.15973 3014.19
1.16584 3013.06
1.17197 3003.47
1.17811 3000.82
1.18424 2998.56
1.19038 2987.66
1.19652 2977.43
1.20267 2967.32
1.20881 2976.66
1.21495 2964.4
1.22108 2960.31
1.2272 2954.84
1.23334 2949.05
1.23949 2937.56
1.24562 2925.15
1.25174 2935.52
1.25789 2924.24
1.26402 2923.07
1.27014 2920.7
1.27628 2909.02
1.28244 2899.66
1.28858 2894.42
1.29471 2896.98
1.30084 2888.86
1.30697 2871.82
1.31312 2871.54
1.31925 2879.38
1.32537 2856.26
1.33151 2862.87
1.33765 2850.58
1.34378 2848.72
1.34992 2841.8
1.35606 2843.21
1.3622 2831.91
1.36833 2835.37
1.37445 2826.99
1.38059 2815.86
1.38675 2805.07
1.39288 2810.62
1.39901 2807.71
1.40515 2802.91
1.4113 2793.85
1.41742 2781.72
1.42355 2779.1
1.4297 2774.57
1.43585 2769.31
1.44198 2761.56
1.44809 2761.28
1.45423 2757.1
1.46036 2751.65
1.46649 2753.17
1.47263 2739.88
1.47877 2725.76
1.48491 2732.37
1.49104 2725.12
1.49718 2712.8
1.50333 2709.69
1.50947 2708.71
1.5156 2705.18
1.52172 2702.52
1.52787 2690.19
1.534 2687.55
1.54013 2680.15
1.54627 2678.38
1.55241 2671.31
1.55855 2669.6
1.56467 2662.79
1.5708 2659.43
