0.00783031 10.7833
0.013688 2.05221
0.019231 -4.96142
0.0249154 2.94004
0.0312784 10.1861
0.0375637 6.19108
0.0433917 -3.9834
0.0492413 4.82332
0.0555754 3.82816
0.0619321 6.33367
0.067871 8.42984
0.0738098 7.86186
0.0800417 10.4253
0.0862327 10.7065
0.0921407 13.749
0.0982031 12.1594
0.104506 16.1024
0.110769 17.9179
0.116806 15.0186
0.122832 17.0658
0.129052 17.982
0.135211 19.033
0.141259 19.9583
0.147318 20.1941
0.153489 21.9444
0.159709 22.0366
0.165845 24.0834
0.171974 26.0129
0.178125 25.4977
0.184229 27.9722
0.19034 29.2525
0.196428 30.8717
0.202534 30.8509
0.208729 30.6641
0.214876 32.3538
0.220989 32.4417
0.227147 34.0272
0.23329 33.2558
0.239377 34.6221
0.245482 35.9145
0.251667 37.4796
0.257832 37.3978
0.263955 37.6534
0.270079 38.6407
0.27624 40.0177
0.282372 40.0815
0.28843 41.8505
0.294538 42.6879
0.300721 40.8286
0.30691 41.8509
0.313033 42.6563
0.319153 43.9192
0.325316 44.6685
0.33145 44.1556
0.337538 45.3288
0.343633 45.9123
0.349808 46.2597
0.355968 46.7616
0.362074 47.107
0.368217 47.7036
0.374374 48.8116
0.380519 49.1608
0.386598 49.9531
0.392688 49.543
0.39888 50.6038
0.405048 50.6465
0.411186 51.282
0.417313 50.7101
0.423458 51.3066
0.429607 52.1613
0.435692 51.6678
0.441815 52.7649
0.447964 52.9424
0.454126 53.3969
0.460267 53.7078
0.466387 54.9497
0.47254 54.5391
0.478662 53.8024
0.484765 54.2006
0.490885 55.7852
0.497035 54.9176
0.503198 55.0608
0.509342 55.2999
0.515458 56.0013
0.521598 55.4147
0.527764 56.1386
0.533884 57.0637
0.54 57.5978
0.546137 57.6939
0.552299 56.6753
0.558452 56.7802
0.564573 57.6556
0.570708 57.4566
0.576825 57.7454
0.582926 57.6663
0.589034 57.6658
0.595184 58.196
0.601379 58.2266
0.607522 58.48
0.613639 58.4933
0.619772 58.5025
0.625918 58.2481
0.632068 58.0958
0.638161 58.2629
0.6443 58.228
0.650464 58.3212
0.656582 57.8792
0.662703 58.7624
0.668861 58.9779
0.675024 58.576
0.681124 58.7372
0.687237 58.3773
0.693381 58.1945
0.699536 58.644
0.705665 58.2065
0.711789 57.9241
0.717957 58.6392
0.72409 58.1235
0.730186 57.5042
0.736317 57.6909
0.742472 57.8442
0.748622 57.6955
0.75476 57.4279
0.760888 57.8128
0.767043 57.4391
0.773185 57.1448
0.779291 57.1185
0.785407 57.2375
0.791564 57.304
0.797719 56.5801
0.803834 57.1274
0.809972 57.1413
0.816124 56.3236
0.822261 56.2132
0.828378 56.0983
0.834502 55.882
0.840667 55.955
0.846816 55.6924
0.852925 55.1323
0.859047 54.9277
0.865192 55.5332
0.871341 54.4396
0.877463 54.0625
0.883569 54.7964
0.889708 54.1745
0.895864 53.7725
0.902008 53.4414
0.908149 53.3936
0.914301 53.4156
0.920448 52.9491
0.926574 52.5866
0.932687 52.6267
0.938823 52.1668
0.944975 52.2348
0.951105 51.5405
0.957225 51.5409
0.963368 51.1126
0.969511 50.3469
0.975621 50.6391
0.981748 50.1996
0.987916 49.9772
0.99406 49.8948
1.00019 49.095
1.00632 49.2285
1.01246 49.099
1.01859 48.9218
1.02471 48.2604
1.03085 48.1853
1.03698 47.7048
1.04314 47.742
1.04929 47.5549
1.05541 46.6963
1.06154 46.8007
1.06769 46.6863
1.07382 46.209
1.07993 46.2699
1.08607 45.5869
1.09222 45.6562
1.09836 44.9988
1.10449 44.8338
1.11063 44.5961
1.11677 43.7863
1.1229 43.9201
1.12903 43.7985
1.13518 43.4563
1.14131 43.0432
1.14745 42.7306
1.15359 42.4801
1.15973 41.983
1.16584 41.9637
1.17197 41.5427
1.17811 41.7312
1.18424 41.1665
1.19038 40.6904
1.19652 40.5114
1.20267 40.2022
1.20881 40.2764
1.21495 40.0993
1.22108 39.6195
1.2272 39.5455
1.23334 39.6092
1.23949 38.6564
1.24562 38.4926
1.25174 38.5948
1.25789 38.1287
1.26402 38.0472
1.27014 37.5882
1.27628 37.4861
1.28244 37.7785
1.28858 37.0824
1.29471 36.8716
1.30084 36.858
1.30697 36.7302
1.31312 36.3559
1.31925 36.0713
1.32537 35.6759
1.33151 35.567
1.33765 35.0388
1.34378 34.688
1.34992 34.5972
1.35606 34.4714
1.3622 34.4048
1.36833 34.2176
1.37445 33.9689
1.38059 33.7933
1.38675 33.8691
1.39288 33.2432
1.39901 32.944
1.40515 33.1979
1.4113 32.9129
1.41742 32.4517
1.42355 32.1386
1.4297 32.242
1.43585 31.6681
1.44198 31.6862
1.44809 31.6932
1.45423 31.0076
1.46036 31.2398
1.46649 30.67
1.47263 30.653
1.47877 30.3859
1.48491 30.2636
1.49104 30.5159
1.49718 30.4967
1.50333 29.8998
1.50947 29.8309
1.5156 29.2492
1.52172 28.9281
1.52787 29.031
1.534 28.9789
1.54013 28.7181
1.54627 28.7893
1.55241 28.3233
1.55855 28.2881
1.56467 28.2421
1.5708 28.0746
