0.00783031 -127.528
0.013688 -171.06
0.019231 -181.041
0.0249154 -171.108
0.0312784 -155.647
0.0375637 -136.602
0.0433917 -130.224
0.0492413 -123.05
0.0555754 -120.765
0.0619321 -118.804
0.067871 -120.161
0.0738098 -120.745
0.0800417 -119.707
0.0862327 -110.358
0.0921407 -106.923
0.0982031 -103.999
0.104506 -98.9663
0.110769 -103.426
0.116806 -106.037
0.122832 -107.988
0.129052 -107.497
0.135211 -106.492
0.141259 -106.632
0.147318 -108.862
0.153489 -107.265
0.159709 -103.062
0.165845 -105.137
0.171974 -104.17
0.178125 -106.073
0.184229 -104.76
0.19034 -107.499
0.196428 -110.955
0.202534 -111.47
0.208729 -107.882
0.214876 -109.26
0.220989 -108.259
0.227147 -107.314
0.23329 -111.182
0.239377 -110.446
0.245482 -111.192
0.251667 -109.434
0.257832 -111.757
0.263955 -113.025
0.270079 -109.277
0.27624 -114.232
0.282372 -113.179
0.28843 -113.378
0.294538 -111.577
0.300721 -110.763
0.30691 -112.877
0.313033 -113.754
0.319153 -112.47
0.325316 -113.684
0.33145 -111.991
0.337538 -113.371
0.343633 -114.348
0.349808 -114.587
0.355968 -115.571
0.362074 -114.488
0.368217 -114.602
0.374374 -114.136
0.380519 -114.26
0.386598 -114.311
0.392688 -115.528
0.39888 -113.614
0.405048 -115.232
0.411186 -114.111
0.417313 -114.841
0.423458 -114.881
0.429607 -114.475
0.435692 -115.543
0.441815 -115.221
0.447964 -117.22
0.454126 -116.745
0.460267 -115.586
0.466387 -115.102
0.47254 -115.769
0.478662 -115.114
0.484765 -116.309
0.490885 -115.214
0.497035 -115.498
0.503198 -116.605
0.509342 -115.193
0.515458 -115.981
0.521598 -116.046
0.527764 -114.793
0.533884 -116.101
0.54 -116.964
0.546137 -115.65
0.552299 -116.473
0.558452 -116.018
0.564573 -116.157
0.570708 -116.778
0.576825 -115.805
0.582926 -116.927
0.589034 -116.911
0.595184 -116.99
0.601379 -116.779
0.607522 -117.287
0.613639 -115.248
0.619772 -116.401
0.625918 -116.471
0.632068 -116.037
0.638161 -116.196
0.6443 -116.135
0.650464 -115.978
0.656582 -116.149
0.662703 -117.761
0.668861 -116.735
0.675024 -116.05
0.681124 -117.066
0.687237 -116.186
0.693381 -116.444
0.699536 -116.345
0.705665 -116.531
0.711789 -117.43
0.717957 -116.932
0.72409 -116.129
0.730186 -116.588
0.736317 -115.734
0.742472 -115.609
0.748622 -115.68
0.75476 -116.21
0.760888 -115.982
0.767043 -116.164
0.773185 -115.597
0.779291 -116.652
0.785407 -115.387
0.791564 -115.896
0.797719 -115.703
0.803834 -115.129
0.809972 -115.278
0.816124 -114.21
0.822261 -115.312
0.828378 -114.902
0.834502 -114.246
0.840667 -114.577
0.846816 -114.162
0.852925 -114.889
0.859047 -113.602
0.865192 -113.298
0.871341 -113.596
0.877463 -114.192
0.883569 -115.355
0.889708 -113.841
0.895864 -113.404
0.902008 -113.479
0.908149 -112.416
0.914301 -113.223
0.920448 -113.315
0.926574 -113.338
0.932687 -113.311
0.938823 -112.867
0.944975 -111.897
0.951105 -111.439
0.957225 -111.607
0.963368 -111.132
0.969511 -111.184
0.975621 -111.329
0.981748 -111.308
0.987916 -110.735
0.99406 -110.29
1.00019 -109.343
1.00632 -110
1.01246 -109.651
1.01859 -110.143
1.02471 -109.676
1.03085 -109.038
1.03698 -109.133
1.04314 -108.798
1.04929 -108.306
1.05541 -108.399
1.06154 -108.06
1.06769 -107.963
1.07382 -107.63
1.07993 -107.267
1.08607 -106.674
1.09222 -107.268
1.09836 -107.018
1.10449 -106.565
1.11063 -106.114
1.11677 -106.152
1.1229 -105.818
1.12903 -105.73
1.13518 -105.733
1.14131 -104.494
1.14745 -105.026
1.15359 -105.139
1.15973 -104.493
1.16584 -104.376
1.17197 -103.686
1.17811 -103.533
1.18424 -104.179
1.19038 -103.927
1.19652 -103.481
1.20267 -102.751
1.20881 -103.068
1.21495 -102.643
1.22108 -102.389
1.2272 -102.324
1.23334 -102.135
1.23949 -101.781
1.24562 -101.635
1.25174 -101.568
1.25789 -100.718
1.26402 -101.12
1.27014 -100.512
1.27628 -100.621
1.28244 -100.483
1.28858 -99.8785
1.29471 -99.7988
1.30084 -100.071
1.30697 -99.6154
1.31312 -99.1611
1.31925 -99.4317
1.32537 -98.8635
1.33151 -98.7137
1.33765 -98.6342
1.34378 -98.0512
1.34992 -98.6548
1.35606 -98.0359
1.3622 -97.8922
1.36833 -97.5562
1.37445 -97.4883
1.38059 -97.5597
1.38675 -97.2307
1.39288 -97.0056
1.39901 -96.9277
1.40515 -96.849
1.4113 -96.0685
1.41742 -96.5116
1.42355 -95.8431
1.4297 -96.1359
1.43585 -95.894
1.44198 -95.6647
1.44809 -95.5523
1.45423 -95.3539
1.46036 -95.0267
1.46649 -94.8592
1.47263 -95.5957
1.47877 -95.4787
1.48491 -94.8298
1.49104 -94.8145
1.49718 -94.4998
1.50333 -94.3211
1.50947 -94.4104
1.5156 -94.0793
1.52172 -94.2622
1.52787 -94.2426
1.534 -93.7162
1.54013 -93.637
1.54627 -93.8025
1.55241 -93.2915
1.55855 -93.6928
1.56467 -93.1536
1.5708 -93.2118
