0.00783031 21807.4
0.013688 27132.2
0.019231 28025.1
0.0249154 25587
0.0312784 22111.4
0.0375637 18746.9
0.0433917 16765
0.0492413 15116.2
0.0555754 13575.2
0.0619321 13043.4
0.067871 12095.1
0.0738098 11549.8
0.0800417 10467.5
0.0862327 9157.99
0.0921407 8288.46
0.0982031 7711.74
0.104506 6848.51
0.110769 6787.69
0.116806 6512.16
0.122832 6224.86
0.129052 5898.14
0.135211 5562.5
0.141259 5368.94
0.147318 5203.21
0.153489 4927.07
0.159709 4505.82
0.165845 4463.93
0.171974 4163.35
0.178125 4091.44
0.184229 3945.95
0.19034 3867.78
0.196428 3810.03
0.202534 3660.09
0.208729 3477.11
0.214876 3410.8
0.220989 3260.02
0.227147 3179.03
0.23329 3195.71
0.239377 3079.63
0.245482 3001.95
0.251667 2877.68
0.257832 2851.43
0.263955 2801.19
0.270079 2683.4
0.27624 2684.24
0.282372 2646.09
0.28843 2605.32
0.294538 2525.01
0.300721 2443.11
0.30691 2441.32
0.313033 2382.41
0.319153 2322.52
0.325316 2285.5
0.33145 2248.43
0.337538 2203.59
0.343633 2178.46
0.349808 2144.95
0.355968 2120.82
0.362074 2089.46
0.368217 2037.31
0.374374 1998.72
0.380519 1959.81
0.386598 1934.52
0.392688 1928.17
0.39888 1885.97
0.405048 1860.55
0.411186 1837.09
0.417313 1812.66
0.423458 1796.34
0.429607 1754.21
0.435692 1731.8
0.441815 1719.2
0.447964 1706.2
0.454126 1683.02
0.460267 1657.12
0.466387 1628.54
0.47254 1629.54
0.478662 1595.16
0.484765 1583.98
0.490885 1555.35
0.497035 1540.13
0.503198 1532.31
0.509342 1497.76
0.515458 1480.19
0.521598 1469.27
0.527764 1454.14
0.533884 1437.77
0.54 1440.27
0.546137 1405.91
0.552299 1396.9
0.558452 1384.11
0.564573 1373.1
0.570708 1359.82
0.576825 1336.41
0.582926 1330.38
0.589034 1316.99
0.595184 1303.81
0.601379 1294.09
0.607522 1280.1
0.613639 1254.88
0.619772 1248.79
0.625918 1245.1
0.632068 1227.63
0.638161 1219.11
0.6443 1217.92
0.650464 1203.68
0.656582 1183.15
0.662703 1178.8
0.668861 1167.8
0.675024 1156.49
0.681124 1155.35
0.687237 1140.32
0.693381 1128.93
0.699536 1115.5
0.705665 1116.36
0.711789 1108.25
0.717957 1097.92
0.72409 1085.23
0.730186 1074.78
0.736317 1061.73
0.742472 1055.8
0.748622 1052.77
0.75476 1045.16
0.760888 1035.76
0.767043 1029.83
0.773185 1018.54
0.779291 1014.52
0.785407 1001.96
0.791564 1000.41
0.797719 991.666
0.803834 980.239
0.809972 975.029
0.816124 967.232
0.822261 966.408
0.828378 960.097
0.834502 948.271
0.840667 943.909
0.846816 934.655
0.852925 933.054
0.859047 922.1
0.865192 914.521
0.871341 912.615
0.877463 907.482
0.883569 905.024
0.889708 897.434
0.895864 891.636
0.902008 881.656
0.908149 882.269
0.914301 870.733
0.920448 865.589
0.926574 862.694
0.932687 859.59
0.938823 851.745
0.944975 842.949
0.951105 833.141
0.957225 831.113
0.963368 826.932
0.969511 823.354
0.975621 819.644
0.981748 814.101
0.987916 806.392
0.99406 801.683
1.00019 793.056
1.00632 791.215
1.01246 785.62
1.01859 784.328
1.02471 776.021
1.03085 770.997
1.03698 768.085
1.04314 761.38
1.04929 757.334
1.05541 750.903
1.06154 749.293
1.06769 742.467
1.07382 739.399
1.07993 732.053
1.08607 727.596
1.09222 727.126
1.09836 720.272
1.10449 716.859
1.11063 710.786
1.11677 709.486
1.1229 701.042
1.12903 698.458
1.13518 695.723
1.14131 686.485
1.14745 684.126
1.15359 683.27
1.15973 677.816
1.16584 673.484
1.17197 669.117
1.17811 665.307
1.18424 662.711
1.19038 658.635
1.19652 653.206
1.20267 647.928
1.20881 646.667
1.21495 643.733
1.22108 636.956
1.2272 635.392
1.23334 632.002
1.23949 627.383
1.24562 624.045
1.25174 619.602
1.25789 613.703
1.26402 611.464
1.27014 608.735
1.27628 607.313
1.28244 601.879
1.28858 597.832
1.29471 595.914
1.30084 593.284
1.30697 589.113
1.31312 583.829
1.31925 583.661
1.32537 579.345
1.33151 574.762
1.33765 572.723
1.34378 568.805
1.34992 565.455
1.35606 562.671
1.3622 559.527
1.36833 556.426
1.37445 554.516
1.38059 552.069
1.38675 548.302
1.39288 546.737
1.39901 542.84
1.40515 539.635
1.4113 536.585
1.41742 534.144
1.42355 530.306
1.4297 529.471
1.43585 525.315
1.44198 523.04
1.44809 519.999
1.45423 517.451
1.46036 514.463
1.46649 511.711
1.47263 512.441
1.47877 509.764
1.48491 506.052
1.49104 504.006
1.49718 500.002
1.50333 497.965
1.50947 496.31
1.5156 493.003
1.52172 493.015
1.52787 488.8
1.534 486.862
1.54013 483.533
1.54627 483.078
1.55241 479.694
1.55855 478.934
1.56467 476.282
1.5708 474.001
