0.00783031 -122.699
0.013688 -164.58
0.019231 -172.755
0.0249154 -162.802
0.0312784 -147.248
0.0375637 -128.46
0.0433917 -121.589
0.0492413 -114.484
0.0555754 -111.286
0.0619321 -108.733
0.067871 -109.097
0.0738098 -109.364
0.0800417 -107.266
0.0862327 -98.2936
0.0921407 -94.3464
0.0982031 -90.7121
0.104506 -86.0493
0.110769 -88.5923
0.116806 -90.6468
0.122832 -91.7107
0.129052 -90.4793
0.135211 -88.7135
0.141259 -88.1479
0.147318 -89.4326
0.153489 -87.1859
0.159709 -83.1545
0.165845 -84.1663
0.171974 -82.4775
0.178125 -83.1972
0.184229 -82.0055
0.19034 -82.848
0.196428 -84.9222
0.202534 -84.5864
0.208729 -81.3497
0.214876 -81.3851
0.220989 -80.0959
0.227147 -78.5355
0.23329 -80.529
0.239377 -79.4767
0.245482 -79.3672
0.251667 -77.4167
0.257832 -78.4401
0.263955 -78.3069
0.270079 -75.1558
0.27624 -77.7907
0.282372 -76.5071
0.28843 -75.482
0.294538 -74.2768
0.300721 -72.6198
0.30691 -73.2087
0.313033 -73.4413
0.319153 -71.5686
0.325316 -71.7337
0.33145 -70.0641
0.337538 -70.4493
0.343633 -70.1582
0.349808 -69.4488
0.355968 -69.4252
0.362074 -68.2765
0.368217 -67.9254
0.374374 -66.6376
0.380519 -66.0116
0.386598 -65.5332
0.392688 -65.6241
0.39888 -63.7005
0.405048 -64.064
0.411186 -62.7821
0.417313 -62.3907
0.423458 -62.0152
0.429607 -60.81
0.435692 -60.9343
0.441815 -59.9954
0.447964 -60.4645
0.454126 -59.7672
0.460267 -58.1936
0.466387 -57.3254
0.47254 -57.1492
0.478662 -56.0678
0.484765 -56.0227
0.490885 -55.0333
0.497035 -54.3955
0.503198 -54.2843
0.509342 -52.7058
0.515458 -52.7864
0.521598 -52.1415
0.527764 -50.8468
0.533884 -50.9933
0.54 -50.8367
0.546137 -49.2646
0.552299 -49.1448
0.558452 -48.446
0.564573 -47.8818
0.570708 -47.5834
0.576825 -46.2884
0.582926 -46.5125
0.589034 -45.6775
0.595184 -44.8979
0.601379 -44.444
0.607522 -43.9512
0.613639 -42.6637
0.619772 -42.5684
0.625918 -41.9506
0.632068 -40.7655
0.638161 -40.5237
0.6443 -40.3276
0.650464 -39.5472
0.656582 -38.8351
0.662703 -39.0621
0.668861 -37.9693
0.675024 -37.3516
0.681124 -37.1623
0.687237 -36.5513
0.693381 -35.6638
0.699536 -35.2815
0.705665 -34.9287
0.711789 -34.8334
0.717957 -33.9404
0.72409 -33.0494
0.730186 -32.8071
0.736317 -32.0387
0.742472 -31.6583
0.748622 -31.2201
0.75476 -30.8577
0.760888 -30.4934
0.767043 -30.0123
0.773185 -29.2764
0.779291 -29.1119
0.785407 -28.3678
0.791564 -28.3361
0.797719 -27.6848
0.803834 -27.1134
0.809972 -26.8404
0.816124 -26.1211
0.822261 -26.1491
0.828378 -25.6399
0.834502 -25.0102
0.840667 -25.1286
0.846816 -24.3252
0.852925 -24.2453
0.859047 -23.3435
0.865192 -22.8072
0.871341 -22.7666
0.877463 -22.8059
0.883569 -22.8329
0.889708 -21.9956
0.895864 -21.3304
0.902008 -21.1135
0.908149 -20.613
0.914301 -20.827
0.920448 -20.348
0.926574 -20.2341
0.932687 -19.839
0.938823 -19.4782
0.944975 -18.7934
0.951105 -18.5147
0.957225 -18.5929
0.963368 -18.0944
0.969511 -17.8197
0.975621 -17.7025
0.981748 -17.5761
0.987916 -17.0133
0.99406 -16.7912
1.00019 -16.2732
1.00632 -16.318
1.01246 -16.1119
1.01859 -15.9993
1.02471 -15.7672
1.03085 -15.2145
1.03698 -15.1081
1.04314 -15.0031
1.04929 -14.5846
1.05541 -14.4713
1.06154 -14.2218
1.06769 -14.1035
1.07382 -13.9477
1.07993 -13.8705
1.08607 -13.3043
1.09222 -13.3491
1.09836 -13.4695
1.10449 -13.0169
1.11063 -12.756
1.11677 -12.6724
1.1229 -12.5323
1.12903 -12.3004
1.13518 -12.2471
1.14131 -11.7711
1.14745 -11.8694
1.15359 -11.7963
1.15973 -11.5117
1.16584 -11.4694
1.17197 -11.1785
1.17811 -10.9771
1.18424 -11.0456
1.19038 -10.8857
1.19652 -10.8022
1.20267 -10.6147
1.20881 -10.5346
1.21495 -10.4287
1.22108 -10.2033
1.2272 -10.2618
1.23334 -9.94328
1.23949 -9.96717
1.24562 -9.88685
1.25174 -9.73151
1.25789 -9.36987
1.26402 -9.45225
1.27014 -9.38913
1.27628 -9.49506
1.28244 -9.21314
1.28858 -9.03218
1.29471 -9.01276
1.30084 -9.1604
1.30697 -8.8341
1.31312 -8.73816
1.31925 -8.65232
1.32537 -8.61865
1.33151 -8.63306
1.33765 -8.31366
1.34378 -8.32488
1.34992 -8.40955
1.35606 -8.32234
1.3622 -8.24398
1.36833 -8.07922
1.37445 -7.99031
1.38059 -7.99867
1.38675 -7.85919
1.39288 -7.75372
1.39901 -7.55578
1.40515 -7.67567
1.4113 -7.50377
1.41742 -7.57461
1.42355 -7.35232
1.4297 -7.48106
1.43585 -7.49505
1.44198 -7.25346
1.44809 -7.32054
1.45423 -7.26708
1.46036 -7.0564
1.46649 -6.89883
1.47263 -7.2772
1.47877 -7.01207
1.48491 -7.08194
1.49104 -6.90144
1.49718 -6.83877
1.50333 -6.75372
1.50947 -6.79687
1.5156 -6.60724
1.52172 -6.69408
1.52787 -6.67464
1.534 -6.41037
1.54013 -6.51759
1.54627 -6.34638
1.55241 -6.40764
1.55855 -6.43078
1.56467 -6.3498
1.5708 -6.36579
