0.00783031 0.218123
0.013688 0.30823
0.019231 0.255591
0.0249154 0.25655
0.0312784 0.294946
0.0375637 0.296859
0.0433917 0.365598
0.0492413 0.461429
0.0555754 0.522251
0.0619321 0.660825
0.067871 0.849543
0.0738098 0.971403
0.0800417 1.24128
0.0862327 1.40703
0.0921407 1.62006
0.0982031 1.82719
0.104506 2.13581
0.110769 2.36585
0.116806 2.8156
0.122832 3.20334
0.129052 3.5151
0.135211 3.91465
0.141259 4.46508
0.147318 4.97644
0.153489 5.25759
0.159709 5.79462
0.165845 6.22392
0.171974 6.64306
0.178125 7.19141
0.184229 7.79161
0.19034 8.63015
0.196428 9.398
0.202534 9.81464
0.208729 10.7096
0.214876 10.8231
0.220989 11.5721
0.227147 12.48
0.23329 12.8951
0.239377 13.8146
0.245482 14.2926
0.251667 15.2303
0.257832 15.9926
0.263955 17.0005
0.270079 17.6729
0.27624 18.5348
0.282372 19.3295
0.28843 20.368
0.294538 20.9245
0.300721 21.7901
0.30691 22.8372
0.313033 23.4033
0.319153 24.6388
0.325316 25.4875
0.33145 26.2824
0.337538 27.0733
0.343633 28.1274
0.349808 29.244
0.355968 30.3486
0.362074 31.0767
0.368217 32.0523
0.374374 33.1245
0.380519 34.1013
0.386598 35.1131
0.392688 36.162
0.39888 36.8137
0.405048 38.1761
0.411186 39.295
0.417313 40.1162
0.423458 41.4263
0.429607 42.487
0.435692 43.4887
0.441815 44.7964
0.447964 45.6534
0.454126 46.5643
0.460267 47.7326
0.466387 49.1917
0.47254 49.8953
0.478662 50.8319
0.484765 51.8237
0.490885 53.0989
0.497035 54.1835
0.503198 55.2915
0.509342 56.6114
0.515458 57.622
0.521598 58.0944
0.527764 59.5113
0.533884 61.0039
0.54 61.5561
0.546137 62.9206
0.552299 64.2536
0.558452 65.1604
0.564573 66.1704
0.570708 67.1447
0.576825 68.1681
0.582926 68.9009
0.589034 70.0032
0.595184 71.5665
0.601379 72.9316
0.607522 73.3983
0.613639 74.0098
0.619772 75.9741
0.625918 76.9485
0.632068 77.4548
0.638161 79.1698
0.6443 79.2006
0.650464 80.9884
0.656582 81.5662
0.662703 83.0614
0.668861 83.6989
0.675024 84.4705
0.681124 85.3608
0.687237 87.4583
0.693381 87.5293
0.699536 88.8484
0.705665 89.0522
0.711789 91.416
0.717957 91.0982
0.72409 92.3119
0.730186 93.0558
0.736317 94.1349
0.742472 95.2477
0.748622 96.2282
0.75476 96.6162
0.760888 98.5532
0.767043 98.7115
0.773185 99.3626
0.779291 100.713
0.785407 101.1
0.791564 102.285
0.797719 102.75
0.803834 104.053
0.809972 104.494
0.816124 105.317
0.822261 106.416
0.828378 106.843
0.834502 107.636
0.840667 108.801
0.846816 109.279
0.852925 109.658
0.859047 110.196
0.865192 111.784
0.871341 112.084
0.877463 112.658
0.883569 113.61
0.889708 113.614
0.895864 114.593
0.902008 115.145
0.908149 115.472
0.914301 116.662
0.920448 117.04
0.926574 117.369
0.932687 117.918
0.938823 118.593
0.944975 119.406
0.951105 119.758
0.957225 120.911
0.963368 121.043
0.969511 121.433
0.975621 121.638
0.981748 122.761
0.987916 122.505
0.99406 123.178
1.00019 123.226
1.00632 124.071
1.01246 125.129
1.01859 125.177
1.02471 125.601
1.03085 125.871
1.03698 126.555
1.04314 126.973
1.04929 126.85
1.05541 127.476
1.06154 128.181
1.06769 128.845
1.07382 128.91
1.07993 128.425
1.08607 129.526
1.09222 129.565
1.09836 130.35
1.10449 130.017
1.11063 131.013
1.11677 131.084
1.1229 131.682
1.12903 131.612
1.13518 131.457
1.14131 132.259
1.14745 132.457
1.15359 132.525
1.15973 132.608
1.16584 132.787
1.17197 133.471
1.17811 133.973
1.18424 133.9
1.19038 133.765
1.19652 134.351
1.20267 134.662
1.20881 134.559
1.21495 135.19
1.22108 135.325
1.2272 135.223
1.23334 135.507
1.23949 135.501
1.24562 135.765
1.25174 136.24
1.25789 135.833
1.26402 136.52
1.27014 136.61
1.27628 136.585
1.28244 137.242
1.28858 137.337
1.29471 137.355
1.30084 137.574
1.30697 137.779
1.31312 137.726
1.31925 137.959
1.32537 137.981
1.33151 138.195
1.33765 138.637
1.34378 138.555
1.34992 138.459
1.35606 138.717
1.3622 138.623
1.36833 138.651
1.37445 139.427
1.38059 138.946
1.38675 139.052
1.39288 139.536
1.39901 139.198
1.40515 139.543
1.4113 139.468
1.41742 139.517
1.42355 139.566
1.4297 139.688
1.43585 139.434
1.44198 139.888
1.44809 139.593
1.45423 140.122
1.46036 140.038
1.46649 140.223
1.47263 140.688
1.47877 140.426
1.48491 140.326
1.49104 140.712
1.49718 140.711
1.50333 140.516
1.50947 141.203
1.5156 140.712
1.52172 140.854
1.52787 141.167
1.534 140.851
1.54013 141.005
1.54627 141.124
1.55241 141.032
1.55855 141.523
1.56467 141.543
1.5708 141.358
