0.00783031 6892.17
0.013688 4426.55
0.019231 6474
0.0249154 4816.3
0.0312784 5574.72
0.0375637 4685.94
0.0433917 4692.21
0.0492413 4169.48
0.0555754 4068.64
0.0619321 4122.19
0.067871 3613.24
0.0738098 3494.84
0.0800417 3155.57
0.0862327 2989.27
0.0921407 2873.88
0.0982031 2693.5
0.104506 2527.38
0.110769 2445.42
0.116806 2225.23
0.122832 2119.82
0.129052 2076.19
0.135211 1992.23
0.141259 1919.4
0.147318 1809.96
0.153489 1759.49
0.159709 1570.83
0.165845 1585.39
0.171974 1474.61
0.178125 1403.89
0.184229 1356.47
0.19034 1357.59
0.196428 1294.24
0.202534 1235.14
0.208729 1179.43
0.214876 1157.55
0.220989 1102.01
0.227147 1061.67
0.23329 1059.41
0.239377 1037.23
0.245482 963.613
0.251667 954.667
0.257832 923.253
0.263955 893.632
0.270079 858.13
0.27624 857.498
0.282372 814.356
0.28843 792.155
0.294538 782.837
0.300721 744.02
0.30691 717.854
0.313033 718.429
0.319153 699.29
0.325316 661.374
0.33145 641.909
0.337538 624.489
0.343633 628.429
0.349808 606.985
0.355968 586.433
0.362074 585.367
0.368217 564.06
0.374374 533.852
0.380519 533.952
0.386598 520.382
0.392688 518.925
0.39888 503.63
0.405048 487.947
0.411186 474.578
0.417313 470.129
0.423458 461.371
0.429607 462.719
0.435692 441.251
0.441815 419.197
0.447964 435.822
0.454126 418.583
0.460267 409.614
0.466387 404.582
0.47254 395.124
0.478662 392.435
0.484765 367.5
0.490885 365.796
0.497035 359.387
0.503198 347.574
0.509342 348.456
0.515458 345.322
0.521598 335.614
0.527764 324.108
0.533884 319.185
0.54 314.426
0.546137 312.102
0.552299 306.802
0.558452 308.039
0.564573 287.955
0.570708 290.577
0.576825 276.939
0.582926 279.185
0.589034 267.769
0.595184 269.65
0.601379 256.374
0.607522 258.656
0.613639 258.657
0.619772 259.86
0.625918 244.808
0.632068 240.033
0.638161 236.248
0.6443 237.889
0.650464 234.481
0.656582 227.035
0.662703 222.817
0.668861 222.503
0.675024 214.149
0.681124 206.403
0.687237 208.778
0.693381 203.849
0.699536 203.473
0.705665 200.473
0.711789 195.547
0.717957 193.528
0.72409 188.947
0.730186 186.292
0.736317 182.811
0.742472 176.692
0.748622 176.076
0.75476 170.861
0.760888 173.648
0.767043 164.126
0.773185 167.722
0.779291 161.072
0.785407 161.609
0.791564 155.793
0.797719 154.634
0.803834 149.15
0.809972 152.404
0.816124 146.653
0.822261 142.059
0.828378 142.049
0.834502 140.957
0.840667 140.386
0.846816 135.096
0.852925 130.254
0.859047 131.116
0.865192 128.696
0.871341 126.713
0.877463 122.914
0.883569 124.374
0.889708 121.578
0.895864 119.481
0.902008 117.734
0.908149 113.407
0.914301 112.7
0.920448 111.016
0.926574 109.331
0.932687 106.411
0.938823 104.411
0.944975 102.469
0.951105 100.798
0.957225 98.7638
0.963368 98.92
0.969511 97.1041
0.975621 93.6117
0.981748 90.4218
0.987916 90.6131
0.99406 89.4418
1.00019 85.5119
1.00632 85.5953
1.01246 82.6125
1.01859 80.6868
1.02471 82.2711
1.03085 78.2574
1.03698 77.0921
1.04314 76.0909
1.04929 74.793
1.05541 73.9389
1.06154 74.0022
1.06769 71.7508
1.07382 69.3999
1.07993 68.6904
1.08607 68.4285
1.09222 62.825
1.09836 66.371
1.10449 64.9015
1.11063 64.6576
1.11677 62.2125
1.1229 57.7273
1.12903 59.3768
1.13518 59.8648
1.14131 56.354
1.14745 58.9156
1.15359 54.3563
1.15973 53.0344
1.16584 50.8289
1.17197 50.7985
1.17811 48.5986
1.18424 47.82
1.19038 47.7561
1.19652 49.1632
1.20267 45.5397
1.20881 45.5533
1.21495 42.8324
1.22108 43.0626
1.2272 41.6746
1.23334 40.1344
1.23949 38.8931
1.24562 39.3721
1.25174 37.459
1.25789 38.2791
1.26402 36.1635
1.27014 36.2184
1.27628 34.9903
1.28244 34.6903
1.28858 33.9824
1.29471 33.7618
1.30084 32.2308
1.30697 33.2266
1.31312 31.4653
1.31925 30.1261
1.32537 29.8981
1.33151 27.3329
1.33765 28.2815
1.34378 27.054
1.34992 27.4108
1.35606 23.9802
1.3622 24.1835
1.36833 26.1774
1.37445 22.8609
1.38059 22.82
1.38675 22.2432
1.39288 23.2957
1.39901 20.5552
1.40515 19.943
1.4113 20.5846
1.41742 18.7384
1.42355 19.5673
1.4297 19.7002
1.43585 15.8398
1.44198 17.9532
1.44809 15.8925
1.45423 16.1965
1.46036 15.6869
1.46649 15.0104
1.47263 14.2161
1.47877 15.621
1.48491 14.5091
1.49104 13.403
1.49718 12.4728
1.50333 11.102
1.50947 10.5531
1.5156 12.356
1.52172 10.3692
1.52787 10.9058
1.534 10.5116
1.54013 8.9275
1.54627 9.62775
1.55241 8.50861
1.55855 6.91614
1.56467 6.80847
1.5708 6.62627
