0.00783031 10316.1
0.013688 6864.46
0.019231 10747.4
0.0249154 8220.17
0.0312784 10012.9
0.0375637 8970.99
0.0433917 8829.23
0.0492413 8717.82
0.0555754 8578.78
0.0619321 9085.12
0.067871 8504.39
0.0738098 8577.29
0.0800417 7999.23
0.0862327 8038.45
0.0921407 7998.06
0.0982031 7629.4
0.104506 7599.47
0.110769 7344.45
0.116806 7045.2
0.122832 7045.29
0.129052 7135.05
0.135211 6869.98
0.141259 6895.42
0.147318 6581.85
0.153489 6580.24
0.159709 6312.67
0.165845 6357.71
0.171974 6237.03
0.178125 6165.41
0.184229 5991.54
0.19034 6062.48
0.196428 5922.02
0.202534 5786.67
0.208729 5737.86
0.214876 5667.49
0.220989 5577.06
0.227147 5511.54
0.23329 5545.87
0.239377 5478.77
0.245482 5328.54
0.251667 5253.1
0.257832 5239.39
0.263955 5121.2
0.270079 5173.69
0.27624 5124.6
0.282372 5070.52
0.28843 5041.81
0.294538 4962.62
0.300721 4875.8
0.30691 4789.51
0.313033 4830.25
0.319153 4841.74
0.325316 4725.02
0.33145 4700.24
0.337538 4607.34
0.343633 4648.63
0.349808 4576.6
0.355968 4534.24
0.362074 4583.1
0.368217 4529.33
0.374374 4440.02
0.380519 4459.2
0.386598 4382.09
0.392688 4384.78
0.39888 4331.49
0.405048 4350.74
0.411186 4292.7
0.417313 4271.77
0.423458 4287.56
0.429607 4264.66
0.435692 4200.62
0.441815 4121.01
0.447964 4212.28
0.454126 4150.5
0.460267 4148.94
0.466387 4120.76
0.47254 4124.55
0.478662 4070.66
0.484765 4019.15
0.490885 4013.02
0.497035 4001.47
0.503198 3965.28
0.509342 3976.9
0.515458 3944.49
0.521598 3953.72
0.527764 3903.59
0.533884 3917.21
0.54 3889.54
0.546137 3891.82
0.552299 3890.06
0.558452 3881.79
0.564573 3861.8
0.570708 3843.5
0.576825 3823.09
0.582926 3822
0.589034 3778.91
0.595184 3793.91
0.601379 3782.23
0.607522 3759.19
0.613639 3757.45
0.619772 3777.53
0.625918 3700.89
0.632068 3704.98
0.638161 3684.9
0.6443 3698.4
0.650464 3686.72
0.656582 3693.24
0.662703 3661.77
0.668861 3677.54
0.675024 3637.31
0.681124 3628.23
0.687237 3640.89
0.693381 3616.93
0.699536 3611.32
0.705665 3600.86
0.711789 3618.85
0.717957 3591.57
0.72409 3591.76
0.730186 3576.59
0.736317 3574.9
0.742472 3567.36
0.748622 3560.14
0.75476 3562.65
0.760888 3560.24
0.767043 3549.22
0.773185 3542.23
0.779291 3526.34
0.785407 3521.4
0.791564 3500.31
0.797719 3511.16
0.803834 3506.35
0.809972 3521.83
0.816124 3488.38
0.822261 3482.89
0.828378 3472.16
0.834502 3466.44
0.840667 3493.45
0.846816 3463.93
0.852925 3471.02
0.859047 3469.48
0.865192 3452.47
0.871341 3448.27
0.877463 3442.51
0.883569 3443.33
0.889708 3430.78
0.895864 3435.36
0.902008 3421.41
0.908149 3426.04
0.914301 3412.93
0.920448 3419.89
0.926574 3416.52
0.932687 3395.63
0.938823 3395.56
0.944975 3411.41
0.951105 3404.05
0.957225 3378.02
0.963368 3384.1
0.969511 3376.2
0.975621 3378.16
0.981748 3368.94
0.987916 3376.98
0.99406 3363.54
1.00019 3352.02
1.00632 3332.79
1.01246 3350.89
1.01859 3360.8
1.02471 3339.47
1.03085 3344.01
1.03698 3338.14
1.04314 3331.68
1.04929 3328.02
1.05541 3326.21
1.06154 3316.87
1.06769 3316.36
1.07382 3313.8
1.07993 3324.14
1.08607 3313.98
1.09222 3291.05
1.09836 3304.69
1.10449 3289.91
1.11063 3285.05
1.11677 3295.37
1.1229 3290.05
1.12903 3273.75
1.13518 3279
1.14131 3265.61
1.14745 3275.55
1.15359 3260.25
1.15973 3261.17
1.16584 3271.16
1.17197 3256.82
1.17811 3262.33
1.18424 3252.28
1.19038 3247.26
1.19652 3253.32
1.20267 3233.23
1.20881 3228.2
1.21495 3228.88
1.22108 3232.67
1.2272 3230.53
1.23334 3223.78
1.23949 3210.47
1.24562 3227.04
1.25174 3214.33
1.25789 3214.32
1.26402 3211.12
1.27014 3200.55
1.27628 3199.96
1.28244 3199.8
1.28858 3187.87
1.29471 3188.79
1.30084 3179.21
1.30697 3184.11
1.31312 3162.16
1.31925 3162.45
1.32537 3167.53
1.33151 3151.4
1.33765 3152.49
1.34378 3154.42
1.34992 3151.85
1.35606 3144.26
1.3622 3145.36
1.36833 3146.91
1.37445 3134.52
1.38059 3126.28
1.38675 3122.38
1.39288 3121.55
1.39901 3127.4
1.40515 3125.04
1.4113 3119.04
1.41742 3110.98
1.42355 3105.45
1.4297 3095.09
1.43585 3090.75
1.44198 3098.95
1.44809 3087.8
1.45423 3075.77
1.46036 3070.71
1.46649 3073.42
1.47263 3086.99
1.47877 3066.74
1.48491 3074.64
1.49104 3071.09
1.49718 3058.17
1.50333 3056.53
1.50947 3052.72
1.5156 3045.56
1.52172 3049.26
1.52787 3041.96
1.534 3027.06
1.54013 3027.63
1.54627 3035.63
1.55241 3032.69
1.55855 3030.13
1.56467 3023.31
1.5708 3014.14
