0.00783031 2967.26
0.013688 1631.19
0.019231 -381.892
0.0249154 -303.469
0.0312784 1730.78
0.0375637 -155.723
0.0433917 842.505
0.0492413 759.333
0.0555754 325.027
0.0619321 729.418
0.067871 1070.41
0.0738098 1423
0.0800417 944.438
0.0862327 1527.2
0.0921407 1510.11
0.0982031 1162.56
0.104506 1235.02
0.110769 1494.98
0.116806 1629.81
0.122832 1611.12
0.129052 1672.55
0.135211 1791.05
0.141259 1805.76
0.147318 1612.53
0.153489 1719.09
0.159709 1744.42
0.165845 1799
0.171974 1821.26
0.178125 1886.75
0.184229 1843.36
0.19034 1899.43
0.196428 1911.93
0.202534 1873.79
0.208729 1918.99
0.214876 1882.36
0.220989 1864.36
0.227147 1895.53
0.23329 1951.12
0.239377 1943.95
0.245482 1918.95
0.251667 1906.64
0.257832 1930.11
0.263955 1879.5
0.270079 1970.41
0.27624 1932.89
0.282372 1975.6
0.28843 1993.99
0.294538 1950.85
0.300721 1940.22
0.30691 1914.9
0.313033 1952.96
0.319153 1972.81
0.325316 1981.29
0.33145 1973.32
0.337538 1940.15
0.343633 1977.17
0.349808 1937.43
0.355968 1948.12
0.362074 1974.37
0.368217 1968.51
0.374374 1941.1
0.380519 1955.92
0.386598 1936.97
0.392688 1943.55
0.39888 1925.65
0.405048 1951.31
0.411186 1941.49
0.417313 1932.62
0.423458 1953.09
0.429607 1937.74
0.435692 1928.1
0.441815 1890.31
0.447964 1933.77
0.454126 1917.77
0.460267 1928.64
0.466387 1913.95
0.47254 1928.72
0.478662 1902.88
0.484765 1902.34
0.490885 1893.27
0.497035 1896.06
0.503198 1886.57
0.509342 1890.83
0.515458 1867.15
0.521598 1886.56
0.527764 1866.47
0.533884 1876.49
0.54 1861.84
0.546137 1875.26
0.552299 1874.79
0.558452 1874.54
0.564573 1884.15
0.570708 1855.99
0.576825 1858.02
0.582926 1857.22
0.589034 1836.27
0.595184 1857.32
0.601379 1850.41
0.607522 1833.05
0.613639 1826.42
0.619772 1836.24
0.625918 1813.25
0.632068 1817.73
0.638161 1807.37
0.6443 1812.07
0.650464 1807.11
0.656582 1812.03
0.662703 1798.04
0.668861 1801.39
0.675024 1792.99
0.681124 1787.73
0.687237 1788.64
0.693381 1781.91
0.699536 1774.24
0.705665 1768.24
0.711789 1780.7
0.717957 1762.22
0.72409 1764.06
0.730186 1757.68
0.736317 1746.02
0.742472 1752.27
0.748622 1752.05
0.75476 1751.41
0.760888 1742.56
0.767043 1740.16
0.773185 1731.51
0.779291 1733.04
0.785407 1723.2
0.791564 1713.82
0.797719 1711.26
0.803834 1717.4
0.809972 1718.23
0.816124 1700.63
0.822261 1695.53
0.828378 1693.65
0.834502 1688.09
0.840667 1698.32
0.846816 1679.81
0.852925 1688.43
0.859047 1677.08
0.865192 1669.17
0.871341 1666.99
0.877463 1661.67
0.883569 1659.94
0.889708 1653.01
0.895864 1652.85
0.902008 1648.79
0.908149 1647.92
0.914301 1634.53
0.920448 1636.16
0.926574 1629.34
0.932687 1620.84
0.938823 1618.13
0.944975 1624.82
0.951105 1620.07
0.957225 1603.09
0.963368 1605.15
0.969511 1600.1
0.975621 1601.23
0.981748 1586.97
0.987916 1588.15
0.99406 1581.28
1.00019 1576.27
1.00632 1563.87
1.01246 1570.4
1.01859 1573.04
1.02471 1554.13
1.03085 1556.19
1.03698 1552.27
1.04314 1546.37
1.04929 1545.21
1.05541 1534.91
1.06154 1533.82
1.06769 1523.9
1.07382 1524.51
1.07993 1528.35
1.08607 1515.38
1.09222 1504.39
1.09836 1507.96
1.10449 1500.32
1.11063 1488.72
1.11677 1493.03
1.1229 1493.16
1.12903 1479.21
1.13518 1475.63
1.14131 1469.42
1.14745 1469.28
1.15359 1464.25
1.15973 1459.99
1.16584 1462.87
1.17197 1454.65
1.17811 1450.11
1.18424 1443.17
1.19038 1437.21
1.19652 1438.41
1.20267 1427.08
1.20881 1420.3
1.21495 1420.2
1.22108 1417.69
1.2272 1413.02
1.23334 1406.62
1.23949 1400.6
1.24562 1403.12
1.25174 1395.38
1.25789 1391.58
1.26402 1388.59
1.27014 1378.52
1.27628 1376.3
1.28244 1374.58
1.28858 1367.15
1.29471 1363.64
1.30084 1356.55
1.30697 1355.25
1.31312 1343.51
1.31925 1343.09
1.32537 1337.38
1.33151 1331.88
1.33765 1326.44
1.34378 1326.09
1.34992 1321.04
1.35606 1317.86
1.3622 1314.41
1.36833 1309.21
1.37445 1303.53
1.38059 1298.69
1.38675 1294.97
1.39288 1288.36
1.39901 1290.07
1.40515 1287.66
1.4113 1278.7
1.41742 1276.6
1.42355 1271.18
1.4297 1262.97
1.43585 1261.42
1.44198 1259.16
1.44809 1254.31
1.45423 1247.21
1.46036 1240.02
1.46649 1236.94
1.47263 1242.4
1.47877 1231.2
1.48491 1231.19
1.49104 1228.02
1.49718 1219.81
1.50333 1220.42
1.50947 1213.84
1.5156 1206.64
1.52172 1207.86
1.52787 1201.53
1.534 1191.38
1.54013 1190.21
1.54627 1192.32
1.55241 1189.4
1.55855 1186.92
1.56467 1180.22
1.5708 1175.33
