0.00783031 20381.7
0.013688 25161.2
0.019231 25284.9
0.0249154 23712.1
0.0312784 20282.5
0.0375637 17123.6
0.0433917 14410.3
0.0492413 13129.9
0.0555754 12135.3
0.0619321 10721
0.067871 10403.3
0.0738098 9368.74
0.0800417 8569.99
0.0862327 7410.94
0.0921407 6804.5
0.0982031 6184.8
0.104506 5855.09
0.110769 5275.74
0.116806 4850.48
0.122832 4697.62
0.129052 4358.23
0.135211 4265.33
0.141259 4103.7
0.147318 3631.1
0.153489 3459.57
0.159709 3179.37
0.165845 3045.48
0.171974 2895.28
0.178125 2787.47
0.184229 2686.84
0.19034 2606.84
0.196428 2414.81
0.202534 2380.25
0.208729 2267.9
0.214876 2150.61
0.220989 2083.5
0.227147 1976.28
0.23329 1943.58
0.239377 1859.06
0.245482 1803.29
0.251667 1785.78
0.257832 1732.02
0.263955 1646.27
0.270079 1629.05
0.27624 1560.36
0.282372 1512.11
0.28843 1471.14
0.294538 1456.57
0.300721 1390.4
0.30691 1355.67
0.313033 1324.23
0.319153 1296.92
0.325316 1273.92
0.33145 1248.24
0.337538 1199.52
0.343633 1184.38
0.349808 1140.35
0.355968 1134.58
0.362074 1115.64
0.368217 1087.02
0.374374 1063.67
0.380519 1048.19
0.386598 1017.23
0.392688 1003.78
0.39888 993.627
0.405048 966.088
0.411186 948.191
0.417313 934.746
0.423458 917.384
0.429607 895.149
0.435692 893.665
0.441815 871.774
0.447964 856.377
0.454126 840.154
0.460267 834.431
0.466387 817.852
0.47254 805.463
0.478662 790.338
0.484765 777.029
0.490885 768.19
0.497035 753.528
0.503198 739.852
0.509342 735.828
0.515458 724.098
0.521598 716.593
0.527764 704.488
0.533884 695.252
0.54 686.813
0.546137 672.608
0.552299 666.88
0.558452 659.045
0.564573 645.402
0.570708 641.957
0.576825 629.557
0.582926 625.807
0.589034 618.504
0.595184 610.633
0.601379 602.64
0.607522 592.127
0.613639 587.605
0.619772 580.894
0.625918 568.126
0.632068 566.036
0.638161 559.66
0.6443 550.991
0.650464 543.277
0.656582 539.956
0.662703 531.204
0.668861 529.07
0.675024 523.509
0.681124 514.419
0.687237 508.59
0.693381 500.101
0.699536 497.749
0.705665 495.162
0.711789 487.833
0.717957 482.012
0.72409 475.06
0.730186 472.442
0.736317 465.16
0.742472 462.264
0.748622 455.547
0.75476 450.222
0.760888 446.688
0.767043 439.629
0.773185 435.895
0.779291 431.64
0.785407 430.063
0.791564 422.78
0.797719 416.844
0.803834 412.425
0.809972 408.488
0.816124 405.388
0.822261 398.852
0.828378 394.468
0.834502 391.782
0.840667 385.234
0.846816 383.217
0.852925 381.363
0.859047 375.689
0.865192 373.887
0.871341 368.498
0.877463 364.843
0.883569 359.074
0.889708 355.222
0.895864 353.484
0.902008 348.978
0.908149 347.034
0.914301 342.668
0.920448 337.599
0.926574 334.862
0.932687 332.98
0.938823 328.849
0.944975 323.959
0.951105 320.053
0.957225 319.245
0.963368 314.192
0.969511 311.998
0.975621 310.398
0.981748 305.333
0.987916 303.344
0.99406 300.795
1.00019 296.878
1.00632 293.405
1.01246 291.304
1.01859 287.454
1.02471 286.266
1.03085 281.397
1.03698 280.546
1.04314 277.186
1.04929 272.816
1.05541 272.043
1.06154 269.191
1.06769 264.372
1.07382 264.078
1.07993 261.623
1.08607 258.495
1.09222 255.636
1.09836 253.565
1.10449 251.547
1.11063 249.521
1.11677 245.835
1.1229 244.223
1.12903 241.59
1.13518 238.473
1.14131 236.467
1.14745 234.057
1.15359 232.61
1.15973 228.852
1.16584 227.261
1.17197 224.312
1.17811 223.502
1.18424 220.696
1.19038 217.913
1.19652 216.168
1.20267 214.472
1.20881 212.403
1.21495 210.216
1.22108 207.893
1.2272 206.609
1.23334 203.678
1.23949 202.031
1.24562 200.361
1.25174 197.793
1.25789 196.288
1.26402 194.07
1.27014 192.17
1.27628 190.019
1.28244 188.712
1.28858 186.639
1.29471 184.731
1.30084 182.895
1.30697 181.506
1.31312 179.888
1.31925 178.075
1.32537 175.894
1.33151 173.315
1.33765 172.896
1.34378 170.841
1.34992 169
1.35606 167.568
1.3622 165.834
1.36833 164.009
1.37445 162.649
1.38059 161.26
1.38675 159.264
1.39288 158.324
1.39901 156.638
1.40515 154.814
1.4113 153.74
1.41742 151.411
1.42355 150.301
1.4297 148.727
1.43585 147.141
1.44198 145.703
1.44809 144.697
1.45423 143.428
1.46036 142.274
1.46649 140.481
1.47263 138.959
1.47877 138.213
1.48491 136.407
1.49104 135.336
1.49718 134.21
1.50333 133.025
1.50947 131.122
1.5156 130.445
1.52172 128.945
1.52787 127.972
1.534 126.652
1.54013 125.097
1.54627 124.182
1.55241 122.874
1.55855 122.03
1.56467 120.588
1.5708 119.284
