0.00783031 3858.92
0.013688 3664.78
0.019231 3152.78
0.0249154 4097.34
0.0312784 3763.94
0.0375637 3275.67
0.0433917 2907.73
0.0492413 2795.96
0.0555754 2763.25
0.0619321 2187.78
0.067871 2040.14
0.0738098 2171.73
0.0800417 2103.24
0.0862327 1931.45
0.0921407 1892.95
0.0982031 1697.45
0.104506 1696.71
0.110769 1652.42
0.116806 1589.84
0.122832 1466.67
0.129052 1400.16
0.135211 1411.68
0.141259 1320.35
0.147318 1253.59
0.153489 1216.94
0.159709 1184
0.165845 1161.27
0.171974 1115.2
0.178125 1065.93
0.184229 1019.04
0.19034 1008.47
0.196428 978.512
0.202534 938.309
0.208729 927.307
0.214876 879.191
0.220989 867.693
0.227147 857.042
0.23329 824.648
0.239377 824.258
0.245482 785.57
0.251667 769.384
0.257832 744.694
0.263955 758.364
0.270079 722.319
0.27624 716.722
0.282372 700.44
0.28843 685.046
0.294538 666.823
0.300721 644.089
0.30691 634.293
0.313033 633.418
0.319153 621.784
0.325316 603.502
0.33145 594.295
0.337538 589.961
0.343633 575.234
0.349808 565.844
0.355968 550.092
0.362074 555.066
0.368217 535.687
0.374374 528.524
0.380519 514.579
0.386598 512.883
0.392688 508.988
0.39888 498.581
0.405048 487.922
0.411186 483.495
0.417313 475.164
0.423458 466.624
0.429607 462.537
0.435692 461.129
0.441815 448.482
0.447964 441.184
0.454126 437.764
0.460267 436.601
0.466387 429.171
0.47254 422.935
0.478662 419.532
0.484765 411.538
0.490885 408.428
0.497035 403.399
0.503198 396.276
0.509342 393.543
0.515458 389.069
0.521598 381.367
0.527764 378.172
0.533884 374.157
0.54 369.497
0.546137 364.266
0.552299 362.023
0.558452 358.059
0.564573 354.375
0.570708 352.16
0.576825 346.55
0.582926 344.773
0.589034 340.922
0.595184 336.538
0.601379 334.675
0.607522 331.193
0.613639 328.355
0.619772 324.1
0.625918 323.496
0.632068 319.608
0.638161 314.845
0.6443 311.158
0.650464 310.223
0.656582 310.323
0.662703 305.074
0.668861 301.749
0.675024 299.486
0.681124 296.777
0.687237 292.009
0.693381 290.615
0.699536 288.192
0.705665 287.149
0.711789 283.38
0.717957 281.279
0.72409 280.248
0.730186 278.284
0.736317 276.05
0.742472 272.354
0.748622 269.882
0.75476 268.07
0.760888 266.166
0.767043 263.505
0.773185 262.768
0.779291 259.859
0.785407 257.667
0.791564 257.409
0.797719 254.308
0.803834 252.833
0.809972 250.171
0.816124 248.513
0.822261 247.249
0.828378 245.21
0.834502 242.816
0.840667 240.249
0.846816 237.815
0.852925 237.408
0.859047 236.207
0.865192 233.965
0.871341 232.737
0.877463 231.81
0.883569 228.621
0.889708 227.898
0.895864 227.12
0.902008 224.584
0.908149 223.43
0.914301 221.336
0.920448 220.681
0.926574 219.077
0.932687 216.475
0.938823 215.503
0.944975 214.376
0.951105 213.22
0.957225 211.638
0.963368 209.074
0.969511 208.075
0.975621 207.311
0.981748 206.254
0.987916 204.649
0.99406 203.657
1.00019 202.687
1.00632 200.39
1.01246 198.959
1.01859 198.546
1.02471 197.237
1.03085 195.174
1.03698 194.56
1.04314 193.839
1.04929 192.227
1.05541 190.779
1.06154 190.739
1.06769 188.133
1.07382 187.639
1.07993 187.482
1.08607 185.548
1.09222 183.793
1.09836 183.39
1.10449 182.579
1.11063 181.569
1.11677 180.222
1.1229 179.234
1.12903 177.707
1.13518 177.462
1.14131 176.343
1.14745 174.828
1.15359 174.098
1.15973 173.036
1.16584 171.497
1.17197 171.22
1.17811 170.118
1.18424 169.076
1.19038 168.297
1.19652 167.956
1.20267 166.437
1.20881 165.994
1.21495 165.165
1.22108 164.059
1.2272 163.338
1.23334 162.145
1.23949 161.406
1.24562 160.147
1.25174 159.683
1.25789 159.019
1.26402 157.865
1.27014 157.245
1.27628 156.064
1.28244 155.192
1.28858 154.745
1.29471 154.119
1.30084 153.533
1.30697 152.4
1.31312 151.563
1.31925 150.753
1.32537 149.903
1.33151 149.707
1.33765 148.858
1.34378 148.068
1.34992 147.22
1.35606 146.572
1.3622 145.682
1.36833 144.48
1.37445 144.91
1.38059 143
1.38675 142.701
1.39288 142.243
1.39901 141.773
1.40515 140.316
1.4113 139.851
1.41742 139.539
1.42355 138.758
1.4297 138.103
1.43585 137.184
1.44198 136.662
1.44809 136.306
1.45423 135.417
1.46036 135.097
1.46649 134.408
1.47263 133.757
1.47877 132.814
1.48491 132.712
1.49104 131.307
1.49718 131.456
1.50333 130.845
1.50947 130.083
1.5156 129.864
1.52172 128.859
1.52787 128.094
1.534 127.988
1.54013 126.969
1.54627 127.049
1.55241 126.366
1.55855 125.399
1.56467 124.942
1.5708 124.31
