#  k  (h/Mpc)          P(k)  (Mpc/h)^3     P_linear(k)   P_NL(k) (Mpc/h)^3
     0.00783031         20384.7         20513.5           20402 
       0.013688         25254.6         25365.8         25170.4 
       0.019231         25633.6         25635.4         25378.2 
      0.0249154         23442.7         23617.7         23341.1 
      0.0312784         19914.7         20361.8         20072.2 
      0.0375637         17260.9         17287.6         17029.1 
      0.0433917         15045.4         15046.4         14768.3 
      0.0492413         13256.3         13439.5         13172.6 
      0.0555754         11947.7         12280.2         12034.8 
      0.0619321         10882.6         11423.3         11182.2 
       0.067871         9955.05         10674.3         10455.7 
      0.0738098         9846.21         9842.08         9530.37 
      0.0800417         8575.12         8856.08         8604.23 
      0.0862327          7763.9         7841.33          7739.8 
      0.0921407         6798.48         6940.55         6884.81 
      0.0982031         6165.93         6164.83         6243.98 
       0.104506         5607.19         5561.75         5737.32 
       0.110769         5152.58         5155.89         5263.08 
       0.116806         5073.19         4889.47         4964.46 
       0.122832         4662.87         4677.07         4752.13 
       0.129052         4499.38         4453.97         4522.27 
       0.135211         4193.94         4193.92         4269.83 
       0.141259         3968.07         3896.12         4050.54 
       0.147318         3587.28         3576.26         3807.16 
       0.153489         3440.79          3260.5         3472.32 
       0.159709         3218.84         2982.04         3265.67 
       0.165845         3084.23         2764.14         3130.37 
       0.171974         2904.09         2604.93         2961.41 
       0.178125         2776.43          2488.7         2879.78 
       0.184229         2699.79          2396.6         2743.09 
        0.19034            2554         2308.28         2640.78 
       0.196428         2458.64         2211.01            2533 
       0.202534          2296.5         2098.34         2448.32 
       0.208729          2246.1         1971.83          2315.9 
       0.214876         2172.04         1845.05         2253.38 
       0.220989         2100.92         1727.42         2179.44 
       0.227147         2014.93          1625.3         2105.71 
        0.23329         1952.37          1542.2         2040.86 
       0.239377         1875.97         1476.79         1962.14 
       0.245482         1854.76         1423.17         1881.11 
       0.251667         1739.65         1374.77          1839.5 
       0.257832         1700.11         1326.38         1781.24 
       0.263955         1665.21         1274.55         1732.73 
       0.270079         1610.84         1218.63         1683.96 
        0.27624         1597.55         1160.63         1632.19 
       0.282372         1515.81         1104.16         1604.22 
        0.28843         1500.63         1052.29         1569.55 
       0.294538         1430.29         1005.98         1521.93 
       0.300721          1405.5         965.772         1476.82 
        0.30691         1342.72         931.185         1457.29 
       0.313033         1309.77         900.669         1412.21 
       0.319153         1305.72         871.904         1373.99 
       0.325316         1256.44         843.127         1354.28 
        0.33145         1245.83         813.802         1308.65 
       0.337538         1225.93         783.968         1289.04 
       0.343633         1181.15         754.209         1273.23 
       0.349808         1167.76         725.137         1252.72 
       0.355968         1121.18         698.007         1228.96 
       0.362074         1106.88         673.396         1205.73 
       0.368217          1100.9         651.053         1177.75 
       0.374374         1066.92         630.664         1155.05 
       0.380519         1055.37         611.687         1134.08 
       0.386598         1022.05         593.734         1119.14 
       0.392688         1002.85         576.093         1099.03 
        0.39888         988.815         558.266         1080.83 
       0.405048          967.47         540.636         1062.65 
       0.411186         954.932         523.443         1045.26 
       0.417313         933.182         506.946         1032.01 
       0.423458         922.582         491.257         1012.47 
       0.429607         900.728         476.511         996.142 
       0.435692         884.751         462.871         974.373 
       0.441815         870.976          450.01         971.353 
       0.447964         857.628         437.712         961.022 
       0.454126         842.642         425.821         934.613 
       0.460267         837.111         414.316         932.964 
       0.466387         820.393         403.106         917.372 
        0.47254         810.429         392.064         904.495 
       0.478662         793.239          381.36         891.387 
       0.484765         789.051         371.082         882.092 
       0.490885         773.705         361.225         865.542 
       0.497035         759.455         351.758         858.122 
       0.503198         749.521         342.709         848.092 
       0.509342         741.642         334.099         833.605 
       0.515458         730.099         325.875         827.949 
       0.521598         711.085         317.898         819.807 
       0.527764         706.367         310.109         812.946 
       0.533884         695.677         302.587         804.268 
           0.54         690.798         295.284         794.874 
       0.546137         673.681         288.166         786.409 
       0.552299         669.926         281.241         775.648 
       0.558452          655.74         274.572         769.557 
       0.564573         651.503         268.183         762.401 
       0.570708         638.087         262.019         752.148 
       0.576825         633.479         256.088         743.076 
       0.582926         628.688         250.362         738.298 
       0.589034         621.651           244.8         728.032 
       0.595184         608.124         239.361         720.603 
       0.601379         603.585         234.048         714.925 
       0.607522         597.283         228.943         704.237 
       0.613639         588.929         224.008         701.679 
       0.619772         585.972         219.199         699.531 
       0.625918         574.012         214.523           690.2 
       0.632068         568.361         209.989         686.291 
       0.638161         559.317          205.63         676.345 
         0.6443         552.978         201.363         670.277 
       0.650464         549.743         197.204         662.339 
       0.656582         540.164         193.195         658.243 
       0.662703         532.476         189.299         653.513 
       0.668861         530.525         185.491         650.291 
       0.675024          525.61         181.786         645.456 
       0.681124         515.161         178.221         636.687 
       0.687237         510.549         174.746         631.235 
       0.693381         506.976         171.349         625.446 
       0.699536         498.731         168.039         621.256 
       0.705665         493.403         164.831         613.993 
       0.711789         488.051         161.707         609.356 
       0.717957         483.945         158.644         608.165 
        0.72409         476.285         155.679         602.232 
       0.730186         472.524          152.81         595.922 
       0.736317         463.918         150.001         592.075 
       0.742472         463.431         147.254         588.343 
       0.748622         457.453         144.576          582.11 
        0.75476         452.067         141.968         582.029 
       0.760888         445.263         139.429           575.8 
       0.767043         446.302         136.944         568.615 
       0.773185         436.352         134.528         565.263 
       0.779291         432.321         132.185         560.659 
       0.785407         430.106         129.892         557.459 
       0.791564          424.25         127.639         555.564 
       0.797719         419.267         125.442         550.541 
       0.803834         415.639         123.312         546.859 
       0.809972         408.042         121.224         543.072 
       0.816124         406.422         119.178         537.397 
       0.822261         402.453         117.186         534.604 
       0.828378          399.53         115.246         530.669 
       0.834502          392.62         113.351         528.875 
       0.840667          388.42         111.487         524.891 
       0.846816         387.057         109.669         520.762 
       0.852925         382.238         107.902         517.784 
       0.859047         378.031          106.17         513.104 
       0.865192         373.778          104.47         510.016 
       0.871341         369.958         102.807         506.384 
       0.877463         366.498         101.188         503.432 
       0.883569         362.934           99.61          501.27 
       0.889708         358.618         98.0585         496.524 
       0.895864             354         96.5361         493.723 
       0.902008         351.536         95.0488         490.433 
       0.908149         348.382         93.5935         485.377 
       0.914301         344.712         92.1665         481.772 
       0.920448         341.473         90.7712         480.905 
       0.926574         336.068         89.4101         477.962 
       0.932687          336.08         88.0802         473.294 
       0.938823         331.659         86.7728         471.922 
       0.944975         327.212         85.4889         469.073 
       0.951105         323.141         84.2354         465.903 
       0.957225         320.169          83.009         462.655 
       0.963368         317.584         81.8028         459.815 
       0.969511         314.641         80.6209         456.807 
       0.975621          310.12         79.4694         454.319 
       0.981748         308.015          78.338          451.84 
       0.987916         305.738         77.2216         449.355 
        0.99406         301.661         76.1311         446.431 
        1.00019         297.812         75.0638         442.652 
        1.00632         296.047          74.018         440.061 
        1.01246         293.995         72.9909          437.43 
        1.01859         290.877         71.9852          434.69 
        1.02471          288.27         71.0001         432.302 
        1.03085         285.287         70.0302         430.831 
        1.03698         280.966         69.0805           429.1 
        1.04314         278.263         68.1442         425.571 
        1.04929         276.934          67.227         422.131 
        1.05541         273.919         66.3297         419.711 
        1.06154         270.305         65.4464         417.619 
        1.06769         268.612         64.5783         414.608 
        1.07382         265.899         63.7301         411.904 
        1.07993         262.261         62.9005         410.011 
        1.08607         261.123         62.0832         407.479 
        1.09222         258.534         61.2799         405.191 
        1.09836         255.842         60.4912         403.296 
        1.10449         253.585         59.7167         401.712 
        1.11063         251.044         58.9542         398.537 
        1.11677         247.951         58.2047         396.423 
         1.1229         245.653         57.4691         393.804 
        1.12903         243.526         56.7453          392.03 
        1.13518          240.72         56.0336         388.783 
        1.14131         238.389          55.335         387.644 
        1.14745         236.571         54.6494         384.581 
        1.15359         234.403         53.9759         383.382 
        1.15973           231.5          53.314         381.089 
        1.16584         229.489         52.6667         379.054 
        1.17197         227.021         52.0295         377.377 
        1.17811         225.449         51.4006         374.629 
        1.18424          222.75         50.7833         372.402 
        1.19038         221.041         50.1735          371.22 
        1.19652         218.786         49.5734         368.291 
        1.20267         216.582         48.9833         366.436 
        1.20881         213.711         48.4039         364.926 
        1.21495         212.221         47.8363         362.286 
        1.22108         209.841         47.2789         359.992 
         1.2272         208.288         46.7319         359.043 
        1.23334         206.196         46.1919         356.657 
        1.23949         204.252         45.6581         354.756 
        1.24562         203.227         45.1334         352.657 
        1.25174         200.305         44.6172         351.084 
        1.25789         198.126         44.1075         348.822 
        1.26402         196.028         43.6069         347.609 
        1.27014         194.989         43.1155         345.363 
        1.27628         192.965         42.6304         344.248 
        1.28244         191.179         42.1518         342.606 
        1.28858         188.737         41.6809         340.478 
        1.29471         187.253         41.2183         337.991 
        1.30084         185.153         40.7632         335.917 
        1.30697         183.655         40.3146         334.856 
        1.31312         181.376         39.8726         333.135 
        1.31925         180.226          39.439         331.159 
        1.32537         179.114         39.0126          329.19 
        1.33151         176.629         38.5911         327.926 
        1.33765         174.259         38.1759         326.362 
        1.34378         172.929         37.7675         324.073 
        1.34992         171.634         37.3645         322.575 
        1.35606         169.955         36.9663         320.656 
         1.3622         167.813         36.5745         319.517 
        1.36833         166.836         36.1891         318.305 
        1.37445         165.396         35.8094         315.793 
        1.38059         163.834          35.434         314.721 
        1.38675         161.788         35.0633         313.396 
        1.39288         160.327         34.6997         311.251 
        1.39901         159.041         34.3416         309.548 
        1.40515         157.586          33.988         308.017 
         1.4113         156.659         33.6394         306.267 
        1.41742         154.679         33.2967          304.59 
        1.42355         153.053         32.9578         303.438 
         1.4297         152.155         32.6223         301.328 
        1.43585         149.764         32.2915         300.584 
        1.44198         148.859         31.9668         298.765 
        1.44809         147.028         31.6477         297.196 
        1.45423         145.943         31.3323         295.329 
        1.46036         144.906         31.0223         294.105 
        1.46649         143.176         30.7165         292.844 
        1.47263         142.303         30.4145         291.054 
        1.47877         140.401         30.1163         289.253 
        1.48491         139.013         29.8212         287.663 
        1.49104         138.273         29.5304         286.676 
        1.49718         136.844          29.243         285.836 
        1.50333          135.58         28.9588         283.551 
        1.50947         134.119         28.6791         282.096 
         1.5156         133.112         28.4036         281.309 
        1.52172          131.85          28.132         279.836 
        1.52787         130.477         27.8635         278.436 
          1.534         129.212         27.5991         276.889 
        1.54013         128.197         27.3387         275.619 
        1.54627          127.14         27.0814         274.639 
        1.55241         125.791         26.8275         273.375 
        1.55855         124.659         26.5771         271.725 
        1.56467          123.95         26.3303         270.203 
         1.5708         122.369         26.0858         268.894 
