0.00783031 -2259.2
0.013688 269.48
0.019231 -503.394
0.0249154 559.154
0.0312784 -248.241
0.0375637 -208.173
0.0433917 -562.464
0.0492413 -237.394
0.0555754 -465.861
0.0619321 -204.841
0.067871 -49.9534
0.0738098 -208.438
0.0800417 -181.508
0.0862327 -193.874
0.0921407 -141.536
0.0982031 -210.399
0.104506 -195.066
0.110769 -267.926
0.116806 -199.884
0.122832 -163.38
0.129052 -169.668
0.135211 -185.746
0.141259 -192.747
0.147318 -199.614
0.153489 -213.682
0.159709 -145.57
0.165845 -177.858
0.171974 -170.161
0.178125 -182.735
0.184229 -184.374
0.19034 -159.97
0.196428 -183.433
0.202534 -169.184
0.208729 -180.734
0.214876 -170.084
0.220989 -168.704
0.227147 -147.222
0.23329 -160.006
0.239377 -157.338
0.245482 -148.053
0.251667 -131.531
0.257832 -154.279
0.263955 -149.35
0.270079 -142.587
0.27624 -144.197
0.282372 -147.382
0.28843 -132.587
0.294538 -130.463
0.300721 -132.439
0.30691 -126.799
0.313033 -125.503
0.319153 -129.278
0.325316 -128.212
0.33145 -130.196
0.337538 -129.559
0.343633 -127.997
0.349808 -122.959
0.355968 -119.005
0.362074 -116.903
0.368217 -128.08
0.374374 -118.928
0.380519 -114.941
0.386598 -112.807
0.392688 -113.884
0.39888 -110.647
0.405048 -108.07
0.411186 -112.31
0.417313 -113.968
0.423458 -106.672
0.429607 -108.405
0.435692 -104.999
0.441815 -104.914
0.447964 -103.194
0.454126 -101.799
0.460267 -102.611
0.466387 -101.772
0.47254 -102.939
0.478662 -99.5776
0.484765 -98.4155
0.490885 -100.574
0.497035 -98.1893
0.503198 -94.6357
0.509342 -96.9796
0.515458 -96.5974
0.521598 -93.6565
0.527764 -96.6653
0.533884 -93.7006
0.54 -94.1803
0.546137 -88.7444
0.552299 -93.6551
0.558452 -87.9639
0.564573 -89.3168
0.570708 -87.95
0.576825 -88.6924
0.582926 -88.1881
0.589034 -87.8053
0.595184 -87.3516
0.601379 -83.4844
0.607522 -86.2657
0.613639 -84.0416
0.619772 -85.0236
0.625918 -81.8051
0.632068 -82.8208
0.638161 -82.7432
0.6443 -83.6308
0.650464 -80.4715
0.656582 -79.2381
0.662703 -80.0485
0.668861 -79.0575
0.675024 -79.3478
0.681124 -79.7313
0.687237 -77.3399
0.693381 -78.5599
0.699536 -76.4968
0.705665 -76.0955
0.711789 -76.3022
0.717957 -76.0149
0.72409 -74.7639
0.730186 -75.6689
0.736317 -73.8171
0.742472 -72.8328
0.748622 -73.2819
0.75476 -72.1774
0.760888 -71.3531
0.767043 -71.8613
0.773185 -71.5821
0.779291 -70.1995
0.785407 -71.1916
0.791564 -70.2203
0.797719 -69.6551
0.803834 -69.5443
0.809972 -68.0285
0.816124 -68.2002
0.822261 -67.9228
0.828378 -68.3111
0.834502 -66.8293
0.840667 -65.7559
0.846816 -67.6676
0.852925 -66.4389
0.859047 -66.6372
0.865192 -65.7591
0.871341 -64.9207
0.877463 -64.9912
0.883569 -64.3619
0.889708 -64.3049
0.895864 -63.3123
0.902008 -64.0001
0.908149 -62.7939
0.914301 -62.8261
0.920448 -62.2134
0.926574 -61.2185
0.932687 -61.7869
0.938823 -61.4388
0.944975 -60.6427
0.951105 -60.053
0.957225 -59.929
0.963368 -59.6488
0.969511 -59.3676
0.975621 -59.0172
0.981748 -58.5873
0.987916 -58.5178
0.99406 -57.4908
1.00019 -56.5937
1.00632 -56.9719
1.01246 -56.9788
1.01859 -55.552
1.02471 -56.5113
1.03085 -55.2148
1.03698 -55.5096
1.04314 -54.7061
1.04929 -54.484
1.05541 -54.3362
1.06154 -54.3582
1.06769 -53.7459
1.07382 -53.1862
1.07993 -53.0404
1.08607 -52.7039
1.09222 -53.7105
1.09836 -52.1774
1.10449 -52.1322
1.11063 -51.7061
1.11677 -51.7715
1.1229 -50.8681
1.12903 -51.242
1.13518 -50.2401
1.14131 -49.8879
1.14745 -50.5296
1.15359 -49.976
1.15973 -49.3713
1.16584 -49.2181
1.17197 -48.9724
1.17811 -49.0555
1.18424 -48.4982
1.19038 -48.0206
1.19652 -47.7852
1.20267 -47.2058
1.20881 -46.9207
1.21495 -46.8325
1.22108 -46.7655
1.2272 -46.535
1.23334 -46.1758
1.23949 -45.9243
1.24562 -45.9315
1.25174 -45.3719
1.25789 -44.7588
1.26402 -44.5744
1.27014 -44.5985
1.27628 -44.263
1.28244 -44.1588
1.28858 -43.5534
1.29471 -43.5204
1.30084 -43.2677
1.30697 -43.0381
1.31312 -42.9028
1.31925 -42.2568
1.32537 -42.5397
1.33151 -41.9932
1.33765 -41.5236
1.34378 -41.107
1.34992 -41.2934
1.35606 -40.818
1.3622 -40.2523
1.36833 -40.5456
1.37445 -40.4755
1.38059 -40.1066
1.38675 -39.7052
1.39288 -39.3873
1.39901 -39.3705
1.40515 -38.8593
1.4113 -38.9354
1.41742 -38.7862
1.42355 -38.554
1.4297 -38.3973
1.43585 -37.673
1.44198 -37.7473
1.44809 -37.5416
1.45423 -37.337
1.46036 -37.0038
1.46649 -36.6832
1.47263 -36.6895
1.47877 -36.4117
1.48491 -36.1871
1.49104 -36.1557
1.49718 -35.9014
1.50333 -35.5116
1.50947 -35.3209
1.5156 -34.9895
1.52172 -34.9727
1.52787 -34.6242
1.534 -34.3389
1.54013 -34.392
1.54627 -34.1237
1.55241 -33.9657
1.55855 -33.3823
1.56467 -33.6142
1.5708 -33.3378
