0.00783031 1664.85
0.013688 3330.96
0.019231 4859.32
0.0249154 2959.81
0.0312784 3607.9
0.0375637 3332.9
0.0433917 2994.33
0.0492413 2472.16
0.0555754 2521.63
0.0619321 2400.54
0.067871 2391.64
0.0738098 2106.96
0.0800417 1958.39
0.0862327 1901.93
0.0921407 1744.3
0.0982031 1663.38
0.104506 1579.41
0.110769 1493.94
0.116806 1535.05
0.122832 1398.73
0.129052 1306.17
0.135211 1276.95
0.141259 1239.39
0.147318 1218.28
0.153489 1186.04
0.159709 1121.49
0.165845 1062.57
0.171974 1037.84
0.178125 996.733
0.184229 966.36
0.19034 941.299
0.196428 913.055
0.202534 888.024
0.208729 845.293
0.214876 853.216
0.220989 808.981
0.227147 802.073
0.23329 786.932
0.239377 742.628
0.245482 725.261
0.251667 713.084
0.257832 695.436
0.263955 681.814
0.270079 660.571
0.27624 651.853
0.282372 637.599
0.28843 626.991
0.294538 607.445
0.300721 578.66
0.30691 573.902
0.313033 566.045
0.319153 556.876
0.325316 552.146
0.33145 536.473
0.337538 526.229
0.343633 519.491
0.349808 509.564
0.355968 500.583
0.362074 483.984
0.368217 481.475
0.374374 471.661
0.380519 461.652
0.386598 458.124
0.392688 446.655
0.39888 442.323
0.405048 435.301
0.411186 423.126
0.417313 422.533
0.423458 416.868
0.429607 404.691
0.435692 399.323
0.441815 395.922
0.447964 391.919
0.454126 385.022
0.460267 382.764
0.466387 372.99
0.47254 367.577
0.478662 366.676
0.484765 362.191
0.490885 353.616
0.497035 354.825
0.503198 347.825
0.509342 342.974
0.515458 341.007
0.521598 331.95
0.527764 334.471
0.533884 330.554
0.54 325.41
0.546137 322.001
0.552299 317.624
0.558452 315.038
0.564573 309.26
0.570708 308.416
0.576825 306.843
0.582926 303.769
0.589034 297.659
0.595184 296.863
0.601379 294.03
0.607522 291.42
0.613639 287.737
0.619772 286.316
0.625918 285.112
0.632068 279.533
0.638161 279.506
0.6443 276.511
0.650464 276.265
0.656582 270.31
0.662703 271.301
0.668861 269.443
0.675024 265.111
0.681124 262.677
0.687237 263.897
0.693381 260.398
0.699536 258.517
0.705665 258.76
0.711789 255.265
0.717957 252.151
0.72409 250.733
0.730186 249.958
0.736317 248.048
0.742472 246.971
0.748622 245.002
0.75476 242.455
0.760888 241.081
0.767043 239.187
0.773185 239.516
0.779291 236.531
0.785407 235.302
0.791564 235.308
0.797719 232.295
0.803834 232.445
0.809972 230.854
0.816124 228.957
0.822261 228.594
0.828378 227.207
0.834502 226.506
0.840667 223.656
0.846816 222.115
0.852925 221.128
0.859047 219.978
0.865192 219.805
0.871341 217.837
0.877463 217.467
0.883569 216.595
0.889708 216.172
0.895864 213.888
0.902008 214.237
0.908149 211.882
0.914301 211.562
0.920448 211.094
0.926574 209.813
0.932687 208.719
0.938823 208.419
0.944975 206.597
0.951105 206.932
0.957225 205.681
0.963368 204.883
0.969511 203.499
0.975621 203.468
0.981748 202.579
0.987916 201.052
0.99406 200.949
1.00019 199.758
1.00632 198.357
1.01246 197.961
1.01859 198.027
1.02471 196.691
1.03085 196.26
1.03698 196.166
1.04314 194.622
1.04929 194.021
1.05541 194.138
1.06154 192.191
1.06769 191.124
1.07382 191.525
1.07993 189.891
1.08607 189.561
1.09222 189.071
1.09836 188.832
1.10449 187.808
1.11063 187.726
1.11677 186.848
1.1229 186.287
1.12903 185.043
1.13518 184.499
1.14131 184.537
1.14745 183.791
1.15359 182.602
1.15973 183.313
1.16584 181.576
1.17197 180.927
1.17811 181.243
1.18424 180.906
1.19038 180.533
1.19652 179.504
1.20267 179.443
1.20881 177.876
1.21495 178.046
1.22108 177.181
1.2272 176.749
1.23334 175.997
1.23949 175.582
1.24562 175.485
1.25174 174.941
1.25789 174.171
1.26402 173.086
1.27014 173.075
1.27628 173.152
1.28244 172.559
1.28858 171.827
1.29471 171.346
1.30084 170.704
1.30697 170.584
1.31312 169.561
1.31925 169.583
1.32537 169.267
1.33151 169.249
1.33765 168.872
1.34378 168.206
1.34992 166.938
1.35606 167.361
1.3622 166.268
1.36833 166.812
1.37445 165.724
1.38059 165.367
1.38675 165.004
1.39288 164.479
1.39901 163.918
1.40515 163.652
1.4113 162.989
1.41742 162.717
1.42355 162.551
1.4297 162.03
1.43585 161.465
1.44198 160.891
1.44809 160.502
1.45423 160.262
1.46036 159.949
1.46649 160.211
1.47263 159.669
1.47877 158.975
1.48491 158.755
1.49104 158.604
1.49718 158.339
1.50333 157.937
1.50947 157.215
1.5156 156.601
1.52172 157.156
1.52787 156.282
1.534 155.696
1.54013 155.332
1.54627 155.172
1.55241 154.577
1.55855 154.187
1.56467 153.961
1.5708 153.412
