0.00783031 2724.72
0.013688 3289.05
0.019231 3197.64
0.0249154 3435.62
0.0312784 3422.38
0.0375637 3221.95
0.0433917 2795.26
0.0492413 2725.23
0.0555754 2383.86
0.0619321 2294.84
0.067871 2205.85
0.0738098 1969.25
0.0800417 1863.85
0.0862327 1816.65
0.0921407 1618.85
0.0982031 1565.32
0.104506 1471.64
0.110769 1440.18
0.116806 1392.72
0.122832 1301.34
0.129052 1272.15
0.135211 1211.66
0.141259 1123.85
0.147318 1106.17
0.153489 1074.06
0.159709 1029.51
0.165845 1014.95
0.171974 949.822
0.178125 932.21
0.184229 870.757
0.19034 846.29
0.196428 810.134
0.202534 777.503
0.208729 753.255
0.214876 733.823
0.220989 718.471
0.227147 697.279
0.23329 689.976
0.239377 671.884
0.245482 640.932
0.251667 614.669
0.257832 608.642
0.263955 589.649
0.270079 580.451
0.27624 568.517
0.282372 547.494
0.28843 531.528
0.294538 525.384
0.300721 508.736
0.30691 499.277
0.313033 493.251
0.319153 486.776
0.325316 472.391
0.33145 464.764
0.337538 450.984
0.343633 444.166
0.349808 440.584
0.355968 430.535
0.362074 421.411
0.368217 412.964
0.374374 409.443
0.380519 403.298
0.386598 398.866
0.392688 389.216
0.39888 384.107
0.405048 381.365
0.411186 373.824
0.417313 376.441
0.423458 363.049
0.429607 362.015
0.435692 359.845
0.441815 352.614
0.447964 348.316
0.454126 340.848
0.460267 342.077
0.466387 335.449
0.47254 335.48
0.478662 331.707
0.484765 327.637
0.490885 322.409
0.497035 322.45
0.503198 317.557
0.509342 316.626
0.515458 315.008
0.521598 311.482
0.527764 308.803
0.533884 304.313
0.54 303.235
0.546137 303.207
0.552299 300.628
0.558452 299.51
0.564573 296.002
0.570708 298.68
0.576825 294.985
0.582926 290.652
0.589034 290.972
0.595184 288.869
0.601379 287.975
0.607522 288.125
0.613639 281.532
0.619772 282.624
0.625918 282.446
0.632068 279.972
0.638161 278.922
0.6443 277.83
0.650464 276.423
0.656582 276.232
0.662703 272.806
0.668861 274.395
0.675024 272.367
0.681124 271.008
0.687237 268.637
0.693381 268.853
0.699536 269.997
0.705665 267.746
0.711789 267.207
0.717957 267.46
0.72409 265.369
0.730186 262.643
0.736317 263.903
0.742472 262.828
0.748622 262.207
0.75476 261.49
0.760888 260.691
0.767043 260.127
0.773185 259.249
0.779291 258.197
0.785407 258.024
0.791564 255.831
0.797719 257.26
0.803834 255.366
0.809972 254.811
0.816124 253.934
0.822261 253.849
0.828378 253.25
0.834502 252.123
0.840667 252.319
0.846816 252.29
0.852925 251.059
0.859047 249.547
0.865192 249.574
0.871341 248.659
0.877463 248.88
0.883569 248.954
0.889708 249.009
0.895864 246.712
0.902008 245.714
0.908149 245.553
0.914301 245.738
0.920448 246.005
0.926574 244.297
0.932687 242.636
0.938823 243.382
0.944975 242.765
0.951105 243.277
0.957225 241.744
0.963368 241.668
0.969511 240.586
0.975621 240.889
0.981748 239.408
0.987916 238.434
0.99406 239.224
1.00019 239.063
1.00632 238.675
1.01246 237.571
1.01859 237.428
1.02471 236.177
1.03085 235.695
1.03698 235.107
1.04314 235.539
1.04929 236.509
1.05541 235.021
1.06154 233.509
1.06769 233.53
1.07382 233.867
1.07993 232.181
1.08607 233.356
1.09222 231.948
1.09836 231.868
1.10449 230.331
1.11063 229.543
1.11677 228.805
1.1229 228.911
1.12903 229.151
1.13518 229.051
1.14131 228.3
1.14745 227.895
1.15359 227.513
1.15973 227.46
1.16584 227.545
1.17197 226.71
1.17811 226.061
1.18424 225.512
1.19038 224.699
1.19652 225.594
1.20267 224.28
1.20881 222.87
1.21495 223.344
1.22108 223.092
1.2272 221.883
1.23334 222.142
1.23949 222.357
1.24562 221.458
1.25174 220.61
1.25789 220.725
1.26402 219.593
1.27014 220.025
1.27628 219.568
1.28244 218.569
1.28858 218.474
1.29471 217.287
1.30084 217.408
1.30697 217.911
1.31312 216.601
1.31925 216.625
1.32537 216.336
1.33151 215.472
1.33765 215.11
1.34378 214.889
1.34992 214.734
1.35606 214.213
1.3622 214.365
1.36833 213.663
1.37445 213.017
1.38059 212.8
1.38675 212.698
1.39288 212.184
1.39901 212.073
1.40515 211.571
1.4113 211.145
1.41742 211.015
1.42355 210.004
1.4297 209.833
1.43585 209.992
1.44198 209.352
1.44809 208.575
1.45423 208.541
1.46036 208.486
1.46649 208.334
1.47263 207.549
1.47877 207.627
1.48491 206.076
1.49104 206.44
1.49718 206.232
1.50333 206.006
1.50947 205.288
1.5156 205.033
1.52172 205.19
1.52787 203.92
1.534 204.324
1.54013 203.99
1.54627 203.057
1.55241 202.92
1.55855 203.677
1.56467 202.826
1.5708 202.368
