0.00783031 20377.4
0.013688 25171.7
0.019231 25177
0.0249154 23399.8
0.0312784 20201.5
0.0375637 17055.2
0.0433917 14931.9
0.0492413 13274.3
0.0555754 11576.6
0.0619321 11231.4
0.067871 10226.5
0.0738098 9341.3
0.0800417 8386.39
0.0862327 7746.13
0.0921407 6904.03
0.0982031 6356.2
0.104506 5533.67
0.110769 5248.78
0.116806 4963.94
0.122832 4632.22
0.129052 4430.02
0.135211 4262.01
0.141259 3959.93
0.147318 3712.1
0.153489 3376.95
0.159709 3207.54
0.165845 3034.21
0.171974 2925.94
0.178125 2864.5
0.184229 2663.3
0.19034 2590.61
0.196428 2486.91
0.202534 2406.29
0.208729 2251.37
0.214876 2185.42
0.220989 2100.51
0.227147 2002.51
0.23329 1951.07
0.239377 1867.73
0.245482 1830.3
0.251667 1780.11
0.257832 1700.73
0.263955 1642.23
0.270079 1629.09
0.27624 1590.12
0.282372 1484.34
0.28843 1492.17
0.294538 1447.58
0.300721 1402.07
0.30691 1353.96
0.313033 1329.5
0.319153 1302.99
0.325316 1263.38
0.33145 1235.67
0.337538 1228.56
0.343633 1192.23
0.349808 1168.07
0.355968 1127.39
0.362074 1110.85
0.368217 1093.04
0.374374 1063.44
0.380519 1040.78
0.386598 1017.13
0.392688 1004.07
0.39888 997.765
0.405048 967.893
0.411186 948.435
0.417313 939.465
0.423458 921.71
0.429607 903.561
0.435692 884.217
0.441815 877.716
0.447964 853.998
0.454126 841.069
0.460267 834.333
0.466387 811.128
0.47254 797.115
0.478662 794.448
0.484765 786.171
0.490885 764.097
0.497035 752.152
0.503198 745.875
0.509342 734.373
0.515458 722.575
0.521598 721.477
0.527764 702.379
0.533884 698.186
0.54 684.143
0.546137 682.946
0.552299 664.63
0.558452 657.494
0.564573 661.49
0.570708 642.803
0.576825 632.483
0.582926 628.466
0.589034 617.81
0.595184 609.54
0.601379 605.098
0.607522 593.896
0.613639 591.805
0.619772 580.35
0.625918 577.249
0.632068 564.6
0.638161 562.359
0.6443 556.909
0.650464 549.795
0.656582 538.562
0.662703 533.839
0.668861 528.451
0.675024 520.217
0.681124 515.208
0.687237 510.916
0.693381 505.93
0.699536 498.77
0.705665 492.982
0.711789 486.369
0.717957 481.588
0.72409 477.733
0.730186 471.861
0.736317 469.194
0.742472 461.013
0.748622 455.18
0.75476 452.725
0.760888 446.172
0.767043 443.254
0.773185 436.818
0.779291 432.567
0.785407 430.924
0.791564 420.928
0.797719 418.859
0.803834 412.925
0.809972 412.729
0.816124 405.203
0.822261 402.347
0.828378 398.819
0.834502 394.72
0.840667 389.374
0.846816 385.634
0.852925 379.032
0.859047 378.546
0.865192 372.914
0.871341 371.5
0.877463 367.536
0.883569 362.424
0.889708 359.251
0.895864 355.33
0.902008 352.045
0.908149 348.986
0.914301 343.366
0.920448 342.255
0.926574 337.126
0.932687 335.647
0.938823 330.618
0.944975 328.427
0.951105 324.026
0.957225 322.177
0.963368 318.036
0.969511 314.984
0.975621 311.67
0.981748 309.293
0.987916 305.196
0.99406 302.944
1.00019 300.49
1.00632 296.833
1.01246 293.813
1.01859 291.048
1.02471 289.456
1.03085 285.038
1.03698 282.44
1.04314 279.714
1.04929 277.598
1.05541 274.203
1.06154 271.686
1.06769 268.437
1.07382 265.698
1.07993 263.979
1.08607 260.487
1.09222 259.344
1.09836 256.246
1.10449 253.528
1.11063 251.705
1.11677 248.784
1.1229 245.916
1.12903 243.704
1.13518 242.501
1.14131 239.439
1.14745 236.228
1.15359 235.235
1.15973 232.345
1.16584 231.19
1.17197 228.785
1.17811 225.93
1.18424 223.362
1.19038 220.839
1.19652 219.607
1.20267 217.666
1.20881 215.414
1.21495 213.457
1.22108 210.863
1.2272 209.886
1.23334 207.187
1.23949 205.541
1.24562 202.921
1.25174 201.26
1.25789 199.498
1.26402 196.858
1.27014 195.566
1.27628 193.594
1.28244 191.911
1.28858 189.658
1.29471 187.952
1.30084 186.276
1.30697 184.449
1.31312 182.468
1.31925 181.015
1.32537 179.536
1.33151 178.118
1.33765 175.719
1.34378 173.753
1.34992 172.611
1.35606 170.991
1.3622 169.078
1.36833 167.816
1.37445 166.297
1.38059 164.607
1.38675 162.721
1.39288 161.399
1.39901 160.464
1.40515 159.032
1.4113 156.964
1.41742 155.825
1.42355 154.221
1.4297 152.723
1.43585 151.754
1.44198 150.079
1.44809 148.148
1.45423 147.31
1.46036 145.935
1.46649 144.473
1.47263 142.93
1.47877 141.817
1.48491 140.36
1.49104 139.103
1.49718 137.606
1.50333 136.735
1.50947 135.553
1.5156 134.045
1.52172 133.037
1.52787 131.702
1.534 130.72
1.54013 129.518
1.54627 128.069
1.55241 127.169
1.55855 125.602
1.56467 124.723
1.5708 123.541
