0.00783031 11177.4
0.013688 12862.1
0.019231 9478.34
0.0249154 10194.4
0.0312784 9634.28
0.0375637 9505.86
0.0433917 9130.79
0.0492413 9419.79
0.0555754 8744.41
0.0619321 8739.89
0.067871 8272.71
0.0738098 8888.55
0.0800417 7913.89
0.0862327 8500.76
0.0921407 8161.84
0.0982031 7657.27
0.104506 7994.11
0.110769 7283.32
0.116806 7663.82
0.122832 6998.15
0.129052 7080.32
0.135211 7021.34
0.141259 6556.12
0.147318 6763.58
0.153489 6495.98
0.159709 6643.96
0.165845 6499.48
0.171974 6338.01
0.178125 6155.54
0.184229 6233.98
0.19034 6059.82
0.196428 5934.24
0.202534 5926.74
0.208729 5830.07
0.214876 5667.49
0.220989 5534.14
0.227147 5508.26
0.23329 5485.39
0.239377 5398.06
0.245482 5322.33
0.251667 5319.05
0.257832 5270.31
0.263955 5171.29
0.270079 5136.45
0.27624 5142.82
0.282372 5036.05
0.28843 4997.46
0.294538 4946.47
0.300721 4866.81
0.30691 4909.17
0.313033 4794.27
0.319153 4790.93
0.325316 4684.9
0.33145 4726.35
0.337538 4648.29
0.343633 4629.76
0.349808 4589.8
0.355968 4587.7
0.362074 4479.09
0.368217 4464.17
0.374374 4454.8
0.380519 4465.37
0.386598 4375.88
0.392688 4371.31
0.39888 4315.14
0.405048 4320.77
0.411186 4308.89
0.417313 4270.25
0.423458 4207.25
0.429607 4184.6
0.435692 4185.85
0.441815 4165.82
0.447964 4146.42
0.454126 4134.84
0.460267 4123.23
0.466387 4102.05
0.47254 4010.32
0.478662 4021.73
0.484765 3993.01
0.490885 4017.92
0.497035 3944.09
0.503198 3935.99
0.509342 3972.72
0.515458 3902.84
0.521598 3899.59
0.527764 3871.61
0.533884 3892.41
0.54 3866.91
0.546137 3870.22
0.552299 3824.03
0.558452 3813.33
0.564573 3771.39
0.570708 3751.2
0.576825 3778.22
0.582926 3747.67
0.589034 3710.88
0.595184 3714.61
0.601379 3685.61
0.607522 3683.83
0.613639 3677.59
0.619772 3691.57
0.625918 3699.36
0.632068 3645.03
0.638161 3633.61
0.6443 3633.46
0.650464 3632.23
0.656582 3633.82
0.662703 3600.13
0.668861 3592.01
0.675024 3588.87
0.681124 3554.37
0.687237 3571.39
0.693381 3559.43
0.699536 3551.11
0.705665 3512.7
0.711789 3492.54
0.717957 3516.03
0.72409 3486.01
0.730186 3492.71
0.736317 3495.19
0.742472 3484.67
0.748622 3462.83
0.75476 3446.37
0.760888 3462.68
0.767043 3432.13
0.773185 3428.96
0.779291 3429.28
0.785407 3405.83
0.791564 3415.26
0.797719 3406.79
0.803834 3412.9
0.809972 3405.04
0.816124 3383.64
0.822261 3382.74
0.828378 3375.09
0.834502 3352.95
0.840667 3365.18
0.846816 3362.47
0.852925 3340.63
0.859047 3331.17
0.865192 3340.84
0.871341 3328.33
0.877463 3318.72
0.883569 3315.97
0.889708 3310.38
0.895864 3308.94
0.902008 3298.8
0.908149 3287.81
0.914301 3277.02
0.920448 3288.68
0.926574 3281.17
0.932687 3279.74
0.938823 3253.97
0.944975 3253.19
0.951105 3251.79
0.957225 3240.47
0.963368 3233.86
0.969511 3246.39
0.975621 3230.66
0.981748 3221.77
0.987916 3216.41
0.99406 3207.52
1.00019 3200.98
1.00632 3209.8
1.01246 3188.52
1.01859 3190.44
1.02471 3192.36
1.03085 3173.39
1.03698 3164.97
1.04314 3183.5
1.04929 3170.01
1.05541 3161.51
1.06154 3158.46
1.06769 3151.72
1.07382 3156.17
1.07993 3142.74
1.08607 3140.87
1.09222 3141.68
1.09836 3139.5
1.10449 3123.43
1.11063 3114.76
1.11677 3127.8
1.1229 3120.97
1.12903 3122.3
1.13518 3106.3
1.14131 3106.59
1.14745 3101.3
1.15359 3103.29
1.15973 3085.68
1.16584 3091.43
1.17197 3091.59
1.17811 3085.2
1.18424 3086.67
1.19038 3078.09
1.19652 3061.43
1.20267 3050.89
1.20881 3051.39
1.21495 3057
1.22108 3045.36
1.2272 3060.97
1.23334 3030.62
1.23949 3026.64
1.24562 3036.93
1.25174 3028.24
1.25789 3029.59
1.26402 3022.03
1.27014 3016.24
1.27628 3005.23
1.28244 3006.92
1.28858 2991.88
1.29471 2999.81
1.30084 2995.77
1.30697 2989.2
1.31312 2990.79
1.31925 2979.99
1.32537 2979.65
1.33151 2968.76
1.33765 2965.02
1.34378 2959.49
1.34992 2965.11
1.35606 2955.15
1.3622 2961.38
1.36833 2949.32
1.37445 2956.94
1.38059 2948.47
1.38675 2938.77
1.39288 2935.94
1.39901 2928.47
1.40515 2936.34
1.4113 2912.65
1.41742 2924
1.42355 2919.93
1.4297 2909.23
1.43585 2905.24
1.44198 2903.38
1.44809 2899.09
1.45423 2896.08
1.46036 2879.86
1.46649 2879.44
1.47263 2879.98
1.47877 2878.35
1.48491 2863.71
1.49104 2864.9
1.49718 2866.07
1.50333 2853.22
1.50947 2860.88
1.5156 2851.58
1.52172 2840.59
1.52787 2847.76
1.534 2835.06
1.54013 2830.28
1.54627 2829.27
1.55241 2824.49
1.55855 2820.36
1.56467 2817.37
1.5708 2812.59
