0.00783031 107.089
0.013688 141.912
0.019231 128.456
0.0249154 101.896
0.0312784 89.2155
0.0375637 61.3852
0.0433917 45.6147
0.0492413 28.6585
0.0555754 15.9934
0.0619321 4.48391
0.067871 -6.49417
0.0738098 -18.9163
0.0800417 -23.3342
0.0862327 -29.9836
0.0921407 -39.0776
0.0982031 -44.2978
0.104506 -48.8926
0.110769 -55.5361
0.116806 -53.2749
0.122832 -63.3023
0.129052 -65.1277
0.135211 -73.3255
0.141259 -70.8793
0.147318 -76.6516
0.153489 -77.5142
0.159709 -78.2252
0.165845 -78.0947
0.171974 -80.5325
0.178125 -85.9081
0.184229 -85.6201
0.19034 -85.2202
0.196428 -86.5212
0.202534 -91.5313
0.208729 -89.3181
0.214876 -90.9529
0.220989 -92.321
0.227147 -92.7944
0.23329 -94.5297
0.239377 -93.3925
0.245482 -93.9218
0.251667 -95.7825
0.257832 -96.6778
0.263955 -96.6726
0.270079 -96.04
0.27624 -99.0219
0.282372 -97.4803
0.28843 -98.3581
0.294538 -99.1762
0.300721 -98.3506
0.30691 -99.5412
0.313033 -98.8172
0.319153 -100.194
0.325316 -99.57
0.33145 -98.965
0.337538 -97.4205
0.343633 -97.2816
0.349808 -99.7571
0.355968 -98.2078
0.362074 -101.105
0.368217 -100.182
0.374374 -100.716
0.380519 -100.91
0.386598 -101.135
0.392688 -101.145
0.39888 -99.267
0.405048 -100.069
0.411186 -100.416
0.417313 -100.699
0.423458 -101.211
0.429607 -97.3703
0.435692 -99.8209
0.441815 -100.058
0.447964 -100.936
0.454126 -99.2181
0.460267 -100.004
0.466387 -98.004
0.47254 -100.89
0.478662 -100.594
0.484765 -99.0255
0.490885 -97.5981
0.497035 -99.9974
0.503198 -98.7061
0.509342 -98.1488
0.515458 -98.0874
0.521598 -99.483
0.527764 -99.0523
0.533884 -97.5557
0.54 -98.4285
0.546137 -98.8967
0.552299 -99.0628
0.558452 -97.8138
0.564573 -96.8089
0.570708 -97.4334
0.576825 -98.2506
0.582926 -96.9756
0.589034 -96.3399
0.595184 -95.7692
0.601379 -96.5512
0.607522 -96.3474
0.613639 -96.6275
0.619772 -95.9708
0.625918 -95.8546
0.632068 -95.8121
0.638161 -97.0955
0.6443 -96.2081
0.650464 -96.1077
0.656582 -95.4077
0.662703 -94.5101
0.668861 -94.8876
0.675024 -95.3931
0.681124 -93.5476
0.687237 -93.4537
0.693381 -93.255
0.699536 -92.6273
0.705665 -93.4009
0.711789 -94.0508
0.717957 -94.0293
0.72409 -94.2277
0.730186 -93.1441
0.736317 -93.6327
0.742472 -91.2393
0.748622 -93.257
0.75476 -91.3115
0.760888 -91.549
0.767043 -91.3739
0.773185 -91.5973
0.779291 -91.7778
0.785407 -90.6453
0.791564 -91.0966
0.797719 -89.6024
0.803834 -89.4908
0.809972 -89.9276
0.816124 -88.8773
0.822261 -88.5839
0.828378 -89.1701
0.834502 -87.931
0.840667 -88.734
0.846816 -88.0754
0.852925 -88.0862
0.859047 -87.3741
0.865192 -87.5708
0.871341 -86.5159
0.877463 -86.679
0.883569 -86.3828
0.889708 -85.8866
0.895864 -85.3631
0.902008 -85.0124
0.908149 -85.185
0.914301 -84.5342
0.920448 -85.5971
0.926574 -84.1753
0.932687 -83.8446
0.938823 -83.4668
0.944975 -83.5714
0.951105 -83.3536
0.957225 -82.8218
0.963368 -82.7263
0.969511 -81.4195
0.975621 -81.8791
0.981748 -82.269
0.987916 -81.798
0.99406 -81.1151
1.00019 -80.9754
1.00632 -80.4791
1.01246 -80.1623
1.01859 -79.7865
1.02471 -80.2772
1.03085 -80.1153
1.03698 -79.5376
1.04314 -79.7459
1.04929 -79.1797
1.05541 -78.5893
1.06154 -78.7606
1.06769 -77.9351
1.07382 -77.7866
1.07993 -77.4019
1.08607 -76.9743
1.09222 -77.0776
1.09836 -76.9066
1.10449 -76.3428
1.11063 -76.055
1.11677 -76.0383
1.1229 -75.4398
1.12903 -75.4158
1.13518 -75.6296
1.14131 -75.2785
1.14745 -74.9039
1.15359 -73.3913
1.15973 -74.5349
1.16584 -73.9342
1.17197 -73.6747
1.17811 -73.1032
1.18424 -72.9416
1.19038 -72.2356
1.19652 -72.4725
1.20267 -71.9966
1.20881 -72.4544
1.21495 -71.8098
1.22108 -71.1176
1.2272 -71.3298
1.23334 -70.2831
1.23949 -70.5914
1.24562 -70.7631
1.25174 -70.1588
1.25789 -69.6663
1.26402 -69.3695
1.27014 -68.9923
1.27628 -68.8222
1.28244 -68.5816
1.28858 -68.8379
1.29471 -68.2209
1.30084 -67.8133
1.30697 -67.6172
1.31312 -67.5241
1.31925 -67.7479
1.32537 -66.7975
1.33151 -67.0984
1.33765 -66.3318
1.34378 -66.2113
1.34992 -65.9928
1.35606 -65.7612
1.3622 -65.5868
1.36833 -65.7303
1.37445 -65.4406
1.38059 -65.2449
1.38675 -65.0761
1.39288 -64.6227
1.39901 -64.3308
1.40515 -64.2217
1.4113 -63.8916
1.41742 -63.5862
1.42355 -63.3053
1.4297 -63.1772
1.43585 -62.5905
1.44198 -62.3076
1.44809 -62.8697
1.45423 -62.5622
1.46036 -62.3736
1.46649 -62.1904
1.47263 -61.2806
1.47877 -61.4619
1.48491 -61.1495
1.49104 -61.2203
1.49718 -60.6607
1.50333 -60.3743
1.50947 -60.5281
1.5156 -60.2585
1.52172 -59.532
1.52787 -59.9394
1.534 -59.5047
1.54013 -59.5321
1.54627 -58.7431
1.55241 -59.3562
1.55855 -58.8965
1.56467 -58.6492
1.5708 -58.2376
