0.00783031 18882.8
0.013688 23200.6
0.019231 23815
0.0249154 21683.7
0.0312784 18860.8
0.0375637 16117
0.0433917 13987.5
0.0492413 12773.5
0.0555754 12014.4
0.0619321 11240.2
0.067871 10320.8
0.0738098 9591.95
0.0800417 8762.62
0.0862327 8130.22
0.0921407 7237.1
0.0982031 6368.51
0.104506 5868.84
0.110769 5501.52
0.116806 5224.3
0.122832 5125.91
0.129052 4797.83
0.135211 4663.28
0.141259 4393.35
0.147318 4214.8
0.153489 4056
0.159709 3769.16
0.165845 3585.58
0.171974 3378.71
0.178125 3313.18
0.184229 3189.92
0.19034 3081.34
0.196428 2980.46
0.202534 2943.08
0.208729 2868.08
0.214876 2751.06
0.220989 2655.91
0.227147 2621.38
0.23329 2489.42
0.239377 2454.15
0.245482 2384.7
0.251667 2326.3
0.257832 2284.96
0.263955 2213.79
0.270079 2157.66
0.27624 2109.9
0.282372 2060.47
0.28843 2025.27
0.294538 1956.79
0.300721 1933.55
0.30691 1898.58
0.313033 1893.48
0.319153 1829.21
0.325316 1810.73
0.33145 1784.45
0.337538 1748.9
0.343633 1731.42
0.349808 1712.98
0.355968 1676.39
0.362074 1648.47
0.368217 1621.76
0.374374 1603.39
0.380519 1571.99
0.386598 1539.74
0.392688 1529.84
0.39888 1503.99
0.405048 1476.02
0.411186 1481.32
0.417313 1434.14
0.423458 1428.69
0.429607 1417.87
0.435692 1395.15
0.441815 1380.1
0.447964 1353.09
0.454126 1349.73
0.460267 1328.41
0.466387 1311.35
0.47254 1292.77
0.478662 1276.39
0.484765 1265.37
0.490885 1247.47
0.497035 1247.21
0.503198 1229.69
0.509342 1206.87
0.515458 1197.4
0.521598 1190.38
0.527764 1171.95
0.533884 1161.04
0.54 1146.43
0.546137 1141.19
0.552299 1121.52
0.558452 1114.72
0.564573 1101.99
0.570708 1091.71
0.576825 1082.5
0.582926 1071.22
0.589034 1060.99
0.595184 1041.58
0.601379 1038.97
0.607522 1029.92
0.613639 1026.38
0.619772 1005.88
0.625918 996.915
0.632068 986.473
0.638161 973.454
0.6443 965.437
0.650464 958.29
0.656582 950.105
0.662703 938.473
0.668861 928.039
0.675024 922.903
0.681124 912.984
0.687237 900.812
0.693381 895.616
0.699536 890.841
0.705665 881.147
0.711789 863.549
0.717957 855.417
0.72409 849.806
0.730186 846.389
0.736317 837.117
0.742472 828.143
0.748622 822.468
0.75476 814.983
0.760888 805.456
0.767043 800.655
0.773185 792.596
0.779291 782.796
0.785407 777.878
0.791564 776.643
0.797719 762.709
0.803834 757.401
0.809972 747.6
0.816124 741.812
0.822261 737.807
0.828378 730.521
0.834502 724.431
0.840667 721.474
0.846816 711.384
0.852925 703.695
0.859047 695.9
0.865192 690.287
0.871341 684.585
0.877463 683.169
0.883569 674.736
0.889708 667.587
0.895864 664.721
0.902008 657.5
0.908149 649.754
0.914301 645.72
0.920448 637.991
0.926574 633.907
0.932687 629.211
0.938823 624.771
0.944975 619.433
0.951105 611.534
0.957225 605.16
0.963368 601.107
0.969511 599.02
0.975621 591.552
0.981748 584.563
0.987916 582.592
0.99406 575.025
1.00019 570.032
1.00632 565.798
1.01246 559.349
1.01859 554.28
1.02471 551.223
1.03085 546.705
1.03698 540.63
1.04314 536.882
1.04929 530.449
1.05541 528.162
1.06154 519.611
1.06769 517.583
1.07382 514.633
1.07993 508.895
1.08607 503.191
1.09222 497.765
1.09836 495.517
1.10449 490.645
1.11063 485.25
1.11677 482.176
1.1229 477.525
1.12903 474.338
1.13518 470.084
1.14131 464.614
1.14745 464.275
1.15359 457.835
1.15973 454.757
1.16584 449.163
1.17197 447.14
1.17811 443.093
1.18424 438.339
1.19038 434.256
1.19652 430.575
1.20267 427.11
1.20881 422.137
1.21495 417.528
1.22108 414.81
1.2272 412.411
1.23334 407.716
1.23949 403.669
1.24562 404.197
1.25174 399.49
1.25789 394.55
1.26402 392.678
1.27014 388.604
1.27628 384.162
1.28244 379.535
1.28858 378.832
1.29471 374.139
1.30084 371.177
1.30697 366.938
1.31312 365.118
1.31925 359.96
1.32537 358.39
1.33151 355.839
1.33765 352.742
1.34378 349.284
1.34992 345.286
1.35606 343.49
1.3622 339.187
1.36833 337.094
1.37445 333.049
1.38059 331.243
1.38675 327.355
1.39288 325.039
1.39901 320.626
1.40515 318.799
1.4113 316.886
1.41742 314.131
1.42355 310.483
1.4297 307.084
1.43585 305.162
1.44198 302.394
1.44809 299.792
1.45423 297.456
1.46036 293.956
1.46649 292.113
1.47263 289.294
1.47877 286.957
1.48491 284.114
1.49104 281.251
1.49718 278.986
1.50333 275.924
1.50947 274.633
1.5156 270.389
1.52172 268.388
1.52787 265.342
1.534 264.016
1.54013 261.534
1.54627 258.135
1.55241 256.952
1.55855 253.384
1.56467 252.464
1.5708 249.301
