0.00783031 9490.58
0.013688 9200.93
0.019231 9587.91
0.0249154 9535.12
0.0312784 8748.54
0.0375637 9485.67
0.0433917 8585.34
0.0492413 8121.15
0.0555754 8892.9
0.0619321 8315.89
0.067871 7886.5
0.0738098 8674.59
0.0800417 8343.72
0.0862327 8126.52
0.0921407 8189.58
0.0982031 8021.15
0.104506 7747.9
0.110769 7607.37
0.116806 7452.1
0.122832 7472.05
0.129052 7104.82
0.135211 7065.76
0.141259 7101.31
0.147318 6857.58
0.153489 6767.26
0.159709 6533.55
0.165845 6617.06
0.171974 6428.53
0.178125 6161.55
0.184229 6302.14
0.19034 6103.63
0.196428 6051.34
0.202534 6014.65
0.208729 5845.65
0.214876 5766.19
0.220989 5583.71
0.227147 5705.14
0.23329 5576.95
0.239377 5482.69
0.245482 5403.51
0.251667 5296.21
0.257832 5365.78
0.263955 5298.9
0.270079 5174.42
0.27624 5175.85
0.282372 5084.41
0.28843 5046.04
0.294538 5084.58
0.300721 4995.27
0.30691 4938.51
0.313033 4829.83
0.319153 4817.5
0.325316 4743.91
0.33145 4766.74
0.337538 4696.39
0.343633 4667.03
0.349808 4674.73
0.355968 4680.42
0.362074 4646.28
0.368217 4550.69
0.374374 4542.59
0.380519 4491.2
0.386598 4447.47
0.392688 4432.64
0.39888 4371.41
0.405048 4331.33
0.411186 4347.41
0.417313 4277.24
0.423458 4262.06
0.429607 4284.28
0.435692 4222.42
0.441815 4197.67
0.447964 4217.24
0.454126 4198.03
0.460267 4136.71
0.466387 4112.9
0.47254 4096.68
0.478662 4115.27
0.484765 4052.35
0.490885 4049.16
0.497035 4005.22
0.503198 4000.04
0.509342 3963.1
0.515458 3972.38
0.521598 3934.59
0.527764 3941.34
0.533884 3944.75
0.54 3904.41
0.546137 3868.22
0.552299 3881.33
0.558452 3855.02
0.564573 3843.92
0.570708 3827.16
0.576825 3839.74
0.582926 3830.29
0.589034 3774.5
0.595184 3781.71
0.601379 3751.74
0.607522 3734.03
0.613639 3726.98
0.619772 3713.75
0.625918 3691.34
0.632068 3690.41
0.638161 3675.77
0.6443 3667.25
0.650464 3633.35
0.656582 3650.94
0.662703 3623.66
0.668861 3608.21
0.675024 3575.99
0.681124 3579.07
0.687237 3584.59
0.693381 3568.06
0.699536 3561.22
0.705665 3559.8
0.711789 3540.55
0.717957 3514.65
0.72409 3495.63
0.730186 3510.78
0.736317 3491.13
0.742472 3470.32
0.748622 3455.36
0.75476 3447.21
0.760888 3432.05
0.767043 3440.01
0.773185 3417.92
0.779291 3414.63
0.785407 3404.33
0.791564 3408.88
0.797719 3396.93
0.803834 3373.4
0.809972 3370.73
0.816124 3366.32
0.822261 3350.91
0.828378 3366.87
0.834502 3343.18
0.840667 3317.59
0.846816 3322.34
0.852925 3302.05
0.859047 3311.47
0.865192 3295.08
0.871341 3287.37
0.877463 3275.69
0.883569 3262.33
0.889708 3254.12
0.895864 3244.58
0.902008 3247.04
0.908149 3239.41
0.914301 3231.8
0.920448 3221.71
0.926574 3219.93
0.932687 3222.03
0.938823 3207.91
0.944975 3198.56
0.951105 3206.32
0.957225 3184.92
0.963368 3181.48
0.969511 3159.1
0.975621 3158.27
0.981748 3150.43
0.987916 3148.38
0.99406 3131.7
1.00019 3135.01
1.00632 3139.51
1.01246 3122.22
1.01859 3129.42
1.02471 3120.12
1.03085 3101.98
1.03698 3094.9
1.04314 3082.25
1.04929 3081.24
1.05541 3082.36
1.06154 3084.02
1.06769 3079.1
1.07382 3067.21
1.07993 3041.64
1.08607 3044.95
1.09222 3040.03
1.09836 3036.92
1.10449 3035.09
1.11063 3018.62
1.11677 3019.72
1.1229 3013.81
1.12903 3010.24
1.13518 3007.78
1.14131 2993.39
1.14745 2996.37
1.15359 2974.52
1.15973 2966.3
1.16584 2976.99
1.17197 2966.79
1.17811 2960.35
1.18424 2956.86
1.19038 2954.63
1.19652 2946.02
1.20267 2944.51
1.20881 2940.64
1.21495 2921.09
1.22108 2932.42
1.2272 2911.65
1.23334 2911.15
1.23949 2908.2
1.24562 2898.34
1.25174 2897.28
1.25789 2873.53
1.26402 2892.58
1.27014 2882.42
1.27628 2883.68
1.28244 2874
1.28858 2871.78
1.29471 2859.54
1.30084 2845.64
1.30697 2846.72
1.31312 2836.41
1.31925 2847.69
1.32537 2835.26
1.33151 2822.25
1.33765 2817.06
1.34378 2826.77
1.34992 2822.91
1.35606 2801
1.3622 2793.5
1.36833 2788.31
1.37445 2790.45
1.38059 2777.77
1.38675 2775.03
1.39288 2769.58
1.39901 2767.24
1.40515 2750.72
1.4113 2753.84
1.41742 2751.44
1.42355 2752.41
1.4297 2746.42
1.43585 2736.29
1.44198 2724.71
1.44809 2723.04
1.45423 2717.83
1.46036 2710.09
1.46649 2712.43
1.47263 2702.53
1.47877 2704.87
1.48491 2695.25
1.49104 2688.12
1.49718 2676.61
1.50333 2673.91
1.50947 2675.44
1.5156 2671.94
1.52172 2660.59
1.52787 2654.37
1.534 2652.19
1.54013 2640.79
1.54627 2637.06
1.55241 2637.42
1.55855 2636.22
1.56467 2632.54
1.5708 2617.29
