0.00783031 4101.1
0.013688 3674.21
0.019231 3667.72
0.0249154 3624.12
0.0312784 3283.23
0.0375637 3351.72
0.0433917 2733.86
0.0492413 2569.35
0.0555754 2590.58
0.0619321 2321.39
0.067871 2149.87
0.0738098 2068.77
0.0800417 1991.97
0.0862327 1887.17
0.0921407 1817
0.0982031 1726.21
0.104506 1609.6
0.110769 1535.89
0.116806 1480.91
0.122832 1449.55
0.129052 1373.28
0.135211 1292.43
0.141259 1264.93
0.147318 1236.93
0.153489 1201.99
0.159709 1111.05
0.165845 1116.57
0.171974 1064.59
0.178125 1011.95
0.184229 996.073
0.19034 983.366
0.196428 957.877
0.202534 913.506
0.208729 912.171
0.214876 866.319
0.220989 839.548
0.227147 840.016
0.23329 802.741
0.239377 784.701
0.245482 756.662
0.251667 740.131
0.257832 726.979
0.263955 709.735
0.270079 677.37
0.27624 671.718
0.282372 661.331
0.28843 645.618
0.294538 630.797
0.300721 617.65
0.30691 611.154
0.313033 589.137
0.319153 584.654
0.325316 578.105
0.33145 560.914
0.337538 551.254
0.343633 539.548
0.349808 535.378
0.355968 527.845
0.362074 513.459
0.368217 507.216
0.374374 493.16
0.380519 485.348
0.386598 481.527
0.392688 472.762
0.39888 467.229
0.405048 453.417
0.411186 450.872
0.417313 442.536
0.423458 433.486
0.429607 432.639
0.435692 424.762
0.441815 419.465
0.447964 413.457
0.454126 410.875
0.460267 401.335
0.466387 395.826
0.47254 392.582
0.478662 385.193
0.484765 380.452
0.490885 373.55
0.497035 369.913
0.503198 363.239
0.509342 363.141
0.515458 359.342
0.521598 352.827
0.527764 348.082
0.533884 344.297
0.54 340.931
0.546137 340.357
0.552299 332.491
0.558452 329.395
0.564573 324.499
0.570708 323.308
0.576825 320.769
0.582926 314.753
0.589034 312.502
0.595184 308.596
0.601379 304.948
0.607522 301.979
0.613639 297.85
0.619772 297.617
0.625918 293.453
0.632068 289.92
0.638161 286.316
0.6443 285.169
0.650464 280.425
0.656582 279.586
0.662703 279.047
0.668861 275.651
0.675024 270.749
0.681124 269.005
0.687237 268.959
0.693381 266.024
0.699536 262.353
0.705665 259.945
0.711789 258.125
0.717957 255.184
0.72409 254.498
0.730186 252.202
0.736317 250.009
0.742472 247.609
0.748622 246.574
0.75476 243.997
0.760888 241.726
0.767043 239.645
0.773185 237.011
0.779291 236.439
0.785407 234.275
0.791564 233.02
0.797719 230.755
0.803834 227.9
0.809972 227.599
0.816124 225.808
0.822261 223.528
0.828378 222.648
0.834502 220.87
0.840667 219.277
0.846816 218.779
0.852925 217.292
0.859047 216.942
0.865192 214.164
0.871341 211.851
0.877463 212.173
0.883569 209.837
0.889708 208.751
0.895864 207.497
0.902008 205.204
0.908149 204.011
0.914301 201.979
0.920448 201.436
0.926574 201.4
0.932687 200.851
0.938823 198.549
0.944975 196.831
0.951105 196.071
0.957225 194.946
0.963368 193.85
0.969511 192.109
0.975621 190.558
0.981748 190.269
0.987916 188.007
0.99406 188.083
1.00019 186.899
1.00632 186.359
1.01246 185.542
1.01859 184.339
1.02471 183.261
1.03085 182.533
1.03698 181.843
1.04314 180.222
1.04929 180.133
1.05541 179.812
1.06154 178.225
1.06769 176.888
1.07382 176.335
1.07993 175.477
1.08607 175.084
1.09222 173.612
1.09836 173.376
1.10449 172.69
1.11063 170.442
1.11677 170.571
1.1229 169.689
1.12903 168.556
1.13518 168.551
1.14131 166.824
1.14745 167.658
1.15359 165.252
1.15973 165.353
1.16584 164.761
1.17197 163.904
1.17811 163.737
1.18424 163.111
1.19038 161.709
1.19652 161.259
1.20267 160.884
1.20881 159.898
1.21495 159.331
1.22108 159.171
1.2272 157.443
1.23334 157.432
1.23949 156.745
1.24562 155.983
1.25174 155.149
1.25789 155.222
1.26402 155.229
1.27014 153.52
1.27628 153.32
1.28244 152.519
1.28858 152.754
1.29471 151.727
1.30084 151.175
1.30697 150.951
1.31312 149.886
1.31925 149.694
1.32537 149.187
1.33151 148.674
1.33765 147.381
1.34378 147.082
1.34992 147.098
1.35606 146.807
1.3622 146.472
1.36833 145.75
1.37445 145.17
1.38059 145.108
1.38675 144.195
1.39288 143.793
1.39901 143.714
1.40515 142.556
1.4113 142.545
1.41742 141.849
1.42355 141.281
1.4297 141.21
1.43585 140.465
1.44198 140.352
1.44809 139.662
1.45423 139.385
1.46036 139.338
1.46649 138.455
1.47263 138.439
1.47877 137.913
1.48491 137.851
1.49104 137.001
1.49718 136.114
1.50333 136.128
1.50947 135.709
1.5156 135.079
1.52172 135.312
1.52787 134.723
1.534 133.991
1.54013 133.635
1.54627 133.722
1.55241 133.172
1.55855 133.165
1.56467 132.342
1.5708 132.003
