0.00783031 9705.48
0.013688 5377.38
0.019231 7056.13
0.0249154 4979.38
0.0312784 4962.2
0.0375637 4760.15
0.0433917 5048.78
0.0492413 4321.77
0.0555754 3823.95
0.0619321 3925.71
0.067871 3453.21
0.0738098 3480.32
0.0800417 3373.74
0.0862327 2883.55
0.0921407 2839.13
0.0982031 2700.74
0.104506 2745.45
0.110769 2512.62
0.116806 2311.23
0.122832 2231.07
0.129052 2004.4
0.135211 2000.01
0.141259 1945.73
0.147318 1935.67
0.153489 1751.23
0.159709 1734.81
0.165845 1644.7
0.171974 1571.9
0.178125 1534.25
0.184229 1426.92
0.19034 1359.52
0.196428 1407.65
0.202534 1290.87
0.208729 1265.43
0.214876 1235.69
0.220989 1172.11
0.227147 1126.27
0.23329 1095.27
0.239377 1072.99
0.245482 1013.86
0.251667 1020.45
0.257832 956.689
0.263955 920.072
0.270079 898.641
0.27624 887.059
0.282372 860.43
0.28843 848.364
0.294538 801.345
0.300721 813.648
0.30691 773.273
0.313033 751.574
0.319153 729.235
0.325316 710.531
0.33145 685.657
0.337538 689.215
0.343633 677.035
0.349808 663.974
0.355968 644.316
0.362074 630.726
0.368217 619.182
0.374374 590.056
0.380519 587.838
0.386598 574.42
0.392688 559.259
0.39888 547.068
0.405048 548.697
0.411186 535.558
0.417313 533.488
0.423458 507.078
0.429607 486.961
0.435692 489.077
0.441815 484.097
0.447964 470.509
0.454126 462.447
0.460267 455.232
0.466387 451.046
0.47254 439.556
0.478662 428.859
0.484765 423.673
0.490885 417.082
0.497035 410.616
0.503198 411.712
0.509342 403.999
0.515458 394.304
0.521598 385.847
0.527764 372.932
0.533884 370.091
0.54 367.46
0.546137 359.344
0.552299 359.645
0.558452 352.673
0.564573 343.731
0.570708 335.36
0.576825 330.089
0.582926 330.452
0.589034 326.615
0.595184 319.799
0.601379 309.51
0.607522 305.468
0.613639 309.238
0.619772 300.397
0.625918 302.33
0.632068 294.804
0.638161 287.861
0.6443 287.309
0.650464 283.09
0.656582 277.499
0.662703 271.279
0.668861 267.105
0.675024 263.991
0.681124 259.649
0.687237 254.196
0.693381 251.413
0.699536 250.586
0.705665 246.958
0.711789 244.34
0.717957 239.958
0.72409 235.042
0.730186 235.01
0.736317 230.28
0.742472 228.464
0.748622 226.343
0.75476 222.601
0.760888 218.316
0.767043 216.34
0.773185 209.994
0.779291 209.722
0.785407 211.376
0.791564 203.874
0.797719 202.854
0.803834 200.888
0.809972 201.15
0.816124 195.342
0.822261 192.847
0.828378 190.848
0.834502 185.227
0.840667 184.999
0.846816 181.156
0.852925 183.98
0.859047 174.884
0.865192 176.161
0.871341 171.665
0.877463 169.738
0.883569 167.475
0.889708 164.008
0.895864 167.565
0.902008 160.057
0.908149 159.631
0.914301 155.801
0.920448 157.155
0.926574 152.38
0.932687 152.612
0.938823 152.256
0.944975 147.925
0.951105 146.49
0.957225 143.133
0.963368 141.726
0.969511 140.417
0.975621 139.027
0.981748 139.734
0.987916 135.847
0.99406 132.13
1.00019 129.332
1.00632 130.379
1.01246 125.695
1.01859 126.337
1.02471 123.546
1.03085 124.212
1.03698 122.39
1.04314 122.724
1.04929 117.429
1.05541 116.052
1.06154 115.766
1.06769 117.216
1.07382 110.501
1.07993 110.052
1.08607 108.217
1.09222 110.106
1.09836 106.483
1.10449 103.958
1.11063 104.249
1.11677 104.375
1.1229 103.253
1.12903 99.1581
1.13518 99.7879
1.14131 97.418
1.14745 95.8224
1.15359 94.8291
1.15973 94.6358
1.16584 90.3349
1.17197 91.4465
1.17811 90.0303
1.18424 88.0713
1.19038 84.8677
1.19652 82.3323
1.20267 84.8402
1.20881 82.2926
1.21495 80.8369
1.22108 80.4082
1.2272 78.0468
1.23334 77.9851
1.23949 77.0797
1.24562 75.3606
1.25174 74.5544
1.25789 74.2292
1.26402 71.2943
1.27014 71.111
1.27628 69.7822
1.28244 68.1923
1.28858 66.9927
1.29471 65.5876
1.30084 63.3898
1.30697 65.387
1.31312 63.1387
1.31925 62.007
1.32537 62.8565
1.33151 58.5942
1.33765 58.3235
1.34378 58.2528
1.34992 56.2097
1.35606 56.6845
1.3622 55.789
1.36833 52.3618
1.37445 53.5403
1.38059 53.0963
1.38675 51.5308
1.39288 51.3289
1.39901 50.2229
1.40515 48.6994
1.4113 46.8797
1.41742 47.8407
1.42355 45.2104
1.4297 44.6423
1.43585 44.4412
1.44198 44.1082
1.44809 43.0091
1.45423 40.4966
1.46036 39.6927
1.46649 39.7335
1.47263 39.4441
1.47877 39.0638
1.48491 36.8559
1.49104 36.1275
1.49718 36.3352
1.50333 35.409
1.50947 33.8967
1.5156 32.5114
1.52172 32.4643
1.52787 33.0342
1.534 30.2988
1.54013 29.6966
1.54627 29.2089
1.55241 28.4318
1.55855 27.9044
1.56467 27.4105
1.5708 27.3499
