0.00783031 19438.3
0.013688 24624.9
0.019231 25085.4
0.0249154 23070
0.0312784 19861.7
0.0375637 16975.9
0.0433917 14685.1
0.0492413 13130.9
0.0555754 12021.3
0.0619321 11450.4
0.067871 10667
0.0738098 9800.46
0.0800417 8827
0.0862327 8059.94
0.0921407 7080.29
0.0982031 6497.94
0.104506 6025.75
0.110769 5684.12
0.116806 5457.11
0.122832 5104.61
0.129052 4896.88
0.135211 4648.58
0.141259 4384.19
0.147318 4237.02
0.153489 4000
0.159709 3787.97
0.165845 3604.43
0.171974 3509.3
0.178125 3215.35
0.184229 3165.07
0.19034 3128.7
0.196428 2991.24
0.202534 2923.05
0.208729 2821.54
0.214876 2727.86
0.220989 2623.03
0.227147 2567.32
0.23329 2441.54
0.239377 2449.28
0.245482 2363.11
0.251667 2295.05
0.257832 2261.22
0.263955 2190.81
0.270079 2099.54
0.27624 2064.15
0.282372 2034.76
0.28843 2000.88
0.294538 1988.85
0.300721 1916.87
0.30691 1877.65
0.313033 1853.7
0.319153 1824.3
0.325316 1775.39
0.33145 1727.04
0.337538 1722.32
0.343633 1669.07
0.349808 1677.35
0.355968 1611.56
0.362074 1600.49
0.368217 1596.63
0.374374 1596.85
0.380519 1538.13
0.386598 1514.94
0.392688 1512.71
0.39888 1501.14
0.405048 1474.83
0.411186 1450.74
0.417313 1438.25
0.423458 1404.28
0.429607 1389.34
0.435692 1379.57
0.441815 1358.85
0.447964 1342.72
0.454126 1336.95
0.460267 1315.9
0.466387 1300.74
0.47254 1285.5
0.478662 1265.55
0.484765 1261.78
0.490885 1241.99
0.497035 1233.72
0.503198 1223.16
0.509342 1200.14
0.515458 1186.74
0.521598 1178.54
0.527764 1179.13
0.533884 1165.27
0.54 1148.59
0.546137 1137.83
0.552299 1122.57
0.558452 1126.2
0.564573 1102.32
0.570708 1107.33
0.576825 1077.23
0.582926 1079.31
0.589034 1065.15
0.595184 1063.51
0.601379 1044.92
0.607522 1040.97
0.613639 1032.69
0.619772 1021.61
0.625918 1016.23
0.632068 1008.4
0.638161 997.974
0.6443 993.525
0.650464 978.934
0.656582 974.079
0.662703 965.752
0.668861 960.713
0.675024 949.888
0.681124 943.542
0.687237 936.886
0.693381 924.862
0.699536 919.794
0.705665 916.008
0.711789 910.02
0.717957 899.714
0.72409 896.486
0.730186 886.521
0.736317 880.792
0.742472 874.31
0.748622 869.084
0.75476 863.63
0.760888 856.704
0.767043 850.876
0.773185 841.291
0.779291 840.486
0.785407 835.572
0.791564 827.468
0.797719 816.526
0.803834 815.23
0.809972 812.809
0.816124 803.052
0.822261 803.38
0.828378 793.482
0.834502 785.624
0.840667 782.998
0.846816 778.324
0.852925 768.854
0.859047 765.587
0.865192 763.86
0.871341 756.38
0.877463 749.676
0.883569 745.353
0.889708 734.965
0.895864 730.294
0.902008 727.922
0.908149 722.955
0.914301 721.397
0.920448 714.81
0.926574 710.129
0.932687 702.831
0.938823 700.399
0.944975 697.863
0.951105 687.849
0.957225 685.244
0.963368 681.889
0.969511 678.283
0.975621 673.165
0.981748 667.253
0.987916 662.375
0.99406 661.707
1.00019 653.513
1.00632 649.576
1.01246 645.547
1.01859 644.201
1.02471 634.653
1.03085 636.229
1.03698 626.813
1.04314 629.128
1.04929 620.811
1.05541 615.809
1.06154 613.111
1.06769 606.803
1.07382 606.777
1.07993 600.391
1.08607 596.54
1.09222 591.849
1.09836 590.837
1.10449 582.793
1.11063 579.181
1.11677 577.128
1.1229 574.337
1.12903 571.128
1.13518 567.133
1.14131 562.522
1.14745 558.442
1.15359 555.576
1.15973 551.36
1.16584 547.538
1.17197 543.516
1.17811 541.075
1.18424 539.207
1.19038 533.58
1.19652 530.06
1.20267 527.256
1.20881 524.38
1.21495 519.265
1.22108 517.417
1.2272 512.786
1.23334 509.627
1.23949 506.406
1.24562 503.448
1.25174 501.138
1.25789 496.771
1.26402 493.267
1.27014 491.691
1.27628 487.96
1.28244 483.982
1.28858 481.332
1.29471 477.546
1.30084 473.437
1.30697 471.426
1.31312 467.791
1.31925 466.583
1.32537 462.383
1.33151 460.635
1.33765 456.123
1.34378 455.477
1.34992 450.87
1.35606 448.608
1.3622 445.755
1.36833 442.052
1.37445 439.915
1.38059 435.659
1.38675 434.719
1.39288 430.506
1.39901 427.378
1.40515 425.927
1.4113 421.865
1.41742 420.671
1.42355 416.553
1.4297 414.432
1.43585 412.216
1.44198 409.535
1.44809 406.974
1.45423 404.188
1.46036 400.901
1.46649 400.174
1.47263 395.175
1.47877 393.704
1.48491 391.155
1.49104 388.549
1.49718 386.249
1.50333 383.855
1.50947 382.11
1.5156 379.604
1.52172 377.159
1.52787 373.949
1.534 371.012
1.54013 369.067
1.54627 367.859
1.55241 365.741
1.55855 362.261
1.56467 359.026
1.5708 357.987
