0.00783031 -24.7147
0.013688 6.4923
0.019231 11.9142
0.0249154 4.14684
0.0312784 6.17044
0.0375637 4.23982
0.0433917 3.18173
0.0492413 5.08503
0.0555754 7.42519
0.0619321 5.44361
0.067871 7.98055
0.0738098 10.3118
0.0800417 9.70678
0.0862327 9.64086
0.0921407 10.4624
0.0982031 11.0523
0.104506 12.0007
0.110769 14.2593
0.116806 15.6296
0.122832 16.6603
0.129052 15.2875
0.135211 20.305
0.141259 21.1978
0.147318 20.911
0.153489 21.2224
0.159709 24.3334
0.165845 23.4773
0.171974 24.9863
0.178125 25.8383
0.184229 26.7241
0.19034 28.7244
0.196428 29.7012
0.202534 30.8285
0.208729 31.2593
0.214876 33.1992
0.220989 34.1179
0.227147 33.6541
0.23329 34.9175
0.239377 36.6153
0.245482 37.4696
0.251667 36.8337
0.257832 38.3984
0.263955 39.6395
0.270079 40.1332
0.27624 40.2886
0.282372 40.8116
0.28843 41.9687
0.294538 43.1546
0.300721 43.7056
0.30691 43.6779
0.313033 44.9591
0.319153 46.3236
0.325316 46.014
0.33145 45.539
0.337538 45.4071
0.343633 46.8765
0.349808 48.2206
0.355968 47.7352
0.362074 48.6446
0.368217 49.3656
0.374374 49.1474
0.380519 50.5733
0.386598 50.78
0.392688 50.3925
0.39888 51.2772
0.405048 51.2221
0.411186 51.2828
0.417313 52.5933
0.423458 51.8932
0.429607 51.2858
0.435692 52.7048
0.441815 52.8379
0.447964 53.4805
0.454126 54.0713
0.460267 53.7741
0.466387 53.1899
0.47254 54.8362
0.478662 55.063
0.484765 54.8783
0.490885 54.4934
0.497035 54.5101
0.503198 55.0058
0.509342 55.3361
0.515458 54.6195
0.521598 55.9475
0.527764 55.0624
0.533884 55.0434
0.54 55.7764
0.546137 55.3523
0.552299 55.9927
0.558452 55.746
0.564573 55.9987
0.570708 55.7858
0.576825 56.1389
0.582926 55.7742
0.589034 55.8727
0.595184 56.9279
0.601379 56.6992
0.607522 56.2571
0.613639 56.0808
0.619772 56.5762
0.625918 56.3198
0.632068 56.288
0.638161 56.4935
0.6443 56.4468
0.650464 55.9874
0.656582 55.8122
0.662703 55.3747
0.668861 55.6545
0.675024 55.5175
0.681124 54.7824
0.687237 55.3047
0.693381 54.5707
0.699536 54.6723
0.705665 54.898
0.711789 54.4654
0.717957 54.2756
0.72409 54.3897
0.730186 53.3901
0.736317 53.6871
0.742472 53.4983
0.748622 53.288
0.75476 53.428
0.760888 52.1557
0.767043 52.7319
0.773185 52.9681
0.779291 52.0989
0.785407 52.0633
0.791564 51.6824
0.797719 51.4493
0.803834 51.445
0.809972 51.5493
0.816124 51.2104
0.822261 50.7537
0.828378 50.0662
0.834502 50.5186
0.840667 50.0496
0.846816 49.8639
0.852925 49.6693
0.859047 49.4347
0.865192 49.5659
0.871341 48.3401
0.877463 48.7501
0.883569 48.2424
0.889708 48.0411
0.895864 47.3152
0.902008 48.0813
0.908149 47.1208
0.914301 46.7794
0.920448 46.425
0.926574 46.9424
0.932687 46.4271
0.938823 46.4543
0.944975 46.6932
0.951105 45.9018
0.957225 44.931
0.963368 45.433
0.969511 44.5962
0.975621 44.9976
0.981748 44.5346
0.987916 43.6591
0.99406 44.2347
1.00019 42.6239
1.00632 43.2857
1.01246 42.6257
1.01859 42.6689
1.02471 42.7045
1.03085 42.0722
1.03698 42.506
1.04314 41.8942
1.04929 41.651
1.05541 41.5673
1.06154 40.9182
1.06769 40.8359
1.07382 40.5255
1.07993 40.5406
1.08607 39.9752
1.09222 40.0672
1.09836 39.3653
1.10449 39.9787
1.11063 39.4637
1.11677 39.3591
1.1229 38.6339
1.12903 38.4293
1.13518 38.3612
1.14131 38.4437
1.14745 38.0211
1.15359 37.6949
1.15973 37.9406
1.16584 37.3757
1.17197 37.2092
1.17811 37.0165
1.18424 36.5483
1.19038 36.3294
1.19652 36.2649
1.20267 36.872
1.20881 35.9889
1.21495 36.0905
1.22108 35.8688
1.2272 35.572
1.23334 35.4419
1.23949 35.5408
1.24562 34.8669
1.25174 34.9081
1.25789 34.4947
1.26402 34.9161
1.27014 34.2394
1.27628 34.2872
1.28244 34.2561
1.28858 34.0759
1.29471 34.0248
1.30084 33.8787
1.30697 33.6637
1.31312 33.7987
1.31925 33.1519
1.32537 32.8254
1.33151 32.8266
1.33765 32.8359
1.34378 32.9427
1.34992 32.8625
1.35606 32.2408
1.3622 32.2589
1.36833 32.1124
1.37445 32.1719
1.38059 32.1499
1.38675 31.6516
1.39288 31.705
1.39901 31.9829
1.40515 31.6852
1.4113 31.2442
1.41742 31.5653
1.42355 31.345
1.4297 31.3147
1.43585 31.1177
1.44198 30.9221
1.44809 30.9325
1.45423 30.7286
1.46036 30.6266
1.46649 30.525
1.47263 30.6204
1.47877 30.3969
1.48491 30.2388
1.49104 30.0271
1.49718 29.9678
1.50333 30.015
1.50947 29.7684
1.5156 29.9555
1.52172 29.6085
1.52787 29.8416
1.534 29.1571
1.54013 29.6423
1.54627 29.3305
1.55241 29.2705
1.55855 29.3295
1.56467 28.8474
1.5708 29.2538
