0.00783031 -1766.95
0.013688 -1891.76
0.019231 -1062.48
0.0249154 -499.323
0.0312784 -849.75
0.0375637 -291.48
0.0433917 65.4277
0.0492413 839.419
0.0555754 647.853
0.0619321 566.394
0.067871 721.778
0.0738098 947.192
0.0800417 1066.03
0.0862327 1431.25
0.0921407 1486.58
0.0982031 1662.69
0.104506 1857.08
0.110769 1529.35
0.116806 1722.95
0.122832 1788.35
0.129052 1736.4
0.135211 1722.71
0.141259 1809.74
0.147318 1778.87
0.153489 2006.35
0.159709 1908.91
0.165845 1842.6
0.171974 1968.92
0.178125 1986.94
0.184229 2006.39
0.19034 1990.38
0.196428 2065.42
0.202534 2029.7
0.208729 2006.58
0.214876 2106.79
0.220989 2103.96
0.227147 2083.08
0.23329 2044.59
0.239377 2071.55
0.245482 2082.79
0.251667 1989.38
0.257832 1999
0.263955 2042.64
0.270079 2054.25
0.27624 2010.91
0.282372 2024.12
0.28843 2041.55
0.294538 2026.88
0.300721 2037.48
0.30691 2076.09
0.313033 2014.42
0.319153 2009.56
0.325316 2039.06
0.33145 2026.59
0.337538 2017.79
0.343633 2026.63
0.349808 2007.38
0.355968 2000.46
0.362074 1999.19
0.368217 1999.14
0.374374 1962.51
0.380519 1998.73
0.386598 2006.74
0.392688 1982.36
0.39888 1980.75
0.405048 1950.88
0.411186 1974.7
0.417313 1970.47
0.423458 1955.1
0.429607 1941.24
0.435692 1972.84
0.441815 1941.37
0.447964 1942.67
0.454126 1910.2
0.460267 1907.61
0.466387 1909.62
0.47254 1913.01
0.478662 1919.13
0.484765 1933.2
0.490885 1896.42
0.497035 1881.22
0.503198 1885.85
0.509342 1886.08
0.515458 1890
0.521598 1866.14
0.527764 1864.9
0.533884 1869.66
0.54 1856.36
0.546137 1850.16
0.552299 1853.78
0.558452 1839.16
0.564573 1822.71
0.570708 1832.21
0.576825 1817.6
0.582926 1818.5
0.589034 1821.34
0.595184 1821.76
0.601379 1787.22
0.607522 1804.52
0.613639 1803.89
0.619772 1789.42
0.625918 1784.35
0.632068 1768.82
0.638161 1769.28
0.6443 1756.75
0.650464 1753.08
0.656582 1759.31
0.662703 1765.91
0.668861 1748.27
0.675024 1732.22
0.681124 1728.51
0.687237 1739.32
0.693381 1705.61
0.699536 1722.04
0.705665 1703.95
0.711789 1701.78
0.717957 1696.87
0.72409 1692.92
0.730186 1679.36
0.736317 1672.21
0.742472 1675.03
0.748622 1678.1
0.75476 1655.85
0.760888 1652.48
0.767043 1655.03
0.773185 1647.34
0.779291 1639.66
0.785407 1647.31
0.791564 1629.69
0.797719 1618.04
0.803834 1614.08
0.809972 1607.61
0.816124 1608.09
0.822261 1604.32
0.828378 1592.57
0.834502 1586.35
0.840667 1583.79
0.846816 1575.7
0.852925 1572.32
0.859047 1557.19
0.865192 1552.81
0.871341 1552.29
0.877463 1544.32
0.883569 1542.34
0.889708 1527.97
0.895864 1529.99
0.902008 1524.38
0.908149 1505.86
0.914301 1507.86
0.920448 1503.46
0.926574 1483.5
0.932687 1490.38
0.938823 1482.19
0.944975 1481.96
0.951105 1469.93
0.957225 1463.65
0.963368 1454.97
0.969511 1452.99
0.975621 1436.62
0.981748 1441.28
0.987916 1432.21
0.99406 1427.76
1.00019 1420.6
1.00632 1416.23
1.01246 1412.04
1.01859 1405.19
1.02471 1392.78
1.03085 1389.22
1.03698 1385.31
1.04314 1372.88
1.04929 1369.85
1.05541 1363.03
1.06154 1362.07
1.06769 1357.97
1.07382 1350.69
1.07993 1346.52
1.08607 1334.38
1.09222 1331.73
1.09836 1325.72
1.10449 1320.51
1.11063 1315.19
1.11677 1301.84
1.1229 1308.83
1.12903 1305.61
1.13518 1291.19
1.14131 1284.34
1.14745 1280.5
1.15359 1271.31
1.15973 1269.53
1.16584 1268.64
1.17197 1261.91
1.17811 1252.81
1.18424 1246.89
1.19038 1249.03
1.19652 1234.42
1.20267 1232.2
1.20881 1222.7
1.21495 1216.86
1.22108 1214.61
1.2272 1207.31
1.23334 1200.53
1.23949 1193.4
1.24562 1196.74
1.25174 1181.76
1.25789 1178.73
1.26402 1173.67
1.27014 1172.23
1.27628 1167.71
1.28244 1157.49
1.28858 1148.03
1.29471 1143.66
1.30084 1141.72
1.30697 1140.73
1.31312 1135.2
1.31925 1128.01
1.32537 1121.99
1.33151 1118.56
1.33765 1114.4
1.34378 1102.62
1.34992 1099.32
1.35606 1093.58
1.3622 1091.45
1.36833 1087.98
1.37445 1082.11
1.38059 1072.38
1.38675 1071.01
1.39288 1068.41
1.39901 1061.59
1.40515 1058.14
1.4113 1050.8
1.41742 1047.65
1.42355 1042.3
1.4297 1037.95
1.43585 1035.46
1.44198 1032.11
1.44809 1025.23
1.45423 1019.3
1.46036 1011.26
1.46649 1005.91
1.47263 1002.32
1.47877 997.964
1.48491 996.736
1.49104 988.278
1.49718 988.123
1.50333 982.309
1.50947 976.906
1.5156 971.816
1.52172 965.919
1.52787 958.155
1.534 958.869
1.54013 956.211
1.54627 946.515
1.55241 945.815
1.55855 938.033
1.56467 938.512
1.5708 933.589
