0.00783031 4166.43
0.013688 4207.11
0.019231 4886.77
0.0249154 3440.14
0.0312784 2956.31
0.0375637 3315.77
0.0433917 2702.7
0.0492413 2771.17
0.0555754 2288.51
0.0619321 2264.65
0.067871 2215.85
0.0738098 2069.81
0.0800417 2050.43
0.0862327 1875.84
0.0921407 1853.03
0.0982031 1721.11
0.104506 1633.28
0.110769 1515.57
0.116806 1539.74
0.122832 1440.33
0.129052 1377.48
0.135211 1323.82
0.141259 1256.78
0.147318 1226.66
0.153489 1164.69
0.159709 1141.94
0.165845 1123.49
0.171974 1047.98
0.178125 1021.5
0.184229 1012.06
0.19034 989.686
0.196428 949.044
0.202534 910.702
0.208729 892.428
0.214876 871.992
0.220989 843.157
0.227147 812.832
0.23329 806.78
0.239377 786.355
0.245482 769.436
0.251667 748.125
0.257832 726.864
0.263955 715.173
0.270079 696.978
0.27624 681.638
0.282372 677.487
0.28843 657.977
0.294538 637.96
0.300721 614.357
0.30691 602.623
0.313033 598.418
0.319153 577.656
0.325316 566.752
0.33145 560.826
0.337538 551.669
0.343633 542.704
0.349808 534.909
0.355968 520.336
0.362074 512.426
0.368217 505.352
0.374374 494.856
0.380519 485.225
0.386598 482.698
0.392688 472.039
0.39888 461.493
0.405048 452.622
0.411186 452.051
0.417313 442.984
0.423458 435.387
0.429607 432.598
0.435692 424.999
0.441815 418.256
0.447964 410.588
0.454126 405.764
0.460267 402.885
0.466387 395.563
0.47254 390.105
0.478662 386.282
0.484765 384.11
0.490885 378.553
0.497035 370.975
0.503198 363.408
0.509342 359.339
0.515458 356.325
0.521598 354.954
0.527764 346.603
0.533884 343.61
0.54 340.018
0.546137 336.732
0.552299 332.677
0.558452 327.264
0.564573 325.499
0.570708 321.991
0.576825 318.498
0.582926 315.381
0.589034 312.439
0.595184 308.052
0.601379 304.006
0.607522 300.222
0.613639 297.153
0.619772 295.494
0.625918 292.917
0.632068 288.409
0.638161 288.886
0.6443 284.654
0.650464 282.244
0.656582 279.738
0.662703 275.158
0.668861 274.637
0.675024 271.736
0.681124 269.858
0.687237 267.614
0.693381 265.919
0.699536 261.426
0.705665 261.312
0.711789 258.371
0.717957 255.189
0.72409 255.62
0.730186 251.075
0.736317 247.923
0.742472 248.911
0.748622 245.66
0.75476 244.405
0.760888 241.718
0.767043 240.412
0.773185 238.176
0.779291 235.727
0.785407 234.634
0.791564 232.74
0.797719 231.76
0.803834 229.752
0.809972 228.048
0.816124 225.136
0.822261 224.827
0.828378 223.753
0.834502 221.454
0.840667 220.785
0.846816 218.702
0.852925 215.889
0.859047 215.148
0.865192 215.738
0.871341 213.463
0.877463 211.532
0.883569 210.461
0.889708 209.437
0.895864 207.262
0.902008 206.391
0.908149 204.767
0.914301 203.18
0.920448 203.285
0.926574 201.757
0.932687 200.321
0.938823 199.348
0.944975 196.626
0.951105 196.822
0.957225 195.787
0.963368 194.439
0.969511 192.946
0.975621 192.561
0.981748 190.68
0.987916 190.677
0.99406 190.465
1.00019 187.782
1.00632 186.573
1.01246 186.515
1.01859 186.067
1.02471 184.19
1.03085 183.292
1.03698 182.175
1.04314 181.295
1.04929 180.388
1.05541 180.009
1.06154 179.412
1.06769 178.422
1.07382 176.621
1.07993 175.854
1.08607 175.392
1.09222 174.63
1.09836 173.972
1.10449 172.512
1.11063 172.462
1.11677 172.072
1.1229 170.223
1.12903 169.904
1.13518 169.943
1.14131 168.242
1.14745 168.062
1.15359 166.503
1.15973 166.156
1.16584 165.339
1.17197 164.959
1.17811 163.932
1.18424 164.555
1.19038 162.836
1.19652 162.712
1.20267 161.874
1.20881 161.106
1.21495 160.502
1.22108 159.538
1.2272 159.112
1.23334 158.681
1.23949 157.721
1.24562 157.677
1.25174 157.069
1.25789 156.616
1.26402 155.568
1.27014 154.198
1.27628 154.795
1.28244 153.514
1.28858 154.266
1.29471 152.7
1.30084 152.27
1.30697 151.647
1.31312 151.526
1.31925 150.878
1.32537 150.047
1.33151 149.37
1.33765 149.03
1.34378 148.831
1.34992 148.316
1.35606 147.737
1.3622 147.284
1.36833 147.012
1.37445 146.832
1.38059 145.424
1.38675 145.075
1.39288 144.561
1.39901 144.609
1.40515 143.866
1.4113 143.507
1.41742 142.777
1.42355 143.446
1.4297 142.147
1.43585 141.808
1.44198 141.761
1.44809 140.719
1.45423 140.027
1.46036 139.985
1.46649 139.267
1.47263 139.52
1.47877 139.023
1.48491 138.7
1.49104 138.084
1.49718 137.701
1.50333 137.583
1.50947 137.152
1.5156 136.159
1.52172 135.925
1.52787 135.64
1.534 135.285
1.54013 135.229
1.54627 134.654
1.55241 134.221
1.55855 133.918
1.56467 133.701
1.5708 133.216
