#  k  (h/Mpc)          P(k)  (Mpc/h)^3     P_linear(k)   P_NL(k) (Mpc/h)^3
     0.00783031           20386         20513.5           20402 
       0.013688         25022.7         25365.8         25170.4 
       0.019231         25304.8         25635.4         25378.2 
      0.0249154         23443.8         23617.7         23341.1 
      0.0312784         19936.7         20361.8         20072.2 
      0.0375637         16789.2         17287.6         17029.1 
      0.0433917         14552.3         15046.4         14768.3 
      0.0492413         13154.2         13439.5         13172.6 
      0.0555754         11720.6         12280.2         12034.8 
      0.0619321         10950.5         11423.3         11182.2 
       0.067871         10518.2         10674.3         10455.7 
      0.0738098         9499.64         9842.08         9530.37 
      0.0800417         8694.52         8856.08         8604.23 
      0.0862327         7594.11         7841.33          7739.8 
      0.0921407         6724.86         6940.55         6884.81 
      0.0982031         6204.86         6164.83         6243.98 
       0.104506         5641.18         5561.75         5737.32 
       0.110769         5224.93         5155.89         5263.08 
       0.116806         5038.53         4889.47         4964.46 
       0.122832         4854.67         4677.07         4752.13 
       0.129052         4506.67         4453.97         4522.27 
       0.135211         4268.53         4193.92         4269.83 
       0.141259         4118.93         3896.12         4050.54 
       0.147318         3764.41         3576.26         3807.16 
       0.153489         3531.31          3260.5         3472.32 
       0.159709         3316.46         2982.04         3265.67 
       0.165845         3107.77         2764.14         3130.37 
       0.171974          3042.5         2604.93         2961.41 
       0.178125         2844.41          2488.7         2879.78 
       0.184229         2744.19          2396.6         2743.09 
        0.19034         2686.29         2308.28         2640.78 
       0.196428         2589.64         2211.01            2533 
       0.202534          2431.8         2098.34         2448.32 
       0.208729         2371.07         1971.83          2315.9 
       0.214876         2270.37         1845.05         2253.38 
       0.220989            2184         1727.42         2179.44 
       0.227147         2090.49          1625.3         2105.71 
        0.23329         2066.68          1542.2         2040.86 
       0.239377         1963.26         1476.79         1962.14 
       0.245482         1907.65         1423.17         1881.11 
       0.251667         1864.66         1374.77          1839.5 
       0.257832         1807.67         1326.38         1781.24 
       0.263955         1755.95         1274.55         1732.73 
       0.270079         1687.83         1218.63         1683.96 
        0.27624         1650.86         1160.63         1632.19 
       0.282372         1652.52         1104.16         1604.22 
        0.28843          1576.5         1052.29         1569.55 
       0.294538         1524.52         1005.98         1521.93 
       0.300721         1516.89         965.772         1476.82 
        0.30691         1482.15         931.185         1457.29 
       0.313033         1439.76         900.669         1412.21 
       0.319153         1401.53         871.904         1373.99 
       0.325316         1373.55         843.127         1354.28 
        0.33145         1359.41         813.802         1308.65 
       0.337538         1315.53         783.968         1289.04 
       0.343633         1303.35         754.209         1273.23 
       0.349808         1264.81         725.137         1252.72 
       0.355968         1243.78         698.007         1228.96 
       0.362074         1218.08         673.396         1205.73 
       0.368217         1197.83         651.053         1177.75 
       0.374374         1188.01         630.664         1155.05 
       0.380519         1169.87         611.687         1134.08 
       0.386598         1129.72         593.734         1119.14 
       0.392688         1115.88         576.093         1099.03 
        0.39888          1097.4         558.266         1080.83 
       0.405048         1081.93         540.636         1062.65 
       0.411186         1064.98         523.443         1045.26 
       0.417313         1047.89         506.946         1032.01 
       0.423458         1027.93         491.257         1012.47 
       0.429607         1009.04         476.511         996.142 
       0.435692         995.304         462.871         974.373 
       0.441815         985.686          450.01         971.353 
       0.447964         982.024         437.712         961.022 
       0.454126          957.76         425.821         934.613 
       0.460267         945.774         414.316         932.964 
       0.466387         931.662         403.106         917.372 
        0.47254         926.939         392.064         904.495 
       0.478662         909.534          381.36         891.387 
       0.484765         907.752         371.082         882.092 
       0.490885         879.149         361.225         865.542 
       0.497035         876.947         351.758         858.122 
       0.503198         863.208         342.709         848.092 
       0.509342         849.698         334.099         833.605 
       0.515458         847.278         325.875         827.949 
       0.521598         833.122         317.898         819.807 
       0.527764         829.269         310.109         812.946 
       0.533884         814.363         302.587         804.268 
           0.54         797.779         295.284         794.874 
       0.546137         797.809         288.166         786.409 
       0.552299         786.639         281.241         775.648 
       0.558452         775.645         274.572         769.557 
       0.564573         771.894         268.183         762.401 
       0.570708         758.047         262.019         752.148 
       0.576825         749.708         256.088         743.076 
       0.582926         750.424         250.362         738.298 
       0.589034         739.869           244.8         728.032 
       0.595184         726.255         239.361         720.603 
       0.601379         728.908         234.048         714.925 
       0.607522         717.279         228.943         704.237 
       0.613639         710.721         224.008         701.679 
       0.619772         699.218         219.199         699.531 
       0.625918         691.564         214.523           690.2 
       0.632068         685.834         209.989         686.291 
       0.638161         680.208          205.63         676.345 
         0.6443         670.165         201.363         670.277 
       0.650464         668.652         197.204         662.339 
       0.656582         661.757         193.195         658.243 
       0.662703         657.865         189.299         653.513 
       0.668861         646.549         185.491         650.291 
       0.675024         637.509         181.786         645.456 
       0.681124          638.51         178.221         636.687 
       0.687237         631.672         174.746         631.235 
       0.693381         627.964         171.349         625.446 
       0.699536          621.74         168.039         621.256 
       0.705665         613.226         164.831         613.993 
       0.711789         610.333         161.707         609.356 
       0.717957         600.935         158.644         608.165 
        0.72409         597.111         155.679         602.232 
       0.730186         593.209          152.81         595.922 
       0.736317          585.53         150.001         592.075 
       0.742472         582.352         147.254         588.343 
       0.748622         579.792         144.576          582.11 
        0.75476         571.937         141.968         582.029 
       0.760888         566.021         139.429           575.8 
       0.767043         565.878         136.944         568.615 
       0.773185         553.671         134.528         565.263 
       0.779291           553.7         132.185         560.659 
       0.785407         548.047         129.892         557.459 
       0.791564         543.996         127.639         555.564 
       0.797719         538.584         125.442         550.541 
       0.803834         535.064         123.312         546.859 
       0.809972         527.975         121.224         543.072 
       0.816124         527.661         119.178         537.397 
       0.822261         520.785         117.186         534.604 
       0.828378         516.468         115.246         530.669 
       0.834502         511.566         113.351         528.875 
       0.840667         509.252         111.487         524.891 
       0.846816         504.123         109.669         520.762 
       0.852925         500.795         107.902         517.784 
       0.859047         498.163          106.17         513.104 
       0.865192         494.392          104.47         510.016 
       0.871341         489.719         102.807         506.384 
       0.877463         485.587         101.188         503.432 
       0.883569         481.824           99.61          501.27 
       0.889708          480.06         98.0585         496.524 
       0.895864         473.446         96.5361         493.723 
       0.902008         468.678         95.0488         490.433 
       0.908149         465.978         93.5935         485.377 
       0.914301         460.558         92.1665         481.772 
       0.920448         458.251         90.7712         480.905 
       0.926574         456.923         89.4101         477.962 
       0.932687         451.917         88.0802         473.294 
       0.938823         447.933         86.7728         471.922 
       0.944975         443.788         85.4889         469.073 
       0.951105          440.42         84.2354         465.903 
       0.957225         437.092          83.009         462.655 
       0.963368         435.407         81.8028         459.815 
       0.969511         430.454         80.6209         456.807 
       0.975621         428.764         79.4694         454.319 
       0.981748         425.307          78.338          451.84 
       0.987916          421.91         77.2216         449.355 
        0.99406         418.187         76.1311         446.431 
        1.00019         416.538         75.0638         442.652 
        1.00632          411.58          74.018         440.061 
        1.01246         410.176         72.9909          437.43 
        1.01859         405.829         71.9852          434.69 
        1.02471         401.588         71.0001         432.302 
        1.03085         399.116         70.0302         430.831 
        1.03698         396.934         69.0805           429.1 
        1.04314          393.36         68.1442         425.571 
        1.04929         391.111          67.227         422.131 
        1.05541         387.679         66.3297         419.711 
        1.06154         384.844         65.4464         417.619 
        1.06769          381.76         64.5783         414.608 
        1.07382         379.291         63.7301         411.904 
        1.07993         375.084         62.9005         410.011 
        1.08607         371.078         62.0832         407.479 
        1.09222         370.846         61.2799         405.191 
        1.09836         366.234         60.4912         403.296 
        1.10449         364.252         59.7167         401.712 
        1.11063         361.027         58.9542         398.537 
        1.11677         359.684         58.2047         396.423 
         1.1229         356.605         57.4691         393.804 
        1.12903         353.813         56.7453          392.03 
        1.13518         351.336         56.0336         388.783 
        1.14131         349.856          55.335         387.644 
        1.14745         345.283         54.6494         384.581 
        1.15359         343.034         53.9759         383.382 
        1.15973         340.863          53.314         381.089 
        1.16584         337.945         52.6667         379.054 
        1.17197         335.717         52.0295         377.377 
        1.17811         333.285         51.4006         374.629 
        1.18424         331.851         50.7833         372.402 
        1.19038         327.968         50.1735          371.22 
        1.19652         327.019         49.5734         368.291 
        1.20267         323.315         48.9833         366.436 
        1.20881         321.166         48.4039         364.926 
        1.21495         319.433         47.8363         362.286 
        1.22108         316.428         47.2789         359.992 
         1.2272         314.501         46.7319         359.043 
        1.23334         311.968         46.1919         356.657 
        1.23949         309.106         45.6581         354.756 
        1.24562         307.527         45.1334         352.657 
        1.25174         304.452         44.6172         351.084 
        1.25789         303.205         44.1075         348.822 
        1.26402         299.856         43.6069         347.609 
        1.27014         298.207         43.1155         345.363 
        1.27628         296.103         42.6304         344.248 
        1.28244         292.664         42.1518         342.606 
        1.28858         291.941         41.6809         340.478 
        1.29471         290.215         41.2183         337.991 
        1.30084         287.475         40.7632         335.917 
        1.30697         284.706         40.3146         334.856 
        1.31312         283.545         39.8726         333.135 
        1.31925          282.54          39.439         331.159 
        1.32537         279.472         39.0126          329.19 
        1.33151         277.157         38.5911         327.926 
        1.33765         275.278         38.1759         326.362 
        1.34378         272.885         37.7675         324.073 
        1.34992         271.162         37.3645         322.575 
        1.35606         269.356         36.9663         320.656 
         1.3622         266.665         36.5745         319.517 
        1.36833          265.58         36.1891         318.305 
        1.37445         263.673         35.8094         315.793 
        1.38059         261.764          35.434         314.721 
        1.38675         259.746         35.0633         313.396 
        1.39288         257.695         34.6997         311.251 
        1.39901         257.362         34.3416         309.548 
        1.40515         253.255          33.988         308.017 
         1.4113         252.234         33.6394         306.267 
        1.41742         250.206         33.2967          304.59 
        1.42355         248.236         32.9578         303.438 
         1.4297         246.504         32.6223         301.328 
        1.43585         245.565         32.2915         300.584 
        1.44198         242.689         31.9668         298.765 
        1.44809         241.509         31.6477         297.196 
        1.45423         239.654         31.3323         295.329 
        1.46036         237.726         31.0223         294.105 
        1.46649         236.484         30.7165         292.844 
        1.47263         234.201         30.4145         291.054 
        1.47877         232.185         30.1163         289.253 
        1.48491         231.347         29.8212         287.663 
        1.49104          228.99         29.5304         286.676 
        1.49718         227.594          29.243         285.836 
        1.50333         225.918         28.9588         283.551 
        1.50947          224.58         28.6791         282.096 
         1.5156         222.076         28.4036         281.309 
        1.52172         221.309          28.132         279.836 
        1.52787         219.767         27.8635         278.436 
          1.534         217.956         27.5991         276.889 
        1.54013          216.44         27.3387         275.619 
        1.54627         214.721         27.0814         274.639 
        1.55241         213.925         26.8275         273.375 
        1.55855          212.21         26.5771         271.725 
        1.56467         210.514         26.3303         270.203 
         1.5708         209.403         26.0858         268.894 
