0.00783031 2066.46
0.013688 4390.94
0.019231 3805.54
0.0249154 3639.61
0.0312784 2791.58
0.0375637 3057.92
0.0433917 3054.68
0.0492413 2550.93
0.0555754 2502.54
0.0619321 2218.43
0.067871 2292.42
0.0738098 2104.11
0.0800417 1985.83
0.0862327 1829.04
0.0921407 1781.83
0.0982031 1694.45
0.104506 1625.7
0.110769 1612.57
0.116806 1507.83
0.122832 1444.58
0.129052 1322.04
0.135211 1318.89
0.141259 1279.78
0.147318 1202.02
0.153489 1157.61
0.159709 1111.4
0.165845 1077.12
0.171974 1032.18
0.178125 1019.98
0.184229 988.797
0.19034 971.684
0.196428 915.185
0.202534 881.392
0.208729 860.338
0.214876 830.839
0.220989 811.489
0.227147 789.113
0.23329 775.934
0.239377 761.448
0.245482 751.422
0.251667 709.284
0.257832 699.317
0.263955 679.858
0.270079 664.633
0.27624 651.332
0.282372 640.791
0.28843 626.364
0.294538 606.216
0.300721 600.564
0.30691 587.416
0.313033 570.738
0.319153 571.312
0.325316 541.519
0.33145 533.78
0.337538 526.74
0.343633 515.059
0.349808 511.056
0.355968 505.154
0.362074 484.842
0.368217 495.093
0.374374 477.348
0.380519 468.54
0.386598 458.195
0.392688 446.272
0.39888 441.018
0.405048 436.447
0.411186 432.526
0.417313 420.843
0.423458 421.441
0.429607 413.44
0.435692 402.19
0.441815 401.301
0.447964 394.822
0.454126 385.978
0.460267 386.644
0.466387 377.899
0.47254 375.965
0.478662 370.835
0.484765 365.919
0.490885 358.047
0.497035 358.022
0.503198 352.267
0.509342 346.201
0.515458 344.91
0.521598 337.874
0.527764 332.241
0.533884 332.073
0.54 327.393
0.546137 322.722
0.552299 321.007
0.558452 318.259
0.564573 317.571
0.570708 312.633
0.576825 310.573
0.582926 307.188
0.589034 303.417
0.595184 302.065
0.601379 298.012
0.607522 293.916
0.613639 291.489
0.619772 290.17
0.625918 288.052
0.632068 283.952
0.638161 283.095
0.6443 280.203
0.650464 276.418
0.656582 274.541
0.662703 271.723
0.668861 270.574
0.675024 269.23
0.681124 266.188
0.687237 265.59
0.693381 264.379
0.699536 261.717
0.705665 259.021
0.711789 258.095
0.717957 254.995
0.72409 253.462
0.730186 250.557
0.736317 251.115
0.742472 249.076
0.748622 247.205
0.75476 245.601
0.760888 242.851
0.767043 242.693
0.773185 241.691
0.779291 239.767
0.785407 238.651
0.791564 236.805
0.797719 234.263
0.803834 235.901
0.809972 231.618
0.816124 231.519
0.822261 228.835
0.828378 228.237
0.834502 227.647
0.840667 226.891
0.846816 225.476
0.852925 224.575
0.859047 223.272
0.865192 221.677
0.871341 219.871
0.877463 219.489
0.883569 218.308
0.889708 217.612
0.895864 216.426
0.902008 215.679
0.908149 215.461
0.914301 213.296
0.920448 213.055
0.926574 211.506
0.932687 209.723
0.938823 209.617
0.944975 208.012
0.951105 208.189
0.957225 206.511
0.963368 206.147
0.969511 206.314
0.975621 204.005
0.981748 203.774
0.987916 202.796
0.99406 201.606
1.00019 202.238
1.00632 200.765
1.01246 199.606
1.01859 199.255
1.02471 197.843
1.03085 197.281
1.03698 196.821
1.04314 196.162
1.04929 195.579
1.05541 194.894
1.06154 194.67
1.06769 192.822
1.07382 192.69
1.07993 191.233
1.08607 191.317
1.09222 190.155
1.09836 189.965
1.10449 188.877
1.11063 188.918
1.11677 187.902
1.1229 187.783
1.12903 187.042
1.13518 186.507
1.14131 185.714
1.14745 184.948
1.15359 185.176
1.15973 184.547
1.16584 183.023
1.17197 182.875
1.17811 182.368
1.18424 181.719
1.19038 181.174
1.19652 181.505
1.20267 180.354
1.20881 179.762
1.21495 178.682
1.22108 178.587
1.2272 178.149
1.23334 177.54
1.23949 177.048
1.24562 176.228
1.25174 175.522
1.25789 175.735
1.26402 175.254
1.27014 174.473
1.27628 174.104
1.28244 173.517
1.28858 172.988
1.29471 172.505
1.30084 172.211
1.30697 171.699
1.31312 170.661
1.31925 170.905
1.32537 170.204
1.33151 169.317
1.33765 169.251
1.34378 168.9
1.34992 169.289
1.35606 167.77
1.3622 167.89
1.36833 167.476
1.37445 166.396
1.38059 166.045
1.38675 166.341
1.39288 165.367
1.39901 165.523
1.40515 164.351
1.4113 164.355
1.41742 164.624
1.42355 164.159
1.4297 163.572
1.43585 162.702
1.44198 162.458
1.44809 161.975
1.45423 161.356
1.46036 161.201
1.46649 160.525
1.47263 161.049
1.47877 160.233
1.48491 160.215
1.49104 159.414
1.49718 158.916
1.50333 158.46
1.50947 158.205
1.5156 157.77
1.52172 157.979
1.52787 157.669
1.534 156.809
1.54013 156.82
1.54627 156.047
1.55241 155.789
1.55855 155.377
1.56467 154.971
1.5708 154.814
