0.00783031 -90.8316
0.013688 584.941
0.019231 -891.22
0.0249154 693.677
0.0312784 -8.65922
0.0375637 192.713
0.0433917 295.891
0.0492413 211.367
0.0555754 -90.1882
0.0619321 28.7523
0.067871 -107.735
0.0738098 54.4328
0.0800417 -30.5794
0.0862327 -11.6016
0.0921407 -104.52
0.0982031 -159.524
0.104506 -185.781
0.110769 -178.162
0.116806 -141.339
0.122832 -190.963
0.129052 -171.06
0.135211 -217.005
0.141259 -239.516
0.147318 -201.971
0.153489 -142.23
0.159709 -191.091
0.165845 -193.924
0.171974 -216.93
0.178125 -197.611
0.184229 -212.982
0.19034 -149.269
0.196428 -200.246
0.202534 -159.503
0.208729 -196.29
0.214876 -195.94
0.220989 -177.092
0.227147 -184.641
0.23329 -185.802
0.239377 -187.765
0.245482 -183.439
0.251667 -185.372
0.257832 -185.541
0.263955 -178.874
0.270079 -181.105
0.27624 -180.326
0.282372 -200.138
0.28843 -185.886
0.294538 -179.84
0.300721 -183.481
0.30691 -180.789
0.313033 -180.506
0.319153 -171.143
0.325316 -174.913
0.33145 -176.017
0.337538 -163.591
0.343633 -170.172
0.349808 -167.853
0.355968 -166.179
0.362074 -157.935
0.368217 -161.07
0.374374 -165.448
0.380519 -166.711
0.386598 -170.212
0.392688 -160.585
0.39888 -159.86
0.405048 -156.896
0.411186 -161.129
0.417313 -157.114
0.423458 -155.618
0.429607 -152.975
0.435692 -155.492
0.441815 -158.619
0.447964 -151.491
0.454126 -146.269
0.460267 -151.628
0.466387 -150.639
0.47254 -153.329
0.478662 -142.456
0.484765 -146.528
0.490885 -144.665
0.497035 -141.049
0.503198 -134.843
0.509342 -138.021
0.515458 -142.549
0.521598 -137.697
0.527764 -144.378
0.533884 -136.629
0.54 -139.462
0.546137 -136.618
0.552299 -139.235
0.558452 -138.125
0.564573 -138.039
0.570708 -133.704
0.576825 -132.39
0.582926 -131.4
0.589034 -133.564
0.595184 -134.473
0.601379 -134.149
0.607522 -135.416
0.613639 -130.789
0.619772 -130.922
0.625918 -134.085
0.632068 -132.466
0.638161 -132.447
0.6443 -127.98
0.650464 -127.744
0.656582 -126.95
0.662703 -129.046
0.668861 -125.617
0.675024 -124.493
0.681124 -126.653
0.687237 -124.981
0.693381 -128.961
0.699536 -127.516
0.705665 -125.179
0.711789 -123.459
0.717957 -122.932
0.72409 -123.88
0.730186 -122.747
0.736317 -124.853
0.742472 -122.006
0.748622 -121.438
0.75476 -121.392
0.760888 -119.556
0.767043 -123.94
0.773185 -119.851
0.779291 -119.831
0.785407 -120.082
0.791564 -119.801
0.797719 -118.239
0.803834 -120.125
0.809972 -117.076
0.816124 -119.194
0.822261 -116.207
0.828378 -115.559
0.834502 -118.164
0.840667 -114.921
0.846816 -115.004
0.852925 -114.195
0.859047 -117.634
0.865192 -114.585
0.871341 -112.989
0.877463 -115.027
0.883569 -114.228
0.889708 -114.418
0.895864 -114.484
0.902008 -112.862
0.908149 -113.935
0.914301 -111.542
0.920448 -111.748
0.926574 -112.136
0.932687 -111.994
0.938823 -111.369
0.944975 -109.129
0.951105 -110.809
0.957225 -111.468
0.963368 -111.116
0.969511 -110.593
0.975621 -109.638
0.981748 -110.006
0.987916 -109.191
0.99406 -107.176
1.00019 -110.091
1.00632 -108.697
1.01246 -108.156
1.01859 -107.994
1.02471 -106.848
1.03085 -107.972
1.03698 -107.63
1.04314 -106.069
1.04929 -106.565
1.05541 -105.52
1.06154 -104.917
1.06769 -105.124
1.07382 -105.44
1.07993 -104.915
1.08607 -105.364
1.09222 -104.017
1.09836 -102.682
1.10449 -102.504
1.11063 -102.431
1.11677 -102.98
1.1229 -102.433
1.12903 -103.882
1.13518 -101.839
1.14131 -101.835
1.14745 -101.721
1.15359 -102.091
1.15973 -101.532
1.16584 -99.6824
1.17197 -101.002
1.17811 -101.392
1.18424 -101.73
1.19038 -99.2079
1.19652 -100.176
1.20267 -100.856
1.20881 -99.2728
1.21495 -99.0603
1.22108 -99.3176
1.2272 -99.6013
1.23334 -97.7469
1.23949 -98.6636
1.24562 -97.1798
1.25174 -97.0625
1.25789 -97.4025
1.26402 -96.4024
1.27014 -96.3211
1.27628 -95.4398
1.28244 -94.9206
1.28858 -96.1831
1.29471 -94.9989
1.30084 -95.0299
1.30697 -94.0135
1.31312 -94.5872
1.31925 -95.357
1.32537 -94.0081
1.33151 -93.4895
1.33765 -92.7263
1.34378 -92.6383
1.34992 -93.1399
1.35606 -93.3409
1.3622 -92.2469
1.36833 -91.3962
1.37445 -91.3654
1.38059 -91.6864
1.38675 -91.5818
1.39288 -90.8222
1.39901 -91.2159
1.40515 -90.4528
1.4113 -90.0631
1.41742 -90.8606
1.42355 -90.0002
1.4297 -89.4749
1.43585 -89.6102
1.44198 -89.1049
1.44809 -88.8621
1.45423 -88.4314
1.46036 -88.1347
1.46649 -88.2838
1.47263 -87.9963
1.47877 -86.7549
1.48491 -87.1992
1.49104 -86.8393
1.49718 -86.7684
1.50333 -86.9582
1.50947 -86.0667
1.5156 -85.9047
1.52172 -85.8822
1.52787 -85.2984
1.534 -84.8417
1.54013 -85.5582
1.54627 -84.6093
1.55241 -85.09
1.55855 -84.2059
1.56467 -84.1699
1.5708 -84.8312
