0.00783031 5109.28
0.013688 10548.1
0.019231 9542.8
0.0249154 9260.04
0.0312784 7929.33
0.0375637 9713.14
0.0433917 9591.88
0.0492413 8320.83
0.0555754 8586.97
0.0619321 8333.5
0.067871 8737.94
0.0738098 8425.35
0.0800417 8483.95
0.0862327 7988.66
0.0921407 8020.59
0.0982031 7393.16
0.104506 7588.33
0.110769 8047.53
0.116806 7312.31
0.122832 7513.09
0.129052 6923.14
0.135211 6969.82
0.141259 6750.36
0.147318 6654.49
0.153489 6714.46
0.159709 6545.9
0.165845 6502.87
0.171974 6443.7
0.178125 6301.85
0.184229 6202.05
0.19034 6236.05
0.196428 5964.96
0.202534 6047.49
0.208729 5941.57
0.214876 5712.11
0.220989 5823.28
0.227147 5649.69
0.23329 5573.14
0.239377 5502.73
0.245482 5442.86
0.251667 5453.44
0.257832 5282.13
0.263955 5339.22
0.270079 5243.94
0.27624 5121.93
0.282372 5192.32
0.28843 5054.55
0.294538 5021.06
0.300721 5005.2
0.30691 4936.81
0.313033 4840.32
0.319153 4902.27
0.325316 4753.15
0.33145 4778.19
0.337538 4735.36
0.343633 4639.02
0.349808 4677.25
0.355968 4656.48
0.362074 4614.55
0.368217 4618.45
0.374374 4554.43
0.380519 4512.5
0.386598 4389.02
0.392688 4426.14
0.39888 4389.35
0.405048 4425.64
0.411186 4369.72
0.417313 4338.11
0.423458 4284.84
0.429607 4280.98
0.435692 4247.86
0.441815 4202.45
0.447964 4263.11
0.454126 4189.89
0.460267 4191.56
0.466387 4174.83
0.47254 4131.29
0.478662 4119.23
0.484765 4135.57
0.490885 4083.13
0.497035 4081.71
0.503198 4112.01
0.509342 4037.91
0.515458 4071.42
0.521598 4021
0.527764 3976.46
0.533884 3964.17
0.54 3963.51
0.546137 3951.13
0.552299 3913.96
0.558452 3925.49
0.564573 3927.95
0.570708 3890.06
0.576825 3882.54
0.582926 3900.52
0.589034 3872.8
0.595184 3854.06
0.601379 3854.24
0.607522 3830.99
0.613639 3804.48
0.619772 3801.03
0.625918 3787.08
0.632068 3789.65
0.638161 3773.7
0.6443 3762.92
0.650464 3760.68
0.656582 3752.91
0.662703 3751.27
0.668861 3742.4
0.675024 3717.38
0.681124 3726.29
0.687237 3726.15
0.693381 3695.4
0.699536 3686.14
0.705665 3665.35
0.711789 3668.99
0.717957 3657.2
0.72409 3665.29
0.730186 3644.2
0.736317 3614.12
0.742472 3634.64
0.748622 3633.73
0.75476 3614.7
0.760888 3612.29
0.767043 3601.48
0.773185 3589.01
0.779291 3583.8
0.785407 3590.39
0.791564 3582.27
0.797719 3555.5
0.803834 3572.98
0.809972 3543.77
0.816124 3552.91
0.822261 3541.14
0.828378 3555.43
0.834502 3526.07
0.840667 3529.17
0.846816 3507.04
0.852925 3530.85
0.859047 3508.32
0.865192 3510.61
0.871341 3499.52
0.877463 3495.87
0.883569 3492.35
0.889708 3501.24
0.895864 3479.86
0.902008 3469.17
0.908149 3464.73
0.914301 3465.32
0.920448 3474.72
0.926574 3460.1
0.932687 3444.23
0.938823 3439.27
0.944975 3442
0.951105 3433.6
0.957225 3421.36
0.963368 3427.4
0.969511 3425.63
0.975621 3431.22
0.981748 3415.18
0.987916 3409.17
0.99406 3423.8
1.00019 3406.74
1.00632 3386.18
1.01246 3414.36
1.01859 3392.16
1.02471 3386.1
1.03085 3377.27
1.03698 3375.95
1.04314 3383.07
1.04929 3374.82
1.05541 3372.98
1.06154 3370.45
1.06769 3361.42
1.07382 3353.81
1.07993 3343.46
1.08607 3336.73
1.09222 3336.25
1.09836 3334.88
1.10449 3340.84
1.11063 3328.1
1.11677 3323.82
1.1229 3331.91
1.12903 3309.95
1.13518 3311.59
1.14131 3307.92
1.14745 3295.22
1.15359 3294.19
1.15973 3307.57
1.16584 3303.89
1.17197 3299.37
1.17811 3282.15
1.18424 3290.31
1.19038 3275.04
1.19652 3285.26
1.20267 3273.11
1.20881 3275.08
1.21495 3277.81
1.22108 3266.55
1.2272 3256.1
1.23334 3256.89
1.23949 3243.55
1.24562 3253.5
1.25174 3250.61
1.25789 3251.31
1.26402 3229.11
1.27014 3228.76
1.27628 3231.07
1.28244 3223.63
1.28858 3220.02
1.29471 3226.37
1.30084 3213.64
1.30697 3213.09
1.31312 3207.82
1.31925 3212.66
1.32537 3201.52
1.33151 3192.77
1.33765 3196.54
1.34378 3190.18
1.34992 3179.25
1.35606 3180.42
1.3622 3172.12
1.36833 3171.77
1.37445 3164.57
1.38059 3164.11
1.38675 3162.36
1.39288 3154.67
1.39901 3162.19
1.40515 3141.95
1.4113 3156.66
1.41742 3141.11
1.42355 3125.53
1.4297 3135.07
1.43585 3121.73
1.44198 3126.79
1.44809 3123.82
1.45423 3118.86
1.46036 3114.89
1.46649 3112.23
1.47263 3105.14
1.47877 3097.44
1.48491 3098.69
1.49104 3093.04
1.49718 3091.38
1.50333 3082.67
1.50947 3079.8
1.5156 3071.76
1.52172 3074.9
1.52787 3074.32
1.534 3068.81
1.54013 3060.75
1.54627 3061.76
1.55241 3060.32
1.55855 3056.97
1.56467 3055.36
1.5708 3049.16
