0.00783031 20185.6
0.013688 24823.5
0.019231 25159.7
0.0249154 23357.3
0.0312784 19939.6
0.0375637 16877.7
0.0433917 14639.5
0.0492413 13343.1
0.0555754 11958.2
0.0619321 11224.1
0.067871 10909.8
0.0738098 9900.39
0.0800417 9109.23
0.0862327 8047.19
0.0921407 7165.75
0.0982031 6657.22
0.104506 6100.88
0.110769 5705.17
0.116806 5505.97
0.122832 5342.51
0.129052 4999.87
0.135211 4780.98
0.141259 4636.18
0.147318 4253.82
0.153489 4023.65
0.159709 3805.7
0.165845 3591.25
0.171974 3534.97
0.178125 3325.72
0.184229 3222.12
0.19034 3171.28
0.196428 3075.03
0.202534 2897.58
0.208729 2852.88
0.214876 2744.6
0.220989 2655.59
0.227147 2550.46
0.23329 2537.18
0.239377 2424.42
0.245482 2361.62
0.251667 2323.37
0.257832 2258.9
0.263955 2208.83
0.270079 2132.6
0.27624 2090.79
0.282372 2109.7
0.28843 2016.22
0.294538 1960.71
0.300721 1959.51
0.30691 1919.8
0.313033 1873.71
0.319153 1833.99
0.325316 1806.17
0.33145 1792.66
0.337538 1739.48
0.343633 1728.26
0.349808 1688.5
0.355968 1664.99
0.362074 1638.39
0.368217 1614.92
0.374374 1607.65
0.380519 1587.63
0.386598 1537.76
0.392688 1524.09
0.39888 1504.39
0.405048 1489.93
0.411186 1471.14
0.417313 1451.83
0.423458 1427.34
0.429607 1404.25
0.435692 1391.3
0.441815 1382.42
0.447964 1381.03
0.454126 1348.56
0.460267 1338.48
0.466387 1321.73
0.47254 1317.96
0.478662 1295.89
0.484765 1299.35
0.490885 1262.48
0.497035 1260.96
0.503198 1244.46
0.509342 1227.55
0.515458 1229.05
0.521598 1209.23
0.527764 1208
0.533884 1188.4
0.54 1169.13
0.546137 1170.07
0.552299 1156.26
0.558452 1143.63
0.564573 1141.51
0.570708 1122.43
0.576825 1112.87
0.582926 1116.63
0.589034 1102.67
0.595184 1086.03
0.601379 1092.33
0.607522 1076.89
0.613639 1068.58
0.619772 1054.56
0.625918 1044.96
0.632068 1039.5
0.638161 1031.8
0.6443 1018.79
0.650464 1018.63
0.656582 1010.8
0.662703 1006.77
0.668861 991.639
0.675024 978.653
0.681124 982.506
0.687237 974.128
0.693381 969.739
0.699536 962.398
0.705665 950.65
0.711789 947.99
0.717957 935.039
0.72409 930.548
0.730186 925.728
0.736317 915.901
0.742472 912.129
0.748622 910.085
0.75476 899.581
0.760888 891.594
0.767043 893.274
0.773185 875.115
0.779291 876.806
0.785407 869.911
0.791564 864.943
0.797719 856.272
0.803834 853.601
0.809972 842.761
0.816124 843.852
0.822261 834.259
0.828378 829.37
0.834502 822.553
0.840667 819.903
0.846816 812.73
0.852925 808.731
0.859047 805.995
0.865192 800.644
0.871341 794.251
0.877463 789.038
0.883569 783.802
0.889708 782.141
0.895864 772.897
0.902008 765.863
0.908149 763.151
0.914301 755.107
0.920448 752.815
0.926574 751.229
0.932687 743.725
0.938823 738.695
0.944975 733.055
0.951105 728.317
0.957225 723.861
0.963368 721.825
0.969511 714.938
0.975621 713.109
0.981748 708.426
0.987916 703.479
0.99406 698.668
1.00019 696.786
1.00632 688.946
1.01246 687.766
1.01859 681.452
1.02471 675.413
1.03085 671.929
1.03698 668.998
1.04314 663.546
1.04929 660.685
1.05541 656.122
1.06154 651.789
1.06769 647.494
1.07382 644.064
1.07993 637.769
1.08607 631.787
1.09222 631.576
1.09836 625.432
1.10449 622.804
1.11063 617.731
1.11677 615.996
1.1229 611.55
1.12903 607.257
1.13518 604.052
1.14131 602.092
1.14745 594.609
1.15359 591.703
1.15973 588.673
1.16584 584.522
1.17197 581.196
1.17811 577.327
1.18424 575.968
1.19038 569.513
1.19652 568.441
1.20267 562.926
1.20881 559.695
1.21495 557.592
1.22108 552.9
1.2272 549.852
1.23334 546.027
1.23949 541.501
1.24562 539.768
1.25174 535.124
1.25789 532.808
1.26402 527.48
1.27014 525.462
1.27628 522.33
1.28244 516.952
1.28858 515.836
1.29471 513.486
1.30084 509.209
1.30697 504.741
1.31312 503.007
1.31925 502.124
1.32537 496.96
1.33151 493.432
1.33765 490.202
1.34378 486.849
1.34992 484.16
1.35606 481.37
1.3622 476.998
1.36833 475.243
1.37445 472.422
1.38059 469.325
1.38675 466.435
1.39288 462.972
1.39901 462.79
1.40515 456.244
1.4113 454.737
1.41742 451.291
1.42355 448.697
1.4297 445.847
1.43585 444.593
1.44198 440.056
1.44809 437.959
1.45423 434.789
1.46036 431.741
1.46649 429.943
1.47263 426.594
1.47877 422.716
1.48491 421.523
1.49104 417.931
1.49718 415.751
1.50333 412.859
1.50947 411.02
1.5156 406.547
1.52172 405.63
1.52787 402.949
1.534 400.245
1.54013 397.988
1.54627 395.09
1.55241 393.671
1.55855 391.121
1.56467 388.314
1.5708 386.419
