0.00783031 0.430242
0.013688 -0.473989
0.019231 3.70871
0.0249154 3.24912
0.0312784 5.41164
0.0375637 1.01703
0.0433917 10.4422
0.0492413 7.67539
0.0555754 8.41729
0.0619321 7.54159
0.067871 6.57519
0.0738098 7.67796
0.0800417 10.8605
0.0862327 8.95475
0.0921407 11.2745
0.0982031 9.12231
0.104506 14.1279
0.110769 13.538
0.116806 15.1008
0.122832 14.0087
0.129052 12.0083
0.135211 13.53
0.141259 13.7427
0.147318 13.9924
0.153489 14.6046
0.159709 17.1051
0.165845 14.7561
0.171974 15.7072
0.178125 19.146
0.184229 19.7604
0.19034 20.5892
0.196428 14.6279
0.202534 19.992
0.208729 15.6631
0.214876 12.8874
0.220989 18.7227
0.227147 19.3639
0.23329 13.7087
0.239377 17.2363
0.245482 19.1634
0.251667 19.7203
0.257832 17.9526
0.263955 17.3501
0.270079 18.41
0.27624 16.3389
0.282372 12.6537
0.28843 17.6535
0.294538 17.6149
0.300721 17.0336
0.30691 15.4505
0.313033 15.3567
0.319153 13.1104
0.325316 12.4792
0.33145 11.2583
0.337538 12.8219
0.343633 11.1889
0.349808 10.3724
0.355968 11.6866
0.362074 10.6463
0.368217 13.3776
0.374374 9.21609
0.380519 11.0107
0.386598 10.0377
0.392688 12.6406
0.39888 10.4441
0.405048 10.344
0.411186 6.71104
0.417313 5.58078
0.423458 9.3623
0.429607 11.1389
0.435692 6.40699
0.441815 7.05246
0.447964 5.30588
0.454126 7.28421
0.460267 6.70269
0.466387 5.39644
0.47254 2.71854
0.478662 1.93922
0.484765 2.12038
0.490885 3.57801
0.497035 3.509
0.503198 2.92437
0.509342 1.13896
0.515458 1.80143
0.521598 3.33558
0.527764 -4.18169
0.533884 -2.09662
0.54 0.734133
0.546137 -0.696769
0.552299 -3.59937
0.558452 -0.650833
0.564573 -1.05531
0.570708 0.399732
0.576825 -4.38758
0.582926 -4.9113
0.589034 -2.27351
0.595184 -4.75871
0.601379 -6.51505
0.607522 -6.325
0.613639 -5.72048
0.619772 -6.53102
0.625918 -4.38949
0.632068 -6.29553
0.638161 -6.70312
0.6443 -5.82912
0.650464 -9.68361
0.656582 -9.85735
0.662703 -11.9741
0.668861 -10.0983
0.675024 -6.04833
0.681124 -9.6679
0.687237 -10.2702
0.693381 -12.1574
0.699536 -10.8102
0.705665 -12.723
0.711789 -13.6399
0.717957 -10.0644
0.72409 -10.7885
0.730186 -11.8991
0.736317 -12.1795
0.742472 -13.2363
0.748622 -16.308
0.75476 -15.2098
0.760888 -15.8904
0.767043 -17.3834
0.773185 -13.3682
0.779291 -18.0641
0.785407 -17.1228
0.791564 -17.6281
0.797719 -16.296
0.803834 -17.0472
0.809972 -16.2096
0.816124 -19.8154
0.822261 -18.499
0.828378 -20.4737
0.834502 -21.0768
0.840667 -21.3392
0.846816 -20.361
0.852925 -19.6567
0.859047 -22.4137
0.865192 -21.7863
0.871341 -24.5916
0.877463 -21.8366
0.883569 -21.9667
0.889708 -22.793
0.895864 -23.7935
0.902008 -23.5022
0.908149 -25.4712
0.914301 -25.8222
0.920448 -24.9761
0.926574 -27.0085
0.932687 -26.3995
0.938823 -25.9071
0.944975 -27.9934
0.951105 -27.331
0.957225 -28.0118
0.963368 -29.4527
0.969511 -27.6633
0.975621 -28.8004
0.981748 -31.3559
0.987916 -30.2442
0.99406 -29.9049
1.00019 -33.6452
1.00632 -31.9405
1.01246 -32.4781
1.01859 -32.5469
1.02471 -32.0845
1.03085 -32.6462
1.03698 -33.4852
1.04314 -32.7152
1.04929 -34.1743
1.05541 -34.301
1.06154 -33.2937
1.06769 -34.7662
1.07382 -36.9531
1.07993 -34.9088
1.08607 -34.4732
1.09222 -35.3342
1.09836 -37.0652
1.10449 -37.3285
1.11063 -37.5748
1.11677 -38.3199
1.1229 -37.3228
1.12903 -38.0702
1.13518 -40.6087
1.14131 -42.5
1.14745 -39.8413
1.15359 -41.4867
1.15973 -40.3871
1.16584 -41.7188
1.17197 -42.0934
1.17811 -41.7865
1.18424 -43.4253
1.19038 -41.3911
1.19652 -42.3979
1.20267 -43.4821
1.20881 -43.4224
1.21495 -43.7242
1.22108 -44.9993
1.2272 -45.1329
1.23334 -45.5465
1.23949 -44.3966
1.24562 -46.1521
1.25174 -45.7052
1.25789 -44.7893
1.26402 -46.4978
1.27014 -46.5462
1.27628 -47.0451
1.28244 -45.788
1.28858 -48.9404
1.29471 -48.4269
1.30084 -49.2082
1.30697 -47.7131
1.31312 -48.7663
1.31925 -50.2759
1.32537 -48.9325
1.33151 -49.8696
1.33765 -49.2901
1.34378 -50.1428
1.34992 -50.839
1.35606 -52.1015
1.3622 -51.1766
1.36833 -51.7983
1.37445 -51.3742
1.38059 -51.9817
1.38675 -51.6917
1.39288 -51.8268
1.39901 -52.5396
1.40515 -53.4789
1.4113 -52.6875
1.41742 -53.8142
1.42355 -54.4562
1.4297 -54.0149
1.43585 -56.3168
1.44198 -56.0735
1.44809 -55.5228
1.45423 -55.1798
1.46036 -55.2875
1.46649 -55.6674
1.47263 -55.9718
1.47877 -55.1639
1.48491 -55.6594
1.49104 -56.9325
1.49718 -57.2779
1.50333 -57.088
1.50947 -58.541
1.5156 -56.7038
1.52172 -58.2396
1.52787 -58.2645
1.534 -58.4941
1.54013 -58.5521
1.54627 -58.4886
1.55241 -59.9229
1.55855 -60.2479
1.56467 -59.1783
1.5708 -60.3149
