0.00783031 20707.1
0.013688 25684.6
0.019231 25965.2
0.0249154 24283.5
0.0312784 20333.8
0.0375637 17126.5
0.0433917 15354.3
0.0492413 13315.7
0.0555754 12315.4
0.0619321 11960.4
0.067871 10541.7
0.0738098 9935.3
0.0800417 9193.14
0.0862327 8043.82
0.0921407 7549.23
0.0982031 6535.8
0.104506 5932.85
0.110769 5730.34
0.116806 5414.31
0.122832 5144.05
0.129052 5027.74
0.135211 4823.48
0.141259 4480.3
0.147318 4223.59
0.153489 3955.84
0.159709 3893.01
0.165845 3554.61
0.171974 3394.57
0.178125 3296.27
0.184229 3213.68
0.19034 3099.26
0.196428 2934.22
0.202534 2869.91
0.208729 2777.58
0.214876 2642.51
0.220989 2570.21
0.227147 2498.23
0.23329 2396.88
0.239377 2326.69
0.245482 2276.28
0.251667 2189.7
0.257832 2171.34
0.263955 2118.84
0.270079 2089.72
0.27624 2037.86
0.282372 1923.88
0.28843 1924.45
0.294538 1892.86
0.300721 1845.99
0.30691 1805.05
0.313033 1763.02
0.319153 1727.93
0.325316 1711.75
0.33145 1651.88
0.337538 1629.26
0.343633 1607.49
0.349808 1566.27
0.355968 1552.99
0.362074 1534.08
0.368217 1504.92
0.374374 1469.14
0.380519 1450.55
0.386598 1418.37
0.392688 1412.47
0.39888 1369.92
0.405048 1370.9
0.411186 1351.79
0.417313 1340.76
0.423458 1309.3
0.429607 1282.07
0.435692 1286.7
0.441815 1250.91
0.447964 1241.74
0.454126 1223.23
0.460267 1201.67
0.466387 1190.45
0.47254 1178.24
0.478662 1170.25
0.484765 1144.66
0.490885 1139.09
0.497035 1128.57
0.503198 1109.01
0.509342 1088.34
0.515458 1082.71
0.521598 1069.27
0.527764 1062.72
0.533884 1042.51
0.54 1036.78
0.546137 1024.98
0.552299 1015.63
0.558452 1009.5
0.564573 990.972
0.570708 977.493
0.576825 978.523
0.582926 962.929
0.589034 958.811
0.595184 942.624
0.601379 946.529
0.607522 925.469
0.613639 917.257
0.619772 909.099
0.625918 904.834
0.632068 888.313
0.638161 878.393
0.6443 878.295
0.650464 868.127
0.656582 860.008
0.662703 853.343
0.668861 841.563
0.675024 833.471
0.681124 824.887
0.687237 828.396
0.693381 812.99
0.699536 807.094
0.705665 799.829
0.711789 792.341
0.717957 781.718
0.72409 776.012
0.730186 767.971
0.736317 763.513
0.742472 755.58
0.748622 751.628
0.75476 744.002
0.760888 737.395
0.767043 726.389
0.773185 723.445
0.779291 716.234
0.785407 713.4
0.791564 704.132
0.797719 697.335
0.803834 693.245
0.809972 686.244
0.816124 677.263
0.822261 676.431
0.828378 671.22
0.834502 661.424
0.840667 660.228
0.846816 654.424
0.852925 647.804
0.859047 643.363
0.865192 639.748
0.871341 634.146
0.877463 622.476
0.883569 619.729
0.889708 613.509
0.895864 612.43
0.902008 604.785
0.908149 598.76
0.914301 597.377
0.920448 592.16
0.926574 584.001
0.932687 579.899
0.938823 575.014
0.944975 570.75
0.951105 564.763
0.957225 560.052
0.963368 556.211
0.969511 552.93
0.975621 546.266
0.981748 543.82
0.987916 540.209
0.99406 534.757
1.00019 529.474
1.00632 525.473
1.01246 520.29
1.01859 517.982
1.02471 513.026
1.03085 508.521
1.03698 505.83
1.04314 498.528
1.04929 496.503
1.05541 491.277
1.06154 488.036
1.06769 485.427
1.07382 481.574
1.07993 474.835
1.08607 472.85
1.09222 468.566
1.09836 464.989
1.10449 459.046
1.11063 459.645
1.11677 453.946
1.1229 450.172
1.12903 446.12
1.13518 442.006
1.14131 438.954
1.14745 436.409
1.15359 430.198
1.15973 425.893
1.16584 424.09
1.17197 420.712
1.17811 416.379
1.18424 414.185
1.19038 410.823
1.19652 406.699
1.20267 405.419
1.20881 400.347
1.21495 396.196
1.22108 395.667
1.2272 390.382
1.23334 386.722
1.23949 384.099
1.24562 380.794
1.25174 378.22
1.25789 374.973
1.26402 370.979
1.27014 368.893
1.27628 365.313
1.28244 363.192
1.28858 359.632
1.29471 357.031
1.30084 353.87
1.30697 351.425
1.31312 347.134
1.31925 343.371
1.32537 341.45
1.33151 338.983
1.33765 336.196
1.34378 333.776
1.34992 331.535
1.35606 328.471
1.3622 326.581
1.36833 324.262
1.37445 320.662
1.38059 317.261
1.38675 315.085
1.39288 313.295
1.39901 309.922
1.40515 307.455
1.4113 304.861
1.41742 302.024
1.42355 300.203
1.4297 297.981
1.43585 295.392
1.44198 292.712
1.44809 290.803
1.45423 288.063
1.46036 285.351
1.46649 283.18
1.47263 280.951
1.47877 278.345
1.48491 276.23
1.49104 273.476
1.49718 271.727
1.50333 268.971
1.50947 266.692
1.5156 264.869
1.52172 262.9
1.52787 260.474
1.534 258.309
1.54013 257.054
1.54627 254.587
1.55241 252.301
1.55855 250.435
1.56467 248.105
1.5708 245.814
