0.00783031 4422.19
0.013688 3610.43
0.019231 4634.38
0.0249154 3712.88
0.0312784 3371.58
0.0375637 3245.16
0.0433917 2652.11
0.0492413 2543.65
0.0555754 2341.71
0.0619321 2273.18
0.067871 2252.78
0.0738098 1946.1
0.0800417 1865.02
0.0862327 1941.64
0.0921407 1855.23
0.0982031 1766.67
0.104506 1609.61
0.110769 1544.19
0.116806 1529.72
0.122832 1441.82
0.129052 1388.49
0.135211 1359.44
0.141259 1272.47
0.147318 1239.49
0.153489 1131.14
0.159709 1141.83
0.165845 1115.09
0.171974 1064.23
0.178125 1021.14
0.184229 986.305
0.19034 984.029
0.196428 933.744
0.202534 909.026
0.208729 886.252
0.214876 872.95
0.220989 845.364
0.227147 818.968
0.23329 798.873
0.239377 783.157
0.245482 757.326
0.251667 732.763
0.257832 714.442
0.263955 709.117
0.270079 693.658
0.27624 685.184
0.282372 655.982
0.28843 647.201
0.294538 637.259
0.300721 611.978
0.30691 593.327
0.313033 594.208
0.319153 581.865
0.325316 563.946
0.33145 551.013
0.337538 545.191
0.343633 533.584
0.349808 531.052
0.355968 522.012
0.362074 512.987
0.368217 500.507
0.374374 489.87
0.380519 479.265
0.386598 475.988
0.392688 468.849
0.39888 467.373
0.405048 451.86
0.411186 444.183
0.417313 444.423
0.423458 432.215
0.429607 426.882
0.435692 422.356
0.441815 412.517
0.447964 404.449
0.454126 404.98
0.460267 397.584
0.466387 389.159
0.47254 387.919
0.478662 382.021
0.484765 377.245
0.490885 369.962
0.497035 367.529
0.503198 362.823
0.509342 356.398
0.515458 353.48
0.521598 349.218
0.527764 345.824
0.533884 340.105
0.54 336.689
0.546137 334.603
0.552299 331.073
0.558452 325.166
0.564573 324.256
0.570708 319.023
0.576825 315.169
0.582926 312.1
0.589034 309.259
0.595184 306.16
0.601379 303.823
0.607522 297.561
0.613639 295.975
0.619772 294.215
0.625918 291.832
0.632068 287.094
0.638161 285.639
0.6443 282.892
0.650464 278.664
0.656582 275.576
0.662703 274.628
0.668861 273.625
0.675024 268.939
0.681124 265.905
0.687237 266.3
0.693381 262.026
0.699536 261.869
0.705665 259.245
0.711789 256.441
0.717957 253.983
0.72409 251.326
0.730186 249.955
0.736317 249.811
0.742472 246.167
0.748622 243.929
0.75476 241.728
0.760888 240.526
0.767043 238.463
0.773185 236.857
0.779291 235.84
0.785407 233.474
0.791564 230.913
0.797719 230.457
0.803834 227.275
0.809972 225.552
0.816124 224.859
0.822261 223.611
0.828378 220.674
0.834502 220.24
0.840667 219.078
0.846816 216.873
0.852925 215.352
0.859047 214.159
0.865192 212.471
0.871341 211.342
0.877463 209.75
0.883569 208.705
0.889708 206.436
0.895864 206.378
0.902008 204.006
0.908149 203.943
0.914301 202.184
0.920448 200.738
0.926574 200.666
0.932687 199.379
0.938823 197.165
0.944975 196.16
0.951105 196.142
0.957225 194.223
0.963368 192.641
0.969511 191.888
0.975621 191.076
0.981748 189.843
0.987916 189.258
0.99406 188.408
1.00019 187.046
1.00632 186.213
1.01246 185.37
1.01859 184.969
1.02471 183.038
1.03085 181.747
1.03698 181.405
1.04314 180.015
1.04929 179.451
1.05541 179.094
1.06154 177.676
1.06769 176.618
1.07382 176.408
1.07993 175.356
1.08607 174.145
1.09222 173.411
1.09836 173.224
1.10449 172.169
1.11063 172.327
1.11677 170.374
1.1229 169.318
1.12903 168.367
1.13518 168.321
1.14131 167.726
1.14745 167.083
1.15359 166.285
1.15973 164.842
1.16584 164.641
1.17197 164.888
1.17811 163.465
1.18424 162.788
1.19038 162.266
1.19652 161.272
1.20267 161.334
1.20881 160.216
1.21495 160.292
1.22108 159.234
1.2272 158.737
1.23334 157.748
1.23949 157.027
1.24562 156.874
1.25174 156.137
1.25789 155.89
1.26402 154.928
1.27014 154.106
1.27628 154.01
1.28244 153.716
1.28858 152.797
1.29471 152.524
1.30084 151.403
1.30697 150.92
1.31312 150.14
1.31925 149.961
1.32537 149.852
1.33151 148.704
1.33765 148.726
1.34378 148.208
1.34992 147.888
1.35606 146.797
1.3622 146.704
1.36833 145.762
1.37445 146.007
1.38059 145.377
1.38675 145.021
1.39288 143.794
1.39901 143.702
1.40515 143.51
1.4113 143.05
1.41742 142.552
1.42355 141.965
1.4297 141.283
1.43585 141.314
1.44198 141.323
1.44809 140.693
1.45423 139.92
1.46036 139.243
1.46649 139.138
1.47263 138.659
1.47877 138.376
1.48491 137.581
1.49104 137.849
1.49718 136.634
1.50333 136.619
1.50947 136.088
1.5156 136.05
1.52172 135.804
1.52787 135.255
1.534 134.912
1.54013 134.493
1.54627 134.332
1.55241 133.981
1.55855 133.644
1.56467 133.184
1.5708 132.705
