0.00783031 5450.74
0.013688 3341.85
0.019231 4884.4
0.0249154 2892.65
0.0312784 2672
0.0375637 2833.49
0.0433917 2904.43
0.0492413 2635.58
0.0555754 2378.54
0.0619321 2327.44
0.067871 2287.94
0.0738098 2152.09
0.0800417 2038.01
0.0862327 1832.99
0.0921407 1769.05
0.0982031 1724.38
0.104506 1601.42
0.110769 1523.66
0.116806 1492.06
0.122832 1399.31
0.129052 1343.72
0.135211 1286.84
0.141259 1268.17
0.147318 1227.25
0.153489 1162.81
0.159709 1118.18
0.165845 1115.51
0.171974 1080.26
0.178125 1036.56
0.184229 1009.83
0.19034 961.541
0.196428 933.467
0.202534 942.276
0.208729 899.42
0.214876 860.308
0.220989 848.962
0.227147 816.171
0.23329 804.421
0.239377 770.397
0.245482 756.041
0.251667 737.713
0.257832 723.284
0.263955 699.746
0.270079 685.045
0.27624 681.212
0.282372 655.514
0.28843 640.729
0.294538 629.299
0.300721 614.857
0.30691 603
0.313033 598.575
0.319153 584.647
0.325316 562.881
0.33145 561.754
0.337538 548.721
0.343633 540.652
0.349808 527.97
0.355968 525.954
0.362074 510.684
0.368217 500.885
0.374374 492.643
0.380519 488.604
0.386598 475.287
0.392688 468.437
0.39888 460.655
0.405048 454.162
0.411186 453.479
0.417313 442.813
0.423458 436.979
0.429607 427.908
0.435692 425.326
0.441815 412.953
0.447964 411.131
0.454126 405.618
0.460267 400.974
0.466387 394.48
0.47254 389.57
0.478662 383.529
0.484765 375.869
0.490885 375.141
0.497035 367.646
0.503198 361.62
0.509342 358.935
0.515458 356.746
0.521598 352.488
0.527764 347.282
0.533884 346.282
0.54 336.299
0.546137 332.929
0.552299 329.958
0.558452 325.945
0.564573 324.267
0.570708 317.152
0.576825 316.824
0.582926 312.991
0.589034 310.364
0.595184 307.164
0.601379 301.456
0.607522 299.37
0.613639 298.31
0.619772 295.141
0.625918 290.379
0.632068 289.799
0.638161 286.776
0.6443 281.935
0.650464 281.006
0.656582 277.065
0.662703 278.754
0.668861 273.019
0.675024 270.426
0.681124 266.663
0.687237 265.18
0.693381 264.085
0.699536 260.698
0.705665 259.148
0.711789 256.101
0.717957 254.911
0.72409 254.178
0.730186 250.523
0.736317 249.16
0.742472 244.907
0.748622 244.698
0.75476 243.141
0.760888 241.822
0.767043 238.658
0.773185 237.154
0.779291 236.116
0.785407 234.604
0.791564 230.951
0.797719 230.793
0.803834 229.758
0.809972 227.869
0.816124 225.29
0.822261 222.273
0.828378 222.116
0.834502 221.311
0.840667 219.146
0.846816 218.445
0.852925 217.081
0.859047 215.166
0.865192 212.293
0.871341 212.536
0.877463 210.173
0.883569 209.536
0.889708 208.311
0.895864 206.728
0.902008 204.632
0.908149 204.626
0.914301 204.042
0.920448 201.464
0.926574 200.837
0.932687 200.053
0.938823 198.438
0.944975 197.009
0.951105 196.141
0.957225 195.749
0.963368 194.559
0.969511 192.402
0.975621 191.692
0.981748 190.49
0.987916 190.722
0.99406 188.689
1.00019 187.713
1.00632 186.381
1.01246 186.052
1.01859 185.358
1.02471 183.184
1.03085 182.533
1.03698 181.945
1.04314 180.417
1.04929 180.08
1.05541 178.959
1.06154 178.036
1.06769 178.586
1.07382 176.767
1.07993 176.331
1.08607 175.02
1.09222 175.272
1.09836 173.401
1.10449 171.775
1.11063 170.993
1.11677 171.262
1.1229 170.062
1.12903 169.116
1.13518 169.079
1.14131 168.313
1.14745 166.852
1.15359 166.518
1.15973 165.974
1.16584 165.143
1.17197 164.255
1.17811 163.548
1.18424 163.114
1.19038 162.045
1.19652 162.396
1.20267 160.723
1.20881 160.704
1.21495 159.942
1.22108 159.245
1.2272 158.89
1.23334 158.066
1.23949 157.421
1.24562 156.826
1.25174 155.675
1.25789 155.779
1.26402 155.464
1.27014 155.232
1.27628 153.95
1.28244 153.576
1.28858 153.248
1.29471 152.175
1.30084 152.396
1.30697 150.843
1.31312 150.761
1.31925 150.554
1.32537 149.601
1.33151 149.036
1.33765 149.012
1.34378 148.503
1.34992 148.343
1.35606 147.129
1.3622 146.708
1.36833 147.064
1.37445 146.241
1.38059 145.437
1.38675 145.14
1.39288 144.869
1.39901 144.23
1.40515 143.746
1.4113 143.2
1.41742 142.721
1.42355 142.493
1.4297 141.733
1.43585 141.822
1.44198 140.927
1.44809 140.491
1.45423 140.029
1.46036 139.624
1.46649 139.55
1.47263 139.026
1.47877 138.643
1.48491 138.089
1.49104 137.625
1.49718 137.122
1.50333 137.035
1.50947 136.717
1.5156 135.774
1.52172 135.57
1.52787 135.589
1.534 135.153
1.54013 134.759
1.54627 134.357
1.55241 133.695
1.55855 133.418
1.56467 133.395
1.5708 132.966
