0.00783031 -10.5268
0.013688 -11.4052
0.019231 30.8434
0.0249154 2.45906
0.0312784 -2.189
0.0375637 4.70381
0.0433917 -6.92915
0.0492413 5.51528
0.0555754 2.54407
0.0619321 0.564634
0.067871 0.464449
0.0738098 -2.75466
0.0800417 4.48305
0.0862327 -0.755227
0.0921407 2.62776
0.0982031 0.354776
0.104506 -0.103682
0.110769 2.40696
0.116806 3.15859
0.122832 2.94222
0.129052 -0.911559
0.135211 -0.453832
0.141259 -3.8291
0.147318 5.04996
0.153489 -0.787374
0.159709 -2.61283
0.165845 0.989448
0.171974 0.0230207
0.178125 2.4569
0.184229 1.73002
0.19034 -1.4163
0.196428 4.32575
0.202534 2.71033
0.208729 0.51561
0.214876 1.08778
0.220989 -3.78062
0.227147 -0.511406
0.23329 -2.62853
0.239377 -0.505898
0.245482 -0.404295
0.251667 -0.00436365
0.257832 -0.998812
0.263955 -1.00355
0.270079 -3.91517
0.27624 -3.40216
0.282372 -1.31278
0.28843 -2.36837
0.294538 -1.72398
0.300721 -1.2691
0.30691 -2.15057
0.313033 -2.63539
0.319153 -3.06801
0.325316 -3.89337
0.33145 -5.7659
0.337538 -4.3897
0.343633 -6.49391
0.349808 -3.07027
0.355968 -3.19526
0.362074 -7.11953
0.368217 -4.58944
0.374374 -5.27892
0.380519 -5.041
0.386598 -3.43349
0.392688 -4.32491
0.39888 -9.05474
0.405048 -6.9347
0.411186 -8.8977
0.417313 -5.17994
0.423458 -7.54277
0.429607 -7.6171
0.435692 -7.51024
0.441815 -9.81848
0.447964 -5.99831
0.454126 -8.40661
0.460267 -11.1262
0.466387 -9.41854
0.47254 -8.85406
0.478662 -14.3262
0.484765 -11.3176
0.490885 -7.83754
0.497035 -13.5879
0.503198 -14.6072
0.509342 -11.3882
0.515458 -12.8744
0.521598 -12.0594
0.527764 -13.6916
0.533884 -12.6403
0.54 -12.4325
0.546137 -13.5831
0.552299 -15.413
0.558452 -13.6629
0.564573 -15.5905
0.570708 -14.4784
0.576825 -15.8669
0.582926 -15.0428
0.589034 -16.5473
0.595184 -12.4303
0.601379 -16.8069
0.607522 -16.0568
0.613639 -17.5682
0.619772 -18.882
0.625918 -18.7194
0.632068 -16.8735
0.638161 -19.5043
0.6443 -19.9353
0.650464 -17.9939
0.656582 -15.9855
0.662703 -18.4947
0.668861 -18.1716
0.675024 -15.4748
0.681124 -20.2476
0.687237 -21.143
0.693381 -19.0699
0.699536 -17.1432
0.705665 -21.5143
0.711789 -19.6814
0.717957 -22.4447
0.72409 -18.7622
0.730186 -21.5081
0.736317 -21.567
0.742472 -21.5843
0.748622 -20.9895
0.75476 -22.3563
0.760888 -22.0433
0.767043 -22.2012
0.773185 -25.6578
0.779291 -22.3697
0.785407 -22.7017
0.791564 -25.575
0.797719 -25.1166
0.803834 -25.2825
0.809972 -25.7137
0.816124 -24.1658
0.822261 -25.9484
0.828378 -24.6552
0.834502 -22.0126
0.840667 -24.6426
0.846816 -26.7774
0.852925 -26.1808
0.859047 -24.8174
0.865192 -27.7184
0.871341 -28.6763
0.877463 -24.5206
0.883569 -25.5177
0.889708 -25.9582
0.895864 -26.9666
0.902008 -27.127
0.908149 -27.4138
0.914301 -27.2674
0.920448 -27.515
0.926574 -26.7024
0.932687 -27.2972
0.938823 -27.5488
0.944975 -27.2226
0.951105 -28.5194
0.957225 -30.3784
0.963368 -27.3786
0.969511 -31.2414
0.975621 -28.6876
0.981748 -28.2669
0.987916 -30.8903
0.99406 -29.0598
1.00019 -29.4971
1.00632 -29.9533
1.01246 -30.4682
1.01859 -28.4224
1.02471 -30.3123
1.03085 -31.1754
1.03698 -29.4858
1.04314 -30.7046
1.04929 -31.1007
1.05541 -31.4761
1.06154 -31.3741
1.06769 -32.1679
1.07382 -30.5715
1.07993 -33.661
1.08607 -32.8544
1.09222 -30.7754
1.09836 -32.5554
1.10449 -33.0353
1.11063 -32.935
1.11677 -34.0773
1.1229 -31.0952
1.12903 -31.8222
1.13518 -34.537
1.14131 -33.5177
1.14745 -33.2758
1.15359 -34.4731
1.15973 -35.1895
1.16584 -34.7283
1.17197 -34.2309
1.17811 -33.7711
1.18424 -35.6723
1.19038 -32.8002
1.19652 -33.7114
1.20267 -33.8333
1.20881 -34.7744
1.21495 -34.3265
1.22108 -35.9908
1.2272 -36.2199
1.23334 -35.0348
1.23949 -36.7301
1.24562 -35.7899
1.25174 -35.4761
1.25789 -36.1904
1.26402 -35.7746
1.27014 -37.1567
1.27628 -37.4167
1.28244 -38.4931
1.28858 -38.9393
1.29471 -37.5253
1.30084 -36.6984
1.30697 -38.7794
1.31312 -37.954
1.31925 -38.4113
1.32537 -37.1369
1.33151 -38.0747
1.33765 -38.6249
1.34378 -38.0339
1.34992 -39.5827
1.35606 -36.7377
1.3622 -37.9755
1.36833 -38.3834
1.37445 -38.0661
1.38059 -38.3961
1.38675 -38.9345
1.39288 -39.787
1.39901 -39.2868
1.40515 -39.1328
1.4113 -40.1337
1.41742 -39.1673
1.42355 -39.7033
1.4297 -39.5795
1.43585 -38.3881
1.44198 -40.0443
1.44809 -39.2241
1.45423 -40.2782
1.46036 -39.8224
1.46649 -39.5025
1.47263 -39.6034
1.47877 -41.1907
1.48491 -40.6754
1.49104 -41.0429
1.49718 -41.5273
1.50333 -41.43
1.50947 -42.0911
1.5156 -42.4654
1.52172 -41.711
1.52787 -40.9318
1.534 -41.1955
1.54013 -41.5667
1.54627 -42.5386
1.55241 -41.5603
1.55855 -41.9708
1.56467 -43.0735
1.5708 -42.858
