0.00783031 1013.53
0.013688 -1450.71
0.019231 1208.85
0.0249154 1292.43
0.0312784 1053.29
0.0375637 795.109
0.0433917 81.5304
0.0492413 636.814
0.0555754 713.973
0.0619321 770.371
0.067871 556.354
0.0738098 816.822
0.0800417 822.72
0.0862327 994.651
0.0921407 737.442
0.0982031 882.547
0.104506 869.928
0.110769 992.241
0.116806 1183.42
0.122832 1080.01
0.129052 1196.51
0.135211 937.752
0.141259 1123.51
0.147318 1091.9
0.153489 1201.82
0.159709 1208.46
0.165845 1187.22
0.171974 1136.21
0.178125 1215.27
0.184229 1126.82
0.19034 1187.24
0.196428 1217.5
0.202534 1213.05
0.208729 1202.11
0.214876 1212.98
0.220989 1195.92
0.227147 1181.95
0.23329 1185.31
0.239377 1185.48
0.245482 1161.05
0.251667 1182.66
0.257832 1173.54
0.263955 1178.86
0.270079 1172.27
0.27624 1158.55
0.282372 1179
0.28843 1144.3
0.294538 1144.47
0.300721 1132.49
0.30691 1093.64
0.313033 1125.23
0.319153 1119.81
0.325316 1088.27
0.33145 1098.15
0.337538 1090.16
0.343633 1084.64
0.349808 1114.72
0.355968 1077.41
0.362074 1081.83
0.368217 1060.26
0.374374 1057.9
0.380519 1056.19
0.386598 1031.05
0.392688 1038.22
0.39888 1024.99
0.405048 1018.29
0.411186 1010.07
0.417313 1005.53
0.423458 1000.27
0.429607 988.531
0.435692 998.349
0.441815 977.575
0.447964 977.207
0.454126 961.756
0.460267 954.991
0.466387 944.718
0.47254 950.895
0.478662 928.266
0.484765 919.291
0.490885 914.319
0.497035 922.654
0.503198 909.331
0.509342 896.872
0.515458 889.755
0.521598 884.899
0.527764 870.981
0.533884 864.207
0.54 862.103
0.546137 857.652
0.552299 851.954
0.558452 844.609
0.564573 845.665
0.570708 829.829
0.576825 824.352
0.582926 821.359
0.589034 813.665
0.595184 810.118
0.601379 804.465
0.607522 794.174
0.613639 784.071
0.619772 779.441
0.625918 770.555
0.632068 765.042
0.638161 759.649
0.6443 751.615
0.650464 749.413
0.656582 738.376
0.662703 736.162
0.668861 728.064
0.675024 723.473
0.681124 720.2
0.687237 711.659
0.693381 708.441
0.699536 697.609
0.705665 692.663
0.711789 689.212
0.717957 684.669
0.72409 680.156
0.730186 675.368
0.736317 669.632
0.742472 662.391
0.748622 660.964
0.75476 657.214
0.760888 642.658
0.767043 642.168
0.773185 637.678
0.779291 629.972
0.785407 629.612
0.791564 616.186
0.797719 615.722
0.803834 607.152
0.809972 601.666
0.816124 597.834
0.822261 594.773
0.828378 586.265
0.834502 584.794
0.840667 577.669
0.846816 573.107
0.852925 566.692
0.859047 562.183
0.865192 561.033
0.871341 556.297
0.877463 551.875
0.883569 545.464
0.889708 543.185
0.895864 537.093
0.902008 530.545
0.908149 527.828
0.914301 523.536
0.920448 521.299
0.926574 512.708
0.932687 507.496
0.938823 504.086
0.944975 501.749
0.951105 496.729
0.957225 493.702
0.963368 490.755
0.969511 484.12
0.975621 482.075
0.981748 475.775
0.987916 473.609
0.99406 469.911
1.00019 465.521
1.00632 462.251
1.01246 457.743
1.01859 454.969
1.02471 450.018
1.03085 446.306
1.03698 441.865
1.04314 435.8
1.04929 435.441
1.05541 430.692
1.06154 428.178
1.06769 424.996
1.07382 420.474
1.07993 419.324
1.08607 412.957
1.09222 409.35
1.09836 408.865
1.10449 406.563
1.11063 401.359
1.11677 397.174
1.1229 394.053
1.12903 390.046
1.13518 387.722
1.14131 385.367
1.14745 381.523
1.15359 379.515
1.15973 375.81
1.16584 373.089
1.17197 370.262
1.17811 368.412
1.18424 364.402
1.19038 360.62
1.19652 359.822
1.20267 356.281
1.20881 353.625
1.21495 350.821
1.22108 347.507
1.2272 345.042
1.23334 342.055
1.23949 341.019
1.24562 337.235
1.25174 333.221
1.25789 331.444
1.26402 328.82
1.27014 325.653
1.27628 321.984
1.28244 320.133
1.28858 316.784
1.29471 315.9
1.30084 313.543
1.30697 311.459
1.31312 309.88
1.31925 306.439
1.32537 303.553
1.33151 302.242
1.33765 299.969
1.34378 296.799
1.34992 295.493
1.35606 292.74
1.3622 291.28
1.36833 287.937
1.37445 286.445
1.38059 284.067
1.38675 281.542
1.39288 278.886
1.39901 277.795
1.40515 274.806
1.4113 273.416
1.41742 271.398
1.42355 268.882
1.4297 266.741
1.43585 264.875
1.44198 262.799
1.44809 260.438
1.45423 259.076
1.46036 257.17
1.46649 255.145
1.47263 253.785
1.47877 251.205
1.48491 249.12
1.49104 247.669
1.49718 246.082
1.50333 243.854
1.50947 241.372
1.5156 241.132
1.52172 238.242
1.52787 236.595
1.534 235.989
1.54013 232.549
1.54627 231.619
1.55241 229.635
1.55855 228.09
1.56467 225.864
1.5708 224.306
