0.00783031 19974.7
0.013688 24552.3
0.019231 24694.2
0.0249154 23208.7
0.0312784 19485.5
0.0375637 16443.2
0.0433917 15103.7
0.0492413 13444
0.0555754 12348.5
0.0619321 11553.1
0.067871 10803.7
0.0738098 9862.59
0.0800417 9043.96
0.0862327 7902.82
0.0921407 7147.9
0.0982031 6624.78
0.104506 6054.15
0.110769 5970.96
0.116806 5434.45
0.122832 5134.55
0.129052 4924.83
0.135211 4635.81
0.141259 4314.83
0.147318 4113.52
0.153489 4023.9
0.159709 3852.72
0.165845 3558.66
0.171974 3488.36
0.178125 3343.03
0.184229 3232.13
0.19034 3134.52
0.196428 3057.82
0.202534 2880.02
0.208729 2807.34
0.214876 2727.92
0.220989 2674.51
0.227147 2572
0.23329 2437.14
0.239377 2401.54
0.245482 2387.95
0.251667 2325.06
0.257832 2226.32
0.263955 2224.89
0.270079 2166.79
0.27624 2084.79
0.282372 2057.69
0.28843 2011.8
0.294538 1963.01
0.300721 1920.34
0.30691 1913.3
0.313033 1855.12
0.319153 1833.21
0.325316 1801.63
0.33145 1798.05
0.337538 1714.9
0.343633 1727.74
0.349808 1675.06
0.355968 1658.09
0.362074 1637.28
0.368217 1590.16
0.374374 1576.98
0.380519 1562.44
0.386598 1541.47
0.392688 1521.65
0.39888 1501.84
0.405048 1484.63
0.411186 1446.5
0.417313 1447.02
0.423458 1429.78
0.429607 1406.88
0.435692 1405.1
0.441815 1376.69
0.447964 1360.42
0.454126 1354.71
0.460267 1337.93
0.466387 1311.25
0.47254 1302.84
0.478662 1279
0.484765 1267.44
0.490885 1264.65
0.497035 1248.03
0.503198 1229.93
0.509342 1228.83
0.515458 1208.46
0.521598 1207.37
0.527764 1181.32
0.533884 1187.37
0.54 1173.86
0.546137 1161.68
0.552299 1150.06
0.558452 1138.45
0.564573 1134.41
0.570708 1125.16
0.576825 1111.78
0.582926 1103.58
0.589034 1090.27
0.595184 1091.28
0.601379 1076.77
0.607522 1065.91
0.613639 1057.76
0.619772 1049.85
0.625918 1043.65
0.632068 1030.31
0.638161 1023.66
0.6443 1018.67
0.650464 1014.53
0.656582 1006.51
0.662703 998.712
0.668861 993.989
0.675024 982.377
0.681124 977.19
0.687237 971.002
0.693381 958.404
0.699536 952.701
0.705665 953.32
0.711789 939.261
0.717957 935.486
0.72409 931.02
0.730186 921.636
0.736317 913.865
0.742472 902.251
0.748622 905.635
0.75476 895.292
0.760888 888.793
0.767043 882.219
0.773185 872.95
0.779291 869.032
0.785407 861.184
0.791564 858.74
0.797719 852.132
0.803834 850.313
0.809972 838.535
0.816124 830.488
0.822261 832.517
0.828378 824.159
0.834502 817.947
0.840667 817.027
0.846816 812.473
0.852925 803.478
0.859047 801.269
0.865192 793.791
0.871341 789.868
0.877463 781.916
0.883569 780.87
0.889708 773.148
0.895864 769.308
0.902008 762.991
0.908149 757.659
0.914301 752.403
0.920448 748.578
0.926574 748.038
0.932687 740.376
0.938823 732.986
0.944975 730.779
0.951105 724.243
0.957225 720.275
0.963368 715.855
0.969511 710.703
0.975621 706.92
0.981748 701.769
0.987916 692.096
0.99406 693.601
1.00019 688.311
1.00632 684.934
1.01246 679.934
1.01859 677.796
1.02471 669.684
1.03085 669.335
1.03698 662.49
1.04314 658.037
1.04929 652.795
1.05541 649.549
1.06154 645.322
1.06769 640.388
1.07382 638.129
1.07993 632.505
1.08607 631.217
1.09222 628.223
1.09836 622.408
1.10449 619.124
1.11063 612.963
1.11677 613.252
1.1229 608.268
1.12903 604.932
1.13518 598.507
1.14131 594.062
1.14745 592.925
1.15359 588.808
1.15973 583.805
1.16584 582.099
1.17197 577.606
1.17811 572.247
1.18424 570.507
1.19038 567.581
1.19652 563.297
1.20267 559.176
1.20881 556.664
1.21495 551.428
1.22108 549.407
1.2272 546.841
1.23334 541.531
1.23949 538.368
1.24562 533.776
1.25174 531.674
1.25789 526.481
1.26402 523.967
1.27014 522.423
1.27628 518.691
1.28244 514.675
1.28858 511.785
1.29471 509.567
1.30084 506.035
1.30697 502.872
1.31312 499.701
1.31925 496.015
1.32537 493.756
1.33151 491.498
1.33765 485.761
1.34378 484.235
1.34992 480.457
1.35606 478.435
1.3622 474.026
1.36833 473.297
1.37445 467.714
1.38059 465.464
1.38675 464.515
1.39288 458.748
1.39901 456.253
1.40515 454.75
1.4113 451.738
1.41742 447.46
1.42355 446.25
1.4297 443.086
1.43585 439.729
1.44198 437.524
1.44809 434.857
1.45423 432.097
1.46036 428.818
1.46649 425.535
1.47263 423.676
1.47877 421.223
1.48491 418.992
1.49104 416.519
1.49718 414.353
1.50333 410.208
1.50947 408.461
1.5156 404.57
1.52172 403.23
1.52787 400.675
1.534 398.429
1.54013 395.959
1.54627 393.798
1.55241 390.65
1.55855 387.971
1.56467 384.89
1.5708 384.746
