0.00783031 12688.2
0.013688 11115
0.019231 8555.07
0.0249154 10056.6
0.0312784 9461.68
0.0375637 7979.44
0.0433917 9222.3
0.0492413 9070.45
0.0555754 8433.66
0.0619321 8902.35
0.067871 7953.4
0.0738098 8669.22
0.0800417 8458.85
0.0862327 8389.6
0.0921407 8081.42
0.0982031 7581.61
0.104506 7567.65
0.110769 7660.16
0.116806 7431.04
0.122832 7183.78
0.129052 7126.9
0.135211 7000.94
0.141259 6852.59
0.147318 6862.82
0.153489 6720.25
0.159709 6548.69
0.165845 6374.85
0.171974 6327.39
0.178125 6234.27
0.184229 6154.78
0.19034 6160.15
0.196428 6052.69
0.202534 5810.88
0.208729 5872.53
0.214876 5690.48
0.220989 5626.54
0.227147 5667.79
0.23329 5555.6
0.239377 5457.83
0.245482 5384.47
0.251667 5333.93
0.257832 5329.21
0.263955 5217.46
0.270079 5216.67
0.27624 5154.73
0.282372 5149.43
0.28843 5036.9
0.294538 5048.81
0.300721 4946.39
0.30691 4905.2
0.313033 4914.73
0.319153 4825.88
0.325316 4828.28
0.33145 4741.38
0.337538 4677.55
0.343633 4687.27
0.349808 4645.09
0.355968 4585.95
0.362074 4614.7
0.368217 4536.08
0.374374 4475.91
0.380519 4495.67
0.386598 4473.58
0.392688 4439.08
0.39888 4448.69
0.405048 4396.96
0.411186 4320.41
0.417313 4332.75
0.423458 4330.51
0.429607 4267.51
0.435692 4299.24
0.441815 4262.74
0.447964 4238.92
0.454126 4226.59
0.460267 4108.42
0.466387 4134.49
0.47254 4105.37
0.478662 4094.87
0.484765 4117.86
0.490885 4071.68
0.497035 4063.81
0.503198 4028.54
0.509342 4061.39
0.515458 3978.98
0.521598 4002.36
0.527764 3991.23
0.533884 3946.26
0.54 3966.6
0.546137 3932.68
0.552299 3940.65
0.558452 3893.58
0.564573 3901.23
0.570708 3882.57
0.576825 3866.79
0.582926 3851.42
0.589034 3829.96
0.595184 3838.95
0.601379 3829.41
0.607522 3790.52
0.613639 3793.85
0.619772 3793.59
0.625918 3805.97
0.632068 3781.24
0.638161 3742.13
0.6443 3737.97
0.650464 3736.52
0.656582 3729.43
0.662703 3733.72
0.668861 3743.24
0.675024 3728.37
0.681124 3700.76
0.687237 3687.63
0.693381 3686.74
0.699536 3678.05
0.705665 3681.56
0.711789 3659.75
0.717957 3652.54
0.72409 3652.05
0.730186 3626.56
0.736317 3608.71
0.742472 3607.82
0.748622 3615.66
0.75476 3593.61
0.760888 3580.88
0.767043 3590.66
0.773185 3556.65
0.779291 3571.47
0.785407 3556.86
0.791564 3547.94
0.797719 3550.99
0.803834 3534.06
0.809972 3534.25
0.816124 3519.72
0.822261 3542.6
0.828378 3523.94
0.834502 3501.8
0.840667 3520.63
0.846816 3509.34
0.852925 3505.53
0.859047 3511.13
0.865192 3484.4
0.871341 3502.06
0.877463 3467.04
0.883569 3492.79
0.889708 3469.25
0.895864 3464.46
0.902008 3451.7
0.908149 3470.14
0.914301 3453.66
0.920448 3452.04
0.926574 3448.09
0.932687 3440.81
0.938823 3429.16
0.944975 3426.15
0.951105 3415.85
0.957225 3416.29
0.963368 3425.22
0.969511 3415.88
0.975621 3421.18
0.981748 3397.42
0.987916 3383.23
0.99406 3391.79
1.00019 3379.13
1.00632 3380.09
1.01246 3377.32
1.01859 3380.01
1.02471 3352.4
1.03085 3370.83
1.03698 3364.88
1.04314 3370.03
1.04929 3345.58
1.05541 3343.94
1.06154 3328.98
1.06769 3331.59
1.07382 3339.05
1.07993 3329.7
1.08607 3345.38
1.09222 3336.5
1.09836 3327.98
1.10449 3323.42
1.11063 3318.41
1.11677 3325.58
1.1229 3315.25
1.12903 3299.22
1.13518 3307.42
1.14131 3291
1.14745 3302.64
1.15359 3303
1.15973 3282.26
1.16584 3281.35
1.17197 3290.18
1.17811 3271.58
1.18424 3284.4
1.19038 3277.12
1.19652 3259.6
1.20267 3253.99
1.20881 3260.02
1.21495 3258.91
1.22108 3257.49
1.2272 3257.95
1.23334 3250.72
1.23949 3235.9
1.24562 3232.95
1.25174 3228.46
1.25789 3227
1.26402 3225.05
1.27014 3236.15
1.27628 3223.93
1.28244 3215.31
1.28858 3218.31
1.29471 3207.16
1.30084 3199.68
1.30697 3199.17
1.31312 3204.87
1.31925 3193.96
1.32537 3189.02
1.33151 3181.99
1.33765 3182.99
1.34378 3178
1.34992 3175.52
1.35606 3169.42
1.3622 3162.56
1.36833 3173.06
1.37445 3160.99
1.38059 3159.08
1.38675 3147.15
1.39288 3144.15
1.39901 3145.33
1.40515 3146.34
1.4113 3132.92
1.41742 3121.42
1.42355 3125.03
1.4297 3126.59
1.43585 3120.87
1.44198 3121.06
1.44809 3111.92
1.45423 3105.06
1.46036 3108.92
1.46649 3100.62
1.47263 3097.75
1.47877 3104.12
1.48491 3092.64
1.49104 3091.72
1.49718 3099.22
1.50333 3081.16
1.50947 3077.97
1.5156 3064.3
1.52172 3070.84
1.52787 3066.89
1.534 3068.81
1.54013 3054.86
1.54627 3056.91
1.55241 3050.44
1.55855 3048.78
1.56467 3043.92
1.5708 3046.87
