0.00783031 4094.4
0.013688 6536.76
0.019231 5964.17
0.0249154 4573.48
0.0312784 4918.78
0.0375637 5384.8
0.0433917 4171.04
0.0492413 5049.33
0.0555754 4418.57
0.0619321 4014.67
0.067871 3458.79
0.0738098 3407.45
0.0800417 3128.59
0.0862327 3071.7
0.0921407 3112.65
0.0982031 2693.9
0.104506 2566.71
0.110769 2464.08
0.116806 2299.72
0.122832 2066.56
0.129052 1997.76
0.135211 1951.94
0.141259 1885.74
0.147318 1704.59
0.153489 1739.22
0.159709 1670.61
0.165845 1576.23
0.171974 1473.07
0.178125 1432.46
0.184229 1401.88
0.19034 1361.19
0.196428 1288.12
0.202534 1215.64
0.208729 1202.98
0.214876 1132.52
0.220989 1118.54
0.227147 1090.34
0.23329 1039.01
0.239377 992.451
0.245482 956.393
0.251667 947.381
0.257832 941.673
0.263955 892.087
0.270079 856.784
0.27624 820.053
0.282372 825.129
0.28843 758.151
0.294538 727.224
0.300721 721.897
0.30691 692.206
0.313033 677.495
0.319153 672.983
0.325316 653.195
0.33145 609.167
0.337538 599.409
0.343633 570.375
0.349808 575.41
0.355968 555.071
0.362074 537.136
0.368217 537.332
0.374374 518.055
0.380519 494.372
0.386598 474.357
0.392688 477.892
0.39888 472.755
0.405048 457.515
0.411186 447.845
0.417313 429.004
0.423458 415.515
0.429607 404.639
0.435692 401.313
0.441815 394.83
0.447964 380.171
0.454126 369.907
0.460267 367.902
0.466387 354.526
0.47254 340.183
0.478662 338.195
0.484765 331.032
0.490885 322.55
0.497035 319.703
0.503198 305.626
0.509342 301.581
0.515458 290.308
0.521598 290.639
0.527764 278.533
0.533884 269.56
0.54 273.851
0.546137 254.183
0.552299 257.628
0.558452 248.071
0.564573 236.574
0.570708 231.824
0.576825 232.793
0.582926 220.73
0.589034 214.223
0.595184 211.572
0.601379 204.905
0.607522 204.904
0.613639 199.686
0.619772 191.514
0.625918 191.446
0.632068 185.098
0.638161 179.274
0.6443 178.401
0.650464 175.974
0.656582 164.006
0.662703 162.04
0.668861 156.734
0.675024 157.266
0.681124 150.88
0.687237 149.319
0.693381 141.914
0.699536 139.774
0.705665 130.351
0.711789 136.006
0.717957 128.387
0.72409 126.728
0.730186 120.226
0.736317 118.264
0.742472 114.524
0.748622 112.822
0.75476 106.508
0.760888 107.257
0.767043 99.9377
0.773185 100.768
0.779291 98.0078
0.785407 97.8088
0.791564 93.0875
0.797719 87.6053
0.803834 87.5871
0.809972 84.6331
0.816124 79.4882
0.822261 76.0659
0.828378 74.4628
0.834502 74.7426
0.840667 72.3837
0.846816 67.9727
0.852925 69.302
0.859047 60.3974
0.865192 63.0541
0.871341 61.1994
0.877463 57.2102
0.883569 55.3823
0.889708 53.9327
0.895864 49.895
0.902008 45.4969
0.908149 47.8515
0.914301 42.2868
0.920448 42.4558
0.926574 39.3303
0.932687 38.3318
0.938823 37.6674
0.944975 33.9335
0.951105 31.438
0.957225 28.8624
0.963368 29.3447
0.969511 26.7099
0.975621 26.3301
0.981748 22.076
0.987916 21.5982
0.99406 19.7378
1.00019 18.8417
1.00632 16.5572
1.01246 16.8408
1.01859 13.8729
1.02471 11.2949
1.03085 9.5414
1.03698 10.5717
1.04314 9.22266
1.04929 5.40616
1.05541 6.26947
1.06154 4.40872
1.06769 2.81154
1.07382 2.51584
1.07993 -0.261346
1.08607 -0.291584
1.09222 -3.12439
1.09836 -4.09454
1.10449 -5.35429
1.11063 -6.97667
1.11677 -8.37872
1.1229 -10.4538
1.12903 -9.43967
1.13518 -11.8772
1.14131 -12.222
1.14745 -11.3806
1.15359 -14.9059
1.15973 -15.0186
1.16584 -18.0078
1.17197 -18.0161
1.17811 -18.6267
1.18424 -19.9568
1.19038 -18.0667
1.19652 -19.6544
1.20267 -20.7026
1.20881 -24.1675
1.21495 -26.0015
1.22108 -25.7292
1.2272 -24.5554
1.23334 -24.3617
1.23949 -26.1734
1.24562 -26.8353
1.25174 -28.0762
1.25789 -29.5757
1.26402 -30.405
1.27014 -30.4897
1.27628 -32.7929
1.28244 -32.1677
1.28858 -30.9204
1.29471 -33.4245
1.30084 -34.4541
1.30697 -35.0631
1.31312 -36.0425
1.31925 -35.8181
1.32537 -36.2145
1.33151 -36.6561
1.33765 -36.6228
1.34378 -36.1401
1.34992 -39.1086
1.35606 -38.2405
1.3622 -39.2108
1.36833 -38.2971
1.37445 -38.7965
1.38059 -40.4215
1.38675 -40.3522
1.39288 -41.3669
1.39901 -42.0288
1.40515 -41.2756
1.4113 -40.9481
1.41742 -41.9189
1.42355 -43.1379
1.4297 -44.1121
1.43585 -42.8731
1.44198 -44.7959
1.44809 -43.4082
1.45423 -43.9812
1.46036 -44.5992
1.46649 -45.6334
1.47263 -46.288
1.47877 -45.7755
1.48491 -47.4711
1.49104 -48.4788
1.49718 -47.245
1.50333 -47.1115
1.50947 -49.2483
1.5156 -47.9661
1.52172 -48.4586
1.52787 -48.8521
1.534 -48.267
1.54013 -48.7719
1.54627 -48.3493
1.55241 -50.1922
1.55855 -49.6898
1.56467 -50.4738
1.5708 -50.6817
