0.00783031 522.083
0.013688 3916.21
0.019231 -447.53
0.0249154 -486.306
0.0312784 -1285.25
0.0375637 616.998
0.0433917 952.649
0.0492413 224.647
0.0555754 388.691
0.0619321 1399.81
0.067871 484.025
0.0738098 726.399
0.0800417 476.828
0.0862327 824.971
0.0921407 837.124
0.0982031 748.478
0.104506 1031.36
0.110769 895.085
0.116806 882.667
0.122832 838.041
0.129052 951.498
0.135211 1012.03
0.141259 941.691
0.147318 1060.72
0.153489 1080.67
0.159709 1012.81
0.165845 1039.45
0.171974 1108.79
0.178125 1093.63
0.184229 1094.56
0.19034 1162.54
0.196428 1071.83
0.202534 1125.47
0.208729 1133.44
0.214876 1110.53
0.220989 1190.13
0.227147 1167.89
0.23329 1149.68
0.239377 1219.53
0.245482 1175.44
0.251667 1124.88
0.257832 1151.84
0.263955 1167.72
0.270079 1146.91
0.27624 1162.53
0.282372 1185.58
0.28843 1138.34
0.294538 1186.13
0.300721 1182.9
0.30691 1191.26
0.313033 1199.64
0.319153 1172.96
0.325316 1164.19
0.33145 1186.29
0.337538 1143.97
0.343633 1168.24
0.349808 1155.06
0.355968 1152.2
0.362074 1154.57
0.368217 1162.84
0.374374 1148.57
0.380519 1154.23
0.386598 1139.69
0.392688 1162.18
0.39888 1149.77
0.405048 1136.41
0.411186 1127.46
0.417313 1127.44
0.423458 1134.17
0.429607 1139.79
0.435692 1127.07
0.441815 1143.94
0.447964 1127.87
0.454126 1123.85
0.460267 1113.82
0.466387 1119.04
0.47254 1122.49
0.478662 1109.42
0.484765 1107.36
0.490885 1110.35
0.497035 1113.64
0.503198 1099.78
0.509342 1090.13
0.515458 1090.24
0.521598 1098.49
0.527764 1086.85
0.533884 1096.19
0.54 1097.02
0.546137 1079.04
0.552299 1079.89
0.558452 1071.3
0.564573 1079.21
0.570708 1070.99
0.576825 1082.78
0.582926 1074.65
0.589034 1068.98
0.595184 1060.13
0.601379 1060.36
0.607522 1054.91
0.613639 1063.36
0.619772 1040.76
0.625918 1049.19
0.632068 1038.35
0.638161 1037.32
0.6443 1040.47
0.650464 1036.68
0.656582 1037.42
0.662703 1032.9
0.668861 1025.25
0.675024 1029.13
0.681124 1015.11
0.687237 1015.97
0.693381 1017.77
0.699536 1012.13
0.705665 1006.32
0.711789 1007.77
0.717957 1005.33
0.72409 1000.28
0.730186 992.639
0.736317 989.441
0.742472 991.153
0.748622 988.252
0.75476 984.63
0.760888 986.099
0.767043 977.062
0.773185 982.72
0.779291 974.442
0.785407 972.896
0.791564 967.214
0.797719 967.205
0.803834 956.648
0.809972 956.295
0.816124 958.436
0.822261 949.332
0.828378 951.627
0.834502 944.955
0.840667 943.651
0.846816 943.94
0.852925 933.801
0.859047 931.333
0.865192 927.798
0.871341 922.201
0.877463 920.62
0.883569 923.524
0.889708 918.813
0.895864 914.939
0.902008 914.424
0.908149 912.266
0.914301 906.859
0.920448 905.879
0.926574 904.403
0.932687 898.46
0.938823 895.031
0.944975 887.451
0.951105 889.073
0.957225 881.816
0.963368 881.674
0.969511 878.154
0.975621 879.19
0.981748 871.475
0.987916 873.99
0.99406 864.01
1.00019 862.593
1.00632 860.654
1.01246 858.279
1.01859 853.571
1.02471 854.122
1.03085 848.984
1.03698 846.328
1.04314 844.443
1.04929 836.48
1.05541 834.467
1.06154 833.738
1.06769 831.309
1.07382 826.822
1.07993 822.733
1.08607 820.332
1.09222 817.782
1.09836 814.817
1.10449 815.18
1.11063 810.007
1.11677 805.381
1.1229 800.829
1.12903 800.594
1.13518 797.254
1.14131 792.312
1.14745 790.483
1.15359 790.174
1.15973 785.736
1.16584 784.963
1.17197 781.84
1.17811 779.699
1.18424 775.21
1.19038 773.172
1.19652 768.277
1.20267 765.49
1.20881 765.009
1.21495 759.911
1.22108 757.982
1.2272 756.104
1.23334 752.134
1.23949 747.018
1.24562 743.541
1.25174 744.928
1.25789 739.605
1.26402 737.304
1.27014 736.324
1.27628 730.908
1.28244 726.645
1.28858 725.077
1.29471 723.13
1.30084 720.423
1.30697 715.98
1.31312 714.568
1.31925 714.561
1.32537 708.565
1.33151 706.17
1.33765 702.421
1.34378 698.677
1.34992 695.86
1.35606 696.41
1.3622 691.935
1.36833 690.533
1.37445 688.214
1.38059 684.048
1.38675 678.526
1.39288 678.282
1.39901 676.94
1.40515 674.957
1.4113 670.998
1.41742 668.054
1.42355 662.986
1.4297 661.516
1.43585 660.405
1.44198 656.3
1.44809 655.803
1.45423 651.584
1.46036 649.403
1.46649 648.496
1.47263 644.594
1.47877 639.972
1.48491 639.189
1.49104 637.556
1.49718 633.225
1.50333 630.582
1.50947 628.259
1.5156 626.504
1.52172 623.61
1.52787 620.745
1.534 617.899
1.54013 615.539
1.54627 614.762
1.55241 610.382
1.55855 609.174
1.56467 606.113
1.5708 603.7
