0.00783031 104.738
0.013688 116.598
0.019231 116.217
0.0249154 105.469
0.0312784 85.8935
0.0375637 67.0387
0.0433917 45.1966
0.0492413 20.5839
0.0555754 15.8298
0.0619321 -2.41154
0.067871 -11.5634
0.0738098 -19.1482
0.0800417 -24.6853
0.0862327 -41.3503
0.0921407 -49.0484
0.0982031 -50.3028
0.104506 -57.9547
0.110769 -64.923
0.116806 -68.62
0.122832 -74.033
0.129052 -76.4971
0.135211 -85.7586
0.141259 -87.1601
0.147318 -89.7605
0.153489 -88.9105
0.159709 -90.5297
0.165845 -96.4349
0.171974 -98.3481
0.178125 -102.682
0.184229 -100.618
0.19034 -103.457
0.196428 -104.424
0.202534 -110.279
0.208729 -109.081
0.214876 -111.707
0.220989 -113.013
0.227147 -111.392
0.23329 -115.171
0.239377 -114.047
0.245482 -117.932
0.251667 -120.091
0.257832 -118.207
0.263955 -120.746
0.270079 -123.271
0.27624 -124.572
0.282372 -121.367
0.28843 -124.435
0.294538 -123.57
0.300721 -125.769
0.30691 -125.22
0.313033 -126.688
0.319153 -127.298
0.325316 -129.484
0.33145 -128.626
0.337538 -130.991
0.343633 -128.352
0.349808 -132.107
0.355968 -128.878
0.362074 -131.895
0.368217 -134.989
0.374374 -133.484
0.380519 -133.019
0.386598 -131.208
0.392688 -135.272
0.39888 -137.178
0.405048 -135.197
0.411186 -135.56
0.417313 -139.738
0.423458 -138.651
0.429607 -137.044
0.435692 -139.355
0.441815 -140.003
0.447964 -138.271
0.454126 -141.129
0.460267 -140.225
0.466387 -138.049
0.47254 -141.009
0.478662 -140.936
0.484765 -144.498
0.490885 -140.032
0.497035 -140.394
0.503198 -142.998
0.509342 -143.118
0.515458 -143.372
0.521598 -145.439
0.527764 -143.79
0.533884 -144.466
0.54 -143.883
0.546137 -147.698
0.552299 -143.396
0.558452 -144.812
0.564573 -150.87
0.570708 -147.214
0.576825 -146.282
0.582926 -148.346
0.589034 -147.064
0.595184 -147.905
0.601379 -147.196
0.607522 -148.256
0.613639 -147.399
0.619772 -149.605
0.625918 -149.43
0.632068 -148.446
0.638161 -152.462
0.6443 -151.372
0.650464 -151.058
0.656582 -151.102
0.662703 -152.549
0.668861 -151.001
0.675024 -150.665
0.681124 -151.263
0.687237 -151.703
0.693381 -151.426
0.699536 -151.712
0.705665 -153.497
0.711789 -153.291
0.717957 -153.33
0.72409 -152.714
0.730186 -153.713
0.736317 -155.654
0.742472 -153.463
0.748622 -153.16
0.75476 -153.804
0.760888 -153.803
0.767043 -154.835
0.773185 -154.216
0.779291 -155.04
0.785407 -155.131
0.791564 -155.253
0.797719 -155.146
0.803834 -154.53
0.809972 -157.636
0.816124 -155.245
0.822261 -155.646
0.828378 -157.145
0.834502 -155.614
0.840667 -155.33
0.846816 -156.686
0.852925 -156.383
0.859047 -156.57
0.865192 -156.448
0.871341 -158.734
0.877463 -156.988
0.883569 -155.849
0.889708 -156.708
0.895864 -156.897
0.902008 -156.626
0.908149 -157.8
0.914301 -157.435
0.920448 -158.901
0.926574 -156.382
0.932687 -157.791
0.938823 -157.374
0.944975 -156.79
0.951105 -157.402
0.957225 -157.654
0.963368 -157.633
0.969511 -157.689
0.975621 -157.99
0.981748 -158.183
0.987916 -157.849
0.99406 -158.963
1.00019 -158.754
1.00632 -157.79
1.01246 -158.464
1.01859 -159.673
1.02471 -159.379
1.03085 -158.393
1.03698 -158.348
1.04314 -158.414
1.04929 -159.193
1.05541 -158.923
1.06154 -158.607
1.06769 -157.974
1.07382 -158.531
1.07993 -159.11
1.08607 -159.075
1.09222 -160.215
1.09836 -159.252
1.10449 -158.371
1.11063 -158.73
1.11677 -159.495
1.1229 -159.112
1.12903 -156.785
1.13518 -160.081
1.14131 -158.835
1.14745 -158.534
1.15359 -158.644
1.15973 -159.171
1.16584 -159.073
1.17197 -158.123
1.17811 -158.528
1.18424 -158.504
1.19038 -158.785
1.19652 -159.157
1.20267 -158.28
1.20881 -159.176
1.21495 -158.252
1.22108 -158.971
1.2272 -159.947
1.23334 -158.903
1.23949 -157.842
1.24562 -158.008
1.25174 -159.328
1.25789 -157.304
1.26402 -157.136
1.27014 -158.051
1.27628 -158.503
1.28244 -158.347
1.28858 -157.914
1.29471 -157.485
1.30084 -157.974
1.30697 -157.976
1.31312 -157.948
1.31925 -157.07
1.32537 -157.937
1.33151 -157.089
1.33765 -157.143
1.34378 -157.295
1.34992 -157.147
1.35606 -156.856
1.3622 -156.43
1.36833 -157.026
1.37445 -156.146
1.38059 -156.183
1.38675 -156.12
1.39288 -156.653
1.39901 -156.114
1.40515 -156.47
1.4113 -156.381
1.41742 -156.378
1.42355 -155.268
1.4297 -155.675
1.43585 -155.811
1.44198 -155.448
1.44809 -155.34
1.45423 -154.727
1.46036 -155.488
1.46649 -155.046
1.47263 -154.958
1.47877 -154.606
1.48491 -154.638
1.49104 -154.919
1.49718 -153.81
1.50333 -153.85
1.50947 -153.869
1.5156 -153.185
1.52172 -153.619
1.52787 -153.482
1.534 -153.651
1.54013 -153.16
1.54627 -152.937
1.55241 -153.141
1.55855 -152.95
1.56467 -152.249
1.5708 -152.454
