0.00783031 1553.17
0.013688 -789.954
0.019231 -240.061
0.0249154 -46.9366
0.0312784 -479.963
0.0375637 292.093
0.0433917 -610.553
0.0492413 -346.071
0.0555754 -275.22
0.0619321 -209.869
0.067871 -189.267
0.0738098 -280.781
0.0800417 -228.933
0.0862327 -244.382
0.0921407 -294.702
0.0982031 -221.021
0.104506 -216.69
0.110769 -146.752
0.116806 -207.931
0.122832 -241.214
0.129052 -197.819
0.135211 -229.53
0.141259 -191.102
0.147318 -201.578
0.153489 -234.928
0.159709 -232.652
0.165845 -198.037
0.171974 -187.162
0.178125 -180.914
0.184229 -228.406
0.19034 -204.214
0.196428 -164.36
0.202534 -177.329
0.208729 -176.544
0.214876 -163.4
0.220989 -170.51
0.227147 -166.027
0.23329 -184.474
0.239377 -158.549
0.245482 -156.306
0.251667 -159.044
0.257832 -154.692
0.263955 -159.43
0.270079 -159.649
0.27624 -154.274
0.282372 -142.651
0.28843 -151.209
0.294538 -150.991
0.300721 -144.063
0.30691 -134.442
0.313033 -135.499
0.319153 -133.797
0.325316 -138.056
0.33145 -132.176
0.337538 -136.278
0.343633 -121.509
0.349808 -125.756
0.355968 -130.947
0.362074 -120.477
0.368217 -120.101
0.374374 -121.39
0.380519 -113.74
0.386598 -114.67
0.392688 -121.237
0.39888 -117.311
0.405048 -117.376
0.411186 -112.222
0.417313 -112.146
0.423458 -111.074
0.429607 -114.027
0.435692 -113.024
0.441815 -112.027
0.447964 -104.961
0.454126 -106.075
0.460267 -108.277
0.466387 -106.182
0.47254 -103.603
0.478662 -104.992
0.484765 -100.776
0.490885 -103.97
0.497035 -101.748
0.503198 -100.043
0.509342 -98.854
0.515458 -97.9744
0.521598 -98.8211
0.527764 -98.7832
0.533884 -96.3666
0.54 -95.6415
0.546137 -96.6191
0.552299 -94.3117
0.558452 -92.6058
0.564573 -91.6008
0.570708 -91.9255
0.576825 -92.2747
0.582926 -92.3724
0.589034 -88.7939
0.595184 -91.0213
0.601379 -90.0742
0.607522 -87.8174
0.613639 -89.0795
0.619772 -88.3854
0.625918 -89.119
0.632068 -86.6654
0.638161 -84.6067
0.6443 -85.2397
0.650464 -83.6194
0.656582 -83.3813
0.662703 -82.9845
0.668861 -82.3085
0.675024 -82.0597
0.681124 -81.4197
0.687237 -78.8385
0.693381 -79.7569
0.699536 -80.6464
0.705665 -78.185
0.711789 -79.5885
0.717957 -77.8047
0.72409 -77.8866
0.730186 -76.581
0.736317 -77.4919
0.742472 -77.6109
0.748622 -76.2154
0.75476 -74.9324
0.760888 -75.5489
0.767043 -76.4891
0.773185 -74.8049
0.779291 -75.3334
0.785407 -74.3657
0.791564 -72.4007
0.797719 -72.9083
0.803834 -72.1566
0.809972 -71.5263
0.816124 -71.1367
0.822261 -71.5358
0.828378 -71.4222
0.834502 -71.3951
0.840667 -70.2018
0.846816 -69.7711
0.852925 -69.7902
0.859047 -68.4648
0.865192 -68.2967
0.871341 -68.7652
0.877463 -67.371
0.883569 -66.815
0.889708 -65.7582
0.895864 -66.1563
0.902008 -65.7274
0.908149 -64.7531
0.914301 -65.0878
0.920448 -63.2438
0.926574 -63.6494
0.932687 -63.3944
0.938823 -63.5019
0.944975 -62.8369
0.951105 -62.3663
0.957225 -62.665
0.963368 -61.8849
0.969511 -61.5012
0.975621 -61.0839
0.981748 -59.8294
0.987916 -60.2665
0.99406 -60.1693
1.00019 -59.0851
1.00632 -60.1298
1.01246 -58.5813
1.01859 -58.767
1.02471 -58.3677
1.03085 -57.7551
1.03698 -57.9834
1.04314 -57.2035
1.04929 -56.3444
1.05541 -56.6618
1.06154 -56.128
1.06769 -56.0371
1.07382 -55.9374
1.07993 -55.8262
1.08607 -55.3784
1.09222 -54.845
1.09836 -54.737
1.10449 -54.0336
1.11063 -54.182
1.11677 -53.2767
1.1229 -53.5077
1.12903 -53.1501
1.13518 -52.8767
1.14131 -52.1763
1.14745 -51.9641
1.15359 -51.9329
1.15973 -51.6603
1.16584 -51.2493
1.17197 -50.8152
1.17811 -50.6371
1.18424 -50.4269
1.19038 -49.8944
1.19652 -49.454
1.20267 -49.4819
1.20881 -49.0388
1.21495 -49.2522
1.22108 -48.5414
1.2272 -47.8959
1.23334 -48.0633
1.23949 -47.073
1.24562 -47.4045
1.25174 -46.8645
1.25789 -46.8383
1.26402 -46.5921
1.27014 -45.8389
1.27628 -46.0965
1.28244 -45.7799
1.28858 -44.9441
1.29471 -45.1691
1.30084 -44.2891
1.30697 -44.8174
1.31312 -43.9214
1.31925 -43.7572
1.32537 -43.7966
1.33151 -43.792
1.33765 -43.2072
1.34378 -43.2544
1.34992 -43.2038
1.35606 -42.6134
1.3622 -42.152
1.36833 -41.8722
1.37445 -41.8761
1.38059 -41.3554
1.38675 -41.1397
1.39288 -40.9729
1.39901 -40.6195
1.40515 -41.1609
1.4113 -40.294
1.41742 -40.2176
1.42355 -39.9444
1.4297 -39.3682
1.43585 -39.387
1.44198 -38.8781
1.44809 -38.9926
1.45423 -38.6839
1.46036 -38.5429
1.46649 -38.4667
1.47263 -38.1637
1.47877 -37.8116
1.48491 -37.6041
1.49104 -36.8477
1.49718 -37.133
1.50333 -36.8825
1.50947 -36.6148
1.5156 -36.5349
1.52172 -35.992
1.52787 -35.8705
1.534 -35.646
1.54013 -35.6586
1.54627 -35.2505
1.55241 -35.1944
1.55855 -34.9114
1.56467 -34.6022
1.5708 -34.5331
