0.00783031 -6.16195
0.013688 18.9088
0.019231 2.32672
0.0249154 4.1852
0.0312784 -1.10735
0.0375637 0.474687
0.0433917 2.39072
0.0492413 4.252
0.0555754 6.33666
0.0619321 5.94004
0.067871 6.48703
0.0738098 6.32626
0.0800417 8.52217
0.0862327 9.24982
0.0921407 10.2012
0.0982031 10.579
0.104506 12.9415
0.110769 13.0366
0.116806 13.1014
0.122832 15.8343
0.129052 15.347
0.135211 17.2331
0.141259 19.377
0.147318 19.3908
0.153489 21.368
0.159709 22.6974
0.165845 23.366
0.171974 22.7778
0.178125 24.2941
0.184229 24.6639
0.19034 25.1014
0.196428 27.3438
0.202534 26.9241
0.208729 28.3623
0.214876 28.3908
0.220989 28.2591
0.227147 29.0094
0.23329 30.6566
0.239377 30.6868
0.245482 30.8929
0.251667 31.0922
0.257832 31.9729
0.263955 32.9251
0.270079 34.8607
0.27624 32.8226
0.282372 34.6271
0.28843 34.7633
0.294538 32.9475
0.300721 34.146
0.30691 35.1977
0.313033 34.5667
0.319153 35.5673
0.325316 34.6335
0.33145 35.7506
0.337538 34.8397
0.343633 35.2928
0.349808 35.4528
0.355968 34.6428
0.362074 35.5198
0.368217 35.5138
0.374374 35.1082
0.380519 35.3908
0.386598 34.3315
0.392688 33.8233
0.39888 34.1832
0.405048 34.8745
0.411186 34.6067
0.417313 34.7275
0.423458 34.0048
0.429607 32.6566
0.435692 33.0294
0.441815 32.7065
0.447964 32.5709
0.454126 32.1868
0.460267 31.8487
0.466387 31.3939
0.47254 31.1835
0.478662 30.6565
0.484765 30.5514
0.490885 30.3898
0.497035 29.6204
0.503198 29.0935
0.509342 28.054
0.515458 28.1681
0.521598 27.5563
0.527764 27.6457
0.533884 27.4623
0.54 26.5232
0.546137 26.2508
0.552299 25.7921
0.558452 25.6633
0.564573 25.1234
0.570708 24.994
0.576825 24.3286
0.582926 23.4363
0.589034 23.6509
0.595184 22.8794
0.601379 22.8154
0.607522 22.5734
0.613639 22.0756
0.619772 21.5053
0.625918 20.8203
0.632068 20.7783
0.638161 20.5397
0.6443 20.5753
0.650464 19.994
0.656582 19.4975
0.662703 19.3779
0.668861 19.639
0.675024 19.1466
0.681124 18.259
0.687237 18.0227
0.693381 18.0347
0.699536 17.7824
0.705665 17.7273
0.711789 17.908
0.717957 17.16
0.72409 16.663
0.730186 16.7001
0.736317 16.8346
0.742472 16.1447
0.748622 16.4494
0.75476 15.7508
0.760888 15.7094
0.767043 15.6988
0.773185 15.5028
0.779291 15.1765
0.785407 15.5063
0.791564 14.861
0.797719 15.481
0.803834 14.5398
0.809972 15.0918
0.816124 15.2864
0.822261 14.5646
0.828378 14.3581
0.834502 14.3616
0.840667 14.2664
0.846816 14.3144
0.852925 14.4005
0.859047 14.0414
0.865192 13.8497
0.871341 13.8165
0.877463 13.8205
0.883569 14.2011
0.889708 14.2378
0.895864 13.8924
0.902008 13.6884
0.908149 13.9911
0.914301 13.776
0.920448 13.76
0.926574 13.4541
0.932687 13.0727
0.938823 13.628
0.944975 13.4564
0.951105 13.4886
0.957225 13.879
0.963368 13.5175
0.969511 13.3351
0.975621 13.6535
0.981748 13.2446
0.987916 13.0656
0.99406 13.2244
1.00019 13.0918
1.00632 13.1597
1.01246 13.3111
1.01859 13.1026
1.02471 13.177
1.03085 13.1565
1.03698 13.1719
1.04314 13.0896
1.04929 13.1588
1.05541 13.374
1.06154 13.1165
1.06769 12.9312
1.07382 13.1443
1.07993 13.5291
1.08607 13.0702
1.09222 12.9826
1.09836 13.0155
1.10449 12.9264
1.11063 12.7843
1.11677 12.9007
1.1229 12.7438
1.12903 13.0057
1.13518 12.9469
1.14131 12.5472
1.14745 12.8418
1.15359 12.9171
1.15973 12.7711
1.16584 12.8005
1.17197 13.0985
1.17811 12.7674
1.18424 12.9965
1.19038 12.8156
1.19652 12.8141
1.20267 12.5696
1.20881 12.601
1.21495 12.5956
1.22108 12.4975
1.2272 12.7277
1.23334 12.5589
1.23949 12.168
1.24562 12.2351
1.25174 12.3626
1.25789 12.2438
1.26402 12.2636
1.27014 12.1871
1.27628 12.2184
1.28244 12.31
1.28858 12.3912
1.29471 12.1898
1.30084 12.3569
1.30697 12.2402
1.31312 12.3283
1.31925 12.1095
1.32537 12.0705
1.33151 11.9622
1.33765 11.8297
1.34378 12.0964
1.34992 11.9355
1.35606 11.8906
1.3622 11.7363
1.36833 12.1221
1.37445 11.6427
1.38059 12.0228
1.38675 11.7788
1.39288 12.0503
1.39901 11.5309
1.40515 11.586
1.4113 11.7032
1.41742 11.7477
1.42355 11.6421
1.4297 11.3849
1.43585 11.4511
1.44198 11.4814
1.44809 11.2835
1.45423 11.6329
1.46036 11.3704
1.46649 11.4379
1.47263 11.1596
1.47877 11.1868
1.48491 11.2357
1.49104 11.0158
1.49718 10.9384
1.50333 11.2047
1.50947 10.9868
1.5156 11.0655
1.52172 10.9656
1.52787 10.9835
1.534 10.9339
1.54013 10.9375
1.54627 10.8474
1.55241 10.8478
1.55855 10.589
1.56467 10.7206
1.5708 10.8335
