0.00783031 0.00132629
0.013688 0.00379167
0.019231 0.00947186
0.0249154 0.0203504
0.0312784 0.0341088
0.0375637 0.0532226
0.0433917 0.0856979
0.0492413 0.119077
0.0555754 0.177518
0.0619321 0.237935
0.067871 0.328852
0.0738098 0.430698
0.0800417 0.483484
0.0862327 0.615436
0.0921407 0.702786
0.0982031 0.845228
0.104506 0.967687
0.110769 1.14938
0.116806 1.31348
0.122832 1.4959
0.129052 1.66759
0.135211 1.97985
0.141259 2.15534
0.147318 2.25191
0.153489 2.54067
0.159709 2.83187
0.165845 3.06496
0.171974 3.3065
0.178125 3.58463
0.184229 3.8129
0.19034 4.2183
0.196428 4.6287
0.202534 4.85055
0.208729 5.10771
0.214876 5.6867
0.220989 5.97264
0.227147 6.24994
0.23329 6.56904
0.239377 7.06076
0.245482 7.38317
0.251667 7.69881
0.257832 8.13381
0.263955 8.7078
0.270079 9.0321
0.27624 9.53355
0.282372 10.0737
0.28843 10.2813
0.294538 10.7784
0.300721 11.2886
0.30691 11.7353
0.313033 12.2764
0.319153 12.6681
0.325316 13.3073
0.33145 13.7649
0.337538 14.4594
0.343633 14.7521
0.349808 15.2849
0.355968 16.1905
0.362074 16.3965
0.368217 17.1676
0.374374 17.5266
0.380519 18.1535
0.386598 19.003
0.392688 19.3381
0.39888 19.8681
0.405048 20.4615
0.411186 21.1758
0.417313 21.6898
0.423458 22.2104
0.429607 22.8779
0.435692 23.4763
0.441815 24.2499
0.447964 24.8581
0.454126 25.4219
0.460267 25.9812
0.466387 26.6941
0.47254 27.4605
0.478662 27.8682
0.484765 28.8324
0.490885 29.5906
0.497035 30.3117
0.503198 30.9137
0.509342 31.4803
0.515458 32.0935
0.521598 33.1369
0.527764 33.2291
0.533884 34.4167
0.54 34.9595
0.546137 35.6589
0.552299 36.3043
0.558452 37.5412
0.564573 37.8485
0.570708 38.6744
0.576825 39.3198
0.582926 40.0108
0.589034 40.8983
0.595184 41.981
0.601379 42.4921
0.607522 43.269
0.613639 43.9129
0.619772 44.6261
0.625918 45.4399
0.632068 46.2181
0.638161 47.2231
0.6443 47.9908
0.650464 48.6164
0.656582 49.4351
0.662703 50.5438
0.668861 51.1798
0.675024 51.5256
0.681124 52.7358
0.687237 53.3048
0.693381 54.3529
0.699536 55.4367
0.705665 56.4381
0.711789 56.5628
0.717957 57.7521
0.72409 58.6471
0.730186 59.6364
0.736317 60.1409
0.742472 61.3468
0.748622 62.0972
0.75476 62.7956
0.760888 63.7538
0.767043 64.6924
0.773185 65.7567
0.779291 65.9624
0.785407 67.1055
0.791564 68.008
0.797719 68.8499
0.803834 69.62
0.809972 70.5538
0.816124 72.0109
0.822261 72.3506
0.828378 73.5552
0.834502 74.4336
0.840667 75.3866
0.846816 75.799
0.852925 77.4317
0.859047 77.9617
0.865192 79.0055
0.871341 80.0019
0.877463 80.7489
0.883569 81.5953
0.889708 83.1889
0.895864 83.8578
0.902008 84.7761
0.908149 85.6918
0.914301 86.3507
0.920448 87.0527
0.926574 88.466
0.932687 89.1705
0.938823 90.5849
0.944975 91.5855
0.951105 92.0714
0.957225 93.1562
0.963368 93.9493
0.969511 95.5444
0.975621 96.2216
0.981748 96.884
0.987916 98.198
0.99406 99.4797
1.00019 100.024
1.00632 101.283
1.01246 102.398
1.01859 102.844
1.02471 104.088
1.03085 105.291
1.03698 106.605
1.04314 107.492
1.04929 108.061
1.05541 109.311
1.06154 110.729
1.06769 111.223
1.07382 112.693
1.07993 113.521
1.08607 114.76
1.09222 115.224
1.09836 116.468
1.10449 117.59
1.11063 119.128
1.11677 119.303
1.1229 120.744
1.12903 122.185
1.13518 123.395
1.14131 123.403
1.14745 124.474
1.15359 126.252
1.15973 126.944
1.16584 128.054
1.17197 129.314
1.17811 130.574
1.18424 131.342
1.19038 132.154
1.19652 133.553
1.20267 135.113
1.20881 135.89
1.21495 136.685
1.22108 137.652
1.2272 138.915
1.23334 139.983
1.23949 141.392
1.24562 142.865
1.25174 143.731
1.25789 144.649
1.26402 146.013
1.27014 147.033
1.27628 147.226
1.28244 149.6
1.28858 149.919
1.29471 151.058
1.30084 151.958
1.30697 153.617
1.31312 154.302
1.31925 155.845
1.32537 157.222
1.33151 157.944
1.33765 159.332
1.34378 160.434
1.34992 161.587
1.35606 162.52
1.3622 164.26
1.36833 165.013
1.37445 166.13
1.38059 166.873
1.38675 168.64
1.39288 169.429
1.39901 170.768
1.40515 171.679
1.4113 174.015
1.41742 174.08
1.42355 175.384
1.4297 176.63
1.43585 177.713
1.44198 178.463
1.44809 180.243
1.45423 180.872
1.46036 182.59
1.46649 183.332
1.47263 184.208
1.47877 185.459
1.48491 187.608
1.49104 187.901
1.49718 188.893
1.50333 190.728
1.50947 191.549
1.5156 193.04
1.52172 193.963
1.52787 195.082
1.534 195.992
1.54013 196.975
1.54627 198.37
1.55241 199.631
1.55855 200.861
1.56467 201.425
1.5708 202.571
