0.00783031 1196.97
0.013688 -142.123
0.019231 -619.894
0.0249154 221.847
0.0312784 -520.665
0.0375637 -14.624
0.0433917 570.204
0.0492413 335.567
0.0555754 706.679
0.0619321 440.318
0.067871 412.537
0.0738098 1025.1
0.0800417 1090.67
0.0862327 1017.15
0.0921407 820.118
0.0982031 920.345
0.104506 742.372
0.110769 825.786
0.116806 959.361
0.122832 1051.7
0.129052 1051.5
0.135211 1045.26
0.141259 1197.77
0.147318 1058.02
0.153489 1129.9
0.159709 1160.78
0.165845 1153.68
0.171974 1190.04
0.178125 1213.89
0.184229 1244.54
0.19034 1208.08
0.196428 1211.82
0.202534 1207.94
0.208729 1190.42
0.214876 1228.35
0.220989 1192.98
0.227147 1171.59
0.23329 1188.51
0.239377 1184.38
0.245482 1166.29
0.251667 1167.61
0.257832 1172.28
0.263955 1155.81
0.270079 1180.87
0.27624 1137.41
0.282372 1151.08
0.28843 1186.27
0.294538 1146.4
0.300721 1145.7
0.30691 1140.63
0.313033 1134.26
0.319153 1128.11
0.325316 1111.88
0.33145 1113.84
0.337538 1097.66
0.343633 1113.86
0.349808 1084.91
0.355968 1083.99
0.362074 1077.41
0.368217 1070.44
0.374374 1060.48
0.380519 1060.16
0.386598 1045.16
0.392688 1044.55
0.39888 1049.35
0.405048 1032.59
0.411186 1021.06
0.417313 1010.89
0.423458 1005.49
0.429607 984.844
0.435692 990.763
0.441815 991.856
0.447964 976.893
0.454126 963.797
0.460267 967.842
0.466387 954.061
0.47254 948.685
0.478662 943.575
0.484765 929.752
0.490885 924.812
0.497035 921.953
0.503198 914.138
0.509342 904.027
0.515458 895.824
0.521598 894.822
0.527764 879.193
0.533884 867.031
0.54 853.405
0.546137 856.862
0.552299 855.087
0.558452 842.389
0.564573 843.259
0.570708 835.588
0.576825 829.206
0.582926 821.104
0.589034 813.528
0.595184 808.133
0.601379 797.746
0.607522 794.381
0.613639 793.558
0.619772 783.36
0.625918 776.238
0.632068 768.223
0.638161 759.181
0.6443 754.607
0.650464 754.906
0.656582 745.436
0.662703 734.041
0.668861 733.449
0.675024 725.407
0.681124 715.654
0.687237 714.853
0.693381 705.947
0.699536 704.043
0.705665 695.285
0.711789 692.298
0.717957 686.171
0.72409 680.421
0.730186 674.899
0.736317 668.727
0.742472 664.068
0.748622 658.97
0.75476 653.986
0.760888 652.503
0.767043 643.039
0.773185 638.384
0.779291 633.327
0.785407 626.874
0.791564 621.552
0.797719 618.95
0.803834 612.491
0.809972 607.577
0.816124 603.604
0.822261 596.99
0.828378 589.274
0.834502 583.668
0.840667 585.97
0.846816 579.612
0.852925 573.581
0.859047 566.225
0.865192 562.615
0.871341 557.682
0.877463 553.117
0.883569 548.819
0.889708 545.705
0.895864 539.129
0.902008 535.274
0.908149 530.941
0.914301 523.539
0.920448 522.338
0.926574 518.994
0.932687 511.755
0.938823 507.468
0.944975 506.519
0.951105 498.192
0.957225 494.803
0.963368 492.816
0.969511 487.735
0.975621 482.578
0.981748 479.361
0.987916 476.299
0.99406 471.344
1.00019 469.547
1.00632 464.913
1.01246 461.78
1.01859 457.098
1.02471 450.807
1.03085 449.505
1.03698 445.6
1.04314 441.163
1.04929 436.528
1.05541 434.823
1.06154 430.476
1.06769 426.925
1.07382 422.659
1.07993 420.275
1.08607 417.651
1.09222 413.215
1.09836 409.197
1.10449 405.296
1.11063 402.412
1.11677 397.837
1.1229 397.868
1.12903 393.452
1.13518 389.147
1.14131 387.334
1.14745 384.606
1.15359 379.938
1.15973 378.994
1.16584 374.575
1.17197 372.328
1.17811 367.082
1.18424 366.349
1.19038 360.49
1.19652 360.077
1.20267 357.368
1.20881 353.064
1.21495 352.379
1.22108 349.709
1.2272 345.969
1.23334 344.296
1.23949 339.952
1.24562 336.064
1.25174 334.234
1.25789 332.623
1.26402 329.309
1.27014 326.925
1.27628 323.732
1.28244 321.614
1.28858 318.858
1.29471 317.163
1.30084 312.435
1.30697 311.133
1.31312 308.373
1.31925 304.931
1.32537 304.522
1.33151 302.352
1.33765 299.314
1.34378 297.994
1.34992 294.661
1.35606 291.247
1.3622 289.902
1.36833 287.406
1.37445 285.546
1.38059 283.105
1.38675 280.91
1.39288 278.461
1.39901 277.217
1.40515 275.151
1.4113 272.765
1.41742 270.11
1.42355 267.613
1.4297 265.649
1.43585 263.508
1.44198 261.104
1.44809 260.863
1.45423 257.817
1.46036 256.358
1.46649 253.109
1.47263 251.208
1.47877 249.75
1.48491 248.536
1.49104 245.496
1.49718 243.937
1.50333 242.201
1.50947 239.925
1.5156 237.878
1.52172 236.06
1.52787 235.029
1.534 233.275
1.54013 230.253
1.54627 229.337
1.55241 227.611
1.55855 225.295
1.56467 224.577
1.5708 222.567
