0.00783031 510.719
0.013688 -852.47
0.019231 -547.209
0.0249154 527.412
0.0312784 -1287.67
0.0375637 201.387
0.0433917 95.3404
0.0492413 -53.4894
0.0555754 564.189
0.0619321 132.648
0.067871 339.898
0.0738098 26.8469
0.0800417 505.348
0.0862327 642.15
0.0921407 889.49
0.0982031 715.459
0.104506 860.389
0.110769 803.749
0.116806 996.309
0.122832 887.745
0.129052 866.941
0.135211 1083.63
0.141259 1028.47
0.147318 1015.2
0.153489 1059.94
0.159709 1095.13
0.165845 1084.4
0.171974 1131.1
0.178125 1128.34
0.184229 1109.9
0.19034 1136.65
0.196428 1143.31
0.202534 1175.9
0.208729 1204.17
0.214876 1184.3
0.220989 1156.94
0.227147 1184.47
0.23329 1215.47
0.239377 1224.68
0.245482 1217.49
0.251667 1241.9
0.257832 1178.32
0.263955 1241.88
0.270079 1227.29
0.27624 1215.71
0.282372 1190.98
0.28843 1230.76
0.294538 1207.75
0.300721 1226.98
0.30691 1240.36
0.313033 1243.04
0.319153 1221.25
0.325316 1210.13
0.33145 1209.65
0.337538 1222.47
0.343633 1203.79
0.349808 1202.76
0.355968 1201.84
0.362074 1198.31
0.368217 1184.1
0.374374 1195.88
0.380519 1180.11
0.386598 1181.76
0.392688 1161.22
0.39888 1178.98
0.405048 1173.64
0.411186 1189.11
0.417313 1177.3
0.423458 1164.75
0.429607 1165.44
0.435692 1186.78
0.441815 1167.64
0.447964 1147.83
0.454126 1170.31
0.460267 1138.38
0.466387 1150.59
0.47254 1152.77
0.478662 1168.82
0.484765 1156.43
0.490885 1158.7
0.497035 1135.29
0.503198 1120.89
0.509342 1134.21
0.515458 1125.72
0.521598 1113.93
0.527764 1114.67
0.533884 1116.93
0.54 1115.64
0.546137 1117.04
0.552299 1112.5
0.558452 1103.62
0.564573 1104.77
0.570708 1110.54
0.576825 1095.09
0.582926 1101.87
0.589034 1092.91
0.595184 1083.09
0.601379 1073.19
0.607522 1073.78
0.613639 1083.91
0.619772 1072.94
0.625918 1070.6
0.632068 1071.71
0.638161 1062.56
0.6443 1064.63
0.650464 1059.57
0.656582 1058.98
0.662703 1054.81
0.668861 1047.7
0.675024 1039.75
0.681124 1040.59
0.687237 1048.17
0.693381 1030.82
0.699536 1034.19
0.705665 1031.37
0.711789 1026.18
0.717957 1023.54
0.72409 1018.85
0.730186 1008.11
0.736317 1012.63
0.742472 1007.68
0.748622 1007.35
0.75476 1003.47
0.760888 989.73
0.767043 995.989
0.773185 988.076
0.779291 986.706
0.785407 988.184
0.791564 979.819
0.797719 974.876
0.803834 977.771
0.809972 976.907
0.816124 966.899
0.822261 960.655
0.828378 954.347
0.834502 955.026
0.840667 950.573
0.846816 943.379
0.852925 944.711
0.859047 937.624
0.865192 944.624
0.871341 934.124
0.877463 929.087
0.883569 927.599
0.889708 921.712
0.895864 920.635
0.902008 917.346
0.908149 917.604
0.914301 909.38
0.920448 911.466
0.926574 903.901
0.932687 905.06
0.938823 900.605
0.944975 894.636
0.951105 893.788
0.957225 889.22
0.963368 886.922
0.969511 875.368
0.975621 873.226
0.981748 873.206
0.987916 870.124
0.99406 865.073
1.00019 865.938
1.00632 859.444
1.01246 853.385
1.01859 855.936
1.02471 849.618
1.03085 843.173
1.03698 841.624
1.04314 839.133
1.04929 834.027
1.05541 828.935
1.06154 829.69
1.06769 824.687
1.07382 822.531
1.07993 819.38
1.08607 817.182
1.09222 815.456
1.09836 807.806
1.10449 807.678
1.11063 801.32
1.11677 799.689
1.1229 795.16
1.12903 793.226
1.13518 789.35
1.14131 787.042
1.14745 778.724
1.15359 778.664
1.15973 776.679
1.16584 767.202
1.17197 767.158
1.17811 763.834
1.18424 760.441
1.19038 759.537
1.19652 755.419
1.20267 751.926
1.20881 749.076
1.21495 746.34
1.22108 741.789
1.2272 737.145
1.23334 733.729
1.23949 732.064
1.24562 732.26
1.25174 724.926
1.25789 722.72
1.26402 717.757
1.27014 715.94
1.27628 712.047
1.28244 707.357
1.28858 705.509
1.29471 704.188
1.30084 699.59
1.30697 696.52
1.31312 694.902
1.31925 689.228
1.32537 686.959
1.33151 686.272
1.33765 678.449
1.34378 673.977
1.34992 677.132
1.35606 671.708
1.3622 670.014
1.36833 663.291
1.37445 664.563
1.38059 657.98
1.38675 657.381
1.39288 653.706
1.39901 653.319
1.40515 647.791
1.4113 643.909
1.41742 644.422
1.42355 639.126
1.4297 634.563
1.43585 633.143
1.44198 628.151
1.44809 626.891
1.45423 624.725
1.46036 618.403
1.46649 616.759
1.47263 613.185
1.47877 612.798
1.48491 608.884
1.49104 602.553
1.49718 603.072
1.50333 598.869
1.50947 597.594
1.5156 593.956
1.52172 592.208
1.52787 588.205
1.534 585.118
1.54013 582.341
1.54627 580.778
1.55241 577.431
1.55855 575.698
1.56467 571.988
1.5708 568.688
