0.00783031 20868.7
0.013688 26520.2
0.019231 26022.7
0.0249154 24390.1
0.0312784 21365.8
0.0375637 18335.4
0.0433917 16293.4
0.0492413 14390.4
0.0555754 13122.7
0.0619321 12582.9
0.067871 11649.1
0.0738098 10677
0.0800417 9706.38
0.0862327 8842.19
0.0921407 8300.29
0.0982031 7577.45
0.104506 6904.23
0.110769 6740.21
0.116806 6338.73
0.122832 6175.62
0.129052 5537.46
0.135211 5592.72
0.141259 5345.82
0.147318 5034.07
0.153489 4734.55
0.159709 4525.2
0.165845 4332.71
0.171974 4225.07
0.178125 4076.84
0.184229 3931.35
0.19034 3808.55
0.196428 3725.16
0.202534 3671.53
0.208729 3579.21
0.214876 3484.04
0.220989 3272.38
0.227147 3213.24
0.23329 3197.71
0.239377 3108.85
0.245482 3041.96
0.251667 2947.22
0.257832 2907.85
0.263955 2858.42
0.270079 2796.23
0.27624 2750.72
0.282372 2702.22
0.28843 2678.35
0.294538 2617.64
0.300721 2569.2
0.30691 2582.34
0.313033 2493.13
0.319153 2433.82
0.325316 2388.93
0.33145 2371.19
0.337538 2354.73
0.343633 2331.91
0.349808 2297.37
0.355968 2260.47
0.362074 2204.82
0.368217 2162.7
0.374374 2156.7
0.380519 2136.12
0.386598 2098.63
0.392688 2093.08
0.39888 2071.15
0.405048 2035.85
0.411186 2029.9
0.417313 2006.43
0.423458 1969.62
0.429607 1951.2
0.435692 1944.33
0.441815 1921.39
0.447964 1890.79
0.454126 1871.57
0.460267 1849.1
0.466387 1830.9
0.47254 1828.93
0.478662 1799.95
0.484765 1792.86
0.490885 1776.99
0.497035 1755.34
0.503198 1747.64
0.509342 1735.9
0.515458 1714.01
0.521598 1698.82
0.527764 1693.78
0.533884 1664.86
0.54 1650.32
0.546137 1648.5
0.552299 1617.41
0.558452 1618.89
0.564573 1601.1
0.570708 1587.49
0.576825 1582.46
0.582926 1572.21
0.589034 1568.96
0.595184 1549.84
0.601379 1546.71
0.607522 1510.96
0.613639 1504.52
0.619772 1501.11
0.625918 1495.84
0.632068 1485.86
0.638161 1466.71
0.6443 1462.02
0.650464 1449.72
0.656582 1436.98
0.662703 1431.37
0.668861 1428.1
0.675024 1414.04
0.681124 1398.03
0.687237 1388.4
0.693381 1385.39
0.699536 1367.77
0.705665 1362.68
0.711789 1341.46
0.717957 1336.17
0.72409 1332.65
0.730186 1323.39
0.736317 1305.51
0.742472 1309.84
0.748622 1297.73
0.75476 1291.72
0.760888 1274.61
0.767043 1276.58
0.773185 1267.28
0.779291 1255.36
0.785407 1243.77
0.791564 1240.8
0.797719 1227
0.803834 1229.01
0.809972 1214.09
0.816124 1209.72
0.822261 1205.14
0.828378 1194.1
0.834502 1188.08
0.840667 1183.96
0.846816 1165.87
0.852925 1159.54
0.859047 1151.59
0.865192 1151.5
0.871341 1144.99
0.877463 1139.4
0.883569 1131
0.889708 1119.98
0.895864 1117.6
0.902008 1106.82
0.908149 1101.33
0.914301 1096.68
0.920448 1088.74
0.926574 1076.36
0.932687 1076.59
0.938823 1065.48
0.944975 1061.76
0.951105 1057.54
0.957225 1042.89
0.963368 1042.77
0.969511 1037.31
0.975621 1026.59
0.981748 1020.86
0.987916 1018.87
0.99406 1014
1.00019 999.206
1.00632 992.798
1.01246 989.391
1.01859 984.926
1.02471 983.775
1.03085 974.355
1.03698 965.885
1.04314 957.012
1.04929 953.525
1.05541 948.823
1.06154 939.71
1.06769 940.328
1.07382 932.127
1.07993 926.166
1.08607 925.292
1.09222 917.742
1.09836 906.854
1.10449 901.701
1.11063 898.022
1.11677 891.843
1.1229 888.586
1.12903 883.131
1.13518 878.517
1.14131 871.879
1.14745 866.748
1.15359 860.836
1.15973 858.07
1.16584 853.8
1.17197 843.278
1.17811 838.777
1.18424 837.553
1.19038 828.12
1.19652 823.755
1.20267 821.864
1.20881 816.075
1.21495 806.576
1.22108 807.109
1.2272 802.194
1.23334 796.872
1.23949 791.952
1.24562 785.997
1.25174 781.52
1.25789 776.716
1.26402 772.801
1.27014 769.175
1.27628 764.381
1.28244 760.673
1.28858 757.876
1.29471 749.993
1.30084 746.432
1.30697 742.446
1.31312 738.281
1.31925 733.997
1.32537 729.703
1.33151 723.427
1.33765 721.789
1.34378 717.271
1.34992 714.03
1.35606 708.487
1.3622 703.422
1.36833 701.112
1.37445 694.883
1.38059 692.718
1.38675 690.405
1.39288 685.19
1.39901 678.876
1.40515 676.627
1.4113 671.55
1.41742 669.811
1.42355 664.385
1.4297 660.595
1.43585 657.334
1.44198 650.321
1.44809 649.072
1.45423 646.102
1.46036 640.565
1.46649 637.757
1.47263 635.287
1.47877 629.888
1.48491 627.953
1.49104 623.236
1.49718 620.596
1.50333 616.878
1.50947 613.405
1.5156 609.777
1.52172 606.091
1.52787 603.035
1.534 599.41
1.54013 596.05
1.54627 591.62
1.55241 589.837
1.55855 586.191
1.56467 583.768
1.5708 578.015
