0.00783031 1780.26
0.013688 1400.51
0.019231 564.445
0.0249154 -345.886
0.0312784 553.142
0.0375637 960.668
0.0433917 -243.821
0.0492413 -158.178
0.0555754 30.8556
0.0619321 -123.809
0.067871 -107.067
0.0738098 -310.027
0.0800417 -194.779
0.0862327 -181.609
0.0921407 -82.8885
0.0982031 -182.832
0.104506 -249.851
0.110769 -180.904
0.116806 -265.139
0.122832 -230.032
0.129052 -245.81
0.135211 -215.729
0.141259 -300.489
0.147318 -181.037
0.153489 -247.11
0.159709 -208.736
0.165845 -217.723
0.171974 -280.667
0.178125 -230.03
0.184229 -232.311
0.19034 -245.584
0.196428 -243.571
0.202534 -249.376
0.208729 -225.929
0.214876 -229.397
0.220989 -254.983
0.227147 -240.914
0.23329 -231.199
0.239377 -229.344
0.245482 -230.136
0.251667 -225.92
0.257832 -228.178
0.263955 -223.639
0.270079 -235.634
0.27624 -220.413
0.282372 -210.383
0.28843 -227.319
0.294538 -226.443
0.300721 -215.547
0.30691 -213.631
0.313033 -206.134
0.319153 -218.585
0.325316 -210.538
0.33145 -208.085
0.337538 -208.038
0.343633 -210.278
0.349808 -198.47
0.355968 -192.718
0.362074 -192.261
0.368217 -196.379
0.374374 -204.522
0.380519 -204.957
0.386598 -194.9
0.392688 -198.988
0.39888 -196.036
0.405048 -194.224
0.411186 -197.387
0.417313 -188.838
0.423458 -181.12
0.429607 -188.14
0.435692 -190.204
0.441815 -186.369
0.447964 -186.272
0.454126 -184.64
0.460267 -181.746
0.466387 -184.674
0.47254 -184.661
0.478662 -181.058
0.484765 -175.676
0.490885 -180.846
0.497035 -175.633
0.503198 -176.472
0.509342 -170.731
0.515458 -175.255
0.521598 -172.124
0.527764 -174.782
0.533884 -172.794
0.54 -167.081
0.546137 -168.131
0.552299 -165.421
0.558452 -166.915
0.564573 -164.127
0.570708 -166.787
0.576825 -162.815
0.582926 -163.535
0.589034 -161.041
0.595184 -162.231
0.601379 -163.18
0.607522 -158.52
0.613639 -159.194
0.619772 -159.123
0.625918 -159.417
0.632068 -156.976
0.638161 -156.117
0.6443 -157.077
0.650464 -156.169
0.656582 -156.755
0.662703 -155.772
0.668861 -152.803
0.675024 -152.606
0.681124 -152.736
0.687237 -151.693
0.693381 -152.099
0.699536 -153.22
0.705665 -151.179
0.711789 -150.786
0.717957 -148.304
0.72409 -148.007
0.730186 -146.475
0.736317 -145.035
0.742472 -147.798
0.748622 -147.328
0.75476 -145.935
0.760888 -144.493
0.767043 -147.171
0.773185 -144.661
0.779291 -141.032
0.785407 -142.214
0.791564 -140.568
0.797719 -140.079
0.803834 -140.354
0.809972 -139.467
0.816124 -140.631
0.822261 -137.666
0.828378 -138.911
0.834502 -138.308
0.840667 -137.433
0.846816 -135.206
0.852925 -134.69
0.859047 -134.845
0.865192 -133.88
0.871341 -132.871
0.877463 -135.202
0.883569 -132.928
0.889708 -134.362
0.895864 -131.72
0.902008 -132.439
0.908149 -130.968
0.914301 -130.503
0.920448 -129.839
0.926574 -128.884
0.932687 -128.594
0.938823 -126.381
0.944975 -127.9
0.951105 -127.518
0.957225 -124.983
0.963368 -127.086
0.969511 -126.409
0.975621 -126.18
0.981748 -124.111
0.987916 -124.207
0.99406 -124.04
1.00019 -122.982
1.00632 -120.502
1.01246 -122.57
1.01859 -121.439
1.02471 -120.437
1.03085 -120.574
1.03698 -119.43
1.04314 -118.473
1.04929 -117.922
1.05541 -116.523
1.06154 -116.433
1.06769 -117.493
1.07382 -116.862
1.07993 -116.508
1.08607 -116.168
1.09222 -114.925
1.09836 -114.456
1.10449 -113.802
1.11063 -113.034
1.11677 -112.036
1.1229 -111.63
1.12903 -111.4
1.13518 -111.844
1.14131 -110.29
1.14745 -111.1
1.15359 -109.094
1.15973 -109.382
1.16584 -108.986
1.17197 -107.476
1.17811 -107.65
1.18424 -107.671
1.19038 -106.431
1.19652 -106.743
1.20267 -106.071
1.20881 -105.467
1.21495 -103.645
1.22108 -104.089
1.2272 -103.264
1.23334 -103.358
1.23949 -102.385
1.24562 -101.465
1.25174 -100.859
1.25789 -101.351
1.26402 -100.764
1.27014 -100.421
1.27628 -99.6732
1.28244 -98.6762
1.28858 -99.1653
1.29471 -98.0886
1.30084 -98.3038
1.30697 -97.6629
1.31312 -97.0804
1.31925 -96.281
1.32537 -95.8851
1.33151 -95.6736
1.33765 -95.2624
1.34378 -95.2773
1.34992 -93.8621
1.35606 -93.5265
1.3622 -92.9154
1.36833 -92.5461
1.37445 -92.36
1.38059 -92.2272
1.38675 -91.8102
1.39288 -91.7439
1.39901 -90.5203
1.40515 -90.4951
1.4113 -89.8237
1.41742 -89.0496
1.42355 -88.774
1.4297 -88.206
1.43585 -88.0549
1.44198 -87.2125
1.44809 -86.9488
1.45423 -87.1731
1.46036 -86.1726
1.46649 -85.6412
1.47263 -85.7752
1.47877 -85.0675
1.48491 -84.4253
1.49104 -83.7256
1.49718 -83.4808
1.50333 -84.0451
1.50947 -82.8471
1.5156 -82.8754
1.52172 -82.3863
1.52787 -81.5671
1.534 -81.6215
1.54013 -81.2439
1.54627 -80.6051
1.55241 -80.6673
1.55855 -80.0908
1.56467 -79.6132
1.5708 -78.5995
