0.00783031 12462.2
0.013688 15393
0.019231 11451
0.0249154 9162.37
0.0312784 11112.8
0.0375637 8382.32
0.0433917 8993.91
0.0492413 8042.11
0.0555754 8857.64
0.0619321 9069.56
0.067871 8835.46
0.0738098 8452.41
0.0800417 8795
0.0862327 8239.67
0.0921407 8320.06
0.0982031 7666.67
0.104506 7918.36
0.110769 7715.71
0.116806 7492.27
0.122832 7405.01
0.129052 7429.16
0.135211 7014.8
0.141259 7169.82
0.147318 6807.89
0.153489 6830.1
0.159709 6431.23
0.165845 6612.2
0.171974 6454.76
0.178125 6293.42
0.184229 6164.88
0.19034 6265.05
0.196428 5953.26
0.202534 5981.22
0.208729 5854.37
0.214876 5811.85
0.220989 5718.36
0.227147 5720.59
0.23329 5529.06
0.239377 5496.25
0.245482 5437.87
0.251667 5299.49
0.257832 5340.32
0.263955 5315.49
0.270079 5248.58
0.27624 5226.46
0.282372 5157.37
0.28843 5147.72
0.294538 5134.68
0.300721 5084.98
0.30691 4954.54
0.313033 4933.57
0.319153 4892.14
0.325316 4840.93
0.33145 4814.42
0.337538 4795.17
0.343633 4739.81
0.349808 4706.37
0.355968 4673.09
0.362074 4730.81
0.368217 4572.98
0.374374 4595.34
0.380519 4528.75
0.386598 4504.88
0.392688 4476.34
0.39888 4446.73
0.405048 4388.63
0.411186 4414.31
0.417313 4322.96
0.423458 4315.33
0.429607 4307.55
0.435692 4298.45
0.441815 4249.2
0.447964 4226.59
0.454126 4263.12
0.460267 4155.39
0.466387 4190.03
0.47254 4169.45
0.478662 4148.18
0.484765 4101.67
0.490885 4112.16
0.497035 4086.01
0.503198 4073.59
0.509342 4074.78
0.515458 4018.84
0.521598 3966.09
0.527764 3958.42
0.533884 3965.97
0.54 3975.01
0.546137 3918.03
0.552299 3896.24
0.558452 3851.29
0.564573 3872.35
0.570708 3853.71
0.576825 3861.76
0.582926 3849.6
0.589034 3768.22
0.595184 3778.06
0.601379 3760.41
0.607522 3764.44
0.613639 3748.07
0.619772 3703.3
0.625918 3696.61
0.632068 3693.35
0.638161 3678.03
0.6443 3645.76
0.650464 3671.03
0.656582 3628.71
0.662703 3629.07
0.668861 3598.76
0.675024 3572.04
0.681124 3567.91
0.687237 3568.38
0.693381 3548.14
0.699536 3545.34
0.705665 3533.65
0.711789 3524.14
0.717957 3495.16
0.72409 3481.37
0.730186 3493.58
0.736317 3480.84
0.742472 3476.39
0.748622 3459.3
0.75476 3455.18
0.760888 3429.23
0.767043 3407.36
0.773185 3408.17
0.779291 3409.71
0.785407 3387.94
0.791564 3374.68
0.797719 3363.87
0.803834 3346.4
0.809972 3335.36
0.816124 3345.12
0.822261 3334.04
0.828378 3320.99
0.834502 3306.12
0.840667 3295.74
0.846816 3295.24
0.852925 3282.94
0.859047 3259.35
0.865192 3259.72
0.871341 3254.55
0.877463 3236.21
0.883569 3211.85
0.889708 3211.96
0.895864 3221.74
0.902008 3199.68
0.908149 3181.72
0.914301 3160.17
0.920448 3167.92
0.926574 3143.43
0.932687 3142.67
0.938823 3141.87
0.944975 3124.42
0.951105 3131.71
0.957225 3101.04
0.963368 3093.62
0.969511 3069.01
0.975621 3079.4
0.981748 3052.54
0.987916 3053.62
0.99406 3049.28
1.00019 3043.54
1.00632 3039.85
1.01246 3021.92
1.01859 3014.82
1.02471 3022.83
1.03085 2995.18
1.03698 2990.1
1.04314 2980.03
1.04929 2972.08
1.05541 2965.42
1.06154 2969.37
1.06769 2950.17
1.07382 2938.09
1.07993 2929.48
1.08607 2913.78
1.09222 2920.73
1.09836 2892.06
1.10449 2911.74
1.11063 2898.28
1.11677 2882.35
1.1229 2887.35
1.12903 2872.2
1.13518 2856.63
1.14131 2843.26
1.14745 2853.04
1.15359 2849.66
1.15973 2837.72
1.16584 2832.34
1.17197 2810.65
1.17811 2806.17
1.18424 2793.47
1.19038 2785.22
1.19652 2782.93
1.20267 2773.26
1.20881 2766.93
1.21495 2760.46
1.22108 2759.61
1.2272 2758.23
1.23334 2743.55
1.23949 2735.03
1.24562 2730.19
1.25174 2714.4
1.25789 2711.51
1.26402 2702.79
1.27014 2700.09
1.27628 2691.99
1.28244 2685.83
1.28858 2674.04
1.29471 2678.87
1.30084 2661.38
1.30697 2660.21
1.31312 2642.61
1.31925 2631.35
1.32537 2637.13
1.33151 2631.83
1.33765 2618.27
1.34378 2613.8
1.34992 2604.58
1.35606 2592.65
1.3622 2593.19
1.36833 2588.1
1.37445 2585.51
1.38059 2574.83
1.38675 2567.67
1.39288 2559.49
1.39901 2556.58
1.40515 2535.25
1.4113 2541.62
1.41742 2536.21
1.42355 2534.23
1.4297 2516.25
1.43585 2502.97
1.44198 2515
1.44809 2488.43
1.45423 2493.94
1.46036 2487.62
1.46649 2470.54
1.47263 2478.85
1.47877 2473.61
1.48491 2454.58
1.49104 2461.03
1.49718 2451.57
1.50333 2450.72
1.50947 2435.76
1.5156 2440.56
1.52172 2429.04
1.52787 2421.59
1.534 2411.9
1.54013 2411.75
1.54627 2407.25
1.55241 2403.35
1.55855 2392.49
1.56467 2378.75
1.5708 2383.07
