0.00783031 -14.6334
0.013688 -21.9914
0.019231 -28.1007
0.0249154 -31.7328
0.0312784 -35.915
0.0375637 -39.0438
0.0433917 -40.8332
0.0492413 -47.8121
0.0555754 -51.0127
0.0619321 -58.0544
0.067871 -61.7685
0.0738098 -67.1807
0.0800417 -69.1136
0.0862327 -72.7866
0.0921407 -71.4486
0.0982031 -71.5847
0.104506 -72.6459
0.110769 -73.6272
0.116806 -79.7014
0.122832 -84.7362
0.129052 -83.6571
0.135211 -89.5471
0.141259 -90.7167
0.147318 -93.1559
0.153489 -93.1487
0.159709 -91.5057
0.165845 -94.6471
0.171974 -90.9788
0.178125 -95.4086
0.184229 -97.8291
0.19034 -101.301
0.196428 -102.48
0.202534 -103.935
0.208729 -103.538
0.214876 -101.902
0.220989 -104.178
0.227147 -105.767
0.23329 -105.324
0.239377 -106.789
0.245482 -104.495
0.251667 -108.276
0.257832 -106.687
0.263955 -108.896
0.270079 -110.276
0.27624 -109.927
0.282372 -111.441
0.28843 -110.721
0.294538 -110.888
0.300721 -112.331
0.30691 -113.202
0.313033 -112.381
0.319153 -114.566
0.325316 -114.458
0.33145 -116.475
0.337538 -114.712
0.343633 -114.438
0.349808 -117.485
0.355968 -118.128
0.362074 -117.856
0.368217 -119.395
0.374374 -117.825
0.380519 -118.104
0.386598 -117.873
0.392688 -118.473
0.39888 -119.184
0.405048 -118.955
0.411186 -120.443
0.417313 -119.556
0.423458 -122.122
0.429607 -121.321
0.435692 -120.108
0.441815 -123.915
0.447964 -122.292
0.454126 -122.008
0.460267 -122.633
0.466387 -121.718
0.47254 -121.623
0.478662 -122.696
0.484765 -124.126
0.490885 -123.506
0.497035 -122.444
0.503198 -122.783
0.509342 -123.756
0.515458 -124.441
0.521598 -122.973
0.527764 -124.612
0.533884 -124.378
0.54 -125.603
0.546137 -125.597
0.552299 -125.449
0.558452 -122.742
0.564573 -126.207
0.570708 -123.704
0.576825 -124.986
0.582926 -124.242
0.589034 -123.798
0.595184 -124.015
0.601379 -126.382
0.607522 -125.46
0.613639 -123.779
0.619772 -124.173
0.625918 -125.041
0.632068 -125.355
0.638161 -124.633
0.6443 -124.197
0.650464 -125.438
0.656582 -123.9
0.662703 -126.143
0.668861 -124.956
0.675024 -125.092
0.681124 -126.069
0.687237 -126.678
0.693381 -125.944
0.699536 -125.911
0.705665 -125.858
0.711789 -127.47
0.717957 -126.325
0.72409 -126.531
0.730186 -125.521
0.736317 -125.627
0.742472 -126.69
0.748622 -126.129
0.75476 -124.46
0.760888 -125.832
0.767043 -125.931
0.773185 -125.85
0.779291 -126.256
0.785407 -125.931
0.791564 -124.826
0.797719 -125.967
0.803834 -126.802
0.809972 -125.452
0.816124 -125.454
0.822261 -124.471
0.828378 -125.388
0.834502 -124.806
0.840667 -125.391
0.846816 -125.175
0.852925 -124.674
0.859047 -126.144
0.865192 -127.075
0.871341 -126.089
0.877463 -126.022
0.883569 -125.829
0.889708 -124.246
0.895864 -124.545
0.902008 -124.631
0.908149 -124.984
0.914301 -124.036
0.920448 -125.13
0.926574 -124.209
0.932687 -123.903
0.938823 -124.278
0.944975 -124.895
0.951105 -123.784
0.957225 -124.841
0.963368 -123.807
0.969511 -123.71
0.975621 -122.653
0.981748 -125.367
0.987916 -122.251
0.99406 -124.251
1.00019 -123.37
1.00632 -122.687
1.01246 -124.053
1.01859 -123.728
1.02471 -122.021
1.03085 -122.203
1.03698 -121.612
1.04314 -122.264
1.04929 -123.079
1.05541 -120.787
1.06154 -121.438
1.06769 -122.811
1.07382 -122.595
1.07993 -121.373
1.08607 -122.154
1.09222 -122.095
1.09836 -121.11
1.10449 -121.551
1.11063 -120.341
1.11677 -121.778
1.1229 -120.67
1.12903 -120.548
1.13518 -120.038
1.14131 -120.862
1.14745 -119.662
1.15359 -119.234
1.15973 -119.502
1.16584 -119.811
1.17197 -119.011
1.17811 -119.182
1.18424 -118.097
1.19038 -119.777
1.19652 -117.959
1.20267 -118.606
1.20881 -118.187
1.21495 -118.791
1.22108 -118.309
1.2272 -118.126
1.23334 -118.26
1.23949 -117.774
1.24562 -117.732
1.25174 -117.005
1.25789 -116.646
1.26402 -117.689
1.27014 -118.187
1.27628 -117.359
1.28244 -116.878
1.28858 -116.836
1.29471 -117.394
1.30084 -116.191
1.30697 -116.296
1.31312 -116.774
1.31925 -116.304
1.32537 -115.705
1.33151 -115.49
1.33765 -114.842
1.34378 -114.458
1.34992 -115.321
1.35606 -114.701
1.3622 -115.687
1.36833 -115.143
1.37445 -115.274
1.38059 -114.917
1.38675 -113.593
1.39288 -113.721
1.39901 -113.382
1.40515 -114.406
1.4113 -113.204
1.41742 -113.04
1.42355 -112.942
1.4297 -113.314
1.43585 -113.08
1.44198 -112.789
1.44809 -112.194
1.45423 -112.032
1.46036 -111.467
1.46649 -111.804
1.47263 -111.545
1.47877 -110.763
1.48491 -111.465
1.49104 -110.857
1.49718 -110.738
1.50333 -109.831
1.50947 -111.038
1.5156 -110.447
1.52172 -110.202
1.52787 -110.352
1.534 -110.4
1.54013 -109.992
1.54627 -110.113
1.55241 -110.18
1.55855 -110.156
1.56467 -108.755
1.5708 -109.307
