0.00783031 0.0118837
0.013688 0.0210774
0.019231 0.0369832
0.0249154 0.0506612
0.0312784 0.0808348
0.0375637 0.113463
0.0433917 0.144177
0.0492413 0.219407
0.0555754 0.283304
0.0619321 0.375501
0.067871 0.476256
0.0738098 0.589192
0.0800417 0.698226
0.0862327 0.880086
0.0921407 0.963152
0.0982031 1.10221
0.104506 1.27655
0.110769 1.41228
0.116806 1.68893
0.122832 1.97377
0.129052 2.1411
0.135211 2.49367
0.141259 2.76474
0.147318 3.10156
0.153489 3.35649
0.159709 3.57821
0.165845 3.92398
0.171974 4.1359
0.178125 4.62274
0.184229 4.99732
0.19034 5.4635
0.196428 5.89784
0.202534 6.37137
0.208729 6.83257
0.214876 7.04656
0.220989 7.513
0.227147 8.00625
0.23329 8.35809
0.239377 8.92333
0.245482 9.20581
0.251667 9.81187
0.257832 10.2543
0.263955 10.9223
0.270079 11.5182
0.27624 12.07
0.282372 12.7271
0.28843 13.2165
0.294538 13.7804
0.300721 14.2637
0.30691 14.9778
0.313033 15.508
0.319153 16.2833
0.325316 16.8513
0.33145 17.521
0.337538 17.9695
0.343633 18.6265
0.349808 19.4112
0.355968 20.2246
0.362074 20.7935
0.368217 21.7101
0.374374 22.3619
0.380519 23.0115
0.386598 23.6595
0.392688 24.5325
0.39888 25.0028
0.405048 25.9502
0.411186 26.7347
0.417313 27.3056
0.423458 28.5498
0.429607 29.1259
0.435692 29.9955
0.441815 31.2006
0.447964 31.6957
0.454126 32.2636
0.460267 33.1734
0.466387 34.1464
0.47254 34.7342
0.478662 35.5655
0.484765 36.711
0.490885 37.5005
0.497035 38.2014
0.503198 39.2018
0.509342 40.0415
0.515458 41.1331
0.521598 41.8331
0.527764 42.9028
0.533884 43.6128
0.54 44.7964
0.546137 45.5321
0.552299 46.6466
0.558452 47.058
0.564573 48.4647
0.570708 49.0504
0.576825 50.0626
0.582926 50.8989
0.589034 51.8746
0.595184 52.8638
0.601379 54.3243
0.607522 54.8077
0.613639 55.5879
0.619772 56.9973
0.625918 58.1789
0.632068 59.0564
0.638161 59.9727
0.6443 60.6862
0.650464 62.1429
0.656582 62.706
0.662703 64.0651
0.668861 65.2449
0.675024 65.8714
0.681124 67.2697
0.687237 68.1745
0.693381 69.0157
0.699536 70.3995
0.705665 71.3503
0.711789 73.0375
0.717957 73.4746
0.72409 74.6027
0.730186 75.2916
0.736317 76.7399
0.742472 78.1097
0.748622 79.0395
0.75476 79.6032
0.760888 81.6061
0.767043 82.3073
0.773185 83.3445
0.779291 84.0474
0.785407 85.8635
0.791564 86.5589
0.797719 87.8456
0.803834 89.3918
0.809972 89.9696
0.816124 91.2471
0.822261 92.4748
0.828378 93.2915
0.834502 94.4215
0.840667 96.2982
0.846816 96.8444
0.852925 97.9403
0.859047 99.1855
0.865192 100.687
0.871341 101.63
0.877463 102.474
0.883569 104.199
0.889708 104.996
0.895864 106.307
0.902008 107.76
0.908149 108.912
0.914301 109.848
0.920448 110.995
0.926574 111.69
0.932687 113.131
0.938823 114.615
0.944975 116.437
0.951105 116.795
0.957225 118.971
0.963368 119.702
0.969511 120.312
0.975621 121.508
0.981748 123.424
0.987916 124.312
0.99406 125.899
1.00019 126.405
1.00632 127.465
1.01246 129.564
1.01859 130.645
1.02471 131.518
1.03085 132.647
1.03698 133.762
1.04314 134.935
1.04929 136.832
1.05541 137.575
1.06154 139.153
1.06769 140.646
1.07382 141.735
1.07993 142.269
1.08607 143.775
1.09222 145.526
1.09836 146.291
1.10449 147.815
1.11063 149.002
1.11677 150.053
1.1229 151.21
1.12903 152.563
1.13518 153.235
1.14131 154.835
1.14745 156.385
1.15359 156.179
1.15973 158.085
1.16584 159.99
1.17197 161.062
1.17811 162.617
1.18424 163.157
1.19038 165.371
1.19652 166.046
1.20267 166.75
1.20881 167.928
1.21495 169.956
1.22108 170.86
1.2272 172.537
1.23334 174.22
1.23949 175.216
1.24562 175.707
1.25174 176.7
1.25789 178.424
1.26402 179.739
1.27014 181.202
1.27628 182.022
1.28244 183.487
1.28858 184.741
1.29471 185.589
1.30084 186.913
1.30697 188.307
1.31312 189.887
1.31925 190.886
1.32537 191.431
1.33151 193.251
1.33765 194.024
1.34378 195.345
1.34992 196.49
1.35606 197.854
1.3622 199.951
1.36833 200.578
1.37445 202.091
1.38059 202.402
1.38675 204.12
1.39288 204.972
1.39901 206.741
1.40515 208.053
1.4113 208.112
1.41742 210.418
1.42355 210.686
1.4297 211.756
1.43585 213.478
1.44198 214.795
1.44809 215.955
1.45423 216.656
1.46036 217.534
1.46649 218.517
1.47263 220.015
1.47877 221.012
1.48491 222.711
1.49104 223.329
1.49718 225.177
1.50333 225.822
1.50947 227.598
1.5156 228.635
1.52172 229.51
1.52787 230.672
1.534 232.554
1.54013 232.789
1.54627 233.638
1.55241 234.736
1.55855 236.349
1.56467 237.498
1.5708 238.118
