0.00783031 20406.1
0.013688 25038
0.019231 25028.3
0.0249154 23550.9
0.0312784 20211.5
0.0375637 16978.1
0.0433917 15067.1
0.0492413 13180.6
0.0555754 11839.1
0.0619321 10904.6
0.067871 10190.9
0.0738098 9654.84
0.0800417 8642.53
0.0862327 7619.16
0.0921407 7106.95
0.0982031 6150.52
0.104506 5582.64
0.110769 5123.3
0.116806 5094.65
0.122832 4621.56
0.129052 4531.4
0.135211 4254.38
0.141259 3923.04
0.147318 3739.55
0.153489 3404.18
0.159709 3202.38
0.165845 3075.53
0.171974 2908.85
0.178125 2751.89
0.184229 2675.03
0.19034 2574.27
0.196428 2441.71
0.202534 2350.83
0.208729 2227.91
0.214876 2196.73
0.220989 2090.04
0.227147 1995.44
0.23329 1942.82
0.239377 1877.47
0.245482 1823.43
0.251667 1751.94
0.257832 1689.76
0.263955 1647.48
0.270079 1619.55
0.27624 1564.01
0.282372 1496.35
0.28843 1488.47
0.294538 1419.59
0.300721 1382.62
0.30691 1388.06
0.313033 1310.12
0.319153 1289.66
0.325316 1276.94
0.33145 1240.82
0.337538 1212.02
0.343633 1181.74
0.349808 1137.94
0.355968 1116.9
0.362074 1105.55
0.368217 1093.37
0.374374 1055.97
0.380519 1031.78
0.386598 1028.3
0.392688 991.058
0.39888 977.907
0.405048 967.858
0.411186 942.429
0.417313 926.735
0.423458 906.796
0.429607 895.162
0.435692 876.921
0.441815 867.909
0.447964 850.304
0.454126 827.136
0.460267 825.575
0.466387 804.321
0.47254 807.328
0.478662 780.231
0.484765 773.738
0.490885 763.59
0.497035 749.084
0.503198 741.91
0.509342 727.17
0.515458 722.691
0.521598 709.332
0.527764 694.229
0.533884 685.165
0.54 679.057
0.546137 663.618
0.552299 656.502
0.558452 650.88
0.564573 640.622
0.570708 632.453
0.576825 623.949
0.582926 619.048
0.589034 609.158
0.595184 603.82
0.601379 593.674
0.607522 588.913
0.613639 579.569
0.619772 573.937
0.625918 569.186
0.632068 560.909
0.638161 554.35
0.6443 543.109
0.650464 541.701
0.656582 533.73
0.662703 526.776
0.668861 524.861
0.675024 517.019
0.681124 509.943
0.687237 501.65
0.693381 500.38
0.699536 497.159
0.705665 485.52
0.711789 482.264
0.717957 473.295
0.72409 472.667
0.730186 466.236
0.736317 458.59
0.742472 459.226
0.748622 450.157
0.75476 447.338
0.760888 441.916
0.767043 437.346
0.773185 432.995
0.779291 427.511
0.785407 421.342
0.791564 418.936
0.797719 413.954
0.803834 408.561
0.809972 401.535
0.816124 402.705
0.822261 396.545
0.828378 393.569
0.834502 387.899
0.840667 384.225
0.846816 378.278
0.852925 377.48
0.859047 372.705
0.865192 369.421
0.871341 363.21
0.877463 361.851
0.883569 356.432
0.889708 355.273
0.895864 350.108
0.902008 347.268
0.908149 342.027
0.914301 338.876
0.920448 335.969
0.926574 334.105
0.932687 328.592
0.938823 325.824
0.944975 321.058
0.951105 319.808
0.957225 314.871
0.963368 312.698
0.969511 308.574
0.975621 306.761
0.981748 304.677
0.987916 300.2
0.99406 299.154
1.00019 294.617
1.00632 292.417
1.01246 289.34
1.01859 286.755
1.02471 282.865
1.03085 282.006
1.03698 278.168
1.04314 275.529
1.04929 272.027
1.05541 269.489
1.06154 268.101
1.06769 264.096
1.07382 261.894
1.07993 260.347
1.08607 256.194
1.09222 254.155
1.09836 252.645
1.10449 250.087
1.11063 246.779
1.11677 244.877
1.1229 242.333
1.12903 239.696
1.13518 237.736
1.14131 234.857
1.14745 233.614
1.15359 230.325
1.15973 228.084
1.16584 225.861
1.17197 224.416
1.17811 222.194
1.18424 220.293
1.19038 217.411
1.19652 215.48
1.20267 212.961
1.20881 212.218
1.21495 209.191
1.22108 207.389
1.2272 205.219
1.23334 203.457
1.23949 201.164
1.24562 198.929
1.25174 197.24
1.25789 195.406
1.26402 193.809
1.27014 191.243
1.27628 190.239
1.28244 188.044
1.28858 185.532
1.29471 184.129
1.30084 181.772
1.30697 181.014
1.31312 179.62
1.31925 177.37
1.32537 175.585
1.33151 174.311
1.33765 172.637
1.34378 171.186
1.34992 169.355
1.35606 167.692
1.3622 165.909
1.36833 163.552
1.37445 162.995
1.38059 161.376
1.38675 159.466
1.39288 158.099
1.39901 155.987
1.40515 155.244
1.4113 153.27
1.41742 152.092
1.42355 150.422
1.4297 149.128
1.43585 147.905
1.44198 146.361
1.44809 145.185
1.45423 143.219
1.46036 142.077
1.46649 140.822
1.47263 139.606
1.47877 138.382
1.48491 136.634
1.49104 135.692
1.49718 133.974
1.50333 133.257
1.50947 131.956
1.5156 130.809
1.52172 129.473
1.52787 128.144
1.534 126.876
1.54013 125.967
1.54627 124.622
1.55241 123.087
1.55855 122.425
1.56467 121.08
1.5708 119.991
