0.00783031 0.91008
0.013688 1.09004
0.019231 1.18057
0.0249154 1.17819
0.0312784 1.13535
0.0375637 1.13233
0.0433917 1.12256
0.0492413 1.15132
0.0555754 1.17344
0.0619321 1.26006
0.067871 1.39893
0.0738098 1.48563
0.0800417 1.54351
0.0862327 1.6046
0.0921407 1.70646
0.0982031 1.76772
0.104506 1.87395
0.110769 2.03744
0.116806 2.17903
0.122832 2.42709
0.129052 2.56267
0.135211 2.86454
0.141259 2.99472
0.147318 3.2129
0.153489 3.37658
0.159709 3.60661
0.165845 3.84302
0.171974 4.01221
0.178125 4.27344
0.184229 4.50274
0.19034 4.96485
0.196428 5.3107
0.202534 5.42108
0.208729 5.74676
0.214876 6.08024
0.220989 6.37191
0.227147 6.63181
0.23329 6.93884
0.239377 7.46412
0.245482 7.72875
0.251667 8.21568
0.257832 8.43541
0.263955 8.90575
0.270079 9.31894
0.27624 9.84035
0.282372 10.0178
0.28843 10.5031
0.294538 10.8081
0.300721 11.4633
0.30691 12.0072
0.313033 12.2372
0.319153 12.6973
0.325316 13.3505
0.33145 13.659
0.337538 14.0124
0.343633 14.6683
0.349808 15.0427
0.355968 15.6457
0.362074 16.0616
0.368217 16.6205
0.374374 17.1188
0.380519 17.5899
0.386598 18.2232
0.392688 18.4609
0.39888 19.0462
0.405048 19.4373
0.411186 20.0836
0.417313 20.6024
0.423458 20.98
0.429607 21.6928
0.435692 21.994
0.441815 22.5011
0.447964 23.3073
0.454126 23.9272
0.460267 24.2475
0.466387 24.7036
0.47254 25.4906
0.478662 25.8964
0.484765 26.5036
0.490885 27.1439
0.497035 27.5574
0.503198 28.213
0.509342 28.4362
0.515458 28.8796
0.521598 29.5677
0.527764 29.863
0.533884 30.8059
0.54 31.0211
0.546137 31.4631
0.552299 31.9624
0.558452 32.3698
0.564573 32.6194
0.570708 33.1376
0.576825 34.0608
0.582926 34.3964
0.589034 34.7007
0.595184 35.0097
0.601379 35.6846
0.607522 36.0289
0.613639 36.4269
0.619772 36.9726
0.625918 37.4676
0.632068 37.7594
0.638161 37.8703
0.6443 38.5193
0.650464 38.723
0.656582 39.1569
0.662703 39.6138
0.668861 39.9081
0.675024 40.0288
0.681124 40.4227
0.687237 40.4885
0.693381 41.0904
0.699536 41.2384
0.705665 41.734
0.711789 41.9373
0.717957 42.266
0.72409 42.3492
0.730186 42.788
0.736317 42.9002
0.742472 43.2135
0.748622 43.4361
0.75476 43.4248
0.760888 43.9701
0.767043 44.2899
0.773185 44.1888
0.779291 44.542
0.785407 44.769
0.791564 44.8227
0.797719 45.0013
0.803834 45.4315
0.809972 45.0236
0.816124 45.5696
0.822261 45.5107
0.828378 45.6004
0.834502 45.9965
0.840667 45.7759
0.846816 45.7842
0.852925 46.1592
0.859047 46.3134
0.865192 46.3781
0.871341 46.6321
0.877463 46.6609
0.883569 46.7222
0.889708 46.7294
0.895864 46.9205
0.902008 47.1085
0.908149 47.0637
0.914301 47.4857
0.920448 47.2402
0.926574 47.3823
0.932687 47.2833
0.938823 47.4071
0.944975 47.5034
0.951105 47.4524
0.957225 47.4423
0.963368 47.5142
0.969511 47.9229
0.975621 47.7418
0.981748 47.7353
0.987916 47.5482
0.99406 47.5533
1.00019 47.7674
1.00632 47.8469
1.01246 47.911
1.01859 47.877
1.02471 47.6742
1.03085 47.8708
1.03698 47.7941
1.04314 47.7124
1.04929 47.8217
1.05541 47.8983
1.06154 47.7858
1.06769 47.8006
1.07382 47.8078
1.07993 47.9206
1.08607 47.9294
1.09222 47.7559
1.09836 47.8226
1.10449 47.8361
1.11063 47.692
1.11677 47.8036
1.1229 47.6568
1.12903 47.7369
1.13518 47.7912
1.14131 47.6873
1.14745 47.5755
1.15359 47.7614
1.15973 47.7782
1.16584 47.5803
1.17197 47.7031
1.17811 47.4846
1.18424 47.5932
1.19038 47.6568
1.19652 47.6517
1.20267 47.6204
1.20881 47.6584
1.21495 47.5519
1.22108 47.5577
1.2272 47.4983
1.23334 47.5435
1.23949 47.5581
1.24562 47.4092
1.25174 47.4434
1.25789 47.4542
1.26402 47.4171
1.27014 47.2965
1.27628 47.2165
1.28244 47.1691
1.28858 47.142
1.29471 47.3478
1.30084 47.3962
1.30697 47.2485
1.31312 47.2357
1.31925 47.1178
1.32537 47.2869
1.33151 47.2624
1.33765 47.1927
1.34378 47.2375
1.34992 47.2297
1.35606 47.1086
1.3622 47.0689
1.36833 47.2093
1.37445 47.1123
1.38059 47.1409
1.38675 47.1678
1.39288 47.1028
1.39901 47.1802
1.40515 47.1246
1.4113 47.2079
1.41742 46.993
1.42355 47.1135
1.4297 47.171
1.43585 47.1012
1.44198 47.0712
1.44809 47.0425
1.45423 47.109
1.46036 47.1423
1.46649 47.0607
1.47263 47.0443
1.47877 47.0478
1.48491 47.0408
1.49104 47.0202
1.49718 46.958
1.50333 47.0402
1.50947 47.0482
1.5156 46.9432
1.52172 47.039
1.52787 47.014
1.534 46.9821
1.54013 46.8075
1.54627 47.0703
1.55241 46.9662
1.55855 46.9296
1.56467 47.0614
1.5708 46.9516
