0.00783031 -23.2546
0.013688 2.99759
0.019231 11.1394
0.0249154 -1.9205
0.0312784 4.05957
0.0375637 0.428292
0.0433917 -3.06935
0.0492413 4.56853
0.0555754 0.946477
0.0619321 2.93641
0.067871 3.52426
0.0738098 4.85021
0.0800417 4.08256
0.0862327 1.75154
0.0921407 -0.254244
0.0982031 2.50323
0.104506 3.04077
0.110769 0.84229
0.116806 4.17388
0.122832 3.70024
0.129052 3.46241
0.135211 -1.48692
0.141259 1.82787
0.147318 0.965395
0.153489 1.49514
0.159709 3.75232
0.165845 1.34542
0.171974 0.431037
0.178125 1.41597
0.184229 0.825408
0.19034 3.6265
0.196428 2.27608
0.202534 3.38173
0.208729 3.72281
0.214876 2.649
0.220989 3.02338
0.227147 0.893795
0.23329 0.394626
0.239377 0.345198
0.245482 0.717892
0.251667 1.23507
0.257832 0.886275
0.263955 0.0326002
0.270079 2.11403
0.27624 -0.601142
0.282372 1.58782
0.28843 -0.439238
0.294538 1.52495
0.300721 0.132456
0.30691 0.90214
0.313033 -0.135122
0.319153 -1.26474
0.325316 -3.03707
0.33145 -0.382647
0.337538 0.970339
0.343633 -2.34129
0.349808 -0.513048
0.355968 -2.63104
0.362074 -4.25721
0.368217 -1.48218
0.374374 -1.38323
0.380519 -2.55205
0.386598 -6.25684
0.392688 -5.42354
0.39888 -1.35791
0.405048 -3.79387
0.411186 -4.06158
0.417313 -6.50393
0.423458 -5.00962
0.429607 -4.74131
0.435692 -5.70781
0.441815 -6.16913
0.447964 -4.68629
0.454126 -6.21987
0.460267 -6.3761
0.466387 -5.94723
0.47254 -6.08456
0.478662 -6.33342
0.484765 -5.65732
0.490885 -8.50505
0.497035 -6.82063
0.503198 -8.4669
0.509342 -7.54498
0.515458 -7.31131
0.521598 -9.76859
0.527764 -9.36817
0.533884 -8.16868
0.54 -8.08388
0.546137 -8.67323
0.552299 -8.68274
0.558452 -8.47515
0.564573 -9.11799
0.570708 -8.9188
0.576825 -8.04111
0.582926 -9.89431
0.589034 -10.8759
0.595184 -10.2782
0.601379 -9.41533
0.607522 -12.2296
0.613639 -11.5799
0.619772 -12.2092
0.625918 -11.0068
0.632068 -12.7988
0.638161 -13.1714
0.6443 -9.78275
0.650464 -13.3021
0.656582 -13.1708
0.662703 -12.5146
0.668861 -12.9301
0.675024 -12.6078
0.681124 -12.884
0.687237 -14.0247
0.693381 -13.4727
0.699536 -13.6993
0.705665 -14.5939
0.711789 -14.3706
0.717957 -13.7816
0.72409 -15.2576
0.730186 -14.484
0.736317 -15.2949
0.742472 -15.5857
0.748622 -15.1477
0.75476 -17.4579
0.760888 -14.7998
0.767043 -16.9129
0.773185 -17.0019
0.779291 -17.8356
0.785407 -17.1759
0.791564 -17.7245
0.797719 -17.6914
0.803834 -19.0891
0.809972 -17.6306
0.816124 -18.2606
0.822261 -17.2909
0.828378 -18.3928
0.834502 -20.0255
0.840667 -18.1583
0.846816 -18.6224
0.852925 -19.4708
0.859047 -19.1284
0.865192 -18.0706
0.871341 -19.7778
0.877463 -20.7725
0.883569 -19.6141
0.889708 -21.0585
0.895864 -22.5397
0.902008 -20.933
0.908149 -20.4265
0.914301 -21.139
0.920448 -20.7476
0.926574 -23.253
0.932687 -21.8183
0.938823 -20.4642
0.944975 -22.658
0.951105 -22.5131
0.957225 -22.7061
0.963368 -24.1217
0.969511 -24.2088
0.975621 -23.8792
0.981748 -22.3713
0.987916 -24.0363
0.99406 -24.656
1.00019 -24.6289
1.00632 -23.895
1.01246 -24.2513
1.01859 -24.4014
1.02471 -24.8102
1.03085 -24.2622
1.03698 -24.2056
1.04314 -25.018
1.04929 -24.7355
1.05541 -25.2846
1.06154 -24.1055
1.06769 -25.3679
1.07382 -25.8076
1.07993 -26.228
1.08607 -26.5294
1.09222 -26.2014
1.09836 -27.4735
1.10449 -26.0324
1.11063 -25.717
1.11677 -26.9413
1.1229 -26.4551
1.12903 -26.0732
1.13518 -26.8492
1.14131 -26.6495
1.14745 -26.4543
1.15359 -26.5079
1.15973 -25.9363
1.16584 -27.4614
1.17197 -28.0899
1.17811 -26.9867
1.18424 -26.9698
1.19038 -26.9436
1.19652 -26.3251
1.20267 -27.1483
1.20881 -27.6998
1.21495 -27.0015
1.22108 -27.8886
1.2272 -28.1577
1.23334 -26.8408
1.23949 -27.1292
1.24562 -27.8339
1.25174 -26.9946
1.25789 -27.9983
1.26402 -27.0304
1.27014 -27.2214
1.27628 -26.6941
1.28244 -26.9765
1.28858 -27.1284
1.29471 -25.7304
1.30084 -27.3151
1.30697 -26.4262
1.31312 -27.0633
1.31925 -25.1641
1.32537 -26.3511
1.33151 -26.1618
1.33765 -27.2075
1.34378 -27.2002
1.34992 -26.9015
1.35606 -25.7
1.3622 -25.9609
1.36833 -26.2984
1.37445 -25.5066
1.38059 -25.9986
1.38675 -25.9217
1.39288 -26.2094
1.39901 -25.4389
1.40515 -25.0742
1.4113 -25.6068
1.41742 -24.9619
1.42355 -24.8093
1.4297 -25.5561
1.43585 -25.4226
1.44198 -25.2267
1.44809 -24.2546
1.45423 -25.0343
1.46036 -24.3697
1.46649 -24.0537
1.47263 -24.0805
1.47877 -24.4629
1.48491 -24.1007
1.49104 -24.1838
1.49718 -24.4049
1.50333 -23.1585
1.50947 -23.5269
1.5156 -24.234
1.52172 -23.9128
1.52787 -23.3574
1.534 -23.6559
1.54013 -22.7124
1.54627 -23.0964
1.55241 -22.8684
1.55855 -22.8215
1.56467 -22.9439
1.5708 -22.4203
