0.00783031 -140.773
0.013688 -169.657
0.019231 -176.426
0.0249154 -167.82
0.0312784 -153.156
0.0375637 -140.915
0.0433917 -129.45
0.0492413 -122.386
0.0555754 -116.12
0.0619321 -118.456
0.067871 -120.329
0.0738098 -118.187
0.0800417 -116.018
0.0862327 -110.168
0.0921407 -109.389
0.0982031 -104.29
0.104506 -101.204
0.110769 -102.636
0.116806 -101.931
0.122832 -106.183
0.129052 -105.35
0.135211 -110.928
0.141259 -107.786
0.147318 -108.957
0.153489 -107.134
0.159709 -106.038
0.165845 -106.634
0.171974 -105.636
0.178125 -105.689
0.184229 -105.828
0.19034 -109.759
0.196428 -111.202
0.202534 -106.863
0.208729 -108.369
0.214876 -109.311
0.220989 -108.396
0.227147 -108.54
0.23329 -108.026
0.239377 -110.568
0.245482 -109.621
0.251667 -111.66
0.257832 -110.17
0.263955 -111.275
0.270079 -110.795
0.27624 -113.155
0.282372 -109.696
0.28843 -111.533
0.294538 -109.31
0.300721 -113.461
0.30691 -113.701
0.313033 -111.505
0.319153 -113.129
0.325316 -115.219
0.33145 -112.449
0.337538 -111.048
0.343633 -115.092
0.349808 -112.574
0.355968 -114.853
0.362074 -115.406
0.368217 -113.943
0.374374 -114.363
0.380519 -114.977
0.386598 -116.58
0.392688 -114.665
0.39888 -113.515
0.405048 -114.091
0.411186 -114.216
0.417313 -115.597
0.423458 -114.477
0.429607 -114.834
0.435692 -114.85
0.441815 -114.709
0.447964 -114.526
0.454126 -116.212
0.460267 -115.747
0.466387 -114.745
0.47254 -116.304
0.478662 -115.039
0.484765 -115.861
0.490885 -116.737
0.497035 -115.772
0.503198 -116.551
0.509342 -115.167
0.515458 -115.107
0.521598 -116.486
0.527764 -115.561
0.533884 -117.167
0.54 -116.216
0.546137 -115.188
0.552299 -116.192
0.558452 -115.42
0.564573 -115.759
0.570708 -115.827
0.576825 -115.058
0.582926 -115.888
0.589034 -116.399
0.595184 -115.708
0.601379 -116.372
0.607522 -117.045
0.613639 -116.653
0.619772 -116.913
0.625918 -117.685
0.632068 -116.955
0.638161 -116.372
0.6443 -116.049
0.650464 -117.413
0.656582 -117.214
0.662703 -117.369
0.668861 -116.588
0.675024 -116.696
0.681124 -116.176
0.687237 -116.67
0.693381 -116.44
0.699536 -116.227
0.705665 -116.706
0.711789 -116.271
0.717957 -116.066
0.72409 -116.41
0.730186 -116.225
0.736317 -116.28
0.742472 -116.954
0.748622 -115.968
0.75476 -116.673
0.760888 -115.707
0.767043 -116.752
0.773185 -115.94
0.779291 -116.656
0.785407 -116.067
0.791564 -115.983
0.797719 -115.282
0.803834 -116.7
0.809972 -114.747
0.816124 -115.619
0.822261 -115.024
0.828378 -114.45
0.834502 -115.499
0.840667 -114.323
0.846816 -114.349
0.852925 -114.596
0.859047 -113.935
0.865192 -113.723
0.871341 -114.095
0.877463 -113.998
0.883569 -113.527
0.889708 -113.922
0.895864 -114.273
0.902008 -113.809
0.908149 -112.856
0.914301 -113.573
0.920448 -112.842
0.926574 -113.385
0.932687 -112.579
0.938823 -112.018
0.944975 -111.914
0.951105 -111.417
0.957225 -111.862
0.963368 -111.393
0.969511 -112.295
0.975621 -111.522
0.981748 -110.623
0.987916 -110.516
0.99406 -110.095
1.00019 -110.605
1.00632 -110.177
1.01246 -110.263
1.01859 -109.45
1.02471 -108.988
1.03085 -109.098
1.03698 -108.327
1.04314 -108.323
1.04929 -108.504
1.05541 -108.28
1.06154 -107.789
1.06769 -107.73
1.07382 -107.639
1.07993 -107.432
1.08607 -108.011
1.09222 -106.798
1.09836 -107.15
1.10449 -106.458
1.11063 -105.776
1.11677 -106.57
1.1229 -105.459
1.12903 -105.148
1.13518 -105.322
1.14131 -105.048
1.14745 -104.423
1.15359 -104.788
1.15973 -104.635
1.16584 -104.169
1.17197 -104.543
1.17811 -103.521
1.18424 -103.62
1.19038 -103.484
1.19652 -103.438
1.20267 -103.211
1.20881 -103.295
1.21495 -102.549
1.22108 -102.446
1.2272 -102.51
1.23334 -101.909
1.23949 -101.875
1.24562 -101.293
1.25174 -101.32
1.25789 -101.404
1.26402 -100.784
1.27014 -100.637
1.27628 -100.073
1.28244 -99.8978
1.28858 -99.7947
1.29471 -99.6618
1.30084 -100.229
1.30697 -99.375
1.31312 -99.16
1.31925 -98.3087
1.32537 -99.0439
1.33151 -98.6416
1.33765 -98.8383
1.34378 -98.6416
1.34992 -98.4847
1.35606 -97.7975
1.3622 -97.5303
1.36833 -98.0328
1.37445 -97.1899
1.38059 -97.1543
1.38675 -97.3453
1.39288 -97.0085
1.39901 -96.9219
1.40515 -96.7405
1.4113 -96.7767
1.41742 -96.2217
1.42355 -96.2744
1.4297 -96.2591
1.43585 -96.2868
1.44198 -95.6383
1.44809 -95.5787
1.45423 -95.7759
1.46036 -95.2612
1.46649 -95.1608
1.47263 -95.0133
1.47877 -94.9813
1.48491 -94.9151
1.49104 -94.8602
1.49718 -94.5845
1.50333 -94.2233
1.50947 -94.3566
1.5156 -94.1428
1.52172 -94.011
1.52787 -94.0368
1.534 -93.8426
1.54013 -93.3638
1.54627 -93.7478
1.55241 -93.2906
1.55855 -93.1045
1.56467 -93.3998
1.5708 -92.9585
