0.00783031 587.508
0.013688 -4036.44
0.019231 3265.8
0.0249154 1654.19
0.0312784 -117.415
0.0375637 2066.12
0.0433917 663.932
0.0492413 605.569
0.0555754 987.94
0.0619321 609.458
0.067871 652.99
0.0738098 1382.29
0.0800417 982.637
0.0862327 1547.18
0.0921407 1265.17
0.0982031 1389.16
0.104506 1601.48
0.110769 1690.46
0.116806 1784.63
0.122832 1727.35
0.129052 1780.54
0.135211 1625.2
0.141259 1768.53
0.147318 1806.49
0.153489 1907.12
0.159709 1890.89
0.165845 1762.67
0.171974 2017.45
0.178125 1872.42
0.184229 1943.65
0.19034 1860.26
0.196428 1902.38
0.202534 1974.99
0.208729 1973.35
0.214876 1918.15
0.220989 1951.87
0.227147 1902.43
0.23329 1940.14
0.239377 1945.23
0.245482 1952.82
0.251667 1965.62
0.257832 2003.86
0.263955 1912.76
0.270079 1972.09
0.27624 2002.14
0.282372 1942.22
0.28843 2000.18
0.294538 1948.12
0.300721 2002.07
0.30691 1972.19
0.313033 1974.95
0.319153 1959.39
0.325316 1934.96
0.33145 1954.06
0.337538 1966.11
0.343633 1988.93
0.349808 1959.16
0.355968 1991.58
0.362074 1951.93
0.368217 1977.51
0.374374 1968.35
0.380519 1920.12
0.386598 1966.93
0.392688 1942.5
0.39888 1935.15
0.405048 1960.38
0.411186 1959.92
0.417313 1944.69
0.423458 1938.9
0.429607 1927.56
0.435692 1947.43
0.441815 1927.95
0.447964 1935.38
0.454126 1907.78
0.460267 1931.35
0.466387 1899.27
0.47254 1926.78
0.478662 1902.71
0.484765 1920.52
0.490885 1907.86
0.497035 1878.4
0.503198 1898.75
0.509342 1883.78
0.515458 1894.45
0.521598 1879.24
0.527764 1894.05
0.533884 1875
0.54 1878.92
0.546137 1865.08
0.552299 1869.05
0.558452 1859.11
0.564573 1864.02
0.570708 1852.05
0.576825 1864.64
0.582926 1848.71
0.589034 1869.97
0.595184 1843.66
0.601379 1843.45
0.607522 1844.63
0.613639 1833.71
0.619772 1837.29
0.625918 1826.44
0.632068 1813.71
0.638161 1812.15
0.6443 1811.99
0.650464 1808.54
0.656582 1800.79
0.662703 1803.65
0.668861 1794.54
0.675024 1797.42
0.681124 1792.59
0.687237 1784.87
0.693381 1792.23
0.699536 1792.02
0.705665 1792.31
0.711789 1789.58
0.717957 1773.68
0.72409 1768.82
0.730186 1786.64
0.736317 1770.83
0.742472 1760.88
0.748622 1759.15
0.75476 1741.89
0.760888 1747.15
0.767043 1740.02
0.773185 1749.5
0.779291 1738.64
0.785407 1743.7
0.791564 1715.87
0.797719 1719.83
0.803834 1724.73
0.809972 1718.59
0.816124 1717.08
0.822261 1710.31
0.828378 1723
0.834502 1702.01
0.840667 1705.19
0.846816 1692.05
0.852925 1690.11
0.859047 1680.16
0.865192 1682.7
0.871341 1673.78
0.877463 1670.52
0.883569 1665.98
0.889708 1672.04
0.895864 1659.7
0.902008 1660.4
0.908149 1653.39
0.914301 1648.94
0.920448 1636.74
0.926574 1636.16
0.932687 1625.92
0.938823 1632.49
0.944975 1632.49
0.951105 1623.13
0.957225 1617.79
0.963368 1613.25
0.969511 1610.36
0.975621 1604.62
0.981748 1605.43
0.987916 1603.79
0.99406 1594.71
1.00019 1596.32
1.00632 1590.94
1.01246 1589.53
1.01859 1582.49
1.02471 1580.14
1.03085 1575.92
1.03698 1576.38
1.04314 1561.49
1.04929 1564.98
1.05541 1550.53
1.06154 1549.42
1.06769 1550.95
1.07382 1542.78
1.07993 1542.32
1.08607 1541.38
1.09222 1532.63
1.09836 1525.96
1.10449 1523.79
1.11063 1516.46
1.11677 1519.58
1.1229 1508.08
1.12903 1506.82
1.13518 1502.04
1.14131 1502.21
1.14745 1495
1.15359 1489.93
1.15973 1485.66
1.16584 1480.43
1.17197 1473.99
1.17811 1477.01
1.18424 1472.2
1.19038 1460.1
1.19652 1462.33
1.20267 1455.58
1.20881 1451.13
1.21495 1449.1
1.22108 1447.07
1.2272 1439.92
1.23334 1439.13
1.23949 1434.9
1.24562 1429.48
1.25174 1425.36
1.25789 1426.64
1.26402 1420.11
1.27014 1410.21
1.27628 1404.62
1.28244 1401.24
1.28858 1400.03
1.29471 1399.15
1.30084 1394.07
1.30697 1391.35
1.31312 1382.63
1.31925 1382.55
1.32537 1381.03
1.33151 1371.06
1.33765 1364.19
1.34378 1360.64
1.34992 1360.28
1.35606 1352.99
1.3622 1353.07
1.36833 1349.57
1.37445 1343.65
1.38059 1342.7
1.38675 1338.11
1.39288 1331.52
1.39901 1330.88
1.40515 1323.99
1.4113 1322.27
1.41742 1316.59
1.42355 1312.97
1.4297 1312.48
1.43585 1307.5
1.44198 1294.9
1.44809 1295.48
1.45423 1290.84
1.46036 1287.74
1.46649 1284.65
1.47263 1282.32
1.47877 1275.89
1.48491 1276
1.49104 1268.58
1.49718 1266.79
1.50333 1257.91
1.50947 1259.76
1.5156 1253.84
1.52172 1249.92
1.52787 1248.45
1.534 1242.88
1.54013 1243.32
1.54627 1239.3
1.55241 1235.7
1.55855 1232.31
1.56467 1227.45
1.5708 1220.98
