0.00783031 1577.92
0.013688 5272.07
0.019231 4077.68
0.0249154 3385.89
0.0312784 3576.52
0.0375637 3108.99
0.0433917 2947.49
0.0492413 2562.03
0.0555754 2481.05
0.0619321 2495.85
0.067871 2373.61
0.0738098 2252.9
0.0800417 1818.1
0.0862327 1880.46
0.0921407 1828.06
0.0982031 1764.66
0.104506 1658.15
0.110769 1599.25
0.116806 1429.28
0.122832 1502.32
0.129052 1374.59
0.135211 1373.97
0.141259 1273.33
0.147318 1263.26
0.153489 1221.65
0.159709 1152.47
0.165845 1122.99
0.171974 1073.79
0.178125 1073.43
0.184229 1032.53
0.19034 981.32
0.196428 946.895
0.202534 943.68
0.208729 900.157
0.214876 879.645
0.220989 847.007
0.227147 838.704
0.23329 815.917
0.239377 794.788
0.245482 767.611
0.251667 754.817
0.257832 739.242
0.263955 717.947
0.270079 703.051
0.27624 686.329
0.282372 675.144
0.28843 653.688
0.294538 639.537
0.300721 636.804
0.30691 628.176
0.313033 612.882
0.319153 595.611
0.325316 582.333
0.33145 577.073
0.337538 564.07
0.343633 546.884
0.349808 552.996
0.355968 532.001
0.362074 524.811
0.368217 514.297
0.374374 508.413
0.380519 501.66
0.386598 490.826
0.392688 482.33
0.39888 474.977
0.405048 473.575
0.411186 458.74
0.417313 455.188
0.423458 448.045
0.429607 439.51
0.435692 434.742
0.441815 432.537
0.447964 423.256
0.454126 417.848
0.460267 413.698
0.466387 409.289
0.47254 401.746
0.478662 399.278
0.484765 391.217
0.490885 386.671
0.497035 384.215
0.503198 382.763
0.509342 374.492
0.515458 371.349
0.521598 364.361
0.527764 359.474
0.533884 357.383
0.54 354.452
0.546137 349.675
0.552299 349.136
0.558452 342.8
0.564573 338.552
0.570708 336.308
0.576825 331.988
0.582926 327.435
0.589034 325.518
0.595184 323.062
0.601379 318.15
0.607522 319.557
0.613639 313.527
0.619772 311.838
0.625918 307.384
0.632068 305.345
0.638161 303.67
0.6443 298.641
0.650464 297.849
0.656582 295.993
0.662703 291.284
0.668861 288.811
0.675024 285.809
0.681124 284.678
0.687237 283.722
0.693381 281.385
0.699536 277.072
0.705665 275.401
0.711789 273
0.717957 271.153
0.72409 268.786
0.730186 266.778
0.736317 264.279
0.742472 262.148
0.748622 261.628
0.75476 260.383
0.760888 257.67
0.767043 256.389
0.773185 252.445
0.779291 250.43
0.785407 247.934
0.791564 247.759
0.797719 246.489
0.803834 244.349
0.809972 241.621
0.816124 241.782
0.822261 240.042
0.828378 237.542
0.834502 235.891
0.840667 234.271
0.846816 232.613
0.852925 231.297
0.859047 230.322
0.865192 229.355
0.871341 227.851
0.877463 226.18
0.883569 224.071
0.889708 222.19
0.895864 221.921
0.902008 220.928
0.908149 218.188
0.914301 218.321
0.920448 216.749
0.926574 214.572
0.932687 214.52
0.938823 213.254
0.944975 212.407
0.951105 210.828
0.957225 208.577
0.963368 208.462
0.969511 206.69
0.975621 205.485
0.981748 204.162
0.987916 203.518
0.99406 202.748
1.00019 201.784
1.00632 199.855
1.01246 199.459
1.01859 197.433
1.02471 197.383
1.03085 196.218
1.03698 194.749
1.04314 194.299
1.04929 193.42
1.05541 192.12
1.06154 190.234
1.06769 189.213
1.07382 188.371
1.07993 188.144
1.08607 187.585
1.09222 186.239
1.09836 185.361
1.10449 184.274
1.11063 183.14
1.11677 183.006
1.1229 181.497
1.12903 180.445
1.13518 179.608
1.14131 178.56
1.14745 178.362
1.15359 177.421
1.15973 175.907
1.16584 175.071
1.17197 175.06
1.17811 173.828
1.18424 172.705
1.19038 172.278
1.19652 170.849
1.20267 170.783
1.20881 170.223
1.21495 168.792
1.22108 167.884
1.2272 167.465
1.23334 167.125
1.23949 165.896
1.24562 165.984
1.25174 164.698
1.25789 163.65
1.26402 163.25
1.27014 162.264
1.27628 161.721
1.28244 161.512
1.28858 160.272
1.29471 159.789
1.30084 159.224
1.30697 158.826
1.31312 157.351
1.31925 155.938
1.32537 156.214
1.33151 155.44
1.33765 154.885
1.34378 154.208
1.34992 153.443
1.35606 152.615
1.3622 152.659
1.36833 151.787
1.37445 151.319
1.38059 150.262
1.38675 150.117
1.39288 149.471
1.39901 148.786
1.40515 148.124
1.4113 147.444
1.41742 146.894
1.42355 146.275
1.4297 145.782
1.43585 145.634
1.44198 144.544
1.44809 144.121
1.45423 143.919
1.46036 143.166
1.46649 142.193
1.47263 141.805
1.47877 141.739
1.48491 140.821
1.49104 140.33
1.49718 140.013
1.50333 139.281
1.50947 138.788
1.5156 138.91
1.52172 137.696
1.52787 136.753
1.534 136.89
1.54013 136.702
1.54627 135.686
1.55241 135.634
1.55855 134.659
1.56467 134.992
1.5708 133.927
