0.00783031 -38.6811
0.013688 -56.938
0.019231 -59.5435
0.0249154 -66.8244
0.0312784 -61.2916
0.0375637 -68.2611
0.0433917 -65.1235
0.0492413 -66.1694
0.0555754 -68.3307
0.0619321 -78.6016
0.067871 -78.6498
0.0738098 -81.8026
0.0800417 -83.7532
0.0862327 -83.2417
0.0921407 -83.9019
0.0982031 -81.1811
0.104506 -82.8243
0.110769 -81.329
0.116806 -89.9319
0.122832 -91.0195
0.129052 -95.9358
0.135211 -94.8974
0.141259 -97.039
0.147318 -95.7128
0.153489 -91.8492
0.159709 -89.1792
0.165845 -94.1333
0.171974 -94.1881
0.178125 -95.0395
0.184229 -97.1118
0.19034 -94.8387
0.196428 -99.2421
0.202534 -96.7027
0.208729 -98.312
0.214876 -97.5727
0.220989 -98.3475
0.227147 -98.4054
0.23329 -96.0459
0.239377 -97.0893
0.245482 -97.2061
0.251667 -95.4595
0.257832 -100.86
0.263955 -98.7427
0.270079 -97.9694
0.27624 -99.3122
0.282372 -98.8583
0.28843 -100.538
0.294538 -99.7018
0.300721 -97.38
0.30691 -98.7209
0.313033 -99.8216
0.319153 -97.9883
0.325316 -98.6874
0.33145 -100.374
0.337538 -100.939
0.343633 -101.054
0.349808 -97.9763
0.355968 -98.1652
0.362074 -99.4831
0.368217 -97.9722
0.374374 -99.5054
0.380519 -95.9137
0.386598 -98.2272
0.392688 -98.245
0.39888 -97.3571
0.405048 -98.5511
0.411186 -99.0754
0.417313 -98.4701
0.423458 -97.2771
0.429607 -98.8454
0.435692 -98.9481
0.441815 -97.7235
0.447964 -98.0544
0.454126 -97.684
0.460267 -97.5603
0.466387 -96.9566
0.47254 -100.428
0.478662 -98.5968
0.484765 -98.0378
0.490885 -96.9202
0.497035 -97.2827
0.503198 -98.204
0.509342 -96.4988
0.515458 -97.7042
0.521598 -96.4833
0.527764 -97.3519
0.533884 -96.4714
0.54 -96.3504
0.546137 -95.3596
0.552299 -95.8406
0.558452 -96.5461
0.564573 -94.4994
0.570708 -96.2164
0.576825 -96.0503
0.582926 -96.0622
0.589034 -95.8152
0.595184 -95.1991
0.601379 -93.8096
0.607522 -95.3588
0.613639 -93.9592
0.619772 -94.4052
0.625918 -94.0729
0.632068 -94.6975
0.638161 -94.2328
0.6443 -94.365
0.650464 -93.9065
0.656582 -94.6371
0.662703 -93.5186
0.668861 -94.486
0.675024 -93.5688
0.681124 -92.7363
0.687237 -92.1916
0.693381 -92.6535
0.699536 -93.1903
0.705665 -91.8646
0.711789 -92.6913
0.717957 -91.7468
0.72409 -92.3373
0.730186 -91.89
0.736317 -92.9684
0.742472 -91.3991
0.748622 -91.7266
0.75476 -91.0273
0.760888 -91.0724
0.767043 -90.692
0.773185 -91.2072
0.779291 -90.6682
0.785407 -90.2471
0.791564 -89.7985
0.797719 -90.1366
0.803834 -89.5391
0.809972 -89.4099
0.816124 -90.2027
0.822261 -89.7084
0.828378 -89.4263
0.834502 -89.8862
0.840667 -89.2012
0.846816 -88.8309
0.852925 -88.6226
0.859047 -88.2487
0.865192 -87.8453
0.871341 -88.2981
0.877463 -89.0893
0.883569 -87.1619
0.889708 -87.7365
0.895864 -87.3303
0.902008 -87.6859
0.908149 -87.5981
0.914301 -86.8553
0.920448 -87.1809
0.926574 -86.6992
0.932687 -85.7301
0.938823 -86.5268
0.944975 -86.2825
0.951105 -86.0177
0.957225 -85.6513
0.963368 -85.9475
0.969511 -85.8561
0.975621 -85.7726
0.981748 -85.5372
0.987916 -85.0072
0.99406 -84.6992
1.00019 -84.3878
1.00632 -84.5163
1.01246 -84.3058
1.01859 -84.3445
1.02471 -83.0941
1.03085 -83.7658
1.03698 -83.0048
1.04314 -83.9925
1.04929 -83.0936
1.05541 -82.6262
1.06154 -82.0572
1.06769 -83.3119
1.07382 -82.4352
1.07993 -82.4265
1.08607 -82.7197
1.09222 -81.5215
1.09836 -82.2364
1.10449 -81.3279
1.11063 -81.557
1.11677 -81.7743
1.1229 -80.8265
1.12903 -80.736
1.13518 -79.8516
1.14131 -80.3669
1.14745 -80.2125
1.15359 -79.5658
1.15973 -80.0533
1.16584 -80.1453
1.17197 -79.4464
1.17811 -78.9281
1.18424 -78.9467
1.19038 -78.7329
1.19652 -78.7385
1.20267 -78.2247
1.20881 -78.0807
1.21495 -78.2616
1.22108 -78.2745
1.2272 -77.1513
1.23334 -76.6724
1.23949 -76.9964
1.24562 -77.021
1.25174 -77.0875
1.25789 -76.2768
1.26402 -75.4754
1.27014 -75.7079
1.27628 -76.0838
1.28244 -75.1274
1.28858 -75.3145
1.29471 -75.1549
1.30084 -75.1571
1.30697 -74.2013
1.31312 -74.1567
1.31925 -74.1858
1.32537 -74.2231
1.33151 -73.8053
1.33765 -73.6538
1.34378 -73.6819
1.34992 -72.9476
1.35606 -72.7529
1.3622 -72.8455
1.36833 -72.2807
1.37445 -73.1139
1.38059 -72.4701
1.38675 -71.8075
1.39288 -72.0235
1.39901 -71.6104
1.40515 -71.8274
1.4113 -71.163
1.41742 -71.3107
1.42355 -71.0765
1.4297 -70.9371
1.43585 -70.4041
1.44198 -70.2096
1.44809 -70.1876
1.45423 -70.0328
1.46036 -69.5833
1.46649 -68.8113
1.47263 -69.3526
1.47877 -69.0912
1.48491 -69.1074
1.49104 -68.7849
1.49718 -69.0557
1.50333 -67.72
1.50947 -67.8555
1.5156 -67.7915
1.52172 -67.167
1.52787 -67.5032
1.534 -67.3552
1.54013 -67.0173
1.54627 -67.1938
1.55241 -66.8526
1.55855 -66.4298
1.56467 -66.3522
1.5708 -66.3601
