0.00783031 422.696
0.013688 468.856
0.019231 1084.98
0.0249154 333.044
0.0312784 -381.967
0.0375637 167.499
0.0433917 263.367
0.0492413 -119.965
0.0555754 11.1049
0.0619321 -89.3613
0.067871 -68.15
0.0738098 -74.9601
0.0800417 -169.712
0.0862327 -125.613
0.0921407 -38.6444
0.0982031 -155.565
0.104506 -164.726
0.110769 -246.349
0.116806 -68.0722
0.122832 -133.131
0.129052 -206.285
0.135211 -251.439
0.141259 -170.806
0.147318 -187.349
0.153489 -163.781
0.159709 -170.055
0.165845 -189.431
0.171974 -189.737
0.178125 -208.091
0.184229 -178.904
0.19034 -243.511
0.196428 -185.115
0.202534 -204.7
0.208729 -191.61
0.214876 -187.778
0.220989 -187.987
0.227147 -210.13
0.23329 -169.532
0.239377 -175.706
0.245482 -210.802
0.251667 -189.298
0.257832 -192.055
0.263955 -189.283
0.270079 -181.811
0.27624 -178.972
0.282372 -171.288
0.28843 -175.456
0.294538 -172.676
0.300721 -165.243
0.30691 -165.348
0.313033 -170.962
0.319153 -171.836
0.325316 -167.266
0.33145 -178.869
0.337538 -164.913
0.343633 -175.577
0.349808 -167.833
0.355968 -177.712
0.362074 -158.588
0.368217 -172.554
0.374374 -169.206
0.380519 -158.269
0.386598 -164.27
0.392688 -163.572
0.39888 -161.792
0.405048 -152.346
0.411186 -157.301
0.417313 -162.434
0.423458 -161.246
0.429607 -150.582
0.435692 -154.586
0.441815 -152.57
0.447964 -149.177
0.454126 -147.54
0.460267 -148.272
0.466387 -156.464
0.47254 -145.811
0.478662 -142.282
0.484765 -151.299
0.490885 -143.311
0.497035 -146.027
0.503198 -147.539
0.509342 -143.72
0.515458 -142.723
0.521598 -145.733
0.527764 -141.044
0.533884 -141.784
0.54 -137.795
0.546137 -138.049
0.552299 -135.808
0.558452 -140.077
0.564573 -137.631
0.570708 -137.089
0.576825 -130.474
0.582926 -134.11
0.589034 -137.005
0.595184 -134.01
0.601379 -131.608
0.607522 -132.43
0.613639 -134.801
0.619772 -134.488
0.625918 -130.233
0.632068 -130.953
0.638161 -132.169
0.6443 -129.28
0.650464 -130.633
0.656582 -128.014
0.662703 -129.915
0.668861 -128.752
0.675024 -126.983
0.681124 -127.934
0.687237 -129.649
0.693381 -127.937
0.699536 -126.673
0.705665 -126.432
0.711789 -126.27
0.717957 -127.401
0.72409 -125.046
0.730186 -123.803
0.736317 -125.005
0.742472 -125.62
0.748622 -121.774
0.75476 -122.456
0.760888 -123.322
0.767043 -120.71
0.773185 -123.23
0.779291 -120.825
0.785407 -120.422
0.791564 -121.81
0.797719 -120.457
0.803834 -119.71
0.809972 -119.925
0.816124 -119.66
0.822261 -119.071
0.828378 -116.969
0.834502 -119.549
0.840667 -118.595
0.846816 -116.969
0.852925 -118.2
0.859047 -117.579
0.865192 -114.762
0.871341 -116.81
0.877463 -116.272
0.883569 -113.569
0.889708 -115.396
0.895864 -114.818
0.902008 -114.43
0.908149 -114.836
0.914301 -112.586
0.920448 -113.614
0.926574 -113.982
0.932687 -113.51
0.938823 -111.656
0.944975 -110.552
0.951105 -113.128
0.957225 -112.274
0.963368 -110.822
0.969511 -112.758
0.975621 -111.827
0.981748 -111.095
0.987916 -109.82
0.99406 -111.178
1.00019 -109.617
1.00632 -108.39
1.01246 -108.836
1.01859 -108.501
1.02471 -108.263
1.03085 -108.146
1.03698 -107.943
1.04314 -107.369
1.04929 -107.088
1.05541 -108.203
1.06154 -107.617
1.06769 -105.456
1.07382 -105.781
1.07993 -106.715
1.08607 -105.386
1.09222 -105.154
1.09836 -104.698
1.10449 -105.457
1.11063 -103.564
1.11677 -104.002
1.1229 -103.065
1.12903 -102.876
1.13518 -103.265
1.14131 -102.312
1.14745 -103.648
1.15359 -102.724
1.15973 -103.161
1.16584 -101.695
1.17197 -101.919
1.17811 -101.225
1.18424 -101.11
1.19038 -100.32
1.19652 -102.321
1.20267 -99.7404
1.20881 -100.997
1.21495 -99.2927
1.22108 -99.9504
1.2272 -100.127
1.23334 -99.6463
1.23949 -99.2289
1.24562 -98.6703
1.25174 -99.0976
1.25789 -98.094
1.26402 -96.6806
1.27014 -97.9554
1.27628 -96.2807
1.28244 -97.3615
1.28858 -97.9853
1.29471 -96.308
1.30084 -96.6155
1.30697 -96.4038
1.31312 -95.5823
1.31925 -95.4773
1.32537 -96.3131
1.33151 -95.5868
1.33765 -94.5166
1.34378 -94.701
1.34992 -94.7386
1.35606 -94.3621
1.3622 -93.7852
1.36833 -93.1311
1.37445 -93.3707
1.38059 -93.0318
1.38675 -92.7953
1.39288 -91.3357
1.39901 -91.4081
1.40515 -92.1718
1.4113 -92.5323
1.41742 -91.1946
1.42355 -91.2941
1.4297 -91.0085
1.43585 -90.737
1.44198 -90.2863
1.44809 -89.3278
1.45423 -90.4567
1.46036 -90.4789
1.46649 -90.8616
1.47263 -89.3311
1.47877 -88.6733
1.48491 -88.5312
1.49104 -88.1226
1.49718 -88.3998
1.50333 -88.2694
1.50947 -88.109
1.5156 -87.3037
1.52172 -86.9853
1.52787 -87.1566
1.534 -86.418
1.54013 -86.5219
1.54627 -86.277
1.55241 -85.73
1.55855 -85.6699
1.56467 -85.1249
1.5708 -85.1936
