0.00783031 425.647
0.013688 478.491
0.019231 1079.45
0.0249154 328.252
0.0312784 -398.211
0.0375637 127.326
0.0433917 226.471
0.0492413 -97.7646
0.0555754 0.178935
0.0619321 -124.316
0.067871 -73.988
0.0738098 -62.7091
0.0800417 -171.031
0.0862327 -125.537
0.0921407 -28.6193
0.0982031 -133.93
0.104506 -131.067
0.110769 -205.145
0.116806 -47.4672
0.122832 -79.4736
0.129052 -157.211
0.135211 -193.036
0.141259 -128.255
0.147318 -129.112
0.153489 -111.199
0.159709 -124.158
0.165845 -138.197
0.171974 -135.767
0.178125 -145.512
0.184229 -128.16
0.19034 -172.985
0.196428 -125.867
0.202534 -138.456
0.208729 -130.576
0.214876 -124.695
0.220989 -126.134
0.227147 -141.857
0.23329 -109.512
0.239377 -114.576
0.245482 -141.166
0.251667 -123.664
0.257832 -126.815
0.263955 -124.813
0.270079 -118.203
0.27624 -113.084
0.282372 -111.687
0.28843 -110.613
0.294538 -112.907
0.300721 -105.246
0.30691 -104.795
0.313033 -108.99
0.319153 -107.643
0.325316 -107.348
0.33145 -112.943
0.337538 -102.719
0.343633 -111.389
0.349808 -106.749
0.355968 -113.283
0.362074 -99.3099
0.368217 -109.188
0.374374 -107.172
0.380519 -98.5721
0.386598 -103.999
0.392688 -103.01
0.39888 -101.477
0.405048 -95.5175
0.411186 -97.8639
0.417313 -101.622
0.423458 -101.69
0.429607 -93.0762
0.435692 -96.2012
0.441815 -95.3374
0.447964 -92.5116
0.454126 -92.1882
0.460267 -92.2459
0.466387 -98.1877
0.47254 -90.6979
0.478662 -88.1486
0.484765 -94.3184
0.490885 -88.3868
0.497035 -90.6185
0.503198 -91.0886
0.509342 -88.5479
0.515458 -87.7964
0.521598 -90.1664
0.527764 -87.0467
0.533884 -87.2201
0.54 -85.528
0.546137 -84.7829
0.552299 -83.2823
0.558452 -86.1446
0.564573 -84.8167
0.570708 -84.3354
0.576825 -79.3874
0.582926 -82.2541
0.589034 -83.7713
0.595184 -81.7221
0.601379 -80.3905
0.607522 -80.6238
0.613639 -82.0367
0.619772 -81.9032
0.625918 -78.9475
0.632068 -79.2393
0.638161 -80.5959
0.6443 -78.5192
0.650464 -79.1855
0.656582 -77.2179
0.662703 -78.6902
0.668861 -77.5757
0.675024 -76.4706
0.681124 -77.0412
0.687237 -77.9316
0.693381 -76.8256
0.699536 -76.2879
0.705665 -75.7772
0.711789 -75.7405
0.717957 -76.1389
0.72409 -74.6557
0.730186 -73.9868
0.736317 -74.6981
0.742472 -75.0892
0.748622 -72.4755
0.75476 -72.7705
0.760888 -73.0798
0.767043 -71.4485
0.773185 -73.1613
0.779291 -71.3996
0.785407 -71.1072
0.791564 -71.8948
0.797719 -71.2615
0.803834 -70.3845
0.809972 -70.6169
0.816124 -70.495
0.822261 -69.9568
0.828378 -68.6715
0.834502 -69.9892
0.840667 -69.3622
0.846816 -68.3568
0.852925 -68.6754
0.859047 -68.3802
0.865192 -66.8294
0.871341 -67.6577
0.877463 -67.2296
0.883569 -65.8449
0.889708 -66.6386
0.895864 -66.5256
0.902008 -66.1679
0.908149 -66.0297
0.914301 -64.8327
0.920448 -65.132
0.926574 -65.5259
0.932687 -64.9424
0.938823 -64.0568
0.944975 -63.2217
0.951105 -64.5449
0.957225 -63.9944
0.963368 -62.99
0.969511 -63.9682
0.975621 -63.635
0.981748 -62.9164
0.987916 -62.3076
0.99406 -62.9524
1.00019 -61.7701
1.00632 -61.226
1.01246 -61.224
1.01859 -61.0233
1.02471 -60.6683
1.03085 -60.6655
1.03698 -60.5882
1.04314 -60.0964
1.04929 -59.8355
1.05541 -60.4902
1.06154 -60.0824
1.06769 -58.5826
1.07382 -58.8921
1.07993 -59.1993
1.08607 -58.5725
1.09222 -58.1285
1.09836 -57.926
1.10449 -58.3382
1.11063 -57.1661
1.11677 -57.4552
1.1229 -56.948
1.12903 -56.8257
1.13518 -56.9864
1.14131 -56.2244
1.14745 -56.9157
1.15359 -56.3516
1.15973 -56.5215
1.16584 -55.5081
1.17197 -55.7763
1.17811 -55.1426
1.18424 -54.9722
1.19038 -54.6185
1.19652 -55.6426
1.20267 -54.1082
1.20881 -54.9733
1.21495 -53.9818
1.22108 -54.2846
1.2272 -54.0537
1.23334 -53.9172
1.23949 -53.4628
1.24562 -53.2904
1.25174 -53.4277
1.25789 -52.8462
1.26402 -52.0139
1.27014 -52.6142
1.27628 -51.692
1.28244 -52.1618
1.28858 -52.459
1.29471 -51.4388
1.30084 -51.4085
1.30697 -51.4608
1.31312 -51.0492
1.31925 -50.6932
1.32537 -51.0956
1.33151 -50.7172
1.33765 -50.3166
1.34378 -50.1804
1.34992 -50.1842
1.35606 -49.968
1.3622 -49.7196
1.36833 -49.2979
1.37445 -49.2739
1.38059 -49.063
1.38675 -48.8308
1.39288 -48.1094
1.39901 -48.0935
1.40515 -48.4661
1.4113 -48.6132
1.41742 -47.9278
1.42355 -47.7695
1.4297 -47.5605
1.43585 -47.4797
1.44198 -47.2535
1.44809 -46.838
1.45423 -47.2151
1.46036 -47.2409
1.46649 -47.28
1.47263 -46.3347
1.47877 -46.3028
1.48491 -46.0517
1.49104 -45.81
1.49718 -45.9182
1.50333 -45.8358
1.50947 -45.6321
1.5156 -45.2778
1.52172 -44.8714
1.52787 -45.0505
1.534 -44.5951
1.54013 -44.6818
1.54627 -44.5676
1.55241 -44.0869
1.55855 -44.3342
1.56467 -43.9487
1.5708 -43.8151
