0.00783031 3714.28
0.013688 4732.61
0.019231 5819.16
0.0249154 5575.33
0.0312784 5368.54
0.0375637 4994.79
0.0433917 4981.25
0.0492413 3789.29
0.0555754 3814.34
0.0619321 3941.74
0.067871 3868.3
0.0738098 3472.09
0.0800417 3211.31
0.0862327 3196.27
0.0921407 2729.09
0.0982031 2720.73
0.104506 2493.87
0.110769 2366.9
0.116806 2307.03
0.122832 2111.62
0.129052 2080.25
0.135211 1941.22
0.141259 1875.02
0.147318 1772.55
0.153489 1756.87
0.159709 1678.17
0.165845 1585.2
0.171974 1526.49
0.178125 1438.12
0.184229 1452.26
0.19034 1358.17
0.196428 1305.24
0.202534 1251.08
0.208729 1194.19
0.214876 1143.84
0.220989 1110.42
0.227147 1058.35
0.23329 1060.72
0.239377 997.986
0.245482 948.065
0.251667 931.522
0.257832 895.109
0.263955 875.894
0.270079 864.153
0.27624 834.955
0.282372 828.27
0.28843 782.774
0.294538 766.315
0.300721 762.741
0.30691 712.649
0.313033 704.251
0.319153 664.548
0.325316 669.118
0.33145 639.188
0.337538 620.451
0.343633 606.807
0.349808 601.6
0.355968 567.062
0.362074 566.468
0.368217 540.864
0.374374 535.142
0.380519 526.146
0.386598 506.971
0.392688 503.024
0.39888 485.858
0.405048 485.344
0.411186 468.248
0.417313 451.179
0.423458 442.966
0.429607 445.122
0.435692 429.267
0.441815 417.876
0.447964 415.494
0.454126 405.224
0.460267 402.268
0.466387 379.919
0.47254 387.398
0.478662 375.38
0.484765 356.583
0.490885 352.806
0.497035 350.861
0.503198 337.871
0.509342 335.224
0.515458 335.685
0.521598 326.051
0.527764 324.3
0.533884 309.801
0.54 311.637
0.546137 302.056
0.552299 301.859
0.558452 288.823
0.564573 287.439
0.570708 280.705
0.576825 285.233
0.582926 275.83
0.589034 265.588
0.595184 260.069
0.601379 260.369
0.607522 253.759
0.613639 242.669
0.619772 242.324
0.625918 238.981
0.632068 232.174
0.638161 228.484
0.6443 230.802
0.650464 222.534
0.656582 219.392
0.662703 216.08
0.668861 205.582
0.675024 208.555
0.681124 202.936
0.687237 201.054
0.693381 196.575
0.699536 193.81
0.705665 189.947
0.711789 184.867
0.717957 179.747
0.72409 179.383
0.730186 180.122
0.736317 174.5
0.742472 169.409
0.748622 167.691
0.75476 165.44
0.760888 160.153
0.767043 159.183
0.773185 157.193
0.779291 154.881
0.785407 151.111
0.791564 147.745
0.797719 147.895
0.803834 144.15
0.809972 142.151
0.816124 138.838
0.822261 137.064
0.828378 136.336
0.834502 129.129
0.840667 130.969
0.846816 127.757
0.852925 123.319
0.859047 121.941
0.865192 122.49
0.871341 117.538
0.877463 116.544
0.883569 118.627
0.889708 111.861
0.895864 112.039
0.902008 110.136
0.908149 107.867
0.914301 106.647
0.920448 102.243
0.926574 100.494
0.932687 98.6879
0.938823 98.1651
0.944975 97.6611
0.951105 91.0708
0.957225 91.0912
0.963368 90.4193
0.969511 85.8392
0.975621 84.3383
0.981748 83.6498
0.987916 85.0039
0.99406 78.9164
1.00019 80.9968
1.00632 78.8554
1.01246 77.9313
1.01859 75.6878
1.02471 72.5059
1.03085 71.42
1.03698 72.0247
1.04314 68.4198
1.04929 69.9443
1.05541 66.1629
1.06154 63.9549
1.06769 65.848
1.07382 62.9114
1.07993 60.8648
1.08607 60.6241
1.09222 59.3204
1.09836 60.2463
1.10449 57.2421
1.11063 56.0941
1.11677 54.0983
1.1229 55.0442
1.12903 54.2143
1.13518 52.3767
1.14131 51.9934
1.14745 49.6997
1.15359 48.8177
1.15973 44.5942
1.16584 46.435
1.17197 43.7831
1.17811 44.5109
1.18424 43.3685
1.19038 43.4118
1.19652 38.63
1.20267 40.2249
1.20881 37.329
1.21495 38.9074
1.22108 36.8165
1.2272 34.2921
1.23334 34.9
1.23949 33.0775
1.24562 33.5016
1.25174 31.3885
1.25789 30.6834
1.26402 33.5713
1.27014 28.9796
1.27628 30.1614
1.28244 28.831
1.28858 26.6225
1.29471 27.303
1.30084 25.3791
1.30697 24.5093
1.31312 24.0254
1.31925 21.9566
1.32537 21.3395
1.33151 20.9413
1.33765 22.3981
1.34378 19.8
1.34992 18.7304
1.35606 19.8108
1.3622 20.1348
1.36833 18.2674
1.37445 17.2315
1.38059 16.5285
1.38675 16.3073
1.39288 16.8533
1.39901 16.6353
1.40515 15.2377
1.4113 12.4786
1.41742 14.8912
1.42355 12.5486
1.4297 12.6591
1.43585 11.9325
1.44198 10.9211
1.44809 11.7595
1.45423 9.5647
1.46036 7.50632
1.46649 6.33489
1.47263 9.38657
1.47877 9.01495
1.48491 7.36565
1.49104 6.56048
1.49718 7.01548
1.50333 4.83563
1.50947 5.08511
1.5156 5.34633
1.52172 4.90367
1.52787 4.76885
1.534 3.84344
1.54013 2.2306
1.54627 2.75875
1.55241 2.8197
1.55855 1.54902
1.56467 2.03601
1.5708 2.1991
