0.00783031 57.1337
0.013688 74.1376
0.019231 68.7036
0.0249154 53.5767
0.0312784 39.5722
0.0375637 23.1163
0.0433917 10.3761
0.0492413 -10.315
0.0555754 -14.5924
0.0619321 -24.0998
0.067871 -36.8933
0.0738098 -46.6469
0.0800417 -49.9777
0.0862327 -59.2054
0.0921407 -59.1097
0.0982031 -68.7842
0.104506 -68.8936
0.110769 -76.6446
0.116806 -77.6997
0.122832 -82.0347
0.129052 -86.5042
0.135211 -94.4848
0.141259 -96.5466
0.147318 -95.6008
0.153489 -98.5056
0.159709 -99.4367
0.165845 -99.5278
0.171974 -102.73
0.178125 -106.601
0.184229 -108.014
0.19034 -108.597
0.196428 -113.756
0.202534 -116.664
0.208729 -117.742
0.214876 -118.276
0.220989 -119.563
0.227147 -121.368
0.23329 -118.36
0.239377 -121.468
0.245482 -121.242
0.251667 -121.656
0.257832 -123.007
0.263955 -124.951
0.270079 -125.236
0.27624 -128.651
0.282372 -129.374
0.28843 -129.609
0.294538 -129.397
0.300721 -129.308
0.30691 -129.289
0.313033 -131.506
0.319153 -130.837
0.325316 -134.353
0.33145 -136.187
0.337538 -133.342
0.343633 -137.736
0.349808 -137.598
0.355968 -140.204
0.362074 -136.684
0.368217 -136.165
0.374374 -139.753
0.380519 -136.741
0.386598 -140.063
0.392688 -141.116
0.39888 -141.439
0.405048 -142.229
0.411186 -141.137
0.417313 -142.279
0.423458 -142.505
0.429607 -143.636
0.435692 -142.894
0.441815 -145.533
0.447964 -143.62
0.454126 -145.307
0.460267 -144.798
0.466387 -146.783
0.47254 -142.188
0.478662 -145.847
0.484765 -148.724
0.490885 -145.91
0.497035 -146.26
0.503198 -148.013
0.509342 -146.625
0.515458 -149.093
0.521598 -149.242
0.527764 -148.588
0.533884 -148.851
0.54 -148.167
0.546137 -148.363
0.552299 -149.778
0.558452 -149.215
0.564573 -150.102
0.570708 -152.28
0.576825 -148.612
0.582926 -152.376
0.589034 -153.28
0.595184 -151.369
0.601379 -152.93
0.607522 -154.377
0.613639 -152.958
0.619772 -153.989
0.625918 -150.525
0.632068 -152.237
0.638161 -153.548
0.6443 -154.684
0.650464 -154.821
0.656582 -153.522
0.662703 -154.33
0.668861 -154.25
0.675024 -156.002
0.681124 -154.685
0.687237 -157.206
0.693381 -156.126
0.699536 -154.941
0.705665 -157.199
0.711789 -156.036
0.717957 -156.518
0.72409 -156.644
0.730186 -158.068
0.736317 -156.119
0.742472 -158.915
0.748622 -158.26
0.75476 -157.428
0.760888 -159.165
0.767043 -157.909
0.773185 -159.81
0.779291 -158.99
0.785407 -158.335
0.791564 -160.43
0.797719 -157.101
0.803834 -158.598
0.809972 -160.332
0.816124 -159.926
0.822261 -159.413
0.828378 -161.228
0.834502 -159.4
0.840667 -160.938
0.846816 -160.499
0.852925 -160.255
0.859047 -159.287
0.865192 -159.847
0.871341 -161.132
0.877463 -160.581
0.883569 -159.639
0.889708 -161.956
0.895864 -161.045
0.902008 -160.324
0.908149 -161.99
0.914301 -160.898
0.920448 -163.338
0.926574 -161.537
0.932687 -161.501
0.938823 -161.575
0.944975 -161.285
0.951105 -161.895
0.957225 -162.043
0.963368 -161.178
0.969511 -163.094
0.975621 -161.569
0.981748 -161.517
0.987916 -162.937
0.99406 -162.832
1.00019 -162.386
1.00632 -160.794
1.01246 -163.042
1.01859 -163.435
1.02471 -161.887
1.03085 -162.974
1.03698 -163.401
1.04314 -161.848
1.04929 -163.06
1.05541 -163.033
1.06154 -163.702
1.06769 -163.081
1.07382 -161.793
1.07993 -162.874
1.08607 -164.172
1.09222 -162.288
1.09836 -163.068
1.10449 -163.041
1.11063 -162.264
1.11677 -162.007
1.1229 -163.054
1.12903 -162.833
1.13518 -162.638
1.14131 -162.64
1.14745 -162.67
1.15359 -162.934
1.15973 -164.552
1.16584 -162.287
1.17197 -162.072
1.17811 -162.53
1.18424 -162.675
1.19038 -162.107
1.19652 -163.786
1.20267 -162.684
1.20881 -163.046
1.21495 -162.625
1.22108 -162.905
1.2272 -161.832
1.23334 -161.648
1.23949 -161.595
1.24562 -162.331
1.25174 -162.06
1.25789 -163.31
1.26402 -161.184
1.27014 -161.527
1.27628 -161.029
1.28244 -162.286
1.28858 -160.774
1.29471 -161.547
1.30084 -161.943
1.30697 -162.199
1.31312 -161.955
1.31925 -160.14
1.32537 -160.886
1.33151 -160.564
1.33765 -161.625
1.34378 -160.848
1.34992 -160.318
1.35606 -160.996
1.3622 -161.44
1.36833 -160.624
1.37445 -161.163
1.38059 -160.709
1.38675 -160.881
1.39288 -159.951
1.39901 -160.173
1.40515 -159.817
1.4113 -160.046
1.41742 -159.408
1.42355 -160.364
1.4297 -160.201
1.43585 -158.96
1.44198 -159.241
1.44809 -157.888
1.45423 -159.001
1.46036 -158.364
1.46649 -160.082
1.47263 -159.032
1.47877 -158.03
1.48491 -157.504
1.49104 -158.287
1.49718 -157.532
1.50333 -157.867
1.50947 -157.754
1.5156 -157.376
1.52172 -157.218
1.52787 -157.552
1.534 -157.364
1.54013 -157.581
1.54627 -156.702
1.55241 -156.954
1.55855 -156.657
1.56467 -156.752
1.5708 -156.005
