0.00783031 -855.302
0.013688 521.43
0.019231 -745.217
0.0249154 -4.6644
0.0312784 34.9664
0.0375637 -114.029
0.0433917 -422.559
0.0492413 -502.277
0.0555754 -43.4126
0.0619321 -263.327
0.067871 -314.081
0.0738098 -147.578
0.0800417 -137.377
0.0862327 -46.1523
0.0921407 -169.887
0.0982031 -160.914
0.104506 -255.467
0.110769 -200.451
0.116806 -108.322
0.122832 -165.837
0.129052 -131.315
0.135211 -230.783
0.141259 -185.162
0.147318 -173.666
0.153489 -215.312
0.159709 -182.32
0.165845 -179.731
0.171974 -176.501
0.178125 -170.357
0.184229 -160.431
0.19034 -182.902
0.196428 -168.415
0.202534 -169.699
0.208729 -166.197
0.214876 -145.635
0.220989 -162.905
0.227147 -156.447
0.23329 -154.087
0.239377 -147.883
0.245482 -135.702
0.251667 -150.979
0.257832 -142.06
0.263955 -140.482
0.270079 -146.277
0.27624 -135.617
0.282372 -149.303
0.28843 -140.361
0.294538 -131.847
0.300721 -131.702
0.30691 -144.725
0.313033 -125.661
0.319153 -137.693
0.325316 -134.832
0.33145 -124.068
0.337538 -130.498
0.343633 -121.766
0.349808 -120.953
0.355968 -114.471
0.362074 -123.271
0.368217 -114.886
0.374374 -118.445
0.380519 -110.917
0.386598 -109.988
0.392688 -116.129
0.39888 -112.536
0.405048 -110.044
0.411186 -107.934
0.417313 -107.94
0.423458 -105.707
0.429607 -104.812
0.435692 -105.92
0.441815 -106.697
0.447964 -101.094
0.454126 -100.303
0.460267 -101.031
0.466387 -99.0062
0.47254 -96.3189
0.478662 -99.6268
0.484765 -97.0619
0.490885 -90.5719
0.497035 -93.4356
0.503198 -97.5812
0.509342 -91.3377
0.515458 -94.6732
0.521598 -92.6827
0.527764 -93.3976
0.533884 -90.0663
0.54 -90.4888
0.546137 -90.1381
0.552299 -88.7206
0.558452 -87.2358
0.564573 -86.0547
0.570708 -86.8377
0.576825 -89.8279
0.582926 -86.8637
0.589034 -85.9716
0.595184 -83.9145
0.601379 -82.7242
0.607522 -83.9424
0.613639 -84.0786
0.619772 -80.6812
0.625918 -83.2308
0.632068 -83.1679
0.638161 -81.9227
0.6443 -80.0685
0.650464 -80.4815
0.656582 -80.0554
0.662703 -79.5392
0.668861 -78.3801
0.675024 -79.2681
0.681124 -77.0091
0.687237 -76.7239
0.693381 -76.4978
0.699536 -76.1563
0.705665 -76.4151
0.711789 -74.5789
0.717957 -73.4722
0.72409 -73.3726
0.730186 -72.8416
0.736317 -73.3168
0.742472 -73.2678
0.748622 -72.293
0.75476 -71.4864
0.760888 -70.6824
0.767043 -70.5494
0.773185 -70.0415
0.779291 -71.4374
0.785407 -69.7108
0.791564 -67.9201
0.797719 -69.0544
0.803834 -67.9115
0.809972 -67.8672
0.816124 -67.7518
0.822261 -67.4572
0.828378 -67.2671
0.834502 -66.5278
0.840667 -66.8972
0.846816 -65.4374
0.852925 -65.3686
0.859047 -63.5578
0.865192 -65.1561
0.871341 -64.6015
0.877463 -64.3881
0.883569 -63.4552
0.889708 -64.0174
0.895864 -62.4905
0.902008 -60.7503
0.908149 -63.4049
0.914301 -62.3146
0.920448 -61.3332
0.926574 -61.725
0.932687 -60.6133
0.938823 -60.7194
0.944975 -59.4054
0.951105 -60.308
0.957225 -58.689
0.963368 -58.6433
0.969511 -59.0007
0.975621 -58.795
0.981748 -58.1283
0.987916 -57.6787
0.99406 -58.1497
1.00019 -57.6206
1.00632 -56.3536
1.01246 -56.9747
1.01859 -56.9354
1.02471 -55.6123
1.03085 -56.475
1.03698 -54.6647
1.04314 -55.7435
1.04929 -54.7262
1.05541 -53.7905
1.06154 -54.692
1.06769 -54.0681
1.07382 -53.5316
1.07993 -53.288
1.08607 -53.0806
1.09222 -52.6433
1.09836 -52.0106
1.10449 -51.6027
1.11063 -51.8453
1.11677 -51.4435
1.1229 -50.8635
1.12903 -51.0453
1.13518 -50.425
1.14131 -50.0568
1.14745 -50.1126
1.15359 -49.4326
1.15973 -49.3363
1.16584 -48.8801
1.17197 -48.5798
1.17811 -48.6049
1.18424 -48.2676
1.19038 -48.2094
1.19652 -47.5997
1.20267 -47.4117
1.20881 -47.2336
1.21495 -46.5954
1.22108 -46.1734
1.2272 -45.9936
1.23334 -45.525
1.23949 -46.2841
1.24562 -45.3536
1.25174 -45.0915
1.25789 -45.0032
1.26402 -44.6706
1.27014 -43.8998
1.27628 -44.0117
1.28244 -43.6889
1.28858 -43.9543
1.29471 -43.4255
1.30084 -43.4023
1.30697 -43.1568
1.31312 -42.6947
1.31925 -42.6242
1.32537 -42.2133
1.33151 -42.1855
1.33765 -41.7027
1.34378 -41.0359
1.34992 -41.3472
1.35606 -40.9641
1.3622 -40.508
1.36833 -40.6584
1.37445 -40.3322
1.38059 -40.3045
1.38675 -39.8038
1.39288 -39.7097
1.39901 -39.1168
1.40515 -39.1223
1.4113 -38.6283
1.41742 -38.794
1.42355 -38.407
1.4297 -38.2777
1.43585 -37.9088
1.44198 -37.7959
1.44809 -37.5171
1.45423 -37.4737
1.46036 -37.0285
1.46649 -36.9713
1.47263 -36.4273
1.47877 -36.6808
1.48491 -36.2229
1.49104 -36.0911
1.49718 -35.9259
1.50333 -35.5276
1.50947 -35.4841
1.5156 -35.0107
1.52172 -34.7499
1.52787 -34.6627
1.534 -34.2832
1.54013 -34.2599
1.54627 -34.239
1.55241 -33.9921
1.55855 -33.72
1.56467 -33.5193
1.5708 -33.2823
