0.00783031 4778.72
0.013688 3352.28
0.019231 3499.55
0.0249154 3310.72
0.0312784 3135
0.0375637 3088.33
0.0433917 2770.88
0.0492413 2761.3
0.0555754 2476.84
0.0619321 2466.04
0.067871 2256.65
0.0738098 2074.94
0.0800417 2108.72
0.0862327 1882.89
0.0921407 1814.68
0.0982031 1729.89
0.104506 1670.77
0.110769 1535
0.116806 1484.91
0.122832 1465.69
0.129052 1365.08
0.135211 1363.57
0.141259 1248.09
0.147318 1225.84
0.153489 1171.98
0.159709 1136.95
0.165845 1094.93
0.171974 1082.94
0.178125 1037.45
0.184229 986.038
0.19034 956.068
0.196428 931.707
0.202534 938.249
0.208729 889.244
0.214876 859.855
0.220989 858.817
0.227147 835.375
0.23329 804.992
0.239377 770.19
0.245482 751.237
0.251667 729.474
0.257832 715.556
0.263955 708.112
0.270079 678.128
0.27624 678.198
0.282372 648.232
0.28843 647.595
0.294538 638.254
0.300721 621.133
0.30691 604.253
0.313033 581.224
0.319153 586.602
0.325316 574.906
0.33145 555.235
0.337538 554.604
0.343633 534.963
0.349808 536.96
0.355968 521.312
0.362074 512.849
0.368217 507.644
0.374374 491.864
0.380519 490.882
0.386598 474.291
0.392688 476.638
0.39888 463.335
0.405048 453.574
0.411186 446.919
0.417313 444.03
0.423458 434.206
0.429607 426.913
0.435692 422.825
0.441815 422.313
0.447964 408.629
0.454126 406.872
0.460267 399.277
0.466387 393.347
0.47254 389.387
0.478662 383.604
0.484765 381.255
0.490885 372.457
0.497035 366.803
0.503198 366.121
0.509342 357.702
0.515458 357.436
0.521598 350.761
0.527764 348.608
0.533884 342.818
0.54 341.283
0.546137 337.19
0.552299 332.628
0.558452 330.864
0.564573 326.083
0.570708 323.285
0.576825 317.632
0.582926 315.073
0.589034 311.879
0.595184 305.262
0.601379 304.081
0.607522 301.797
0.613639 298.018
0.619772 294.457
0.625918 291.841
0.632068 289.785
0.638161 286.908
0.6443 284.534
0.650464 281.056
0.656582 279
0.662703 277.049
0.668861 273.431
0.675024 272.517
0.681124 268.09
0.687237 267.069
0.693381 264.193
0.699536 261.368
0.705665 260.282
0.711789 257.653
0.717957 254.249
0.72409 252.571
0.730186 250.565
0.736317 249.716
0.742472 246.714
0.748622 244.79
0.75476 242.487
0.760888 239.68
0.767043 240.901
0.773185 237.009
0.779291 236.732
0.785407 234.358
0.791564 231.35
0.797719 229.527
0.803834 229.023
0.809972 228.247
0.816124 226.177
0.822261 223.487
0.828378 224.394
0.834502 221.703
0.840667 219.928
0.846816 218.09
0.852925 215.342
0.859047 213.876
0.865192 214.547
0.871341 212.156
0.877463 211.202
0.883569 209.201
0.889708 208.589
0.895864 206.263
0.902008 206.003
0.908149 204.894
0.914301 203.746
0.920448 201.557
0.926574 200.235
0.932687 198.59
0.938823 199.018
0.944975 196.179
0.951105 195.567
0.957225 194.357
0.963368 193.756
0.969511 192.473
0.975621 191.697
0.981748 191.326
0.987916 189.949
0.99406 188.175
1.00019 187.111
1.00632 185.808
1.01246 185.154
1.01859 184.8
1.02471 183.318
1.03085 182.504
1.03698 181.911
1.04314 180.998
1.04929 179.341
1.05541 178.377
1.06154 177.57
1.06769 177.442
1.07382 177.155
1.07993 175.376
1.08607 174.32
1.09222 174.113
1.09836 173.12
1.10449 171.845
1.11063 171.887
1.11677 170.304
1.1229 170.048
1.12903 169.415
1.13518 168.117
1.14131 167.364
1.14745 166.385
1.15359 166.324
1.15973 165.219
1.16584 164.885
1.17197 164.214
1.17811 163.884
1.18424 162.837
1.19038 161.973
1.19652 162.36
1.20267 160.863
1.20881 160.115
1.21495 159.416
1.22108 158.635
1.2272 158.09
1.23334 157.425
1.23949 157.386
1.24562 156.625
1.25174 155.734
1.25789 154.757
1.26402 154.61
1.27014 154.291
1.27628 153.265
1.28244 152.545
1.28858 152.204
1.29471 151.618
1.30084 151.234
1.30697 150.852
1.31312 150.339
1.31925 150.204
1.32537 149.264
1.33151 148.834
1.33765 148.362
1.34378 147.501
1.34992 147.605
1.35606 146.545
1.3622 146.234
1.36833 145.915
1.37445 145.321
1.38059 145.186
1.38675 144.27
1.39288 144.222
1.39901 143.522
1.40515 142.911
1.4113 142.428
1.41742 142.606
1.42355 141.662
1.4297 140.943
1.43585 140.651
1.44198 140.411
1.44809 139.708
1.45423 139.436
1.46036 138.785
1.46649 138.72
1.47263 138.19
1.47877 138.204
1.48491 137.741
1.49104 136.74
1.49718 137
1.50333 136.351
1.50947 135.94
1.5156 135.053
1.52172 134.935
1.52787 135.033
1.534 134.693
1.54013 134.11
1.54627 133.701
1.55241 133.204
1.55855 133.135
1.56467 132.302
1.5708 131.965
