#  k  (h/Mpc)          P(k)  (Mpc/h)^3     P_linear(k)   P_NL(k) (Mpc/h)^3
     0.00783031         20041.4         20513.5           20402 
       0.013688         25365.9         25365.8         25170.4 
       0.019231         24955.4         25635.4         25378.2 
      0.0249154         23301.5         23617.7         23341.1 
      0.0312784           20213         20361.8         20072.2 
      0.0375637         16997.6         17287.6         17029.1 
      0.0433917           14981         15046.4         14768.3 
      0.0492413         12952.9         13439.5         13172.6 
      0.0555754           12213         12280.2         12034.8 
      0.0619321         11152.5         11423.3         11182.2 
       0.067871         10236.3         10674.3         10455.7 
      0.0738098         9567.68         9842.08         9530.37 
      0.0800417         8419.85         8856.08         8604.23 
      0.0862327          7540.3         7841.33          7739.8 
      0.0921407         6726.22         6940.55         6884.81 
      0.0982031         6169.16         6164.83         6243.98 
       0.104506         5420.69         5561.75         5737.32 
       0.110769         5049.34         5155.89         5263.08 
       0.116806         5014.31         4889.47         4964.46 
       0.122832            4669         4677.07         4752.13 
       0.129052          4485.7         4453.97         4522.27 
       0.135211         4256.49         4193.92         4269.83 
       0.141259         3996.23         3896.12         4050.54 
       0.147318         3756.64         3576.26         3807.16 
       0.153489         3517.75          3260.5         3472.32 
       0.159709         3276.34         2982.04         3265.67 
       0.165845          3182.9         2764.14         3130.37 
       0.171974          3039.1         2604.93         2961.41 
       0.178125         2886.89          2488.7         2879.78 
       0.184229          2799.8          2396.6         2743.09 
        0.19034         2637.06         2308.28         2640.78 
       0.196428         2582.72         2211.01            2533 
       0.202534         2532.93         2098.34         2448.32 
       0.208729         2386.03         1971.83          2315.9 
       0.214876         2285.26         1845.05         2253.38 
       0.220989         2228.59         1727.42         2179.44 
       0.227147         2175.63          1625.3         2105.71 
        0.23329         2083.32          1542.2         2040.86 
       0.239377          2041.5         1476.79         1962.14 
       0.245482         1945.97         1423.17         1881.11 
       0.251667         1898.69         1374.77          1839.5 
       0.257832         1836.35         1326.38         1781.24 
       0.263955         1835.14         1274.55         1732.73 
       0.270079         1777.73         1218.63         1683.96 
        0.27624         1719.71         1160.63         1632.19 
       0.282372         1660.49         1104.16         1604.22 
        0.28843         1627.44         1052.29         1569.55 
       0.294538         1595.41         1005.98         1521.93 
       0.300721         1544.57         965.772         1476.82 
        0.30691         1502.88         931.185         1457.29 
       0.313033         1462.76         900.669         1412.21 
       0.319153         1444.68         871.904         1373.99 
       0.325316         1425.48         843.127         1354.28 
        0.33145         1415.09         813.802         1308.65 
       0.337538         1381.42         783.968         1289.04 
       0.343633         1335.81         754.209         1273.23 
       0.349808         1314.46         725.137         1252.72 
       0.355968         1289.72         698.007         1228.96 
       0.362074         1281.49         673.396         1205.73 
       0.368217         1253.79         651.053         1177.75 
       0.374374         1236.55         630.664         1155.05 
       0.380519          1211.4         611.687         1134.08 
       0.386598         1193.56         593.734         1119.14 
       0.392688         1186.86         576.093         1099.03 
        0.39888         1162.11         558.266         1080.83 
       0.405048         1124.23         540.636         1062.65 
       0.411186         1115.35         523.443         1045.26 
       0.417313         1078.82         506.946         1032.01 
       0.423458         1085.31         491.257         1012.47 
       0.429607         1076.72         476.511         996.142 
       0.435692          1061.2         462.871         974.373 
       0.441815         1046.63          450.01         971.353 
       0.447964         1032.68         437.712         961.022 
       0.454126         1007.09         425.821         934.613 
       0.460267         988.717         414.316         932.964 
       0.466387         975.574         403.106         917.372 
        0.47254         963.074         392.064         904.495 
       0.478662         962.509          381.36         891.387 
       0.484765         938.671         371.082         882.092 
       0.490885         939.055         361.225         865.542 
       0.497035         921.456         351.758         858.122 
       0.503198         916.464         342.709         848.092 
       0.509342          904.51         334.099         833.605 
       0.515458         895.715         325.875         827.949 
       0.521598         890.431         317.898         819.807 
       0.527764         873.869         310.109         812.946 
       0.533884         871.171         302.587         804.268 
           0.54         856.654         295.284         794.874 
       0.546137         853.231         288.166         786.409 
       0.552299         839.226         281.241         775.648 
       0.558452         825.572         274.572         769.557 
       0.564573         825.734         268.183         762.401 
       0.570708         817.179         262.019         752.148 
       0.576825         813.148         256.088         743.076 
       0.582926         797.948         250.362         738.298 
       0.589034         786.756           244.8         728.032 
       0.595184          782.48         239.361         720.603 
       0.601379          782.01         234.048         714.925 
       0.607522          766.93         228.943         704.237 
       0.613639         766.853         224.008         701.679 
       0.619772         752.086         219.199         699.531 
       0.625918         753.021         214.523           690.2 
       0.632068          746.84         209.989         686.291 
       0.638161         737.614          205.63         676.345 
         0.6443         730.815         201.363         670.277 
       0.650464          718.02         197.204         662.339 
       0.656582          718.78         193.195         658.243 
       0.662703         710.092         189.299         653.513 
       0.668861         706.638         185.491         650.291 
       0.675024         697.386         181.786         645.456 
       0.681124         692.599         178.221         636.687 
       0.687237         691.163         174.746         631.235 
       0.693381         685.467         171.349         625.446 
       0.699536         676.832         168.039         621.256 
       0.705665         673.737         164.831         613.993 
       0.711789         669.242         161.707         609.356 
       0.717957             664         158.644         608.165 
        0.72409         661.249         155.679         602.232 
       0.730186         653.542          152.81         595.922 
       0.736317         645.746         150.001         592.075 
       0.742472         645.719         147.254         588.343 
       0.748622         640.149         144.576          582.11 
        0.75476         634.106         141.968         582.029 
       0.760888         630.581         139.429           575.8 
       0.767043         622.261         136.944         568.615 
       0.773185         622.379         134.528         565.263 
       0.779291         619.578         132.185         560.659 
       0.785407         613.134         129.892         557.459 
       0.791564         610.347         127.639         555.564 
       0.797719         605.675         125.442         550.541 
       0.803834         602.722         123.312         546.859 
       0.809972         597.439         121.224         543.072 
       0.816124         593.877         119.178         537.397 
       0.822261          589.23         117.186         534.604 
       0.828378         584.537         115.246         530.669 
       0.834502         585.916         113.351         528.875 
       0.840667          580.89         111.487         524.891 
       0.846816         577.758         109.669         520.762 
       0.852925         575.127         107.902         517.784 
       0.859047         566.395          106.17         513.104 
       0.865192         564.804          104.47         510.016 
       0.871341         562.434         102.807         506.384 
       0.877463         558.749         101.188         503.432 
       0.883569         556.734           99.61          501.27 
       0.889708         554.916         98.0585         496.524 
       0.895864         550.242         96.5361         493.723 
       0.902008         547.921         95.0488         490.433 
       0.908149          541.91         93.5935         485.377 
       0.914301         540.711         92.1665         481.772 
       0.920448         536.027         90.7712         480.905 
       0.926574         535.213         89.4101         477.962 
       0.932687         530.263         88.0802         473.294 
       0.938823         527.746         86.7728         471.922 
       0.944975         526.932         85.4889         469.073 
       0.951105         519.596         84.2354         465.903 
       0.957225         516.342          83.009         462.655 
       0.963368         519.006         81.8028         459.815 
       0.969511         513.191         80.6209         456.807 
       0.975621         510.843         79.4694         454.319 
       0.981748         507.673          78.338          451.84 
       0.987916          504.56         77.2216         449.355 
        0.99406         503.389         76.1311         446.431 
        1.00019         501.188         75.0638         442.652 
        1.00632         497.428          74.018         440.061 
        1.01246         494.348         72.9909          437.43 
        1.01859         490.908         71.9852          434.69 
        1.02471         487.233         71.0001         432.302 
        1.03085         483.503         70.0302         430.831 
        1.03698         482.857         69.0805           429.1 
        1.04314         480.374         68.1442         425.571 
        1.04929          476.95          67.227         422.131 
        1.05541         475.079         66.3297         419.711 
        1.06154         473.367         65.4464         417.619 
        1.06769         472.913         64.5783         414.608 
        1.07382         468.224         63.7301         411.904 
        1.07993         464.786         62.9005         410.011 
        1.08607         462.161         62.0832         407.479 
        1.09222         458.955         61.2799         405.191 
        1.09836         457.279         60.4912         403.296 
        1.10449         455.219         59.7167         401.712 
        1.11063         450.553         58.9542         398.537 
        1.11677         449.304         58.2047         396.423 
         1.1229         447.942         57.4691         393.804 
        1.12903         444.947         56.7453          392.03 
        1.13518          444.04         56.0336         388.783 
        1.14131         441.666          55.335         387.644 
        1.14745          438.36         54.6494         384.581 
        1.15359         435.372         53.9759         383.382 
        1.15973         434.041          53.314         381.089 
        1.16584         431.046         52.6667         379.054 
        1.17197         428.501         52.0295         377.377 
        1.17811         425.328         51.4006         374.629 
        1.18424         423.463         50.7833         372.402 
        1.19038         422.543         50.1735          371.22 
        1.19652         417.626         49.5734         368.291 
        1.20267         417.578         48.9833         366.436 
        1.20881         413.663         48.4039         364.926 
        1.21495         411.975         47.8363         362.286 
        1.22108         408.841         47.2789         359.992 
         1.2272         406.089         46.7319         359.043 
        1.23334         405.001         46.1919         356.657 
        1.23949         401.668         45.6581         354.756 
        1.24562         397.622         45.1334         352.657 
        1.25174         395.616         44.6172         351.084 
        1.25789         393.927         44.1075         348.822 
        1.26402         390.979         43.6069         347.609 
        1.27014         389.293         43.1155         345.363 
        1.27628         387.031         42.6304         344.248 
        1.28244          384.57         42.1518         342.606 
        1.28858         381.682         41.6809         340.478 
        1.29471         378.595         41.2183         337.991 
        1.30084         376.375         40.7632         335.917 
        1.30697         374.884         40.3146         334.856 
        1.31312         372.098         39.8726         333.135 
        1.31925           370.7          39.439         331.159 
        1.32537         366.685         39.0126          329.19 
        1.33151         365.988         38.5911         327.926 
        1.33765         363.039         38.1759         326.362 
        1.34378         360.211         37.7675         324.073 
        1.34992         356.749         37.3645         322.575 
        1.35606         355.442         36.9663         320.656 
         1.3622         352.186         36.5745         319.517 
        1.36833         350.993         36.1891         318.305 
        1.37445         348.306         35.8094         315.793 
        1.38059         346.386          35.434         314.721 
        1.38675         343.157         35.0633         313.396 
        1.39288         340.798         34.6997         311.251 
        1.39901         338.157         34.3416         309.548 
        1.40515         335.966          33.988         308.017 
         1.4113         335.094         33.6394         306.267 
        1.41742         330.945         33.2967          304.59 
        1.42355         330.313         32.9578         303.438 
         1.4297         327.625         32.6223         301.328 
        1.43585         325.284         32.2915         300.584 
        1.44198         323.074         31.9668         298.765 
        1.44809         320.911         31.6477         297.196 
        1.45423         318.345         31.3323         295.329 
        1.46036         316.068         31.0223         294.105 
        1.46649         313.936         30.7165         292.844 
        1.47263         310.677         30.4145         291.054 
        1.47877         310.115         30.1163         289.253 
        1.48491         308.954         29.8212         287.663 
        1.49104         306.459         29.5304         286.676 
        1.49718         303.754          29.243         285.836 
        1.50333         301.255         28.9588         283.551 
        1.50947         300.835         28.6791         282.096 
         1.5156         297.902         28.4036         281.309 
        1.52172         295.554          28.132         279.836 
        1.52787         293.842         27.8635         278.436 
          1.534         292.418         27.5991         276.889 
        1.54013         289.475         27.3387         275.619 
        1.54627         288.344         27.0814         274.639 
        1.55241         285.472         26.8275         273.375 
        1.55855         284.314         26.5771         271.725 
        1.56467         282.306         26.3303         270.203 
         1.5708         281.509         26.0858         268.894 
