0.00783031 20700.6
0.013688 25644.6
0.019231 26036.5
0.0249154 24087.8
0.0312784 20747
0.0375637 17614.2
0.0433917 15196.3
0.0492413 13382.8
0.0555754 12600.7
0.0619321 11546.5
0.067871 11224.8
0.0738098 10188.1
0.0800417 8995.86
0.0862327 8095.25
0.0921407 7030.49
0.0982031 6738.33
0.104506 6046.91
0.110769 5823.6
0.116806 5459.58
0.122832 5318.46
0.129052 5049.63
0.135211 4682.24
0.141259 4543.49
0.147318 4268.56
0.153489 3967.73
0.159709 3825.54
0.165845 3599.27
0.171974 3484.25
0.178125 3288.61
0.184229 3211.57
0.19034 3128.84
0.196428 2981.52
0.202534 2800.76
0.208729 2758.19
0.214876 2708.16
0.220989 2630.79
0.227147 2549.78
0.23329 2447.3
0.239377 2360.67
0.245482 2292.08
0.251667 2245.95
0.257832 2189.41
0.263955 2143.01
0.270079 2081.09
0.27624 2037.61
0.282372 1965.75
0.28843 1919.93
0.294538 1916.49
0.300721 1867.13
0.30691 1849.72
0.313033 1781.72
0.319153 1773.37
0.325316 1717.62
0.33145 1673.88
0.337538 1661.23
0.343633 1644.42
0.349808 1601.57
0.355968 1573.51
0.362074 1530.68
0.368217 1530.23
0.374374 1479.5
0.380519 1483.57
0.386598 1447.42
0.392688 1432.22
0.39888 1408.92
0.405048 1374.62
0.411186 1374.18
0.417313 1334.33
0.423458 1328.91
0.429607 1316.72
0.435692 1300.67
0.441815 1268.37
0.447964 1265.96
0.454126 1241.31
0.460267 1221.62
0.466387 1212.59
0.47254 1204.94
0.478662 1184.84
0.484765 1169
0.490885 1160.16
0.497035 1148.09
0.503198 1124.65
0.509342 1103.6
0.515458 1101.52
0.521598 1082.56
0.527764 1078.93
0.533884 1069.13
0.54 1044.32
0.546137 1044.26
0.552299 1032.24
0.558452 1024.8
0.564573 1007.86
0.570708 1002.44
0.576825 989.909
0.582926 981.53
0.589034 968.238
0.595184 961.569
0.601379 947.139
0.607522 943.804
0.613639 929.185
0.619772 920.458
0.625918 911.933
0.632068 899.34
0.638161 888.966
0.6443 881.692
0.650464 878.471
0.656582 870.111
0.662703 868.136
0.668861 853.144
0.675024 840.837
0.681124 835.365
0.687237 831.07
0.693381 822.179
0.699536 814.098
0.705665 812.787
0.711789 805.037
0.717957 789.834
0.72409 781.938
0.730186 772.302
0.736317 771.577
0.742472 766.803
0.748622 754.788
0.75476 757.699
0.760888 745.766
0.767043 735.673
0.773185 733.024
0.779291 731.25
0.785407 716.705
0.791564 712.354
0.797719 704.783
0.803834 699.671
0.809972 691.88
0.816124 688.144
0.822261 682.36
0.828378 675.537
0.834502 674.619
0.840667 667.654
0.846816 663.683
0.852925 656.367
0.859047 651.572
0.865192 644.109
0.871341 636.006
0.877463 633.473
0.883569 629.185
0.889708 626.817
0.895864 615.174
0.902008 611.942
0.908149 606.218
0.914301 600.471
0.920448 598.242
0.926574 592.124
0.932687 587.308
0.938823 582.254
0.944975 577.336
0.951105 573.055
0.957225 567.502
0.963368 563.355
0.969511 559.619
0.975621 553.898
0.981748 550.575
0.987916 545.288
0.99406 541.221
1.00019 535.688
1.00632 531.743
1.01246 528.142
1.01859 522.795
1.02471 520.286
1.03085 513.383
1.03698 510.516
1.04314 505.065
1.04929 499.708
1.05541 497.954
1.06154 493.923
1.06769 489.66
1.07382 485.092
1.07993 479.532
1.08607 476.124
1.09222 473.431
1.09836 470.643
1.10449 464.097
1.11063 462.317
1.11677 456.276
1.1229 455.93
1.12903 451.551
1.13518 446.24
1.14131 443.518
1.14745 437.617
1.15359 436.777
1.15973 430.668
1.16584 430.287
1.17197 423.94
1.17811 422.552
1.18424 417.222
1.19038 414.313
1.19652 412.577
1.20267 408.583
1.20881 404.582
1.21495 400.269
1.22108 397.129
1.2272 395.256
1.23334 390.331
1.23949 389.402
1.24562 383.773
1.25174 383.548
1.25789 379.465
1.26402 374.031
1.27014 371.222
1.27628 370.461
1.28244 367.064
1.28858 364.285
1.29471 358.858
1.30084 357.468
1.30697 353.315
1.31312 351.963
1.31925 347.95
1.32537 345.803
1.33151 343.111
1.33765 340.211
1.34378 338.802
1.34992 334.448
1.35606 331.438
1.3622 328.377
1.36833 326.877
1.37445 322.985
1.38059 321.364
1.38675 318.65
1.39288 315.697
1.39901 314.169
1.40515 309.143
1.4113 308.198
1.41742 304.572
1.42355 302.887
1.4297 300.258
1.43585 298.071
1.44198 295.685
1.44809 292.227
1.45423 290.441
1.46036 288.287
1.46649 285.397
1.47263 283.109
1.47877 280.816
1.48491 278.417
1.49104 275.258
1.49718 274.048
1.50333 271.253
1.50947 269.274
1.5156 266.544
1.52172 264.877
1.52787 262.98
1.534 260.593
1.54013 258.739
1.54627 255.745
1.55241 254.189
1.55855 252.397
1.56467 249.804
1.5708 248.876
