0.00783031 -179.265
0.013688 -230.004
0.019231 -238.943
0.0249154 -230.985
0.0312784 -209.663
0.0375637 -182.777
0.0433917 -169.293
0.0492413 -151.127
0.0555754 -153.424
0.0619321 -150.158
0.067871 -151.793
0.0738098 -147.703
0.0800417 -141.386
0.0862327 -135.267
0.0921407 -124.913
0.0982031 -128.066
0.104506 -123.119
0.110769 -123.814
0.116806 -122.12
0.122832 -125.766
0.129052 -126.118
0.135211 -123.455
0.141259 -128.948
0.147318 -123.999
0.153489 -121.363
0.159709 -122.41
0.165845 -121.616
0.171974 -123.681
0.178125 -120.536
0.184229 -122.69
0.19034 -124.556
0.196428 -123.481
0.202534 -120.523
0.208729 -122.313
0.214876 -126.291
0.220989 -123.544
0.227147 -123.968
0.23329 -124.313
0.239377 -123.214
0.245482 -124.288
0.251667 -125.131
0.257832 -126.19
0.263955 -124.863
0.270079 -126.51
0.27624 -125.42
0.282372 -122.813
0.28843 -124.369
0.294538 -129.035
0.300721 -126.072
0.30691 -129.156
0.313033 -125.51
0.319153 -130.013
0.325316 -127.698
0.33145 -125.813
0.337538 -128.237
0.343633 -129.753
0.349808 -129.896
0.355968 -129.38
0.362074 -128.917
0.368217 -129.901
0.374374 -128.706
0.380519 -129.956
0.386598 -129.283
0.392688 -128.981
0.39888 -131.182
0.405048 -128.063
0.411186 -129.952
0.417313 -128.127
0.423458 -130.096
0.429607 -131.336
0.435692 -131.2
0.441815 -130.91
0.447964 -132.559
0.454126 -129.997
0.460267 -130.442
0.466387 -131.456
0.47254 -133.448
0.478662 -131.49
0.484765 -130.65
0.490885 -133.834
0.497035 -133.887
0.503198 -131.75
0.509342 -130.897
0.515458 -130.907
0.521598 -130.671
0.527764 -133.195
0.533884 -132.506
0.54 -130.25
0.546137 -132.438
0.552299 -133.649
0.558452 -132.783
0.564573 -130.75
0.570708 -132.663
0.576825 -131.149
0.582926 -131.607
0.589034 -133.007
0.595184 -132.778
0.601379 -132.996
0.607522 -131.885
0.613639 -133.064
0.619772 -131.792
0.625918 -133.051
0.632068 -132.287
0.638161 -131.793
0.6443 -132.794
0.650464 -133.969
0.656582 -133.955
0.662703 -134.205
0.668861 -133.64
0.675024 -131.564
0.681124 -132.204
0.687237 -134.443
0.693381 -132.361
0.699536 -133.434
0.705665 -133.748
0.711789 -134.211
0.717957 -132.875
0.72409 -132.201
0.730186 -132.512
0.736317 -133.008
0.742472 -133.329
0.748622 -132.385
0.75476 -134.817
0.760888 -134.535
0.767043 -132.356
0.773185 -132.566
0.779291 -134.064
0.785407 -132.792
0.791564 -131.342
0.797719 -133.167
0.803834 -133.441
0.809972 -132.143
0.816124 -133.171
0.822261 -132.424
0.828378 -132.727
0.834502 -132.714
0.840667 -132.428
0.846816 -134.125
0.852925 -132.69
0.859047 -132.708
0.865192 -131.926
0.871341 -131.889
0.877463 -133.066
0.883569 -132.305
0.889708 -132.812
0.895864 -131.934
0.902008 -131.935
0.908149 -131.899
0.914301 -131.235
0.920448 -132.224
0.926574 -133.048
0.932687 -131.31
0.938823 -131.685
0.944975 -131.174
0.951105 -133.283
0.957225 -131.693
0.963368 -132.321
0.969511 -131.818
0.975621 -131.94
0.981748 -132.113
0.987916 -131.98
0.99406 -130.896
1.00019 -131.197
1.00632 -130.474
1.01246 -132.234
1.01859 -131.842
1.02471 -130.793
1.03085 -130.967
1.03698 -130.83
1.04314 -130.42
1.04929 -130.888
1.05541 -131.404
1.06154 -130.94
1.06769 -131.638
1.07382 -131.005
1.07993 -130.829
1.08607 -130.347
1.09222 -129.953
1.09836 -130.741
1.10449 -130.272
1.11063 -129.816
1.11677 -128.697
1.1229 -131.074
1.12903 -129.428
1.13518 -129.896
1.14131 -129.802
1.14745 -128.384
1.15359 -129.526
1.15973 -128.104
1.16584 -128.842
1.17197 -128.368
1.17811 -129.345
1.18424 -129.006
1.19038 -128.24
1.19652 -129.315
1.20267 -129.137
1.20881 -128.952
1.21495 -128.988
1.22108 -128.274
1.2272 -128.227
1.23334 -127.147
1.23949 -127.998
1.24562 -127.859
1.25174 -127.88
1.25789 -127.553
1.26402 -127.418
1.27014 -127.247
1.27628 -127.919
1.28244 -127.371
1.28858 -127.71
1.29471 -126.342
1.30084 -126.345
1.30697 -125.845
1.31312 -126.269
1.31925 -125.523
1.32537 -126.378
1.33151 -126.462
1.33765 -125.964
1.34378 -126.878
1.34992 -125.793
1.35606 -125.428
1.3622 -125.051
1.36833 -125.007
1.37445 -124.791
1.38059 -124.426
1.38675 -125.685
1.39288 -125.164
1.39901 -124.128
1.40515 -124.171
1.4113 -124.543
1.41742 -123.263
1.42355 -123.783
1.4297 -123.473
1.43585 -123.402
1.44198 -123.503
1.44809 -122.66
1.45423 -123.743
1.46036 -122.404
1.46649 -122.667
1.47263 -123.153
1.47877 -122.74
1.48491 -121.544
1.49104 -121.3
1.49718 -121.483
1.50333 -120.788
1.50947 -121.156
1.5156 -120.993
1.52172 -120.978
1.52787 -121.459
1.534 -120.923
1.54013 -120.251
1.54627 -119.923
1.55241 -120.562
1.55855 -120.237
1.56467 -119.434
1.5708 -120.394
