0.00783031 2210.3
0.013688 -2457.17
0.019231 -1464.34
0.0249154 -635.719
0.0312784 -360.766
0.0375637 319.166
0.0433917 -84.0754
0.0492413 -355.882
0.0555754 462.167
0.0619321 904.988
0.067871 116.711
0.0738098 410.815
0.0800417 373.551
0.0862327 338.476
0.0921407 820.668
0.0982031 858.674
0.104506 848.478
0.110769 977.054
0.116806 902.68
0.122832 740.416
0.129052 1006.84
0.135211 987.338
0.141259 1055.44
0.147318 1050.59
0.153489 969.373
0.159709 1026.5
0.165845 1098.97
0.171974 1031.28
0.178125 1120.36
0.184229 1146.16
0.19034 1057.08
0.196428 1209.48
0.202534 1161.1
0.208729 1194.19
0.214876 1184.6
0.220989 1145.41
0.227147 1149.36
0.23329 1143.23
0.239377 1155.93
0.245482 1193.43
0.251667 1197.21
0.257832 1211.61
0.263955 1148.56
0.270079 1188.83
0.27624 1205.75
0.282372 1188.51
0.28843 1159.54
0.294538 1180.83
0.300721 1176.65
0.30691 1187.26
0.313033 1200.2
0.319153 1183.51
0.325316 1128.81
0.33145 1159.33
0.337538 1161.98
0.343633 1146.17
0.349808 1147.71
0.355968 1142.95
0.362074 1150.19
0.368217 1132.2
0.374374 1123.34
0.380519 1131.96
0.386598 1148.71
0.392688 1122.86
0.39888 1125.52
0.405048 1119.24
0.411186 1134.3
0.417313 1118.21
0.423458 1097.06
0.429607 1115.28
0.435692 1115.68
0.441815 1097.35
0.447964 1106.93
0.454126 1095.92
0.460267 1094.96
0.466387 1081.8
0.47254 1089.81
0.478662 1079.14
0.484765 1087.01
0.490885 1078.12
0.497035 1081.5
0.503198 1065.72
0.509342 1050.63
0.515458 1055.85
0.521598 1045.89
0.527764 1044.63
0.533884 1045.94
0.54 1035.58
0.546137 1034.29
0.552299 1028.41
0.558452 1020.6
0.564573 1024.64
0.570708 1021.4
0.576825 1014.39
0.582926 1004.95
0.589034 1001.82
0.595184 999.213
0.601379 985.158
0.607522 992.714
0.613639 985.187
0.619772 985.317
0.625918 984.861
0.632068 980.503
0.638161 976.57
0.6443 974.679
0.650464 968.325
0.656582 961.629
0.662703 948.063
0.668861 950.84
0.675024 949.664
0.681124 941.578
0.687237 937.204
0.693381 929.86
0.699536 928.167
0.705665 919.776
0.711789 915.761
0.717957 912.67
0.72409 913.151
0.730186 898.502
0.736317 904.01
0.742472 898.809
0.748622 896.952
0.75476 889.413
0.760888 881.187
0.767043 876.953
0.773185 879.432
0.779291 876.389
0.785407 864.284
0.791564 859.316
0.797719 858.209
0.803834 853.572
0.809972 853.271
0.816124 851.536
0.822261 843.508
0.828378 835.789
0.834502 832.413
0.840667 828.661
0.846816 825.622
0.852925 819.128
0.859047 816.806
0.865192 808.857
0.871341 812.057
0.877463 801.576
0.883569 797.059
0.889708 794.368
0.895864 785.468
0.902008 787.673
0.908149 776.299
0.914301 781.404
0.920448 774.056
0.926574 771.86
0.932687 765.842
0.938823 761.834
0.944975 758.23
0.951105 752.275
0.957225 746.752
0.963368 742.753
0.969511 740.592
0.975621 736.418
0.981748 735.316
0.987916 730.452
0.99406 727.33
1.00019 720.84
1.00632 716.206
1.01246 712.198
1.01859 708.798
1.02471 703.474
1.03085 704.111
1.03698 700.205
1.04314 694.113
1.04929 691.386
1.05541 683.008
1.06154 680.588
1.06769 679.001
1.07382 675.081
1.07993 673.752
1.08607 668.971
1.09222 663.455
1.09836 660.725
1.10449 655.625
1.11063 650.995
1.11677 647.112
1.1229 646.962
1.12903 643.821
1.13518 635.946
1.14131 635.083
1.14745 631.371
1.15359 627.527
1.15973 624.329
1.16584 620.018
1.17197 615.577
1.17811 612.971
1.18424 610.383
1.19038 604.676
1.19652 604.969
1.20267 596.715
1.20881 594.724
1.21495 588.348
1.22108 587.872
1.2272 583.161
1.23334 581.15
1.23949 577.321
1.24562 572.517
1.25174 570.844
1.25789 566.843
1.26402 564.491
1.27014 558.566
1.27628 555.192
1.28244 553.816
1.28858 549.38
1.29471 546.319
1.30084 543.489
1.30697 541.26
1.31312 537.637
1.31925 532.827
1.32537 530.554
1.33151 528.136
1.33765 523.177
1.34378 518.519
1.34992 518.848
1.35606 514.939
1.3622 511.134
1.36833 508.687
1.37445 505.076
1.38059 501.007
1.38675 498.288
1.39288 494.475
1.39901 492.507
1.40515 488.389
1.4113 489.32
1.41742 485.311
1.42355 482.243
1.4297 476.698
1.43585 475.634
1.44198 471.964
1.44809 469.96
1.45423 465.92
1.46036 464.081
1.46649 459.663
1.47263 457.518
1.47877 453.124
1.48491 451.443
1.49104 450.153
1.49718 447.768
1.50333 443.763
1.50947 441.496
1.5156 439.632
1.52172 436.727
1.52787 432.547
1.534 429.547
1.54013 426.348
1.54627 426.3
1.55241 421.661
1.55855 419.892
1.56467 418.63
1.5708 414.425
