0.00783031 8906.56
0.013688 11163.7
0.019231 8871.08
0.0249154 8888.33
0.0312784 9591.74
0.0375637 9423.53
0.0433917 9774.07
0.0492413 8866.34
0.0555754 9522.62
0.0619321 8757.81
0.067871 8476.78
0.0738098 8545.82
0.0800417 8172.87
0.0862327 8244.34
0.0921407 8375.96
0.0982031 8055.11
0.104506 7660.52
0.110769 7379.48
0.116806 7492.24
0.122832 7033.61
0.129052 7332.64
0.135211 7069.98
0.141259 6954.41
0.147318 6805.92
0.153489 6620.78
0.159709 6455.72
0.165845 6597.92
0.171974 6226.69
0.178125 6199.44
0.184229 6187.39
0.19034 6091.2
0.196428 5884.35
0.202534 5981.93
0.208729 6060.24
0.214876 5839.31
0.220989 5760.4
0.227147 5693.06
0.23329 5521.2
0.239377 5638.75
0.245482 5505.15
0.251667 5455.14
0.257832 5312.45
0.263955 5275.72
0.270079 5204.89
0.27624 5258.14
0.282372 5108.17
0.28843 5154.22
0.294538 5034.31
0.300721 4996.7
0.30691 4950.48
0.313033 4887.03
0.319153 4863.48
0.325316 4846.72
0.33145 4749.62
0.337538 4750.93
0.343633 4711.66
0.349808 4655.59
0.355968 4649.14
0.362074 4659.26
0.368217 4582.06
0.374374 4531.13
0.380519 4514.98
0.386598 4451.26
0.392688 4443.81
0.39888 4455.8
0.405048 4436.55
0.411186 4378.96
0.417313 4295.63
0.423458 4328.16
0.429607 4304.32
0.435692 4269.38
0.441815 4306.72
0.447964 4209.58
0.454126 4256.25
0.460267 4183.63
0.466387 4137.69
0.47254 4153.44
0.478662 4127.92
0.484765 4081.22
0.490885 4078.85
0.497035 4066.45
0.503198 4046.71
0.509342 4039.24
0.515458 4035.48
0.521598 4025.36
0.527764 3960.31
0.533884 3963.15
0.54 3947.68
0.546137 3951.38
0.552299 3922.2
0.558452 3877.78
0.564573 3874.17
0.570708 3878.36
0.576825 3810.75
0.582926 3867.48
0.589034 3862.94
0.595184 3814.7
0.601379 3817.8
0.607522 3765.65
0.613639 3795.91
0.619772 3768.08
0.625918 3729.23
0.632068 3756.96
0.638161 3731.69
0.6443 3714.57
0.650464 3713.04
0.656582 3700.98
0.662703 3701.21
0.668861 3675.25
0.675024 3654.28
0.681124 3659.43
0.687237 3655.38
0.693381 3628.17
0.699536 3612.1
0.705665 3614.26
0.711789 3606.94
0.717957 3597.74
0.72409 3601.9
0.730186 3597.73
0.736317 3586.88
0.742472 3560.16
0.748622 3546.72
0.75476 3537.94
0.760888 3540.48
0.767043 3527.67
0.773185 3506.1
0.779291 3525.79
0.785407 3501.23
0.791564 3496.08
0.797719 3505.18
0.803834 3478.06
0.809972 3470.31
0.816124 3492.33
0.822261 3473.48
0.828378 3440.13
0.834502 3441.6
0.840667 3454.17
0.846816 3437.92
0.852925 3431.61
0.859047 3428.67
0.865192 3397.94
0.871341 3400.24
0.877463 3408.71
0.883569 3406.45
0.889708 3399.51
0.895864 3398.6
0.902008 3379.1
0.908149 3361.6
0.914301 3370.65
0.920448 3370.48
0.926574 3350.28
0.932687 3332.42
0.938823 3319.96
0.944975 3334.51
0.951105 3320.93
0.957225 3312.62
0.963368 3307.43
0.969511 3302.84
0.975621 3297.13
0.981748 3292.36
0.987916 3304.97
0.99406 3273.84
1.00019 3279.8
1.00632 3255.76
1.01246 3247.45
1.01859 3246.55
1.02471 3254.28
1.03085 3256.7
1.03698 3248.13
1.04314 3236.59
1.04929 3224
1.05541 3229.31
1.06154 3217.61
1.06769 3217.11
1.07382 3206.55
1.07993 3195.81
1.08607 3208.03
1.09222 3181.86
1.09836 3166.1
1.10449 3184.74
1.11063 3148.4
1.11677 3161.58
1.1229 3163.75
1.12903 3148.13
1.13518 3143.03
1.14131 3141.94
1.14745 3139.19
1.15359 3131.07
1.15973 3125.79
1.16584 3119.9
1.17197 3111.95
1.17811 3112.95
1.18424 3102.5
1.19038 3099.57
1.19652 3094.16
1.20267 3094.72
1.20881 3085.71
1.21495 3081.61
1.22108 3086.51
1.2272 3068.49
1.23334 3066.02
1.23949 3055.11
1.24562 3053.93
1.25174 3058.4
1.25789 3039.76
1.26402 3043.59
1.27014 3044.55
1.27628 3022.88
1.28244 3028.7
1.28858 3024.73
1.29471 3026.87
1.30084 3020.2
1.30697 3014.66
1.31312 3007.97
1.31925 2994.3
1.32537 3004.26
1.33151 2991.31
1.33765 2987.93
1.34378 2992.39
1.34992 2985.57
1.35606 2979.16
1.3622 2971.31
1.36833 2975.94
1.37445 2955.05
1.38059 2964.2
1.38675 2956.52
1.39288 2954.67
1.39901 2949.9
1.40515 2945.13
1.4113 2936.43
1.41742 2932.62
1.42355 2920.15
1.4297 2924.39
1.43585 2919.42
1.44198 2915.27
1.44809 2903.93
1.45423 2900.69
1.46036 2900.16
1.46649 2900.48
1.47263 2892.04
1.47877 2897.68
1.48491 2884.25
1.49104 2889.61
1.49718 2868.93
1.50333 2874.45
1.50947 2864.34
1.5156 2862.94
1.52172 2859.87
1.52787 2854.52
1.534 2851.43
1.54013 2839.58
1.54627 2839.66
1.55241 2831.39
1.55855 2823.24
1.56467 2833.06
1.5708 2823.63
