0.00783031 -114.047
0.013688 -132.811
0.019231 -149.02
0.0249154 -141.728
0.0312784 -127.951
0.0375637 -127.66
0.0433917 -121.665
0.0492413 -115.375
0.0555754 -116.704
0.0619321 -113.807
0.067871 -118.706
0.0738098 -121.284
0.0800417 -122.711
0.0862327 -112.619
0.0921407 -116.703
0.0982031 -106.314
0.104506 -115.917
0.110769 -113.429
0.116806 -111.628
0.122832 -116.666
0.129052 -119.657
0.135211 -123.316
0.141259 -119.499
0.147318 -120.73
0.153489 -112.439
0.159709 -118.815
0.165845 -116.879
0.171974 -115.807
0.178125 -118.585
0.184229 -122.974
0.19034 -121.97
0.196428 -122.052
0.202534 -122.073
0.208729 -120.936
0.214876 -127.569
0.220989 -125.235
0.227147 -123.831
0.23329 -124.369
0.239377 -123.105
0.245482 -125.999
0.251667 -125.13
0.257832 -128.259
0.263955 -129.895
0.270079 -126.644
0.27624 -128.959
0.282372 -131.069
0.28843 -128.22
0.294538 -130.783
0.300721 -130.858
0.30691 -132.881
0.313033 -132.604
0.319153 -130.763
0.325316 -130.84
0.33145 -133.709
0.337538 -132
0.343633 -134.645
0.349808 -132.365
0.355968 -135.873
0.362074 -136.902
0.368217 -136.85
0.374374 -136.819
0.380519 -136.369
0.386598 -136.982
0.392688 -137.706
0.39888 -135.906
0.405048 -136.579
0.411186 -137.882
0.417313 -137.025
0.423458 -135.984
0.429607 -140.543
0.435692 -138.456
0.441815 -141.763
0.447964 -139.363
0.454126 -140.508
0.460267 -139.823
0.466387 -141.978
0.47254 -139.685
0.478662 -142.139
0.484765 -140.746
0.490885 -140.839
0.497035 -139.983
0.503198 -142.004
0.509342 -142.359
0.515458 -141.982
0.521598 -142.053
0.527764 -142.672
0.533884 -142.304
0.54 -143.028
0.546137 -141.343
0.552299 -144.69
0.558452 -141.816
0.564573 -144.432
0.570708 -141.857
0.576825 -145.044
0.582926 -145.065
0.589034 -144.212
0.595184 -143.596
0.601379 -145.518
0.607522 -145.877
0.613639 -144.994
0.619772 -145.502
0.625918 -148.227
0.632068 -145.829
0.638161 -144.905
0.6443 -147.77
0.650464 -145.796
0.656582 -147.116
0.662703 -143.642
0.668861 -145.233
0.675024 -145.471
0.681124 -148.056
0.687237 -147.773
0.693381 -146.139
0.699536 -144.946
0.705665 -145.333
0.711789 -146.96
0.717957 -147.385
0.72409 -148.339
0.730186 -146.458
0.736317 -146.769
0.742472 -148.269
0.748622 -147.745
0.75476 -147.657
0.760888 -149.033
0.767043 -146.888
0.773185 -147.638
0.779291 -147.625
0.785407 -147.739
0.791564 -147.379
0.797719 -147.924
0.803834 -148.323
0.809972 -147.522
0.816124 -148.161
0.822261 -147.911
0.828378 -148.217
0.834502 -148.561
0.840667 -148.531
0.846816 -146.97
0.852925 -147.636
0.859047 -148.75
0.865192 -148.75
0.871341 -148.9
0.877463 -149.038
0.883569 -146.97
0.889708 -147.532
0.895864 -147.916
0.902008 -149.429
0.908149 -148.672
0.914301 -148.531
0.920448 -148.008
0.926574 -150.379
0.932687 -148.538
0.938823 -150.553
0.944975 -149.293
0.951105 -149.594
0.957225 -149.476
0.963368 -148.005
0.969511 -147.583
0.975621 -148.76
0.981748 -149.611
0.987916 -148.866
0.99406 -148.195
1.00019 -150.593
1.00632 -149.92
1.01246 -148.416
1.01859 -149.838
1.02471 -150.068
1.03085 -148.712
1.03698 -148.107
1.04314 -149.716
1.04929 -150.033
1.05541 -149.24
1.06154 -149.969
1.06769 -148.465
1.07382 -149.333
1.07993 -149.456
1.08607 -149.49
1.09222 -149.13
1.09836 -148.747
1.10449 -148.564
1.11063 -147.897
1.11677 -149.316
1.1229 -150.313
1.12903 -148.771
1.13518 -148.742
1.14131 -148.184
1.14745 -149.103
1.15359 -147.922
1.15973 -148.726
1.16584 -146.47
1.17197 -149.008
1.17811 -148.235
1.18424 -149.499
1.19038 -148.421
1.19652 -148.648
1.20267 -146.963
1.20881 -147.846
1.21495 -147.933
1.22108 -147.644
1.2272 -148.347
1.23334 -149.602
1.23949 -146.509
1.24562 -148.995
1.25174 -147.869
1.25789 -146.86
1.26402 -147.28
1.27014 -147.568
1.27628 -146.85
1.28244 -146.683
1.28858 -147.792
1.29471 -147.07
1.30084 -146.752
1.30697 -147.123
1.31312 -147.66
1.31925 -147.644
1.32537 -147.034
1.33151 -147.662
1.33765 -146.938
1.34378 -146.812
1.34992 -147.999
1.35606 -146.379
1.3622 -147.156
1.36833 -147.64
1.37445 -146.742
1.38059 -145.967
1.38675 -146.185
1.39288 -145.98
1.39901 -147.137
1.40515 -146.704
1.4113 -146.337
1.41742 -146.163
1.42355 -146.242
1.4297 -146.532
1.43585 -145.322
1.44198 -145.73
1.44809 -146.014
1.45423 -144.607
1.46036 -145.161
1.46649 -145.41
1.47263 -145.649
1.47877 -144.786
1.48491 -144.984
1.49104 -144.875
1.49718 -145.701
1.50333 -145.645
1.50947 -144.312
1.5156 -146.355
1.52172 -145.066
1.52787 -145.007
1.534 -145.102
1.54013 -144.177
1.54627 -144.891
1.55241 -146.482
1.55855 -144.506
1.56467 -143.583
1.5708 -143.994
