0.00783031 6759.95
0.013688 5734.43
0.019231 5283.25
0.0249154 6162.85
0.0312784 5087.83
0.0375637 3839.46
0.0433917 4510.02
0.0492413 4584.83
0.0555754 4269.38
0.0619321 4091.69
0.067871 3430.76
0.0738098 3557.7
0.0800417 3377.14
0.0862327 3199.71
0.0921407 2862.52
0.0982031 2776.26
0.104506 2586.32
0.110769 2430.3
0.116806 2412.57
0.122832 2243.36
0.129052 2193.46
0.135211 2065.12
0.141259 1898.56
0.147318 1843.02
0.153489 1776.22
0.159709 1691.84
0.165845 1653.39
0.171974 1601.07
0.178125 1493.66
0.184229 1478.14
0.19034 1382.36
0.196428 1315.29
0.202534 1315.94
0.208729 1266.94
0.214876 1194.97
0.220989 1148.88
0.227147 1170.11
0.23329 1096.44
0.239377 1083.53
0.245482 1051.77
0.251667 1008.53
0.257832 986.254
0.263955 957.801
0.270079 916.872
0.27624 893.48
0.282372 870.224
0.28843 869.354
0.294538 839.024
0.300721 787.688
0.30691 769.711
0.313033 748.472
0.319153 744.986
0.325316 717.945
0.33145 700.461
0.337538 692.683
0.343633 672.425
0.349808 665.539
0.355968 638.935
0.362074 632.382
0.368217 607.475
0.374374 592.458
0.380519 578.399
0.386598 571.49
0.392688 574.425
0.39888 551.847
0.405048 530.593
0.411186 528.471
0.417313 509.725
0.423458 512.367
0.429607 498.622
0.435692 500.082
0.441815 473.177
0.447964 468.821
0.454126 453.562
0.460267 443.131
0.466387 449.657
0.47254 436.865
0.478662 426.13
0.484765 421.278
0.490885 420.084
0.497035 414.371
0.503198 402.648
0.509342 392.019
0.515458 398.737
0.521598 381.787
0.527764 379.248
0.533884 366.953
0.54 366.556
0.546137 353.803
0.552299 348.603
0.558452 351.987
0.564573 342.959
0.570708 341.892
0.576825 328.126
0.582926 333.44
0.589034 320.183
0.595184 315.297
0.601379 312.691
0.607522 304.842
0.613639 302.894
0.619772 297.601
0.625918 291.36
0.632068 292.61
0.638161 283.427
0.6443 281.855
0.650464 277.378
0.656582 271.418
0.662703 269.425
0.668861 263.408
0.675024 258.373
0.681124 262.447
0.687237 254.185
0.693381 255.953
0.699536 247.07
0.705665 239.231
0.711789 240.097
0.717957 234.62
0.72409 233.157
0.730186 231.418
0.736317 232.812
0.742472 221.098
0.748622 219.499
0.75476 217.969
0.760888 216.11
0.767043 212.233
0.773185 209.073
0.779291 207.653
0.785407 205.355
0.791564 202.545
0.797719 200.436
0.803834 196.483
0.809972 194.482
0.816124 188.007
0.822261 185.827
0.828378 186.125
0.834502 186.49
0.840667 183.609
0.846816 178.728
0.852925 177.89
0.859047 173.923
0.865192 174.416
0.871341 168.051
0.877463 167.15
0.883569 168.706
0.889708 164.221
0.895864 159.3
0.902008 159.422
0.908149 159.247
0.914301 156.353
0.920448 152.065
0.926574 150.139
0.932687 150.896
0.938823 144.102
0.944975 144.672
0.951105 142.567
0.957225 140.525
0.963368 140.596
0.969511 139.192
0.975621 135.422
0.981748 135.193
0.987916 131.78
0.99406 131.544
1.00019 129.748
1.00632 126.005
1.01246 126.399
1.01859 123.211
1.02471 122.339
1.03085 119.698
1.03698 120.202
1.04314 117.746
1.04929 116.254
1.05541 114.702
1.06154 111.696
1.06769 112.684
1.07382 110.034
1.07993 107.152
1.08607 107.66
1.09222 106.672
1.09836 104.077
1.10449 103.944
1.11063 101.544
1.11677 101.074
1.1229 99.7325
1.12903 97.1786
1.13518 94.2006
1.14131 95.217
1.14745 92.4528
1.15359 92.0261
1.15973 90.0429
1.16584 87.7664
1.17197 89.059
1.17811 86.1662
1.18424 84.0264
1.19038 83.8423
1.19652 83.4631
1.20267 80.6736
1.20881 80.76
1.21495 79.8015
1.22108 79.3937
1.2272 76.7025
1.23334 76.1538
1.23949 76.7605
1.24562 73.1947
1.25174 73.6262
1.25789 71.4353
1.26402 72.2568
1.27014 69.8071
1.27628 68.5002
1.28244 66.8416
1.28858 68.3705
1.29471 65.1703
1.30084 63.6045
1.30697 64.6542
1.31312 61.6576
1.31925 61.2968
1.32537 62.0738
1.33151 59.6615
1.33765 58.8646
1.34378 58.3281
1.34992 56.1676
1.35606 56.187
1.3622 54.4894
1.36833 53.5753
1.37445 52.8242
1.38059 52.0205
1.38675 50.4729
1.39288 51.1837
1.39901 48.5887
1.40515 48.5483
1.4113 46.937
1.41742 46.4852
1.42355 45.2918
1.4297 45.9516
1.43585 45.3801
1.44198 43.5746
1.44809 42.5153
1.45423 42.1173
1.46036 41.967
1.46649 38.9447
1.47263 38.9665
1.47877 38.3318
1.48491 36.9004
1.49104 37.484
1.49718 36.1324
1.50333 34.1299
1.50947 35.5436
1.5156 32.3872
1.52172 33.0364
1.52787 33.2558
1.534 31.9278
1.54013 30.9946
1.54627 29.8401
1.55241 29.2995
1.55855 27.8851
1.56467 27.2817
1.5708 27.2946
