0.00783031 1783.15
0.013688 251.448
0.019231 -1772.29
0.0249154 -367.062
0.0312784 1560.83
0.0375637 -567.635
0.0433917 258.974
0.0492413 807.712
0.0555754 1231.15
0.0619321 1050.72
0.067871 950.93
0.0738098 1152.91
0.0800417 1428.29
0.0862327 1322.32
0.0921407 1525.98
0.0982031 1398.83
0.104506 1405.82
0.110769 1535.46
0.116806 1621.68
0.122832 1743.84
0.129052 1773.5
0.135211 1728.14
0.141259 1722.73
0.147318 1965.73
0.153489 1780.19
0.159709 1845.17
0.165845 1875.67
0.171974 1939.51
0.178125 1954.9
0.184229 1859.65
0.19034 1930.48
0.196428 2060.33
0.202534 1995.83
0.208729 1967.61
0.214876 2008.45
0.220989 1989.35
0.227147 1990.79
0.23329 2017.47
0.239377 2075.99
0.245482 2009.15
0.251667 2003.79
0.257832 1996.02
0.263955 1975.19
0.270079 1988.04
0.27624 1971.07
0.282372 2008.03
0.28843 1991.05
0.294538 2024.65
0.300721 1947.35
0.30691 2012.88
0.313033 1998.71
0.319153 2015.52
0.325316 1998.41
0.33145 1984.86
0.337538 2008.51
0.343633 1980.33
0.349808 1996.96
0.355968 1987.21
0.362074 1974.39
0.368217 1987.85
0.374374 1960.48
0.380519 1989.13
0.386598 1949.95
0.392688 1962.51
0.39888 1962.62
0.405048 1931.52
0.411186 1922.47
0.417313 1933.72
0.423458 1932.63
0.429607 1924.86
0.435692 1909.8
0.441815 1917.16
0.447964 1904.47
0.454126 1916.05
0.460267 1897.89
0.466387 1901.46
0.47254 1903.8
0.478662 1896.9
0.484765 1870.29
0.490885 1865.85
0.497035 1873.18
0.503198 1865.55
0.509342 1857.23
0.515458 1865.81
0.521598 1851.71
0.527764 1853.76
0.533884 1837.2
0.54 1835.93
0.546137 1819.59
0.552299 1838.59
0.558452 1824.72
0.564573 1817.99
0.570708 1798.43
0.576825 1806.47
0.582926 1812.02
0.589034 1806.68
0.595184 1785.59
0.601379 1785.51
0.607522 1760.12
0.613639 1759.13
0.619772 1772.45
0.625918 1773.23
0.632068 1758
0.638161 1755.18
0.6443 1743.41
0.650464 1733.98
0.656582 1721.49
0.662703 1732.7
0.668861 1724.77
0.675024 1718.55
0.681124 1707.71
0.687237 1700.02
0.693381 1693.12
0.699536 1693.34
0.705665 1687.24
0.711789 1676.88
0.717957 1672.47
0.72409 1667.53
0.730186 1651.83
0.736317 1649.81
0.742472 1644.8
0.748622 1638.39
0.75476 1635.52
0.760888 1633.42
0.767043 1626.15
0.773185 1612.75
0.779291 1625.28
0.785407 1605.89
0.791564 1606.82
0.797719 1589.46
0.803834 1593.44
0.809972 1581.6
0.816124 1582.7
0.822261 1577.7
0.828378 1573.82
0.834502 1565.29
0.840667 1560.59
0.846816 1545.22
0.852925 1548.9
0.859047 1536.93
0.865192 1526.72
0.871341 1524.79
0.877463 1513.17
0.883569 1514.64
0.889708 1506.08
0.895864 1502.01
0.902008 1485.61
0.908149 1485.15
0.914301 1486.05
0.920448 1478.47
0.926574 1462.42
0.932687 1474.3
0.938823 1461.84
0.944975 1451.9
0.951105 1448.12
0.957225 1439.98
0.963368 1431.64
0.969511 1433.82
0.975621 1426.54
0.981748 1416.78
0.987916 1415.82
0.99406 1408.1
1.00019 1399.35
1.00632 1391.57
1.01246 1386.68
1.01859 1379.35
1.02471 1376.71
1.03085 1363.63
1.03698 1358.19
1.04314 1358.98
1.04929 1348.5
1.05541 1342.68
1.06154 1339.73
1.06769 1337.39
1.07382 1326.42
1.07993 1322.13
1.08607 1318.49
1.09222 1309.12
1.09836 1307.62
1.10449 1297.44
1.11063 1294.14
1.11677 1295.35
1.1229 1276.7
1.12903 1279.45
1.13518 1273.32
1.14131 1264.02
1.14745 1254.42
1.15359 1250.4
1.15973 1243.75
1.16584 1239.92
1.17197 1237.99
1.17811 1231.53
1.18424 1226.19
1.19038 1217.62
1.19652 1209.39
1.20267 1213.13
1.20881 1205.98
1.21495 1195.51
1.22108 1192.97
1.2272 1183.38
1.23334 1182.05
1.23949 1179.59
1.24562 1176.95
1.25174 1165.17
1.25789 1158.49
1.26402 1157.09
1.27014 1145.42
1.27628 1142.94
1.28244 1139.37
1.28858 1131.75
1.29471 1124.84
1.30084 1127.84
1.30697 1116.19
1.31312 1113.04
1.31925 1106.59
1.32537 1104.02
1.33151 1095.39
1.33765 1084.36
1.34378 1083.17
1.34992 1083.45
1.35606 1078.41
1.3622 1069.58
1.36833 1068.28
1.37445 1062.74
1.38059 1054.99
1.38675 1049.17
1.39288 1050.33
1.39901 1043.98
1.40515 1035.65
1.4113 1033.29
1.41742 1030.11
1.42355 1023.31
1.4297 1022.45
1.43585 1014.29
1.44198 1012.42
1.44809 1000.25
1.45423 1001.88
1.46036 998.005
1.46649 993.054
1.47263 988.401
1.47877 980.036
1.48491 976.167
1.49104 973.072
1.49718 971.418
1.50333 961.695
1.50947 956.534
1.5156 952.592
1.52172 947.341
1.52787 947.543
1.534 943.176
1.54013 935.147
1.54627 934.075
1.55241 925.988
1.55855 926.017
1.56467 920.628
1.5708 919.251
