0.00783031 1754.81
0.013688 208.097
0.019231 -1936.24
0.0249154 -541.618
0.0312784 1226.58
0.0375637 -868.34
0.0433917 -99.2403
0.0492413 358.744
0.0555754 696.67
0.0619321 501.753
0.067871 336.191
0.0738098 513.622
0.0800417 762.296
0.0862327 655.774
0.0921407 823.75
0.0982031 713.965
0.104506 700.161
0.110769 773.476
0.116806 856.518
0.122832 974.408
0.129052 975
0.135211 959.148
0.141259 949.779
0.147318 1149.01
0.153489 994.061
0.159709 1051.46
0.165845 1082.25
0.171974 1118.62
0.178125 1131.62
0.184229 1051
0.19034 1110.08
0.196428 1211.13
0.202534 1167.89
0.208729 1140.26
0.214876 1182.24
0.220989 1162.91
0.227147 1160.08
0.23329 1187.06
0.239377 1218.72
0.245482 1186.28
0.251667 1168.05
0.257832 1175.06
0.263955 1156.41
0.270079 1164.77
0.27624 1154.56
0.282372 1181.73
0.28843 1171.04
0.294538 1188.25
0.300721 1141.59
0.30691 1183.47
0.313033 1174.98
0.319153 1181.08
0.325316 1174.69
0.33145 1158.82
0.337538 1180.48
0.343633 1153.68
0.349808 1172.32
0.355968 1162.36
0.362074 1151.71
0.368217 1165
0.374374 1143.51
0.380519 1161.82
0.386598 1140.03
0.392688 1142.83
0.39888 1141.52
0.405048 1124.65
0.411186 1111.72
0.417313 1121.76
0.423458 1116.16
0.429607 1114.98
0.435692 1105.41
0.441815 1106.13
0.447964 1097.7
0.454126 1103.78
0.460267 1092.85
0.466387 1093.9
0.47254 1098.52
0.478662 1090.46
0.484765 1072.52
0.490885 1069.11
0.497035 1070.93
0.503198 1066.47
0.509342 1059.45
0.515458 1065.02
0.521598 1056.58
0.527764 1056.22
0.533884 1043.83
0.54 1043.83
0.546137 1032.16
0.552299 1043.29
0.558452 1034.16
0.564573 1029.05
0.570708 1015.35
0.576825 1020.1
0.582926 1023.15
0.589034 1016.51
0.595184 1003.99
0.601379 1003.95
0.607522 987.672
0.613639 984.77
0.619772 992.489
0.625918 991.651
0.632068 981.03
0.638161 978.701
0.6443 970.249
0.650464 965.01
0.656582 957.31
0.662703 961.292
0.668861 955.769
0.675024 951.839
0.681124 944.946
0.687237 939.227
0.693381 934.144
0.699536 933.317
0.705665 929.151
0.711789 920.784
0.717957 918.061
0.72409 915.003
0.730186 904.325
0.736317 902.348
0.742472 898.353
0.748622 894.357
0.75476 891.563
0.760888 889.531
0.767043 884.254
0.773185 877.026
0.779291 881.853
0.785407 868.783
0.791564 869.596
0.797719 859.213
0.803834 859.464
0.809972 852.094
0.816124 851.878
0.822261 847.894
0.828378 846.062
0.834502 839.818
0.840667 836.763
0.846816 826.691
0.852925 827.748
0.859047 820.678
0.865192 813.019
0.871341 811.503
0.877463 803.757
0.883569 803.673
0.889708 798.502
0.895864 795.504
0.902008 786.215
0.908149 784.598
0.914301 783.84
0.920448 779.045
0.926574 769.544
0.932687 775.289
0.938823 767.187
0.944975 761.777
0.951105 757.902
0.957225 753.012
0.963368 747.537
0.969511 748.468
0.975621 742.84
0.981748 737.086
0.987916 736.712
0.99406 731.455
1.00019 725.657
1.00632 719.696
1.01246 716.46
1.01859 712.421
1.02471 709.364
1.03085 702.577
1.03698 699.2
1.04314 698.038
1.04929 691.241
1.05541 687.45
1.06154 685.048
1.06769 683.327
1.07382 677.489
1.07993 674.023
1.08607 670.67
1.09222 666.191
1.09836 663.962
1.10449 658.401
1.11063 655.202
1.11677 655.124
1.1229 644.87
1.12903 645.325
1.13518 641.513
1.14131 636.009
1.14745 630.013
1.15359 627.683
1.15973 622.958
1.16584 620.98
1.17197 618.933
1.17811 614.354
1.18424 610.829
1.19038 605.552
1.19652 601.296
1.20267 602.187
1.20881 597.515
1.21495 591.16
1.22108 589.506
1.2272 583.795
1.23334 582.454
1.23949 580.588
1.24562 578.995
1.25174 572.066
1.25789 567.326
1.26402 566.039
1.27014 559.723
1.27628 557.988
1.28244 555.258
1.28858 551.008
1.29471 546.785
1.30084 546.757
1.30697 541.183
1.31312 538.413
1.31925 534.847
1.32537 532.958
1.33151 528.322
1.33765 521.866
1.34378 520.646
1.34992 519.608
1.35606 516.339
1.3622 511.479
1.36833 510.29
1.37445 506.555
1.38059 502.5
1.38675 498.569
1.39288 498.157
1.39901 495.096
1.40515 490.27
1.4113 487.83
1.41742 485.576
1.42355 481.666
1.4297 481.116
1.43585 476.165
1.44198 474.413
1.44809 468.33
1.45423 467.749
1.46036 465.164
1.46649 462.42
1.47263 459.697
1.47877 455.126
1.48491 452.551
1.49104 449.876
1.49718 449.093
1.50333 443.768
1.50947 440.564
1.5156 438.069
1.52172 435.172
1.52787 434.314
1.534 432.097
1.54013 426.952
1.54627 426.164
1.55241 421.686
1.55855 420.861
1.56467 417.633
1.5708 416.344
