0.00783031 2891.63
0.013688 1348.72
0.019231 -499.287
0.0249154 -635.622
0.0312784 1330.95
0.0375637 -582.702
0.0433917 451.314
0.0492413 257.185
0.0555754 -127.356
0.0619321 197.621
0.067871 525.329
0.0738098 800.679
0.0800417 363.997
0.0862327 896.64
0.0921407 841.654
0.0982031 493.433
0.104506 531.799
0.110769 867.973
0.116806 955.034
0.122832 888.091
0.129052 929.954
0.135211 1070.34
0.141259 1055.66
0.147318 887.103
0.153489 990.079
0.159709 997.34
0.165845 1040.89
0.171974 1062.71
0.178125 1112.77
0.184229 1079.86
0.19034 1132.02
0.196428 1132.56
0.202534 1091.44
0.208729 1140.52
0.214876 1097.73
0.220989 1088.01
0.227147 1113.55
0.23329 1160.6
0.239377 1142.55
0.245482 1125.48
0.251667 1117.83
0.257832 1142.77
0.263955 1097.77
0.270079 1156.21
0.27624 1126.45
0.282372 1166.9
0.28843 1176.77
0.294538 1143.28
0.300721 1134.44
0.30691 1116.52
0.313033 1141.69
0.319153 1149.93
0.325316 1163.52
0.33145 1150.83
0.337538 1129.12
0.343633 1156.35
0.349808 1126.2
0.355968 1132.06
0.362074 1144.5
0.368217 1142.78
0.374374 1122.64
0.380519 1128.44
0.386598 1116.53
0.392688 1121.91
0.39888 1105.03
0.405048 1121.48
0.411186 1114.11
0.417313 1109.08
0.423458 1118.43
0.429607 1108.3
0.435692 1100.84
0.441815 1071.35
0.447964 1100.58
0.454126 1087.43
0.460267 1095.63
0.466387 1082.98
0.47254 1093.26
0.478662 1073.56
0.484765 1075.86
0.490885 1063.68
0.497035 1064.99
0.503198 1059.39
0.509342 1058.29
0.515458 1043.26
0.521598 1052.76
0.527764 1039.46
0.533884 1042.56
0.54 1031.19
0.546137 1040.66
0.552299 1038.83
0.558452 1036.23
0.564573 1044.64
0.570708 1022.18
0.576825 1024.1
0.582926 1020.89
0.589034 1005.99
0.595184 1019.15
0.601379 1014.16
0.607522 1001.89
0.613639 995.834
0.619772 1001.55
0.625918 986.344
0.632068 991.954
0.638161 983.329
0.6443 982.377
0.650464 975.863
0.656582 980.381
0.662703 971.203
0.668861 971.075
0.675024 965.915
0.681124 960.318
0.687237 963.305
0.693381 952.469
0.699536 951.122
0.705665 945.439
0.711789 952.604
0.717957 941.889
0.72409 941.24
0.730186 937.022
0.736317 928.393
0.742472 930.654
0.748622 928.653
0.75476 926.863
0.760888 918.5
0.767043 918.147
0.773185 908.594
0.779291 914.796
0.785407 906.328
0.791564 902.898
0.797719 895.225
0.803834 899.775
0.809972 896.303
0.816124 887.325
0.822261 884.853
0.828378 881.484
0.834502 879.586
0.840667 880.602
0.846816 871.965
0.852925 871.442
0.859047 866.26
0.865192 861.461
0.871341 857.917
0.877463 854.874
0.883569 855.211
0.889708 851.34
0.895864 847.811
0.902008 844.972
0.908149 843.524
0.914301 833.398
0.920448 834.946
0.926574 830.825
0.932687 825.9
0.938823 823.344
0.944975 823.893
0.951105 823.555
0.957225 810.902
0.963368 811.76
0.969511 810.323
0.975621 807.292
0.981748 801.77
0.987916 798.784
0.99406 796.522
1.00019 791.008
1.00632 783.725
1.01246 785.516
1.01859 784.929
1.02471 774.307
1.03085 774.605
1.03698 772.212
1.04314 770.442
1.04929 768.943
1.05541 761.107
1.06154 761.073
1.06769 753.512
1.07382 752.61
1.07993 753.013
1.08607 746.813
1.09222 739.949
1.09836 740.193
1.10449 735.135
1.11063 727.77
1.11677 731.235
1.1229 730.845
1.12903 724.797
1.13518 718.981
1.14131 714.398
1.14745 713.899
1.15359 711.965
1.15973 708.598
1.16584 708.407
1.17197 704.677
1.17811 699.781
1.18424 697.596
1.19038 693.69
1.19652 692.346
1.20267 687.105
1.20881 681.901
1.21495 681.972
1.22108 678.726
1.2272 676.352
1.23334 671.901
1.23949 667.821
1.24562 669.648
1.25174 664.083
1.25789 661.237
1.26402 660.153
1.27014 656.061
1.27628 652.563
1.28244 651.629
1.28858 647.713
1.29471 643.393
1.30084 639.657
1.30697 639.91
1.31312 631.655
1.31925 632.48
1.32537 628.803
1.33151 624.888
1.33765 622.65
1.34378 620.171
1.34992 616.458
1.35606 614.784
1.3622 612.221
1.36833 608.386
1.37445 605.923
1.38059 603.977
1.38675 600.811
1.39288 595
1.39901 595.954
1.40515 594.667
1.4113 589.563
1.41742 587.297
1.42355 585.46
1.4297 580.086
1.43585 579.397
1.44198 577.278
1.44809 574.141
1.45423 570.629
1.46036 566.569
1.46649 563.458
1.47263 565.139
1.47877 560.942
1.48491 558.303
1.49104 555.342
1.49718 552.216
1.50333 551.941
1.50947 547.379
1.5156 545.218
1.52172 543.586
1.52787 540.96
1.534 535.112
1.54013 534.74
1.54627 532.733
1.55241 531.721
1.55855 530.357
1.56467 525.054
1.5708 522.587
