0.00783031 3839.29
0.013688 3546.51
0.019231 3717.77
0.0249154 3605.32
0.0312784 3306.5
0.0375637 3002.18
0.0433917 2725.6
0.0492413 2522.22
0.0555754 2688.7
0.0619321 2339.4
0.067871 2412.53
0.0738098 2151.22
0.0800417 1874.12
0.0862327 1992.41
0.0921407 1866.83
0.0982031 1681.75
0.104506 1628.85
0.110769 1570.22
0.116806 1510.44
0.122832 1399.67
0.129052 1392.36
0.135211 1308.99
0.141259 1306.26
0.147318 1268.51
0.153489 1195.13
0.159709 1132.67
0.165845 1111.32
0.171974 1085.02
0.178125 1034.36
0.184229 990.87
0.19034 965.872
0.196428 939.147
0.202534 884.547
0.208729 870.301
0.214876 839.932
0.220989 836.538
0.227147 814.499
0.23329 793.887
0.239377 765.105
0.245482 762.246
0.251667 738.727
0.257832 711.374
0.263955 704.737
0.270079 685.867
0.27624 670.79
0.282372 663.252
0.28843 637.393
0.294538 630.589
0.300721 612.339
0.30691 611.607
0.313033 592.368
0.319153 586.139
0.325316 566.935
0.33145 567.564
0.337538 548.357
0.343633 537.063
0.349808 526.893
0.355968 519.972
0.362074 504.44
0.368217 507.518
0.374374 490.192
0.380519 491.995
0.386598 475.086
0.392688 468.197
0.39888 463.772
0.405048 455.829
0.411186 450.417
0.417313 442.767
0.423458 434.681
0.429607 428.19
0.435692 419.494
0.441815 418.568
0.447964 409.705
0.454126 401.629
0.460267 397.65
0.466387 395.267
0.47254 388.98
0.478662 381.28
0.484765 380.211
0.490885 372.564
0.497035 367.063
0.503198 364.922
0.509342 355.371
0.515458 354.207
0.521598 347.754
0.527764 346.706
0.533884 341.392
0.54 339.732
0.546137 336.72
0.552299 330.426
0.558452 328.835
0.564573 326.416
0.570708 318.929
0.576825 318.673
0.582926 314.298
0.589034 309.331
0.595184 307.345
0.601379 303.771
0.607522 303.104
0.613639 300.463
0.619772 297.612
0.625918 293.795
0.632068 290.035
0.638161 286.462
0.6443 284.454
0.650464 282.738
0.656582 278.392
0.662703 276.83
0.668861 272.451
0.675024 270.221
0.681124 267.833
0.687237 266.734
0.693381 264.209
0.699536 261.356
0.705665 259.337
0.711789 255.546
0.717957 253.814
0.72409 251.156
0.730186 250.256
0.736317 247.416
0.742472 245.399
0.748622 244.095
0.75476 242.418
0.760888 240.159
0.767043 240.245
0.773185 236.407
0.779291 233.945
0.785407 233.14
0.791564 232.765
0.797719 230.382
0.803834 228.252
0.809972 226.282
0.816124 224.317
0.822261 223.421
0.828378 223.057
0.834502 221.491
0.840667 219.491
0.846816 217.384
0.852925 216.115
0.859047 215.171
0.865192 212.692
0.871341 212.087
0.877463 210.936
0.883569 208.067
0.889708 207.88
0.895864 206.217
0.902008 205.186
0.908149 204.267
0.914301 203.331
0.920448 201.852
0.926574 200.169
0.932687 198.927
0.938823 198.044
0.944975 197.077
0.951105 195.643
0.957225 194.344
0.963368 193.047
0.969511 192.365
0.975621 190.699
0.981748 189.721
0.987916 188.793
0.99406 187.005
1.00019 187.204
1.00632 186.052
1.01246 184.498
1.01859 183.229
1.02471 183.192
1.03085 181.765
1.03698 181.975
1.04314 180.378
1.04929 179.564
1.05541 178.77
1.06154 177.248
1.06769 177.143
1.07382 175.176
1.07993 175.154
1.08607 174.435
1.09222 173.05
1.09836 173.269
1.10449 171.406
1.11063 170.656
1.11677 170.638
1.1229 169.16
1.12903 169.093
1.13518 167.658
1.14131 166.992
1.14745 166.849
1.15359 165.811
1.15973 165.188
1.16584 164.466
1.17197 163.949
1.17811 162.687
1.18424 162.576
1.19038 161.561
1.19652 161.171
1.20267 160.234
1.20881 159.671
1.21495 159.107
1.22108 158.809
1.2272 158.069
1.23334 157.353
1.23949 156.427
1.24562 156.248
1.25174 155.546
1.25789 154.449
1.26402 153.978
1.27014 153.6
1.27628 153.321
1.28244 152.843
1.28858 151.665
1.29471 151.48
1.30084 151.112
1.30697 150.821
1.31312 149.978
1.31925 149.679
1.32537 148.884
1.33151 148.863
1.33765 148.214
1.34378 147.541
1.34992 147.168
1.35606 146.621
1.3622 146.052
1.36833 145.723
1.37445 145.141
1.38059 144.542
1.38675 144.186
1.39288 143.991
1.39901 143.567
1.40515 142.703
1.4113 142.325
1.41742 141.639
1.42355 141.471
1.4297 141.059
1.43585 140.634
1.44198 140.252
1.44809 139.792
1.45423 139.348
1.46036 139.502
1.46649 138.435
1.47263 138.01
1.47877 137.837
1.48491 137.263
1.49104 137.084
1.49718 136.396
1.50333 136.029
1.50947 135.91
1.5156 135.571
1.52172 135.325
1.52787 134.536
1.534 134.469
1.54013 134.003
1.54627 133.831
1.55241 133.134
1.55855 132.692
1.56467 132.339
1.5708 132.095
