0.00783031 21039.4
0.013688 25964.1
0.019231 26047.3
0.0249154 24530.9
0.0312784 21289.3
0.0375637 17999.9
0.0433917 16014.2
0.0492413 14325.3
0.0555754 12529.7
0.0619321 12362.4
0.067871 11396
0.0738098 10565.6
0.0800417 9575.82
0.0862327 8990.93
0.0921407 8117.28
0.0982031 7640.35
0.104506 6759.64
0.110769 6511.52
0.116806 6243.54
0.122832 5861.54
0.129052 5699.95
0.135211 5579.97
0.141259 5261.19
0.147318 4992.01
0.153489 4618.08
0.159709 4450.71
0.165845 4273.97
0.171974 4172.87
0.178125 4178.09
0.184229 3883.05
0.19034 3833.49
0.196428 3739.18
0.202534 3667.57
0.208729 3464.32
0.214876 3416.92
0.220989 3321.92
0.227147 3205.88
0.23329 3167.76
0.239377 3075.77
0.245482 3039.23
0.251667 2999.12
0.257832 2886.4
0.263955 2815.22
0.270079 2818.52
0.27624 2781.53
0.282372 2627.84
0.28843 2665.03
0.294538 2615.5
0.300721 2556.78
0.30691 2494.53
0.313033 2466.8
0.319153 2439.89
0.325316 2386.82
0.33145 2369.3
0.337538 2364.68
0.343633 2319.12
0.349808 2287.07
0.355968 2219.06
0.362074 2207.75
0.368217 2195.61
0.374374 2149.59
0.380519 2126.19
0.386598 2097.32
0.392688 2078.85
0.39888 2077.05
0.405048 2040
0.411186 2006.36
0.417313 2002.33
0.423458 1977.6
0.429607 1958.77
0.435692 1928.56
0.441815 1925.54
0.447964 1882.05
0.454126 1866.87
0.460267 1865.53
0.466387 1826.97
0.47254 1806.44
0.478662 1804.67
0.484765 1796.97
0.490885 1764.08
0.497035 1745.4
0.503198 1742.93
0.509342 1722.14
0.515458 1710.68
0.521598 1713.26
0.527764 1675.25
0.533884 1677.59
0.54 1650.26
0.546137 1654.8
0.552299 1617.65
0.558452 1611.93
0.564573 1631.17
0.570708 1594.14
0.576825 1578.24
0.582926 1572.63
0.589034 1554.05
0.595184 1543
0.601379 1539.32
0.607522 1518.37
0.613639 1520.28
0.619772 1499.17
0.625918 1498
0.632068 1471.86
0.638161 1473.7
0.6443 1466.91
0.650464 1457.28
0.656582 1433.07
0.662703 1424.32
0.668861 1418.53
0.675024 1398.13
0.681124 1391.89
0.687237 1388.14
0.693381 1381.69
0.699536 1371.49
0.705665 1357.87
0.711789 1345.56
0.717957 1338.53
0.72409 1331.28
0.730186 1322.62
0.736317 1321.97
0.742472 1302.33
0.748622 1291.83
0.75476 1289.79
0.760888 1276.66
0.767043 1273.11
0.773185 1260.17
0.779291 1253.31
0.785407 1254.1
0.791564 1231.22
0.797719 1228.65
0.803834 1217.64
0.809972 1220.9
0.816124 1202.95
0.822261 1199.36
0.828378 1194.42
0.834502 1185.84
0.840667 1177.23
0.846816 1170.2
0.852925 1154.51
0.859047 1156.47
0.865192 1143.56
0.871341 1143.58
0.877463 1134.03
0.883569 1123.49
0.889708 1119.26
0.895864 1109.99
0.902008 1103.14
0.908149 1100.18
0.914301 1084.63
0.920448 1086.03
0.926574 1073.59
0.932687 1074.04
0.938823 1061.36
0.944975 1058.4
0.951105 1047.93
0.957225 1045.53
0.963368 1036.08
0.969511 1032.57
0.975621 1024.07
0.981748 1019.92
0.987916 1010.4
0.99406 1007.52
1.00019 1000.05
1.00632 992.604
1.01246 987.427
1.01859 981.823
1.02471 979.642
1.03085 968.372
1.03698 962.672
1.04314 958.465
1.04929 954.339
1.05541 944.926
1.06154 939.64
1.06769 931.993
1.07382 925.217
1.07993 924.694
1.08607 914.784
1.09222 913.095
1.09836 904.724
1.10449 900.213
1.11063 897.514
1.11677 890.66
1.1229 882.441
1.12903 876.704
1.13518 875.972
1.14131 868.542
1.14745 860.444
1.15359 859.547
1.15973 852.14
1.16584 851.296
1.17197 846.524
1.17811 837.417
1.18424 831.095
1.19038 826.475
1.19652 823.297
1.20267 819.994
1.20881 813.289
1.21495 810.399
1.22108 803.158
1.2272 801.922
1.23334 794.077
1.23949 790.174
1.24562 782.871
1.25174 780.45
1.25789 775.406
1.26402 767.722
1.27014 766.78
1.27628 761.661
1.28244 758.353
1.28858 751.322
1.29471 747.294
1.30084 742.915
1.30697 738.528
1.31312 734.195
1.31925 730.706
1.32537 726.299
1.33151 722.79
1.33765 716.221
1.34378 710.839
1.34992 708.084
1.35606 703.675
1.3622 698.812
1.36833 695.93
1.37445 692.29
1.38059 687.74
1.38675 682.699
1.39288 679.65
1.39901 677.252
1.40515 673.011
1.4113 666.533
1.41742 664.549
1.42355 659.947
1.4297 655.613
1.43585 654.28
1.44198 649.561
1.44809 642.446
1.45423 642.023
1.46036 637.562
1.46649 633.57
1.47263 629.122
1.47877 625.899
1.48491 622.233
1.49104 619.136
1.49718 613.381
1.50333 612.298
1.50947 608.655
1.5156 603.525
1.52172 600.986
1.52787 597.158
1.534 594.929
1.54013 591.256
1.54627 586.658
1.55241 584.857
1.55855 579.815
1.56467 577.145
1.5708 573.965
