0.00783031 65.34
0.013688 68.9878
0.019231 66.3262
0.0249154 48.5664
0.0312784 31.8221
0.0375637 20.0456
0.0433917 5.45336
0.0492413 1.77597
0.0555754 -12.9217
0.0619321 -25.0895
0.067871 -35.2695
0.0738098 -41.1104
0.0800417 -47.871
0.0862327 -54.8487
0.0921407 -54.5594
0.0982031 -59.5937
0.104506 -64.3685
0.110769 -63.8276
0.116806 -67.2388
0.122832 -74.9694
0.129052 -79.6795
0.135211 -79.7983
0.141259 -79.9009
0.147318 -80.3006
0.153489 -83.6629
0.159709 -87.5042
0.165845 -89.1791
0.171974 -88.4304
0.178125 -89.7698
0.184229 -92.2354
0.19034 -93.9406
0.196428 -94.0284
0.202534 -92.0079
0.208729 -95.9616
0.214876 -96.404
0.220989 -94.631
0.227147 -95.8047
0.23329 -98.7175
0.239377 -97.8638
0.245482 -98.2796
0.251667 -99.1763
0.257832 -99.2377
0.263955 -100.863
0.270079 -99.5971
0.27624 -99.3196
0.282372 -100.531
0.28843 -99.3516
0.294538 -101.398
0.300721 -99.2411
0.30691 -100.681
0.313033 -101.42
0.319153 -100.022
0.325316 -101.288
0.33145 -101.037
0.337538 -102.522
0.343633 -101.502
0.349808 -101.91
0.355968 -101.427
0.362074 -100.762
0.368217 -100.336
0.374374 -102.149
0.380519 -100.407
0.386598 -102.235
0.392688 -101.539
0.39888 -100.789
0.405048 -101.138
0.411186 -102.282
0.417313 -101.422
0.423458 -100.915
0.429607 -101.138
0.435692 -102.632
0.441815 -102.659
0.447964 -102.083
0.454126 -100.44
0.460267 -101.289
0.466387 -100.853
0.47254 -100.194
0.478662 -100.551
0.484765 -101.737
0.490885 -101.138
0.497035 -101.581
0.503198 -100.248
0.509342 -99.245
0.515458 -99.438
0.521598 -100.405
0.527764 -99.6642
0.533884 -100.127
0.54 -100.024
0.546137 -99.3854
0.552299 -100.855
0.558452 -99.5179
0.564573 -99.6287
0.570708 -99.9302
0.576825 -98.7556
0.582926 -99.2721
0.589034 -98.4119
0.595184 -97.6293
0.601379 -97.8312
0.607522 -97.2819
0.613639 -97.7362
0.619772 -96.7617
0.625918 -96.6984
0.632068 -96.8187
0.638161 -97.7519
0.6443 -97.5759
0.650464 -97.5341
0.656582 -96.6047
0.662703 -97.5639
0.668861 -95.5738
0.675024 -96.3559
0.681124 -95.4552
0.687237 -96.0854
0.693381 -96.9594
0.699536 -95.063
0.705665 -95.1302
0.711789 -95.0217
0.717957 -94.4163
0.72409 -94.9776
0.730186 -93.5456
0.736317 -94.7979
0.742472 -94.0406
0.748622 -95.136
0.75476 -93.285
0.760888 -93.0821
0.767043 -93.6408
0.773185 -93.7388
0.779291 -92.6358
0.785407 -92.4367
0.791564 -91.956
0.797719 -91.8216
0.803834 -91.8347
0.809972 -91.7857
0.816124 -91.0962
0.822261 -92.3809
0.828378 -90.6239
0.834502 -90.763
0.840667 -90.9047
0.846816 -89.5295
0.852925 -89.7031
0.859047 -89.6313
0.865192 -88.614
0.871341 -88.8983
0.877463 -89.2074
0.883569 -87.8268
0.889708 -88.5612
0.895864 -88.3604
0.902008 -87.9098
0.908149 -87.427
0.914301 -87.9065
0.920448 -87.033
0.926574 -86.7971
0.932687 -85.8426
0.938823 -86.686
0.944975 -85.4156
0.951105 -86.1499
0.957225 -85.1674
0.963368 -85.1766
0.969511 -84.4138
0.975621 -84.3555
0.981748 -84.6468
0.987916 -84.5844
0.99406 -83.939
1.00019 -83.7929
1.00632 -82.8128
1.01246 -82.6089
1.01859 -82.2561
1.02471 -82.8616
1.03085 -81.7865
1.03698 -81.4391
1.04314 -81.741
1.04929 -80.7205
1.05541 -80.6409
1.06154 -80.0157
1.06769 -80.137
1.07382 -79.6428
1.07993 -79.7989
1.08607 -79.3335
1.09222 -78.8236
1.09836 -79.4458
1.10449 -78.3301
1.11063 -78.0178
1.11677 -77.8389
1.1229 -78.2284
1.12903 -77.8213
1.13518 -76.3507
1.14131 -77.2256
1.14745 -76.8057
1.15359 -76.2556
1.15973 -75.6927
1.16584 -75.8221
1.17197 -75.3656
1.17811 -75.0591
1.18424 -75.3785
1.19038 -74.8358
1.19652 -74.6405
1.20267 -74.4223
1.20881 -74.0048
1.21495 -73.763
1.22108 -73.1588
1.2272 -73.0532
1.23334 -72.4925
1.23949 -72.094
1.24562 -72.401
1.25174 -71.8124
1.25789 -71.4246
1.26402 -71.2038
1.27014 -71.0968
1.27628 -70.752
1.28244 -71.1649
1.28858 -70.486
1.29471 -69.9116
1.30084 -69.7314
1.30697 -69.7372
1.31312 -69.8073
1.31925 -69.2017
1.32537 -69.3592
1.33151 -69.0546
1.33765 -68.4572
1.34378 -67.9626
1.34992 -67.8872
1.35606 -67.4705
1.3622 -68.0786
1.36833 -67.1134
1.37445 -67.0332
1.38059 -66.5933
1.38675 -66.8418
1.39288 -66.3778
1.39901 -66.1311
1.40515 -65.6036
1.4113 -65.9366
1.41742 -65.6049
1.42355 -65.2949
1.4297 -65.0699
1.43585 -65.0819
1.44198 -64.591
1.44809 -64.1076
1.45423 -64.1144
1.46036 -63.3396
1.46649 -63.3102
1.47263 -63.4294
1.47877 -62.91
1.48491 -62.8767
1.49104 -62.3816
1.49718 -62.2358
1.50333 -62.3552
1.50947 -62.1406
1.5156 -61.5021
1.52172 -61.2893
1.52787 -61.1108
1.534 -61.0385
1.54013 -60.7238
1.54627 -60.7428
1.55241 -60.4854
1.55855 -60.4695
1.56467 -60.1147
1.5708 -60.096
