0.00783031 20122.7
0.013688 24704.8
0.019231 25106.8
0.0249154 22749.8
0.0312784 20037.7
0.0375637 17265
0.0433917 15123.1
0.0492413 13181.9
0.0555754 12099.1
0.0619321 11648.2
0.067871 10841.8
0.0738098 9653.96
0.0800417 9112.73
0.0862327 8120.53
0.0921407 7130.8
0.0982031 6587.93
0.104506 6151.25
0.110769 5516.11
0.116806 5406.05
0.122832 5300.85
0.129052 4941.64
0.135211 4709.64
0.141259 4380.63
0.147318 4016.77
0.153489 3963.92
0.159709 3817.29
0.165845 3720.47
0.171974 3476.38
0.178125 3370.87
0.184229 3253.79
0.19034 3131.54
0.196428 3027.58
0.202534 2891.76
0.208729 2821.15
0.214876 2726.28
0.220989 2616.62
0.227147 2566.08
0.23329 2481.44
0.239377 2443.35
0.245482 2346.24
0.251667 2312.46
0.257832 2240.49
0.263955 2216.66
0.270079 2140.24
0.27624 2102.37
0.282372 2079.61
0.28843 2013
0.294538 1959.45
0.300721 1921.46
0.30691 1899
0.313033 1876.18
0.319153 1806.19
0.325316 1815.75
0.33145 1763.93
0.337538 1733.71
0.343633 1713.46
0.349808 1680.17
0.355968 1657.75
0.362074 1610.32
0.368217 1601.76
0.374374 1586.16
0.380519 1545.6
0.386598 1537.66
0.392688 1517.32
0.39888 1483.18
0.405048 1482.26
0.411186 1466.67
0.417313 1442.11
0.423458 1421.05
0.429607 1401.85
0.435692 1397.89
0.441815 1388.43
0.447964 1350.11
0.454126 1335.61
0.460267 1320.4
0.466387 1318.04
0.47254 1291.77
0.478662 1286.58
0.484765 1276.41
0.490885 1266.2
0.497035 1258.01
0.503198 1243.43
0.509342 1219
0.515458 1198.62
0.521598 1205.68
0.527764 1184.54
0.533884 1178.39
0.54 1170.06
0.546137 1156.32
0.552299 1152.57
0.558452 1138.47
0.564573 1131.63
0.570708 1121.4
0.576825 1107.95
0.582926 1105.65
0.589034 1093.48
0.595184 1079.64
0.601379 1080.04
0.607522 1067.31
0.613639 1057.2
0.619772 1045.29
0.625918 1038.52
0.632068 1032.01
0.638161 1025.84
0.6443 1024.87
0.650464 1010
0.656582 998.329
0.662703 992.63
0.668861 983.961
0.675024 982.115
0.681124 962.807
0.687237 968.116
0.693381 961.388
0.699536 947.546
0.705665 945.044
0.711789 935.564
0.717957 933.555
0.72409 929.664
0.730186 915.303
0.736317 915.698
0.742472 907.696
0.748622 906.958
0.75476 892.479
0.760888 889.79
0.767043 884.479
0.773185 876.618
0.779291 867.515
0.785407 865.315
0.791564 859.14
0.797719 849.028
0.803834 845.744
0.809972 839.463
0.816124 833.584
0.822261 829.228
0.828378 825.889
0.834502 819.155
0.840667 814.673
0.846816 806.739
0.852925 804.788
0.859047 798.928
0.865192 789.54
0.871341 786.218
0.877463 780.817
0.883569 774.999
0.889708 770.873
0.895864 767.245
0.902008 761.416
0.908149 756.482
0.914301 751.788
0.920448 750.622
0.926574 743.777
0.932687 735.414
0.938823 732.958
0.944975 728.438
0.951105 723.057
0.957225 720.766
0.963368 716.412
0.969511 707.659
0.975621 705.451
0.981748 702.916
0.987916 696.509
0.99406 692.93
1.00019 688.737
1.00632 682.359
1.01246 680.107
1.01859 674.533
1.02471 669.307
1.03085 665.918
1.03698 660.616
1.04314 657.286
1.04929 652.655
1.05541 648.71
1.06154 644.502
1.06769 642.902
1.07382 636.757
1.07993 631.807
1.08607 629.928
1.09222 624.447
1.09836 624.201
1.10449 618.134
1.11063 612.041
1.11677 609.229
1.1229 606.947
1.12903 602.739
1.13518 596.436
1.14131 594.762
1.14745 589.658
1.15359 586.176
1.15973 584.325
1.16584 580.162
1.17197 576.534
1.17811 571.615
1.18424 570.395
1.19038 566.201
1.19652 561.479
1.20267 557.422
1.20881 556.522
1.21495 551.272
1.22108 547.426
1.2272 546.746
1.23334 541.179
1.23949 538.083
1.24562 533.655
1.25174 530.785
1.25789 525.612
1.26402 524.622
1.27014 520.976
1.27628 518.812
1.28244 516.479
1.28858 510.693
1.29471 507.073
1.30084 504.016
1.30697 503.231
1.31312 499.977
1.31925 495.785
1.32537 493.34
1.33151 489.688
1.33765 486.3
1.34378 481.799
1.34992 479.759
1.35606 476.71
1.3622 476.754
1.36833 470.554
1.37445 467.468
1.38059 464.166
1.38675 462.22
1.39288 460.236
1.39901 456.487
1.40515 454.322
1.4113 451.978
1.41742 448.023
1.42355 445.191
1.4297 442.299
1.43585 439.387
1.44198 435.962
1.44809 433.116
1.45423 430.601
1.46036 427.758
1.46649 425.102
1.47263 423.601
1.47877 418.364
1.48491 418.033
1.49104 413.97
1.49718 411.898
1.50333 409.716
1.50947 407.101
1.5156 403.682
1.52172 401.378
1.52787 398.486
1.534 396.104
1.54013 393.086
1.54627 392.258
1.55241 389.809
1.55855 386.272
1.56467 385.283
1.5708 383.221
