0.00783031 19876.1
0.013688 24357.1
0.019231 24816.9
0.0249154 22475.4
0.0312784 19996.3
0.0375637 17341
0.0433917 15297.1
0.0492413 13366.7
0.0555754 12378.3
0.0619321 12030.3
0.067871 11273.5
0.0738098 10110.1
0.0800417 9660.26
0.0862327 8671.98
0.0921407 7646.21
0.0982031 7158.73
0.104506 6743.84
0.110769 6075.5
0.116806 6016.67
0.122832 5930.2
0.129052 5570.28
0.135211 5351.89
0.141259 4997.46
0.147318 4628.46
0.153489 4626.81
0.159709 4486.62
0.165845 4418.53
0.171974 4138.55
0.178125 4052.44
0.184229 3920.16
0.19034 3801.64
0.196428 3690.11
0.202534 3543.03
0.208729 3494.24
0.214876 3398.57
0.220989 3275.82
0.227147 3227.96
0.23329 3137.57
0.239377 3111.15
0.245482 3005.51
0.251667 2974.6
0.257832 2899.52
0.263955 2886.02
0.270079 2787.59
0.27624 2759.42
0.282372 2738.06
0.28843 2665.16
0.294538 2605.72
0.300721 2574.33
0.30691 2545.14
0.313033 2522.23
0.319153 2440.7
0.325316 2467.24
0.33145 2405.1
0.337538 2369.82
0.343633 2352.26
0.349808 2317.59
0.355968 2292.61
0.362074 2236.7
0.368217 2234.92
0.374374 2218.45
0.380519 2170.73
0.386598 2163.72
0.392688 2146.4
0.39888 2103.93
0.405048 2105.61
0.411186 2092.68
0.417313 2061.98
0.423458 2041
0.429607 2018.83
0.435692 2019.04
0.441815 2008.88
0.447964 1960.38
0.454126 1947.28
0.460267 1926.24
0.466387 1929.94
0.47254 1896.88
0.478662 1893.68
0.484765 1883.94
0.490885 1872.78
0.497035 1865.77
0.503198 1849.37
0.509342 1819.08
0.515458 1792.83
0.521598 1806.8
0.527764 1780.38
0.533884 1775
0.54 1768.36
0.546137 1752.3
0.552299 1749.97
0.558452 1733.25
0.564573 1725.45
0.570708 1714.17
0.576825 1696.2
0.582926 1697.82
0.589034 1682.65
0.595184 1665.83
0.601379 1668.69
0.607522 1654.61
0.613639 1641.08
0.619772 1626.82
0.625918 1619.14
0.632068 1612.31
0.638161 1606.77
0.6443 1606.47
0.650464 1587.92
0.656582 1573.54
0.662703 1567.67
0.668861 1558.56
0.675024 1557.05
0.681124 1528.93
0.687237 1539.93
0.693381 1534.08
0.699536 1515.54
0.705665 1513.21
0.711789 1500.44
0.717957 1500.69
0.72409 1496.48
0.730186 1476.45
0.736317 1481.55
0.742472 1468.89
0.748622 1472.04
0.75476 1452.32
0.760888 1449.2
0.767043 1444
0.773185 1435.07
0.779291 1421.6
0.785407 1420.37
0.791564 1413.16
0.797719 1398.86
0.803834 1396.33
0.809972 1388.57
0.816124 1381.1
0.822261 1376.11
0.828378 1373.95
0.834502 1365.3
0.840667 1359.82
0.846816 1349.23
0.852925 1348.56
0.859047 1341.45
0.865192 1328.21
0.871341 1324.86
0.877463 1318.17
0.883569 1311.16
0.889708 1306.18
0.895864 1302.77
0.902008 1295.58
0.908149 1287.8
0.914301 1282.93
0.920448 1283.3
0.926574 1274.43
0.932687 1263.44
0.938823 1260.07
0.944975 1255.23
0.951105 1248.07
0.957225 1246.02
0.963368 1241.62
0.969511 1228.29
0.975621 1226.74
0.981748 1224.39
0.987916 1215.93
0.99406 1211.42
1.00019 1206.46
1.00632 1197.19
1.01246 1194.99
1.01859 1187.34
1.02471 1181.19
1.03085 1177.53
1.03698 1170.28
1.04314 1166.63
1.04929 1160.21
1.05541 1155.74
1.06154 1149.33
1.06769 1148.83
1.07382 1140.71
1.07993 1133.97
1.08607 1131.85
1.09222 1124.93
1.09836 1126.88
1.10449 1117.29
1.11063 1108.81
1.11677 1104.97
1.1229 1103.09
1.12903 1098.1
1.13518 1088.41
1.14131 1087.35
1.14745 1079.92
1.15359 1076.45
1.15973 1074.17
1.16584 1068.29
1.17197 1063.24
1.17811 1056.51
1.18424 1055.76
1.19038 1050.13
1.19652 1043.84
1.20267 1037.64
1.20881 1038.18
1.21495 1031.17
1.22108 1024.89
1.2272 1025.41
1.23334 1016.91
1.23949 1013.13
1.24562 1006.84
1.25174 1003.03
1.25789 995.921
1.26402 996.018
1.27014 990.351
1.27628 988.316
1.28244 986.066
1.28858 976.326
1.29471 971.907
1.30084 967.091
1.30697 967.734
1.31312 963.751
1.31925 957.228
1.32537 954.163
1.33151 948.977
1.33765 944.533
1.34378 937.463
1.34992 934.919
1.35606 930.741
1.3622 932.684
1.36833 922.213
1.37445 918.302
1.38059 913.467
1.38675 911.96
1.39288 908.773
1.39901 903.33
1.40515 900.901
1.4113 898.19
1.41742 891.963
1.42355 887.757
1.4297 884.689
1.43585 879.554
1.44198 874.778
1.44809 871.136
1.45423 867.221
1.46036 863.035
1.46649 859.214
1.47263 858.135
1.47877 849.498
1.48491 850.604
1.49104 842.658
1.49718 841.509
1.50333 837.724
1.50947 834.499
1.5156 828.901
1.52172 826.121
1.52787 821.341
1.534 817.928
1.54013 813.641
1.54627 812.851
1.55241 809.661
1.55855 804.177
1.56467 804.033
1.5708 799.839
