0.00783031 4933.39
0.013688 5047.59
0.019231 3143.16
0.0249154 2854.78
0.0312784 3339.81
0.0375637 3300.38
0.0433917 2790.09
0.0492413 2896.71
0.0555754 2444.44
0.0619321 2389.11
0.067871 2013
0.0738098 2155.91
0.0800417 1966.84
0.0862327 1949.73
0.0921407 1813.3
0.0982031 1715.86
0.104506 1686.51
0.110769 1573.84
0.116806 1490.17
0.122832 1422.98
0.129052 1451.14
0.135211 1386.61
0.141259 1308.98
0.147318 1267.69
0.153489 1203.82
0.159709 1187.83
0.165845 1151.71
0.171974 1095.37
0.178125 1067.54
0.184229 1033.21
0.19034 987.63
0.196428 979.524
0.202534 959.81
0.208729 918.033
0.214876 901.817
0.220989 868.34
0.227147 871.62
0.23329 836.233
0.239377 824.711
0.245482 802.025
0.251667 776.997
0.257832 761.378
0.263955 727.319
0.270079 721.246
0.27624 707.243
0.282372 695.208
0.28843 679.496
0.294538 673.211
0.300721 654.925
0.30691 634.342
0.313033 632.431
0.319153 613.803
0.325316 608.761
0.33145 590.895
0.337538 581.068
0.343633 571.869
0.349808 570.867
0.355968 552.926
0.362074 549.798
0.368217 542.295
0.374374 532.858
0.380519 524.787
0.386598 520.379
0.392688 508.037
0.39888 497.36
0.405048 495.679
0.411186 481.841
0.417313 479.388
0.423458 468.151
0.429607 467.454
0.435692 455.206
0.441815 453.075
0.447964 445.707
0.454126 441.356
0.460267 433.39
0.466387 429.389
0.47254 426.03
0.478662 420.003
0.484765 409.922
0.490885 407.836
0.497035 400.93
0.503198 399.741
0.509342 392.365
0.515458 388.14
0.521598 383.979
0.527764 381.173
0.533884 374.654
0.54 369.249
0.546137 367.789
0.552299 363.374
0.558452 358.291
0.564573 354.775
0.570708 351.536
0.576825 351.844
0.582926 342.473
0.589034 343.586
0.595184 338.98
0.601379 333.16
0.607522 331.529
0.613639 328.969
0.619772 324.87
0.625918 322.329
0.632068 316.775
0.638161 315.732
0.6443 315.138
0.650464 308.569
0.656582 307.808
0.662703 304.047
0.668861 303.58
0.675024 297.335
0.681124 297.398
0.687237 293.899
0.693381 291.328
0.699536 290.467
0.705665 285.826
0.711789 283.929
0.717957 280.146
0.72409 279.249
0.730186 278.01
0.736317 275.868
0.742472 273.419
0.748622 269.929
0.75476 267.602
0.760888 265.295
0.767043 263.996
0.773185 260.622
0.779291 260.355
0.785407 256.344
0.791564 257.115
0.797719 254.661
0.803834 252.824
0.809972 250.109
0.816124 248.365
0.822261 246.326
0.828378 244.363
0.834502 243.252
0.840667 240.549
0.846816 239.096
0.852925 237.597
0.859047 235.409
0.865192 234.835
0.871341 231.896
0.877463 232.018
0.883569 230.451
0.889708 227.184
0.895864 226.308
0.902008 225.302
0.908149 223.061
0.914301 221.209
0.920448 219.528
0.926574 218.656
0.932687 217.315
0.938823 215.191
0.944975 214.915
0.951105 213.216
0.957225 211.175
0.963368 209.594
0.969511 208.011
0.975621 207.372
0.981748 205.504
0.987916 205.081
0.99406 203.967
1.00019 202.701
1.00632 200.576
1.01246 200.071
1.01859 198.184
1.02471 197.785
1.03085 196.055
1.03698 195.308
1.04314 193.828
1.04929 192.857
1.05541 191.502
1.06154 190.156
1.06769 189.395
1.07382 188.476
1.07993 187.318
1.08607 185.138
1.09222 184.411
1.09836 183.781
1.10449 182.018
1.11063 181.352
1.11677 180.826
1.1229 179.509
1.12903 178.956
1.13518 176.896
1.14131 176.022
1.14745 174.921
1.15359 174.771
1.15973 174.084
1.16584 172.531
1.17197 171.643
1.17811 170.056
1.18424 169.604
1.19038 168.883
1.19652 167.777
1.20267 167.427
1.20881 166.571
1.21495 165.378
1.22108 164.311
1.2272 163.503
1.23334 162.383
1.23949 161.795
1.24562 160.769
1.25174 160.139
1.25789 159.833
1.26402 158.501
1.27014 157.546
1.27628 156.464
1.28244 155.952
1.28858 155.547
1.29471 154.01
1.30084 153.755
1.30697 152.493
1.31312 152.344
1.31925 151.226
1.32537 150.58
1.33151 149.309
1.33765 148.825
1.34378 147.988
1.34992 147.464
1.35606 146.793
1.3622 145.859
1.36833 145.571
1.37445 144.774
1.38059 143.905
1.38675 143.566
1.39288 142.698
1.39901 141.601
1.40515 141.079
1.4113 140.515
1.41742 140.112
1.42355 139.427
1.4297 138.702
1.43585 137.292
1.44198 137.124
1.44809 136.285
1.45423 136.272
1.46036 135.473
1.46649 134.561
1.47263 134.107
1.47877 133.097
1.48491 132.508
1.49104 132.086
1.49718 131.155
1.50333 131.277
1.50947 130.698
1.5156 129.538
1.52172 129.1
1.52787 128.426
1.534 127.901
1.54013 127.809
1.54627 127.072
1.55241 126.424
1.55855 125.815
1.56467 125.199
1.5708 124.501
