0.00783031 0.502017
0.013688 -0.279338
0.019231 1.69921
0.0249154 1.86799
0.0312784 5.23877
0.0375637 3.03628
0.0433917 2.76211
0.0492413 5.09584
0.0555754 1.4563
0.0619321 6.6569
0.067871 3.18825
0.0738098 5.26554
0.0800417 6.22812
0.0862327 9.07306
0.0921407 3.98563
0.0982031 8.978
0.104506 8.32829
0.110769 6.3314
0.116806 7.51031
0.122832 6.9738
0.129052 10.3074
0.135211 11.0942
0.141259 8.72091
0.147318 9.95747
0.153489 8.66141
0.159709 8.35252
0.165845 9.5529
0.171974 9.0385
0.178125 10.0113
0.184229 7.82785
0.19034 12.1371
0.196428 12.7794
0.202534 12.1984
0.208729 8.71924
0.214876 6.85059
0.220989 8.60624
0.227147 13.785
0.23329 12.3986
0.239377 11.3332
0.245482 12.8022
0.251667 11.2869
0.257832 10.9324
0.263955 9.3881
0.270079 8.74386
0.27624 10.4102
0.282372 9.48349
0.28843 6.94373
0.294538 11.8315
0.300721 8.08619
0.30691 3.93897
0.313033 6.13452
0.319153 6.26874
0.325316 7.29966
0.33145 9.14112
0.337538 9.8185
0.343633 4.77619
0.349808 6.77795
0.355968 2.23026
0.362074 9.54744
0.368217 4.40309
0.374374 7.71692
0.380519 6.06419
0.386598 4.95951
0.392688 4.71842
0.39888 3.8896
0.405048 3.99884
0.411186 1.6445
0.417313 6.62463
0.423458 2.13743
0.429607 3.75679
0.435692 3.38485
0.441815 1.52609
0.447964 3.94971
0.454126 2.00704
0.460267 0.304658
0.466387 0.219169
0.47254 0.178719
0.478662 -2.84968
0.484765 -2.71892
0.490885 0.385539
0.497035 1.88924
0.503198 0.0620719
0.509342 -1.61065
0.515458 -3.27122
0.521598 -1.45478
0.527764 -1.50556
0.533884 -5.06711
0.54 -4.74183
0.546137 -4.71218
0.552299 -5.04247
0.558452 -4.90104
0.564573 -5.87973
0.570708 -6.49579
0.576825 -6.06298
0.582926 -9.42422
0.589034 -6.82063
0.595184 -6.90664
0.601379 -9.52549
0.607522 -7.68642
0.613639 -7.62697
0.619772 -7.52986
0.625918 -11.054
0.632068 -9.1636
0.638161 -10.7412
0.6443 -10.9342
0.650464 -10.1315
0.656582 -12.3692
0.662703 -12.9653
0.668861 -11.4157
0.675024 -14.2916
0.681124 -13.283
0.687237 -15.1273
0.693381 -12.9655
0.699536 -16.1842
0.705665 -12.0433
0.711789 -14.5002
0.717957 -14.2508
0.72409 -17.6174
0.730186 -15.0055
0.736317 -16.3077
0.742472 -16.878
0.748622 -17.2334
0.75476 -20.3616
0.760888 -18.9425
0.767043 -18.3647
0.773185 -19.8928
0.779291 -20.7509
0.785407 -20.7248
0.791564 -20.2899
0.797719 -23.7064
0.803834 -21.7763
0.809972 -19.2591
0.816124 -23.531
0.822261 -22.5663
0.828378 -23.1886
0.834502 -25.7238
0.840667 -22.1308
0.846816 -22.9371
0.852925 -25.148
0.859047 -24.2029
0.865192 -24.4937
0.871341 -26.9262
0.877463 -25.5305
0.883569 -25.2441
0.889708 -29.2183
0.895864 -26.5251
0.902008 -26.5386
0.908149 -26.8024
0.914301 -28.7179
0.920448 -27.631
0.926574 -30.2579
0.932687 -31.3105
0.938823 -28.216
0.944975 -28.3447
0.951105 -30.6293
0.957225 -30.1312
0.963368 -31.6254
0.969511 -30.4238
0.975621 -31.5723
0.981748 -32.7985
0.987916 -30.9823
0.99406 -31.8098
1.00019 -31.87
1.00632 -32.4544
1.01246 -33.3773
1.01859 -33.7895
1.02471 -34.8687
1.03085 -35.3525
1.03698 -35.4505
1.04314 -34.7036
1.04929 -35.1497
1.05541 -35.6714
1.06154 -36.5912
1.06769 -36.3179
1.07382 -38.0954
1.07993 -36.8201
1.08607 -37.2249
1.09222 -36.7805
1.09836 -37.7765
1.10449 -38.4923
1.11063 -37.0397
1.11677 -38.27
1.1229 -37.6869
1.12903 -39.9651
1.13518 -39.2128
1.14131 -41.2581
1.14745 -41.1322
1.15359 -40.5949
1.15973 -41.0416
1.16584 -40.0182
1.17197 -40.2637
1.17811 -41.3103
1.18424 -40.1006
1.19038 -40.9643
1.19652 -42.4132
1.20267 -41.947
1.20881 -43.4031
1.21495 -42.6129
1.22108 -43.9261
1.2272 -44.6408
1.23334 -43.9213
1.23949 -42.9396
1.24562 -41.9876
1.25174 -42.8508
1.25789 -44.5984
1.26402 -45.5142
1.27014 -45.0657
1.27628 -45.4417
1.28244 -46.1926
1.28858 -43.7907
1.29471 -45.9245
1.30084 -45.163
1.30697 -46.1627
1.31312 -46.4688
1.31925 -45.7326
1.32537 -46.4401
1.33151 -48.244
1.33765 -48.3417
1.34378 -46.4881
1.34992 -48.3508
1.35606 -47.4577
1.3622 -49.5445
1.36833 -48.2084
1.37445 -49.145
1.38059 -47.534
1.38675 -50.0676
1.39288 -48.1993
1.39901 -48.8896
1.40515 -50.7434
1.4113 -48.621
1.41742 -49.876
1.42355 -50.193
1.4297 -50.5696
1.43585 -51.8315
1.44198 -52.4593
1.44809 -50.9306
1.45423 -52.3215
1.46036 -51.0449
1.46649 -50.3398
1.47263 -50.64
1.47877 -50.7956
1.48491 -50.2416
1.49104 -52.4632
1.49718 -50.5691
1.50333 -51.7301
1.50947 -50.6916
1.5156 -51.5624
1.52172 -51.0522
1.52787 -51.8553
1.534 -53.5836
1.54013 -53.6456
1.54627 -53.5993
1.55241 -53.8119
1.55855 -52.5374
1.56467 -53.7863
1.5708 -52.5499
