0.00783031 -863.889
0.013688 1274.15
0.019231 -86.7514
0.0249154 -375.633
0.0312784 -1658.08
0.0375637 -36.1625
0.0433917 299.574
0.0492413 452.557
0.0555754 1207.53
0.0619321 476.36
0.067871 975.191
0.0738098 1131.77
0.0800417 1315.32
0.0862327 1138.49
0.0921407 1686.4
0.0982031 1364.16
0.104506 1560.48
0.110769 1691.64
0.116806 1638.19
0.122832 1781.76
0.129052 1686.83
0.135211 1689.67
0.141259 1795.63
0.147318 1816.22
0.153489 1900.08
0.159709 1957.32
0.165845 1881.37
0.171974 1903.06
0.178125 1895.02
0.184229 2032.32
0.19034 1918.58
0.196428 1919.79
0.202534 1983.87
0.208729 2004.44
0.214876 2006.47
0.220989 1976.79
0.227147 1894.54
0.23329 1963.4
0.239377 1935.46
0.245482 1968.46
0.251667 1948.43
0.257832 1929.6
0.263955 1913.61
0.270079 1975.82
0.27624 1936.14
0.282372 1956.25
0.28843 1953.84
0.294538 1907.45
0.300721 1965.13
0.30691 1992.53
0.313033 1966.36
0.319153 1983.19
0.325316 1947.33
0.33145 1930.41
0.337538 1891.11
0.343633 1964.39
0.349808 1919.63
0.355968 1960.63
0.362074 1907.3
0.368217 1949.29
0.374374 1919.56
0.380519 1898.78
0.386598 1912.92
0.392688 1894.91
0.39888 1901.5
0.405048 1888.17
0.411186 1886.17
0.417313 1849.82
0.423458 1864.72
0.429607 1865.68
0.435692 1852.12
0.441815 1843.06
0.447964 1840.08
0.454126 1837.89
0.460267 1838.24
0.466387 1839.11
0.47254 1816.1
0.478662 1856.61
0.484765 1817
0.490885 1807.04
0.497035 1799.55
0.503198 1803.18
0.509342 1770.34
0.515458 1812.92
0.521598 1785.66
0.527764 1777.36
0.533884 1781.94
0.54 1801.28
0.546137 1771.59
0.552299 1773.81
0.558452 1759.57
0.564573 1763.99
0.570708 1757.27
0.576825 1741.96
0.582926 1744.86
0.589034 1726.16
0.595184 1727.99
0.601379 1723.11
0.607522 1725.35
0.613639 1723.71
0.619772 1693.64
0.625918 1719.48
0.632068 1712.36
0.638161 1706.27
0.6443 1682.35
0.650464 1696.04
0.656582 1686.46
0.662703 1686.11
0.668861 1675.7
0.675024 1674.97
0.681124 1664.03
0.687237 1659.03
0.693381 1649.81
0.699536 1651.32
0.705665 1643.16
0.711789 1644.51
0.717957 1628.2
0.72409 1628.8
0.730186 1623.29
0.736317 1605.36
0.742472 1616.01
0.748622 1604.77
0.75476 1596.44
0.760888 1601.02
0.767043 1587.12
0.773185 1593.54
0.779291 1584.61
0.785407 1572.45
0.791564 1574.44
0.797719 1571.48
0.803834 1564.17
0.809972 1552.38
0.816124 1555.06
0.822261 1549.47
0.828378 1546.96
0.834502 1535.6
0.840667 1530.07
0.846816 1525.03
0.852925 1510.2
0.859047 1507.73
0.865192 1509.97
0.871341 1503.49
0.877463 1490.7
0.883569 1488.99
0.889708 1480.46
0.895864 1474.88
0.902008 1473.59
0.908149 1467.1
0.914301 1467.58
0.920448 1465.66
0.926574 1462.1
0.932687 1449.45
0.938823 1443.46
0.944975 1433.91
0.951105 1434.13
0.957225 1426.91
0.963368 1421.7
0.969511 1421.95
0.975621 1408.7
0.981748 1405.48
0.987916 1400.47
0.99406 1397.89
1.00019 1387.68
1.00632 1379.62
1.01246 1383.26
1.01859 1380.78
1.02471 1375.53
1.03085 1366.89
1.03698 1362.36
1.04314 1359.28
1.04929 1352.12
1.05541 1342.04
1.06154 1341.32
1.06769 1332.22
1.07382 1331.86
1.07993 1321.48
1.08607 1321.93
1.09222 1312.38
1.09836 1309.37
1.10449 1304.39
1.11063 1293.03
1.11677 1290.95
1.1229 1281.02
1.12903 1283.05
1.13518 1271.71
1.14131 1274.43
1.14745 1265.96
1.15359 1264.52
1.15973 1253.15
1.16584 1249.31
1.17197 1250.33
1.17811 1239.01
1.18424 1237.52
1.19038 1232.27
1.19652 1228.45
1.20267 1223.06
1.20881 1222.06
1.21495 1214.51
1.22108 1209.94
1.2272 1208.28
1.23334 1203.61
1.23949 1193.1
1.24562 1183.99
1.25174 1185.44
1.25789 1181.11
1.26402 1178.99
1.27014 1165.71
1.27628 1161.53
1.28244 1161.97
1.28858 1154.87
1.29471 1151.24
1.30084 1144.47
1.30697 1136.64
1.31312 1136.58
1.31925 1125.5
1.32537 1124.59
1.33151 1121.28
1.33765 1118.29
1.34378 1114.65
1.34992 1102.77
1.35606 1102.28
1.3622 1095.31
1.36833 1097.08
1.37445 1090.35
1.38059 1083.44
1.38675 1079.37
1.39288 1075.61
1.39901 1073.49
1.40515 1068.45
1.4113 1061.4
1.41742 1059.87
1.42355 1050.08
1.4297 1050.57
1.43585 1046.03
1.44198 1041.48
1.44809 1038.77
1.45423 1031.1
1.46036 1027.7
1.46649 1024.22
1.47263 1019.81
1.47877 1016.33
1.48491 1011.49
1.49104 1004.42
1.49718 1002.03
1.50333 1000.62
1.50947 993.026
1.5156 989.782
1.52172 987.211
1.52787 979.921
1.534 980.336
1.54013 973.035
1.54627 968.248
1.55241 969.173
1.55855 961.599
1.56467 960.38
1.5708 952.81
