0.00783031 -7983.11
0.013688 3895.18
0.019231 1561.23
0.0249154 -28.7947
0.0312784 1366.2
0.0375637 1695.62
0.0433917 686.659
0.0492413 657.534
0.0555754 612.502
0.0619321 747.894
0.067871 675.835
0.0738098 962.754
0.0800417 1087.32
0.0862327 1064.03
0.0921407 966.102
0.0982031 1031.97
0.104506 1059.55
0.110769 1001.26
0.116806 1097.1
0.122832 1242.87
0.129052 1080.06
0.135211 1162.22
0.141259 1249.36
0.147318 1150.98
0.153489 1312.96
0.159709 1244.82
0.165845 1274.04
0.171974 1186.07
0.178125 1256.11
0.184229 1276.91
0.19034 1298.03
0.196428 1291.54
0.202534 1375.16
0.208729 1285.58
0.214876 1297.51
0.220989 1331.04
0.227147 1369.9
0.23329 1291.23
0.239377 1324.21
0.245482 1345.91
0.251667 1337.8
0.257832 1322.65
0.263955 1307.31
0.270079 1328.38
0.27624 1294.49
0.282372 1339.92
0.28843 1275.8
0.294538 1253.42
0.300721 1318.29
0.30691 1320.17
0.313033 1301.01
0.319153 1270.36
0.325316 1295.18
0.33145 1288.34
0.337538 1262.66
0.343633 1263.91
0.349808 1260.96
0.355968 1246.87
0.362074 1257.23
0.368217 1245.66
0.374374 1246.33
0.380519 1264.78
0.386598 1207.7
0.392688 1243.68
0.39888 1223.12
0.405048 1223.31
0.411186 1224.05
0.417313 1210.34
0.423458 1217.97
0.429607 1215.77
0.435692 1199.67
0.441815 1180.08
0.447964 1180.84
0.454126 1181.42
0.460267 1186.53
0.466387 1189.75
0.47254 1168.97
0.478662 1172.48
0.484765 1156.35
0.490885 1158.27
0.497035 1154.94
0.503198 1142.74
0.509342 1138.36
0.515458 1133.26
0.521598 1136.5
0.527764 1116.31
0.533884 1120.63
0.54 1105
0.546137 1105.3
0.552299 1107.64
0.558452 1097.76
0.564573 1085.86
0.570708 1088.25
0.576825 1078.36
0.582926 1082.84
0.589034 1073.4
0.595184 1071.74
0.601379 1066.43
0.607522 1063.58
0.613639 1050.47
0.619772 1060.19
0.625918 1049.13
0.632068 1039.73
0.638161 1040.17
0.6443 1031.34
0.650464 1016.2
0.656582 1013.98
0.662703 1013.59
0.668861 1010.75
0.675024 1003.63
0.681124 1000.93
0.687237 991.804
0.693381 981.817
0.699536 983.584
0.705665 972.752
0.711789 970.681
0.717957 962.419
0.72409 965.712
0.730186 960.123
0.736317 950.893
0.742472 945.525
0.748622 934.838
0.75476 935.031
0.760888 928.271
0.767043 920.806
0.773185 927.459
0.779291 915.597
0.785407 914.853
0.791564 905.6
0.797719 894.089
0.803834 895.76
0.809972 887.282
0.816124 889.306
0.822261 876.726
0.828378 875.393
0.834502 866.493
0.840667 864.205
0.846816 860.746
0.852925 856.21
0.859047 848.3
0.865192 835.159
0.871341 834.246
0.877463 831.917
0.883569 831.584
0.889708 820.191
0.895864 818.062
0.902008 807.764
0.908149 809.128
0.914301 796.136
0.920448 797.117
0.926574 785.61
0.932687 784.153
0.938823 782.672
0.944975 777.929
0.951105 775.865
0.957225 762.471
0.963368 756.361
0.969511 751.927
0.975621 751.805
0.981748 744.673
0.987916 743.871
0.99406 736.015
1.00019 728.449
1.00632 726.494
1.01246 720.94
1.01859 722.192
1.02471 708.588
1.03085 707.47
1.03698 702.166
1.04314 695.123
1.04929 692.972
1.05541 685.583
1.06154 682.37
1.06769 682.47
1.07382 675.076
1.07993 666.18
1.08607 663.219
1.09222 663.93
1.09836 656.242
1.10449 653.467
1.11063 645.167
1.11677 646.001
1.1229 637.317
1.12903 636.343
1.13518 626.61
1.14131 625.031
1.14745 618.466
1.15359 614.719
1.15973 610.456
1.16584 606.932
1.17197 601.961
1.17811 598.841
1.18424 594.256
1.19038 586.927
1.19652 587.188
1.20267 581.91
1.20881 577.101
1.21495 575.746
1.22108 567.884
1.2272 567.332
1.23334 562.265
1.23949 554.775
1.24562 556.561
1.25174 551.979
1.25789 546.089
1.26402 544.841
1.27014 543.398
1.27628 536.99
1.28244 533.404
1.28858 528.861
1.29471 525.791
1.30084 522.201
1.30697 519.304
1.31312 515.872
1.31925 512.265
1.32537 506.191
1.33151 503.017
1.33765 501.871
1.34378 499.644
1.34992 490.301
1.35606 491.362
1.3622 486.638
1.36833 482.095
1.37445 477.454
1.38059 477.151
1.38675 473.916
1.39288 471.086
1.39901 469.027
1.40515 465.072
1.4113 459.719
1.41742 455.213
1.42355 454.345
1.4297 450.378
1.43585 444.81
1.44198 446.533
1.44809 443.678
1.45423 439.883
1.46036 436.1
1.46649 433.609
1.47263 430.672
1.47877 424.349
1.48491 424.103
1.49104 422.684
1.49718 419.027
1.50333 416.259
1.50947 412.791
1.5156 410.109
1.52172 406.435
1.52787 404.855
1.534 403.459
1.54013 400.668
1.54627 398.538
1.55241 394.069
1.55855 390.264
1.56467 389.495
1.5708 387.748
