0.00783031 4404.42
0.013688 -1171.24
0.019231 -1203.62
0.0249154 274.249
0.0312784 -144.593
0.0375637 -220.414
0.0433917 36.7891
0.0492413 143.327
0.0555754 -194.344
0.0619321 -151.504
0.067871 -101.6
0.0738098 60.2392
0.0800417 -67.0628
0.0862327 -169.236
0.0921407 -187.817
0.0982031 -213.948
0.104506 -105.47
0.110769 -176.481
0.116806 -136.347
0.122832 -139.864
0.129052 -160.678
0.135211 -207.074
0.141259 -162.444
0.147318 -164.081
0.153489 -132.637
0.159709 -170.49
0.165845 -186.334
0.171974 -203.176
0.178125 -146.764
0.184229 -166.299
0.19034 -137.223
0.196428 -174.997
0.202534 -166.244
0.208729 -153.998
0.214876 -146.872
0.220989 -137.478
0.227147 -155.018
0.23329 -148.685
0.239377 -145.302
0.245482 -154.468
0.251667 -133.844
0.257832 -130.207
0.263955 -142.441
0.270079 -127.448
0.27624 -112.989
0.282372 -132.208
0.28843 -125.892
0.294538 -126.63
0.300721 -123.507
0.30691 -126.212
0.313033 -125.008
0.319153 -121.753
0.325316 -119.284
0.33145 -114.763
0.337538 -116.278
0.343633 -113.544
0.349808 -114.298
0.355968 -114.634
0.362074 -113.421
0.368217 -117.553
0.374374 -112.658
0.380519 -111.31
0.386598 -116.944
0.392688 -115.23
0.39888 -104.26
0.405048 -113.466
0.411186 -103.687
0.417313 -103.933
0.423458 -105.438
0.429607 -107.962
0.435692 -101.758
0.441815 -106.172
0.447964 -101.729
0.454126 -97.7201
0.460267 -98.6543
0.466387 -103.692
0.47254 -99.7257
0.478662 -97.9148
0.484765 -93.9227
0.490885 -97.599
0.497035 -94.8198
0.503198 -90.3058
0.509342 -94.5014
0.515458 -92.6218
0.521598 -91.7043
0.527764 -93.7511
0.533884 -93.1481
0.54 -92.559
0.546137 -90.2746
0.552299 -92.8373
0.558452 -88.8601
0.564573 -90.7147
0.570708 -89.2622
0.576825 -86.8773
0.582926 -85.4862
0.589034 -84.7621
0.595184 -88.4086
0.601379 -85.5142
0.607522 -84.27
0.613639 -84.8397
0.619772 -87.2106
0.625918 -83.2156
0.632068 -85.4369
0.638161 -85.1071
0.6443 -82.723
0.650464 -83.2805
0.656582 -80.6018
0.662703 -81.6876
0.668861 -80.9614
0.675024 -82.0905
0.681124 -81.4822
0.687237 -81.4395
0.693381 -80.1689
0.699536 -81.4759
0.705665 -78.9045
0.711789 -80.1491
0.717957 -78.0319
0.72409 -77.3843
0.730186 -78.7306
0.736317 -78.8444
0.742472 -77.8006
0.748622 -77.9025
0.75476 -75.7575
0.760888 -76.2263
0.767043 -77.6905
0.773185 -75.4796
0.779291 -74.691
0.785407 -76.565
0.791564 -75.0263
0.797719 -76.7486
0.803834 -72.9229
0.809972 -74.3704
0.816124 -75.3318
0.822261 -75.0325
0.828378 -73.139
0.834502 -73.5217
0.840667 -73.8205
0.846816 -72.6586
0.852925 -72.8764
0.859047 -72.8706
0.865192 -72.1782
0.871341 -72.4852
0.877463 -71.0222
0.883569 -72.5003
0.889708 -72.0806
0.895864 -71.1231
0.902008 -71.3332
0.908149 -70.7576
0.914301 -69.9849
0.920448 -71.7181
0.926574 -70.3577
0.932687 -69.251
0.938823 -69.2446
0.944975 -69.1677
0.951105 -69.0901
0.957225 -68.9966
0.963368 -69.4892
0.969511 -68.493
0.975621 -68.6072
0.981748 -68.235
0.987916 -68.0503
0.99406 -67.9923
1.00019 -68.5859
1.00632 -67.0641
1.01246 -67.2139
1.01859 -66.9385
1.02471 -66.5665
1.03085 -65.9903
1.03698 -65.9545
1.04314 -65.958
1.04929 -65.9871
1.05541 -65.0356
1.06154 -65.7069
1.06769 -64.508
1.07382 -64.8206
1.07993 -65.2855
1.08607 -64.2903
1.09222 -64.5757
1.09836 -63.8456
1.10449 -64.4048
1.11063 -63.5078
1.11677 -63.9026
1.1229 -63.1712
1.12903 -63.2136
1.13518 -62.3139
1.14131 -62.4763
1.14745 -62.8188
1.15359 -61.9267
1.15973 -61.9461
1.16584 -61.9311
1.17197 -62.2025
1.17811 -61.8382
1.18424 -61.3144
1.19038 -61.6136
1.19652 -60.3405
1.20267 -61.2263
1.20881 -60.903
1.21495 -60.6516
1.22108 -60.2355
1.2272 -60.6814
1.23334 -60.0716
1.23949 -59.5717
1.24562 -58.8741
1.25174 -59.831
1.25789 -59.7781
1.26402 -58.3251
1.27014 -58.5452
1.27628 -58.4378
1.28244 -58.9007
1.28858 -58.201
1.29471 -58.0568
1.30084 -57.9166
1.30697 -57.7029
1.31312 -57.4823
1.31925 -57.8804
1.32537 -57.617
1.33151 -57.4259
1.33765 -56.1856
1.34378 -56.667
1.34992 -56.9706
1.35606 -56.3795
1.3622 -56.7513
1.36833 -55.9471
1.37445 -55.8018
1.38059 -55.7564
1.38675 -55.2788
1.39288 -54.995
1.39901 -55.2109
1.40515 -54.9288
1.4113 -54.2906
1.41742 -54.4253
1.42355 -54.4179
1.4297 -54.3781
1.43585 -54.1221
1.44198 -53.4706
1.44809 -53.8972
1.45423 -53.4585
1.46036 -52.8123
1.46649 -53.2128
1.47263 -52.4522
1.47877 -52.5289
1.48491 -52.5028
1.49104 -52.0263
1.49718 -52.3818
1.50333 -52.0867
1.50947 -51.6442
1.5156 -51.2329
1.52172 -51.446
1.52787 -51.1424
1.534 -51.0057
1.54013 -50.6851
1.54627 -50.2698
1.55241 -50.1372
1.55855 -49.8688
1.56467 -50.0269
1.5708 -49.9551
