0.00783031 0.00195658
0.013688 0.00559999
0.019231 0.0118266
0.0249154 0.0216013
0.0312784 0.0395158
0.0375637 0.0597444
0.0433917 0.0831673
0.0492413 0.135476
0.0555754 0.187423
0.0619321 0.257139
0.067871 0.349175
0.0738098 0.432046
0.0800417 0.527615
0.0862327 0.645277
0.0921407 0.737389
0.0982031 0.852921
0.104506 1.00348
0.110769 1.16901
0.116806 1.3142
0.122832 1.54159
0.129052 1.7519
0.135211 1.94779
0.141259 2.14606
0.147318 2.45041
0.153489 2.68493
0.159709 2.83746
0.165845 3.09018
0.171974 3.31841
0.178125 3.68409
0.184229 4.04791
0.19034 4.37995
0.196428 4.72569
0.202534 4.96816
0.208729 5.35084
0.214876 5.59942
0.220989 5.89057
0.227147 6.33619
0.23329 6.72578
0.239377 7.3104
0.245482 7.55051
0.251667 7.95665
0.257832 8.46666
0.263955 8.79928
0.270079 9.36161
0.27624 9.64377
0.282372 10.0795
0.28843 10.6195
0.294538 10.9165
0.300721 11.7054
0.30691 12.1135
0.313033 12.557
0.319153 13.1766
0.325316 13.3031
0.33145 14.0664
0.337538 14.4619
0.343633 15.0834
0.349808 15.7907
0.355968 16.2251
0.362074 16.7777
0.368217 17.2126
0.374374 17.9331
0.380519 18.442
0.386598 18.784
0.392688 19.6356
0.39888 20.2421
0.405048 20.6325
0.411186 21.3442
0.417313 22.0186
0.423458 22.7961
0.429607 23.2282
0.435692 23.8282
0.441815 24.5976
0.447964 25.3208
0.454126 25.9434
0.460267 26.4926
0.466387 27.2667
0.47254 27.832
0.478662 28.6102
0.484765 29.1698
0.490885 29.873
0.497035 30.7876
0.503198 31.1879
0.509342 32.1216
0.515458 32.5927
0.521598 33.7309
0.527764 34.2407
0.533884 34.7944
0.54 35.4203
0.546137 36.4168
0.552299 37.1814
0.558452 37.769
0.564573 38.2847
0.570708 39.4357
0.576825 40.1681
0.582926 40.9739
0.589034 41.7051
0.595184 42.3425
0.601379 43.0526
0.607522 43.9106
0.613639 44.847
0.619772 45.5757
0.625918 46.6241
0.632068 47.1839
0.638161 48.2857
0.6443 48.691
0.650464 49.8526
0.656582 50.4398
0.662703 51.1553
0.668861 52.0673
0.675024 52.7346
0.681124 54.0934
0.687237 54.5531
0.693381 55.4144
0.699536 56.0817
0.705665 57.0404
0.711789 57.8177
0.717957 58.87
0.72409 59.3748
0.730186 59.9934
0.736317 61.2322
0.742472 62.2177
0.748622 63.0838
0.75476 63.9913
0.760888 65.0931
0.767043 65.8317
0.773185 66.5667
0.779291 67.4641
0.785407 68.7444
0.791564 69.4316
0.797719 70.0734
0.803834 70.7962
0.809972 72.1313
0.816124 72.7055
0.822261 73.9467
0.828378 74.6053
0.834502 75.8932
0.840667 76.8452
0.846816 77.9343
0.852925 78.7066
0.859047 79.3558
0.865192 80.0095
0.871341 81.3274
0.877463 82.228
0.883569 83.1532
0.889708 85.0642
0.895864 85.5527
0.902008 86.6024
0.908149 87.2984
0.914301 88.1558
0.920448 88.9565
0.926574 90.1336
0.932687 90.8483
0.938823 91.5549
0.944975 92.5871
0.951105 94.185
0.957225 95.0978
0.963368 96.1951
0.969511 96.7579
0.975621 97.8443
0.981748 99.3273
0.987916 100.051
0.99406 101.079
1.00019 101.75
1.00632 103.266
1.01246 104.328
1.01859 104.738
1.02471 106.073
1.03085 107.325
1.03698 108.693
1.04314 109.456
1.04929 110.127
1.05541 111.429
1.06154 111.809
1.06769 113.201
1.07382 114.88
1.07993 115.409
1.08607 116.713
1.09222 117.65
1.09836 118.78
1.10449 119.529
1.11063 120.923
1.11677 122.058
1.1229 123.052
1.12903 124.223
1.13518 125.026
1.14131 126.079
1.14745 126.568
1.15359 128.306
1.15973 129.758
1.16584 130.808
1.17197 131.502
1.17811 132.261
1.18424 133.549
1.19038 134.881
1.19652 135.761
1.20267 136.716
1.20881 138.258
1.21495 139.218
1.22108 140.308
1.2272 141.387
1.23334 142.353
1.23949 143.673
1.24562 144.085
1.25174 146.512
1.25789 146.914
1.26402 147.664
1.27014 148.998
1.27628 149.997
1.28244 151.735
1.28858 152.889
1.29471 153.696
1.30084 154.844
1.30697 156.03
1.31312 157.197
1.31925 158.492
1.32537 159.501
1.33151 160.577
1.33765 161.773
1.34378 163.144
1.34992 163.359
1.35606 165.108
1.3622 166.347
1.36833 167.307
1.37445 168.521
1.38059 169.615
1.38675 170.704
1.39288 171.238
1.39901 172.066
1.40515 174.981
1.4113 175.46
1.41742 176.482
1.42355 177.617
1.4297 178.73
1.43585 180.157
1.44198 181.589
1.44809 182.338
1.45423 183.584
1.46036 184.637
1.46649 186.276
1.47263 186.976
1.47877 188.303
1.48491 189.125
1.49104 190.568
1.49718 191.551
1.50333 192.352
1.50947 194.328
1.5156 194.418
1.52172 195.834
1.52787 197.335
1.534 197.823
1.54013 199.838
1.54627 200.604
1.55241 201.575
1.55855 202.783
1.56467 204.203
1.5708 205.522
