0.00783031 0.429808
0.013688 -1.18078
0.019231 1.1399
0.0249154 0.753329
0.0312784 2.25525
0.0375637 1.63636
0.0433917 1.60422
0.0492413 4.04632
0.0555754 4.6533
0.0619321 3.77611
0.067871 5.8463
0.0738098 5.43191
0.0800417 6.92333
0.0862327 8.04779
0.0921407 9.73044
0.0982031 9.88749
0.104506 11.7166
0.110769 11.9697
0.116806 11.6271
0.122832 14.0073
0.129052 14.4042
0.135211 16.1098
0.141259 17.0303
0.147318 18.1104
0.153489 19.8884
0.159709 19.948
0.165845 21.1971
0.171974 20.9689
0.178125 22.614
0.184229 23.8443
0.19034 23.654
0.196428 26.146
0.202534 24.9399
0.208729 26.5618
0.214876 27.329
0.220989 26.9346
0.227147 28.9358
0.23329 30.1698
0.239377 31.176
0.245482 31.7764
0.251667 31.7948
0.257832 33.236
0.263955 33.9917
0.270079 36.154
0.27624 34.8251
0.282372 35.9658
0.28843 36.8679
0.294538 36.2661
0.300721 37.9195
0.30691 38.9938
0.313033 38.36
0.319153 39.5892
0.325316 39.4309
0.33145 40.5295
0.337538 40.0547
0.343633 41.7487
0.349808 42.6685
0.355968 41.8931
0.362074 43.0816
0.368217 42.8387
0.374374 44.6788
0.380519 44.4945
0.386598 44.6686
0.392688 45.4538
0.39888 45.1433
0.405048 45.5876
0.411186 45.7751
0.417313 47.0831
0.423458 48.2205
0.429607 47.3094
0.435692 47.559
0.441815 48.4628
0.447964 48.5408
0.454126 49.2204
0.460267 49.4298
0.466387 49.7227
0.47254 50.2868
0.478662 50.3171
0.484765 49.8971
0.490885 50.502
0.497035 51.4412
0.503198 51.2228
0.509342 52.0923
0.515458 52.3955
0.521598 52.0673
0.527764 52.5259
0.533884 53.13
0.54 52.3702
0.546137 53.2475
0.552299 54.0525
0.558452 53.5706
0.564573 53.6581
0.570708 54.6861
0.576825 54.939
0.582926 54.1508
0.589034 54.7722
0.595184 54.4374
0.601379 54.9138
0.607522 55.4031
0.613639 55.7757
0.619772 56.2824
0.625918 56.1798
0.632068 56.298
0.638161 56.7513
0.6443 56.5596
0.650464 56.9044
0.656582 56.6751
0.662703 56.8052
0.668861 56.633
0.675024 56.959
0.681124 57.935
0.687237 57.1167
0.693381 57.5577
0.699536 56.8294
0.705665 57.7562
0.711789 57.8798
0.717957 57.5235
0.72409 58.0944
0.730186 57.2168
0.736317 58.1009
0.742472 58.5238
0.748622 58.9574
0.75476 58.5742
0.760888 58.8962
0.767043 58.7268
0.773185 58.7093
0.779291 58.5203
0.785407 59.0221
0.791564 58.9017
0.797719 58.8445
0.803834 58.2391
0.809972 58.9245
0.816124 58.9941
0.822261 59.4535
0.828378 59.0174
0.834502 59.5091
0.840667 59.2174
0.846816 59.5597
0.852925 59.3457
0.859047 59.0777
0.865192 59.0591
0.871341 59.664
0.877463 59.5071
0.883569 59.4807
0.889708 60.4414
0.895864 59.7686
0.902008 59.7987
0.908149 59.9582
0.914301 59.9034
0.920448 59.9191
0.926574 59.7428
0.932687 59.4169
0.938823 59.4898
0.944975 59.9156
0.951105 59.9523
0.957225 60.0397
0.963368 60.0743
0.969511 59.8223
0.975621 59.5737
0.981748 60.2601
0.987916 59.6164
0.99406 60.2699
1.00019 59.6305
1.00632 60.3109
1.01246 61.0529
1.01859 59.6813
1.02471 60.418
1.03085 59.7374
1.03698 60.4034
1.04314 60.4533
1.04929 60.1906
1.05541 60.4066
1.06154 60.2524
1.06769 60.245
1.07382 60.3023
1.07993 59.9101
1.08607 60.5197
1.09222 60.4295
1.09836 60.4033
1.10449 59.9269
1.11063 59.9029
1.11677 60.3324
1.1229 60.2989
1.12903 60.0928
1.13518 59.9603
1.14131 60.0381
1.14745 59.7987
1.15359 59.4912
1.15973 60.0868
1.16584 60.1015
1.17197 59.7574
1.17811 59.8857
1.18424 59.7541
1.19038 59.7668
1.19652 59.9636
1.20267 59.4787
1.20881 59.8811
1.21495 59.8634
1.22108 59.6887
1.2272 59.7166
1.23334 59.3034
1.23949 59.6505
1.24562 59.2788
1.25174 60.1122
1.25789 59.4428
1.26402 59.4361
1.27014 59.272
1.27628 59.4146
1.28244 59.5627
1.28858 59.5201
1.29471 59.4748
1.30084 59.3933
1.30697 59.2561
1.31312 59.0857
1.31925 59.0279
1.32537 59.1736
1.33151 59.1322
1.33765 58.8006
1.34378 59.0884
1.34992 58.6207
1.35606 58.9883
1.3622 58.7316
1.36833 58.6981
1.37445 58.6697
1.38059 58.3351
1.38675 58.5793
1.39288 58.3133
1.39901 58.2617
1.40515 58.3091
1.4113 58.659
1.41742 58.4632
1.42355 58.1637
1.4297 58.1891
1.43585 57.9532
1.44198 58.1705
1.44809 57.9958
1.45423 57.9627
1.46036 57.9993
1.46649 57.9847
1.47263 57.8964
1.47877 57.5991
1.48491 57.4541
1.49104 57.4168
1.49718 57.5775
1.50333 57.3151
1.50947 57.4647
1.5156 57.1062
1.52172 57.1754
1.52787 57.2057
1.534 56.8939
1.54013 57.041
1.54627 56.6419
1.55241 56.5991
1.55855 56.5213
1.56467 56.7499
1.5708 56.4578
