0.00783031 0.416466
0.013688 4.49078
0.019231 -1.40972
0.0249154 0.780155
0.0312784 1.33002
0.0375637 3.89888
0.0433917 3.61203
0.0492413 4.64776
0.0555754 5.62648
0.0619321 3.65618
0.067871 6.18778
0.0738098 8.23563
0.0800417 9.71342
0.0862327 8.57707
0.0921407 10.1452
0.0982031 13.7623
0.104506 11.3783
0.110769 15.2327
0.116806 15.9655
0.122832 16.1379
0.129052 19.422
0.135211 19.971
0.141259 22.2624
0.147318 22.0104
0.153489 22.4612
0.159709 25.4069
0.165845 24.7511
0.171974 26.4078
0.178125 28.2017
0.184229 28.8935
0.19034 29.5029
0.196428 29.5291
0.202534 30.766
0.208729 34.0678
0.214876 34.267
0.220989 34.9307
0.227147 35.6807
0.23329 37.1657
0.239377 37.3169
0.245482 39.9272
0.251667 38.9567
0.257832 41.4564
0.263955 40.7346
0.270079 42.8743
0.27624 41.8708
0.282372 43.7518
0.28843 43.8993
0.294538 44.1118
0.300721 44.8838
0.30691 44.5511
0.313033 44.96
0.319153 45.6007
0.325316 46.4956
0.33145 47.781
0.337538 48.6499
0.343633 48.2825
0.349808 49.3731
0.355968 49.4724
0.362074 48.3575
0.368217 50.7545
0.374374 50.5771
0.380519 50.3263
0.386598 52.6463
0.392688 51.741
0.39888 52.0002
0.405048 52.4068
0.411186 52.6371
0.417313 53.7648
0.423458 53.4981
0.429607 52.8531
0.435692 53.4554
0.441815 54.4314
0.447964 54.1427
0.454126 54.143
0.460267 55.4177
0.466387 54.9417
0.47254 54.7522
0.478662 56.1473
0.484765 54.6591
0.490885 55.3553
0.497035 55.9547
0.503198 56.2371
0.509342 55.6052
0.515458 56.4605
0.521598 56.3299
0.527764 56.7041
0.533884 56.1391
0.54 56.9108
0.546137 55.8458
0.552299 57.0722
0.558452 57.0603
0.564573 56.4909
0.570708 56.551
0.576825 56.5168
0.582926 57.4672
0.589034 57.1093
0.595184 57.391
0.601379 56.6032
0.607522 57.6869
0.613639 57.1213
0.619772 57.2959
0.625918 57.4349
0.632068 56.9467
0.638161 56.7246
0.6443 56.5984
0.650464 56.5744
0.656582 56.3467
0.662703 57.2328
0.668861 56.0222
0.675024 55.7997
0.681124 55.9805
0.687237 55.6864
0.693381 55.3977
0.699536 55.5598
0.705665 55.255
0.711789 55.4649
0.717957 55.8379
0.72409 53.9893
0.730186 54.7695
0.736317 54.1007
0.742472 54.0508
0.748622 54.6702
0.75476 53.433
0.760888 54.0334
0.767043 53.4448
0.773185 53.364
0.779291 52.5216
0.785407 52.876
0.791564 52.2806
0.797719 52.5384
0.803834 52.127
0.809972 51.944
0.816124 51.6066
0.822261 51.6363
0.828378 52.0238
0.834502 50.9626
0.840667 50.8036
0.846816 50.019
0.852925 50.6802
0.859047 50.7047
0.865192 49.6691
0.871341 49.7083
0.877463 49.4807
0.883569 48.7745
0.889708 48.9167
0.895864 48.8362
0.902008 48.0068
0.908149 47.8569
0.914301 47.9006
0.920448 47.3404
0.926574 47.198
0.932687 46.9308
0.938823 46.758
0.944975 46.3828
0.951105 45.7245
0.957225 45.8218
0.963368 46.1982
0.969511 45.7804
0.975621 45.5196
0.981748 45.1337
0.987916 44.2501
0.99406 44.3912
1.00019 44.1995
1.00632 44.0311
1.01246 43.8559
1.01859 43.5872
1.02471 43.1776
1.03085 42.8039
1.03698 42.7521
1.04314 41.983
1.04929 42.2655
1.05541 41.4386
1.06154 41.7557
1.06769 41.3538
1.07382 41.465
1.07993 40.4756
1.08607 40.5133
1.09222 40.5351
1.09836 40.0582
1.10449 40.3597
1.11063 39.8607
1.11677 39.7225
1.1229 38.9855
1.12903 38.819
1.13518 38.6971
1.14131 38.2306
1.14745 38.6868
1.15359 38.2764
1.15973 37.6764
1.16584 38.1274
1.17197 37.3161
1.17811 37.2959
1.18424 37.3762
1.19038 36.821
1.19652 36.8372
1.20267 36.6648
1.20881 36.1665
1.21495 36.5842
1.22108 36.1636
1.2272 35.8861
1.23334 35.7044
1.23949 35.5296
1.24562 35.2358
1.25174 35.3033
1.25789 34.9653
1.26402 35.2812
1.27014 34.5355
1.27628 34.3979
1.28244 34.5131
1.28858 33.9256
1.29471 34.0357
1.30084 33.9723
1.30697 34.0805
1.31312 33.465
1.31925 33.2795
1.32537 33.3506
1.33151 33.137
1.33765 33.8533
1.34378 32.8485
1.34992 32.8706
1.35606 32.7755
1.3622 32.8063
1.36833 32.614
1.37445 32.4819
1.38059 32.2198
1.38675 32.1185
1.39288 32.0885
1.39901 31.9443
1.40515 32.0017
1.4113 31.4686
1.41742 31.4186
1.42355 31.405
1.4297 31.4798
1.43585 31.7971
1.44198 31.0073
1.44809 31.1252
1.45423 31.2285
1.46036 30.7444
1.46649 30.5964
1.47263 30.6193
1.47877 30.3652
1.48491 30.4413
1.49104 30.5155
1.49718 30.3177
1.50333 30.3738
1.50947 30.2947
1.5156 29.9949
1.52172 30.2579
1.52787 29.9553
1.534 30.1673
1.54013 29.6612
1.54627 29.7918
1.55241 29.7562
1.55855 29.2983
1.56467 29.6781
1.5708 29.6773
