0.00783031 2490.24
0.013688 3324.51
0.019231 3794.51
0.0249154 3028.61
0.0312784 3213.05
0.0375637 3202.78
0.0433917 3007.65
0.0492413 2541.83
0.0555754 2476.46
0.0619321 2222.62
0.067871 2201.29
0.0738098 2044.51
0.0800417 1901.42
0.0862327 1815.21
0.0921407 1729.2
0.0982031 1705.41
0.104506 1637.47
0.110769 1583.04
0.116806 1503.09
0.122832 1400.27
0.129052 1355.86
0.135211 1317.15
0.141259 1280.89
0.147318 1226.09
0.153489 1160.31
0.159709 1149.18
0.165845 1098.72
0.171974 1073.67
0.178125 1045.89
0.184229 958.727
0.19034 958.67
0.196428 899.983
0.202534 889.995
0.208729 874.522
0.214876 854.444
0.220989 819.547
0.227147 790.109
0.23329 776.294
0.239377 742.46
0.245482 756.103
0.251667 725.437
0.257832 701.447
0.263955 684.977
0.270079 678.925
0.27624 650.383
0.282372 646.536
0.28843 629.207
0.294538 607.683
0.300721 594.264
0.30691 577.445
0.313033 567.111
0.319153 561.88
0.325316 552.845
0.33145 539.667
0.337538 529.507
0.343633 517.705
0.349808 507.923
0.355968 503.917
0.362074 486.828
0.368217 486.38
0.374374 471.051
0.380519 465.085
0.386598 461.637
0.392688 453.874
0.39888 443.409
0.405048 439.007
0.411186 423.585
0.417313 426.553
0.423458 420.068
0.429607 412.729
0.435692 407.383
0.441815 404.279
0.447964 392.8
0.454126 389.813
0.460267 384.402
0.466387 377.535
0.47254 370.837
0.478662 368.747
0.484765 361.693
0.490885 359.078
0.497035 354.383
0.503198 350.633
0.509342 345.477
0.515458 343.432
0.521598 340.978
0.527764 336.527
0.533884 331.228
0.54 328.481
0.546137 323.22
0.552299 324.052
0.558452 317.986
0.564573 314.738
0.570708 310.987
0.576825 309.866
0.582926 304.995
0.589034 303.158
0.595184 301.465
0.601379 299.379
0.607522 296.938
0.613639 293.246
0.619772 289.031
0.625918 287.321
0.632068 284.31
0.638161 281.634
0.6443 279.341
0.650464 276.763
0.656582 275.373
0.662703 273.374
0.668861 270.882
0.675024 267.232
0.681124 264.78
0.687237 263.701
0.693381 262.259
0.699536 260.881
0.705665 257.956
0.711789 257.411
0.717957 255.879
0.72409 251.625
0.730186 252.409
0.736317 248.78
0.742472 249.678
0.748622 247.083
0.75476 243.352
0.760888 243.571
0.767043 242.407
0.773185 239.791
0.779291 239.415
0.785407 238.246
0.791564 236.288
0.797719 234.946
0.803834 234.71
0.809972 233.424
0.816124 230.435
0.822261 230.064
0.828378 230.829
0.834502 226.705
0.840667 225.836
0.846816 224.21
0.852925 225.553
0.859047 223.604
0.865192 221.729
0.871341 221.048
0.877463 219.136
0.883569 218.247
0.889708 218.177
0.895864 216.924
0.902008 215.397
0.908149 215.146
0.914301 214.674
0.920448 212.741
0.926574 211.429
0.932687 210.893
0.938823 209.616
0.944975 208.718
0.951105 207.177
0.957225 206.578
0.963368 206.241
0.969511 205.353
0.975621 204.228
0.981748 203.183
0.987916 202.15
0.99406 201.888
1.00019 202.149
1.00632 199.765
1.01246 199.711
1.01859 198.556
1.02471 198.679
1.03085 196.509
1.03698 196.57
1.04314 195.245
1.04929 194.605
1.05541 193.664
1.06154 193.905
1.06769 193.771
1.07382 192.304
1.07993 191.501
1.08607 191.399
1.09222 190.001
1.09836 189.143
1.10449 189.103
1.11063 188.893
1.11677 188.24
1.1229 187.522
1.12903 186.436
1.13518 185.874
1.14131 185.132
1.14745 185.129
1.15359 183.985
1.15973 183.952
1.16584 183.633
1.17197 182.561
1.17811 181.819
1.18424 181.285
1.19038 181.362
1.19652 180.359
1.20267 179.871
1.20881 179.07
1.21495 178.677
1.22108 178.141
1.2272 178
1.23334 176.896
1.23949 176.383
1.24562 176.441
1.25174 175.929
1.25789 175.123
1.26402 175.106
1.27014 174.222
1.27628 173.992
1.28244 174.065
1.28858 172.783
1.29471 172.271
1.30084 171.743
1.30697 171.929
1.31312 170.626
1.31925 170.564
1.32537 170.273
1.33151 169.582
1.33765 170.029
1.34378 168.287
1.34992 167.845
1.35606 168.495
1.3622 167.886
1.36833 167.435
1.37445 165.925
1.38059 166.3
1.38675 165.637
1.39288 165.581
1.39901 165.236
1.40515 164.763
1.4113 164.708
1.41742 163.824
1.42355 163.219
1.4297 162.906
1.43585 163.011
1.44198 162.317
1.44809 161.898
1.45423 161.548
1.46036 160.902
1.46649 160.917
1.47263 160.226
1.47877 159.974
1.48491 159.736
1.49104 158.984
1.49718 158.966
1.50333 158.618
1.50947 158.343
1.5156 157.453
1.52172 157.38
1.52787 157.26
1.534 157.024
1.54013 155.963
1.54627 155.922
1.55241 155.826
1.55855 155.273
1.56467 155.303
1.5708 154.348
