0.00783031 21875.6
0.013688 27531.1
0.019231 28226.9
0.0249154 25570.1
0.0312784 22289.1
0.0375637 18766.3
0.0433917 16910.1
0.0492413 14965.3
0.0555754 13939.9
0.0619321 12745.9
0.067871 11716.6
0.0738098 11221.5
0.0800417 10001.8
0.0862327 9016.25
0.0921407 8454.96
0.0982031 7562.64
0.104506 7200.63
0.110769 6545.66
0.116806 6269.73
0.122832 6335.38
0.129052 5915.43
0.135211 5578.22
0.141259 5329.83
0.147318 5119.9
0.153489 4863.92
0.159709 4613.62
0.165845 4340.43
0.171974 4298.7
0.178125 4061.45
0.184229 3968.59
0.19034 3796.2
0.196428 3719.52
0.202534 3715.91
0.208729 3561.58
0.214876 3454.14
0.220989 3224.25
0.227147 3204.84
0.23329 3145.37
0.239377 3071.43
0.245482 3011.44
0.251667 2999.56
0.257832 2809.46
0.263955 2770.55
0.270079 2704.3
0.27624 2697.07
0.282372 2643.57
0.28843 2546.01
0.294538 2520.72
0.300721 2466.04
0.30691 2462.95
0.313033 2383
0.319153 2343.78
0.325316 2283.98
0.33145 2256.23
0.337538 2200.18
0.343633 2180.88
0.349808 2159.31
0.355968 2090.63
0.362074 2093.13
0.368217 2037.06
0.374374 2028.13
0.380519 2016.48
0.386598 1952.66
0.392688 1932.71
0.39888 1898.93
0.405048 1848.31
0.411186 1863.26
0.417313 1815.3
0.423458 1795.85
0.429607 1763.81
0.435692 1767.6
0.441815 1720.49
0.447964 1715.69
0.454126 1682.92
0.460267 1652.15
0.466387 1640.45
0.47254 1623.77
0.478662 1585.25
0.484765 1581.65
0.490885 1577.13
0.497035 1535.49
0.503198 1523.18
0.509342 1500.26
0.515458 1484.1
0.521598 1476.57
0.527764 1470.07
0.533884 1438.08
0.54 1430.23
0.546137 1417.93
0.552299 1395.44
0.558452 1388.02
0.564573 1373.76
0.570708 1361.07
0.576825 1337.66
0.582926 1338.9
0.589034 1333.94
0.595184 1300.21
0.601379 1296.71
0.607522 1281.67
0.613639 1277.83
0.619772 1254.72
0.625918 1245.68
0.632068 1239.39
0.638161 1226.99
0.6443 1207.34
0.650464 1200.42
0.656582 1188.14
0.662703 1185.77
0.668861 1175.59
0.675024 1153.73
0.681124 1148.56
0.687237 1149.96
0.693381 1137.07
0.699536 1123.3
0.705665 1115.35
0.711789 1108.2
0.717957 1087.15
0.72409 1090.23
0.730186 1089.54
0.736317 1070.09
0.742472 1066.87
0.748622 1058.27
0.75476 1044.29
0.760888 1047.73
0.767043 1031.46
0.773185 1025.81
0.779291 1008.04
0.785407 1009.1
0.791564 1002.37
0.797719 993.668
0.803834 983.615
0.809972 976.222
0.816124 973.761
0.822261 966.305
0.828378 957.993
0.834502 949.81
0.840667 944.433
0.846816 940.748
0.852925 936.378
0.859047 927.982
0.865192 921.827
0.871341 910.168
0.877463 910.478
0.883569 903.273
0.889708 896.551
0.895864 891.819
0.902008 882.331
0.908149 877.696
0.914301 869.707
0.920448 868.268
0.926574 862.644
0.932687 859.411
0.938823 852.142
0.944975 846.141
0.951105 840.047
0.957225 832.05
0.963368 830.534
0.969511 824.088
0.975621 817.866
0.981748 811.928
0.987916 807.697
0.99406 800.702
1.00019 798.176
1.00632 793.387
1.01246 787.801
1.01859 781.971
1.02471 778.57
1.03085 772.465
1.03698 766.878
1.04314 761.395
1.04929 755.837
1.05541 751.317
1.06154 745.001
1.06769 742.947
1.07382 736.876
1.07993 731.967
1.08607 727.184
1.09222 725.185
1.09836 719.753
1.10449 715.403
1.11063 711.556
1.11677 707.581
1.1229 700.185
1.12903 701.37
1.13518 696.721
1.14131 689.724
1.14745 684.375
1.15359 682.206
1.15973 676.82
1.16584 676.208
1.17197 668.119
1.17811 666.621
1.18424 661.008
1.19038 658.39
1.19652 652.67
1.20267 649.953
1.20881 642.256
1.21495 638.714
1.22108 637.062
1.2272 634.602
1.23334 631.403
1.23949 627.935
1.24562 620.977
1.25174 622.084
1.25789 615.334
1.26402 611.064
1.27014 608.485
1.27628 605.849
1.28244 601.972
1.28858 597.661
1.29471 592.61
1.30084 592.142
1.30697 588.154
1.31312 586.504
1.31925 581.046
1.32537 577.09
1.33151 577.214
1.33765 572.664
1.34378 568.379
1.34992 562.844
1.35606 562.554
1.3622 559.322
1.36833 555.929
1.37445 554.201
1.38059 549.849
1.38675 547.409
1.39288 545.355
1.39901 541.043
1.40515 537.195
1.4113 535.761
1.41742 532.295
1.42355 530.28
1.4297 528.829
1.43585 524.79
1.44198 525.103
1.44809 520.089
1.45423 517.093
1.46036 515.89
1.46649 511.474
1.47263 510.954
1.47877 508.107
1.48491 506.514
1.49104 502.614
1.49718 500.67
1.50333 497.473
1.50947 493.531
1.5156 492.336
1.52172 488.68
1.52787 487.395
1.534 486.391
1.54013 483.987
1.54627 481.449
1.55241 481.346
1.55855 477.844
1.56467 476.861
1.5708 472.474
