0.00783031 3593.16
0.013688 -2489.34
0.019231 -492.09
0.0249154 -211.159
0.0312784 95.6385
0.0375637 -321.059
0.0433917 421.247
0.0492413 -239.179
0.0555754 -362.019
0.0619321 -186.831
0.067871 -171.539
0.0738098 -251.227
0.0800417 -187.191
0.0862327 -319.788
0.0921407 -121.64
0.0982031 -156.843
0.104506 -225.716
0.110769 -259.456
0.116806 -196.47
0.122832 -244.112
0.129052 -159.014
0.135211 -206.299
0.141259 -220.016
0.147318 -220.187
0.153489 -204.77
0.159709 -209.55
0.165845 -210.407
0.171974 -202.291
0.178125 -176.29
0.184229 -168.982
0.19034 -160.176
0.196428 -195.572
0.202534 -171.007
0.208729 -165.05
0.214876 -156.913
0.220989 -178.189
0.227147 -165.637
0.23329 -159.08
0.239377 -148.493
0.245482 -162.764
0.251667 -154.307
0.257832 -137.635
0.263955 -146.101
0.270079 -139.52
0.27624 -141.483
0.282372 -134.119
0.28843 -132.142
0.294538 -131.244
0.300721 -122.734
0.30691 -136.029
0.313033 -130.552
0.319153 -122.887
0.325316 -122.431
0.33145 -118.416
0.337538 -113
0.343633 -112.826
0.349808 -113.253
0.355968 -104.259
0.362074 -109.119
0.368217 -105.659
0.374374 -107.885
0.380519 -105.892
0.386598 -100.668
0.392688 -102.465
0.39888 -103.173
0.405048 -91.844
0.411186 -96.3695
0.417313 -92.3472
0.423458 -91.2214
0.429607 -90.0332
0.435692 -87.3699
0.441815 -86.4819
0.447964 -86.5751
0.454126 -83.9882
0.460267 -80.8541
0.466387 -81.9168
0.47254 -79.287
0.478662 -76.7231
0.484765 -75.6452
0.490885 -74.2804
0.497035 -72.8351
0.503198 -72.7339
0.509342 -71.3256
0.515458 -70.0319
0.521598 -68.967
0.527764 -69.8091
0.533884 -67.8043
0.54 -64.3484
0.546137 -63.9699
0.552299 -63.7022
0.558452 -64.3872
0.564573 -60.2093
0.570708 -60.7638
0.576825 -59.2942
0.582926 -58.2312
0.589034 -58.0075
0.595184 -56.125
0.601379 -55.6724
0.607522 -53.8699
0.613639 -54.808
0.619772 -52.6764
0.625918 -52.6655
0.632068 -51.5093
0.638161 -51.7044
0.6443 -50.2931
0.650464 -48.7566
0.656582 -47.9082
0.662703 -47.9497
0.668861 -46.7725
0.675024 -46.9693
0.681124 -45.6512
0.687237 -46.3117
0.693381 -43.2685
0.699536 -40.9033
0.705665 -42.6359
0.711789 -40.3292
0.717957 -41.1254
0.72409 -40.7606
0.730186 -40.5341
0.736317 -39.2179
0.742472 -38.6876
0.748622 -38.619
0.75476 -36.7006
0.760888 -36.5311
0.767043 -36.9784
0.773185 -35.8563
0.779291 -34.9587
0.785407 -34.7903
0.791564 -34.6243
0.797719 -33.394
0.803834 -32.8994
0.809972 -32.7555
0.816124 -32.5877
0.822261 -31.8071
0.828378 -31.0671
0.834502 -30.6703
0.840667 -30.6693
0.846816 -29.6645
0.852925 -30.1277
0.859047 -28.5897
0.865192 -27.786
0.871341 -28.4347
0.877463 -27.8136
0.883569 -27.8616
0.889708 -26.6908
0.895864 -27.4275
0.902008 -25.6113
0.908149 -25.6399
0.914301 -25.6408
0.920448 -25.9704
0.926574 -25.6887
0.932687 -25.2749
0.938823 -24.6622
0.944975 -24.3984
0.951105 -24.1951
0.957225 -24.0125
0.963368 -23.6338
0.969511 -23.2031
0.975621 -21.7284
0.981748 -22.2403
0.987916 -22.0523
0.99406 -21.7364
1.00019 -21.6536
1.00632 -20.8776
1.01246 -21.6604
1.01859 -21.2767
1.02471 -21.0434
1.03085 -20.6403
1.03698 -20.314
1.04314 -20.1586
1.04929 -19.928
1.05541 -19.9797
1.06154 -19.4861
1.06769 -19.446
1.07382 -19.2461
1.07993 -18.8144
1.08607 -18.8479
1.09222 -18.5008
1.09836 -18.8879
1.10449 -18.7093
1.11063 -17.6189
1.11677 -18.1734
1.1229 -17.8068
1.12903 -18.0381
1.13518 -17.5341
1.14131 -17.3986
1.14745 -17.1839
1.15359 -16.6667
1.15973 -17.3533
1.16584 -17.091
1.17197 -16.9538
1.17811 -16.7506
1.18424 -16.8443
1.19038 -16.7954
1.19652 -16.0379
1.20267 -16.2451
1.20881 -15.9212
1.21495 -16.0604
1.22108 -16.0933
1.2272 -15.6925
1.23334 -15.9646
1.23949 -15.9645
1.24562 -15.6899
1.25174 -15.5058
1.25789 -15.416
1.26402 -15.5849
1.27014 -15.3639
1.27628 -15.2648
1.28244 -15.0795
1.28858 -14.4555
1.29471 -14.6638
1.30084 -14.3228
1.30697 -14.5467
1.31312 -14.8
1.31925 -14.4471
1.32537 -14.3181
1.33151 -14.5398
1.33765 -13.8282
1.34378 -14.2549
1.34992 -14.0267
1.35606 -13.9429
1.3622 -13.6347
1.36833 -13.5194
1.37445 -13.9049
1.38059 -13.4606
1.38675 -13.6333
1.39288 -13.6854
1.39901 -13.1653
1.40515 -13.0128
1.4113 -13.2558
1.41742 -13.1782
1.42355 -12.921
1.4297 -13.475
1.43585 -13.2102
1.44198 -13.0009
1.44809 -12.8736
1.45423 -12.6663
1.46036 -13.188
1.46649 -13.0123
1.47263 -12.8029
1.47877 -12.629
1.48491 -12.6819
1.49104 -12.2954
1.49718 -12.1929
1.50333 -12.371
1.50947 -12.139
1.5156 -12.2421
1.52172 -12.0032
1.52787 -11.6498
1.534 -11.802
1.54013 -11.6635
1.54627 -11.6788
1.55241 -11.7128
1.55855 -11.6579
1.56467 -11.5296
1.5708 -11.1779
