0.00783031 3781.17
0.013688 -2578.37
0.019231 -445.946
0.0249154 -209.483
0.0312784 153.241
0.0375637 -297.041
0.0433917 522.391
0.0492413 -191.667
0.0555754 -334.919
0.0619321 -150.158
0.067871 -136.447
0.0738098 -258.327
0.0800417 -178.117
0.0862327 -340.54
0.0921407 -131.435
0.0982031 -168.433
0.104506 -258.058
0.110769 -303.674
0.116806 -253.39
0.122832 -312.625
0.129052 -217.315
0.135211 -277.648
0.141259 -289.376
0.147318 -307.184
0.153489 -291.881
0.159709 -293.605
0.165845 -309.983
0.171974 -302.916
0.178125 -266.069
0.184229 -258.6
0.19034 -252.125
0.196428 -302.477
0.202534 -274.077
0.208729 -269.12
0.214876 -260.218
0.220989 -293.251
0.227147 -280.136
0.23329 -270.873
0.239377 -259.173
0.245482 -281.936
0.251667 -270.654
0.257832 -249.451
0.263955 -264.499
0.270079 -258.949
0.27624 -259.927
0.282372 -251.545
0.28843 -251.654
0.294538 -250.907
0.300721 -238.106
0.30691 -259.382
0.313033 -253.201
0.319153 -241.77
0.325316 -242.608
0.33145 -238.132
0.337538 -230.333
0.343633 -232.033
0.349808 -233.448
0.355968 -220.521
0.362074 -227.258
0.368217 -223.576
0.374374 -227.589
0.380519 -226.424
0.386598 -218.29
0.392688 -222.563
0.39888 -223.954
0.405048 -207.674
0.411186 -215.48
0.417313 -207.666
0.423458 -205.636
0.429607 -205.478
0.435692 -201.74
0.441815 -200.546
0.447964 -201.105
0.454126 -198.131
0.460267 -192.705
0.466387 -195.113
0.47254 -189.692
0.478662 -184.935
0.484765 -183.683
0.490885 -182.013
0.497035 -180.671
0.503198 -181.364
0.509342 -178.145
0.515458 -175.96
0.521598 -173.646
0.527764 -176.789
0.533884 -172.482
0.54 -166.759
0.546137 -166.468
0.552299 -165.015
0.558452 -165.531
0.564573 -160.279
0.570708 -159.317
0.576825 -156.574
0.582926 -155.985
0.589034 -155.087
0.595184 -152.389
0.601379 -151.125
0.607522 -147.263
0.613639 -149.094
0.619772 -145.912
0.625918 -144.578
0.632068 -142.89
0.638161 -141.337
0.6443 -140.345
0.650464 -136.583
0.656582 -135.766
0.662703 -135.328
0.668861 -132.855
0.675024 -134.179
0.681124 -130.634
0.687237 -132.736
0.693381 -126.477
0.699536 -121.526
0.705665 -124.921
0.711789 -120.911
0.717957 -121.202
0.72409 -120.703
0.730186 -119.922
0.736317 -116.887
0.742472 -116.176
0.748622 -115.042
0.75476 -112.245
0.760888 -110.869
0.767043 -111.197
0.773185 -108.317
0.779291 -107.458
0.785407 -105.549
0.791564 -105.673
0.797719 -103.52
0.803834 -101.682
0.809972 -101.186
0.816124 -99.9276
0.822261 -97.6444
0.828378 -97.656
0.834502 -95.6214
0.840667 -96.0728
0.846816 -93.8482
0.852925 -94.6304
0.859047 -91.7106
0.865192 -88.9529
0.871341 -89.1231
0.877463 -87.8226
0.883569 -87.5082
0.889708 -85.4228
0.895864 -86.4064
0.902008 -82.6503
0.908149 -82.3828
0.914301 -81.5645
0.920448 -81.2032
0.926574 -81.0045
0.932687 -79.3989
0.938823 -78.1894
0.944975 -77.6298
0.951105 -77.3854
0.957225 -75.6841
0.963368 -74.8282
0.969511 -72.9793
0.975621 -70.1697
0.981748 -71.0705
0.987916 -70.7451
0.99406 -69.5921
1.00019 -68.9539
1.00632 -67.3869
1.01246 -68.7405
1.01859 -66.9941
1.02471 -66.0622
1.03085 -64.5451
1.03698 -63.5752
1.04314 -63.7046
1.04929 -61.834
1.05541 -61.8458
1.06154 -60.6098
1.06769 -60.3008
1.07382 -59.5802
1.07993 -58.5456
1.08607 -57.995
1.09222 -57.3706
1.09836 -56.6467
1.10449 -56.3741
1.11063 -55.4619
1.11677 -56.1844
1.1229 -54.5909
1.12903 -55.0201
1.13518 -53.4883
1.14131 -51.8158
1.14745 -52.9897
1.15359 -50.8353
1.15973 -51.082
1.16584 -51.0084
1.17197 -51.1629
1.17811 -50.6087
1.18424 -49.6588
1.19038 -48.7733
1.19652 -47.8655
1.20267 -47.7522
1.20881 -46.4077
1.21495 -46.5598
1.22108 -46.5995
1.2272 -45.8251
1.23334 -46.3326
1.23949 -45.4809
1.24562 -45.0444
1.25174 -44.5822
1.25789 -43.799
1.26402 -43.6642
1.27014 -43.8245
1.27628 -42.6213
1.28244 -42.156
1.28858 -41.2533
1.29471 -40.9277
1.30084 -40.619
1.30697 -40.4217
1.31312 -40.7184
1.31925 -39.818
1.32537 -39.6898
1.33151 -39.8088
1.33765 -38.3973
1.34378 -38.4548
1.34992 -38.0727
1.35606 -37.7315
1.3622 -37.7468
1.36833 -36.7605
1.37445 -37.4127
1.38059 -37.0847
1.38675 -36.6398
1.39288 -36.0812
1.39901 -35.3778
1.40515 -35.0172
1.4113 -35.5483
1.41742 -34.7859
1.42355 -34.5864
1.4297 -34.9633
1.43585 -35.021
1.44198 -34.4473
1.44809 -33.1649
1.45423 -33.526
1.46036 -33.6882
1.46649 -33.3084
1.47263 -33.2394
1.47877 -32.7972
1.48491 -32.5408
1.49104 -31.7963
1.49718 -31.7832
1.50333 -31.8943
1.50947 -31.3892
1.5156 -31.4196
1.52172 -30.6954
1.52787 -30.6662
1.534 -30.8627
1.54013 -30.0014
1.54627 -30.4286
1.55241 -29.8691
1.55855 -29.7758
1.56467 -29.9148
1.5708 -29.7506
