0.00783031 -3823.67
0.013688 474.449
0.019231 2134.92
0.0249154 -971.521
0.0312784 -934.003
0.0375637 1016.62
0.0433917 1163.32
0.0492413 578.97
0.0555754 1133.21
0.0619321 1158.6
0.067871 1574.05
0.0738098 1370.27
0.0800417 1483.6
0.0862327 1516.62
0.0921407 1603.76
0.0982031 1584.28
0.104506 1685.13
0.110769 1520.24
0.116806 1886.44
0.122832 1655.81
0.129052 1746.46
0.135211 1735.72
0.141259 1648.24
0.147318 1805.05
0.153489 1954.03
0.159709 1930.85
0.165845 1977.65
0.171974 1910.87
0.178125 1879.39
0.184229 2047.14
0.19034 2071.87
0.196428 1962.86
0.202534 2014.14
0.208729 2006.81
0.214876 2032.6
0.220989 1968.91
0.227147 1996.34
0.23329 2010.16
0.239377 2024.73
0.245482 1988.45
0.251667 2065.65
0.257832 2043.6
0.263955 1970.07
0.270079 2003.96
0.27624 2074.78
0.282372 2028.5
0.28843 2041.43
0.294538 1997.08
0.300721 2008.15
0.30691 2023.79
0.313033 2016.61
0.319153 2003.32
0.325316 2019.14
0.33145 2027.99
0.337538 2012.27
0.343633 1980.91
0.349808 1981.89
0.355968 1986
0.362074 1966.22
0.368217 1972.38
0.374374 1987.01
0.380519 2006.9
0.386598 1972.92
0.392688 1974.12
0.39888 1961.19
0.405048 1977.97
0.411186 1959.66
0.417313 1951.88
0.423458 1931.02
0.429607 1924.37
0.435692 1921.37
0.441815 1931.06
0.447964 1919.79
0.454126 1925.05
0.460267 1934.68
0.466387 1895.49
0.47254 1886.71
0.478662 1890.11
0.484765 1876.23
0.490885 1881.66
0.497035 1882.91
0.503198 1856.75
0.509342 1895.41
0.515458 1862.56
0.521598 1865.96
0.527764 1855.82
0.533884 1879.58
0.54 1844.49
0.546137 1849.72
0.552299 1836.34
0.558452 1840.02
0.564573 1809.28
0.570708 1803.55
0.576825 1825.01
0.582926 1797.64
0.589034 1778.53
0.595184 1793.27
0.601379 1777.54
0.607522 1766.65
0.613639 1780.92
0.619772 1784.15
0.625918 1770.77
0.632068 1754.83
0.638161 1750.56
0.6443 1749.73
0.650464 1749.65
0.656582 1742.51
0.662703 1726.55
0.668861 1724.32
0.675024 1727.29
0.681124 1706.99
0.687237 1713.09
0.693381 1704.99
0.699536 1692.49
0.705665 1680.95
0.711789 1675.88
0.717957 1681.85
0.72409 1661.83
0.730186 1663.75
0.736317 1667.07
0.742472 1653.3
0.748622 1644.5
0.75476 1631.35
0.760888 1636.73
0.767043 1625.45
0.773185 1621.53
0.779291 1618.82
0.785407 1608.7
0.791564 1610.81
0.797719 1601.3
0.803834 1604.09
0.809972 1590.4
0.816124 1578.31
0.822261 1579.92
0.828378 1573.23
0.834502 1563.8
0.840667 1562.06
0.846816 1558.75
0.852925 1548.9
0.859047 1538.64
0.865192 1535.82
0.871341 1529.95
0.877463 1518.61
0.883569 1519.3
0.889708 1504.03
0.895864 1505.78
0.902008 1496.98
0.908149 1487.51
0.914301 1482.69
0.920448 1485
0.926574 1481.68
0.932687 1476.02
0.938823 1458.1
0.944975 1452.73
0.951105 1455.28
0.957225 1440.82
0.963368 1436.06
0.969511 1430.66
0.975621 1423.59
0.981748 1423.63
0.987916 1414.68
0.99406 1406.35
1.00019 1399.39
1.00632 1393.77
1.01246 1383.92
1.01859 1385.94
1.02471 1380.47
1.03085 1370.85
1.03698 1363.98
1.04314 1362.61
1.04929 1353.6
1.05541 1346.33
1.06154 1346.07
1.06769 1338.71
1.07382 1333.73
1.07993 1323.93
1.08607 1318.94
1.09222 1315.63
1.09836 1311.65
1.10449 1303.12
1.11063 1298.65
1.11677 1294.05
1.1229 1287.66
1.12903 1281.01
1.13518 1280.94
1.14131 1273.09
1.14745 1262.12
1.15359 1261.59
1.15973 1250.08
1.16584 1250.76
1.17197 1245.72
1.17811 1235.79
1.18424 1234.23
1.19038 1223.37
1.19652 1220.65
1.20267 1213.33
1.20881 1211.91
1.21495 1203.78
1.22108 1196.16
1.2272 1200.31
1.23334 1182.52
1.23949 1182.11
1.24562 1178.83
1.25174 1175.75
1.25789 1167.55
1.26402 1160.04
1.27014 1158.52
1.27628 1144.45
1.28244 1143.43
1.28858 1137.78
1.29471 1137.66
1.30084 1132.19
1.30697 1124.83
1.31312 1115.43
1.31925 1113.85
1.32537 1109.65
1.33151 1104.81
1.33765 1097.67
1.34378 1088.16
1.34992 1090.9
1.35606 1083.2
1.3622 1081.46
1.36833 1074.84
1.37445 1066.52
1.38059 1062.4
1.38675 1060.97
1.39288 1054.73
1.39901 1047.78
1.40515 1049.75
1.4113 1035
1.41742 1033.77
1.42355 1029.7
1.4297 1025.78
1.43585 1017.66
1.44198 1016.3
1.44809 1011.6
1.45423 1009.13
1.46036 1003
1.46649 998.245
1.47263 992.153
1.47877 987.281
1.48491 981.182
1.49104 978.223
1.49718 974.121
1.50333 968.313
1.50947 969.972
1.5156 962.059
1.52172 954.4
1.52787 953.046
1.534 947.25
1.54013 944.355
1.54627 938.3
1.55241 936.839
1.55855 929.983
1.56467 926.874
1.5708 924.677
