0.00783031 21058.5
0.013688 26522.2
0.019231 26344.6
0.0249154 24250.2
0.0312784 20966.6
0.0375637 17676.1
0.0433917 15969.3
0.0492413 14248
0.0555754 12998.6
0.0619321 12185.7
0.067871 11878.5
0.0738098 11075.6
0.0800417 9922.19
0.0862327 9145.21
0.0921407 8111.82
0.0982031 7459.15
0.104506 7082.81
0.110769 6449.61
0.116806 6100.15
0.122832 6025.42
0.129052 5767.57
0.135211 5515.82
0.141259 5151.88
0.147318 5062.04
0.153489 4728.21
0.159709 4541.12
0.165845 4301.49
0.171974 4210.73
0.178125 4115.48
0.184229 3985.49
0.19034 3847.95
0.196428 3682.35
0.202534 3666.97
0.208729 3503.49
0.214876 3408.69
0.220989 3320.38
0.227147 3219.83
0.23329 3178.6
0.239377 3076.72
0.245482 3000.85
0.251667 2986.51
0.257832 2913.14
0.263955 2833.63
0.270079 2763.24
0.27624 2801.13
0.282372 2695.18
0.28843 2654.84
0.294538 2606.36
0.300721 2555.33
0.30691 2527.38
0.313033 2491.74
0.319153 2450.48
0.325316 2425.18
0.33145 2372.03
0.337538 2328.83
0.343633 2276.91
0.349808 2270.29
0.355968 2225.66
0.362074 2215.79
0.368217 2190.83
0.374374 2170.87
0.380519 2153.07
0.386598 2113.88
0.392688 2089.24
0.39888 2052.57
0.405048 2048.84
0.411186 2028.91
0.417313 2006.7
0.423458 1975.45
0.429607 1932.52
0.435692 1930.26
0.441815 1915.62
0.447964 1898.55
0.454126 1875.57
0.460267 1876.07
0.466387 1825.02
0.47254 1830.05
0.478662 1813.13
0.484765 1782.82
0.490885 1771.66
0.497035 1768.04
0.503198 1730.76
0.509342 1740.56
0.515458 1714.11
0.521598 1709.43
0.527764 1692.44
0.533884 1692.8
0.54 1655.48
0.546137 1654.9
0.552299 1637.78
0.558452 1628.29
0.564573 1600.98
0.570708 1591.78
0.576825 1591.02
0.582926 1565.56
0.589034 1545.81
0.595184 1544.02
0.601379 1532.59
0.607522 1510.02
0.613639 1513.71
0.619772 1511.12
0.625918 1487.6
0.632068 1474.84
0.638161 1469.38
0.6443 1466.01
0.650464 1452.52
0.656582 1441.96
0.662703 1422.32
0.668861 1418.17
0.675024 1416.37
0.681124 1396.03
0.687237 1392.57
0.693381 1379.29
0.699536 1362.4
0.705665 1355.61
0.711789 1350.16
0.717957 1345.43
0.72409 1331.04
0.730186 1324.47
0.736317 1321.91
0.742472 1303.13
0.748622 1298.83
0.75476 1282.2
0.760888 1281.13
0.767043 1267.62
0.773185 1265.98
0.779291 1257.76
0.785407 1247.56
0.791564 1244.78
0.797719 1231.5
0.803834 1224.54
0.809972 1219.31
0.816124 1202.4
0.822261 1199.55
0.828378 1193.58
0.834502 1185.34
0.840667 1180.28
0.846816 1170.64
0.852925 1167.05
0.859047 1152.09
0.865192 1148.38
0.871341 1142.11
0.877463 1130.27
0.883569 1127.08
0.889708 1114.11
0.895864 1112.38
0.902008 1101.59
0.908149 1094.23
0.914301 1089.32
0.920448 1090.17
0.926574 1081.63
0.932687 1072.81
0.938823 1062.19
0.944975 1054.51
0.951105 1054.16
0.957225 1042.84
0.963368 1036.42
0.969511 1029.6
0.975621 1024.05
0.981748 1022.48
0.987916 1012.12
0.99406 1005.88
1.00019 999.035
1.00632 991.473
1.01246 984.42
1.01859 982.703
1.02471 977.736
1.03085 969.719
1.03698 963.86
1.04314 959.103
1.04929 950.998
1.05541 944.283
1.06154 941.769
1.06769 936.598
1.07382 930.736
1.07993 923.871
1.08607 918.755
1.09222 913.411
1.09836 908.815
1.10449 901.089
1.11063 898.35
1.11677 892.804
1.1229 886.398
1.12903 878.801
1.13518 877.668
1.14131 873.904
1.14745 864.621
1.15359 860.03
1.15973 856.453
1.16584 852.338
1.17197 845.968
1.17811 838.979
1.18424 836.654
1.19038 828.583
1.19652 826.613
1.20267 819.956
1.20881 817.756
1.21495 811.385
1.22108 804.23
1.2272 804.931
1.23334 793.658
1.23949 792.715
1.24562 787.783
1.25174 784.678
1.25789 778.391
1.26402 771.669
1.27014 769.957
1.27628 762.026
1.28244 758.914
1.28858 754.104
1.29471 752.375
1.30084 747.026
1.30697 742.03
1.31312 734.948
1.31925 733.963
1.32537 729.727
1.33151 724.677
1.33765 719.687
1.34378 713.351
1.34992 712.476
1.35606 708.07
1.3622 704.561
1.36833 699.721
1.37445 694.423
1.38059 690.259
1.38675 688.52
1.39288 683.033
1.39901 678.858
1.40515 678.307
1.4113 670.311
1.41742 667.144
1.42355 663.282
1.4297 661.1
1.43585 654.548
1.44198 651.79
1.44809 648.699
1.45423 646.148
1.46036 641.583
1.46649 638.172
1.47263 631.926
1.47877 628.876
1.48491 625.504
1.49104 622.69
1.49718 619.643
1.50333 615.045
1.50947 613.772
1.5156 609.213
1.52172 604.247
1.52787 602.105
1.534 597.705
1.54013 595.768
1.54627 591.063
1.55241 589.232
1.55855 584.933
1.56467 582.462
1.5708 579.19
