0.00783031 50.5416
0.013688 2083.63
0.019231 -306.666
0.0249154 -493.818
0.0312784 -846.292
0.0375637 50.7229
0.0433917 377.756
0.0492413 -160.015
0.0555754 -160.361
0.0619321 175.318
0.067871 -179.565
0.0738098 0.573259
0.0800417 -362.686
0.0862327 -80.0701
0.0921407 -70.5315
0.0982031 -152.317
0.104506 -126.695
0.110769 -143.474
0.116806 -267.676
0.122832 -246.266
0.129052 -142.074
0.135211 -221.792
0.141259 -287.228
0.147318 -222.146
0.153489 -227.092
0.159709 -241.024
0.165845 -245.814
0.171974 -248.593
0.178125 -222.889
0.184229 -229.588
0.19034 -235.259
0.196428 -230.021
0.202534 -223.494
0.208729 -231.556
0.214876 -235.533
0.220989 -243.633
0.227147 -232.891
0.23329 -223.454
0.239377 -214.853
0.245482 -218.883
0.251667 -219.239
0.257832 -220.309
0.263955 -223.988
0.270079 -226.194
0.27624 -219.29
0.282372 -208.16
0.28843 -204.145
0.294538 -209.012
0.300721 -192.486
0.30691 -203.046
0.313033 -188.067
0.319153 -206.967
0.325316 -195.903
0.33145 -201.229
0.337538 -205.549
0.343633 -198.527
0.349808 -209.759
0.355968 -193.08
0.362074 -196.651
0.368217 -193.544
0.374374 -192.761
0.380519 -188.446
0.386598 -196.934
0.392688 -187.181
0.39888 -184.562
0.405048 -186.703
0.411186 -188.89
0.417313 -190.654
0.423458 -181.992
0.429607 -179.505
0.435692 -181.853
0.441815 -182.264
0.447964 -181.212
0.454126 -175.66
0.460267 -186.181
0.466387 -173.314
0.47254 -171.453
0.478662 -176.799
0.484765 -170.353
0.490885 -174.739
0.497035 -174.797
0.503198 -176.756
0.509342 -172.646
0.515458 -172.904
0.521598 -170.612
0.527764 -166.125
0.533884 -171.85
0.54 -165.352
0.546137 -167.061
0.552299 -166.223
0.558452 -163.388
0.564573 -164.307
0.570708 -166.004
0.576825 -162.899
0.582926 -159.879
0.589034 -163.001
0.595184 -160.09
0.601379 -159.031
0.607522 -161.863
0.613639 -156.141
0.619772 -157.177
0.625918 -157.848
0.632068 -156.62
0.638161 -154.56
0.6443 -150.87
0.650464 -156.027
0.656582 -150.797
0.662703 -149.864
0.668861 -150.568
0.675024 -150.755
0.681124 -151.224
0.687237 -150.609
0.693381 -148.657
0.699536 -148.919
0.705665 -145.596
0.711789 -147.369
0.717957 -144.89
0.72409 -145.099
0.730186 -143.65
0.736317 -144.044
0.742472 -144.935
0.748622 -142.412
0.75476 -142.821
0.760888 -146.692
0.767043 -140.401
0.773185 -143.716
0.779291 -139.108
0.785407 -138.559
0.791564 -138.469
0.797719 -139.728
0.803834 -136.639
0.809972 -137.251
0.816124 -135.798
0.822261 -135.729
0.828378 -136.872
0.834502 -133.985
0.840667 -134.239
0.846816 -132.92
0.852925 -130.84
0.859047 -132.065
0.865192 -133.375
0.871341 -132.704
0.877463 -131.126
0.883569 -130.434
0.889708 -131.135
0.895864 -129.754
0.902008 -126.256
0.908149 -126.976
0.914301 -128.18
0.920448 -125.965
0.926574 -126.266
0.932687 -126.927
0.938823 -125.249
0.944975 -123.594
0.951105 -123.817
0.957225 -123.26
0.963368 -122.312
0.969511 -120.591
0.975621 -121.208
0.981748 -121.876
0.987916 -120.431
0.99406 -121.33
1.00019 -118.697
1.00632 -118.154
1.01246 -119.339
1.01859 -119.885
1.02471 -119.009
1.03085 -118.383
1.03698 -116.553
1.04314 -116.348
1.04929 -117.614
1.05541 -114.727
1.06154 -116.027
1.06769 -114.488
1.07382 -115.117
1.07993 -112.854
1.08607 -112.803
1.09222 -113.063
1.09836 -110.31
1.10449 -111.57
1.11063 -111.468
1.11677 -109.055
1.1229 -108.794
1.12903 -109.352
1.13518 -108.914
1.14131 -107.455
1.14745 -106.844
1.15359 -106.866
1.15973 -106.779
1.16584 -106.775
1.17197 -106.175
1.17811 -106.098
1.18424 -104.527
1.19038 -104.274
1.19652 -104.192
1.20267 -104.277
1.20881 -102.426
1.21495 -102.612
1.22108 -102.069
1.2272 -102.451
1.23334 -100.027
1.23949 -101.604
1.24562 -100.014
1.25174 -99.75
1.25789 -99.5503
1.26402 -98.0313
1.27014 -98.5923
1.27628 -97.1949
1.28244 -96.4715
1.28858 -97.182
1.29471 -96.8765
1.30084 -95.9345
1.30697 -95.6554
1.31312 -95.4242
1.31925 -95.2693
1.32537 -94.0852
1.33151 -94.2823
1.33765 -92.6832
1.34378 -92.2779
1.34992 -92.5856
1.35606 -91.429
1.3622 -91.1932
1.36833 -91.8095
1.37445 -91.5822
1.38059 -89.996
1.38675 -89.099
1.39288 -88.8347
1.39901 -88.5321
1.40515 -88.5866
1.4113 -87.6358
1.41742 -87.499
1.42355 -86.9387
1.4297 -86.3474
1.43585 -85.92
1.44198 -85.8245
1.44809 -85.4557
1.45423 -84.7957
1.46036 -84.8605
1.46649 -83.733
1.47263 -84.0128
1.47877 -83.0225
1.48491 -83.1832
1.49104 -82.3077
1.49718 -81.6568
1.50333 -82.048
1.50947 -81.1934
1.5156 -80.7872
1.52172 -80.2841
1.52787 -79.6489
1.534 -79.5892
1.54013 -79.345
1.54627 -78.1005
1.55241 -78.6452
1.55855 -78.446
1.56467 -77.5942
1.5708 -77.1557
