#  k  (h/Mpc)          P(k)  (Mpc/h)^3     P_linear(k)   P_NL(k) (Mpc/h)^3
     0.00783031         20563.7         20513.5           20402 
       0.013688           25415         25365.8         25170.4 
       0.019231         25473.4         25635.4         25378.2 
      0.0249154         23436.6         23617.7         23341.1 
      0.0312784         20004.8         20361.8         20072.2 
      0.0375637         17076.6         17287.6         17029.1 
      0.0433917         14647.5         15046.4         14768.3 
      0.0492413         13200.4         13439.5         13172.6 
      0.0555754         12012.5         12280.2         12034.8 
      0.0619321         11366.2         11423.3         11182.2 
       0.067871         10423.6         10674.3         10455.7 
      0.0738098         9203.72         9842.08         9530.37 
      0.0800417         8622.37         8856.08         8604.23 
      0.0862327         7617.93         7841.33          7739.8 
      0.0921407         6899.31         6940.55         6884.81 
      0.0982031         6036.53         6164.83         6243.98 
       0.104506         5555.66         5561.75         5737.32 
       0.110769         5138.66         5155.89         5263.08 
       0.116806         4880.52         4889.47         4964.46 
       0.122832         4703.08         4677.07         4752.13 
       0.129052         4477.22         4453.97         4522.27 
       0.135211         4235.95         4193.92         4269.83 
       0.141259         4003.84         3896.12         4050.54 
       0.147318         3718.47         3576.26         3807.16 
       0.153489         3454.75          3260.5         3472.32 
       0.159709         3252.52         2982.04         3265.67 
       0.165845          3033.5         2764.14         3130.37 
       0.171974         2917.93         2604.93         2961.41 
       0.178125         2770.13          2488.7         2879.78 
       0.184229         2683.19          2396.6         2743.09 
        0.19034         2604.18         2308.28         2640.78 
       0.196428         2427.34         2211.01            2533 
       0.202534         2374.27         2098.34         2448.32 
       0.208729         2284.21         1971.83          2315.9 
       0.214876         2117.43         1845.05         2253.38 
       0.220989         2142.96         1727.42         2179.44 
       0.227147         2041.12          1625.3         2105.71 
        0.23329         1942.58          1542.2         2040.86 
       0.239377         1905.29         1476.79         1962.14 
       0.245482         1794.14         1423.17         1881.11 
       0.251667         1759.68         1374.77          1839.5 
       0.257832         1725.05         1326.38         1781.24 
       0.263955         1655.71         1274.55         1732.73 
       0.270079         1610.15         1218.63         1683.96 
        0.27624         1551.26         1160.63         1632.19 
       0.282372         1511.85         1104.16         1604.22 
        0.28843         1457.39         1052.29         1569.55 
       0.294538         1435.73         1005.98         1521.93 
       0.300721          1392.6         965.772         1476.82 
        0.30691         1367.04         931.185         1457.29 
       0.313033         1331.28         900.669         1412.21 
       0.319153         1305.22         871.904         1373.99 
       0.325316         1256.08         843.127         1354.28 
        0.33145         1238.65         813.802         1308.65 
       0.337538         1194.74         783.968         1289.04 
       0.343633         1186.29         754.209         1273.23 
       0.349808          1159.3         725.137         1252.72 
       0.355968         1119.47         698.007         1228.96 
       0.362074         1105.87         673.396         1205.73 
       0.368217         1101.59         651.053         1177.75 
       0.374374         1053.94         630.664         1155.05 
       0.380519         1036.52         611.687         1134.08 
       0.386598         1020.76         593.734         1119.14 
       0.392688         1002.79         576.093         1099.03 
        0.39888         987.496         558.266         1080.83 
       0.405048         963.133         540.636         1062.65 
       0.411186         940.961         523.443         1045.26 
       0.417313         932.674         506.946         1032.01 
       0.423458         911.756         491.257         1012.47 
       0.429607         891.894         476.511         996.142 
       0.435692         880.899         462.871         974.373 
       0.441815         880.899          450.01         971.353 
       0.447964         854.466         437.712         961.022 
       0.454126         842.511         425.821         934.613 
       0.460267         832.004         414.316         932.964 
       0.466387          813.44         403.106         917.372 
        0.47254         799.455         392.064         904.495 
       0.478662         786.701          381.36         891.387 
       0.484765         775.159         371.082         882.092 
       0.490885         765.592         361.225         865.542 
       0.497035         757.756         351.758         858.122 
       0.503198         744.761         342.709         848.092 
       0.509342         728.563         334.099         833.605 
       0.515458         720.194         325.875         827.949 
       0.521598         709.402         317.898         819.807 
       0.527764         698.874         310.109         812.946 
       0.533884         695.248         302.587         804.268 
           0.54         687.763         295.284         794.874 
       0.546137         675.894         288.166         786.409 
       0.552299         664.295         281.241         775.648 
       0.558452         654.776         274.572         769.557 
       0.564573         648.735         268.183         762.401 
       0.570708         639.021         262.019         752.148 
       0.576825         637.354         256.088         743.076 
       0.582926         626.406         250.362         738.298 
       0.589034         618.297           244.8         728.032 
       0.595184         605.557         239.361         720.603 
       0.601379         599.581         234.048         714.925 
       0.607522           590.7         228.943         704.237 
       0.613639         588.872         224.008         701.679 
       0.619772         574.594         219.199         699.531 
       0.625918         573.207         214.523           690.2 
       0.632068         560.582         209.989         686.291 
       0.638161          556.14          205.63         676.345 
         0.6443         549.091         201.363         670.277 
       0.650464         546.407         197.204         662.339 
       0.656582         538.575         193.195         658.243 
       0.662703         532.959         189.299         653.513 
       0.668861         524.542         185.491         650.291 
       0.675024         522.268         181.786         645.456 
       0.681124          512.67         178.221         636.687 
       0.687237         506.678         174.746         631.235 
       0.693381         504.038         171.349         625.446 
       0.699536         497.193         168.039         621.256 
       0.705665         489.653         164.831         613.993 
       0.711789         485.502         161.707         609.356 
       0.717957         480.908         158.644         608.165 
        0.72409         475.179         155.679         602.232 
       0.730186          468.67          152.81         595.922 
       0.736317         463.145         150.001         592.075 
       0.742472         459.814         147.254         588.343 
       0.748622         454.087         144.576          582.11 
        0.75476         450.564         141.968         582.029 
       0.760888         446.619         139.429           575.8 
       0.767043         438.864         136.944         568.615 
       0.773185         438.767         134.528         565.263 
       0.779291         431.127         132.185         560.659 
       0.785407         427.117         129.892         557.459 
       0.791564         422.439         127.639         555.564 
       0.797719         419.373         125.442         550.541 
       0.803834         410.961         123.312         546.859 
       0.809972         407.447         121.224         543.072 
       0.816124         405.083         119.178         537.397 
       0.822261         398.389         117.186         534.604 
       0.828378         397.174         115.246         530.669 
       0.834502         391.679         113.351         528.875 
       0.840667         387.946         111.487         524.891 
       0.846816         384.225         109.669         520.762 
       0.852925         378.311         107.902         517.784 
       0.859047          375.14          106.17         513.104 
       0.865192         372.417          104.47         510.016 
       0.871341         368.084         102.807         506.384 
       0.877463         363.278         101.188         503.432 
       0.883569          360.83           99.61          501.27 
       0.889708         356.818         98.0585         496.524 
       0.895864         353.117         96.5361         493.723 
       0.902008         349.766         95.0488         490.433 
       0.908149         347.396         93.5935         485.377 
       0.914301         343.328         92.1665         481.772 
       0.920448         339.103         90.7712         480.905 
       0.926574         337.012         89.4101         477.962 
       0.932687          333.44         88.0802         473.294 
       0.938823         329.324         86.7728         471.922 
       0.944975         324.428         85.4889         469.073 
       0.951105         323.718         84.2354         465.903 
       0.957225         319.197          83.009         462.655 
       0.963368         316.803         81.8028         459.815 
       0.969511          312.75         80.6209         456.807 
       0.975621         311.231         79.4694         454.319 
       0.981748         306.645          78.338          451.84 
       0.987916         304.439         77.2216         449.355 
        0.99406         300.907         76.1311         446.431 
        1.00019         297.118         75.0638         442.652 
        1.00632         295.138          74.018         440.061 
        1.01246         292.402         72.9909          437.43 
        1.01859         289.543         71.9852          434.69 
        1.02471           287.6         71.0001         432.302 
        1.03085         284.302         70.0302         430.831 
        1.03698         280.502         69.0805           429.1 
        1.04314         277.609         68.1442         425.571 
        1.04929          274.96          67.227         422.131 
        1.05541         272.063         66.3297         419.711 
        1.06154         270.025         65.4464         417.619 
        1.06769         267.132         64.5783         414.608 
        1.07382         264.672         63.7301         411.904 
        1.07993         261.573         62.9005         410.011 
        1.08607         259.203         62.0832         407.479 
        1.09222         256.969         61.2799         405.191 
        1.09836         253.739         60.4912         403.296 
        1.10449         252.093         59.7167         401.712 
        1.11063         249.018         58.9542         398.537 
        1.11677         246.852         58.2047         396.423 
         1.1229         243.634         57.4691         393.804 
        1.12903         241.588         56.7453          392.03 
        1.13518         239.585         56.0336         388.783 
        1.14131         236.799          55.335         387.644 
        1.14745         234.984         54.6494         384.581 
        1.15359         232.943         53.9759         383.382 
        1.15973         230.566          53.314         381.089 
        1.16584          228.77         52.6667         379.054 
        1.17197         226.666         52.0295         377.377 
        1.17811         224.628         51.4006         374.629 
        1.18424         222.031         50.7833         372.402 
        1.19038         219.708         50.1735          371.22 
        1.19652          218.13         49.5734         368.291 
        1.20267         216.133         48.9833         366.436 
        1.20881          213.55         48.4039         364.926 
        1.21495         211.118         47.8363         362.286 
        1.22108         209.311         47.2789         359.992 
         1.2272         207.728         46.7319         359.043 
        1.23334         205.189         46.1919         356.657 
        1.23949         203.172         45.6581         354.756 
        1.24562         201.129         45.1334         352.657 
        1.25174         200.298         44.6172         351.084 
        1.25789         197.355         44.1075         348.822 
        1.26402         195.754         43.6069         347.609 
        1.27014         194.545         43.1155         345.363 
        1.27628         191.801         42.6304         344.248 
        1.28244         189.328         42.1518         342.606 
        1.28858         188.306         41.6809         340.478 
        1.29471         186.301         41.2183         337.991 
        1.30084         184.757         40.7632         335.917 
        1.30697          183.12         40.3146         334.856 
        1.31312         181.156         39.8726         333.135 
        1.31925           179.8          39.439         331.159 
        1.32537         177.843         39.0126          329.19 
        1.33151         176.113         38.5911         327.926 
        1.33765         174.339         38.1759         326.362 
        1.34378         172.746         37.7675         324.073 
        1.34992         170.868         37.3645         322.575 
        1.35606         169.678         36.9663         320.656 
         1.3622         167.885         36.5745         319.517 
        1.36833         166.781         36.1891         318.305 
        1.37445          165.24         35.8094         315.793 
        1.38059         163.296          35.434         314.721 
        1.38675         161.392         35.0633         313.396 
        1.39288         160.288         34.6997         311.251 
        1.39901         158.898         34.3416         309.548 
        1.40515         157.412          33.988         308.017 
         1.4113         155.674         33.6394         306.267 
        1.41742         154.479         33.2967          304.59 
        1.42355         152.493         32.9578         303.438 
         1.4297         150.945         32.6223         301.328 
        1.43585         149.999         32.2915         300.584 
        1.44198         148.215         31.9668         298.765 
        1.44809         147.454         31.6477         297.196 
        1.45423         145.792         31.3323         295.329 
        1.46036         144.512         31.0223         294.105 
        1.46649         143.661         30.7165         292.844 
        1.47263         141.499         30.4145         291.054 
        1.47877         140.635         30.1163         289.253 
        1.48491         139.373         29.8212         287.663 
        1.49104         137.759         29.5304         286.676 
        1.49718         136.504          29.243         285.836 
        1.50333         135.209         28.9588         283.551 
        1.50947         133.867         28.6791         282.096 
         1.5156         133.133         28.4036         281.309 
        1.52172         131.763          28.132         279.836 
        1.52787         130.393         27.8635         278.436 
          1.534         129.274         27.5991         276.889 
        1.54013         128.111         27.3387         275.619 
        1.54627         127.021         27.0814         274.639 
        1.55241         125.701         26.8275         273.375 
        1.55855          124.69         26.5771         271.725 
        1.56467         123.556         26.3303         270.203 
         1.5708         122.276         26.0858         268.894 
