0.00783031 -5.45261
0.013688 -9.9184
0.019231 -14.7427
0.0249154 -20.2577
0.0312784 -24.6878
0.0375637 -28.9185
0.0433917 -33.6538
0.0492413 -35.978
0.0555754 -41.8406
0.0619321 -49.066
0.067871 -50.6796
0.0738098 -55.8788
0.0800417 -58.6078
0.0862327 -60.0589
0.0921407 -61.1002
0.0982031 -60.1949
0.104506 -62.3931
0.110769 -64.255
0.116806 -65.254
0.122832 -67.3737
0.129052 -68.1377
0.135211 -70.0293
0.141259 -73.3036
0.147318 -73.3751
0.153489 -72.4169
0.159709 -70.3168
0.165845 -71.1942
0.171974 -72.0463
0.178125 -71.0637
0.184229 -73.6264
0.19034 -74.1195
0.196428 -75.2457
0.202534 -75.8529
0.208729 -75.3567
0.214876 -73.1722
0.220989 -73.2033
0.227147 -74.3463
0.23329 -71.2521
0.239377 -73.3765
0.245482 -73.6334
0.251667 -72.4477
0.257832 -73.0246
0.263955 -71.8578
0.270079 -73.1477
0.27624 -69.9654
0.282372 -70.8354
0.28843 -71.1464
0.294538 -69.3382
0.300721 -70.0233
0.30691 -69.8894
0.313033 -68.5183
0.319153 -68.702
0.325316 -67.8398
0.33145 -68.7525
0.337538 -67.4945
0.343633 -67.2095
0.349808 -65.9021
0.355968 -65.3949
0.362074 -64.5885
0.368217 -66.171
0.374374 -63.8472
0.380519 -62.5226
0.386598 -62.392
0.392688 -62.2053
0.39888 -62.0674
0.405048 -60.8028
0.411186 -60.7904
0.417313 -60.4365
0.423458 -59.0109
0.429607 -58.7349
0.435692 -58.1301
0.441815 -57.8531
0.447964 -56.9227
0.454126 -57.9486
0.460267 -56.3366
0.466387 -55.9069
0.47254 -54.2269
0.478662 -53.6161
0.484765 -54.037
0.490885 -54.5724
0.497035 -53.5704
0.503198 -53.2372
0.509342 -52.6636
0.515458 -52.2229
0.521598 -51.6452
0.527764 -50.4896
0.533884 -50.4868
0.54 -50.583
0.546137 -49.3962
0.552299 -49.1847
0.558452 -48.5886
0.564573 -49.012
0.570708 -48.5763
0.576825 -48.0882
0.582926 -47.4711
0.589034 -46.9245
0.595184 -46.5749
0.601379 -46.1385
0.607522 -45.0632
0.613639 -45.1025
0.619772 -44.2707
0.625918 -43.9606
0.632068 -44.1074
0.638161 -43.5449
0.6443 -42.8371
0.650464 -42.4598
0.656582 -41.9538
0.662703 -41.5266
0.668861 -41.1232
0.675024 -41.3209
0.681124 -40.2133
0.687237 -40.4428
0.693381 -40.1161
0.699536 -39.2158
0.705665 -38.9512
0.711789 -38.613
0.717957 -38.7586
0.72409 -38.774
0.730186 -38.1818
0.736317 -37.1079
0.742472 -37.3413
0.748622 -37.2729
0.75476 -36.9107
0.760888 -36.5441
0.767043 -36.0631
0.773185 -35.1288
0.779291 -35.1409
0.785407 -35.2363
0.791564 -34.7169
0.797719 -34.1182
0.803834 -34
0.809972 -33.6307
0.816124 -33.4161
0.822261 -32.8266
0.828378 -33.2209
0.834502 -32.7282
0.840667 -32.6171
0.846816 -31.6838
0.852925 -32.1815
0.859047 -31.4321
0.865192 -31.7031
0.871341 -31.2433
0.877463 -30.4698
0.883569 -30.7292
0.889708 -30.4029
0.895864 -30.354
0.902008 -29.6694
0.908149 -29.5254
0.914301 -29.386
0.920448 -28.9534
0.926574 -29.0554
0.932687 -28.7188
0.938823 -28.2414
0.944975 -28.5764
0.951105 -28.3392
0.957225 -27.7803
0.963368 -27.646
0.969511 -27.9219
0.975621 -27.5647
0.981748 -27.5175
0.987916 -27.0318
0.99406 -27.2856
1.00019 -26.6712
1.00632 -26.5212
1.01246 -26.3401
1.01859 -25.8325
1.02471 -26.1475
1.03085 -25.9066
1.03698 -25.741
1.04314 -25.1982
1.04929 -25.1578
1.05541 -25.3662
1.06154 -25.168
1.06769 -25.3137
1.07382 -24.8112
1.07993 -24.7441
1.08607 -24.6347
1.09222 -23.8831
1.09836 -23.7903
1.10449 -23.9615
1.11063 -23.5996
1.11677 -23.6479
1.1229 -23.3923
1.12903 -23.2476
1.13518 -23.3681
1.14131 -22.9246
1.14745 -23.0947
1.15359 -22.4539
1.15973 -22.6576
1.16584 -22.8535
1.17197 -22.2832
1.17811 -22.1127
1.18424 -22.1609
1.19038 -22.3705
1.19652 -21.7568
1.20267 -21.9147
1.20881 -21.7874
1.21495 -21.4436
1.22108 -21.4967
1.2272 -21.4931
1.23334 -21.3114
1.23949 -20.73
1.24562 -21.1771
1.25174 -20.8958
1.25789 -20.8495
1.26402 -20.4888
1.27014 -20.597
1.27628 -20.4846
1.28244 -20.3559
1.28858 -20.252
1.29471 -20.4535
1.30084 -20.029
1.30697 -19.9706
1.31312 -19.7254
1.31925 -19.7371
1.32537 -19.67
1.33151 -19.6364
1.33765 -19.3823
1.34378 -19.7109
1.34992 -19.2219
1.35606 -19.4499
1.3622 -19.1019
1.36833 -19.096
1.37445 -18.914
1.38059 -18.9662
1.38675 -18.6414
1.39288 -18.6751
1.39901 -18.7915
1.40515 -18.5601
1.4113 -18.5018
1.41742 -18.0152
1.42355 -18.3992
1.4297 -18.0085
1.43585 -18.1829
1.44198 -18.0887
1.44809 -17.9711
1.45423 -18.0149
1.46036 -17.754
1.46649 -17.3253
1.47263 -17.8331
1.47877 -17.7049
1.48491 -17.5522
1.49104 -17.2608
1.49718 -17.1667
1.50333 -17.1977
1.50947 -16.8911
1.5156 -17.0225
1.52172 -17.0925
1.52787 -17.0638
1.534 -16.8167
1.54013 -16.6755
1.54627 -16.5397
1.55241 -16.5443
1.55855 -16.5649
1.56467 -16.5389
1.5708 -16.3053
