0.00783031 20481.3
0.013688 25622.7
0.019231 25280.9
0.0249154 23745.6
0.0312784 20361.5
0.0375637 17821.2
0.0433917 15753.9
0.0492413 13764.5
0.0555754 12586
0.0619321 12276.6
0.067871 11120
0.0738098 10488.7
0.0800417 9658.78
0.0862327 8700.59
0.0921407 7840.21
0.0982031 7213.83
0.104506 6791.82
0.110769 6403.62
0.116806 5936.21
0.122832 5745.64
0.129052 5427.73
0.135211 5240.72
0.141259 5138.31
0.147318 4802.84
0.153489 4544.54
0.159709 4268.91
0.165845 4203.5
0.171974 4072.12
0.178125 3855.41
0.184229 3736.35
0.19034 3680.65
0.196428 3605.85
0.202534 3482.77
0.208729 3392.78
0.214876 3217.14
0.220989 3120.84
0.227147 3100.41
0.23329 2942.72
0.239377 2969.8
0.245482 2883.39
0.251667 2774
0.257832 2721.67
0.263955 2651.17
0.270079 2618.91
0.27624 2510.15
0.282372 2494.92
0.28843 2468.75
0.294538 2366
0.300721 2354.08
0.30691 2306.92
0.313033 2268.74
0.319153 2227.97
0.325316 2181.15
0.33145 2174.94
0.337538 2091.28
0.343633 2084.92
0.349808 2043.08
0.355968 1996.87
0.362074 1972.15
0.368217 1967.76
0.374374 1908.34
0.380519 1870.46
0.386598 1855.58
0.392688 1825.62
0.39888 1797.34
0.405048 1763.29
0.411186 1759.1
0.417313 1735.46
0.423458 1712.04
0.429607 1682.68
0.435692 1647.84
0.441815 1638.53
0.447964 1604.83
0.454126 1597.06
0.460267 1557.23
0.466387 1545.35
0.47254 1516.88
0.478662 1495.28
0.484765 1484.68
0.490885 1471.67
0.497035 1452.43
0.503198 1443.8
0.509342 1426.09
0.515458 1399.89
0.521598 1387.13
0.527764 1365.19
0.533884 1358.68
0.54 1347.36
0.546137 1313.05
0.552299 1304.78
0.558452 1286.42
0.564573 1279.8
0.570708 1269.53
0.576825 1255.12
0.582926 1240.21
0.589034 1218.42
0.595184 1213.05
0.601379 1202.52
0.607522 1178.74
0.613639 1171.39
0.619772 1157.87
0.625918 1149.29
0.632068 1138.76
0.638161 1118.73
0.6443 1109.57
0.650464 1096.23
0.656582 1085.98
0.662703 1073.81
0.668861 1061.63
0.675024 1054.61
0.681124 1036.04
0.687237 1035
0.693381 1020.92
0.699536 1008.48
0.705665 994.804
0.711789 986.94
0.717957 990.546
0.72409 969.589
0.730186 957.875
0.736317 949.925
0.742472 943.341
0.748622 933.858
0.75476 925.879
0.760888 916.814
0.767043 906.659
0.773185 893.808
0.779291 887.677
0.785407 878.701
0.791564 875.535
0.797719 861.484
0.803834 858.567
0.809972 849.189
0.816124 838.758
0.822261 830.963
0.828378 823.796
0.834502 815.238
0.840667 810.391
0.846816 798.566
0.852925 796.02
0.859047 787.013
0.865192 783.651
0.871341 771.837
0.877463 764.374
0.883569 760.638
0.889708 754.754
0.895864 746.173
0.902008 738.613
0.908149 732.902
0.914301 726.181
0.920448 717.858
0.926574 715.254
0.932687 707.002
0.938823 698.073
0.944975 692.474
0.951105 686.84
0.957225 681.118
0.963368 674.225
0.969511 670.604
0.975621 664.677
0.981748 660.223
0.987916 650.668
0.99406 648.505
1.00019 642.08
1.00632 636.152
1.01246 630.325
1.01859 624.199
1.02471 618.827
1.03085 615.383
1.03698 606.707
1.04314 602.456
1.04929 597.252
1.05541 593.859
1.06154 591.326
1.06769 584.358
1.07382 577.68
1.07993 574.205
1.08607 569.394
1.09222 563.697
1.09836 556.828
1.10449 554.584
1.11063 548.849
1.11677 543.312
1.1229 539.004
1.12903 533.613
1.13518 531.443
1.14131 525.898
1.14745 521.638
1.15359 517.002
1.15973 515.055
1.16584 510.031
1.17197 506.251
1.17811 501.467
1.18424 497.306
1.19038 493.929
1.19652 489.733
1.20267 485.238
1.20881 480.738
1.21495 476.921
1.22108 472.409
1.2272 470.772
1.23334 465.456
1.23949 461.084
1.24562 459.323
1.25174 455.082
1.25789 450.09
1.26402 445.941
1.27014 443.231
1.27628 440.76
1.28244 437.08
1.28858 432.254
1.29471 431.213
1.30084 427.137
1.30697 423.346
1.31312 419.02
1.31925 416.863
1.32537 413.51
1.33151 411.223
1.33765 407.523
1.34378 405.411
1.34992 400.708
1.35606 397.773
1.3622 395.562
1.36833 391.758
1.37445 388.94
1.38059 385.624
1.38675 381.928
1.39288 379.028
1.39901 378.042
1.40515 374.707
1.4113 370.743
1.41742 367.383
1.42355 366.364
1.4297 362.543
1.43585 361.333
1.44198 358.309
1.44809 355.102
1.45423 353.403
1.46036 350.454
1.46649 346.33
1.47263 345.712
1.47877 341.776
1.48491 339.482
1.49104 337.278
1.49718 335.023
1.50333 331.317
1.50947 329.482
1.5156 326.796
1.52172 326.385
1.52787 323.21
1.534 320.214
1.54013 317.389
1.54627 314.927
1.55241 313.273
1.55855 311.247
1.56467 308.515
1.5708 306.262
