0.00783031 0.28145
0.013688 0.649748
0.019231 0.670082
0.0249154 1.79105
0.0312784 1.5958
0.0375637 0.852743
0.0433917 2.6226
0.0492413 2.1987
0.0555754 1.30262
0.0619321 3.55335
0.067871 2.62412
0.0738098 5.17621
0.0800417 7.52414
0.0862327 7.42844
0.0921407 8.13815
0.0982031 5.28805
0.104506 8.43144
0.110769 11.0966
0.116806 7.4085
0.122832 9.13637
0.129052 8.47141
0.135211 10.629
0.141259 9.72019
0.147318 9.25233
0.153489 11.4834
0.159709 8.77016
0.165845 8.82034
0.171974 10.3982
0.178125 12.1339
0.184229 8.73892
0.19034 10.8586
0.196428 11.4478
0.202534 12.671
0.208729 12.5127
0.214876 12.5487
0.220989 11.4869
0.227147 11.3202
0.23329 9.82112
0.239377 8.70969
0.245482 10.1023
0.251667 11.8806
0.257832 9.76368
0.263955 7.28525
0.270079 7.26152
0.27624 7.38049
0.282372 8.73519
0.28843 6.74188
0.294538 7.46453
0.300721 6.87493
0.30691 5.17994
0.313033 5.25589
0.319153 6.77106
0.325316 6.5074
0.33145 5.04141
0.337538 2.61344
0.343633 2.68326
0.349808 4.40884
0.355968 5.12115
0.362074 5.71437
0.368217 1.89832
0.374374 3.25658
0.380519 3.04138
0.386598 2.54475
0.392688 2.2865
0.39888 0.748203
0.405048 -1.54203
0.411186 0.462069
0.417313 0.595949
0.423458 -0.835155
0.429607 -3.50336
0.435692 -0.647619
0.441815 -3.55382
0.447964 -2.4103
0.454126 -3.69292
0.460267 -3.73039
0.466387 -4.90601
0.47254 -5.36109
0.478662 -7.93785
0.484765 -5.02277
0.490885 -7.19061
0.497035 -6.56248
0.503198 -9.02355
0.509342 -9.69819
0.515458 -8.25661
0.521598 -10.2819
0.527764 -7.94802
0.533884 -9.95114
0.54 -10.2478
0.546137 -11.6032
0.552299 -9.73763
0.558452 -13.2493
0.564573 -12.3191
0.570708 -11.8045
0.576825 -13.5364
0.582926 -14.0445
0.589034 -13.7906
0.595184 -16.1065
0.601379 -14.5473
0.607522 -16.1035
0.613639 -16.6319
0.619772 -18.3867
0.625918 -16.7761
0.632068 -17.4039
0.638161 -16.772
0.6443 -17.2603
0.650464 -19.4811
0.656582 -20.2523
0.662703 -18.826
0.668861 -19.9271
0.675024 -20.3454
0.681124 -19.8912
0.687237 -22.1698
0.693381 -19.811
0.699536 -21.4693
0.705665 -23.5463
0.711789 -21.7847
0.717957 -22.1675
0.72409 -24.5219
0.730186 -23.0521
0.736317 -25.4872
0.742472 -25.5193
0.748622 -26.0576
0.75476 -25.4058
0.760888 -26.7303
0.767043 -28.2954
0.773185 -26.3703
0.779291 -25.8389
0.785407 -27.5849
0.791564 -27.2544
0.797719 -27.7174
0.803834 -27.7382
0.809972 -27.997
0.816124 -28.2213
0.822261 -30.2663
0.828378 -27.8147
0.834502 -29.4347
0.840667 -30.3387
0.846816 -31.4721
0.852925 -28.567
0.859047 -29.8413
0.865192 -30.7558
0.871341 -31.8769
0.877463 -30.7251
0.883569 -31.9661
0.889708 -32.5326
0.895864 -32.9411
0.902008 -31.5248
0.908149 -32.3223
0.914301 -33.6042
0.920448 -32.5897
0.926574 -35.6133
0.932687 -34.0705
0.938823 -32.8309
0.944975 -35.3699
0.951105 -35.352
0.957225 -34.2058
0.963368 -34.6846
0.969511 -35.3213
0.975621 -36.1114
0.981748 -37.3836
0.987916 -35.4391
0.99406 -36.4355
1.00019 -37.8388
1.00632 -37.4106
1.01246 -36.8222
1.01859 -37.4296
1.02471 -37.4856
1.03085 -36.6609
1.03698 -37.6908
1.04314 -39.1844
1.04929 -38.5588
1.05541 -38.7688
1.06154 -37.8473
1.06769 -38.9743
1.07382 -39.8294
1.07993 -39.1129
1.08607 -38.7039
1.09222 -39.7713
1.09836 -39.0979
1.10449 -38.2099
1.11063 -39.7191
1.11677 -40.7685
1.1229 -39.1778
1.12903 -39.5246
1.13518 -39.0254
1.14131 -41.2498
1.14745 -39.7004
1.15359 -38.8133
1.15973 -40.6116
1.16584 -40.0735
1.17197 -40.5462
1.17811 -40.4028
1.18424 -42.814
1.19038 -40.5991
1.19652 -40.5471
1.20267 -41.0274
1.20881 -41.4637
1.21495 -42.1097
1.22108 -40.9
1.2272 -40.5894
1.23334 -41.3358
1.23949 -41.0751
1.24562 -39.5312
1.25174 -43.1104
1.25789 -40.3611
1.26402 -40.0592
1.27014 -40.9864
1.27628 -40.6635
1.28244 -41.645
1.28858 -42.6542
1.29471 -40.9838
1.30084 -42.171
1.30697 -42.7354
1.31312 -40.7721
1.31925 -42.6795
1.32537 -42.044
1.33151 -41.3939
1.33765 -41.7083
1.34378 -41.7018
1.34992 -43.056
1.35606 -41.6249
1.3622 -41.3663
1.36833 -43.6798
1.37445 -42.2436
1.38059 -42.9911
1.38675 -43.303
1.39288 -44.3527
1.39901 -42.6734
1.40515 -42.4934
1.4113 -43.2745
1.41742 -42.5644
1.42355 -42.5409
1.4297 -42.3152
1.43585 -42.0647
1.44198 -42.6541
1.44809 -42.5309
1.45423 -42.4307
1.46036 -43.3349
1.46649 -43.0926
1.47263 -42.2973
1.47877 -43.5178
1.48491 -42.7469
1.49104 -42.9191
1.49718 -43.3099
1.50333 -43.2507
1.50947 -42.8057
1.5156 -43.9586
1.52172 -41.9733
1.52787 -42.5988
1.534 -42.3307
1.54013 -42.9111
1.54627 -42.6223
1.55241 -43.0727
1.55855 -41.4922
1.56467 -42.6688
1.5708 -42.4074
