0.00783031 1196.93
0.013688 620.468
0.019231 -1645.33
0.0249154 1328.01
0.0312784 63.1992
0.0375637 689.957
0.0433917 734.812
0.0492413 1286.96
0.0555754 914.295
0.0619321 1130.22
0.067871 1138.86
0.0738098 1099.17
0.0800417 1967.86
0.0862327 1607.92
0.0921407 1522.57
0.0982031 1551.75
0.104506 1671.18
0.110769 1681.64
0.116806 1652.24
0.122832 1642.26
0.129052 1904.86
0.135211 1794.38
0.141259 1702.29
0.147318 1929.23
0.153489 1953.52
0.159709 1892.95
0.165845 2043.11
0.171974 1943.56
0.178125 2036.95
0.184229 1946.65
0.19034 1912.36
0.196428 1940.56
0.202534 1954.31
0.208729 1925.48
0.214876 2005.26
0.220989 1999
0.227147 1952.21
0.23329 1950.05
0.239377 2011.77
0.245482 1980.44
0.251667 1990.15
0.257832 1940.94
0.263955 1969.11
0.270079 1956.96
0.27624 1988.72
0.282372 2020.41
0.28843 1993.74
0.294538 1922.89
0.300721 1952.02
0.30691 1959.18
0.313033 1997.8
0.319153 1951.86
0.325316 1953.59
0.33145 1955.04
0.337538 1974.78
0.343633 1948.38
0.349808 1947.87
0.355968 1938.78
0.362074 1956.1
0.368217 1983.06
0.374374 1932.64
0.380519 1967.73
0.386598 1945.45
0.392688 1967.97
0.39888 1968.44
0.405048 1948.39
0.411186 1924.29
0.417313 1911.99
0.423458 1922.8
0.429607 1932.81
0.435692 1892.31
0.441815 1906.74
0.447964 1925.1
0.454126 1901.02
0.460267 1902.33
0.466387 1883.64
0.47254 1899.44
0.478662 1849.85
0.484765 1871.67
0.490885 1853.62
0.497035 1868.83
0.503198 1862.82
0.509342 1846.3
0.515458 1847.6
0.521598 1831.21
0.527764 1827.73
0.533884 1837
0.54 1826
0.546137 1811.8
0.552299 1813.74
0.558452 1801.02
0.564573 1816.78
0.570708 1790.56
0.576825 1790.38
0.582926 1790.93
0.589034 1767.91
0.595184 1794.2
0.601379 1765.91
0.607522 1769.54
0.613639 1759.73
0.619772 1752.17
0.625918 1740.33
0.632068 1742.58
0.638161 1744.96
0.6443 1742.49
0.650464 1736.64
0.656582 1725.35
0.662703 1708.74
0.668861 1703.71
0.675024 1714.98
0.681124 1706.43
0.687237 1702.21
0.693381 1687.74
0.699536 1680.75
0.705665 1677.38
0.711789 1675.85
0.717957 1675.11
0.72409 1661.56
0.730186 1659.8
0.736317 1643.3
0.742472 1650.7
0.748622 1637.42
0.75476 1641.28
0.760888 1622.93
0.767043 1629.38
0.773185 1613.08
0.779291 1609.32
0.785407 1598.02
0.791564 1608.73
0.797719 1592.89
0.803834 1589.98
0.809972 1592.35
0.816124 1582.05
0.822261 1576.51
0.828378 1562.73
0.834502 1566.51
0.840667 1558.51
0.846816 1554.76
0.852925 1548.04
0.859047 1536.54
0.865192 1531.54
0.871341 1522.17
0.877463 1525.95
0.883569 1516.56
0.889708 1511.4
0.895864 1509.18
0.902008 1506.71
0.908149 1486.81
0.914301 1486.45
0.920448 1488.89
0.926574 1479.11
0.932687 1479.61
0.938823 1470.89
0.944975 1465.35
0.951105 1460.58
0.957225 1448.53
0.963368 1448.57
0.969511 1446.6
0.975621 1436.35
0.981748 1431.65
0.987916 1428.95
0.99406 1430.54
1.00019 1420.95
1.00632 1416.28
1.01246 1405.5
1.01859 1399.81
1.02471 1392.1
1.03085 1383.97
1.03698 1387.89
1.04314 1377.76
1.04929 1369.53
1.05541 1371.01
1.06154 1363.75
1.06769 1350.85
1.07382 1353.2
1.07993 1341.61
1.08607 1335.38
1.09222 1336.76
1.09836 1332.66
1.10449 1322.77
1.11063 1317.17
1.11677 1309.06
1.1229 1307.06
1.12903 1308.39
1.13518 1301.5
1.14131 1296.86
1.14745 1287.16
1.15359 1281.14
1.15973 1272.73
1.16584 1271.73
1.17197 1267.4
1.17811 1266.57
1.18424 1261.86
1.19038 1253.55
1.19652 1251.61
1.20267 1241.79
1.20881 1241.05
1.21495 1233.08
1.22108 1223.48
1.2272 1226.65
1.23334 1216.58
1.23949 1216.81
1.24562 1203.16
1.25174 1197.27
1.25789 1199.57
1.26402 1194.1
1.27014 1186.99
1.27628 1178.44
1.28244 1178.9
1.28858 1171.16
1.29471 1170.97
1.30084 1164.91
1.30697 1157.92
1.31312 1151.5
1.31925 1145.09
1.32537 1144.06
1.33151 1142.94
1.33765 1134.34
1.34378 1129.9
1.34992 1127.39
1.35606 1124.98
1.3622 1115.96
1.36833 1111.67
1.37445 1108.91
1.38059 1101.87
1.38675 1099.47
1.39288 1094.05
1.39901 1089.22
1.40515 1077.89
1.4113 1076.51
1.41742 1077.64
1.42355 1073.85
1.4297 1064.89
1.43585 1060.24
1.44198 1055.08
1.44809 1054.7
1.45423 1047.61
1.46036 1045.6
1.46649 1040.41
1.47263 1033.38
1.47877 1032.18
1.48491 1024.02
1.49104 1022.67
1.49718 1016.82
1.50333 1013.15
1.50947 1007.13
1.5156 1008.4
1.52172 1001.32
1.52787 992.544
1.534 990.501
1.54013 991.408
1.54627 985.851
1.55241 982.389
1.55855 975.267
1.56467 971.959
1.5708 970.282
