0.00783031 1158.85
0.013688 527.794
0.019231 -1787.93
0.0249154 1139.26
0.0312784 -137.594
0.0375637 372.821
0.0433917 348.571
0.0492413 877.595
0.0555754 385.32
0.0619321 587.268
0.067871 571.32
0.0738098 486.558
0.0800417 1316.51
0.0862327 915.454
0.0921407 837.556
0.0982031 841.784
0.104506 958.272
0.110769 964.47
0.116806 930.565
0.122832 913.415
0.129052 1098.13
0.135211 1021.53
0.141259 924.854
0.147318 1122.16
0.153489 1170.82
0.159709 1095.4
0.165845 1206.66
0.171974 1151.26
0.178125 1213.69
0.184229 1134.45
0.19034 1111.59
0.196428 1130.5
0.202534 1152.3
0.208729 1117.37
0.214876 1184.61
0.220989 1178.2
0.227147 1159.09
0.23329 1139.73
0.239377 1203.51
0.245482 1168.68
0.251667 1181.15
0.257832 1145.27
0.263955 1162.79
0.270079 1159.56
0.27624 1175.33
0.282372 1200.34
0.28843 1178.87
0.294538 1141.67
0.300721 1154.03
0.30691 1152.23
0.313033 1186.95
0.319153 1153.6
0.325316 1149.18
0.33145 1159.3
0.337538 1165.61
0.343633 1151.93
0.349808 1146.66
0.355968 1141.16
0.362074 1154.62
0.368217 1166.11
0.374374 1134.85
0.380519 1160.66
0.386598 1141.77
0.392688 1157.38
0.39888 1158.32
0.405048 1143.38
0.411186 1125.13
0.417313 1118.42
0.423458 1121.77
0.429607 1130.43
0.435692 1101.97
0.441815 1109.8
0.447964 1120.52
0.454126 1104.27
0.460267 1102.76
0.466387 1089.99
0.47254 1101.13
0.478662 1070.49
0.484765 1081.13
0.490885 1068.13
0.497035 1080.64
0.503198 1072.08
0.509342 1060.43
0.515458 1062.34
0.521598 1050.3
0.527764 1048.64
0.533884 1051.32
0.54 1043.1
0.546137 1032.21
0.552299 1034.41
0.558452 1025.18
0.564573 1034.56
0.570708 1017.15
0.576825 1016.11
0.582926 1014.49
0.589034 999.513
0.595184 1015.14
0.601379 996.31
0.607522 997.185
0.613639 991.287
0.619772 984.68
0.625918 975.445
0.632068 975.691
0.638161 978.062
0.6443 974.91
0.650464 969.895
0.656582 961.617
0.662703 950.005
0.668861 946.488
0.675024 952.641
0.681124 945.266
0.687237 942.015
0.693381 932.941
0.699536 927.139
0.705665 924.311
0.711789 921.218
0.717957 921.624
0.72409 910.583
0.730186 909.004
0.736317 898.747
0.742472 902.385
0.748622 893.027
0.75476 892.913
0.760888 881.853
0.767043 884.58
0.773185 873.337
0.779291 871.003
0.785407 863.844
0.791564 867.266
0.797719 858.201
0.803834 854.865
0.809972 855.524
0.816124 847.921
0.822261 843.639
0.828378 834.822
0.834502 836.367
0.840667 830.105
0.846816 827.038
0.852925 822.423
0.859047 814.787
0.865192 810.294
0.871341 804.014
0.877463 805.573
0.883569 798.721
0.889708 794.712
0.895864 792.428
0.902008 789.808
0.908149 777.293
0.914301 775.779
0.920448 776.701
0.926574 769.424
0.932687 769.326
0.938823 763.583
0.944975 758.82
0.951105 754.834
0.957225 747.158
0.963368 746.693
0.969511 743.981
0.975621 737.831
0.981748 733.626
0.987916 731.309
0.99406 730.64
1.00019 724.96
1.00632 720.894
1.01246 714.129
1.01859 709.799
1.02471 704.764
1.03085 698.945
1.03698 699.438
1.04314 693.952
1.04929 687.89
1.05541 687.855
1.06154 682.821
1.06769 675.322
1.07382 675.484
1.07993 668.046
1.08607 663.618
1.09222 663.479
1.09836 660.052
1.10449 653.855
1.11063 650.196
1.11677 644.982
1.1229 642.412
1.12903 641.904
1.13518 637.363
1.14131 634.21
1.14745 628.167
1.15359 623.938
1.15973 618.338
1.16584 617.261
1.17197 613.728
1.17811 612.113
1.18424 608.736
1.19038 603.3
1.19652 601.37
1.20267 595.642
1.20881 594.336
1.21495 588.929
1.22108 583.189
1.2272 584.154
1.23334 577.731
1.23949 577.321
1.24562 569.498
1.25174 565.372
1.25789 565.402
1.26402 561.745
1.27014 557.257
1.27628 551.906
1.28244 551.236
1.28858 546.527
1.29471 545.647
1.30084 541.821
1.30697 537.606
1.31312 533.097
1.31925 529.284
1.32537 527.834
1.33151 526.062
1.33765 521.378
1.34378 518.174
1.34992 516.127
1.35606 513.87
1.3622 508.745
1.36833 505.552
1.37445 503.558
1.38059 499.006
1.38675 497.571
1.39288 493.805
1.39901 490.594
1.40515 484.241
1.4113 482.829
1.41742 482.38
1.42355 479.962
1.4297 474.7
1.43585 471.505
1.44198 468.397
1.44809 467.294
1.45423 463.56
1.46036 461.471
1.46649 458.255
1.47263 454.186
1.47877 452.558
1.48491 448.248
1.49104 446.614
1.49718 443.361
1.50333 440.86
1.50947 437.34
1.5156 436.954
1.52172 433.088
1.52787 428.119
1.534 426.488
1.54013 426.213
1.54627 422.904
1.55241 420.517
1.55855 416.528
1.56467 414.141
1.5708 412.568
