#  k  (h/Mpc)          P(k)  (Mpc/h)^3     P_linear(k)   P_NL(k) (Mpc/h)^3
     0.00783031         20391.2         20513.5           20402 
       0.013688         25128.3         25365.8         25170.4 
       0.019231         25132.7         25635.4         25378.2 
      0.0249154         23396.8         23617.7         23341.1 
      0.0312784         19914.1         20361.8         20072.2 
      0.0375637           17047         17287.6         17029.1 
      0.0433917         14667.3         15046.4         14768.3 
      0.0492413           13280         13439.5         13172.6 
      0.0555754         11961.8         12280.2         12034.8 
      0.0619321         10755.1         11423.3         11182.2 
       0.067871         10250.8         10674.3         10455.7 
      0.0738098         9495.49         9842.08         9530.37 
      0.0800417         8897.46         8856.08         8604.23 
      0.0862327         7741.53         7841.33          7739.8 
      0.0921407         6756.64         6940.55         6884.81 
      0.0982031         6153.86         6164.83         6243.98 
       0.104506         5740.66         5561.75         5737.32 
       0.110769         5266.08         5155.89         5263.08 
       0.116806         5005.36         4889.47         4964.46 
       0.122832         4785.34         4677.07         4752.13 
       0.129052         4391.88         4453.97         4522.27 
       0.135211         4253.15         4193.92         4269.83 
       0.141259         3979.47         3896.12         4050.54 
       0.147318          3664.2         3576.26         3807.16 
       0.153489         3570.87          3260.5         3472.32 
       0.159709         3281.36         2982.04         3265.67 
       0.165845         3091.93         2764.14         3130.37 
       0.171974         2952.51         2604.93         2961.41 
       0.178125         2822.57          2488.7         2879.78 
       0.184229         2659.67          2396.6         2743.09 
        0.19034         2597.08         2308.28         2640.78 
       0.196428         2457.21         2211.01            2533 
       0.202534         2380.08         2098.34         2448.32 
       0.208729         2233.57         1971.83          2315.9 
       0.214876         2185.75         1845.05         2253.38 
       0.220989         2081.97         1727.42         2179.44 
       0.227147         2056.15          1625.3         2105.71 
        0.23329         1923.85          1542.2         2040.86 
       0.239377         1871.19         1476.79         1962.14 
       0.245482         1827.11         1423.17         1881.11 
       0.251667         1791.67         1374.77          1839.5 
       0.257832         1678.34         1326.38         1781.24 
       0.263955         1645.82         1274.55         1732.73 
       0.270079         1614.98         1218.63         1683.96 
        0.27624         1556.51         1160.63         1632.19 
       0.282372         1521.23         1104.16         1604.22 
        0.28843         1484.51         1052.29         1569.55 
       0.294538         1427.85         1005.98         1521.93 
       0.300721         1379.41         965.772         1476.82 
        0.30691         1336.33         931.185         1457.29 
       0.313033         1332.82         900.669         1412.21 
       0.319153          1301.1         871.904         1373.99 
       0.325316         1260.56         843.127         1354.28 
        0.33145         1233.11         813.802         1308.65 
       0.337538         1213.68         783.968         1289.04 
       0.343633         1188.34         754.209         1273.23 
       0.349808         1149.39         725.137         1252.72 
       0.355968         1129.34         698.007         1228.96 
       0.362074         1111.31         673.396         1205.73 
       0.368217         1096.05         651.053         1177.75 
       0.374374         1061.15         630.664         1155.05 
       0.380519         1046.47         611.687         1134.08 
       0.386598         1031.16         593.734         1119.14 
       0.392688         1017.05         576.093         1099.03 
        0.39888         1001.21         558.266         1080.83 
       0.405048          965.35         540.636         1062.65 
       0.411186         949.888         523.443         1045.26 
       0.417313         928.158         506.946         1032.01 
       0.423458         921.011         491.257         1012.47 
       0.429607         907.524         476.511         996.142 
       0.435692         885.525         462.871         974.373 
       0.441815         873.898          450.01         971.353 
       0.447964         860.865         437.712         961.022 
       0.454126         839.752         425.821         934.613 
       0.460267         826.154         414.316         932.964 
       0.466387         811.044         403.106         917.372 
        0.47254         809.344         392.064         904.495 
       0.478662         789.183          381.36         891.387 
       0.484765         779.697         371.082         882.092 
       0.490885         764.805         361.225         865.542 
       0.497035         760.668         351.758         858.122 
       0.503198         744.757         342.709         848.092 
       0.509342          735.63         334.099         833.605 
       0.515458         724.318         325.875         827.949 
       0.521598         715.591         317.898         819.807 
       0.527764         706.224         310.109         812.946 
       0.533884         697.007         302.587         804.268 
           0.54         685.696         295.284         794.874 
       0.546137         671.121         288.166         786.409 
       0.552299         668.475         281.241         775.648 
       0.558452         654.417         274.572         769.557 
       0.564573         652.807         268.183         762.401 
       0.570708         638.667         262.019         752.148 
       0.576825         632.676         256.088         743.076 
       0.582926         622.469         250.362         738.298 
       0.589034         611.512           244.8         728.032 
       0.595184          612.71         239.361         720.603 
       0.601379         600.074         234.048         714.925 
       0.607522         594.892         228.943         704.237 
       0.613639         584.542         224.008         701.679 
       0.619772         577.774         219.199         699.531 
       0.625918         568.055         214.523           690.2 
       0.632068          564.78         209.989         686.291 
       0.638161         559.545          205.63         676.345 
         0.6443         554.626         201.363         670.277 
       0.650464         547.652         197.204         662.339 
       0.656582         538.482         193.195         658.243 
       0.662703         528.297         189.299         653.513 
       0.668861         525.688         185.491         650.291 
       0.675024         523.607         181.786         645.456 
       0.681124         513.784         178.221         636.687 
       0.687237         509.119         174.746         631.235 
       0.693381         502.938         171.349         625.446 
       0.699536         494.855         168.039         621.256 
       0.705665         490.858         164.831         613.993 
       0.711789         485.954         161.707         609.356 
       0.717957         482.998         158.644         608.165 
        0.72409         473.383         155.679         602.232 
       0.730186         469.203          152.81         595.922 
       0.736317         461.768         150.001         592.075 
       0.742472         461.531         147.254         588.343 
       0.748622         454.286         144.576          582.11 
        0.75476         449.015         141.968         582.029 
       0.760888         443.018         139.429           575.8 
       0.767043          440.05         136.944         568.615 
       0.773185         432.166         134.528         565.263 
       0.779291         430.638         132.185         560.659 
       0.785407         424.174         129.892         557.459 
       0.791564         420.924         127.639         555.564 
       0.797719         416.345         125.442         550.541 
       0.803834         411.947         123.312         546.859 
       0.809972         409.897         121.224         543.072 
       0.816124         403.142         119.178         537.397 
       0.822261         400.989         117.186         534.604 
       0.828378         394.174         115.246         530.669 
       0.834502         391.677         113.351         528.875 
       0.840667          387.86         111.487         524.891 
       0.846816         382.718         109.669         520.762 
       0.852925         380.206         107.902         517.784 
       0.859047         373.612          106.17         513.104 
       0.865192          370.77          104.47         510.016 
       0.871341         366.869         102.807         506.384 
       0.877463         364.366         101.188         503.432 
       0.883569         360.336           99.61          501.27 
       0.889708         355.505         98.0585         496.524 
       0.895864         353.395         96.5361         493.723 
       0.902008         349.869         95.0488         490.433 
       0.908149         344.442         93.5935         485.377 
       0.914301         341.613         92.1665         481.772 
       0.920448         339.782         90.7712         480.905 
       0.926574         335.065         89.4101         477.962 
       0.932687          333.57         88.0802         473.294 
       0.938823         329.592         86.7728         471.922 
       0.944975         325.804         85.4889         469.073 
       0.951105         322.436         84.2354         465.903 
       0.957225         317.529          83.009         462.655 
       0.963368         316.333         81.8028         459.815 
       0.969511         312.947         80.6209         456.807 
       0.975621         309.411         79.4694         454.319 
       0.981748         306.832          78.338          451.84 
       0.987916         303.724         77.2216         449.355 
        0.99406         301.665         76.1311         446.431 
        1.00019          298.57         75.0638         442.652 
        1.00632         294.968          74.018         440.061 
        1.01246         291.753         72.9909          437.43 
        1.01859         288.675         71.9852          434.69 
        1.02471         286.395         71.0001         432.302 
        1.03085           281.9         70.0302         430.831 
        1.03698          280.25         69.0805           429.1 
        1.04314         277.495         68.1442         425.571 
        1.04929         273.547          67.227         422.131 
        1.05541         272.719         66.3297         419.711 
        1.06154         269.256         65.4464         417.619 
        1.06769         266.163         64.5783         414.608 
        1.07382         264.582         63.7301         411.904 
        1.07993         260.485         62.9005         410.011 
        1.08607          257.26         62.0832         407.479 
        1.09222         256.542         61.2799         405.191 
        1.09836         253.842         60.4912         403.296 
        1.10449         250.932         59.7167         401.712 
        1.11063         248.584         58.9542         398.537 
        1.11677         245.961         58.2047         396.423 
         1.1229         243.949         57.4691         393.804 
        1.12903         242.142         56.7453          392.03 
        1.13518         239.668         56.0336         388.783 
        1.14131         237.369          55.335         387.644 
        1.14745         234.858         54.6494         384.581 
        1.15359         231.965         53.9759         383.382 
        1.15973         229.185          53.314         381.089 
        1.16584         228.004         52.6667         379.054 
        1.17197         225.679         52.0295         377.377 
        1.17811         223.645         51.4006         374.629 
        1.18424          221.71         50.7833         372.402 
        1.19038         218.822         50.1735          371.22 
        1.19652         217.177         49.5734         368.291 
        1.20267         214.829         48.9833         366.436 
        1.20881         213.482         48.4039         364.926 
        1.21495         210.475         47.8363         362.286 
        1.22108         207.743         47.2789         359.992 
         1.2272         207.172         46.7319         359.043 
        1.23334         204.129         46.1919         356.657 
        1.23949         203.637         45.6581         354.756 
        1.24562         200.516         45.1334         352.657 
        1.25174         197.827         44.6172         351.084 
        1.25789         196.601         44.1075         348.822 
        1.26402         195.159         43.6069         347.609 
        1.27014         192.535         43.1155         345.363 
        1.27628         190.288         42.6304         344.248 
        1.28244         189.252         42.1518         342.606 
        1.28858         187.013         41.6809         340.478 
        1.29471         185.754         41.2183         337.991 
        1.30084         183.781         40.7632         335.917 
        1.30697         182.257         40.3146         334.856 
        1.31312         179.973         39.8726         333.135 
        1.31925         178.306          39.439         331.159 
        1.32537          176.79         39.0126          329.19 
        1.33151         175.692         38.5911         327.926 
        1.33765         173.315         38.1759         326.362 
        1.34378         171.929         37.7675         324.073 
        1.34992         170.375         37.3645         322.575 
        1.35606         169.031         36.9663         320.656 
         1.3622         166.931         36.5745         319.517 
        1.36833          165.14         36.1891         318.305 
        1.37445         163.959         35.8094         315.793 
        1.38059          162.08          35.434         314.721 
        1.38675         160.851         35.0633         313.396 
        1.39288         159.117         34.6997         311.251 
        1.39901         157.531         34.3416         309.548 
        1.40515         155.003          33.988         308.017 
         1.4113           154.1         33.6394         306.267 
        1.41742         153.376         33.2967          304.59 
        1.42355         151.922         32.9578         303.438 
         1.4297         149.974         32.6223         301.328 
        1.43585         148.423         32.2915         300.584 
        1.44198         147.084         31.9668         298.765 
        1.44809         146.143         31.6477         297.196 
        1.45423         144.346         31.3323         295.329 
        1.46036         143.316         31.0223         294.105 
        1.46649         141.819         30.7165         292.844 
        1.47263         140.206         30.4145         291.054 
        1.47877          139.03         30.1163         289.253 
        1.48491         137.611         29.8212         287.663 
        1.49104         136.409         29.5304         286.676 
        1.49718         135.008          29.243         285.836 
        1.50333         133.722         28.9588         283.551 
        1.50947         132.454         28.6791         282.096 
         1.5156         131.566         28.4036         281.309 
        1.52172         130.124          28.132         279.836 
        1.52787         128.411         27.8635         278.436 
          1.534         127.435         27.5991         276.889 
        1.54013         126.736         27.3387         275.619 
        1.54627         125.332         27.0814         274.639 
        1.55241           124.4         26.8275         273.375 
        1.55855         122.738         26.5771         271.725 
        1.56467          121.86         26.3303         270.203 
         1.5708         120.836         26.0858         268.894 
