0.00783031 5084.26
0.013688 1050.21
0.019231 1013.91
0.0249154 1844.78
0.0312784 1460.88
0.0375637 27.528
0.0433917 1251.96
0.0492413 1092.34
0.0555754 208.455
0.0619321 629.881
0.067871 1096.83
0.0738098 1497.29
0.0800417 1019.96
0.0862327 1352.06
0.0921407 1303.13
0.0982031 1739.44
0.104506 1647.19
0.110769 1645.12
0.116806 1775.62
0.122832 1747.15
0.129052 1707.25
0.135211 1892.69
0.141259 1909.13
0.147318 1805.5
0.153489 1784.28
0.159709 1899.73
0.165845 1920.61
0.171974 1951.7
0.178125 2070.01
0.184229 1911.07
0.19034 1929.71
0.196428 2064.24
0.202534 1995.5
0.208729 1959.35
0.214876 2033.55
0.220989 2046.01
0.227147 1992.45
0.23329 2057.21
0.239377 2077.42
0.245482 2031.18
0.251667 2027.51
0.257832 2021.51
0.263955 2003.55
0.270079 2022.94
0.27624 2059.65
0.282372 1974.86
0.28843 2057.54
0.294538 2060.57
0.300721 2043.58
0.30691 2004.97
0.313033 2017.51
0.319153 2032.92
0.325316 2001.21
0.33145 2033.2
0.337538 2035.48
0.343633 2038.59
0.349808 2023.93
0.355968 1981.73
0.362074 2010.38
0.368217 2019.18
0.374374 1984.82
0.380519 1999.64
0.386598 2007.19
0.392688 1976.34
0.39888 1978.29
0.405048 1996.7
0.411186 1972.06
0.417313 1977.34
0.423458 1976.22
0.429607 1994.21
0.435692 1972.89
0.441815 1977.78
0.447964 1937.13
0.454126 1941.34
0.460267 1962.28
0.466387 1946.73
0.47254 1929.07
0.478662 1947.32
0.484765 1934.84
0.490885 1949.85
0.497035 1922.15
0.503198 1930.08
0.509342 1918.47
0.515458 1928.54
0.521598 1934.74
0.527764 1904.55
0.533884 1921.51
0.54 1893.31
0.546137 1900.17
0.552299 1877.98
0.558452 1887.23
0.564573 1919.11
0.570708 1893.25
0.576825 1887.94
0.582926 1883.61
0.589034 1868.4
0.595184 1863.14
0.601379 1885.07
0.607522 1857.32
0.613639 1871.52
0.619772 1860.3
0.625918 1863.87
0.632068 1841.43
0.638161 1849.79
0.6443 1852.13
0.650464 1855.3
0.656582 1827.74
0.662703 1819.54
0.668861 1835.61
0.675024 1806.22
0.681124 1807.38
0.687237 1814.22
0.693381 1820.14
0.699536 1820.47
0.705665 1805.6
0.711789 1795.46
0.717957 1789.6
0.72409 1783.95
0.730186 1787.97
0.736317 1795.88
0.742472 1776.83
0.748622 1769.73
0.75476 1779.16
0.760888 1764.8
0.767043 1766.14
0.773185 1756.25
0.779291 1755.82
0.785407 1760.22
0.791564 1739.61
0.797719 1741.9
0.803834 1735.09
0.809972 1747.5
0.816124 1730.41
0.822261 1725.58
0.828378 1728.46
0.834502 1723.2
0.840667 1725.46
0.846816 1718.63
0.852925 1700.68
0.859047 1708.66
0.865192 1690.76
0.871341 1698.57
0.877463 1690.29
0.883569 1683.52
0.889708 1685.75
0.895864 1675.44
0.902008 1672.91
0.908149 1672.7
0.914301 1658.17
0.920448 1666.65
0.926574 1657.11
0.932687 1657.16
0.938823 1642.09
0.944975 1648.44
0.951105 1636.32
0.957225 1637.2
0.963368 1626.68
0.969511 1637.12
0.975621 1621.66
0.981748 1624.12
0.987916 1613.35
0.99406 1619.52
1.00019 1605.39
1.00632 1600.37
1.01246 1599.73
1.01859 1595.27
1.02471 1597.66
1.03085 1587.2
1.03698 1582.32
1.04314 1579.43
1.04929 1582.39
1.05541 1564.67
1.06154 1570.1
1.06769 1558.04
1.07382 1553.48
1.07993 1556.57
1.08607 1545.32
1.09222 1551.61
1.09836 1535.03
1.10449 1533.36
1.11063 1534.74
1.11677 1528.71
1.1229 1520.19
1.12903 1512.44
1.13518 1517.8
1.14131 1509.58
1.14745 1498.92
1.15359 1508.16
1.15973 1494.42
1.16584 1499.06
1.17197 1492.21
1.17811 1483.25
1.18424 1479.65
1.19038 1474.66
1.19652 1473.77
1.20267 1473.14
1.20881 1464.81
1.21495 1464.67
1.22108 1457.49
1.2272 1453.84
1.23334 1449.02
1.23949 1447.64
1.24562 1437.55
1.25174 1438.61
1.25789 1433.59
1.26402 1423.38
1.27014 1423.38
1.27628 1418.38
1.28244 1420.93
1.28858 1408.06
1.29471 1405.42
1.30084 1401.31
1.30697 1398.85
1.31312 1393.45
1.31925 1391.24
1.32537 1386.8
1.33151 1384.38
1.33765 1377.37
1.34378 1369.36
1.34992 1370.39
1.35606 1364.95
1.3622 1359.68
1.36833 1355.79
1.37445 1355.51
1.38059 1346.07
1.38675 1341.18
1.39288 1338.41
1.39901 1340.05
1.40515 1332.41
1.4113 1325.2
1.41742 1328.21
1.42355 1324.48
1.4297 1318.7
1.43585 1317.41
1.44198 1314.21
1.44809 1301.34
1.45423 1305.12
1.46036 1296.57
1.46649 1295.53
1.47263 1287.21
1.47877 1284.76
1.48491 1282.31
1.49104 1278.27
1.49718 1270.41
1.50333 1271.05
1.50947 1268.43
1.5156 1257.58
1.52172 1260.36
1.52787 1256.13
1.534 1251.64
1.54013 1246.11
1.54627 1239.68
1.55241 1240.72
1.55855 1232.97
1.56467 1232.29
1.5708 1228.11
