0.00783031 20378.7
0.013688 25178.7
0.019231 25194.7
0.0249154 23423.6
0.0312784 20230.4
0.0375637 17086.5
0.0433917 14968.7
0.0492413 13310.4
0.0555754 11621.2
0.0619321 11279.8
0.067871 10280.7
0.0738098 9397.82
0.0800417 8442.74
0.0862327 7801.82
0.0921407 6954.32
0.0982031 6409.34
0.104506 5585.86
0.110769 5301.51
0.116806 5020.32
0.122832 4688.92
0.129052 4489.61
0.135211 4322.11
0.141259 4019.97
0.147318 3766.9
0.153489 3434.06
0.159709 3261.66
0.165845 3088.24
0.171974 2981.76
0.178125 2922.75
0.184229 2721.15
0.19034 2648.77
0.196428 2544.94
0.202534 2467.22
0.208729 2310.32
0.214876 2244.5
0.220989 2158.5
0.227147 2060.66
0.23329 2010
0.239377 1927.57
0.245482 1890.23
0.251667 1840.69
0.257832 1760.8
0.263955 1702.95
0.270079 1691.19
0.27624 1651.84
0.282372 1544.52
0.28843 1554.82
0.294538 1509.24
0.300721 1464.07
0.30691 1416.21
0.313033 1391.79
0.319153 1366.75
0.325316 1326.99
0.33145 1299.35
0.337538 1293.44
0.343633 1257.4
0.349808 1233.45
0.355968 1190.69
0.362074 1176.78
0.368217 1159.55
0.374374 1129.36
0.380519 1106.19
0.386598 1082.42
0.392688 1070.23
0.39888 1065.89
0.405048 1035.36
0.411186 1015.63
0.417313 1008.22
0.423458 990.933
0.429607 972.301
0.435692 953.192
0.441815 947.419
0.447964 923.226
0.454126 910.868
0.460267 904.426
0.466387 881.841
0.47254 867.878
0.478662 865.643
0.484765 858.152
0.490885 835.714
0.497035 822.757
0.503198 818.06
0.509342 806.74
0.515458 795.325
0.521598 795.406
0.527764 775.604
0.533884 771.69
0.54 757.499
0.546137 758.018
0.552299 739.028
0.558452 731.959
0.564573 738.122
0.570708 717.802
0.576825 707.316
0.582926 704.791
0.589034 693.366
0.595184 685.868
0.601379 682.206
0.607522 669.908
0.613639 669.16
0.619772 657.943
0.625918 654.732
0.632068 641.728
0.638161 641.362
0.6443 636.117
0.650464 628.98
0.656582 616.57
0.662703 612.272
0.668861 606.84
0.675024 599.44
0.681124 594.192
0.687237 590.273
0.693381 585.546
0.699536 578.667
0.705665 573.657
0.711789 566.37
0.717957 562.068
0.72409 558.502
0.730186 552.976
0.736317 550.597
0.742472 541.895
0.748622 535.947
0.75476 534.19
0.760888 526.939
0.767043 524.755
0.773185 518.276
0.779291 514.371
0.785407 513.327
0.791564 502.498
0.797719 501.035
0.803834 494.462
0.809972 495.618
0.816124 487.084
0.822261 484.577
0.828378 481.545
0.834502 477.195
0.840667 471.888
0.846816 468.344
0.852925 461.495
0.859047 461.726
0.865192 455.479
0.871341 454.459
0.877463 450.711
0.883569 445.352
0.889708 442.519
0.895864 437.907
0.902008 434.743
0.908149 431.947
0.914301 426.251
0.920448 425.029
0.926574 419.631
0.932687 418.488
0.938823 413.238
0.944975 411.031
0.951105 406.534
0.957225 404.95
0.963368 400.598
0.969511 398.053
0.975621 394.383
0.981748 391.953
0.987916 387.883
0.99406 385.942
1.00019 383.083
1.00632 379.473
1.01246 376.313
1.01859 373.333
1.02471 372.435
1.03085 367.147
1.03698 364.43
1.04314 362.012
1.04929 360.031
1.05541 355.934
1.06154 353.323
1.06769 349.973
1.07382 347.02
1.07993 345.524
1.08607 342.03
1.09222 341.12
1.09836 337.466
1.10449 334.163
1.11063 332.707
1.11677 329.71
1.1229 326.471
1.12903 323.452
1.13518 323.299
1.14131 319.804
1.14745 315.959
1.15359 315.361
1.15973 311.87
1.16584 310.99
1.17197 308.51
1.17811 304.939
1.18424 302.039
1.19038 299.654
1.19652 298.465
1.20267 296.186
1.20881 293.703
1.21495 292.17
1.22108 289.064
1.2272 287.985
1.23334 285.436
1.23949 283.208
1.24562 279.919
1.25174 278.498
1.25789 276.462
1.26402 273.282
1.27014 272.396
1.27628 270.158
1.28244 268.179
1.28858 265.5
1.29471 263.727
1.30084 261.363
1.30697 259.699
1.31312 257.414
1.31925 256.005
1.32537 254.528
1.33151 252.757
1.33765 249.741
1.34378 247.647
1.34992 246.376
1.35606 244.441
1.3622 241.993
1.36833 240.965
1.37445 238.931
1.38059 237.122
1.38675 234.643
1.39288 233.717
1.39901 232.214
1.40515 230.595
1.4113 227.835
1.41742 226.84
1.42355 225.099
1.4297 223.273
1.43585 222.005
1.44198 220.142
1.44809 217.721
1.45423 216.709
1.46036 214.997
1.46649 213.222
1.47263 211.216
1.47877 210.056
1.48491 208.313
1.49104 206.737
1.49718 204.705
1.50333 203.792
1.50947 202.484
1.5156 200.301
1.52172 199.255
1.52787 197.621
1.534 196.399
1.54013 194.903
1.54627 192.945
1.55241 191.911
1.55855 189.988
1.56467 188.742
1.5708 187.428
