0.00783031 -19.658
0.013688 -4.37861
0.019231 -7.2586
0.0249154 -9.41965
0.0312784 -2.08752
0.0375637 5.74044
0.0433917 -4.95995
0.0492413 -0.743473
0.0555754 9.35177
0.0619321 9.15309
0.067871 5.04597
0.0738098 2.53931
0.0800417 5.06557
0.0862327 5.95059
0.0921407 11.1597
0.0982031 4.08303
0.104506 9.28005
0.110769 9.02898
0.116806 6.43688
0.122832 6.74028
0.129052 9.7075
0.135211 4.85387
0.141259 12.0753
0.147318 11.3386
0.153489 10.8865
0.159709 10.0299
0.165845 9.6268
0.171974 14.3949
0.178125 6.79502
0.184229 9.74616
0.19034 11.6535
0.196428 9.50248
0.202534 7.17617
0.208729 9.78573
0.214876 7.15296
0.220989 8.61869
0.227147 13.1346
0.23329 8.86613
0.239377 7.01517
0.245482 10.7633
0.251667 9.87877
0.257832 7.87237
0.263955 8.48627
0.270079 5.08836
0.27624 7.3161
0.282372 9.81309
0.28843 5.69002
0.294538 6.54733
0.300721 6.2513
0.30691 9.29265
0.313033 5.64861
0.319153 6.75073
0.325316 6.11817
0.33145 7.35591
0.337538 5.19344
0.343633 2.54645
0.349808 4.46472
0.355968 6.55289
0.362074 3.7734
0.368217 2.15543
0.374374 2.42167
0.380519 2.76517
0.386598 4.26363
0.392688 0.743619
0.39888 2.24547
0.405048 1.42374
0.411186 0.671145
0.417313 -3.15054
0.423458 -1.18017
0.429607 1.38358
0.435692 -2.3324
0.441815 -2.47608
0.447964 -0.470113
0.454126 -3.57121
0.460267 -4.17007
0.466387 -0.527695
0.47254 -2.13442
0.478662 -3.45914
0.484765 -3.23993
0.490885 -4.83117
0.497035 -5.02235
0.503198 -5.66303
0.509342 -4.91583
0.515458 -6.35593
0.521598 -8.45732
0.527764 -6.35522
0.533884 -6.65153
0.54 -7.00535
0.546137 -9.44941
0.552299 -5.81164
0.558452 -8.33211
0.564573 -12.4635
0.570708 -10.0508
0.576825 -9.24362
0.582926 -14.7468
0.589034 -8.29154
0.595184 -11.3173
0.601379 -14.4725
0.607522 -11.4317
0.613639 -10.3938
0.619772 -13.5096
0.625918 -16.4557
0.632068 -13.5345
0.638161 -15.8161
0.6443 -15.9604
0.650464 -18.6408
0.656582 -18.3864
0.662703 -15.4556
0.668861 -17.7934
0.675024 -15.8301
0.681124 -16.8408
0.687237 -17.9703
0.693381 -18.7787
0.699536 -20.1021
0.705665 -21.4044
0.711789 -19.9763
0.717957 -21.033
0.72409 -20.5682
0.730186 -21.045
0.736317 -22.8797
0.742472 -21.3328
0.748622 -22.1716
0.75476 -23.4949
0.760888 -23.9657
0.767043 -25.6185
0.773185 -24.5106
0.779291 -26.4409
0.785407 -24.6373
0.791564 -25.0417
0.797719 -23.9801
0.803834 -24.9644
0.809972 -27.0102
0.816124 -26.7843
0.822261 -26.6014
0.828378 -27.8715
0.834502 -27.3128
0.840667 -27.2101
0.846816 -28.0871
0.852925 -28.3087
0.859047 -31.2956
0.865192 -30.8276
0.871341 -31.9333
0.877463 -29.8441
0.883569 -29.2467
0.889708 -30.5781
0.895864 -29.9786
0.902008 -29.6521
0.908149 -31.0061
0.914301 -33.1909
0.920448 -31.7758
0.926574 -32.2216
0.932687 -33.1727
0.938823 -34.5129
0.944975 -32.3111
0.951105 -33.1926
0.957225 -34.6795
0.963368 -33.8412
0.969511 -35.316
0.975621 -34.6257
0.981748 -37.98
0.987916 -36.0674
0.99406 -38.2323
1.00019 -35.2433
1.00632 -37.5778
1.01246 -36.6499
1.01859 -39.1753
1.02471 -39.2109
1.03085 -39.7596
1.03698 -38.4161
1.04314 -39.6843
1.04929 -40.0012
1.05541 -41.1401
1.06154 -42.5224
1.06769 -40.8988
1.07382 -42.4181
1.07993 -41.7614
1.08607 -41.3158
1.09222 -45.0617
1.09836 -41.5163
1.10449 -41.4779
1.11063 -45.0076
1.11677 -43.5381
1.1229 -42.9314
1.12903 -44.3341
1.13518 -46.769
1.14131 -45.1856
1.14745 -44.7538
1.15359 -43.9138
1.15973 -46.1576
1.16584 -46.9738
1.17197 -44.081
1.17811 -46.0733
1.18424 -46.3742
1.19038 -46.0922
1.19652 -48.0962
1.20267 -47.2414
1.20881 -47.9211
1.21495 -49.591
1.22108 -50.4931
1.2272 -50.5663
1.23334 -49.3254
1.23949 -52.0423
1.24562 -49.1372
1.25174 -50.3437
1.25789 -50.5025
1.26402 -49.5023
1.27014 -52.9527
1.27628 -52.386
1.28244 -53.317
1.28858 -53.488
1.29471 -51.4107
1.30084 -52.5258
1.30697 -53.8432
1.31312 -52.875
1.31925 -54.4017
1.32537 -56.2124
1.33151 -55.1122
1.33765 -54.328
1.34378 -54.8749
1.34992 -54.1418
1.35606 -56.0673
1.3622 -54.8786
1.36833 -57.1509
1.37445 -56.7088
1.38059 -56.0402
1.38675 -54.2735
1.39288 -55.1961
1.39901 -55.3678
1.40515 -56.364
1.4113 -55.9759
1.41742 -57.6982
1.42355 -57.4551
1.4297 -56.3327
1.43585 -57.2255
1.44198 -58.2863
1.44809 -58.1181
1.45423 -57.4683
1.46036 -57.7182
1.46649 -58.6197
1.47263 -57.9405
1.47877 -59.8885
1.48491 -61.435
1.49104 -61.7289
1.49718 -59.409
1.50333 -61.567
1.50947 -61.1578
1.5156 -59.4058
1.52172 -60.0108
1.52787 -60.1165
1.534 -61.142
1.54013 -62.0752
1.54627 -60.9554
1.55241 -61.0917
1.55855 -62.3331
1.56467 -61.3527
1.5708 -60.3576
