0.00783031 502.061
0.013688 -1432.22
0.019231 1345.47
0.0249154 -340.035
0.0312784 606.629
0.0375637 230.759
0.0433917 -290.325
0.0492413 -277.588
0.0555754 -226.118
0.0619321 -182.272
0.067871 -17.5
0.0738098 -306.357
0.0800417 -101.405
0.0862327 -286.898
0.0921407 -289.465
0.0982031 -187.213
0.104506 -268.154
0.110769 -181.104
0.116806 -168.041
0.122832 -192.305
0.129052 -185.555
0.135211 -178.627
0.141259 -182.095
0.147318 -169.196
0.153489 -155.731
0.159709 -202.801
0.165845 -200.537
0.171974 -177.681
0.178125 -204.75
0.184229 -186.211
0.19034 -190.761
0.196428 -175.535
0.202534 -176.978
0.208729 -166.314
0.214876 -163.896
0.220989 -148.9
0.227147 -154.123
0.23329 -159.538
0.239377 -148.678
0.245482 -143.331
0.251667 -143.928
0.257832 -136.31
0.263955 -154.713
0.270079 -134.528
0.27624 -129.974
0.282372 -130.481
0.28843 -140.226
0.294538 -126.447
0.300721 -120.119
0.30691 -127.167
0.313033 -123.406
0.319153 -125.688
0.325316 -119.907
0.33145 -115.609
0.337538 -107.457
0.343633 -112.04
0.349808 -113.628
0.355968 -104.694
0.362074 -110.199
0.368217 -104.538
0.374374 -102.722
0.380519 -101.804
0.386598 -97.3674
0.392688 -96.0264
0.39888 -93.3867
0.405048 -90.1978
0.411186 -90.837
0.417313 -89.4576
0.423458 -85.9549
0.429607 -86.3668
0.435692 -83.3381
0.441815 -83.6587
0.447964 -80.8681
0.454126 -81.2596
0.460267 -78.8042
0.466387 -78.0899
0.47254 -74.8146
0.478662 -77.7217
0.484765 -74.1643
0.490885 -70.4595
0.497035 -70.6328
0.503198 -68.8101
0.509342 -67.6617
0.515458 -66.8311
0.521598 -66.1855
0.527764 -67.6897
0.533884 -65.74
0.54 -63.3975
0.546137 -63.7998
0.552299 -59.6392
0.558452 -59.7293
0.564573 -57.9939
0.570708 -58.7088
0.576825 -56.0398
0.582926 -56.2479
0.589034 -54.4334
0.595184 -55.1461
0.601379 -52.5323
0.607522 -51.8133
0.613639 -52.1634
0.619772 -50.3711
0.625918 -47.1189
0.632068 -48.8934
0.638161 -46.993
0.6443 -46.3015
0.650464 -46.3136
0.656582 -46.6988
0.662703 -43.8542
0.668861 -43.5915
0.675024 -43.1694
0.681124 -42.5468
0.687237 -41.6984
0.693381 -42.1543
0.699536 -40.5418
0.705665 -40.4886
0.711789 -38.7801
0.717957 -38.0933
0.72409 -38.173
0.730186 -39.0944
0.736317 -36.5578
0.742472 -37.0505
0.748622 -35.4472
0.75476 -35.8093
0.760888 -34.5173
0.767043 -33.2757
0.773185 -33.9717
0.779291 -32.4403
0.785407 -32.2153
0.791564 -31.4374
0.797719 -31.7504
0.803834 -30.2514
0.809972 -30.3215
0.816124 -30.1642
0.822261 -29.7278
0.828378 -28.628
0.834502 -27.8594
0.840667 -27.8705
0.846816 -26.9222
0.852925 -27.5052
0.859047 -26.52
0.865192 -26.5427
0.871341 -25.952
0.877463 -26.3635
0.883569 -25.2242
0.889708 -24.503
0.895864 -24.7983
0.902008 -24.449
0.908149 -23.6118
0.914301 -23.3331
0.920448 -23.0667
0.926574 -23.3565
0.932687 -23.3345
0.938823 -22.1684
0.944975 -21.8433
0.951105 -21.5196
0.957225 -21.9463
0.963368 -21.7481
0.969511 -20.9445
0.975621 -20.7617
0.981748 -20.9423
0.987916 -20.581
0.99406 -20.0574
1.00019 -19.8905
1.00632 -19.7975
1.01246 -19.4921
1.01859 -19.6811
1.02471 -18.9677
1.03085 -18.9719
1.03698 -18.6713
1.04314 -18.0383
1.04929 -18.2689
1.05541 -18.2194
1.06154 -18.0937
1.06769 -17.2788
1.07382 -18.0365
1.07993 -17.3799
1.08607 -18.3031
1.09222 -17.5173
1.09836 -17.4294
1.10449 -17.2401
1.11063 -16.3771
1.11677 -16.9062
1.1229 -16.3929
1.12903 -16.3243
1.13518 -16.0382
1.14131 -15.7458
1.14745 -15.4749
1.15359 -15.6427
1.15973 -15.47
1.16584 -15.8231
1.17197 -15.1978
1.17811 -15.2934
1.18424 -15.1326
1.19038 -15.3497
1.19652 -14.8947
1.20267 -14.6315
1.20881 -14.4087
1.21495 -14.6419
1.22108 -14.2525
1.2272 -14.2127
1.23334 -13.9537
1.23949 -13.7969
1.24562 -14.248
1.25174 -13.7707
1.25789 -14.1256
1.26402 -13.6075
1.27014 -13.8892
1.27628 -13.4772
1.28244 -13.7407
1.28858 -13.4365
1.29471 -13.5908
1.30084 -13.2877
1.30697 -13.4249
1.31312 -13.128
1.31925 -13.2212
1.32537 -12.8451
1.33151 -13.1539
1.33765 -12.9804
1.34378 -13.2155
1.34992 -12.8065
1.35606 -12.7908
1.3622 -12.6906
1.36833 -12.3157
1.37445 -12.374
1.38059 -12.1637
1.38675 -12.4413
1.39288 -12.3711
1.39901 -12.185
1.40515 -12.1362
1.4113 -11.6833
1.41742 -12.1825
1.42355 -11.9611
1.4297 -11.7661
1.43585 -11.6047
1.44198 -11.4485
1.44809 -11.6404
1.45423 -11.8554
1.46036 -11.7602
1.46649 -11.2029
1.47263 -11.3773
1.47877 -11.3178
1.48491 -11.1202
1.49104 -10.9532
1.49718 -11.1596
1.50333 -11.0367
1.50947 -11.3432
1.5156 -10.9315
1.52172 -11.2343
1.52787 -10.744
1.534 -10.7451
1.54013 -10.7642
1.54627 -10.5753
1.55241 -10.8608
1.55855 -10.7511
1.56467 -10.6521
1.5708 -10.1729
