0.00783031 6369.18
0.013688 6074.29
0.019231 4333.39
0.0249154 4730.82
0.0312784 4864.95
0.0375637 5463.77
0.0433917 4387.29
0.0492413 3814.74
0.0555754 3940.08
0.0619321 3745.22
0.067871 3358.31
0.0738098 3108.52
0.0800417 3006.48
0.0862327 2937.02
0.0921407 2658.86
0.0982031 2402.55
0.104506 2270.95
0.110769 2236.85
0.116806 1937.22
0.122832 1967.46
0.129052 1841.04
0.135211 1674.12
0.141259 1695.96
0.147318 1615.49
0.153489 1474.42
0.159709 1472.29
0.165845 1350.83
0.171974 1297.42
0.178125 1165.31
0.184229 1123.54
0.19034 1049.02
0.196428 993.527
0.202534 975.996
0.208729 965.071
0.214876 926.616
0.220989 860.074
0.227147 845.358
0.23329 777.316
0.239377 746.209
0.245482 698.063
0.251667 692.445
0.257832 654.524
0.263955 609.527
0.270079 592.392
0.27624 565.849
0.282372 551.035
0.28843 497.003
0.294538 477.392
0.300721 469.937
0.30691 431.509
0.313033 415.903
0.319153 390.801
0.325316 353.589
0.33145 357.113
0.337538 344.763
0.343633 317.493
0.349808 300.195
0.355968 299.187
0.362074 265.993
0.368217 250.338
0.374374 241.921
0.380519 229.805
0.386598 205.62
0.392688 194.361
0.39888 194.75
0.405048 186.998
0.411186 162.843
0.417313 150.517
0.423458 139.985
0.429607 123.694
0.435692 114.705
0.441815 103.046
0.447964 88.7799
0.454126 85.0338
0.460267 68.3721
0.466387 69.8965
0.47254 57.3391
0.478662 41.9456
0.484765 37.6587
0.490885 39.5855
0.497035 27.0428
0.503198 18.7008
0.509342 9.88499
0.515458 6.60569
0.521598 -5.61729
0.527764 -16.1678
0.533884 -17.3948
0.54 -20.7217
0.546137 -29.1367
0.552299 -31.8727
0.558452 -38.7804
0.564573 -44.5752
0.570708 -46.0872
0.576825 -52.0507
0.582926 -57.3528
0.589034 -58.8095
0.595184 -63.2938
0.601379 -65.1281
0.607522 -73.9654
0.613639 -78.6844
0.619772 -79.5528
0.625918 -75.8152
0.632068 -89.5108
0.638161 -90.2131
0.6443 -88.9659
0.650464 -96.0691
0.656582 -99.0074
0.662703 -96.5159
0.668861 -103.995
0.675024 -104.375
0.681124 -108.019
0.687237 -106.707
0.693381 -114.816
0.699536 -113.098
0.705665 -114.373
0.711789 -118.124
0.717957 -118.891
0.72409 -121.378
0.730186 -124.846
0.736317 -120.922
0.742472 -126.287
0.748622 -124.382
0.75476 -126.21
0.760888 -129.007
0.767043 -126.911
0.773185 -129.62
0.779291 -128.134
0.785407 -129.708
0.791564 -130.936
0.797719 -129.157
0.803834 -128.511
0.809972 -131.29
0.816124 -134.826
0.822261 -133.307
0.828378 -131.585
0.834502 -131.407
0.840667 -131.78
0.846816 -129.85
0.852925 -133.025
0.859047 -128.858
0.865192 -131.845
0.871341 -130.249
0.877463 -137.606
0.883569 -130.313
0.889708 -129.265
0.895864 -131.583
0.902008 -130.582
0.908149 -130.86
0.914301 -129.135
0.920448 -127.988
0.926574 -129.827
0.932687 -130.373
0.938823 -126.404
0.944975 -126.515
0.951105 -127.563
0.957225 -126.611
0.963368 -126.501
0.969511 -125.42
0.975621 -124.508
0.981748 -124.395
0.987916 -123.669
0.99406 -120.939
1.00019 -121.794
1.00632 -121.411
1.01246 -120.713
1.01859 -120.437
1.02471 -118.037
1.03085 -116.035
1.03698 -116.667
1.04314 -113.316
1.04929 -114.858
1.05541 -114.039
1.06154 -113.887
1.06769 -110.254
1.07382 -110.627
1.07993 -110.342
1.08607 -110.335
1.09222 -108.566
1.09836 -107.233
1.10449 -108.852
1.11063 -105.435
1.11677 -106.313
1.1229 -103.723
1.12903 -101.92
1.13518 -102.371
1.14131 -101.262
1.14745 -98.2864
1.15359 -101.154
1.15973 -98.0263
1.16584 -100.238
1.17197 -95.6319
1.17811 -95.3533
1.18424 -93.2421
1.19038 -94.6601
1.19652 -93.4526
1.20267 -91.2876
1.20881 -91.7627
1.21495 -93.5336
1.22108 -89.6996
1.2272 -88.843
1.23334 -86.4375
1.23949 -86.6866
1.24562 -86.6355
1.25174 -86.1778
1.25789 -85.3919
1.26402 -83.2434
1.27014 -85.5439
1.27628 -82.2339
1.28244 -82.7586
1.28858 -81.3212
1.29471 -81.6904
1.30084 -79.9014
1.30697 -79.1334
1.31312 -77.9887
1.31925 -77.2377
1.32537 -75.5842
1.33151 -75.5481
1.33765 -75.8195
1.34378 -74.6613
1.34992 -73.9012
1.35606 -71.2641
1.3622 -72.3702
1.36833 -70.7229
1.37445 -69.5308
1.38059 -69.904
1.38675 -69.3817
1.39288 -68.1378
1.39901 -69.3203
1.40515 -67.6734
1.4113 -65.7106
1.41742 -67.8087
1.42355 -63.9048
1.4297 -62.4241
1.43585 -62.6119
1.44198 -60.4156
1.44809 -61.517
1.45423 -62.8982
1.46036 -62.7079
1.46649 -60.0868
1.47263 -59.2562
1.47877 -59.8015
1.48491 -58.4498
1.49104 -56.6561
1.49718 -57.4679
1.50333 -57.192
1.50947 -55.9058
1.5156 -55.1925
1.52172 -55.9635
1.52787 -54.9187
1.534 -55.3139
1.54013 -55.0923
1.54627 -52.4386
1.55241 -53.7872
1.55855 -53.2419
1.56467 -51.4904
1.5708 -51.4344
