0.00783031 4113.15
0.013688 3956.59
0.019231 2675.42
0.0249154 3040.59
0.0312784 3000.77
0.0375637 3303.6
0.0433917 2704.34
0.0492413 2405.02
0.0555754 2496.38
0.0619321 2325.33
0.067871 2053.11
0.0738098 1988.08
0.0800417 1863.67
0.0862327 1836.23
0.0921407 1641.99
0.0982031 1565.89
0.104506 1507.75
0.110769 1474.8
0.116806 1333.61
0.122832 1316.18
0.129052 1269.99
0.135211 1198.62
0.141259 1167.16
0.147318 1123.14
0.153489 1054.33
0.159709 1061.14
0.165845 995.696
0.171974 968.777
0.178125 902.757
0.184229 890.745
0.19034 857.992
0.196428 832.269
0.202534 813.251
0.208729 796.046
0.214876 762.114
0.220989 737.56
0.227147 721.836
0.23329 705.153
0.239377 675.064
0.245482 656.683
0.251667 644.393
0.257832 628.314
0.263955 604.304
0.270079 592.913
0.27624 578.487
0.282372 563.048
0.28843 557.168
0.294538 530.342
0.300721 520.577
0.30691 511.919
0.313033 500.288
0.319153 488.917
0.325316 476.09
0.33145 475.318
0.337538 460.014
0.343633 450.23
0.349808 440.38
0.355968 430.849
0.362074 422.851
0.368217 413.767
0.374374 404.223
0.380519 394.794
0.386598 391.886
0.392688 379.74
0.39888 380.456
0.405048 372.094
0.411186 368.786
0.417313 358.995
0.423458 350.353
0.429607 342.361
0.435692 338.916
0.441815 334.565
0.447964 326.207
0.454126 324.601
0.460267 318.481
0.466387 315.755
0.47254 307.36
0.478662 306.806
0.484765 298.789
0.490885 297.359
0.497035 291.892
0.503198 286.528
0.509342 283.855
0.515458 282.287
0.521598 277.529
0.527764 274.674
0.533884 272.386
0.54 269.511
0.546137 267.087
0.552299 262.3
0.558452 257.393
0.564573 254.765
0.570708 254.617
0.576825 251.494
0.582926 250.25
0.589034 245.493
0.595184 245.751
0.601379 241.568
0.607522 239.846
0.613639 237.571
0.619772 236.202
0.625918 233.118
0.632068 230.711
0.638161 228.545
0.6443 229.464
0.650464 227.79
0.656582 225.463
0.662703 224.165
0.668861 221.718
0.675024 221.534
0.681124 219.594
0.687237 217.583
0.693381 217.048
0.699536 214.934
0.705665 215.133
0.711789 212.905
0.717957 213.152
0.72409 211.387
0.730186 211.508
0.736317 209.56
0.742472 209.55
0.748622 207.431
0.75476 207.764
0.760888 204.753
0.767043 203.164
0.773185 204.227
0.779291 202.624
0.785407 202.787
0.791564 201.566
0.797719 201.065
0.803834 199.096
0.809972 199.751
0.816124 198.869
0.822261 198.704
0.828378 198.484
0.834502 196.906
0.840667 197.116
0.846816 195.694
0.852925 195.639
0.859047 194.365
0.865192 194.929
0.871341 194.275
0.877463 194.623
0.883569 193.216
0.889708 192.865
0.895864 191.482
0.902008 192.86
0.908149 192.385
0.914301 192.827
0.920448 190.607
0.926574 190.851
0.932687 190.13
0.938823 190.1
0.944975 189.527
0.951105 189.824
0.957225 188.594
0.963368 188.872
0.969511 188.529
0.975621 188.329
0.981748 187.668
0.987916 186.874
0.99406 187.421
1.00019 186.946
1.00632 186.919
1.01246 186.364
1.01859 186.547
1.02471 185.496
1.03085 185.568
1.03698 185.578
1.04314 185.826
1.04929 185.376
1.05541 183.921
1.06154 184.377
1.06769 184.332
1.07382 184.998
1.07993 184.023
1.08607 184.272
1.09222 183.52
1.09836 183.804
1.10449 183.768
1.11063 182.97
1.11677 183.972
1.1229 182.926
1.12903 182.621
1.13518 182.056
1.14131 182.421
1.14745 182.04
1.15359 182.728
1.15973 182.002
1.16584 182.915
1.17197 181.026
1.17811 180.921
1.18424 180.799
1.19038 180.962
1.19652 180.593
1.20267 180.913
1.20881 181.165
1.21495 181.115
1.22108 180.826
1.2272 180.818
1.23334 179.648
1.23949 180.977
1.24562 180.545
1.25174 179.349
1.25789 179.335
1.26402 180.035
1.27014 179.531
1.27628 179.229
1.28244 179.893
1.28858 178.999
1.29471 178.812
1.30084 178.783
1.30697 179.457
1.31312 178.883
1.31925 179.004
1.32537 177.902
1.33151 178.819
1.33765 178.003
1.34378 178.318
1.34992 178.055
1.35606 177.983
1.3622 177.487
1.36833 177.97
1.37445 178.219
1.38059 177.49
1.38675 177.242
1.39288 177.453
1.39901 177.456
1.40515 177.389
1.4113 176.849
1.41742 177.313
1.42355 176.827
1.4297 176.8
1.43585 176.792
1.44198 176.24
1.44809 176.399
1.45423 175.673
1.46036 176.932
1.46649 175.633
1.47263 176.028
1.47877 176.135
1.48491 175.694
1.49104 175.764
1.49718 175.735
1.50333 175.571
1.50947 175.716
1.5156 174.875
1.52172 175.637
1.52787 174.915
1.534 175.489
1.54013 174.812
1.54627 174.902
1.55241 175.104
1.55855 174.538
1.56467 174.227
1.5708 174.116
