0.00783031 -2463.49
0.013688 101.269
0.019231 1277.97
0.0249154 -698.303
0.0312784 -738.232
0.0375637 483.138
0.0433917 186.062
0.0492413 -105.5
0.0555754 40.1965
0.0619321 -217.686
0.067871 12.8969
0.0738098 -278.285
0.0800417 -82.4382
0.0862327 -183.417
0.0921407 -157.626
0.0982031 -183.008
0.104506 -246.857
0.110769 -231.628
0.116806 -123.217
0.122832 -209.79
0.129052 -208.831
0.135211 -222.911
0.141259 -219.961
0.147318 -209.667
0.153489 -140.638
0.159709 -197.755
0.165845 -149.748
0.171974 -210.987
0.178125 -204.295
0.184229 -144.149
0.19034 -157.234
0.196428 -150.978
0.202534 -161.564
0.208729 -169.147
0.214876 -156.081
0.220989 -187.04
0.227147 -153.461
0.23329 -168.669
0.239377 -154.994
0.245482 -149.485
0.251667 -137.072
0.257832 -147.639
0.263955 -162.973
0.270079 -141.588
0.27624 -141.071
0.282372 -138.246
0.28843 -133.798
0.294538 -143.706
0.300721 -139.328
0.30691 -140.626
0.313033 -135.56
0.319153 -137.86
0.325316 -128.269
0.33145 -127.325
0.337538 -125.878
0.343633 -123.684
0.349808 -125.095
0.355968 -126.761
0.362074 -125.433
0.368217 -122.8
0.374374 -120.272
0.380519 -115.669
0.386598 -113.862
0.392688 -110.505
0.39888 -110.683
0.405048 -111.098
0.411186 -112.795
0.417313 -113.208
0.423458 -110.747
0.429607 -105.665
0.435692 -107.063
0.441815 -108.191
0.447964 -104.802
0.454126 -105.929
0.460267 -104.333
0.466387 -102.533
0.47254 -105.091
0.478662 -105.697
0.484765 -100.844
0.490885 -98.8023
0.497035 -97.4221
0.503198 -97.7648
0.509342 -99.5773
0.515458 -95.2315
0.521598 -99.0827
0.527764 -98.1813
0.533884 -93.7065
0.54 -90.343
0.546137 -93.1516
0.552299 -91.924
0.558452 -91.1306
0.564573 -89.5661
0.570708 -91.4844
0.576825 -87.6473
0.582926 -90.0946
0.589034 -88.3302
0.595184 -84.9616
0.601379 -87.8292
0.607522 -85.0873
0.613639 -86.5426
0.619772 -87.0061
0.625918 -83.362
0.632068 -82.398
0.638161 -83.5816
0.6443 -83.2337
0.650464 -83.4869
0.656582 -82.0648
0.662703 -79.7274
0.668861 -79.5027
0.675024 -81.4078
0.681124 -78.6992
0.687237 -77.951
0.693381 -79.0526
0.699536 -76.8757
0.705665 -77.5093
0.711789 -77.6736
0.717957 -77.9101
0.72409 -76.3398
0.730186 -76.3329
0.736317 -75.7708
0.742472 -73.8362
0.748622 -75.1152
0.75476 -72.2594
0.760888 -72.6437
0.767043 -72.4697
0.773185 -72.4377
0.779291 -73.7081
0.785407 -71.6561
0.791564 -72.0155
0.797719 -70.2864
0.803834 -69.2097
0.809972 -70.9588
0.816124 -68.4982
0.822261 -68.6812
0.828378 -68.2988
0.834502 -67.6374
0.840667 -68.3829
0.846816 -66.2694
0.852925 -67.9458
0.859047 -66.3345
0.865192 -65.0849
0.871341 -66.5642
0.877463 -64.637
0.883569 -64.7963
0.889708 -64.0294
0.895864 -64.5212
0.902008 -62.9185
0.908149 -62.5953
0.914301 -63.06
0.920448 -62.9575
0.926574 -61.6398
0.932687 -61.7193
0.938823 -61.4382
0.944975 -61.2249
0.951105 -61.0738
0.957225 -60.4146
0.963368 -60.5774
0.969511 -58.9712
0.975621 -58.928
0.981748 -59.204
0.987916 -58.4316
0.99406 -57.73
1.00019 -58.3229
1.00632 -57.7506
1.01246 -57.2999
1.01859 -57.192
1.02471 -57.2104
1.03085 -57.1358
1.03698 -55.8196
1.04314 -55.8819
1.04929 -55.2367
1.05541 -54.9303
1.06154 -54.8447
1.06769 -55.1158
1.07382 -54.2692
1.07993 -53.7352
1.08607 -53.971
1.09222 -53.2091
1.09836 -53.0921
1.10449 -52.9569
1.11063 -52.5619
1.11677 -52.2323
1.1229 -51.952
1.12903 -51.114
1.13518 -51.2705
1.14131 -51.4013
1.14745 -50.7429
1.15359 -49.8339
1.15973 -50.7209
1.16584 -50.0449
1.17197 -49.3663
1.17811 -49.46
1.18424 -49.194
1.19038 -47.9225
1.19652 -48.7443
1.20267 -47.5932
1.20881 -47.8028
1.21495 -47.2594
1.22108 -47.1849
1.2272 -47.0731
1.23334 -46.5713
1.23949 -46.494
1.24562 -45.8982
1.25174 -46.0861
1.25789 -45.0811
1.26402 -45.372
1.27014 -44.8133
1.27628 -45.0532
1.28244 -44.8597
1.28858 -44.1388
1.29471 -44.2473
1.30084 -43.7181
1.30697 -43.2075
1.31312 -42.5829
1.31925 -43.2071
1.32537 -42.7993
1.33151 -42.6488
1.33765 -42.2419
1.34378 -41.9191
1.34992 -41.9894
1.35606 -41.4758
1.3622 -40.9573
1.36833 -40.9261
1.37445 -40.5127
1.38059 -40.3494
1.38675 -40.2646
1.39288 -39.8969
1.39901 -39.8475
1.40515 -39.7936
1.4113 -39.4164
1.41742 -39.0966
1.42355 -38.6862
1.4297 -38.7879
1.43585 -38.2367
1.44198 -38.0313
1.44809 -38.0737
1.45423 -37.7472
1.46036 -37.3294
1.46649 -37.1483
1.47263 -37.0801
1.47877 -36.9677
1.48491 -36.2491
1.49104 -36.448
1.49718 -36.2109
1.50333 -35.9426
1.50947 -35.8949
1.5156 -35.7719
1.52172 -35.2589
1.52787 -35.2715
1.534 -34.8396
1.54013 -34.8231
1.54627 -34.3916
1.55241 -34.36
1.55855 -34.0946
1.56467 -34.0974
1.5708 -33.5997
