0.00783031 -3774.51
0.013688 514.432
0.019231 2171.06
0.0249154 -925.217
0.0312784 -891.471
0.0375637 1046.16
0.0433917 1188.28
0.0492413 605.019
0.0555754 1155.23
0.0619321 1178.42
0.067871 1590.63
0.0738098 1387.77
0.0800417 1497.23
0.0862327 1529.33
0.0921407 1614.14
0.0982031 1593.52
0.104506 1692.5
0.110769 1527.45
0.116806 1891.6
0.122832 1661.52
0.129052 1751.79
0.135211 1741.7
0.141259 1653.55
0.147318 1809.14
0.153489 1955.94
0.159709 1932.9
0.165845 1978.17
0.171974 1911.4
0.178125 1880.14
0.184229 2047.7
0.19034 2071.16
0.196428 1962.3
0.202534 2014.4
0.208729 2006.9
0.214876 2031.96
0.220989 1967.44
0.227147 1995.34
0.23329 2008.45
0.239377 2022.83
0.245482 1987.3
0.251667 2064.11
0.257832 2041.85
0.263955 1968.24
0.270079 2001.93
0.27624 2073.05
0.282372 2026.97
0.28843 2039.45
0.294538 1996.01
0.300721 2006.59
0.30691 2021.78
0.313033 2014.95
0.319153 2001.63
0.325316 2017.07
0.33145 2025.6
0.337538 2010.31
0.343633 1978.56
0.349808 1979.91
0.355968 1983.63
0.362074 1964.2
0.368217 1970.26
0.374374 1985.04
0.380519 2004.67
0.386598 1970.84
0.392688 1971.93
0.39888 1959.28
0.405048 1975.82
0.411186 1957.49
0.417313 1949.61
0.423458 1928.9
0.429607 1922.35
0.435692 1918.93
0.441815 1929.31
0.447964 1917.08
0.454126 1923.21
0.460267 1932.21
0.466387 1893.22
0.47254 1884.84
0.478662 1887.86
0.484765 1873.85
0.490885 1879.12
0.497035 1880.86
0.503198 1854.18
0.509342 1892.97
0.515458 1860.32
0.521598 1863.48
0.527764 1853.52
0.533884 1877.52
0.54 1842.28
0.546137 1846.97
0.552299 1833.75
0.558452 1837.64
0.564573 1807.17
0.570708 1800.81
0.576825 1822.42
0.582926 1795.11
0.589034 1776.31
0.595184 1791.13
0.601379 1775.2
0.607522 1764
0.613639 1777.98
0.619772 1781.71
0.625918 1768.56
0.632068 1752.45
0.638161 1748.33
0.6443 1747.64
0.650464 1747
0.656582 1740.02
0.662703 1723.63
0.668861 1721.54
0.675024 1724.57
0.681124 1704.62
0.687237 1710.3
0.693381 1702.2
0.699536 1689.61
0.705665 1678.08
0.711789 1672.79
0.717957 1679.16
0.72409 1658.99
0.730186 1660.66
0.736317 1664.05
0.742472 1650.09
0.748622 1641.49
0.75476 1628
0.760888 1633.46
0.767043 1622.86
0.773185 1618.22
0.779291 1615.51
0.785407 1605.06
0.791564 1607.11
0.797719 1598.04
0.803834 1600.55
0.809972 1586.42
0.816124 1574.46
0.822261 1576.35
0.828378 1569.47
0.834502 1560
0.840667 1557.83
0.846816 1554.51
0.852925 1544.96
0.859047 1533.94
0.865192 1531.47
0.871341 1525.43
0.877463 1514.34
0.883569 1515.08
0.889708 1499.56
0.895864 1501.45
0.902008 1492.42
0.908149 1483.01
0.914301 1478.01
0.920448 1479.96
0.926574 1476.76
0.932687 1471.38
0.938823 1452.71
0.944975 1447.82
0.951105 1449.97
0.957225 1435.71
0.963368 1431.09
0.969511 1425.44
0.975621 1418.26
0.981748 1418.14
0.987916 1409.3
0.99406 1400.63
1.00019 1394.03
1.00632 1387.93
1.01246 1377.97
1.01859 1379.99
1.02471 1374.46
1.03085 1364.98
1.03698 1357.85
1.04314 1356.66
1.04929 1347.57
1.05541 1340.53
1.06154 1339.52
1.06769 1332.31
1.07382 1327.45
1.07993 1317.41
1.08607 1312.24
1.09222 1309.43
1.09836 1305
1.10449 1296.64
1.11063 1291.73
1.11677 1287.41
1.1229 1280.76
1.12903 1274.26
1.13518 1273.84
1.14131 1265.98
1.14745 1255.19
1.15359 1254.55
1.15973 1242.75
1.16584 1243.25
1.17197 1238.38
1.17811 1228.4
1.18424 1226.62
1.19038 1215.83
1.19652 1213.09
1.20267 1205.88
1.20881 1204.23
1.21495 1195.9
1.22108 1188.17
1.2272 1192.58
1.23334 1174.76
1.23949 1174.01
1.24562 1171.03
1.25174 1167.61
1.25789 1159.38
1.26402 1151.89
1.27014 1150.15
1.27628 1136.23
1.28244 1135.22
1.28858 1129.42
1.29471 1129.15
1.30084 1123.8
1.30697 1116.39
1.31312 1106.75
1.31925 1105.28
1.32537 1101.09
1.33151 1096.2
1.33765 1088.94
1.34378 1079.58
1.34992 1082.22
1.35606 1074.47
1.3622 1072.54
1.36833 1066.02
1.37445 1057.33
1.38059 1053.51
1.38675 1051.81
1.39288 1045.81
1.39901 1038.86
1.40515 1040.81
1.4113 1025.95
1.41742 1024.72
1.42355 1020.42
1.4297 1016.5
1.43585 1008.43
1.44198 1007.11
1.44809 1002.34
1.45423 999.741
1.46036 993.53
1.46649 988.748
1.47263 982.634
1.47877 977.88
1.48491 971.801
1.49104 968.618
1.49718 964.277
1.50333 958.921
1.50947 960.53
1.5156 952.314
1.52172 944.882
1.52787 943.338
1.534 937.517
1.54013 934.582
1.54627 928.49
1.55241 926.922
1.55855 920.054
1.56467 917.026
1.5708 914.706
