0.00783031 11263.6
0.013688 12867.9
0.019231 9507.21
0.0249154 10274.4
0.0312784 9750.71
0.0375637 9576.46
0.0433917 9203.29
0.0492413 9537.04
0.0555754 8876.13
0.0619321 8898.76
0.067871 8402.28
0.0738098 9063.25
0.0800417 8085.68
0.0862327 8687.11
0.0921407 8338.97
0.0982031 7842.19
0.104506 8158.04
0.110769 7474.23
0.116806 7853.8
0.122832 7171.58
0.129052 7242.18
0.135211 7199.37
0.141259 6734.33
0.147318 6953.46
0.153489 6668.77
0.159709 6824.79
0.165845 6671.65
0.171974 6519.32
0.178125 6310.21
0.184229 6402.8
0.19034 6225.18
0.196428 6050.87
0.202534 6087.34
0.208729 6012.87
0.214876 5820.3
0.220989 5678.28
0.227147 5677.97
0.23329 5646.01
0.239377 5562.44
0.245482 5476.06
0.251667 5497.28
0.257832 5425.79
0.263955 5327.9
0.270079 5289.03
0.27624 5309.69
0.282372 5183.25
0.28843 5151.56
0.294538 5085.98
0.300721 5014.61
0.30691 5048
0.313033 4958.37
0.319153 4923.36
0.325316 4828.59
0.33145 4867.73
0.337538 4794.13
0.343633 4768.04
0.349808 4722.11
0.355968 4734.09
0.362074 4619.71
0.368217 4617.29
0.374374 4594.65
0.380519 4596
0.386598 4504.98
0.392688 4518.96
0.39888 4449.35
0.405048 4470.91
0.411186 4434.91
0.417313 4388.99
0.423458 4335.59
0.429607 4309.46
0.435692 4302.31
0.441815 4298.78
0.447964 4263.6
0.454126 4259.03
0.460267 4255.7
0.466387 4205.18
0.47254 4136.36
0.478662 4122.67
0.484765 4109.27
0.490885 4124
0.497035 4067.05
0.503198 4053.56
0.509342 4088.73
0.515458 4026.1
0.521598 4011.59
0.527764 3976.83
0.533884 4014.9
0.54 3968.75
0.546137 3969.55
0.552299 3923.06
0.558452 3920.78
0.564573 3871.09
0.570708 3861.14
0.576825 3876.22
0.582926 3841.86
0.589034 3801.56
0.595184 3808.87
0.601379 3777.15
0.607522 3766.39
0.613639 3772.61
0.619772 3778.3
0.625918 3776.86
0.632068 3714.48
0.638161 3711.4
0.6443 3701.59
0.650464 3718.13
0.656582 3694.21
0.662703 3665.76
0.668861 3649.58
0.675024 3651.74
0.681124 3620.47
0.687237 3638.01
0.693381 3620.56
0.699536 3614.09
0.705665 3570.89
0.711789 3550.14
0.717957 3569.19
0.72409 3529.67
0.730186 3538.77
0.736317 3540.08
0.742472 3529.11
0.748622 3503.48
0.75476 3486.1
0.760888 3499.28
0.767043 3472.61
0.773185 3463.07
0.779291 3465.69
0.785407 3447.3
0.791564 3441.66
0.797719 3440.34
0.803834 3447.43
0.809972 3420.94
0.816124 3408.66
0.822261 3406.64
0.828378 3398.46
0.834502 3379.99
0.840667 3379.4
0.846816 3378.87
0.852925 3355.35
0.859047 3344.83
0.865192 3340.67
0.871341 3336.95
0.877463 3319.8
0.883569 3322.79
0.889708 3300.79
0.895864 3306.52
0.902008 3292.08
0.908149 3281.04
0.914301 3273.01
0.920448 3277.29
0.926574 3274.53
0.932687 3274.73
0.938823 3238.33
0.944975 3232.26
0.951105 3238.63
0.957225 3219.78
0.963368 3213.41
0.969511 3216.13
0.975621 3205.72
0.981748 3201.73
0.987916 3191.72
0.99406 3179.66
1.00019 3176.22
1.00632 3168.08
1.01246 3150.7
1.01859 3156.8
1.02471 3152.41
1.03085 3138.77
1.03698 3129.88
1.04314 3132.54
1.04929 3127.29
1.05541 3111.57
1.06154 3114.68
1.06769 3110.25
1.07382 3104.6
1.07993 3088.27
1.08607 3083.16
1.09222 3086.21
1.09836 3082
1.10449 3074.42
1.11063 3060.79
1.11677 3058.61
1.1229 3051.77
1.12903 3053.13
1.13518 3049.68
1.14131 3038.87
1.14745 3024.66
1.15359 3036.45
1.15973 3002.06
1.16584 3011.52
1.17197 3012.87
1.17811 3000.07
1.18424 3001.61
1.19038 2982.74
1.19652 2981.05
1.20267 2970.9
1.20881 2969.48
1.21495 2961.42
1.22108 2954.32
1.2272 2966.33
1.23334 2933.87
1.23949 2936.72
1.24562 2934.58
1.25174 2936.57
1.25789 2929.78
1.26402 2918.88
1.27014 2916.4
1.27628 2897.64
1.28244 2895.66
1.28858 2889.89
1.29471 2897.3
1.30084 2888.43
1.30697 2877.35
1.31312 2867.75
1.31925 2859.45
1.32537 2863.81
1.33151 2860.2
1.33765 2850.24
1.34378 2835.01
1.34992 2845.08
1.35606 2834.59
1.3622 2835.18
1.36833 2826.63
1.37445 2813.99
1.38059 2811.7
1.38675 2813.19
1.39288 2806.12
1.39901 2795.26
1.40515 2806.36
1.4113 2773.98
1.41742 2777.68
1.42355 2776.07
1.4297 2771.99
1.43585 2757.22
1.44198 2764.45
1.44809 2757.49
1.45423 2753.5
1.46036 2744.85
1.46649 2737.75
1.47263 2735.61
1.47877 2726.31
1.48491 2716.97
1.49104 2713.71
1.49718 2708.72
1.50333 2695.22
1.50947 2706.38
1.5156 2695.01
1.52172 2682.82
1.52787 2687.89
1.534 2677.31
1.54013 2671.43
1.54627 2663.94
1.55241 2666.38
1.55855 2655.17
1.56467 2652.59
1.5708 2648.09
