0.00783031 17.3078
0.013688 2.49152
0.019231 -7.64815
0.0249154 6.23153
0.0312784 7.38241
0.0375637 -2.43566
0.0433917 0.257008
0.0492413 2.6712
0.0555754 2.65761
0.0619321 7.85567
0.067871 3.60622
0.0738098 9.23939
0.0800417 8.10257
0.0862327 10.963
0.0921407 9.37961
0.0982031 12.1414
0.104506 15.5144
0.110769 15.3557
0.116806 14.7764
0.122832 16.7399
0.129052 16.7839
0.135211 19.9703
0.141259 20.3587
0.147318 22.0009
0.153489 19.9471
0.159709 23.4306
0.165845 22.7428
0.171974 25.5678
0.178125 26.3438
0.184229 25.9193
0.19034 26.2387
0.196428 27.7974
0.202534 30.0355
0.208729 30.168
0.214876 30.8524
0.220989 32.7023
0.227147 32.2851
0.23329 33.8478
0.239377 34.4152
0.245482 34.6495
0.251667 33.9014
0.257832 36.389
0.263955 38.7077
0.270079 38.2754
0.27624 38.0149
0.282372 39.1329
0.28843 38.8247
0.294538 40.7885
0.300721 41.2539
0.30691 41.6457
0.313033 42.6971
0.319153 44.3936
0.325316 42.9772
0.33145 42.8014
0.337538 44.139
0.343633 45.1008
0.349808 46.2753
0.355968 46.307
0.362074 47.2258
0.368217 46.8608
0.374374 46.5673
0.380519 47.5621
0.386598 47.9204
0.392688 48.8033
0.39888 49.5187
0.405048 49.6027
0.411186 50.6043
0.417313 51.0458
0.423458 50.7034
0.429607 50.3713
0.435692 50.9742
0.441815 51.8894
0.447964 52.2314
0.454126 52.9743
0.460267 53.1433
0.466387 53.1848
0.47254 54.2689
0.478662 54.8484
0.484765 54.5031
0.490885 54.4373
0.497035 54.3008
0.503198 55.0972
0.509342 56.1129
0.515458 54.9384
0.521598 55.7833
0.527764 56.0767
0.533884 55.97
0.54 55.3296
0.546137 56.9322
0.552299 56.2693
0.558452 56.499
0.564573 57.4516
0.570708 57.9744
0.576825 56.6586
0.582926 57.8924
0.589034 57.595
0.595184 56.957
0.601379 58.4576
0.607522 57.4889
0.613639 58.1252
0.619772 58.1036
0.625918 58.0916
0.632068 57.4643
0.638161 57.9269
0.6443 58.3844
0.650464 58.9452
0.656582 58.1884
0.662703 58.3111
0.668861 58.3297
0.675024 58.6517
0.681124 58.2648
0.687237 58.254
0.693381 58.46
0.699536 58.7001
0.705665 58.6845
0.711789 57.629
0.717957 58.2229
0.72409 58.3443
0.730186 58.4036
0.736317 57.683
0.742472 58.0377
0.748622 58.3299
0.75476 57.6756
0.760888 57.864
0.767043 57.2782
0.773185 57.2862
0.779291 57.4022
0.785407 56.8829
0.791564 57.0542
0.797719 56.7656
0.803834 55.7668
0.809972 56.9642
0.816124 56.2506
0.822261 56.4465
0.828378 56.1872
0.834502 55.4579
0.840667 55.9129
0.846816 54.9255
0.852925 55.4644
0.859047 54.519
0.865192 54.4746
0.871341 54.7917
0.877463 54.3999
0.883569 54.5476
0.889708 53.6248
0.895864 53.8961
0.902008 53.3897
0.908149 53.6722
0.914301 52.9846
0.920448 53.2557
0.926574 52.7269
0.932687 52.3022
0.938823 51.983
0.944975 52.15
0.951105 51.4451
0.957225 51.133
0.963368 51.0687
0.969511 50.6063
0.975621 50.5189
0.981748 50.5452
0.987916 49.8426
0.99406 49.2926
1.00019 49.54
1.00632 49.0068
1.01246 48.9383
1.01859 48.8227
1.02471 48.3811
1.03085 48.1618
1.03698 47.9818
1.04314 47.3163
1.04929 47.2596
1.05541 46.7454
1.06154 46.4378
1.06769 46.6838
1.07382 46.1804
1.07993 45.9719
1.08607 45.8006
1.09222 45.5209
1.09836 44.7396
1.10449 44.9091
1.11063 44.8567
1.11677 44.0441
1.1229 43.8515
1.12903 43.7958
1.13518 43.2164
1.14131 43.6003
1.14745 42.8353
1.15359 42.7348
1.15973 42.668
1.16584 41.9105
1.17197 41.6608
1.17811 41.8343
1.18424 41.1835
1.19038 40.7459
1.19652 41.0181
1.20267 39.84
1.20881 40.33
1.21495 39.807
1.22108 39.5839
1.2272 39.6365
1.23334 39.2409
1.23949 38.8315
1.24562 38.8217
1.25174 38.6906
1.25789 38.0214
1.26402 38.0199
1.27014 37.9441
1.27628 37.5965
1.28244 37.0691
1.28858 36.878
1.29471 36.9119
1.30084 36.3699
1.30697 36.0358
1.31312 35.6964
1.31925 35.9259
1.32537 35.5748
1.33151 35.6611
1.33765 35.2418
1.34378 34.9827
1.34992 34.892
1.35606 34.3686
1.3622 33.8477
1.36833 34.0058
1.37445 33.7545
1.38059 33.5997
1.38675 33.1455
1.39288 33.0384
1.39901 32.7414
1.40515 32.5799
1.4113 32.3451
1.41742 32.1946
1.42355 32.062
1.4297 32.0575
1.43585 31.5082
1.44198 31.2782
1.44809 31.4507
1.45423 30.9622
1.46036 30.7399
1.46649 30.6168
1.47263 30.303
1.47877 30.206
1.48491 30.0791
1.49104 30.0297
1.49718 29.8495
1.50333 29.5637
1.50947 29.1781
1.5156 29.2505
1.52172 28.9409
1.52787 28.903
1.534 28.7625
1.54013 28.4481
1.54627 28.1902
1.55241 28.1182
1.55855 27.7953
1.56467 28.0805
1.5708 27.787
