0.00783031 20610.7
0.013688 26004
0.019231 25526.2
0.0249154 23519.8
0.0312784 20526.1
0.0375637 17121.1
0.0433917 15099.5
0.0492413 13747.1
0.0555754 12218.5
0.0619321 11764.4
0.067871 11056.3
0.0738098 9893.16
0.0800417 8709.62
0.0862327 8188.15
0.0921407 7285.26
0.0982031 6609.8
0.104506 6043.99
0.110769 5709.37
0.116806 5521.14
0.122832 5260.63
0.129052 5062.64
0.135211 4610.06
0.141259 4482.44
0.147318 4231.51
0.153489 4001.46
0.159709 3735.08
0.165845 3519.99
0.171974 3469.94
0.178125 3407.99
0.184229 3195.57
0.19034 3063.15
0.196428 2921.04
0.202534 2894.47
0.208729 2774.54
0.214876 2704.85
0.220989 2559.18
0.227147 2503.5
0.23329 2408.6
0.239377 2370.97
0.245482 2295.56
0.251667 2241.67
0.257832 2188.74
0.263955 2122.98
0.270079 2037.64
0.27624 1993.48
0.282372 1961.87
0.28843 1926.97
0.294538 1863.9
0.300721 1828.72
0.30691 1798.86
0.313033 1760.97
0.319153 1745.15
0.325316 1716.78
0.33145 1677.63
0.337538 1640.52
0.343633 1607.95
0.349808 1595.58
0.355968 1570.92
0.362074 1545.43
0.368217 1495.74
0.374374 1479.31
0.380519 1481.84
0.386598 1452.58
0.392688 1392.18
0.39888 1388.01
0.405048 1359.94
0.411186 1354.11
0.417313 1339.58
0.423458 1308.69
0.429607 1300.27
0.435692 1274.45
0.441815 1263.18
0.447964 1257.46
0.454126 1213.13
0.460267 1212.53
0.466387 1198.62
0.47254 1181.39
0.478662 1173.14
0.484765 1158.87
0.490885 1142.15
0.497035 1125.92
0.503198 1120.48
0.509342 1097.96
0.515458 1100.39
0.521598 1085.91
0.527764 1060.1
0.533884 1048.99
0.54 1038.7
0.546137 1029.96
0.552299 1014.07
0.558452 1006.76
0.564573 995.515
0.570708 983.738
0.576825 979.526
0.582926 968.364
0.589034 951.243
0.595184 948.323
0.601379 937.84
0.607522 931.294
0.613639 922.57
0.619772 908.886
0.625918 897.706
0.632068 890.054
0.638161 882.786
0.6443 877.817
0.650464 867.883
0.656582 865.401
0.662703 851.479
0.668861 839.467
0.675024 832.016
0.681124 828.739
0.687237 820.324
0.693381 811.277
0.699536 802.941
0.705665 800.187
0.711789 792.72
0.717957 782.518
0.72409 778.533
0.730186 771.42
0.736317 766.396
0.742472 754.361
0.748622 748.506
0.75476 742.74
0.760888 732.248
0.767043 730.461
0.773185 725.047
0.779291 718.124
0.785407 710.173
0.791564 701.474
0.797719 696.508
0.803834 688.807
0.809972 685.902
0.816124 681.259
0.822261 676.498
0.828378 667.886
0.834502 663.835
0.840667 664.403
0.846816 649.569
0.852925 645.568
0.859047 642.975
0.865192 637.638
0.871341 629.528
0.877463 624.366
0.883569 619.82
0.889708 616.722
0.895864 610.653
0.902008 601.786
0.908149 599.34
0.914301 595.149
0.920448 589.368
0.926574 582.179
0.932687 579.087
0.938823 573.496
0.944975 570.653
0.951105 564.895
0.957225 561.411
0.963368 554.275
0.969511 552.034
0.975621 545.126
0.981748 542.652
0.987916 536.969
0.99406 533.449
1.00019 527.228
1.00632 525.732
1.01246 519.849
1.01859 515.258
1.02471 512.833
1.03085 507.032
1.03698 502.834
1.04314 500.923
1.04929 494.952
1.05541 491.033
1.06154 487.233
1.06769 482.284
1.07382 477.931
1.07993 473.948
1.08607 470.854
1.09222 466.797
1.09836 463.517
1.10449 459.626
1.11063 455.045
1.11677 450.227
1.1229 448.879
1.12903 443.677
1.13518 439.685
1.14131 436.51
1.14745 432.83
1.15359 428.746
1.15973 425.95
1.16584 421.681
1.17197 418.58
1.17811 416.785
1.18424 412.983
1.19038 409.755
1.19652 405.807
1.20267 399.965
1.20881 399.174
1.21495 395.513
1.22108 391.899
1.2272 389.546
1.23334 383.662
1.23949 382.77
1.24562 379.346
1.25174 375.881
1.25789 371.893
1.26402 369.701
1.27014 366.88
1.27628 364.383
1.28244 359.413
1.28858 357.694
1.29471 355.195
1.30084 351.493
1.30697 348.907
1.31312 346.766
1.31925 344.34
1.32537 341.544
1.33151 337.652
1.33765 334.572
1.34378 332.286
1.34992 330.194
1.35606 327.08
1.3622 324.453
1.36833 321.05
1.37445 319.211
1.38059 315.466
1.38675 313.234
1.39288 311.55
1.39901 308.057
1.40515 305.843
1.4113 302.261
1.41742 300.749
1.42355 299.078
1.4297 296.173
1.43585 293.829
1.44198 291.249
1.44809 288.816
1.45423 286.107
1.46036 283.917
1.46649 281.692
1.47263 278.604
1.47877 276.941
1.48491 274.404
1.49104 272.414
1.49718 269.494
1.50333 267.341
1.50947 265.855
1.5156 263.818
1.52172 261.428
1.52787 258.476
1.534 256.865
1.54013 255.241
1.54627 252.566
1.55241 250.707
1.55855 248.503
1.56467 245.858
1.5708 244.302
