0.00783031 755.358
0.013688 -667.2
0.019231 914.792
0.0249154 -110.992
0.0312784 642.856
0.0375637 -160.335
0.0433917 -802.881
0.0492413 -199.161
0.0555754 -34.6061
0.0619321 -277.994
0.067871 229.975
0.0738098 -226.208
0.0800417 -263.025
0.0862327 -344.168
0.0921407 -71.8099
0.0982031 -161.337
0.104506 -178.726
0.110769 -163.988
0.116806 -224.411
0.122832 -208.613
0.129052 -134.721
0.135211 -191.771
0.141259 -182.259
0.147318 -194.449
0.153489 -204.523
0.159709 -206.771
0.165845 -162.904
0.171974 -195.671
0.178125 -192.869
0.184229 -181.665
0.19034 -168.921
0.196428 -171.897
0.202534 -159.704
0.208729 -156.351
0.214876 -161.251
0.220989 -163.799
0.227147 -159.482
0.23329 -162.603
0.239377 -152.485
0.245482 -156.356
0.251667 -144.483
0.257832 -144.103
0.263955 -140.906
0.270079 -150.285
0.27624 -133.688
0.282372 -135.406
0.28843 -138.988
0.294538 -141.229
0.300721 -138.827
0.30691 -133.947
0.313033 -131.426
0.319153 -129.583
0.325316 -133.594
0.33145 -124.863
0.337538 -120.262
0.343633 -126.897
0.349808 -124.64
0.355968 -118.067
0.362074 -125.167
0.368217 -119.14
0.374374 -117.728
0.380519 -120.98
0.386598 -113.549
0.392688 -112.05
0.39888 -115.041
0.405048 -109.879
0.411186 -111.145
0.417313 -108.659
0.423458 -112.305
0.429607 -111.615
0.435692 -105.228
0.441815 -103.532
0.447964 -108.262
0.454126 -104.898
0.460267 -105.19
0.466387 -96.3458
0.47254 -99.3727
0.478662 -101.037
0.484765 -98.3408
0.490885 -99.0432
0.497035 -99.4871
0.503198 -98.5873
0.509342 -95.3145
0.515458 -98.9675
0.521598 -94.3347
0.527764 -93.9105
0.533884 -94.0073
0.54 -92.4737
0.546137 -93.6932
0.552299 -87.7366
0.558452 -91.4505
0.564573 -91.846
0.570708 -89.4756
0.576825 -89.3487
0.582926 -88.6593
0.589034 -85.8489
0.595184 -88.1916
0.601379 -84.9978
0.607522 -87.0245
0.613639 -86.0537
0.619772 -85.083
0.625918 -82.9638
0.632068 -81.2041
0.638161 -82.0541
0.6443 -81.7675
0.650464 -81.134
0.656582 -83.307
0.662703 -79.9581
0.668861 -80.8919
0.675024 -80.065
0.681124 -79.3229
0.687237 -76.9367
0.693381 -75.5992
0.699536 -77.8142
0.705665 -77.4017
0.711789 -75.7221
0.717957 -74.9878
0.72409 -75.9221
0.730186 -75.6109
0.736317 -74.51
0.742472 -72.3918
0.748622 -73.0817
0.75476 -72.1204
0.760888 -72.8108
0.767043 -71.6519
0.773185 -71.6622
0.779291 -71.0421
0.785407 -69.7624
0.791564 -70.1883
0.797719 -69.6033
0.803834 -69.1643
0.809972 -68.3527
0.816124 -67.5202
0.822261 -68.204
0.828378 -67.9612
0.834502 -67.228
0.840667 -67.2546
0.846816 -66.6638
0.852925 -65.3666
0.859047 -66.6467
0.865192 -65.5186
0.871341 -64.0127
0.877463 -65.5018
0.883569 -64.6087
0.889708 -64.0367
0.895864 -62.4078
0.902008 -63.2799
0.908149 -63.4747
0.914301 -62.3101
0.920448 -62.0038
0.926574 -60.6031
0.932687 -60.9871
0.938823 -60.1557
0.944975 -60.7466
0.951105 -60.6355
0.957225 -59.8029
0.963368 -60.0124
0.969511 -58.72
0.975621 -58.0745
0.981748 -58.3618
0.987916 -57.917
0.99406 -57.9064
1.00019 -57.7221
1.00632 -57.093
1.01246 -56.9306
1.01859 -56.4375
1.02471 -55.9982
1.03085 -55.7577
1.03698 -55.1173
1.04314 -55.1885
1.04929 -55.3252
1.05541 -54.578
1.06154 -54.2269
1.06769 -53.3469
1.07382 -53.4072
1.07993 -53.7451
1.08607 -53.3633
1.09222 -52.3827
1.09836 -51.8622
1.10449 -51.8468
1.11063 -52.1904
1.11677 -51.3663
1.1229 -51.3614
1.12903 -50.4706
1.13518 -50.805
1.14131 -50.0022
1.14745 -50.2584
1.15359 -49.5743
1.15973 -49.4564
1.16584 -49.104
1.17197 -48.53
1.17811 -48.9001
1.18424 -47.9543
1.19038 -47.9919
1.19652 -47.5836
1.20267 -47.3898
1.20881 -46.864
1.21495 -46.6191
1.22108 -46.5895
1.2272 -46.3513
1.23334 -45.6073
1.23949 -46.1151
1.24562 -45.6195
1.25174 -44.9182
1.25789 -44.6798
1.26402 -44.6626
1.27014 -44.3327
1.27628 -43.6258
1.28244 -43.3342
1.28858 -43.5048
1.29471 -43.1448
1.30084 -43.0813
1.30697 -42.9148
1.31312 -42.7582
1.31925 -42.2933
1.32537 -42.5053
1.33151 -41.8394
1.33765 -41.7501
1.34378 -41.8386
1.34992 -41.2194
1.35606 -40.98
1.3622 -40.835
1.36833 -40.5126
1.37445 -40.2244
1.38059 -39.8894
1.38675 -39.721
1.39288 -39.3162
1.39901 -39.3483
1.40515 -39.1394
1.4113 -38.6933
1.41742 -38.5273
1.42355 -38.3712
1.4297 -37.903
1.43585 -38.044
1.44198 -37.561
1.44809 -37.5015
1.45423 -37.5067
1.46036 -37.3169
1.46649 -36.8365
1.47263 -36.5061
1.47877 -36.8164
1.48491 -36.3427
1.49104 -35.9315
1.49718 -35.5392
1.50333 -35.4805
1.50947 -35.3059
1.5156 -35.1119
1.52172 -35.0566
1.52787 -34.6001
1.534 -34.4832
1.54013 -34.1314
1.54627 -34.2968
1.55241 -33.9553
1.55855 -33.8629
1.56467 -33.3097
1.5708 -33.1458
