0.00783031 20281.7
0.013688 25555.4
0.019231 25134.1
0.0249154 23190.9
0.0312784 20079.8
0.0375637 16730.6
0.0433917 14664.8
0.0492413 13330.3
0.0555754 11750.6
0.0619321 11245.3
0.067871 10524.7
0.0738098 9401.96
0.0800417 8242.35
0.0862327 7681.99
0.0921407 6769.35
0.0982031 6105.91
0.104506 5523.29
0.110769 5190.52
0.116806 4988.18
0.122832 4737.19
0.129052 4518.46
0.135211 4090.14
0.141259 3940.98
0.147318 3706.98
0.153489 3474.68
0.159709 3215.22
0.165845 3022.01
0.171974 2955.48
0.178125 2883.08
0.184229 2682.98
0.19034 2566.36
0.196428 2428.96
0.202534 2392.25
0.208729 2277.48
0.214876 2208.56
0.220989 2079.79
0.227147 2020.93
0.23329 1930.05
0.239377 1891.86
0.245482 1817.4
0.251667 1768.73
0.257832 1717.59
0.263955 1658.97
0.270079 1581.1
0.27624 1541.54
0.282372 1507.55
0.28843 1475.63
0.294538 1419.19
0.300721 1385.06
0.30691 1358.06
0.313033 1321.38
0.319153 1302.5
0.325316 1275.03
0.33145 1243.37
0.337538 1208.03
0.343633 1178.75
0.349808 1164.86
0.355968 1142.57
0.362074 1117.83
0.368217 1078.63
0.374374 1062.42
0.380519 1058.95
0.386598 1033.8
0.392688 989.265
0.39888 980.25
0.405048 958.951
0.411186 951.236
0.417313 937.518
0.423458 912.366
0.429607 903.837
0.435692 882.39
0.441815 871.094
0.447964 863.682
0.454126 831.969
0.460267 826.616
0.466387 816.135
0.47254 801.719
0.478662 792.542
0.484765 780.98
0.490885 766.823
0.497035 754.14
0.503198 748.591
0.509342 731.417
0.515458 730.23
0.521598 718.372
0.527764 699.979
0.533884 690.806
0.54 682.801
0.546137 674.066
0.552299 662.861
0.558452 655.027
0.564573 646.912
0.570708 637.083
0.576825 632.835
0.582926 623.346
0.589034 611.428
0.595184 607.823
0.601379 599.957
0.607522 594.304
0.613639 587.03
0.619772 576.952
0.625918 568.834
0.632068 562.423
0.638161 555.571
0.6443 551.982
0.650464 543.982
0.656582 541.572
0.662703 531.499
0.668861 522.698
0.675024 517.065
0.681124 513.677
0.687237 507.789
0.693381 500.626
0.699536 494.611
0.705665 491.489
0.711789 486.015
0.717957 478.726
0.72409 475.124
0.730186 469.472
0.736317 466.163
0.742472 457.707
0.748622 453.354
0.75476 448.712
0.760888 441.694
0.767043 439.879
0.773185 435.226
0.779291 430.332
0.785407 424.976
0.791564 418.778
0.797719 415.251
0.803834 409.845
0.809972 407.051
0.816124 403.453
0.822261 399.92
0.828378 394.18
0.834502 391.119
0.840667 390.74
0.846816 381.013
0.852925 378.088
0.859047 375.903
0.865192 372.215
0.871341 366.413
0.877463 362.901
0.883569 360.023
0.889708 357.447
0.895864 353.024
0.902008 347.522
0.908149 345.374
0.914301 342.189
0.920448 338.468
0.926574 333.802
0.932687 331.248
0.938823 327.632
0.944975 325.328
0.951105 321.613
0.957225 319.161
0.963368 314.485
0.969511 312.745
0.975621 308.456
0.981748 306.545
0.987916 302.792
0.99406 300.134
1.00019 296.247
1.00632 294.995
1.01246 291.268
1.01859 287.992
1.02471 286.226
1.03085 282.645
1.03698 279.59
1.04314 278.356
1.04929 274.612
1.05541 272.003
1.06154 269.503
1.06769 266.323
1.07382 263.437
1.07993 260.986
1.08607 258.833
1.09222 256.307
1.09836 254.109
1.10449 251.477
1.11063 248.581
1.11677 245.522
1.1229 244.599
1.12903 241.26
1.13518 238.868
1.14131 236.682
1.14745 234.506
1.15359 231.811
1.15973 230.154
1.16584 227.37
1.17197 225.371
1.17811 223.968
1.18424 221.889
1.19038 219.84
1.19652 217.339
1.20267 213.759
1.20881 213.117
1.21495 210.979
1.22108 208.661
1.2272 207.043
1.23334 203.856
1.23949 202.921
1.24562 200.939
1.25174 198.721
1.25789 196.397
1.26402 194.913
1.27014 193.295
1.27628 191.704
1.28244 188.902
1.28858 187.677
1.29471 186.106
1.30084 184.013
1.30697 182.401
1.31312 181.087
1.31925 179.531
1.32537 177.858
1.33151 175.618
1.33765 173.945
1.34378 172.559
1.34992 171.14
1.35606 169.486
1.3622 167.601
1.36833 165.85
1.37445 164.642
1.38059 162.565
1.38675 161.257
1.39288 160.134
1.39901 158.197
1.40515 156.873
1.4113 154.813
1.41742 153.884
1.42355 152.924
1.4297 151.289
1.43585 149.86
1.44198 148.521
1.44809 147.062
1.45423 145.538
1.46036 144.212
1.46649 143.039
1.47263 141.244
1.47877 140.322
1.48491 138.807
1.49104 137.699
1.49718 136.119
1.50333 134.943
1.50947 134.03
1.5156 132.846
1.52172 131.515
1.52787 129.912
1.534 128.955
1.54013 128.04
1.54627 126.624
1.55241 125.538
1.55855 124.37
1.56467 122.86
1.5708 121.95
