0.00783031 20435.4
0.013688 25550.6
0.019231 25561.8
0.0249154 24292.5
0.0312784 20205.9
0.0375637 17044.5
0.0433917 14954.1
0.0492413 13154.9
0.0555754 12397.9
0.0619321 11404.4
0.067871 10493.6
0.0738098 9700.1
0.0800417 8742.65
0.0862327 8054.16
0.0921407 7314.71
0.0982031 6548.9
0.104506 5969.58
0.110769 5455.48
0.116806 5371.1
0.122832 5097.65
0.129052 4738.4
0.135211 4621.25
0.141259 4250.25
0.147318 4007.43
0.153489 3794.94
0.159709 3536.99
0.165845 3286.2
0.171974 3149.77
0.178125 3140.57
0.184229 2942.96
0.19034 2803.25
0.196428 2793.96
0.202534 2600.94
0.208729 2587.56
0.214876 2465.61
0.220989 2376.16
0.227147 2259.83
0.23329 2191.98
0.239377 2136.48
0.245482 2080.26
0.251667 1951.16
0.257832 1886.02
0.263955 1881.29
0.270079 1792.09
0.27624 1796.4
0.282372 1734.21
0.28843 1674.17
0.294538 1649.24
0.300721 1587.75
0.30691 1554.27
0.313033 1497.13
0.319153 1471.34
0.325316 1445.85
0.33145 1399.04
0.337538 1378.75
0.343633 1352.01
0.349808 1310.94
0.355968 1274.65
0.362074 1253.62
0.368217 1226.55
0.374374 1194.41
0.380519 1175.36
0.386598 1165.08
0.392688 1132.76
0.39888 1099.36
0.405048 1091.34
0.411186 1059.28
0.417313 1028.54
0.423458 1021.03
0.429607 1010.47
0.435692 984.219
0.441815 974.514
0.447964 957.164
0.454126 930.073
0.460267 918.176
0.466387 907.383
0.47254 891.471
0.478662 864.858
0.484765 862.218
0.490885 844.321
0.497035 828.734
0.503198 817.103
0.509342 804.396
0.515458 786.376
0.521598 773.382
0.527764 766.47
0.533884 751.388
0.54 741.729
0.546137 725.878
0.552299 717.842
0.558452 708.342
0.564573 700.045
0.570708 693.145
0.576825 671.357
0.582926 671.466
0.589034 659.939
0.595184 652.971
0.601379 638.238
0.607522 629.187
0.613639 624.156
0.619772 613.581
0.625918 605.7
0.632068 596.519
0.638161 585.665
0.6443 575.72
0.650464 570.781
0.656582 563.496
0.662703 556
0.668861 551.533
0.675024 545.413
0.681124 534.934
0.687237 527.607
0.693381 521.069
0.699536 514.166
0.705665 510.382
0.711789 502.888
0.717957 495.924
0.72409 486.455
0.730186 483.013
0.736317 475.028
0.742472 473.607
0.748622 464.236
0.75476 459.702
0.760888 456.43
0.767043 448.932
0.773185 442.884
0.779291 436.975
0.785407 433.51
0.791564 424.942
0.797719 423.329
0.803834 415.512
0.809972 412.655
0.816124 405.781
0.822261 401.518
0.828378 397.497
0.834502 392.9
0.840667 388.176
0.846816 382.988
0.852925 379.036
0.859047 372.396
0.865192 368.663
0.871341 367.532
0.877463 362.659
0.883569 355.746
0.889708 353.344
0.895864 350.142
0.902008 344.797
0.908149 341.976
0.914301 337.522
0.920448 334.186
0.926574 331.25
0.932687 328.283
0.938823 322.891
0.944975 317.984
0.951105 316.003
0.957225 311.224
0.963368 308.234
0.969511 305.57
0.975621 302.363
0.981748 297.746
0.987916 295.494
0.99406 292.18
1.00019 289.394
1.00632 286.149
1.01246 282.536
1.01859 281.197
1.02471 276.661
1.03085 274.451
1.03698 271.341
1.04314 267.308
1.04929 265.935
1.05541 262.144
1.06154 260.412
1.06769 256.399
1.07382 254.873
1.07993 251.707
1.08607 249.476
1.09222 246.449
1.09836 244.728
1.10449 242.514
1.11063 238.801
1.11677 236.577
1.1229 234.397
1.12903 232.444
1.13518 229.24
1.14131 228.258
1.14745 225.674
1.15359 223.24
1.15973 220.88
1.16584 218.664
1.17197 216.736
1.17811 214.619
1.18424 212.179
1.19038 209.739
1.19652 207.763
1.20267 205.306
1.20881 204.204
1.21495 202.058
1.22108 199.731
1.2272 198.466
1.23334 195.502
1.23949 193.462
1.24562 192.174
1.25174 190.135
1.25789 188.77
1.26402 186.288
1.27014 184.91
1.27628 183.002
1.28244 181.56
1.28858 179.838
1.29471 177.249
1.30084 176.63
1.30697 174.389
1.31312 173.185
1.31925 171.628
1.32537 169.407
1.33151 167.848
1.33765 166.742
1.34378 164.994
1.34992 163.065
1.35606 161.821
1.3622 160.676
1.36833 159.142
1.37445 157.714
1.38059 155.657
1.38675 154.706
1.39288 153.117
1.39901 151.876
1.40515 149.725
1.4113 148.833
1.41742 147.6
1.42355 146.093
1.4297 144.761
1.43585 143.421
1.44198 142.009
1.44809 141.139
1.45423 139.223
1.46036 139.37
1.46649 137.283
1.47263 136.01
1.47877 135.163
1.48491 133.644
1.49104 132.511
1.49718 131.703
1.50333 130.304
1.50947 129.077
1.5156 127.874
1.52172 126.476
1.52787 125.611
1.534 124.697
1.54013 123.852
1.54627 122.533
1.55241 121.483
1.55855 120.472
1.56467 119.646
1.5708 118.532
