0.00783031 20385.6
0.013688 25316.4
0.019231 25414.7
0.0249154 23971.3
0.0312784 19965.6
0.0375637 16813.1
0.0433917 14705.8
0.0492413 12843.2
0.0555754 11981.7
0.0619321 10961.4
0.067871 10021.1
0.0738098 9213.61
0.0800417 8223.91
0.0862327 7493.88
0.0921407 6752.9
0.0982031 5987.09
0.104506 5442.94
0.110769 4911.22
0.116806 4796.54
0.122832 4513.56
0.129052 4171.72
0.135211 4041.64
0.141259 3683.51
0.147318 3434.03
0.153489 3213.15
0.159709 2968.33
0.165845 2739.54
0.171974 2598.85
0.178125 2567.87
0.184229 2388.89
0.19034 2249.22
0.196428 2223.83
0.202534 2056.88
0.208729 2027.18
0.214876 1914.54
0.220989 1827.58
0.227147 1727.49
0.23329 1660.12
0.239377 1603.82
0.245482 1552.16
0.251667 1447.84
0.257832 1386.8
0.263955 1370.16
0.270079 1296.62
0.27624 1290.93
0.282372 1235.38
0.28843 1186.64
0.294538 1158.47
0.300721 1109.05
0.30691 1077.39
0.313033 1031.57
0.319153 1006.86
0.325316 984.892
0.33145 946.837
0.337538 927.86
0.343633 903.426
0.349808 870.968
0.355968 841.55
0.362074 824.22
0.368217 802.022
0.374374 776.599
0.380519 760.398
0.386598 749.426
0.392688 723.307
0.39888 699.405
0.405048 691.181
0.411186 667.718
0.417313 644.216
0.423458 637.333
0.429607 627.308
0.435692 608.423
0.441815 600.293
0.447964 586.845
0.454126 567.735
0.460267 557.679
0.466387 548.912
0.47254 536.597
0.478662 518.976
0.484765 515.447
0.490885 502.137
0.497035 492.146
0.503198 482.131
0.509342 473.745
0.515458 461.58
0.521598 452.186
0.527764 445.755
0.533884 435.747
0.54 429.16
0.546137 418.343
0.552299 412.413
0.558452 405.617
0.564573 399.215
0.570708 393.823
0.576825 380.945
0.582926 379.331
0.589034 371.898
0.595184 366.866
0.601379 357.412
0.607522 351.699
0.613639 347.593
0.619772 340.819
0.625918 335.341
0.632068 329.628
0.638161 322.492
0.6443 316.279
0.650464 313.129
0.656582 307.956
0.662703 303.138
0.668861 299.608
0.675024 295.958
0.681124 289.777
0.687237 285.127
0.693381 280.86
0.699536 276.242
0.705665 273.771
0.711789 268.805
0.717957 264.613
0.72409 259.474
0.730186 256.92
0.736317 252.144
0.742472 250.701
0.748622 245.321
0.75476 242.292
0.760888 240.186
0.767043 235.654
0.773185 231.953
0.779291 228.64
0.785407 226.383
0.791564 221.347
0.797719 219.909
0.803834 215.593
0.809972 213.498
0.816124 209.473
0.822261 206.944
0.828378 204.376
0.834502 201.776
0.840667 198.719
0.846816 195.685
0.852925 193.37
0.859047 189.425
0.865192 187.138
0.871341 186.241
0.877463 183.377
0.883569 179.432
0.889708 178.124
0.895864 176.175
0.902008 173.132
0.908149 171.286
0.914301 168.757
0.920448 166.769
0.926574 164.883
0.932687 163.081
0.938823 160.14
0.944975 157.534
0.951105 156.156
0.957225 153.646
0.963368 151.92
0.969511 150.324
0.975621 148.481
0.981748 145.928
0.987916 144.611
0.99406 142.684
1.00019 141.031
1.00632 139.305
1.01246 137.391
1.01859 136.357
1.02471 134.033
1.03085 132.708
1.03698 130.962
1.04314 128.821
1.04929 127.929
1.05541 125.874
1.06154 124.775
1.06769 122.808
1.07382 121.859
1.07993 120.144
1.08607 118.856
1.09222 117.275
1.09836 116.262
1.10449 114.995
1.11063 113.109
1.11677 111.903
1.1229 110.764
1.12903 109.508
1.13518 108.013
1.14131 107.212
1.14745 105.973
1.15359 104.619
1.15973 103.329
1.16584 102.193
1.17197 101.081
1.17811 99.9632
1.18424 98.7449
1.19038 97.4761
1.19652 96.384
1.20267 95.0501
1.20881 94.5504
1.21495 93.3824
1.22108 92.1835
1.2272 91.4399
1.23334 89.9558
1.23949 88.9136
1.24562 88.1551
1.25174 87.1593
1.25789 86.3828
1.26402 85.1222
1.27014 84.4349
1.27628 83.3901
1.28244 82.5701
1.28858 81.7265
1.29471 80.4767
1.30084 80.0989
1.30697 78.8993
1.31312 78.3166
1.31925 77.4648
1.32537 76.4215
1.33151 75.5621
1.33765 75.0221
1.34378 74.1136
1.34992 73.1237
1.35606 72.44
1.3622 71.8532
1.36833 71.0991
1.37445 70.3789
1.38059 69.3801
1.38675 68.8804
1.39288 68.0814
1.39901 67.4207
1.40515 66.4384
1.4113 65.8901
1.41742 65.3098
1.42355 64.5564
1.4297 63.9097
1.43585 63.2251
1.44198 62.51
1.44809 62.0384
1.45423 61.1526
1.46036 61.1126
1.46649 60.16
1.47263 59.5387
1.47877 59.0516
1.48491 58.334
1.49104 57.7411
1.49718 57.3681
1.50333 56.7072
1.50947 56.0947
1.5156 55.5032
1.52172 54.8157
1.52787 54.3759
1.534 53.9341
1.54013 53.4633
1.54627 52.9016
1.55241 52.3727
1.55855 51.8801
1.56467 51.4443
1.5708 50.9219
