0.00783031 -6.12106
0.013688 -10.0389
0.019231 -16.1409
0.0249154 -20.3438
0.0312784 -24.9573
0.0375637 -29.5335
0.0433917 -32.8851
0.0492413 -36.8304
0.0555754 -41.2162
0.0619321 -46.1684
0.067871 -50.6005
0.0738098 -55.8919
0.0800417 -56.9224
0.0862327 -58.1624
0.0921407 -61.3312
0.0982031 -60.3557
0.104506 -61.9342
0.110769 -62.0762
0.116806 -66.7382
0.122832 -68.2553
0.129052 -69.6549
0.135211 -72.881
0.141259 -71.9086
0.147318 -72.2262
0.153489 -72.5271
0.159709 -72.1222
0.165845 -69.3588
0.171974 -70.3709
0.178125 -72.6006
0.184229 -73.0634
0.19034 -72.101
0.196428 -75.7865
0.202534 -72.3237
0.208729 -75.1156
0.214876 -74.0546
0.220989 -74.1175
0.227147 -72.3699
0.23329 -71.6793
0.239377 -72.2013
0.245482 -73.9172
0.251667 -70.0934
0.257832 -70.2398
0.263955 -71.7287
0.270079 -70.7316
0.27624 -71.4605
0.282372 -71.7349
0.28843 -69.9954
0.294538 -70.5184
0.300721 -69.8273
0.30691 -69.4363
0.313033 -67.9248
0.319153 -67.0926
0.325316 -67.4414
0.33145 -66.7281
0.337538 -66.5128
0.343633 -66.8515
0.349808 -65.3787
0.355968 -64.8121
0.362074 -65.6125
0.368217 -63.8029
0.374374 -63.8139
0.380519 -63.1309
0.386598 -63.5406
0.392688 -62.3291
0.39888 -61.5786
0.405048 -61.4069
0.411186 -60.461
0.417313 -60.1571
0.423458 -59.3634
0.429607 -59.1601
0.435692 -58.5111
0.441815 -58.1561
0.447964 -57.4228
0.454126 -56.3986
0.460267 -56.348
0.466387 -56.4912
0.47254 -55.8364
0.478662 -54.6058
0.484765 -54.6744
0.490885 -54.4886
0.497035 -52.6832
0.503198 -53.2362
0.509342 -52.3777
0.515458 -51.9314
0.521598 -51.3775
0.527764 -51.5199
0.533884 -50.2913
0.54 -49.7081
0.546137 -49.6195
0.552299 -49.2614
0.558452 -48.3115
0.564573 -48.9811
0.570708 -48.7855
0.576825 -47.1185
0.582926 -47.3346
0.589034 -46.6956
0.595184 -46.5091
0.601379 -45.5898
0.607522 -45.2351
0.613639 -45.3613
0.619772 -44.1709
0.625918 -44.2978
0.632068 -43.3476
0.638161 -43.2264
0.6443 -43.0142
0.650464 -42.0978
0.656582 -42.2807
0.662703 -41.7434
0.668861 -42.3247
0.675024 -41.5041
0.681124 -40.6594
0.687237 -40.2084
0.693381 -39.9758
0.699536 -39.7023
0.705665 -39.1741
0.711789 -39.7611
0.717957 -38.9083
0.72409 -37.7358
0.730186 -37.7211
0.736317 -37.2701
0.742472 -37.349
0.748622 -36.2835
0.75476 -36.4639
0.760888 -36.6245
0.767043 -35.9518
0.773185 -35.5361
0.779291 -35.0168
0.785407 -35.1391
0.791564 -34.5289
0.797719 -34.8663
0.803834 -33.6032
0.809972 -33.7795
0.816124 -33.4468
0.822261 -33.2911
0.828378 -32.9371
0.834502 -32.1923
0.840667 -32.2729
0.846816 -32.0242
0.852925 -31.9058
0.859047 -31.2097
0.865192 -31.1624
0.871341 -31.1852
0.877463 -31.0778
0.883569 -30.5699
0.889708 -29.9465
0.895864 -29.9748
0.902008 -30.0419
0.908149 -29.6917
0.914301 -29.4669
0.920448 -29.1816
0.926574 -29.3316
0.932687 -29.2347
0.938823 -28.9271
0.944975 -28.1908
0.951105 -28.4474
0.957225 -27.8533
0.963368 -27.509
0.969511 -27.3605
0.975621 -27.5648
0.981748 -27.1976
0.987916 -26.8131
0.99406 -26.728
1.00019 -26.8826
1.00632 -26.6243
1.01246 -26.1668
1.01859 -26.0766
1.02471 -26.0693
1.03085 -25.5965
1.03698 -25.5583
1.04314 -25.3689
1.04929 -25.2331
1.05541 -25.4749
1.06154 -25.0645
1.06769 -24.6243
1.07382 -24.861
1.07993 -24.5628
1.08607 -24.5184
1.09222 -24.0165
1.09836 -24.411
1.10449 -24.3281
1.11063 -23.7811
1.11677 -23.6837
1.1229 -23.2166
1.12903 -23.6124
1.13518 -23.0012
1.14131 -23.4989
1.14745 -23.2712
1.15359 -22.9922
1.15973 -23.1616
1.16584 -22.5497
1.17197 -22.3733
1.17811 -22.6116
1.18424 -22.312
1.19038 -21.9699
1.19652 -22.062
1.20267 -21.8791
1.20881 -21.844
1.21495 -21.6915
1.22108 -21.5591
1.2272 -21.5592
1.23334 -21.1582
1.23949 -21.0357
1.24562 -21.0732
1.25174 -20.9253
1.25789 -20.8731
1.26402 -20.9249
1.27014 -20.6368
1.27628 -20.5073
1.28244 -20.5797
1.28858 -20.4609
1.29471 -20.2335
1.30084 -20.2294
1.30697 -20.2372
1.31312 -19.8128
1.31925 -20.1496
1.32537 -19.6053
1.33151 -19.7736
1.33765 -19.3265
1.34378 -19.5558
1.34992 -19.3779
1.35606 -19.4369
1.3622 -19.2785
1.36833 -19.1203
1.37445 -19.1356
1.38059 -19.1029
1.38675 -18.7602
1.39288 -18.7634
1.39901 -18.7311
1.40515 -18.4031
1.4113 -18.6089
1.41742 -18.3704
1.42355 -18.3393
1.4297 -18.0558
1.43585 -18.0498
1.44198 -18.1058
1.44809 -18.212
1.45423 -17.9184
1.46036 -18.0104
1.46649 -17.7569
1.47263 -17.7485
1.47877 -17.8009
1.48491 -17.8865
1.49104 -17.5996
1.49718 -17.1782
1.50333 -17.4818
1.50947 -17.4196
1.5156 -17.1417
1.52172 -17.1108
1.52787 -17.0112
1.534 -17.0823
1.54013 -17.2212
1.54627 -16.7949
1.55241 -16.7523
1.55855 -16.6541
1.56467 -16.701
1.5708 -16.6684
