0.00783031 9.52328
0.013688 -8.61734
0.019231 16.6689
0.0249154 5.79868
0.0312784 -2.25266
0.0375637 4.85454
0.0433917 4.34533
0.0492413 5.84358
0.0555754 4.70503
0.0619321 6.89577
0.067871 9.1913
0.0738098 6.34195
0.0800417 10.1222
0.0862327 14.1228
0.0921407 11.4769
0.0982031 11.6727
0.104506 14.4971
0.110769 14.6709
0.116806 16.5291
0.122832 14.559
0.129052 18.9541
0.135211 19.4149
0.141259 20.7866
0.147318 22.9432
0.153489 22.9383
0.159709 24.4252
0.165845 25.5805
0.171974 23.8266
0.178125 27.8336
0.184229 27.0595
0.19034 28.733
0.196428 30.2597
0.202534 30.0475
0.208729 30.9761
0.214876 33.0023
0.220989 32.8431
0.227147 33.1982
0.23329 33.8658
0.239377 35.3414
0.245482 35.2014
0.251667 36.8386
0.257832 36.991
0.263955 37.5107
0.270079 37.9021
0.27624 38.729
0.282372 39.2256
0.28843 38.9225
0.294538 39.0038
0.300721 41.8347
0.30691 43.5371
0.313033 43.5642
0.319153 43.4324
0.325316 43.6907
0.33145 43.9603
0.337538 44.8762
0.343633 46.1865
0.349808 46.4836
0.355968 48.0489
0.362074 46.9748
0.368217 47.6014
0.374374 47.3379
0.380519 48.8562
0.386598 48.711
0.392688 49.4536
0.39888 48.3673
0.405048 49.9953
0.411186 51.0181
0.417313 52.034
0.423458 50.7938
0.429607 51.283
0.435692 52.982
0.441815 52.4853
0.447964 53.0562
0.454126 52.3257
0.460267 53.6241
0.466387 55.1769
0.47254 54.5233
0.478662 54.0997
0.484765 54.3948
0.490885 54.7755
0.497035 54.4658
0.503198 55.1355
0.509342 56.2432
0.515458 55.7386
0.521598 56.6618
0.527764 55.9452
0.533884 56.3259
0.54 56.2931
0.546137 56.9267
0.552299 56.7159
0.558452 56.8672
0.564573 57.0064
0.570708 57.7537
0.576825 57.6843
0.582926 57.5489
0.589034 57.9075
0.595184 58.8094
0.601379 57.234
0.607522 57.2945
0.613639 58.3253
0.619772 58.539
0.625918 58.6518
0.632068 58.5108
0.638161 58.4873
0.6443 58.4817
0.650464 58.3168
0.656582 58.4733
0.662703 59.4195
0.668861 58.8064
0.675024 58.7975
0.681124 58.3511
0.687237 58.2022
0.693381 57.6245
0.699536 58.2428
0.705665 58.5616
0.711789 58.456
0.717957 57.8839
0.72409 57.9431
0.730186 57.5774
0.736317 58.074
0.742472 57.6876
0.748622 58.1591
0.75476 57.6357
0.760888 57.477
0.767043 57.8243
0.773185 57.0725
0.779291 56.9884
0.785407 57.3794
0.791564 56.996
0.797719 56.7945
0.803834 56.922
0.809972 56.6385
0.816124 56.2465
0.822261 55.8001
0.828378 56.633
0.834502 55.6244
0.840667 55.5607
0.846816 55.3465
0.852925 55.465
0.859047 54.5537
0.865192 55.0396
0.871341 54.3694
0.877463 54.5091
0.883569 53.91
0.889708 53.9975
0.895864 53.7759
0.902008 53.5561
0.908149 53.3219
0.914301 52.6031
0.920448 52.9441
0.926574 52.31
0.932687 52.4025
0.938823 51.978
0.944975 51.7436
0.951105 51.35
0.957225 51.4263
0.963368 50.9825
0.969511 51.281
0.975621 50.7379
0.981748 50.0911
0.987916 49.8084
0.99406 49.7257
1.00019 49.0311
1.00632 48.7647
1.01246 48.9264
1.01859 48.4018
1.02471 48.2464
1.03085 47.88
1.03698 47.4835
1.04314 47.6102
1.04929 47.5147
1.05541 46.6885
1.06154 46.5752
1.06769 46.0559
1.07382 46.1702
1.07993 46.2002
1.08607 45.5885
1.09222 45.0187
1.09836 44.9602
1.10449 44.7013
1.11063 44.4317
1.11677 44.2817
1.1229 43.7163
1.12903 43.3946
1.13518 42.9776
1.14131 43.1012
1.14745 42.8992
1.15359 42.4715
1.15973 42.7116
1.16584 42.1103
1.17197 41.4975
1.17811 41.5351
1.18424 41.3186
1.19038 40.9316
1.19652 40.7329
1.20267 40.419
1.20881 40.4037
1.21495 40.1725
1.22108 39.5407
1.2272 39.5391
1.23334 39.1808
1.23949 39.0291
1.24562 38.6783
1.25174 38.3035
1.25789 38.2873
1.26402 37.8943
1.27014 37.3968
1.27628 37.6069
1.28244 37.3455
1.28858 36.4657
1.29471 36.7444
1.30084 36.4755
1.30697 35.7731
1.31312 35.9325
1.31925 35.4748
1.32537 35.701
1.33151 35.208
1.33765 35.1695
1.34378 34.8995
1.34992 34.4941
1.35606 34.5812
1.3622 34.6303
1.36833 34.0219
1.37445 33.7338
1.38059 33.4538
1.38675 33.1366
1.39288 33.0244
1.39901 33.2119
1.40515 32.8481
1.4113 32.8582
1.41742 32.7235
1.42355 32.0644
1.4297 32.0342
1.43585 31.5621
1.44198 31.8446
1.44809 31.3472
1.45423 31.4072
1.46036 31.0069
1.46649 30.975
1.47263 30.5897
1.47877 30.2812
1.48491 30.2764
1.49104 29.9949
1.49718 29.9507
1.50333 29.9817
1.50947 29.7206
1.5156 29.0858
1.52172 29.1041
1.52787 28.8775
1.534 28.6246
1.54013 28.7764
1.54627 28.6532
1.55241 28.5054
1.55855 28.1987
1.56467 28.1083
1.5708 28.3177
