0.00783031 630.803
0.013688 263.316
0.019231 307.144
0.0249154 -874.935
0.0312784 -299.458
0.0375637 154.748
0.0433917 -157.064
0.0492413 -504.957
0.0555754 16.6768
0.0619321 -46.6598
0.067871 -269.718
0.0738098 -214.464
0.0800417 -171.769
0.0862327 -233.006
0.0921407 -228.347
0.0982031 -304.013
0.104506 -229.261
0.110769 -302.644
0.116806 -114.246
0.122832 -210.537
0.129052 -204.75
0.135211 -186.875
0.141259 -206.934
0.147318 -195.69
0.153489 -182.898
0.159709 -188.491
0.165845 -204.701
0.171974 -196.028
0.178125 -197.031
0.184229 -197.263
0.19034 -161.467
0.196428 -190.635
0.202534 -167.102
0.208729 -146.13
0.214876 -174.765
0.220989 -163.481
0.227147 -175.515
0.23329 -159.475
0.239377 -151.034
0.245482 -168.328
0.251667 -139.532
0.257832 -155.955
0.263955 -157.837
0.270079 -157.259
0.27624 -148.129
0.282372 -143.773
0.28843 -142.808
0.294538 -135.733
0.300721 -133.816
0.30691 -134.001
0.313033 -133.245
0.319153 -129.105
0.325316 -134.011
0.33145 -133.583
0.337538 -120.938
0.343633 -132.815
0.349808 -118.406
0.355968 -119.045
0.362074 -116.038
0.368217 -123.984
0.374374 -117.137
0.380519 -121.366
0.386598 -120.4
0.392688 -117.926
0.39888 -116.731
0.405048 -112.789
0.411186 -108.916
0.417313 -110.544
0.423458 -115.213
0.429607 -107.92
0.435692 -112.009
0.441815 -108.138
0.447964 -106.059
0.454126 -111.81
0.460267 -104.286
0.466387 -104.382
0.47254 -105.687
0.478662 -105.071
0.484765 -102.812
0.490885 -104.205
0.497035 -102.797
0.503198 -103.603
0.509342 -100.76
0.515458 -100.016
0.521598 -100.364
0.527764 -96.846
0.533884 -97.2919
0.54 -96.3669
0.546137 -94.6924
0.552299 -92.2168
0.558452 -92.9449
0.564573 -94.069
0.570708 -92.6108
0.576825 -91.0437
0.582926 -88.1395
0.589034 -89.3815
0.595184 -88.7486
0.601379 -88.4192
0.607522 -89.7342
0.613639 -86.8008
0.619772 -87.0354
0.625918 -85.7081
0.632068 -84.8226
0.638161 -85.0834
0.6443 -83.4835
0.650464 -83.5366
0.656582 -83.194
0.662703 -82.4068
0.668861 -81.722
0.675024 -80.9174
0.681124 -80.7622
0.687237 -81.3612
0.693381 -79.681
0.699536 -80.2722
0.705665 -78.3788
0.711789 -79.67
0.717957 -77.7532
0.72409 -78.0401
0.730186 -78.3611
0.736317 -77.0121
0.742472 -75.6766
0.748622 -76.35
0.75476 -76.1939
0.760888 -74.8196
0.767043 -73.4894
0.773185 -74.8879
0.779291 -72.6709
0.785407 -73.1151
0.791564 -71.0931
0.797719 -71.6864
0.803834 -70.8279
0.809972 -72.1072
0.816124 -70.9158
0.822261 -70.3613
0.828378 -70.4751
0.834502 -69.4055
0.840667 -68.4286
0.846816 -68.2208
0.852925 -67.7268
0.859047 -68.0592
0.865192 -67.0513
0.871341 -67.4014
0.877463 -67.8044
0.883569 -67.3453
0.889708 -65.7271
0.895864 -64.7826
0.902008 -65.3961
0.908149 -64.3063
0.914301 -64.3513
0.920448 -63.7824
0.926574 -62.9665
0.932687 -63.8635
0.938823 -63.1986
0.944975 -62.288
0.951105 -62.4098
0.957225 -61.9848
0.963368 -61.879
0.969511 -61.579
0.975621 -60.8314
0.981748 -60.0151
0.987916 -60.0229
0.99406 -59.6646
1.00019 -59.6144
1.00632 -59.5655
1.01246 -58.9507
1.01859 -58.8247
1.02471 -57.7217
1.03085 -57.778
1.03698 -57.4936
1.04314 -57.0212
1.04929 -56.2629
1.05541 -55.8952
1.06154 -56.7566
1.06769 -55.73
1.07382 -56.064
1.07993 -55.4186
1.08607 -54.81
1.09222 -54.2845
1.09836 -54.4311
1.10449 -53.7066
1.11063 -53.1846
1.11677 -53.512
1.1229 -53.2097
1.12903 -52.5859
1.13518 -52.2976
1.14131 -51.8483
1.14745 -51.9278
1.15359 -51.4608
1.15973 -51.4411
1.16584 -50.6929
1.17197 -50.9085
1.17811 -49.9106
1.18424 -49.5559
1.19038 -49.3921
1.19652 -49.5695
1.20267 -48.6255
1.20881 -49.089
1.21495 -48.0665
1.22108 -47.8413
1.2272 -47.8162
1.23334 -47.2392
1.23949 -47.2732
1.24562 -47.2166
1.25174 -46.6987
1.25789 -46.5994
1.26402 -45.9815
1.27014 -46.2265
1.27628 -45.5424
1.28244 -45.5409
1.28858 -45.106
1.29471 -44.8323
1.30084 -44.2427
1.30697 -43.9732
1.31312 -44.0778
1.31925 -43.7061
1.32537 -43.7506
1.33151 -43.6907
1.33765 -42.8653
1.34378 -42.7026
1.34992 -43.106
1.35606 -42.4289
1.3622 -42.371
1.36833 -41.76
1.37445 -41.9363
1.38059 -41.3445
1.38675 -41.0658
1.39288 -40.5945
1.39901 -40.5064
1.40515 -40.1132
1.4113 -40.0856
1.41742 -39.8517
1.42355 -39.6339
1.4297 -39.3484
1.43585 -38.661
1.44198 -38.8976
1.44809 -38.5419
1.45423 -38.3108
1.46036 -38.0431
1.46649 -38.2363
1.47263 -38.053
1.47877 -37.3704
1.48491 -37.1576
1.49104 -37.2656
1.49718 -36.6672
1.50333 -36.8359
1.50947 -36.3845
1.5156 -36.1821
1.52172 -36.2078
1.52787 -35.8774
1.534 -35.6567
1.54013 -35.3304
1.54627 -35.2012
1.55241 -34.8732
1.55855 -34.6114
1.56467 -34.8055
1.5708 -34.3687
