0.00783031 16459.4
0.013688 7359.39
0.019231 9281.31
0.0249154 10056.8
0.0312784 9165.6
0.0375637 7953.9
0.0433917 9465.88
0.0492413 9569.97
0.0555754 8327.12
0.0619321 8911.87
0.067871 8776.96
0.0738098 8384.7
0.0800417 8258.84
0.0862327 8314.52
0.0921407 7721.88
0.0982031 7734.12
0.104506 8123.59
0.110769 7551.52
0.116806 7330.03
0.122832 7312.88
0.129052 7276.11
0.135211 7016.48
0.141259 6829.71
0.147318 6867.91
0.153489 6832.13
0.159709 6807.82
0.165845 6704.56
0.171974 6432.05
0.178125 6299.27
0.184229 6383.61
0.19034 6232.88
0.196428 6044.14
0.202534 6015.12
0.208729 6021.97
0.214876 5889.82
0.220989 5816.57
0.227147 5806.96
0.23329 5723.65
0.239377 5641.77
0.245482 5651.81
0.251667 5439.7
0.257832 5445.49
0.263955 5354.35
0.270079 5316.63
0.27624 5230.76
0.282372 5143.99
0.28843 5219.02
0.294538 5106.28
0.300721 5137.16
0.30691 5066.2
0.313033 5003.68
0.319153 4983.55
0.325316 4853.48
0.33145 4888.11
0.337538 4866.7
0.343633 4862.71
0.349808 4759.49
0.355968 4739.83
0.362074 4688.48
0.368217 4602.52
0.374374 4618.63
0.380519 4562.83
0.386598 4539.69
0.392688 4533.91
0.39888 4490.24
0.405048 4482.43
0.411186 4481.02
0.417313 4435.95
0.423458 4363.7
0.429607 4371.42
0.435692 4350.38
0.441815 4365.99
0.447964 4305.09
0.454126 4253.73
0.460267 4275.09
0.466387 4215.12
0.47254 4179.62
0.478662 4165.56
0.484765 4124.15
0.490885 4148.07
0.497035 4119.89
0.503198 4087.98
0.509342 4107.41
0.515458 4087.32
0.521598 4048.2
0.527764 4048.84
0.533884 3972.96
0.54 3979.55
0.546137 3968.43
0.552299 3963.69
0.558452 3928.82
0.564573 3921.52
0.570708 3940.99
0.576825 3907.15
0.582926 3877.01
0.589034 3864.31
0.595184 3832.32
0.601379 3851.79
0.607522 3834.03
0.613639 3815.52
0.619772 3788.16
0.625918 3774.66
0.632068 3788.91
0.638161 3771.61
0.6443 3732.87
0.650464 3725.29
0.656582 3713.33
0.662703 3695.26
0.668861 3698.43
0.675024 3698.66
0.681124 3674.7
0.687237 3669.84
0.693381 3639.4
0.699536 3631.03
0.705665 3648.94
0.711789 3630.1
0.717957 3577.57
0.72409 3596.93
0.730186 3575.98
0.736317 3567.16
0.742472 3561.46
0.748622 3576.82
0.75476 3554.27
0.760888 3533.08
0.767043 3527.31
0.773185 3509.71
0.779291 3518.92
0.785407 3494.97
0.791564 3478.86
0.797719 3480.06
0.803834 3476.09
0.809972 3462.85
0.816124 3446.32
0.822261 3431.04
0.828378 3418.59
0.834502 3425.24
0.840667 3412.89
0.846816 3397.99
0.852925 3390.22
0.859047 3397.78
0.865192 3388.69
0.871341 3374.82
0.877463 3357.86
0.883569 3363.33
0.889708 3347.8
0.895864 3345.42
0.902008 3325.42
0.908149 3330.61
0.914301 3315.95
0.920448 3313.41
0.926574 3306.68
0.932687 3293.55
0.938823 3293.43
0.944975 3281.81
0.951105 3274.23
0.957225 3269.41
0.963368 3272.04
0.969511 3258.11
0.975621 3256.73
0.981748 3241.51
0.987916 3253.52
0.99406 3212.58
1.00019 3230.68
1.00632 3224.17
1.01246 3198.88
1.01859 3200.52
1.02471 3196.28
1.03085 3184.68
1.03698 3172.12
1.04314 3172.71
1.04929 3163.82
1.05541 3164.42
1.06154 3158.4
1.06769 3154.05
1.07382 3134.03
1.07993 3130.5
1.08607 3129.12
1.09222 3108.58
1.09836 3128.43
1.10449 3109.99
1.11063 3102.96
1.11677 3094.12
1.1229 3092.35
1.12903 3081.37
1.13518 3076.36
1.14131 3081.16
1.14745 3070.47
1.15359 3047.9
1.15973 3071
1.16584 3040.9
1.17197 3041.99
1.17811 3029.41
1.18424 3031.26
1.19038 3028.66
1.19652 3010.09
1.20267 3020.08
1.20881 3017.78
1.21495 3006.54
1.22108 2990.7
1.2272 2995.82
1.23334 2979.32
1.23949 2995.46
1.24562 2979.38
1.25174 2964.84
1.25789 2964.53
1.26402 2956.11
1.27014 2944.98
1.27628 2959.78
1.28244 2938.51
1.28858 2940.88
1.29471 2931.98
1.30084 2919.45
1.30697 2913.1
1.31312 2913.27
1.31925 2906.22
1.32537 2903.17
1.33151 2895.45
1.33765 2889.53
1.34378 2888.54
1.34992 2883.63
1.35606 2879.46
1.3622 2871.82
1.36833 2859.88
1.37445 2859.68
1.38059 2844.74
1.38675 2847.71
1.39288 2846.13
1.39901 2839.13
1.40515 2817.41
1.4113 2824.72
1.41742 2815.26
1.42355 2821.15
1.4297 2814.21
1.43585 2807.42
1.44198 2794.8
1.44809 2793.93
1.45423 2786.48
1.46036 2777.5
1.46649 2781.15
1.47263 2769.2
1.47877 2769.57
1.48491 2766.54
1.49104 2766.34
1.49718 2751.12
1.50333 2752.34
1.50947 2733.49
1.5156 2736.45
1.52172 2734.33
1.52787 2728.75
1.534 2718.28
1.54013 2723.18
1.54627 2722.17
1.55241 2703.48
1.55855 2708.11
1.56467 2699.57
1.5708 2684.83
