0.00783031 668.53
0.013688 280.287
0.019231 385.033
0.0249154 -835.548
0.0312784 -261.145
0.0375637 187.704
0.0433917 -70.2866
0.0492413 -460.051
0.0555754 52.3446
0.0619321 5.82021
0.067871 -246.371
0.0738098 -203.895
0.0800417 -168.956
0.0862327 -212.399
0.0921407 -235.541
0.0982031 -319.47
0.104506 -227.495
0.110769 -327.931
0.116806 -132.965
0.122832 -241.011
0.129052 -234.651
0.135211 -225.125
0.141259 -257.628
0.147318 -242.492
0.153489 -228.061
0.159709 -234.531
0.165845 -256.115
0.171974 -253.365
0.178125 -259.933
0.184229 -260.266
0.19034 -219.046
0.196428 -258.914
0.202534 -234.762
0.208729 -206.575
0.214876 -242.483
0.220989 -232.211
0.227147 -248.707
0.23329 -228.171
0.239377 -219.387
0.245482 -237.665
0.251667 -209.888
0.257832 -228.087
0.263955 -234.761
0.270079 -232.657
0.27624 -221.967
0.282372 -222.198
0.28843 -216.654
0.294538 -211.235
0.300721 -208.027
0.30691 -208.862
0.313033 -209.474
0.319153 -204.827
0.325316 -214.056
0.33145 -209.148
0.337538 -194.468
0.343633 -211.4
0.349808 -191.991
0.355968 -193.612
0.362074 -190.832
0.368217 -201.622
0.374374 -192.719
0.380519 -198.976
0.386598 -198.955
0.392688 -195.607
0.39888 -193.888
0.405048 -190.471
0.411186 -183.868
0.417313 -186.604
0.423458 -192.709
0.429607 -182.411
0.435692 -189.135
0.441815 -185.27
0.447964 -182.19
0.454126 -191.886
0.460267 -179.793
0.466387 -180.94
0.47254 -184.111
0.478662 -183.874
0.484765 -179.203
0.490885 -181.567
0.497035 -180.04
0.503198 -182.212
0.509342 -178.177
0.515458 -176.491
0.521598 -177.438
0.527764 -172.315
0.533884 -174.402
0.54 -172.757
0.546137 -170.058
0.552299 -166.343
0.558452 -169.264
0.564573 -170.059
0.570708 -168.159
0.576825 -165.826
0.582926 -160.96
0.589034 -164.141
0.595184 -162.912
0.601379 -162.687
0.607522 -165.028
0.613639 -160.459
0.619772 -161.201
0.625918 -159.077
0.632068 -158.04
0.638161 -158.921
0.6443 -156.692
0.650464 -156.462
0.656582 -156.146
0.662703 -154.76
0.668861 -154.03
0.675024 -153.402
0.681124 -152.592
0.687237 -154.257
0.693381 -151.538
0.699536 -152.966
0.705665 -150.017
0.711789 -151.606
0.717957 -149.395
0.72409 -149.762
0.730186 -150.783
0.736317 -147.994
0.742472 -146.48
0.748622 -147.25
0.75476 -147.402
0.760888 -145.618
0.767043 -143.221
0.773185 -146.215
0.779291 -142.299
0.785407 -142.649
0.791564 -140.085
0.797719 -140.951
0.803834 -139.497
0.809972 -142.117
0.816124 -140.376
0.822261 -139.53
0.828378 -139.851
0.834502 -138.222
0.840667 -136.014
0.846816 -136.033
0.852925 -135.074
0.859047 -135.752
0.865192 -134.22
0.871341 -134.964
0.877463 -136.285
0.883569 -135.291
0.889708 -132.42
0.895864 -131.164
0.902008 -132.151
0.908149 -130.676
0.914301 -130.388
0.920448 -129.634
0.926574 -128.359
0.932687 -129.491
0.938823 -129.167
0.944975 -127.481
0.951105 -127.582
0.957225 -126.996
0.963368 -126.815
0.969511 -126.715
0.975621 -125.435
0.981748 -124.095
0.987916 -124.186
0.99406 -123.879
1.00019 -123.564
1.00632 -123.624
1.01246 -122.266
1.01859 -122.302
1.02471 -120.584
1.03085 -120.582
1.03698 -120.304
1.04314 -119.512
1.04929 -118.685
1.05541 -117.64
1.06154 -119.271
1.06769 -117.419
1.07382 -118.235
1.07993 -117.119
1.08607 -115.831
1.09222 -115.319
1.09836 -115.576
1.10449 -114.029
1.11063 -113.122
1.11677 -113.926
1.1229 -113.533
1.12903 -112.268
1.13518 -111.774
1.14131 -110.948
1.14745 -111.33
1.15359 -110.486
1.15973 -110.389
1.16584 -109.099
1.17197 -109.42
1.17811 -107.91
1.18424 -107.103
1.19038 -106.923
1.19652 -107.129
1.20267 -105.556
1.20881 -106.46
1.21495 -104.383
1.22108 -104.125
1.2272 -104.222
1.23334 -103.111
1.23949 -103.35
1.24562 -103.134
1.25174 -102.223
1.25789 -102.44
1.26402 -101.176
1.27014 -101.404
1.27628 -100.318
1.28244 -100.229
1.28858 -99.4721
1.29471 -99.2124
1.30084 -97.9073
1.30697 -97.4877
1.31312 -97.6898
1.31925 -96.9688
1.32537 -96.9568
1.33151 -97.0315
1.33765 -95.4168
1.34378 -95.2993
1.34992 -95.9804
1.35606 -94.5412
1.3622 -94.6474
1.36833 -93.3263
1.37445 -93.6616
1.38059 -93.0385
1.38675 -92.2124
1.39288 -91.4148
1.39901 -91.1368
1.40515 -90.3244
1.4113 -90.1552
1.41742 -89.8953
1.42355 -89.4952
1.4297 -89.1906
1.43585 -87.4684
1.44198 -87.9177
1.44809 -87.4568
1.45423 -87.1771
1.46036 -86.5719
1.46649 -86.7364
1.47263 -86.6825
1.47877 -84.98
1.48491 -84.8898
1.49104 -84.859
1.49718 -83.9561
1.50333 -84.3592
1.50947 -83.5877
1.5156 -82.959
1.52172 -82.8784
1.52787 -82.2624
1.534 -81.9112
1.54013 -81.2486
1.54627 -81.2338
1.55241 -80.3453
1.55855 -79.9437
1.56467 -80.3271
1.5708 -79.4842
