#  k  (h/Mpc)          P(k)  (Mpc/h)^3     P_linear(k)   P_NL(k) (Mpc/h)^3
     0.00783031         20329.9         20513.5           20402 
       0.013688         24956.6         25365.8         25170.4 
       0.019231         25641.4         25635.4         25378.2 
      0.0249154         23785.7         23617.7         23341.1 
      0.0312784         20193.1         20361.8         20072.2 
      0.0375637         16931.4         17287.6         17029.1 
      0.0433917         14695.3         15046.4         14768.3 
      0.0492413         13405.4         13439.5         13172.6 
      0.0555754         11664.2         12280.2         12034.8 
      0.0619321         10865.3         11423.3         11182.2 
       0.067871         10349.8         10674.3         10455.7 
      0.0738098         9246.97         9842.08         9530.37 
      0.0800417         8472.09         8856.08         8604.23 
      0.0862327         7614.51         7841.33          7739.8 
      0.0921407         6740.73         6940.55         6884.81 
      0.0982031          6219.2         6164.83         6243.98 
       0.104506         5694.32         5561.75         5737.32 
       0.110769         5225.28         5155.89         5263.08 
       0.116806         4885.51         4889.47         4964.46 
       0.122832         4701.97         4677.07         4752.13 
       0.129052         4447.03         4453.97         4522.27 
       0.135211         4311.75         4193.92         4269.83 
       0.141259         3925.32         3896.12         4050.54 
       0.147318         3697.38         3576.26         3807.16 
       0.153489         3422.26          3260.5         3472.32 
       0.159709         3266.97         2982.04         3265.67 
       0.165845         3059.29         2764.14         3130.37 
       0.171974         2877.69         2604.93         2961.41 
       0.178125         2789.58          2488.7         2879.78 
       0.184229         2724.05          2396.6         2743.09 
        0.19034         2546.66         2308.28         2640.78 
       0.196428         2520.38         2211.01            2533 
       0.202534         2374.67         2098.34         2448.32 
       0.208729         2257.39         1971.83          2315.9 
       0.214876         2193.18         1845.05         2253.38 
       0.220989         2031.94         1727.42         2179.44 
       0.227147            2020          1625.3         2105.71 
        0.23329         1953.85          1542.2         2040.86 
       0.239377         1877.57         1476.79         1962.14 
       0.245482         1848.45         1423.17         1881.11 
       0.251667         1752.37         1374.77          1839.5 
       0.257832         1703.22         1326.38         1781.24 
       0.263955         1686.46         1274.55         1732.73 
       0.270079         1597.61         1218.63         1683.96 
        0.27624         1558.64         1160.63         1632.19 
       0.282372         1525.02         1104.16         1604.22 
        0.28843            1461         1052.29         1569.55 
       0.294538         1411.07         1005.98         1521.93 
       0.300721         1387.49         965.772         1476.82 
        0.30691         1345.87         931.185         1457.29 
       0.313033         1331.39         900.669         1412.21 
       0.319153         1291.85         871.904         1373.99 
       0.325316         1254.52         843.127         1354.28 
        0.33145         1243.01         813.802         1308.65 
       0.337538         1196.72         783.968         1289.04 
       0.343633         1181.73         754.209         1273.23 
       0.349808         1153.66         725.137         1252.72 
       0.355968         1124.69         698.007         1228.96 
       0.362074         1106.61         673.396         1205.73 
       0.368217         1084.12         651.053         1177.75 
       0.374374         1059.47         630.664         1155.05 
       0.380519         1046.97         611.687         1134.08 
       0.386598         1028.11         593.734         1119.14 
       0.392688         1004.62         576.093         1099.03 
        0.39888         978.248         558.266         1080.83 
       0.405048         973.549         540.636         1062.65 
       0.411186         951.455         523.443         1045.26 
       0.417313         926.907         506.946         1032.01 
       0.423458         921.453         491.257         1012.47 
       0.429607         906.802         476.511         996.142 
       0.435692          886.06         462.871         974.373 
       0.441815         876.271          450.01         971.353 
       0.447964         856.929         437.712         961.022 
       0.454126         847.043         425.821         934.613 
       0.460267         836.635         414.316         932.964 
       0.466387         815.146         403.106         917.372 
        0.47254         798.924         392.064         904.495 
       0.478662         791.785          381.36         891.387 
       0.484765         779.532         371.082         882.092 
       0.490885         775.336         361.225         865.542 
       0.497035         760.274         351.758         858.122 
       0.503198          750.44         342.709         848.092 
       0.509342         739.663         334.099         833.605 
       0.515458         726.047         325.875         827.949 
       0.521598         720.183         317.898         819.807 
       0.527764         705.488         310.109         812.946 
       0.533884         695.401         302.587         804.268 
           0.54         687.632         295.284         794.874 
       0.546137         677.723         288.166         786.409 
       0.552299         670.296         281.241         775.648 
       0.558452         660.639         274.572         769.557 
       0.564573         650.744         268.183         762.401 
       0.570708          642.31         262.019         752.148 
       0.576825         634.074         256.088         743.076 
       0.582926         625.694         250.362         738.298 
       0.589034         618.636           244.8         728.032 
       0.595184         611.085         239.361         720.603 
       0.601379         604.017         234.048         714.925 
       0.607522         594.188         228.943         704.237 
       0.613639         589.382         224.008         701.679 
       0.619772         581.334         219.199         699.531 
       0.625918          573.79         214.523           690.2 
       0.632068         568.592         209.989         686.291 
       0.638161         564.479          205.63         676.345 
         0.6443         553.662         201.363         670.277 
       0.650464         546.147         197.204         662.339 
       0.656582         539.648         193.195         658.243 
       0.662703         536.484         189.299         653.513 
       0.668861         530.106         185.491         650.291 
       0.675024         522.389         181.786         645.456 
       0.681124         515.658         178.221         636.687 
       0.687237          512.91         174.746         631.235 
       0.693381         504.577         171.349         625.446 
       0.699536         499.749         168.039         621.256 
       0.705665          497.01         164.831         613.993 
       0.711789          489.01         161.707         609.356 
       0.717957         481.752         158.644         608.165 
        0.72409         478.672         155.679         602.232 
       0.730186         474.911          152.81         595.922 
       0.736317         468.746         150.001         592.075 
       0.742472         461.161         147.254         588.343 
       0.748622          461.14         144.576          582.11 
        0.75476         453.631         141.968         582.029 
       0.760888          448.23         139.429           575.8 
       0.767043         441.357         136.944         568.615 
       0.773185         438.537         134.528         565.263 
       0.779291         432.344         132.185         560.659 
       0.785407         431.721         129.892         557.459 
       0.791564         423.839         127.639         555.564 
       0.797719         418.325         125.442         550.541 
       0.803834          416.36         123.312         546.859 
       0.809972         412.931         121.224         543.072 
       0.816124         407.229         119.178         537.397 
       0.822261         403.388         117.186         534.604 
       0.828378         399.026         115.246         530.669 
       0.834502         395.237         113.351         528.875 
       0.840667           390.3         111.487         524.891 
       0.846816         387.042         109.669         520.762 
       0.852925         382.755         107.902         517.784 
       0.859047         377.893          106.17         513.104 
       0.865192         375.426          104.47         510.016 
       0.871341         370.891         102.807         506.384 
       0.877463         365.656         101.188         503.432 
       0.883569          365.14           99.61          501.27 
       0.889708         360.965         98.0585         496.524 
       0.895864         355.806         96.5361         493.723 
       0.902008         352.779         95.0488         490.433 
       0.908149         348.675         93.5935         485.377 
       0.914301         344.424         92.1665         481.772 
       0.920448         342.082         90.7712         480.905 
       0.926574         338.126         89.4101         477.962 
       0.932687         335.587         88.0802         473.294 
       0.938823         331.989         86.7728         471.922 
       0.944975          328.06         85.4889         469.073 
       0.951105         325.451         84.2354         465.903 
       0.957225         322.002          83.009         462.655 
       0.963368          320.73         81.8028         459.815 
       0.969511         316.682         80.6209         456.807 
       0.975621         312.874         79.4694         454.319 
       0.981748         308.921          78.338          451.84 
       0.987916         308.084         77.2216         449.355 
        0.99406         301.753         76.1311         446.431 
        1.00019         300.966         75.0638         442.652 
        1.00632         297.955          74.018         440.061 
        1.01246         294.479         72.9909          437.43 
        1.01859         292.818         71.9852          434.69 
        1.02471         289.388         71.0001         432.302 
        1.03085         286.411         70.0302         430.831 
        1.03698         283.141         69.0805           429.1 
        1.04314         281.033         68.1442         425.571 
        1.04929         277.563          67.227         422.131 
        1.05541         274.768         66.3297         419.711 
        1.06154         273.929         65.4464         417.619 
        1.06769         270.302         64.5783         414.608 
        1.07382         266.839         63.7301         411.904 
        1.07993         265.369         62.9005         410.011 
        1.08607         262.102         62.0832         407.479 
        1.09222         259.203         61.2799         405.191 
        1.09836         257.387         60.4912         403.296 
        1.10449         254.174         59.7167         401.712 
        1.11063         252.405         58.9542         398.537 
        1.11677         249.724         58.2047         396.423 
         1.1229         247.474         57.4691         393.804 
        1.12903         244.487         56.7453          392.03 
        1.13518         242.419         56.0336         388.783 
        1.14131         240.489          55.335         387.644 
        1.14745         238.505         54.6494         384.581 
        1.15359         234.362         53.9759         383.382 
        1.15973         234.481          53.314         381.089 
        1.16584         230.732         52.6667         379.054 
        1.17197         228.619         52.0295         377.377 
        1.17811         226.149         51.4006         374.629 
        1.18424         223.564         50.7833         372.402 
        1.19038         222.022         50.1735          371.22 
        1.19652         220.068         49.5734         368.291 
        1.20267         218.405         48.9833         366.436 
        1.20881         216.482         48.4039         364.926 
        1.21495         213.111         47.8363         362.286 
        1.22108         211.267         47.2789         359.992 
         1.2272         209.723         46.7319         359.043 
        1.23334         206.457         46.1919         356.657 
        1.23949          206.26         45.6581         354.756 
        1.24562         204.107         45.1334         352.657 
        1.25174         201.929         44.6172         351.084 
        1.25789          199.75         44.1075         348.822 
        1.26402         197.957         43.6069         347.609 
        1.27014         196.228         43.1155         345.363 
        1.27628         194.633         42.6304         344.248 
        1.28244         192.503         42.1518         342.606 
        1.28858         190.616         41.6809         340.478 
        1.29471         189.031         41.2183         337.991 
        1.30084          186.77         40.7632         335.917 
        1.30697         184.544         40.3146         334.856 
        1.31312         183.621         39.8726         333.135 
        1.31925         181.246          39.439         331.159 
        1.32537         180.043         39.0126          329.19 
        1.33151         178.428         38.5911         327.926 
        1.33765         176.184         38.1759         326.362 
        1.34378         174.681         37.7675         324.073 
        1.34992         173.671         37.3645         322.575 
        1.35606         171.637         36.9663         320.656 
         1.3622         170.017         36.5745         319.517 
        1.36833         168.452         36.1891         318.305 
        1.37445          167.02         35.8094         315.793 
        1.38059         165.418          35.434         314.721 
        1.38675         164.099         35.0633         313.396 
        1.39288         162.261         34.6997         311.251 
        1.39901         160.789         34.3416         309.548 
        1.40515         158.872          33.988         308.017 
         1.4113         157.993         33.6394         306.267 
        1.41742          155.77         33.2967          304.59 
        1.42355         154.945         32.9578         303.438 
         1.4297         153.313         32.6223         301.328 
        1.43585           151.7         32.2915         300.584 
        1.44198         150.293         31.9668         298.765 
        1.44809         148.768         31.6477         297.196 
        1.45423         147.441         31.3323         295.329 
        1.46036         146.069         31.0223         294.105 
        1.46649          145.27         30.7165         292.844 
        1.47263         143.772         30.4145         291.054 
        1.47877         142.491         30.1163         289.253 
        1.48491         141.079         29.8212         287.663 
        1.49104         140.171         29.5304         286.676 
        1.49718         138.545          29.243         285.836 
        1.50333         137.345         28.9588         283.551 
        1.50947         135.705         28.6791         282.096 
         1.5156         134.798         28.4036         281.309 
        1.52172         133.435          28.132         279.836 
        1.52787         132.248         27.8635         278.436 
          1.534         130.874         27.5991         276.889 
        1.54013         129.867         27.3387         275.619 
        1.54627         129.161         27.0814         274.639 
        1.55241         127.323         26.8275         273.375 
        1.55855         126.383         26.5771         271.725 
        1.56467         125.354         26.3303         270.203 
         1.5708         124.302         26.0858         268.894 
