0.00783031 0.00967968
0.013688 0.0183807
0.019231 0.0295851
0.0249154 0.0471364
0.0312784 0.0878038
0.0375637 0.119226
0.0433917 0.148704
0.0492413 0.201978
0.0555754 0.282411
0.0619321 0.380566
0.067871 0.485657
0.0738098 0.614365
0.0800417 0.714501
0.0862327 0.865635
0.0921407 0.966299
0.0982031 1.13991
0.104506 1.27357
0.110769 1.5206
0.116806 1.69904
0.122832 1.9152
0.129052 2.25304
0.135211 2.59697
0.141259 2.78458
0.147318 3.0094
0.153489 3.31189
0.159709 3.63811
0.165845 3.95318
0.171974 4.30918
0.178125 4.61541
0.184229 5.0872
0.19034 5.41258
0.196428 5.94095
0.202534 6.3036
0.208729 6.65903
0.214876 7.15827
0.220989 7.63359
0.227147 8.08349
0.23329 8.39702
0.239377 8.91317
0.245482 9.27564
0.251667 9.85499
0.257832 10.3949
0.263955 10.9746
0.270079 11.4407
0.27624 12.1082
0.282372 12.7014
0.28843 13.1371
0.294538 13.6506
0.300721 14.3242
0.30691 14.95
0.313033 15.624
0.319153 16.1384
0.325316 17.0721
0.33145 17.7861
0.337538 18.1768
0.343633 18.9952
0.349808 19.592
0.355968 20.4796
0.362074 20.8995
0.368217 21.4655
0.374374 22.3082
0.380519 23.0116
0.386598 23.7141
0.392688 24.5078
0.39888 25.2524
0.405048 25.9635
0.411186 26.751
0.417313 27.5792
0.423458 28.2423
0.429607 29.1904
0.435692 29.5119
0.441815 30.6824
0.447964 31.3608
0.454126 32.6741
0.460267 33.1845
0.466387 34.3298
0.47254 34.2787
0.478662 35.5537
0.484765 36.3024
0.490885 37.605
0.497035 38.2548
0.503198 39.1753
0.509342 39.9361
0.515458 41.4508
0.521598 41.8245
0.527764 43.0513
0.533884 43.5911
0.54 44.6524
0.546137 45.2683
0.552299 46.462
0.558452 47.5232
0.564573 48.2006
0.570708 49.5319
0.576825 49.9675
0.582926 51.7866
0.589034 52.31
0.595184 52.8674
0.601379 54.2527
0.607522 54.8084
0.613639 56.08
0.619772 57.4767
0.625918 57.6484
0.632068 58.6749
0.638161 60.2659
0.6443 61.2112
0.650464 62.4053
0.656582 63.4988
0.662703 63.8538
0.668861 65.2681
0.675024 66.1565
0.681124 67.0898
0.687237 68.348
0.693381 69.1018
0.699536 70.1529
0.705665 71.2706
0.711789 72.542
0.717957 73.6949
0.72409 74.4686
0.730186 75.949
0.736317 76.7734
0.742472 78.3024
0.748622 79.2904
0.75476 80.0188
0.760888 81.6399
0.767043 82.5366
0.773185 83.5506
0.779291 84.7155
0.785407 85.9697
0.791564 86.8085
0.797719 87.0269
0.803834 88.6706
0.809972 90.2096
0.816124 91.1233
0.822261 92.4648
0.828378 93.6762
0.834502 94.2323
0.840667 95.7709
0.846816 96.924
0.852925 97.9382
0.859047 99.6388
0.865192 100.576
0.871341 101.388
0.877463 102.809
0.883569 104.461
0.889708 104.941
0.895864 105.783
0.902008 107.673
0.908149 108.401
0.914301 110.081
0.920448 110.835
0.926574 112.119
0.932687 113.918
0.938823 114.746
0.944975 116.572
0.951105 117.029
0.957225 118.442
0.963368 119.389
0.969511 120.76
0.975621 121.803
0.981748 123.215
0.987916 124.825
0.99406 125.417
1.00019 126.385
1.00632 128.097
1.01246 129.474
1.01859 130.471
1.02471 131.864
1.03085 133.214
1.03698 134.492
1.04314 135.104
1.04929 136.237
1.05541 138.688
1.06154 140.066
1.06769 140.866
1.07382 141.195
1.07993 142.919
1.08607 144.003
1.09222 145.491
1.09836 146.4
1.10449 147.849
1.11063 149.686
1.11677 150.034
1.1229 151.495
1.12903 152.843
1.13518 154.112
1.14131 155.624
1.14745 156.379
1.15359 157.512
1.15973 158.89
1.16584 159.526
1.17197 161.722
1.17811 162.307
1.18424 163.946
1.19038 165.228
1.19652 166.762
1.20267 167.791
1.20881 168.88
1.21495 169.939
1.22108 171.239
1.2272 172.21
1.23334 173.571
1.23949 174.393
1.24562 176.007
1.25174 177.611
1.25789 178.916
1.26402 179.663
1.27014 181.051
1.27628 182.613
1.28244 183.408
1.28858 184.643
1.29471 186.327
1.30084 187.369
1.30697 188.633
1.31312 190.068
1.31925 190.98
1.32537 192.217
1.33151 193.087
1.33765 194.533
1.34378 195.564
1.34992 197.087
1.35606 198.642
1.3622 199.404
1.36833 200.536
1.37445 202.097
1.38059 202.233
1.38675 204.242
1.39288 205.097
1.39901 206.432
1.40515 208.21
1.4113 208.893
1.41742 210.662
1.42355 211.304
1.4297 212.408
1.43585 213.063
1.44198 215.06
1.44809 215.939
1.45423 217.134
1.46036 217.647
1.46649 219.493
1.47263 220.594
1.47877 221.386
1.48491 223.18
1.49104 223.832
1.49718 224.857
1.50333 226.313
1.50947 226.371
1.5156 227.883
1.52172 229.907
1.52787 231.324
1.534 231.955
1.54013 232.972
1.54627 234.351
1.55241 235.134
1.55855 236.007
1.56467 238.121
1.5708 238.842
