0.00783031 529.861
0.013688 612.512
0.019231 1766.88
0.0249154 462.381
0.0312784 -549.337
0.0375637 800.712
0.0433917 -73.7019
0.0492413 -234.206
0.0555754 304.498
0.0619321 314.418
0.067871 476.998
0.0738098 551.798
0.0800417 564.962
0.0862327 503.799
0.0921407 986.936
0.0982031 760.514
0.104506 744.667
0.110769 696.81
0.116806 1019.08
0.122832 957.702
0.129052 904.254
0.135211 910.523
0.141259 1061.25
0.147318 1121.96
0.153489 1149.26
0.159709 1047
0.165845 1030.4
0.171974 1108.59
0.178125 1119.01
0.184229 1119.43
0.19034 1031.21
0.196428 1172.81
0.202534 1081.28
0.208729 1145.66
0.214876 1113.15
0.220989 1135.74
0.227147 1145.59
0.23329 1166.36
0.239377 1182.61
0.245482 1107.55
0.251667 1156.4
0.257832 1160.2
0.263955 1157.24
0.270079 1173.98
0.27624 1148.39
0.282372 1174.42
0.28843 1168.98
0.294538 1144.03
0.300721 1177.81
0.30691 1160.89
0.313033 1168.61
0.319153 1143.31
0.325316 1167.95
0.33145 1141.8
0.337538 1134.05
0.343633 1134.22
0.349808 1140.56
0.355968 1150.04
0.362074 1148.84
0.368217 1126.09
0.374374 1125.39
0.380519 1125.02
0.386598 1119.23
0.392688 1119.84
0.39888 1130.66
0.405048 1116.04
0.411186 1110.13
0.417313 1107.76
0.423458 1086.58
0.429607 1106.8
0.435692 1098.68
0.441815 1089.1
0.447964 1094.33
0.454126 1071.59
0.460267 1080.44
0.466387 1069.35
0.47254 1064.21
0.478662 1067.42
0.484765 1061.14
0.490885 1069.18
0.497035 1048.09
0.503198 1054.08
0.509342 1045.98
0.515458 1041.74
0.521598 1038.02
0.527764 1023.37
0.533884 1030.49
0.54 1016.36
0.546137 1013.99
0.552299 1023.43
0.558452 1013.83
0.564573 1011.48
0.570708 1012.87
0.576825 997.258
0.582926 999.062
0.589034 989.191
0.595184 987.22
0.601379 988.647
0.607522 977.821
0.613639 977.6
0.619772 977.909
0.625918 966.838
0.632068 967.28
0.638161 961.98
0.6443 950.019
0.650464 948.657
0.656582 950.892
0.662703 947.084
0.668861 938.785
0.675024 941.149
0.681124 928.116
0.687237 924.582
0.693381 923.881
0.699536 912.893
0.705665 922.69
0.711789 903.764
0.717957 905.949
0.72409 900.192
0.730186 897.083
0.736317 890.209
0.742472 888.268
0.748622 885.789
0.75476 883.028
0.760888 877.025
0.767043 875.805
0.773185 870.387
0.779291 864.199
0.785407 859.965
0.791564 851.278
0.797719 846.646
0.803834 844.345
0.809972 840.263
0.816124 835.77
0.822261 834.364
0.828378 830.375
0.834502 831.95
0.840667 823.986
0.846816 819.476
0.852925 816.428
0.859047 807.806
0.865192 800.958
0.871341 798.969
0.877463 794.979
0.883569 793.95
0.889708 795.646
0.895864 783.107
0.902008 780.078
0.908149 777.929
0.914301 772.09
0.920448 771.453
0.926574 764.808
0.932687 762.081
0.938823 754.598
0.944975 750.508
0.951105 750.002
0.957225 743.345
0.963368 738.327
0.969511 737.276
0.975621 731.457
0.981748 728.728
0.987916 721.334
0.99406 720.965
1.00019 715.052
1.00632 706.366
1.01246 707.393
1.01859 703.559
1.02471 697.252
1.03085 699.675
1.03698 692.889
1.04314 686.435
1.04929 684.118
1.05541 681.998
1.06154 678.191
1.06769 671.596
1.07382 669.388
1.07993 665.42
1.08607 663.853
1.09222 657.744
1.09836 655.9
1.10449 650.65
1.11063 644.956
1.11677 639.911
1.1229 638.061
1.12903 635.407
1.13518 630.441
1.14131 625.116
1.14745 620.527
1.15359 617.451
1.15973 620
1.16584 615.484
1.17197 607.453
1.17811 603.96
1.18424 600.632
1.19038 598.517
1.19652 596.986
1.20267 591.673
1.20881 590.323
1.21495 581.284
1.22108 580.733
1.2272 577.412
1.23334 572.579
1.23949 570.217
1.24562 565.903
1.25174 563.376
1.25789 559.754
1.26402 554.026
1.27014 552.825
1.27628 548.597
1.28244 545.674
1.28858 542.088
1.29471 540.6
1.30084 535.998
1.30697 533.958
1.31312 528.378
1.31925 524.747
1.32537 523.166
1.33151 520.587
1.33765 516.065
1.34378 510.872
1.34992 510.206
1.35606 505.888
1.3622 504.959
1.36833 500.423
1.37445 498.733
1.38059 496.039
1.38675 493.368
1.39288 487.5
1.39901 483.82
1.40515 482.888
1.4113 479.196
1.41742 475.071
1.42355 473.23
1.4297 470.123
1.43585 466.957
1.44198 463.895
1.44809 462.043
1.45423 457.543
1.46036 456.206
1.46649 454.078
1.47263 451.351
1.47877 447.015
1.48491 442.962
1.49104 441.4
1.49718 437.542
1.50333 437.4
1.50947 434.378
1.5156 429.312
1.52172 427.374
1.52787 425.263
1.534 422.352
1.54013 418.238
1.54627 417.296
1.55241 415.54
1.55855 412.854
1.56467 408.489
1.5708 406.073
