0.00783031 304.133
0.013688 884.308
0.019231 -3206.83
0.0249154 -2594.87
0.0312784 234.032
0.0375637 377.258
0.0433917 437.181
0.0492413 463.446
0.0555754 578.541
0.0619321 741.691
0.067871 577.9
0.0738098 649.531
0.0800417 854.687
0.0862327 716.644
0.0921407 951.689
0.0982031 729.151
0.104506 880.734
0.110769 1102.92
0.116806 942.58
0.122832 932.217
0.129052 925.289
0.135211 1129.99
0.141259 1060.99
0.147318 1082.47
0.153489 1074.76
0.159709 1039.12
0.165845 1152.01
0.171974 1101.29
0.178125 1168.38
0.184229 1144.78
0.19034 1134.27
0.196428 1126.95
0.202534 1201.08
0.208729 1161.09
0.214876 1159.63
0.220989 1236.92
0.227147 1189.42
0.23329 1147.31
0.239377 1185.11
0.245482 1200.33
0.251667 1189.71
0.257832 1197.99
0.263955 1179.77
0.270079 1167.95
0.27624 1203.21
0.282372 1212.03
0.28843 1193.42
0.294538 1191.99
0.300721 1201.12
0.30691 1204.91
0.313033 1162.69
0.319153 1198.07
0.325316 1179.51
0.33145 1162.31
0.337538 1190.78
0.343633 1155.54
0.349808 1158.71
0.355968 1179.22
0.362074 1176.44
0.368217 1167.87
0.374374 1167.11
0.380519 1171.64
0.386598 1185.77
0.392688 1172.2
0.39888 1156.94
0.405048 1156.82
0.411186 1160.1
0.417313 1131.32
0.423458 1139.59
0.429607 1137.44
0.435692 1151.97
0.441815 1131.66
0.447964 1127.08
0.454126 1123.58
0.460267 1123.12
0.466387 1119.86
0.47254 1105.85
0.478662 1115.37
0.484765 1114.41
0.490885 1103.16
0.497035 1099.31
0.503198 1107.14
0.509342 1093.98
0.515458 1096.4
0.521598 1085.54
0.527764 1084.67
0.533884 1077.23
0.54 1071.31
0.546137 1070.88
0.552299 1067
0.558452 1064
0.564573 1069.41
0.570708 1061.59
0.576825 1038.74
0.582926 1044.35
0.589034 1038.9
0.595184 1047.82
0.601379 1037.92
0.607522 1043.3
0.613639 1034.05
0.619772 1031.98
0.625918 1016.57
0.632068 1003.5
0.638161 1014.47
0.6443 1013.19
0.650464 1005.58
0.656582 998.923
0.662703 994.035
0.668861 994.874
0.675024 991.381
0.681124 989.475
0.687237 984.98
0.693381 978.538
0.699536 967.315
0.705665 972.798
0.711789 962.468
0.717957 960.479
0.72409 961.312
0.730186 957.583
0.736317 958.368
0.742472 948.11
0.748622 944.809
0.75476 946.782
0.760888 940.355
0.767043 933.538
0.773185 930.615
0.779291 921.791
0.785407 914.246
0.791564 917.289
0.797719 919.29
0.803834 911.912
0.809972 906.161
0.816124 900.901
0.822261 901.992
0.828378 895.747
0.834502 896.189
0.840667 889.107
0.846816 887.312
0.852925 886.555
0.859047 886.006
0.865192 877.185
0.871341 867.631
0.877463 868.417
0.883569 868.6
0.889708 858.8
0.895864 856.286
0.902008 855.242
0.908149 848.627
0.914301 849.734
0.920448 837.221
0.926574 835.406
0.932687 833.749
0.938823 834.904
0.944975 828.114
0.951105 828.719
0.957225 821.8
0.963368 818.166
0.969511 813.317
0.975621 815.287
0.981748 811.413
0.987916 806.432
0.99406 809.626
1.00019 801.85
1.00632 793.996
1.01246 791.01
1.01859 787.958
1.02471 786.54
1.03085 784.09
1.03698 773.161
1.04314 774.904
1.04929 770.748
1.05541 769.287
1.06154 763.841
1.06769 762.461
1.07382 759.271
1.07993 755.183
1.08607 755.164
1.09222 749.652
1.09836 744.74
1.10449 744.416
1.11063 742.697
1.11677 735.201
1.1229 733.708
1.12903 727.269
1.13518 728.251
1.14131 721.558
1.14745 719.378
1.15359 716.118
1.15973 715.271
1.16584 709.312
1.17197 709.833
1.17811 704.406
1.18424 701.89
1.19038 697.206
1.19652 692.631
1.20267 691.597
1.20881 687.071
1.21495 687.91
1.22108 685.186
1.2272 679.847
1.23334 674.165
1.23949 671.394
1.24562 668.457
1.25174 666.436
1.25789 664.953
1.26402 661.955
1.27014 658.425
1.27628 654.591
1.28244 650.495
1.28858 647.021
1.29471 644.143
1.30084 641.624
1.30697 640.014
1.31312 634.898
1.31925 635.888
1.32537 629.855
1.33151 627.435
1.33765 623.74
1.34378 619.011
1.34992 617.986
1.35606 617.413
1.3622 611.782
1.36833 609.964
1.37445 606.837
1.38059 604.68
1.38675 601.08
1.39288 601.306
1.39901 593.587
1.40515 592.603
1.4113 592.168
1.41742 586.033
1.42355 584.13
1.4297 583.233
1.43585 578.512
1.44198 575.864
1.44809 573.503
1.45423 571.313
1.46036 567.849
1.46649 567.685
1.47263 563.481
1.47877 560.69
1.48491 558.317
1.49104 555.694
1.49718 553.217
1.50333 550.946
1.50947 547.76
1.5156 545.597
1.52172 542.128
1.52787 540.597
1.534 535.412
1.54013 535.251
1.54627 531.83
1.55241 530.603
1.55855 526.62
1.56467 526.622
1.5708 523.773
