0.00783031 6873.95
0.013688 5707.79
0.019231 6257.15
0.0249154 6621.02
0.0312784 4731.13
0.0375637 4758.52
0.0433917 4457.1
0.0492413 4139.57
0.0555754 4110.13
0.0619321 4228.68
0.067871 3437.55
0.0738098 3462.65
0.0800417 3342.1
0.0862327 3097.08
0.0921407 2980.4
0.0982031 3022.77
0.104506 2527.59
0.110769 2439.22
0.116806 2246.85
0.122832 2261.22
0.129052 2163.53
0.135211 2056.85
0.141259 1960.92
0.147318 1873.55
0.153489 1735.7
0.159709 1683.26
0.165845 1578.02
0.171974 1584.18
0.178125 1473.04
0.184229 1456.32
0.19034 1430.61
0.196428 1333.85
0.202534 1328.74
0.208729 1288.34
0.214876 1212.5
0.220989 1167.82
0.227147 1136.15
0.23329 1123.35
0.239377 1041.18
0.245482 1012.59
0.251667 972.885
0.257832 987.227
0.263955 933.674
0.270079 879.062
0.27624 866.799
0.282372 832.407
0.28843 784.727
0.294538 794.349
0.300721 760.222
0.30691 744.118
0.313033 714.423
0.319153 692.769
0.325316 676.872
0.33145 666.681
0.337538 642.273
0.343633 625.561
0.349808 602.03
0.355968 570.367
0.362074 560.135
0.368217 550.766
0.374374 528.331
0.380519 517.678
0.386598 508.811
0.392688 480.488
0.39888 472.011
0.405048 456.886
0.411186 466.44
0.417313 436.165
0.423458 430.511
0.429607 409.847
0.435692 399.606
0.441815 384.493
0.447964 372.416
0.454126 365.469
0.460267 355.757
0.466387 348.694
0.47254 329.799
0.478662 323.234
0.484765 316.954
0.490885 303.72
0.497035 303.631
0.503198 295.016
0.509342 284.39
0.515458 266.373
0.521598 269.853
0.527764 267.518
0.533884 254.577
0.54 253.823
0.546137 237.017
0.552299 235.581
0.558452 216.801
0.564573 221.12
0.570708 208.241
0.576825 201.648
0.582926 205.963
0.589034 189.806
0.595184 186.118
0.601379 182.391
0.607522 181.095
0.613639 171.956
0.619772 166.998
0.625918 156.596
0.632068 158.397
0.638161 154.195
0.6443 145.575
0.650464 140.759
0.656582 137.887
0.662703 137.419
0.668861 132.097
0.675024 121.897
0.681124 126.477
0.687237 116.311
0.693381 108.45
0.699536 110.039
0.705665 107.589
0.711789 100.797
0.717957 103.88
0.72409 98.4282
0.730186 94.3678
0.736317 92.8804
0.742472 85.0613
0.748622 86.9366
0.75476 78.2504
0.760888 78.2175
0.767043 77.6164
0.773185 74.0207
0.779291 72.9672
0.785407 67.6815
0.791564 62.3908
0.797719 58.7643
0.803834 58.7875
0.809972 59.6996
0.816124 54.478
0.822261 52.2381
0.828378 47.8806
0.834502 47.7689
0.840667 43.337
0.846816 42.3074
0.852925 42.2343
0.859047 38.9628
0.865192 38.2631
0.871341 35.4465
0.877463 30.626
0.883569 31.3686
0.889708 28.5697
0.895864 29.4165
0.902008 26.2683
0.908149 24.8681
0.914301 23.691
0.920448 20.9795
0.926574 21.6267
0.932687 17.1258
0.938823 19.5757
0.944975 17.6397
0.951105 13.773
0.957225 13.7909
0.963368 11.086
0.969511 8.65149
0.975621 10.0604
0.981748 8.66486
0.987916 6.94655
0.99406 6.87521
1.00019 6.38647
1.00632 3.25457
1.01246 3.33738
1.01859 1.0973
1.02471 -2.10821
1.03085 -1.97691
1.03698 -1.73877
1.04314 -2.92524
1.04929 -2.57056
1.05541 -3.26491
1.06154 -4.97555
1.06769 -5.25485
1.07382 -6.44221
1.07993 -10.1121
1.08607 -9.7179
1.09222 -11.5636
1.09836 -11.8021
1.10449 -13.5001
1.11063 -13.8935
1.11677 -16.093
1.1229 -14.2513
1.12903 -17.4865
1.13518 -15.5743
1.14131 -18.1799
1.14745 -17.5596
1.15359 -18.1954
1.15973 -19.3832
1.16584 -20.3966
1.17197 -19.1145
1.17811 -20.1593
1.18424 -20.8408
1.19038 -22.7076
1.19652 -23.2082
1.20267 -22.7283
1.20881 -21.8952
1.21495 -24.0375
1.22108 -26.9747
1.2272 -25.5501
1.23334 -26.1524
1.23949 -26.2387
1.24562 -27.0212
1.25174 -27.4332
1.25789 -28.3857
1.26402 -28.0416
1.27014 -28.0141
1.27628 -27.7686
1.28244 -29.5531
1.28858 -30.8116
1.29471 -30.6034
1.30084 -29.9858
1.30697 -31.0871
1.31312 -31.4966
1.31925 -31.8445
1.32537 -31.5455
1.33151 -33.0019
1.33765 -32.2375
1.34378 -32.7151
1.34992 -33.1924
1.35606 -32.2149
1.3622 -34.094
1.36833 -34.0055
1.37445 -34.8082
1.38059 -35.2824
1.38675 -34.3816
1.39288 -36.44
1.39901 -36.3873
1.40515 -35.7701
1.4113 -36.5883
1.41742 -35.643
1.42355 -36.4633
1.4297 -35.639
1.43585 -37.3697
1.44198 -37.3707
1.44809 -38.3876
1.45423 -37.2422
1.46036 -38.37
1.46649 -37.9361
1.47263 -37.6342
1.47877 -39.3556
1.48491 -38.475
1.49104 -38.1688
1.49718 -38.7194
1.50333 -38.8048
1.50947 -39.3346
1.5156 -39.616
1.52172 -39.6278
1.52787 -39.9588
1.534 -40.859
1.54013 -40.3415
1.54627 -40.4599
1.55241 -40.9993
1.55855 -40.44
1.56467 -40.2791
1.5708 -40.2971
