0.00783031 -4.42676
0.013688 -9.65035
0.019231 -13.2895
0.0249154 -18.896
0.0312784 -25.4129
0.0375637 -28.8939
0.0433917 -33.2973
0.0492413 -37.2566
0.0555754 -41.3049
0.0619321 -46.0794
0.067871 -53.5872
0.0738098 -54.2363
0.0800417 -57.608
0.0862327 -59.0522
0.0921407 -59.0754
0.0982031 -58.5037
0.104506 -60.2644
0.110769 -63.9084
0.116806 -66.2138
0.122832 -68.7693
0.129052 -71.1659
0.135211 -73.5166
0.141259 -72.2385
0.147318 -72.8722
0.153489 -70.9918
0.159709 -71.2589
0.165845 -70.6347
0.171974 -71.7787
0.178125 -70.1754
0.184229 -72.3923
0.19034 -75.7525
0.196428 -74.4267
0.202534 -73.7847
0.208729 -75.0711
0.214876 -72.974
0.220989 -74.5176
0.227147 -72.8743
0.23329 -73.3685
0.239377 -72.7073
0.245482 -72.9453
0.251667 -73.3641
0.257832 -71.1202
0.263955 -70.6779
0.270079 -71.5319
0.27624 -71.031
0.282372 -69.6397
0.28843 -70.6088
0.294538 -70.027
0.300721 -69.3
0.30691 -68.527
0.313033 -70.0863
0.319153 -66.9939
0.325316 -67.8033
0.33145 -66.3656
0.337538 -66.7782
0.343633 -65.3269
0.349808 -65.3042
0.355968 -64.3385
0.362074 -63.9021
0.368217 -63.5607
0.374374 -62.9843
0.380519 -64.218
0.386598 -62.2036
0.392688 -61.4316
0.39888 -60.9581
0.405048 -60.8908
0.411186 -59.7869
0.417313 -59.6331
0.423458 -58.2287
0.429607 -59.088
0.435692 -57.5182
0.441815 -57.7177
0.447964 -57.2373
0.454126 -57.2066
0.460267 -55.9452
0.466387 -55.8751
0.47254 -55.0779
0.478662 -54.8643
0.484765 -53.5845
0.490885 -54.151
0.497035 -52.8858
0.503198 -53.2312
0.509342 -51.8718
0.515458 -52.0932
0.521598 -50.8437
0.527764 -51.0092
0.533884 -50.2186
0.54 -49.8891
0.546137 -49.0338
0.552299 -48.5543
0.558452 -48.3809
0.564573 -48.0734
0.570708 -47.8931
0.576825 -46.8181
0.582926 -46.6329
0.589034 -46.4708
0.595184 -45.2379
0.601379 -46.0677
0.607522 -45.0384
0.613639 -44.653
0.619772 -44.1561
0.625918 -44.0218
0.632068 -43.4223
0.638161 -43.0659
0.6443 -42.4934
0.650464 -42.4891
0.656582 -41.4983
0.662703 -41.4851
0.668861 -41.1831
0.675024 -40.8996
0.681124 -39.7196
0.687237 -40.0156
0.693381 -39.8029
0.699536 -39.098
0.705665 -38.3679
0.711789 -38.2736
0.717957 -38.2443
0.72409 -38.0461
0.730186 -37.188
0.736317 -37.0856
0.742472 -36.8355
0.748622 -36.3556
0.75476 -35.6756
0.760888 -36.1724
0.767043 -35.682
0.773185 -35.1571
0.779291 -34.3494
0.785407 -34.6022
0.791564 -33.8727
0.797719 -33.8702
0.803834 -33.9068
0.809972 -33.6371
0.816124 -33.6148
0.822261 -32.7993
0.828378 -32.7171
0.834502 -32.4061
0.840667 -32.2303
0.846816 -31.8813
0.852925 -31.3604
0.859047 -30.8651
0.865192 -30.6584
0.871341 -30.6513
0.877463 -30.5711
0.883569 -30.2965
0.889708 -30.0552
0.895864 -29.9914
0.902008 -29.5192
0.908149 -29.2806
0.914301 -28.9504
0.920448 -28.9394
0.926574 -28.5991
0.932687 -28.4969
0.938823 -28.1601
0.944975 -27.8445
0.951105 -27.7101
0.957225 -27.4123
0.963368 -27.5927
0.969511 -27.4251
0.975621 -27.3372
0.981748 -26.9431
0.987916 -26.2939
0.99406 -26.229
1.00019 -26.2209
1.00632 -26.1421
1.01246 -25.7352
1.01859 -25.8052
1.02471 -25.6562
1.03085 -25.5379
1.03698 -25.2831
1.04314 -24.9529
1.04929 -24.7793
1.05541 -24.4331
1.06154 -24.5406
1.06769 -24.4982
1.07382 -24.4995
1.07993 -24.4383
1.08607 -24.0622
1.09222 -24.3429
1.09836 -23.5667
1.10449 -23.7157
1.11063 -23.7898
1.11677 -23.5247
1.1229 -23.1294
1.12903 -23.1629
1.13518 -22.8551
1.14131 -22.9093
1.14745 -22.8093
1.15359 -22.5272
1.15973 -22.3436
1.16584 -22.7672
1.17197 -22.1321
1.17811 -22.1451
1.18424 -21.6272
1.19038 -21.8165
1.19652 -21.8263
1.20267 -21.4781
1.20881 -21.3219
1.21495 -21.1845
1.22108 -21.0838
1.2272 -21.1019
1.23334 -20.8018
1.23949 -20.9158
1.24562 -20.7419
1.25174 -20.7191
1.25789 -20.56
1.26402 -20.2268
1.27014 -20.4422
1.27628 -20.0079
1.28244 -19.8311
1.28858 -20.2166
1.29471 -20.0069
1.30084 -20.0029
1.30697 -19.8141
1.31312 -19.838
1.31925 -19.6114
1.32537 -19.4991
1.33151 -19.4194
1.33765 -19.336
1.34378 -19.1319
1.34992 -19.04
1.35606 -18.7975
1.3622 -18.7544
1.36833 -18.8981
1.37445 -18.7611
1.38059 -18.6264
1.38675 -18.4338
1.39288 -18.4273
1.39901 -18.4316
1.40515 -18.2742
1.4113 -18.238
1.41742 -18.0203
1.42355 -17.8931
1.4297 -17.9788
1.43585 -17.8884
1.44198 -17.9011
1.44809 -17.8555
1.45423 -17.6974
1.46036 -17.6514
1.46649 -17.4224
1.47263 -17.4818
1.47877 -17.3987
1.48491 -17.2146
1.49104 -17.391
1.49718 -16.948
1.50333 -17.0022
1.50947 -16.6803
1.5156 -16.9524
1.52172 -16.9513
1.52787 -16.7274
1.534 -16.7905
1.54013 -16.6675
1.54627 -16.2824
1.55241 -16.4796
1.55855 -16.2531
1.56467 -16.2047
1.5708 -15.9565
