0.00783031 1722.74
0.013688 2032.92
0.019231 -998.51
0.0249154 -55.4235
0.0312784 -800.869
0.0375637 186.539
0.0433917 46.201
0.0492413 1429.35
0.0555754 1365.05
0.0619321 1204.14
0.067871 990.736
0.0738098 1178.12
0.0800417 1324
0.0862327 1273.69
0.0921407 1461.28
0.0982031 1406.64
0.104506 1466.75
0.110769 1699.71
0.116806 1646.83
0.122832 1466.87
0.129052 1664.11
0.135211 1667.75
0.141259 1770.5
0.147318 1925.24
0.153489 1678.68
0.159709 1778.09
0.165845 1945.09
0.171974 1884.18
0.178125 1768.75
0.184229 1887.39
0.19034 1814.29
0.196428 1854.11
0.202534 1971.62
0.208729 1843.41
0.214876 1859.33
0.220989 1884.56
0.227147 1926.29
0.23329 1855.16
0.239377 1896.66
0.245482 1872.64
0.251667 1847.11
0.257832 1958.89
0.263955 1862.69
0.270079 1910.19
0.27624 1842.59
0.282372 1813.72
0.28843 1847.51
0.294538 1823.42
0.300721 1781.57
0.30691 1859.32
0.313033 1819.74
0.319153 1831.47
0.325316 1803.34
0.33145 1826.83
0.337538 1801.98
0.343633 1786.36
0.349808 1790.18
0.355968 1722.44
0.362074 1767.6
0.368217 1736.2
0.374374 1791.97
0.380519 1755.59
0.386598 1777.1
0.392688 1727.88
0.39888 1730.73
0.405048 1709.97
0.411186 1689.7
0.417313 1704.47
0.423458 1702.88
0.429607 1692.48
0.435692 1702.15
0.441815 1687.14
0.447964 1669.07
0.454126 1664.51
0.460267 1648.3
0.466387 1644.07
0.47254 1655.84
0.478662 1636.59
0.484765 1616.86
0.490885 1615.25
0.497035 1587.48
0.503198 1608.4
0.509342 1572.65
0.515458 1591.13
0.521598 1578.15
0.527764 1574.18
0.533884 1562.99
0.54 1552.65
0.546137 1539.53
0.552299 1529.46
0.558452 1520.43
0.564573 1507.85
0.570708 1531.38
0.576825 1497.01
0.582926 1486.9
0.589034 1494.46
0.595184 1486.36
0.601379 1475.2
0.607522 1465.45
0.613639 1454.92
0.619772 1451.35
0.625918 1445.01
0.632068 1439.07
0.638161 1429.48
0.6443 1428.06
0.650464 1412.05
0.656582 1403.58
0.662703 1398.51
0.668861 1392.05
0.675024 1388.91
0.681124 1362.38
0.687237 1362.19
0.693381 1368.76
0.699536 1356.77
0.705665 1346.19
0.711789 1346.04
0.717957 1332.44
0.72409 1317.66
0.730186 1313.82
0.736317 1309.1
0.742472 1304.54
0.748622 1291.16
0.75476 1291.37
0.760888 1278.45
0.767043 1271.96
0.773185 1266.8
0.779291 1261.87
0.785407 1253.36
0.791564 1241.48
0.797719 1241.96
0.803834 1229.98
0.809972 1218.33
0.816124 1223.24
0.822261 1215.54
0.828378 1216
0.834502 1205.61
0.840667 1186.25
0.846816 1185.76
0.852925 1180.27
0.859047 1171.68
0.865192 1163.38
0.871341 1163.93
0.877463 1149.4
0.883569 1146.63
0.889708 1143.08
0.895864 1133.03
0.902008 1130.16
0.908149 1118.09
0.914301 1113.44
0.920448 1104.21
0.926574 1101.96
0.932687 1095.13
0.938823 1090.42
0.944975 1077.65
0.951105 1077.59
0.957225 1071.19
0.963368 1065.68
0.969511 1061.46
0.975621 1049.43
0.981748 1045.4
0.987916 1034.65
0.99406 1031.26
1.00019 1030.48
1.00632 1021.44
1.01246 1012.64
1.01859 1009.05
1.02471 1005.9
1.03085 1001.91
1.03698 993.033
1.04314 988.416
1.04929 983.493
1.05541 978.227
1.06154 970.507
1.06769 968.471
1.07382 957.83
1.07993 954.358
1.08607 948.437
1.09222 941.24
1.09836 940.657
1.10449 934.547
1.11063 930.547
1.11677 928.163
1.1229 914.253
1.12903 912.437
1.13518 904.868
1.14131 903.648
1.14745 896.251
1.15359 894.823
1.15973 886.374
1.16584 881.576
1.17197 876.694
1.17811 875.064
1.18424 868.315
1.19038 863.92
1.19652 856.986
1.20267 853.309
1.20881 846.348
1.21495 843.194
1.22108 836.78
1.2272 835.45
1.23334 828.599
1.23949 823.357
1.24562 818.944
1.25174 816.438
1.25789 810.106
1.26402 803.192
1.27014 800.354
1.27628 793.65
1.28244 789.477
1.28858 789.733
1.29471 782.968
1.30084 779.22
1.30697 772.633
1.31312 769.255
1.31925 763.851
1.32537 759.865
1.33151 757.201
1.33765 753.02
1.34378 751.027
1.34992 745.186
1.35606 738.211
1.3622 735.088
1.36833 729.639
1.37445 728.915
1.38059 723.546
1.38675 719.726
1.39288 717.584
1.39901 710.078
1.40515 705.825
1.4113 704.6
1.41742 699.665
1.42355 695.637
1.4297 692.263
1.43585 687.797
1.44198 684.494
1.44809 677.741
1.45423 676.307
1.46036 673.115
1.46649 669.421
1.47263 664.879
1.47877 662.006
1.48491 658.28
1.49104 654.753
1.49718 650.645
1.50333 647.869
1.50947 643.634
1.5156 640.424
1.52172 636.858
1.52787 633.626
1.534 629.09
1.54013 628.474
1.54627 624.356
1.55241 620.254
1.55855 615.993
1.56467 611.594
1.5708 609.499
