0.00783031 18936.8
0.013688 23701.5
0.019231 23944.6
0.0249154 22014.3
0.0312784 19125.5
0.0375637 16755.7
0.0433917 14969.7
0.0492413 13252.1
0.0555754 12099.3
0.0619321 11506.8
0.067871 10722.1
0.0738098 10152.6
0.0800417 9188.45
0.0862327 8330.35
0.0921407 7865.19
0.0982031 6944.34
0.104506 6516.05
0.110769 6022.56
0.116806 5669.92
0.122832 5639.48
0.129052 5264.07
0.135211 5294.93
0.141259 5058.56
0.147318 4824.73
0.153489 4599.43
0.159709 4454.27
0.165845 4139.92
0.171974 4025.54
0.178125 3891.73
0.184229 3786.04
0.19034 3683.61
0.196428 3570.06
0.202534 3502.43
0.208729 3445.92
0.214876 3335.1
0.220989 3244.76
0.227147 3129.76
0.23329 3115.81
0.239377 3090.21
0.245482 2915.8
0.251667 2884.15
0.257832 2868.65
0.263955 2807.74
0.270079 2746.48
0.27624 2704.07
0.282372 2669.35
0.28843 2633.4
0.294538 2555.85
0.300721 2541.02
0.30691 2527.55
0.313033 2444.8
0.319153 2413.48
0.325316 2386.01
0.33145 2373.18
0.337538 2352.33
0.343633 2283.31
0.349808 2206.57
0.355968 2232.69
0.362074 2216.63
0.368217 2199.98
0.374374 2152.02
0.380519 2147.04
0.386598 2110.01
0.392688 2082.2
0.39888 2039.46
0.405048 2057.36
0.411186 2038.07
0.417313 2021.09
0.423458 1984.55
0.429607 1986.21
0.435692 1985.14
0.441815 1937.43
0.447964 1927.64
0.454126 1888.45
0.460267 1891.81
0.466387 1868.37
0.47254 1846.39
0.478662 1846.65
0.484765 1835.39
0.490885 1805
0.497035 1799.44
0.503198 1777.17
0.509342 1758.86
0.515458 1774.4
0.521598 1749.73
0.527764 1736.9
0.533884 1720.25
0.54 1708.53
0.546137 1701.48
0.552299 1692.75
0.558452 1674.08
0.564573 1658.62
0.570708 1663.29
0.576825 1650.73
0.582926 1630.77
0.589034 1617.23
0.595184 1622.48
0.601379 1603.29
0.607522 1596.49
0.613639 1581.7
0.619772 1570.16
0.625918 1565.49
0.632068 1554.2
0.638161 1549.33
0.6443 1538.2
0.650464 1518.73
0.656582 1517.02
0.662703 1506.3
0.668861 1499.25
0.675024 1502.91
0.681124 1482.26
0.687237 1468.93
0.693381 1467.41
0.699536 1454.76
0.705665 1451.72
0.711789 1448.92
0.717957 1432.9
0.72409 1429.09
0.730186 1418.43
0.736317 1417.47
0.742472 1408.45
0.748622 1389.1
0.75476 1391.01
0.760888 1393.91
0.767043 1381.12
0.773185 1352.03
0.779291 1361.16
0.785407 1358.6
0.791564 1346.27
0.797719 1346.54
0.803834 1331.05
0.809972 1321.92
0.816124 1328.04
0.822261 1317.42
0.828378 1317.74
0.834502 1306.91
0.840667 1297.64
0.846816 1287.51
0.852925 1286.04
0.859047 1270.73
0.865192 1271.66
0.871341 1266.24
0.877463 1260.38
0.883569 1257.95
0.889708 1252.98
0.895864 1242.23
0.902008 1230.15
0.908149 1230.29
0.914301 1224.15
0.920448 1220.79
0.926574 1212.55
0.932687 1207.55
0.938823 1200.04
0.944975 1189.31
0.951105 1192.14
0.957225 1187.65
0.963368 1180.6
0.969511 1176.25
0.975621 1165.4
0.981748 1158.04
0.987916 1154.96
0.99406 1148.52
1.00019 1147.41
1.00632 1137.51
1.01246 1134.3
1.01859 1132.43
1.02471 1122.63
1.03085 1119.97
1.03698 1109.29
1.04314 1106.78
1.04929 1097.33
1.05541 1097.7
1.06154 1093.81
1.06769 1086.4
1.07382 1079.93
1.07993 1081.83
1.08607 1069.32
1.09222 1065.45
1.09836 1066.53
1.10449 1057.06
1.11063 1053.33
1.11677 1051.15
1.1229 1042.03
1.12903 1036.03
1.13518 1033.19
1.14131 1025.83
1.14745 1026.08
1.15359 1019.08
1.15973 1014.62
1.16584 1006.99
1.17197 1003.2
1.17811 998.347
1.18424 996.514
1.19038 991.783
1.19652 987.199
1.20267 982.73
1.20881 975.515
1.21495 971.84
1.22108 966.915
1.2272 961.106
1.23334 958.697
1.23949 954.412
1.24562 948.282
1.25174 945.163
1.25789 942.994
1.26402 937.583
1.27014 932.032
1.27628 927.828
1.28244 922.028
1.28858 920.027
1.29471 916.238
1.30084 911.425
1.30697 906.777
1.31312 904.945
1.31925 899.762
1.32537 897.775
1.33151 890.759
1.33765 889.317
1.34378 883.231
1.34992 878.858
1.35606 874.076
1.3622 871.974
1.36833 866.5
1.37445 862.351
1.38059 860.159
1.38675 857.155
1.39288 852.533
1.39901 848.118
1.40515 844.999
1.4113 841.465
1.41742 836.177
1.42355 835.219
1.4297 828.056
1.43585 825.953
1.44198 821.861
1.44809 818.006
1.45423 814.173
1.46036 811.036
1.46649 805.516
1.47263 799.94
1.47877 798.004
1.48491 794.22
1.49104 791.979
1.49718 790.357
1.50333 783.826
1.50947 781.243
1.5156 776.46
1.52172 772.925
1.52787 771.235
1.534 766.536
1.54013 763.238
1.54627 759.87
1.55241 757.646
1.55855 753.664
1.56467 750.903
1.5708 745.519
