#  k  (h/Mpc)          P(k)  (Mpc/h)^3     P_linear(k)   P_NL(k) (Mpc/h)^3
     0.00783031         20132.2         20513.5           20402 
       0.013688         24897.9         25365.8         25170.4 
       0.019231           25224         25635.4         25378.2 
      0.0249154         23121.3         23617.7         23341.1 
      0.0312784         19790.6         20361.8         20072.2 
      0.0375637           17028         17287.6         17029.1 
      0.0433917         15020.3         15046.4         14768.3 
      0.0492413         13200.2         13439.5         13172.6 
      0.0555754         11937.9         12280.2         12034.8 
      0.0619321         11138.3         11423.3         11182.2 
       0.067871         10260.1         10674.3         10455.7 
      0.0738098         9601.27         9842.08         9530.37 
      0.0800417         8603.56         8856.08         8604.23 
      0.0862327         7609.22         7841.33          7739.8 
      0.0921407         7017.03         6940.55         6884.81 
      0.0982031         6130.79         6164.83         6243.98 
       0.104506         5621.69         5561.75         5737.32 
       0.110769         5149.88         5155.89         5263.08 
       0.116806         4768.09         4889.47         4964.46 
       0.122832         4709.27         4677.07         4752.13 
       0.129052         4364.66         4453.97         4522.27 
       0.135211         4279.03         4193.92         4269.83 
       0.141259         4039.89         3896.12         4050.54 
       0.147318         3821.66         3576.26         3807.16 
       0.153489         3551.84          3260.5         3472.32 
       0.159709         3366.22         2982.04         3265.67 
       0.165845          3112.6         2764.14         3130.37 
       0.171974         2993.63         2604.93         2961.41 
       0.178125         2861.75          2488.7         2879.78 
       0.184229          2738.3          2396.6         2743.09 
        0.19034         2639.92         2308.28         2640.78 
       0.196428         2526.75         2211.01            2533 
       0.202534         2431.05         2098.34         2448.32 
       0.208729         2383.33         1971.83          2315.9 
       0.214876         2270.85         1845.05         2253.38 
       0.220989         2187.31         1727.42         2179.44 
       0.227147         2084.05          1625.3         2105.71 
        0.23329         2053.85          1542.2         2040.86 
       0.239377         2015.61         1476.79         1962.14 
       0.245482         1886.98         1423.17         1881.11 
       0.251667         1837.09         1374.77          1839.5 
       0.257832         1822.95         1326.38         1781.24 
       0.263955         1764.46         1274.55         1732.73 
       0.270079         1701.37         1218.63         1683.96 
        0.27624         1668.38         1160.63         1632.19 
       0.282372         1624.29         1104.16         1604.22 
        0.28843          1588.4         1052.29         1569.55 
       0.294538         1527.32         1005.98         1521.93 
       0.300721          1505.6         965.772         1476.82 
        0.30691         1475.28         931.185         1457.29 
       0.313033         1422.18         900.669         1412.21 
       0.319153         1390.01         871.904         1373.99 
       0.325316         1366.22         843.127         1354.28 
        0.33145         1351.21         813.802         1308.65 
       0.337538         1322.91         783.968         1289.04 
       0.343633         1271.72         754.209         1273.23 
       0.349808         1221.91         725.137         1252.72 
       0.355968         1229.03         698.007         1228.96 
       0.362074         1205.35         673.396         1205.73 
       0.368217          1190.5         651.053         1177.75 
       0.374374          1156.9         630.664         1155.05 
       0.380519         1149.59         611.687         1134.08 
       0.386598          1120.9         593.734         1119.14 
       0.392688         1100.73         576.093         1099.03 
        0.39888         1068.71         558.266         1080.83 
       0.405048         1069.99         540.636         1062.65 
       0.411186         1053.19         523.443         1045.26 
       0.417313         1036.11         506.946         1032.01 
       0.423458          1014.8         491.257         1012.47 
       0.429607         1006.89         476.511         996.142 
       0.435692         1001.23         462.871         974.373 
       0.441815         972.234          450.01         971.353 
       0.447964         960.401         437.712         961.022 
       0.454126         937.405         425.821         934.613 
       0.460267         930.903         414.316         932.964 
       0.466387         913.519         403.106         917.372 
        0.47254         897.823         392.064         904.495 
       0.478662         895.717          381.36         891.387 
       0.484765         884.483         371.082         882.092 
       0.490885         865.442         361.225         865.542 
       0.497035          857.12         351.758         858.122 
       0.503198         840.432         342.709         848.092 
       0.509342         828.756         334.099         833.605 
       0.515458         830.601         325.875         827.949 
       0.521598         815.294         317.898         819.807 
       0.527764         805.634         310.109         812.946 
       0.533884         794.604         302.587         804.268 
           0.54         783.612         295.284         794.874 
       0.546137         777.699         288.166         786.409 
       0.552299         771.617         281.241         775.648 
       0.558452         758.007         274.572         769.557 
       0.564573         746.856         268.183         762.401 
       0.570708         745.515         262.019         752.148 
       0.576825         736.687         256.088         743.076 
       0.582926          723.61         250.362         738.298 
       0.589034         715.109           244.8         728.032 
       0.595184         712.479         239.361         720.603 
       0.601379         702.635         234.048         714.925 
       0.607522          695.75         228.943         704.237 
       0.613639         688.333         224.008         701.679 
       0.619772         677.602         219.199         699.531 
       0.625918          673.94         214.523           690.2 
       0.632068         666.269         209.989         686.291 
       0.638161         661.619          205.63         676.345 
         0.6443         653.361         201.363         670.277 
       0.650464         642.543         197.204         662.339 
       0.656582         640.724         193.195         658.243 
       0.662703         633.074         189.299         653.513 
       0.668861         625.229         185.491         650.291 
       0.675024         626.726         181.786         645.456 
       0.681124         614.074         178.221         636.687 
       0.687237         607.383         174.746         631.235 
       0.693381         602.966         171.349         625.446 
       0.699536         596.834         168.039         621.256 
       0.705665          593.04         164.831         613.993 
       0.711789         589.294         161.707         609.356 
       0.717957         579.449         158.644         608.165 
        0.72409         576.454         155.679         602.232 
       0.730186         569.798          152.81         595.922 
       0.736317         567.144         150.001         592.075 
       0.742472         561.206         147.254         588.343 
       0.748622         552.432         144.576          582.11 
        0.75476         550.182         141.968         582.029 
       0.760888         549.699         139.429           575.8 
       0.767043         542.244         136.944         568.615 
       0.773185         529.052         134.528         565.263 
       0.779291         530.674         132.185         560.659 
       0.785407         527.759         129.892         557.459 
       0.791564          520.96         127.639         555.564 
       0.797719         518.517         125.442         550.541 
       0.803834         512.215         123.312         546.859 
       0.809972         505.652         121.224         543.072 
       0.816124         506.664         119.178         537.397 
       0.822261         501.046         117.186         534.604 
       0.828378         499.325         115.246         530.669 
       0.834502         493.982         113.351         528.875 
       0.840667         487.932         111.487         524.891 
       0.846816         482.567         109.669         520.762 
       0.852925         480.493         107.902         517.784 
       0.859047         473.491          106.17         513.104 
       0.865192         471.348          104.47         510.016 
       0.871341          468.59         102.807         506.384 
       0.877463          464.51         101.188         503.432 
       0.883569         462.456           99.61          501.27 
       0.889708         458.131         98.0585         496.524 
       0.895864         453.045         96.5361         493.723 
       0.902008         447.128         95.0488         490.433 
       0.908149         445.378         93.5935         485.377 
       0.914301          441.86         92.1665         481.772 
       0.920448          438.99         90.7712         480.905 
       0.926574          434.35         89.4101         477.962 
       0.932687         431.338         88.0802         473.294 
       0.938823         428.299         86.7728         471.922 
       0.944975          422.11         85.4889         469.073 
       0.951105         421.802         84.2354         465.903 
       0.957225           418.6          83.009         462.655 
       0.963368         414.994         81.8028         459.815 
       0.969511         412.175         80.6209         456.807 
       0.975621          407.18         79.4694         454.319 
       0.981748         402.976          78.338          451.84 
       0.987916         400.798         77.2216         449.355 
        0.99406         396.734         76.1311         446.431 
        1.00019         395.535         75.0638         442.652 
        1.00632         391.421          74.018         440.061 
        1.01246         388.857         72.9909          437.43 
        1.01859         386.593         71.9852          434.69 
        1.02471         381.644         71.0001         432.302 
        1.03085         380.031         70.0302         430.831 
        1.03698         375.433         69.0805           429.1 
        1.04314         373.361         68.1442         425.571 
        1.04929         369.024          67.227         422.131 
        1.05541         368.125         66.3297         419.711 
        1.06154         365.514         65.4464         417.619 
        1.06769         361.842         64.5783         414.608 
        1.07382         358.489         63.7301         411.904 
        1.07993         358.359         62.9005         410.011 
        1.08607          352.86         62.0832         407.479 
        1.09222         350.302         61.2799         405.191 
        1.09836          349.84         60.4912         403.296 
        1.10449         345.151         59.7167         401.712 
        1.11063         343.612         58.9542         398.537 
        1.11677          341.89         58.2047         396.423 
         1.1229         337.596         57.4691         393.804 
        1.12903         334.879         56.7453          392.03 
        1.13518          332.94         56.0336         388.783 
        1.14131         329.188          55.335         387.644 
        1.14745         328.358         54.6494         384.581 
        1.15359         324.991         53.9759         383.382 
        1.15973         322.358          53.314         381.089 
        1.16584         318.947         52.6667         379.054 
        1.17197         317.328         52.0295         377.377 
        1.17811         314.542         51.4006         374.629 
        1.18424         313.098         50.7833         372.402 
        1.19038          310.35         50.1735          371.22 
        1.19652         308.105         49.5734         368.291 
        1.20267         305.798         48.9833         366.436 
        1.20881         303.286         48.4039         364.926 
        1.21495         300.592         47.8363         362.286 
        1.22108         298.196         47.2789         359.992 
         1.2272         296.109         46.7319         359.043 
        1.23334         294.401         46.1919         356.657 
        1.23949         292.345         45.6581         354.756 
        1.24562          289.14         45.1334         352.657 
        1.25174         287.394         44.6172         351.084 
        1.25789         286.051         44.1075         348.822 
        1.26402         283.054         43.6069         347.609 
        1.27014          280.73         43.1155         345.363 
        1.27628         278.655         42.6304         344.248 
        1.28244         276.304         42.1518         342.606 
        1.28858         274.901         41.6809         340.478 
        1.29471         273.228         41.2183         337.991 
        1.30084         270.674         40.7632         335.917 
        1.30697         268.507         40.3146         334.856 
        1.31312         267.206         39.8726         333.135 
        1.31925          265.17          39.439         331.159 
        1.32537         263.755         39.0126          329.19 
        1.33151         260.529         38.5911         327.926 
        1.33765         259.214         38.1759         326.362 
        1.34378          257.07         37.7675         324.073 
        1.34992         254.926         37.3645         322.575 
        1.35606         253.064         36.9663         320.656 
         1.3622         251.612         36.5745         319.517 
        1.36833         249.132         36.1891         318.305 
        1.37445          247.38         35.8094         315.793 
        1.38059         246.288          35.434         314.721 
        1.38675         244.357         35.0633         313.396 
        1.39288          242.24         34.6997         311.251 
        1.39901         240.629         34.3416         309.548 
        1.40515         238.648          33.988         308.017 
         1.4113         236.887         33.6394         306.267 
        1.41742         235.096         33.2967          304.59 
        1.42355         233.929         32.9578         303.438 
         1.4297         231.527         32.6223         301.328 
        1.43585         230.213         32.2915         300.584 
        1.44198         227.974         31.9668         298.765 
        1.44809          226.79         31.6477         297.196 
        1.45423         224.909         31.3323         295.329 
        1.46036         223.566         31.0223         294.105 
        1.46649         221.613         30.7165         292.844 
        1.47263         219.002         30.4145         291.054 
        1.47877         218.043         30.1163         289.253 
        1.48491         216.397         29.8212         287.663 
        1.49104         215.172         29.5304         286.676 
        1.49718         214.274          29.243         285.836 
        1.50333          211.44         28.9588         283.551 
        1.50947         210.612         28.6791         282.096 
         1.5156         208.307         28.4036         281.309 
        1.52172         207.166          28.132         279.836 
        1.52787         205.642         27.8635         278.436 
          1.534         204.096         27.5991         276.889 
        1.54013         202.767         27.3387         275.619 
        1.54627         201.268         27.0814         274.639 
        1.55241         200.039         26.8275         273.375 
        1.55855         198.301         26.5771         271.725 
        1.56467          197.02         26.3303         270.203 
         1.5708         195.191         26.0858         268.894 
