0.00783031 11115.7
0.013688 7673.7
0.019231 8963.77
0.0249154 8741.43
0.0312784 8772.33
0.0375637 9350.7
0.0433917 9162.15
0.0492413 8711.93
0.0555754 8570.5
0.0619321 9059.22
0.067871 8307.69
0.0738098 7628.36
0.0800417 8271.52
0.0862327 7779.25
0.0921407 7929.2
0.0982031 7468.4
0.104506 7513.45
0.110769 7173.75
0.116806 7078.67
0.122832 7237.1
0.129052 6666.62
0.135211 6893.45
0.141259 6646.31
0.147318 6542.03
0.153489 6454.74
0.159709 6397.63
0.165845 6207.75
0.171974 6176.44
0.178125 6034.14
0.184229 6053.32
0.19034 5896.67
0.196428 5921.81
0.202534 5873.26
0.208729 5702.11
0.214876 5614.27
0.220989 5667.32
0.227147 5488.82
0.23329 5483.4
0.239377 5402.83
0.245482 5332.22
0.251667 5242.35
0.257832 5232.24
0.263955 5153.38
0.270079 5064.43
0.27624 5025.62
0.282372 4986.9
0.28843 4961.09
0.294538 4908.34
0.300721 4895.97
0.30691 4811.4
0.313033 4696.66
0.319153 4734.49
0.325316 4635.51
0.33145 4623.75
0.337538 4623.93
0.343633 4608.94
0.349808 4478.23
0.355968 4494.47
0.362074 4496.7
0.368217 4516.39
0.374374 4392.59
0.380519 4408.21
0.386598 4347.9
0.392688 4312.21
0.39888 4242.42
0.405048 4254.07
0.411186 4256.23
0.417313 4269.62
0.423458 4167.83
0.429607 4177.12
0.435692 4140.11
0.441815 4095.66
0.447964 4097.58
0.454126 4083.73
0.460267 4059.45
0.466387 4035.92
0.47254 3989.24
0.478662 3978.21
0.484765 3975.06
0.490885 3982.9
0.497035 3947.85
0.503198 3898.87
0.509342 3882.85
0.515458 3888.91
0.521598 3882.09
0.527764 3879.53
0.533884 3851.32
0.54 3829.46
0.546137 3817.32
0.552299 3774.67
0.558452 3775.42
0.564573 3777.08
0.570708 3785.15
0.576825 3736.62
0.582926 3745.87
0.589034 3719.47
0.595184 3732.77
0.601379 3710.11
0.607522 3689.67
0.613639 3653.99
0.619772 3657.27
0.625918 3635.01
0.632068 3619.89
0.638161 3612.7
0.6443 3615.45
0.650464 3591.86
0.656582 3573.12
0.662703 3565.56
0.668861 3576.22
0.675024 3569.49
0.681124 3549.29
0.687237 3525.09
0.693381 3532.95
0.699536 3521.67
0.705665 3509.74
0.711789 3502.94
0.717957 3508.44
0.72409 3489.11
0.730186 3484.99
0.736317 3479.18
0.742472 3471.95
0.748622 3437.7
0.75476 3457.62
0.760888 3459.53
0.767043 3433.12
0.773185 3400.71
0.779291 3401.88
0.785407 3414.83
0.791564 3410.62
0.797719 3407.46
0.803834 3396.78
0.809972 3374.25
0.816124 3387.38
0.822261 3386.72
0.828378 3393.13
0.834502 3377.23
0.840667 3375.95
0.846816 3341.63
0.852925 3336.12
0.859047 3338.4
0.865192 3338.78
0.871341 3324.12
0.877463 3328.49
0.883569 3326.22
0.889708 3318.02
0.895864 3316.03
0.902008 3295.8
0.908149 3288.32
0.914301 3294.59
0.920448 3288.09
0.926574 3272.44
0.932687 3274.84
0.938823 3251.16
0.944975 3247.74
0.951105 3264.56
0.957225 3266.89
0.963368 3249.63
0.969511 3247.65
0.975621 3243.37
0.981748 3232.56
0.987916 3226.18
0.99406 3215.16
1.00019 3222.52
1.00632 3211.28
1.01246 3215.04
1.01859 3212.07
1.02471 3207.14
1.03085 3183.26
1.03698 3182.26
1.04314 3175.09
1.04929 3171.36
1.05541 3179.43
1.06154 3168.85
1.06769 3157.79
1.07382 3156.04
1.07993 3158.82
1.08607 3144.97
1.09222 3145.88
1.09836 3162.59
1.10449 3154.53
1.11063 3133.31
1.11677 3142.69
1.1229 3126.55
1.12903 3112.21
1.13518 3121.39
1.14131 3106.12
1.14745 3106.54
1.15359 3102.31
1.15973 3095.18
1.16584 3095.88
1.17197 3084.2
1.17811 3079.88
1.18424 3080.98
1.19038 3084.91
1.19652 3079.87
1.20267 3070.48
1.20881 3050.77
1.21495 3062.06
1.22108 3060.27
1.2272 3056.75
1.23334 3056.78
1.23949 3046.58
1.24562 3044.5
1.25174 3033.02
1.25789 3036.35
1.26402 3031.69
1.27014 3022.56
1.27628 3016.38
1.28244 3018.82
1.28858 3007.16
1.29471 3000.78
1.30084 3002.51
1.30697 3006.03
1.31312 3006.9
1.31925 2993.98
1.32537 2993.4
1.33151 2982.26
1.33765 2984.38
1.34378 2979.34
1.34992 2979.04
1.35606 2967.08
1.3622 2969.78
1.36833 2961.58
1.37445 2964.72
1.38059 2947.29
1.38675 2957.66
1.39288 2948.35
1.39901 2942.33
1.40515 2943.18
1.4113 2938.83
1.41742 2929.81
1.42355 2924.02
1.4297 2922
1.43585 2921.09
1.44198 2914.43
1.44809 2906.85
1.45423 2900.21
1.46036 2908.07
1.46649 2897.72
1.47263 2888.35
1.47877 2876.81
1.48491 2880.73
1.49104 2883.25
1.49718 2876.46
1.50333 2863.76
1.50947 2866.56
1.5156 2857.29
1.52172 2853.42
1.52787 2852.8
1.534 2849.59
1.54013 2844.19
1.54627 2843.47
1.55241 2840.35
1.55855 2827.57
1.56467 2831.71
1.5708 2817.11
