0.00783031 4767
0.013688 3360.48
0.019231 3494.64
0.0249154 3321.5
0.0312784 3142.26
0.0375637 3079.4
0.0433917 2771.6
0.0492413 2757.13
0.0555754 2480.3
0.0619321 2463.39
0.067871 2246.61
0.0738098 2071.05
0.0800417 2101.51
0.0862327 1876.44
0.0921407 1805.08
0.0982031 1717.36
0.104506 1656.84
0.110769 1519.84
0.116806 1470.73
0.122832 1449.55
0.129052 1349.06
0.135211 1344.14
0.141259 1228.56
0.147318 1207.45
0.153489 1148.03
0.159709 1114.91
0.165845 1073.01
0.171974 1059.35
0.178125 1016.85
0.184229 963.9
0.19034 933.671
0.196428 910.958
0.202534 919.166
0.208729 866.581
0.214876 836.088
0.220989 834.175
0.227147 810.437
0.23329 782.427
0.239377 747.638
0.245482 730.111
0.251667 704.121
0.257832 692.395
0.263955 683.462
0.270079 657.327
0.27624 653.518
0.282372 624.847
0.28843 625.419
0.294538 613.861
0.300721 598.489
0.30691 580.409
0.313033 557.888
0.319153 560.708
0.325316 550.589
0.33145 531.251
0.337538 530.066
0.343633 513.385
0.349808 515.991
0.355968 498.632
0.362074 490.223
0.368217 487.447
0.374374 468.535
0.380519 468.241
0.386598 452.451
0.392688 453.84
0.39888 442.779
0.405048 434.019
0.411186 427.814
0.417313 425.146
0.423458 414.49
0.429607 407.713
0.435692 403.71
0.441815 403.294
0.447964 389.093
0.454126 387.225
0.460267 381.301
0.466387 376.4
0.47254 373.197
0.478662 366.569
0.484765 366.301
0.490885 356.671
0.497035 352.504
0.503198 349.13
0.509342 342.412
0.515458 342.986
0.521598 336.161
0.527764 335.82
0.533884 329.194
0.54 329.455
0.546137 323.821
0.552299 319.222
0.558452 318.141
0.564573 313.857
0.570708 312.506
0.576825 307.072
0.582926 303.919
0.589034 302.21
0.595184 296.098
0.601379 295.992
0.607522 292.789
0.613639 289.537
0.619772 286.472
0.625918 284.324
0.632068 281.992
0.638161 280.343
0.6443 278.028
0.650464 276.241
0.656582 273.266
0.662703 271.929
0.668861 268.328
0.675024 267.578
0.681124 264.441
0.687237 262.988
0.693381 261.18
0.699536 257.787
0.705665 257.772
0.711789 255.586
0.717957 252.133
0.72409 252.007
0.730186 249.982
0.736317 249.959
0.742472 247.202
0.748622 245.548
0.75476 242.369
0.760888 241.81
0.767043 241.847
0.773185 238.358
0.779291 239.32
0.785407 236.737
0.791564 234.238
0.797719 233.45
0.803834 232.928
0.809972 231.883
0.816124 230.539
0.822261 227.847
0.828378 229.152
0.834502 225.235
0.840667 225.777
0.846816 224.24
0.852925 221.782
0.859047 220.979
0.865192 220.736
0.871341 218.202
0.877463 217.803
0.883569 216.287
0.889708 216.498
0.895864 214.199
0.902008 214.603
0.908149 213.267
0.914301 212.004
0.920448 211.172
0.926574 209.833
0.932687 207.95
0.938823 208.932
0.944975 206.97
0.951105 205.809
0.957225 204.375
0.963368 204.516
0.969511 203.232
0.975621 203.249
0.981748 202.765
0.987916 201.624
0.99406 200.085
1.00019 199.116
1.00632 198.385
1.01246 197.497
1.01859 196.969
1.02471 196.856
1.03085 195.608
1.03698 195.331
1.04314 194.473
1.04929 192.809
1.05541 192.633
1.06154 191.63
1.06769 191.78
1.07382 191.086
1.07993 189.359
1.08607 189.33
1.09222 189.368
1.09836 187.597
1.10449 187.682
1.11063 186.979
1.11677 185.39
1.1229 185.931
1.12903 184.973
1.13518 183.813
1.14131 183.296
1.14745 181.925
1.15359 182.969
1.15973 181.766
1.16584 181.703
1.17197 180.622
1.17811 179.725
1.18424 179.502
1.19038 178.839
1.19652 179.006
1.20267 178.015
1.20881 177.149
1.21495 176.146
1.22108 176.266
1.2272 175.677
1.23334 175.953
1.23949 175.994
1.24562 173.778
1.25174 174.272
1.25789 173.236
1.26402 173.255
1.27014 172.332
1.27628 172.048
1.28244 171.222
1.28858 171.178
1.29471 170.246
1.30084 170.054
1.30697 169.601
1.31312 169.238
1.31925 169.609
1.32537 168.449
1.33151 167.603
1.33765 167.384
1.34378 166.723
1.34992 166.737
1.35606 166.309
1.3622 165.43
1.36833 165.144
1.37445 164.851
1.38059 164.154
1.38675 163.867
1.39288 164.057
1.39901 163.277
1.40515 162.819
1.4113 162.158
1.41742 162.682
1.42355 161.457
1.4297 160.84
1.43585 160.826
1.44198 160.403
1.44809 159.988
1.45423 159.619
1.46036 159.142
1.46649 158.89
1.47263 158.597
1.47877 158.188
1.48491 157.871
1.49104 156.812
1.49718 157.381
1.50333 156.875
1.50947 156.258
1.5156 155.765
1.52172 155.892
1.52787 155.546
1.534 154.825
1.54013 154.732
1.54627 154.258
1.55241 153.873
1.55855 153.52
1.56467 153.098
1.5708 152.663
