0.00783031 20132.2
0.013688 24897.9
0.019231 25224
0.0249154 23121.3
0.0312784 19790.6
0.0375637 17028
0.0433917 15020.3
0.0492413 13200.2
0.0555754 11937.9
0.0619321 11138.3
0.067871 10260.1
0.0738098 9601.27
0.0800417 8603.56
0.0862327 7609.22
0.0921407 7017.03
0.0982031 6130.79
0.104506 5621.69
0.110769 5149.88
0.116806 4768.09
0.122832 4709.27
0.129052 4364.66
0.135211 4279.03
0.141259 4039.89
0.147318 3821.66
0.153489 3551.84
0.159709 3366.22
0.165845 3112.6
0.171974 2993.63
0.178125 2861.75
0.184229 2738.3
0.19034 2639.92
0.196428 2526.75
0.202534 2431.05
0.208729 2383.33
0.214876 2270.85
0.220989 2187.31
0.227147 2084.05
0.23329 2053.85
0.239377 2015.61
0.245482 1886.98
0.251667 1837.09
0.257832 1822.95
0.263955 1764.46
0.270079 1701.37
0.27624 1668.38
0.282372 1624.29
0.28843 1588.4
0.294538 1527.32
0.300721 1505.6
0.30691 1475.28
0.313033 1422.18
0.319153 1390.01
0.325316 1366.22
0.33145 1351.21
0.337538 1322.91
0.343633 1271.72
0.349808 1221.91
0.355968 1229.03
0.362074 1205.35
0.368217 1190.5
0.374374 1156.9
0.380519 1149.59
0.386598 1120.9
0.392688 1100.73
0.39888 1068.71
0.405048 1069.99
0.411186 1053.19
0.417313 1036.11
0.423458 1014.8
0.429607 1006.89
0.435692 1001.23
0.441815 972.234
0.447964 960.401
0.454126 937.405
0.460267 930.903
0.466387 913.519
0.47254 897.823
0.478662 895.717
0.484765 884.483
0.490885 865.442
0.497035 857.12
0.503198 840.432
0.509342 828.756
0.515458 830.601
0.521598 815.294
0.527764 805.634
0.533884 794.604
0.54 783.612
0.546137 777.699
0.552299 771.617
0.558452 758.007
0.564573 746.856
0.570708 745.515
0.576825 736.687
0.582926 723.61
0.589034 715.109
0.595184 712.479
0.601379 702.635
0.607522 695.75
0.613639 688.333
0.619772 677.602
0.625918 673.94
0.632068 666.269
0.638161 661.619
0.6443 653.361
0.650464 642.543
0.656582 640.724
0.662703 633.074
0.668861 625.229
0.675024 626.726
0.681124 614.074
0.687237 607.383
0.693381 602.966
0.699536 596.834
0.705665 593.04
0.711789 589.294
0.717957 579.449
0.72409 576.454
0.730186 569.798
0.736317 567.144
0.742472 561.206
0.748622 552.432
0.75476 550.182
0.760888 549.699
0.767043 542.244
0.773185 529.052
0.779291 530.674
0.785407 527.759
0.791564 520.96
0.797719 518.517
0.803834 512.215
0.809972 505.652
0.816124 506.664
0.822261 501.046
0.828378 499.325
0.834502 493.982
0.840667 487.932
0.846816 482.567
0.852925 480.493
0.859047 473.491
0.865192 471.348
0.871341 468.59
0.877463 464.51
0.883569 462.456
0.889708 458.131
0.895864 453.045
0.902008 447.128
0.908149 445.378
0.914301 441.86
0.920448 438.99
0.926574 434.35
0.932687 431.338
0.938823 428.299
0.944975 422.11
0.951105 421.802
0.957225 418.6
0.963368 414.994
0.969511 412.175
0.975621 407.18
0.981748 402.976
0.987916 400.798
0.99406 396.734
1.00019 395.535
1.00632 391.421
1.01246 388.857
1.01859 386.593
1.02471 381.644
1.03085 380.031
1.03698 375.433
1.04314 373.361
1.04929 369.024
1.05541 368.125
1.06154 365.514
1.06769 361.842
1.07382 358.489
1.07993 358.359
1.08607 352.86
1.09222 350.302
1.09836 349.84
1.10449 345.151
1.11063 343.612
1.11677 341.89
1.1229 337.596
1.12903 334.879
1.13518 332.94
1.14131 329.188
1.14745 328.358
1.15359 324.991
1.15973 322.358
1.16584 318.947
1.17197 317.328
1.17811 314.542
1.18424 313.098
1.19038 310.35
1.19652 308.105
1.20267 305.798
1.20881 303.286
1.21495 300.592
1.22108 298.196
1.2272 296.109
1.23334 294.401
1.23949 292.345
1.24562 289.14
1.25174 287.394
1.25789 286.051
1.26402 283.054
1.27014 280.73
1.27628 278.655
1.28244 276.304
1.28858 274.901
1.29471 273.228
1.30084 270.674
1.30697 268.507
1.31312 267.206
1.31925 265.17
1.32537 263.755
1.33151 260.529
1.33765 259.214
1.34378 257.07
1.34992 254.926
1.35606 253.064
1.3622 251.612
1.36833 249.132
1.37445 247.38
1.38059 246.288
1.38675 244.357
1.39288 242.24
1.39901 240.629
1.40515 238.648
1.4113 236.887
1.41742 235.096
1.42355 233.929
1.4297 231.527
1.43585 230.213
1.44198 227.974
1.44809 226.79
1.45423 224.909
1.46036 223.566
1.46649 221.613
1.47263 219.002
1.47877 218.043
1.48491 216.397
1.49104 215.172
1.49718 214.274
1.50333 211.44
1.50947 210.612
1.5156 208.307
1.52172 207.166
1.52787 205.642
1.534 204.096
1.54013 202.767
1.54627 201.268
1.55241 200.039
1.55855 198.301
1.56467 197.02
1.5708 195.191
