0.00783031 5725.14
0.013688 7589.92
0.019231 6747.56
0.0249154 5756.6
0.0312784 5607.67
0.0375637 5030.66
0.0433917 4197.12
0.0492413 4497.27
0.0555754 4302
0.0619321 3705.23
0.067871 3410.84
0.0738098 3287.5
0.0800417 2968.4
0.0862327 2933.1
0.0921407 2959.93
0.0982031 2640.43
0.104506 2624.56
0.110769 2506.08
0.116806 2406.92
0.122832 2066.62
0.129052 2013.96
0.135211 2007.14
0.141259 1864.28
0.147318 1727.43
0.153489 1745.13
0.159709 1692.75
0.165845 1623.37
0.171974 1500.99
0.178125 1482.16
0.184229 1380.03
0.19034 1407.17
0.196428 1315.02
0.202534 1280.06
0.208729 1190.06
0.214876 1119.62
0.220989 1109.36
0.227147 1069.33
0.23329 1065.78
0.239377 1002.47
0.245482 964.897
0.251667 951.865
0.257832 920.734
0.263955 878.836
0.270079 871.427
0.27624 825.929
0.282372 799.952
0.28843 780.407
0.294538 749.718
0.300721 749.723
0.30691 714.149
0.313033 689.521
0.319153 671.299
0.325316 668.011
0.33145 632.758
0.337538 625.308
0.343633 600.916
0.349808 587.789
0.355968 576.06
0.362074 549.062
0.368217 537.598
0.374374 532.302
0.380519 521.664
0.386598 497.639
0.392688 491.727
0.39888 474.804
0.405048 469.106
0.411186 455.899
0.417313 442.442
0.423458 438.728
0.429607 427.227
0.435692 415.927
0.441815 405.372
0.447964 393.777
0.454126 379.06
0.460267 381.704
0.466387 360.336
0.47254 357.074
0.478662 344.487
0.484765 335.99
0.490885 328.996
0.497035 323.294
0.503198 309.826
0.509342 305.799
0.515458 305.621
0.521598 301.164
0.527764 286.469
0.533884 282.094
0.54 270.807
0.546137 268.796
0.552299 254.814
0.558452 258.508
0.564573 254.838
0.570708 244.042
0.576825 241.359
0.582926 227.138
0.589034 225.969
0.595184 225.213
0.601379 221.342
0.607522 210.51
0.613639 211.171
0.619772 198.671
0.625918 198.148
0.632068 191.292
0.638161 186.205
0.6443 181.551
0.650464 184.319
0.656582 173.324
0.662703 177.689
0.668861 169.257
0.675024 162.294
0.681124 153.808
0.687237 155.904
0.693381 153.36
0.699536 147.31
0.705665 142.729
0.711789 143.135
0.717957 140.126
0.72409 133.081
0.730186 130.542
0.736317 126.578
0.742472 121.135
0.748622 117.601
0.75476 113.757
0.760888 112.325
0.767043 110.953
0.773185 106.023
0.779291 103.074
0.785407 101.342
0.791564 99.437
0.797719 97.7866
0.803834 91.3125
0.809972 88.1295
0.816124 89.246
0.822261 87.2777
0.828378 82.2937
0.834502 81.1902
0.840667 77.2054
0.846816 74.1222
0.852925 72.3706
0.859047 71.0177
0.865192 68.9852
0.871341 65.825
0.877463 65.4445
0.883569 61.4323
0.889708 57.8796
0.895864 55.4162
0.902008 53.1839
0.908149 52.8877
0.914301 51.3589
0.920448 48.514
0.926574 46.8875
0.932687 44.1655
0.938823 44.5011
0.944975 40.4963
0.951105 38.7744
0.957225 36.277
0.963368 33.9692
0.969511 34.0779
0.975621 34.0086
0.981748 30.1819
0.987916 26.7756
0.99406 26.7457
1.00019 22.902
1.00632 23.5042
1.01246 21.3853
1.01859 18.585
1.02471 16.9682
1.03085 17.2265
1.03698 14.667
1.04314 12.8143
1.04929 13.8081
1.05541 11.2643
1.06154 10.1795
1.06769 8.71881
1.07382 7.89646
1.07993 7.00978
1.08607 6.39874
1.09222 2.73276
1.09836 3.33212
1.10449 0.101518
1.11063 -0.45426
1.11677 -2.18954
1.1229 -2.14975
1.12903 -5.30314
1.13518 -3.91137
1.14131 -4.47754
1.14745 -7.5231
1.15359 -8.10666
1.15973 -7.89779
1.16584 -11.1251
1.17197 -10.8204
1.17811 -13.0724
1.18424 -13.8482
1.19038 -14.6053
1.19652 -15.9915
1.20267 -16.458
1.20881 -16.3034
1.21495 -17.0846
1.22108 -18.7837
1.2272 -19.6109
1.23334 -21.996
1.23949 -21.1626
1.24562 -20.5158
1.25174 -21.4425
1.25789 -24.0595
1.26402 -24.8733
1.27014 -25.9913
1.27628 -25.3908
1.28244 -26.1806
1.28858 -27.2424
1.29471 -27.5556
1.30084 -29.3414
1.30697 -27.7188
1.31312 -29.9936
1.31925 -31.3392
1.32537 -29.6627
1.33151 -31.388
1.33765 -31.9662
1.34378 -33.7832
1.34992 -33.2245
1.35606 -33.3801
1.3622 -32.8396
1.36833 -35.2201
1.37445 -36.0055
1.38059 -36.3775
1.38675 -36.1397
1.39288 -37.4885
1.39901 -37.5474
1.40515 -37.545
1.4113 -37.4298
1.41742 -39.303
1.42355 -39.872
1.4297 -40.6349
1.43585 -39.6338
1.44198 -40.3247
1.44809 -41.5069
1.45423 -39.8707
1.46036 -40.5147
1.46649 -41.6586
1.47263 -42.3945
1.47877 -42.2127
1.48491 -43.056
1.49104 -43.2144
1.49718 -43.2083
1.50333 -44.617
1.50947 -44.393
1.5156 -45.1233
1.52172 -45.059
1.52787 -44.9778
1.534 -45.0558
1.54013 -45
1.54627 -46.7642
1.55241 -45.4111
1.55855 -46.5835
1.56467 -47.1442
1.5708 -47.0026
