0.00783031 -196.292
0.013688 -231.905
0.019231 -248.087
0.0249154 -234.499
0.0312784 -202.772
0.0375637 -178.129
0.0433917 -163.824
0.0492413 -153.694
0.0555754 -154.505
0.0619321 -145.947
0.067871 -148.98
0.0738098 -145.977
0.0800417 -142.268
0.0862327 -137.442
0.0921407 -127.661
0.0982031 -127.241
0.104506 -116.279
0.110769 -122.983
0.116806 -120.289
0.122832 -123.587
0.129052 -129.422
0.135211 -127.817
0.141259 -125.656
0.147318 -122.658
0.153489 -121.335
0.159709 -121.91
0.165845 -118.39
0.171974 -117.451
0.178125 -119.412
0.184229 -119.16
0.19034 -122.665
0.196428 -121.829
0.202534 -120.739
0.208729 -123.829
0.214876 -124.119
0.220989 -123.524
0.227147 -121.522
0.23329 -125.802
0.239377 -124.923
0.245482 -125.145
0.251667 -125.376
0.257832 -128.914
0.263955 -123.531
0.270079 -122.892
0.27624 -125.949
0.282372 -124.924
0.28843 -125.868
0.294538 -126.213
0.300721 -125.52
0.30691 -126.322
0.313033 -126.852
0.319153 -127.923
0.325316 -126.049
0.33145 -128.487
0.337538 -128.93
0.343633 -129.453
0.349808 -129.505
0.355968 -129.365
0.362074 -128.213
0.368217 -127.712
0.374374 -128.903
0.380519 -126.792
0.386598 -130.367
0.392688 -132.084
0.39888 -127.496
0.405048 -129.47
0.411186 -130.48
0.417313 -130.051
0.423458 -129.334
0.429607 -129.556
0.435692 -130.57
0.441815 -129.409
0.447964 -130.486
0.454126 -130.897
0.460267 -130.435
0.466387 -129.943
0.47254 -130.49
0.478662 -132.602
0.484765 -132.465
0.490885 -132.236
0.497035 -130.97
0.503198 -131.91
0.509342 -133.457
0.515458 -131.558
0.521598 -131.88
0.527764 -131.246
0.533884 -132.143
0.54 -131.879
0.546137 -132.204
0.552299 -131.301
0.558452 -131.971
0.564573 -132.924
0.570708 -133.256
0.576825 -132.378
0.582926 -131.68
0.589034 -130.834
0.595184 -132.649
0.601379 -132.63
0.607522 -132.522
0.613639 -133.332
0.619772 -133.491
0.625918 -132.799
0.632068 -131.854
0.638161 -132.295
0.6443 -133.739
0.650464 -133.323
0.656582 -132.61
0.662703 -131.247
0.668861 -132.457
0.675024 -131.717
0.681124 -133.325
0.687237 -134.039
0.693381 -132.33
0.699536 -132.718
0.705665 -132.489
0.711789 -132.063
0.717957 -132.594
0.72409 -132.925
0.730186 -131.951
0.736317 -133.359
0.742472 -132.964
0.748622 -132.287
0.75476 -133.503
0.760888 -132.659
0.767043 -132.104
0.773185 -133.554
0.779291 -133.526
0.785407 -132.662
0.791564 -132.101
0.797719 -132.026
0.803834 -132.523
0.809972 -132.68
0.816124 -131.68
0.822261 -132.535
0.828378 -132.272
0.834502 -131.52
0.840667 -131.853
0.846816 -132.1
0.852925 -131.944
0.859047 -132.229
0.865192 -131.951
0.871341 -131.998
0.877463 -131.172
0.883569 -132.312
0.889708 -132.447
0.895864 -132.324
0.902008 -132.25
0.908149 -131.397
0.914301 -129.793
0.920448 -131.429
0.926574 -130.983
0.932687 -131.488
0.938823 -131.566
0.944975 -129.786
0.951105 -131.389
0.957225 -131.595
0.963368 -131.194
0.969511 -131.464
0.975621 -130.917
0.981748 -130.926
0.987916 -130.931
0.99406 -131.155
1.00019 -130.758
1.00632 -130.029
1.01246 -130.821
1.01859 -131.219
1.02471 -130.293
1.03085 -130.79
1.03698 -129.671
1.04314 -129.937
1.04929 -131.235
1.05541 -129.002
1.06154 -130.533
1.06769 -129.574
1.07382 -129.551
1.07993 -129.742
1.08607 -129.236
1.09222 -129.188
1.09836 -128.498
1.10449 -128.976
1.11063 -128.441
1.11677 -129.022
1.1229 -128.168
1.12903 -127.964
1.13518 -128.566
1.14131 -129.265
1.14745 -127.791
1.15359 -129.068
1.15973 -128.333
1.16584 -128.747
1.17197 -127.877
1.17811 -127.808
1.18424 -128.535
1.19038 -128.079
1.19652 -128.045
1.20267 -128.261
1.20881 -127.529
1.21495 -127.573
1.22108 -127.044
1.2272 -127.863
1.23334 -128.093
1.23949 -127.233
1.24562 -126.97
1.25174 -127.569
1.25789 -127.086
1.26402 -127.809
1.27014 -127.052
1.27628 -127.373
1.28244 -126.712
1.28858 -127.278
1.29471 -125.785
1.30084 -125.734
1.30697 -126.111
1.31312 -126.172
1.31925 -125.991
1.32537 -125.153
1.33151 -125.778
1.33765 -125.866
1.34378 -124.738
1.34992 -124.682
1.35606 -124.334
1.3622 -124.301
1.36833 -124.086
1.37445 -124.683
1.38059 -124.103
1.38675 -123.557
1.39288 -123.828
1.39901 -124.533
1.40515 -123.42
1.4113 -123.212
1.41742 -123.585
1.42355 -123.359
1.4297 -124.483
1.43585 -123.079
1.44198 -123.045
1.44809 -122.865
1.45423 -121.908
1.46036 -121.691
1.46649 -122.23
1.47263 -122.495
1.47877 -121.966
1.48491 -121.25
1.49104 -121.35
1.49718 -121.497
1.50333 -121.358
1.50947 -120.669
1.5156 -121.582
1.52172 -120.973
1.52787 -120.302
1.534 -120.138
1.54013 -120.049
1.54627 -120.087
1.55241 -120.108
1.55855 -119.352
1.56467 -119.89
1.5708 -119.804
