0.00783031 -25.2217
0.013688 -6.6728
0.019231 -3.53509
0.0249154 0.144538
0.0312784 7.01883
0.0375637 3.34211
0.0433917 6.55387
0.0492413 8.71046
0.0555754 6.29956
0.0619321 7.65961
0.067871 8.05261
0.0738098 7.29424
0.0800417 9.12789
0.0862327 10.2131
0.0921407 10.6362
0.0982031 12.4564
0.104506 14.2599
0.110769 14.9346
0.116806 14.9195
0.122832 18.5155
0.129052 17.7657
0.135211 18.6542
0.141259 21.1097
0.147318 19.7924
0.153489 21.8324
0.159709 23.1214
0.165845 24.5762
0.171974 26.072
0.178125 28.3716
0.184229 27.5548
0.19034 28.087
0.196428 27.6542
0.202534 31.3063
0.208729 31.1844
0.214876 31.8535
0.220989 34.3578
0.227147 33.9274
0.23329 34.827
0.239377 35.5442
0.245482 36.8975
0.251667 37.8768
0.257832 38.6346
0.263955 39.7248
0.270079 40.1493
0.27624 40.9263
0.282372 41.7295
0.28843 40.9203
0.294538 43.16
0.300721 43.2206
0.30691 43.622
0.313033 45.0978
0.319153 44.2793
0.325316 44.6549
0.33145 45.1793
0.337538 46.0795
0.343633 46.0854
0.349808 46.9706
0.355968 47.3316
0.362074 49.6676
0.368217 48.3952
0.374374 48.4876
0.380519 50.0164
0.386598 50.3183
0.392688 50.1613
0.39888 50.3917
0.405048 50.702
0.411186 51.5057
0.417313 52.1066
0.423458 52.6519
0.429607 51.5037
0.435692 51.8684
0.441815 52.9205
0.447964 53.3992
0.454126 54.0264
0.460267 53.8454
0.466387 52.9513
0.47254 53.9344
0.478662 52.5832
0.484765 54.4939
0.490885 54.4821
0.497035 54.576
0.503198 54.7254
0.509342 54.118
0.515458 55.5754
0.521598 54.8975
0.527764 55.9544
0.533884 55.5118
0.54 55.8047
0.546137 54.993
0.552299 55.7902
0.558452 55.9149
0.564573 56.0143
0.570708 56.0958
0.576825 56.0204
0.582926 55.8614
0.589034 55.84
0.595184 56.563
0.601379 55.5756
0.607522 56.1896
0.613639 55.7974
0.619772 55.6912
0.625918 55.6274
0.632068 55.326
0.638161 55.4692
0.6443 55.0209
0.650464 55.8525
0.656582 54.9863
0.662703 55.4507
0.668861 54.8893
0.675024 55.0882
0.681124 55.4631
0.687237 54.9492
0.693381 54.6167
0.699536 55.5716
0.705665 54.2353
0.711789 53.9374
0.717957 54.2691
0.72409 54.3693
0.730186 54.396
0.736317 54.0331
0.742472 53.1161
0.748622 53.7701
0.75476 53.1592
0.760888 52.9548
0.767043 53.4803
0.773185 52.3898
0.779291 51.9011
0.785407 52.129
0.791564 51.8552
0.797719 52.1112
0.803834 51.5952
0.809972 51.4708
0.816124 50.7659
0.822261 51.1697
0.828378 50.7881
0.834502 50.3754
0.840667 50.7032
0.846816 49.5024
0.852925 49.6387
0.859047 49.3694
0.865192 49.5973
0.871341 48.9404
0.877463 49.2989
0.883569 48.4496
0.889708 48.6065
0.895864 47.822
0.902008 47.4043
0.908149 47.2985
0.914301 46.5996
0.920448 46.9947
0.926574 46.7826
0.932687 45.8983
0.938823 46.3431
0.944975 46.3556
0.951105 44.813
0.957225 45.3331
0.963368 45.1921
0.969511 44.8406
0.975621 44.4049
0.981748 44.3409
0.987916 43.7797
0.99406 43.4
1.00019 44.0793
1.00632 43.3521
1.01246 43.2936
1.01859 43.4764
1.02471 42.8497
1.03085 42.1193
1.03698 41.9729
1.04314 42.0523
1.04929 41.3319
1.05541 41.1568
1.06154 41.424
1.06769 41.383
1.07382 41.0238
1.07993 39.8016
1.08607 40.0062
1.09222 39.3183
1.09836 39.7547
1.10449 39.5787
1.11063 39.2372
1.11677 38.8937
1.1229 38.9253
1.12903 38.7088
1.13518 38.4573
1.14131 38.3592
1.14745 37.9481
1.15359 37.902
1.15973 38.2373
1.16584 37.8535
1.17197 37.1034
1.17811 37.3126
1.18424 37.0569
1.19038 36.7568
1.19652 36.355
1.20267 35.9643
1.20881 36.4076
1.21495 36.259
1.22108 35.9136
1.2272 35.3941
1.23334 35.5956
1.23949 35.3192
1.24562 35.2108
1.25174 34.7946
1.25789 34.6769
1.26402 34.5493
1.27014 34.7245
1.27628 33.9347
1.28244 33.474
1.28858 33.8088
1.29471 33.7642
1.30084 33.7107
1.30697 33.3333
1.31312 33.5969
1.31925 33.3821
1.32537 33.1743
1.33151 33.0324
1.33765 32.7004
1.34378 32.5516
1.34992 32.5795
1.35606 32.6084
1.3622 32.4033
1.36833 32.5146
1.37445 31.9196
1.38059 32.2167
1.38675 31.683
1.39288 31.5025
1.39901 31.5252
1.40515 31.4745
1.4113 31.6329
1.41742 31.3578
1.42355 31.5264
1.4297 31.2304
1.43585 30.8062
1.44198 30.7651
1.44809 30.8887
1.45423 30.8447
1.46036 30.5847
1.46649 30.3938
1.47263 30.4336
1.47877 30.5788
1.48491 30.2883
1.49104 30.2671
1.49718 30.3257
1.50333 30.1312
1.50947 30.0056
1.5156 29.9521
1.52172 30.128
1.52787 29.6236
1.534 29.824
1.54013 29.6243
1.54627 29.7372
1.55241 29.372
1.55855 29.0897
1.56467 28.8997
1.5708 29.1309
