0.00783031 4.85184
0.013688 -0.172903
0.019231 0.815548
0.0249154 3.85763
0.0312784 -1.2879
0.0375637 1.27178
0.0433917 2.88363
0.0492413 3.20651
0.0555754 4.51468
0.0619321 4.58504
0.067871 4.37403
0.0738098 7.03069
0.0800417 8.46507
0.0862327 6.96918
0.0921407 9.62205
0.0982031 10.3368
0.104506 10.5894
0.110769 12.2175
0.116806 11.9926
0.122832 12.6712
0.129052 14.3205
0.135211 16.1106
0.141259 17.6499
0.147318 18.2917
0.153489 19.2299
0.159709 20.5251
0.165845 22.4654
0.171974 21.797
0.178125 21.8896
0.184229 24.6725
0.19034 23.5329
0.196428 25.3468
0.202534 25.2082
0.208729 26.8746
0.214876 27.7772
0.220989 29.7926
0.227147 28.4573
0.23329 30.2967
0.239377 30.5428
0.245482 30.7823
0.251667 30.7421
0.257832 31.9189
0.263955 32.5919
0.270079 32.4074
0.27624 32.451
0.282372 33.8431
0.28843 34.2545
0.294538 34.0796
0.300721 33.8425
0.30691 35.7686
0.313033 36.3024
0.319153 35.2013
0.325316 35.9294
0.33145 36.4081
0.337538 36.9551
0.343633 36.2802
0.349808 36.7837
0.355968 36.3402
0.362074 36.4738
0.368217 36.7442
0.374374 36.7614
0.380519 36.8989
0.386598 36.6761
0.392688 35.2392
0.39888 35.8506
0.405048 36.1948
0.411186 35.8789
0.417313 36.0576
0.423458 35.141
0.429607 36.0479
0.435692 35.4498
0.441815 34.2582
0.447964 34.9691
0.454126 34.8292
0.460267 34.2929
0.466387 34.2336
0.47254 33.9646
0.478662 33.8218
0.484765 32.6432
0.490885 33.2788
0.497035 31.6683
0.503198 31.7647
0.509342 32.0635
0.515458 31.379
0.521598 30.2576
0.527764 30.1436
0.533884 29.7919
0.54 30.0516
0.546137 28.7143
0.552299 28.5047
0.558452 28.5127
0.564573 28.1762
0.570708 27.9928
0.576825 27.3297
0.582926 27.1555
0.589034 26.3085
0.595184 25.5249
0.601379 25.1194
0.607522 25.3539
0.613639 25.0638
0.619772 24.5379
0.625918 23.9675
0.632068 23.5149
0.638161 23.2819
0.6443 22.8599
0.650464 22.7115
0.656582 22.7787
0.662703 22.138
0.668861 21.6475
0.675024 21.023
0.681124 21.2004
0.687237 20.8927
0.693381 20.8484
0.699536 19.9843
0.705665 20.1563
0.711789 19.824
0.717957 19.0868
0.72409 19.1626
0.730186 18.514
0.736317 18.7431
0.742472 18.1353
0.748622 18.0459
0.75476 18.1598
0.760888 17.8731
0.767043 17.6309
0.773185 17.2538
0.779291 17.3185
0.785407 17.2114
0.791564 16.8967
0.797719 16.6144
0.803834 16.3546
0.809972 16.4058
0.816124 15.9892
0.822261 16.3942
0.828378 16.0156
0.834502 15.9266
0.840667 15.7621
0.846816 15.4018
0.852925 15.8663
0.859047 15.3969
0.865192 15.0659
0.871341 15.1064
0.877463 14.8852
0.883569 14.6975
0.889708 15.2069
0.895864 14.6896
0.902008 14.3143
0.908149 14.7268
0.914301 14.5361
0.920448 14.2249
0.926574 14.2134
0.932687 14.0591
0.938823 13.7959
0.944975 14.0745
0.951105 14.193
0.957225 14.0367
0.963368 14.1787
0.969511 13.7434
0.975621 13.5617
0.981748 13.4288
0.987916 13.4485
0.99406 13.4359
1.00019 13.324
1.00632 13.344
1.01246 12.8345
1.01859 13.5106
1.02471 12.959
1.03085 13.3559
1.03698 12.8724
1.04314 13.1216
1.04929 13.0804
1.05541 12.9267
1.06154 12.9859
1.06769 12.8341
1.07382 12.7225
1.07993 12.6826
1.08607 12.544
1.09222 12.4364
1.09836 12.6226
1.10449 12.5008
1.11063 12.4432
1.11677 12.2693
1.1229 12.2081
1.12903 12.082
1.13518 12.1693
1.14131 12.2168
1.14745 12.1497
1.15359 12.2503
1.15973 12.3535
1.16584 12.1174
1.17197 11.8637
1.17811 11.9208
1.18424 12.0957
1.19038 11.7865
1.19652 11.7973
1.20267 12.0669
1.20881 11.8986
1.21495 11.6777
1.22108 11.6124
1.2272 11.5399
1.23334 11.6981
1.23949 11.7601
1.24562 11.4619
1.25174 11.7891
1.25789 11.8266
1.26402 11.4948
1.27014 11.4065
1.27628 11.2562
1.28244 11.1933
1.28858 11.2996
1.29471 11.3051
1.30084 11.164
1.30697 11.1419
1.31312 10.9648
1.31925 11.1938
1.32537 10.958
1.33151 11.0755
1.33765 10.8045
1.34378 10.9006
1.34992 10.6489
1.35606 10.591
1.3622 10.7063
1.36833 10.7086
1.37445 10.5228
1.38059 10.5226
1.38675 10.4604
1.39288 10.467
1.39901 10.3464
1.40515 10.4433
1.4113 10.351
1.41742 10.0597
1.42355 10.1781
1.4297 10.1307
1.43585 10.3133
1.44198 10.3128
1.44809 10.1755
1.45423 10.0465
1.46036 9.98657
1.46649 10.0138
1.47263 9.72323
1.47877 9.86211
1.48491 9.76628
1.49104 9.89937
1.49718 9.51562
1.50333 9.70687
1.50947 9.69569
1.5156 9.69165
1.52172 9.69094
1.52787 9.46821
1.534 9.52459
1.54013 9.45944
1.54627 9.52059
1.55241 9.40994
1.55855 9.2742
1.56467 9.34217
1.5708 9.13159
