0.00783031 -9.67221
0.013688 9.51568
0.019231 -2.1298
0.0249154 2.57878
0.0312784 -0.38593
0.0375637 5.55444
0.0433917 -6.41609
0.0492413 6.99354
0.0555754 -5.27267
0.0619321 2.46896
0.067871 -1.79638
0.0738098 -0.376699
0.0800417 1.52696
0.0862327 -4.81244
0.0921407 4.40966
0.0982031 2.42595
0.104506 2.10193
0.110769 -0.856032
0.116806 -0.228427
0.122832 2.49878
0.129052 2.94736
0.135211 1.25741
0.141259 4.63314
0.147318 2.95256
0.153489 -0.753916
0.159709 1.33354
0.165845 -2.04366
0.171974 0.0391413
0.178125 -1.34597
0.184229 -2.15682
0.19034 -0.685275
0.196428 1.23753
0.202534 -2.64632
0.208729 1.26007
0.214876 -1.52501
0.220989 -0.104959
0.227147 -1.03749
0.23329 1.62218
0.239377 -2.5257
0.245482 -1.56746
0.251667 -2.95491
0.257832 -0.478479
0.263955 -2.54646
0.270079 -2.81071
0.27624 -1.86923
0.282372 -4.63389
0.28843 -1.89596
0.294538 -4.87794
0.300721 -3.34109
0.30691 -3.36359
0.313033 -2.31438
0.319153 -2.03789
0.325316 -4.03932
0.33145 -4.52337
0.337538 -3.22645
0.343633 -4.91084
0.349808 -6.50473
0.355968 -3.03262
0.362074 -4.78563
0.368217 -6.06562
0.374374 -8.68831
0.380519 -5.47378
0.386598 -5.24882
0.392688 -8.28214
0.39888 -8.16643
0.405048 -6.48292
0.411186 -6.6507
0.417313 -7.82945
0.423458 -7.21735
0.429607 -7.12134
0.435692 -8.49102
0.441815 -7.60203
0.447964 -10.9023
0.454126 -8.21375
0.460267 -10.1686
0.466387 -10.5623
0.47254 -11.0416
0.478662 -10.3196
0.484765 -10.1575
0.490885 -12.8901
0.497035 -12.3181
0.503198 -11.0431
0.509342 -12.5274
0.515458 -13.4506
0.521598 -12.0824
0.527764 -11.2126
0.533884 -11.8581
0.54 -15.0535
0.546137 -13.7284
0.552299 -11.704
0.558452 -12.6761
0.564573 -14.2098
0.570708 -15.601
0.576825 -17.0167
0.582926 -16.6688
0.589034 -15.3522
0.595184 -15.4057
0.601379 -17.6517
0.607522 -18.1229
0.613639 -16.6576
0.619772 -16.7206
0.625918 -17.9513
0.632068 -17.3483
0.638161 -17.6094
0.6443 -19.1515
0.650464 -18.8276
0.656582 -19.1158
0.662703 -19.844
0.668861 -19.7756
0.675024 -21.3824
0.681124 -22.064
0.687237 -20.1546
0.693381 -19.5397
0.699536 -20.6049
0.705665 -21.825
0.711789 -23.1025
0.717957 -22.4025
0.72409 -25.3279
0.730186 -22.8486
0.736317 -23.6615
0.742472 -23.4118
0.748622 -23.5715
0.75476 -22.0346
0.760888 -23.8134
0.767043 -24.5906
0.773185 -23.0827
0.779291 -24.1036
0.785407 -24.5664
0.791564 -24.0402
0.797719 -24.484
0.803834 -26.1671
0.809972 -24.454
0.816124 -23.3637
0.822261 -26.7934
0.828378 -26.111
0.834502 -25.2747
0.840667 -27.1016
0.846816 -26.4223
0.852925 -26.6171
0.859047 -27.786
0.865192 -29.1437
0.871341 -29.1768
0.877463 -27.6792
0.883569 -28.3314
0.889708 -28.609
0.895864 -27.1549
0.902008 -29.1228
0.908149 -28.2624
0.914301 -29.4972
0.920448 -28.3953
0.926574 -26.6814
0.932687 -28.3113
0.938823 -28.7026
0.944975 -29.1787
0.951105 -29.3205
0.957225 -31.3822
0.963368 -28.3704
0.969511 -29.9544
0.975621 -31.9117
0.981748 -31.4779
0.987916 -29.6266
0.99406 -32.0095
1.00019 -30.0396
1.00632 -32.1816
1.01246 -31.0129
1.01859 -31.5148
1.02471 -30.4187
1.03085 -31.5976
1.03698 -31.7917
1.04314 -31.7178
1.04929 -31.7554
1.05541 -32.741
1.06154 -31.9801
1.06769 -31.2933
1.07382 -30.3851
1.07993 -34.4208
1.08607 -33.0509
1.09222 -31.7011
1.09836 -33.5184
1.10449 -31.3746
1.11063 -32.9095
1.11677 -33.6375
1.1229 -33.1945
1.12903 -34.2821
1.13518 -33.2433
1.14131 -32.6959
1.14745 -36.1245
1.15359 -35.9462
1.15973 -36.2164
1.16584 -34.9182
1.17197 -35.586
1.17811 -35.8822
1.18424 -36.2123
1.19038 -34.6308
1.19652 -34.9935
1.20267 -35.4972
1.20881 -35.3754
1.21495 -35.1292
1.22108 -35.7482
1.2272 -34.6711
1.23334 -37.3751
1.23949 -35.9782
1.24562 -35.7829
1.25174 -36.9161
1.25789 -36.667
1.26402 -38.8985
1.27014 -35.9298
1.27628 -35.8151
1.28244 -36.7488
1.28858 -37.723
1.29471 -36.4317
1.30084 -37.6364
1.30697 -38.1051
1.31312 -38.22
1.31925 -38.1931
1.32537 -38.6655
1.33151 -37.7308
1.33765 -39.6116
1.34378 -39.7389
1.34992 -39.203
1.35606 -37.6436
1.3622 -40.3511
1.36833 -38.9264
1.37445 -39.1156
1.38059 -39.4339
1.38675 -40.1658
1.39288 -39.0863
1.39901 -39.0634
1.40515 -39.387
1.4113 -40.2385
1.41742 -40.6834
1.42355 -40.2057
1.4297 -41.3612
1.43585 -39.9542
1.44198 -41.5671
1.44809 -41.6455
1.45423 -40.4561
1.46036 -40.2424
1.46649 -40.5149
1.47263 -41.4672
1.47877 -41.9953
1.48491 -40.5907
1.49104 -40.7783
1.49718 -40.8507
1.50333 -42.2142
1.50947 -43.3406
1.5156 -42.6582
1.52172 -40.8714
1.52787 -43.2298
1.534 -41.2089
1.54013 -43.4553
1.54627 -42.7631
1.55241 -42.8543
1.55855 -43.7366
1.56467 -43.5202
1.5708 -42.4432
