0.00783031 -7.57112
0.013688 2.85567
0.019231 0.853308
0.0249154 0.280915
0.0312784 6.81016
0.0375637 2.36689
0.0433917 2.97356
0.0492413 7.54667
0.0555754 6.18211
0.0619321 9.46951
0.067871 12.9695
0.0738098 11.5241
0.0800417 14.1783
0.0862327 6.42435
0.0921407 9.76285
0.0982031 12.0689
0.104506 12.1476
0.110769 9.97286
0.116806 12.079
0.122832 16.9918
0.129052 16.968
0.135211 15.3709
0.141259 15.1846
0.147318 15.8417
0.153489 17.4006
0.159709 18.3695
0.165845 15.0908
0.171974 17.721
0.178125 14.2214
0.184229 22.8436
0.19034 15.5553
0.196428 15.2125
0.202534 20.8439
0.208729 23.7934
0.214876 18.7041
0.220989 15.4557
0.227147 19.6891
0.23329 15.7544
0.239377 19.4821
0.245482 19.0787
0.251667 17.9564
0.257832 17.5878
0.263955 19.5815
0.270079 19.4416
0.27624 18.6566
0.282372 19.1896
0.28843 13.7743
0.294538 17.0306
0.300721 16.697
0.30691 15.2754
0.313033 13.8092
0.319153 14.3052
0.325316 12.4645
0.33145 13.8699
0.337538 15.4917
0.343633 15.11
0.349808 15.6232
0.355968 16.3608
0.362074 14.017
0.368217 12.7858
0.374374 16.9869
0.380519 14.5011
0.386598 15.0004
0.392688 14.8838
0.39888 15.2974
0.405048 12.3364
0.411186 11.1135
0.417313 11.0761
0.423458 10.1075
0.429607 12.4295
0.435692 12.5752
0.441815 9.36985
0.447964 10.4606
0.454126 7.85184
0.460267 8.80213
0.466387 8.35031
0.47254 5.66236
0.478662 5.25708
0.484765 5.18136
0.490885 6.34415
0.497035 7.94709
0.503198 4.39968
0.509342 5.92996
0.515458 4.6336
0.521598 5.1948
0.527764 4.44472
0.533884 5.31305
0.54 -0.0488231
0.546137 5.69192
0.552299 1.35664
0.558452 3.84913
0.564573 0.551134
0.570708 -0.863889
0.576825 3.49083
0.582926 -3.53106
0.589034 -1.99145
0.595184 -3.09616
0.601379 -2.17187
0.607522 -1.70226
0.613639 -2.13106
0.619772 -4.16142
0.625918 -3.99864
0.632068 -3.12165
0.638161 -4.15205
0.6443 -5.70791
0.650464 -7.49085
0.656582 -4.13175
0.662703 -5.9267
0.668861 -5.99715
0.675024 -6.22685
0.681124 -8.19864
0.687237 -8.64433
0.693381 -8.43428
0.699536 -9.0155
0.705665 -9.04895
0.711789 -10.1227
0.717957 -10.1192
0.72409 -12.1992
0.730186 -10.8752
0.736317 -12.8226
0.742472 -9.58085
0.748622 -11.9195
0.75476 -12.0875
0.760888 -10.6699
0.767043 -12.8506
0.773185 -13.9214
0.779291 -13.6538
0.785407 -14.1501
0.791564 -15.8187
0.797719 -14.0813
0.803834 -15.3674
0.809972 -15.3906
0.816124 -15.5559
0.822261 -13.7937
0.828378 -17.476
0.834502 -15.9345
0.840667 -16.0695
0.846816 -18.329
0.852925 -19.389
0.859047 -21.7782
0.865192 -16.963
0.871341 -18.6656
0.877463 -21.2802
0.883569 -19.9987
0.889708 -19.7452
0.895864 -24.5326
0.902008 -21.9971
0.908149 -22.7119
0.914301 -22.9548
0.920448 -21.9286
0.926574 -24.3367
0.932687 -23.9574
0.938823 -25.7392
0.944975 -25.321
0.951105 -24.3283
0.957225 -25.1917
0.963368 -26.0887
0.969511 -28.2445
0.975621 -27.4402
0.981748 -28.8006
0.987916 -27.9469
0.99406 -26.1207
1.00019 -28.8338
1.00632 -28.703
1.01246 -28.8581
1.01859 -28.969
1.02471 -29.4768
1.03085 -30.4017
1.03698 -32.0247
1.04314 -32.8594
1.04929 -31.29
1.05541 -31.1775
1.06154 -30.9898
1.06769 -32.6608
1.07382 -31.3932
1.07993 -33.0807
1.08607 -35.9297
1.09222 -32.8443
1.09836 -32.9496
1.10449 -33.562
1.11063 -35.0957
1.11677 -39.1021
1.1229 -35.7784
1.12903 -36.1738
1.13518 -35.2564
1.14131 -38.4212
1.14745 -38.0397
1.15359 -36.8021
1.15973 -38.2558
1.16584 -36.8434
1.17197 -38.1565
1.17811 -36.8832
1.18424 -39.0999
1.19038 -39.9908
1.19652 -39.9394
1.20267 -41.5809
1.20881 -41.7704
1.21495 -41.287
1.22108 -41.878
1.2272 -42.163
1.23334 -41.9698
1.23949 -41.7974
1.24562 -42.3893
1.25174 -43.591
1.25789 -43.3354
1.26402 -42.7684
1.27014 -45.5508
1.27628 -44.3452
1.28244 -45.7788
1.28858 -44.5861
1.29471 -46.3319
1.30084 -45.0534
1.30697 -46.4313
1.31312 -44.3826
1.31925 -47.5002
1.32537 -45.5974
1.33151 -47.217
1.33765 -46.6615
1.34378 -47.2229
1.34992 -49.7278
1.35606 -48.1444
1.3622 -49.1403
1.36833 -48.3852
1.37445 -47.9498
1.38059 -49.6823
1.38675 -49.3592
1.39288 -50.2415
1.39901 -50.2212
1.40515 -51.8686
1.4113 -52.4658
1.41742 -51.5511
1.42355 -51.0989
1.4297 -52.7135
1.43585 -52.5298
1.44198 -52.6299
1.44809 -52.4422
1.45423 -52.9538
1.46036 -53.9269
1.46649 -53.5363
1.47263 -54.0067
1.47877 -54.5333
1.48491 -53.0837
1.49104 -54.6049
1.49718 -53.5336
1.50333 -55.8476
1.50947 -55.3117
1.5156 -55.3059
1.52172 -56.2249
1.52787 -55.2529
1.534 -56.5089
1.54013 -55.6333
1.54627 -57.3649
1.55241 -56.6396
1.55855 -57.2656
1.56467 -57.2397
1.5708 -57.3675
