0.00783031 8977.26
0.013688 10842.4
0.019231 8702.87
0.0249154 8822.87
0.0312784 9327.68
0.0375637 9459.97
0.0433917 9717.01
0.0492413 8636.13
0.0555754 9359.95
0.0619321 8651.08
0.067871 8288.56
0.0738098 8368.11
0.0800417 8027.8
0.0862327 8114.06
0.0921407 8254.13
0.0982031 7892.59
0.104506 7533.74
0.110769 7247.39
0.116806 7371.22
0.122832 6962.81
0.129052 7255.95
0.135211 6962.42
0.141259 6835.11
0.147318 6705.49
0.153489 6549.4
0.159709 6395.12
0.165845 6508.62
0.171974 6151.02
0.178125 6116.14
0.184229 6100.74
0.19034 6029.02
0.196428 5795.73
0.202534 5894.91
0.208729 5972.28
0.214876 5764.33
0.220989 5673.3
0.227147 5623.17
0.23329 5428.23
0.239377 5569.07
0.245482 5442.27
0.251667 5396.03
0.257832 5265.69
0.263955 5185.3
0.270079 5135.7
0.27624 5215.02
0.282372 5052.04
0.28843 5093.74
0.294538 4961.99
0.300721 4926.25
0.30691 4917.77
0.313033 4826.41
0.319153 4809.08
0.325316 4778.87
0.33145 4681.58
0.337538 4684.49
0.343633 4652.15
0.349808 4589.49
0.355968 4606.45
0.362074 4598.21
0.368217 4533.54
0.374374 4477.99
0.380519 4465.64
0.386598 4404.57
0.392688 4397.92
0.39888 4408.46
0.405048 4397.85
0.411186 4335.6
0.417313 4250.36
0.423458 4268.24
0.429607 4241.28
0.435692 4222.78
0.441815 4250.82
0.447964 4136.86
0.454126 4201.25
0.460267 4143.73
0.466387 4095.02
0.47254 4097.1
0.478662 4088.44
0.484765 4032.89
0.490885 4028.99
0.497035 4024.23
0.503198 4005.36
0.509342 3978.66
0.515458 4005.41
0.521598 3986.63
0.527764 3919.73
0.533884 3926.1
0.54 3902.53
0.546137 3902
0.552299 3882.08
0.558452 3844.48
0.564573 3843.05
0.570708 3836.16
0.576825 3770.82
0.582926 3830.06
0.589034 3833.3
0.595184 3781.23
0.601379 3782.41
0.607522 3741.76
0.613639 3757.51
0.619772 3739.36
0.625918 3710.32
0.632068 3720.77
0.638161 3701.01
0.6443 3683.99
0.650464 3687.05
0.656582 3682.98
0.662703 3673.76
0.668861 3659
0.675024 3636.16
0.681124 3645.49
0.687237 3648.35
0.693381 3617.99
0.699536 3594.41
0.705665 3601.32
0.711789 3598.88
0.717957 3587.6
0.72409 3597.88
0.730186 3588.87
0.736317 3561.34
0.742472 3555.28
0.748622 3543.75
0.75476 3542.32
0.760888 3552.95
0.767043 3524
0.773185 3514.05
0.779291 3521.29
0.785407 3508.83
0.791564 3491.55
0.797719 3520.67
0.803834 3492.55
0.809972 3490.9
0.816124 3496.98
0.822261 3488.83
0.828378 3467.7
0.834502 3454.24
0.840667 3469.76
0.846816 3455.02
0.852925 3447.48
0.859047 3441.83
0.865192 3430.41
0.871341 3425.74
0.877463 3429.13
0.883569 3445.25
0.889708 3433.34
0.895864 3430.42
0.902008 3424.57
0.908149 3397.49
0.914301 3409.48
0.920448 3416.17
0.926574 3384.88
0.932687 3376.07
0.938823 3371.86
0.944975 3385.37
0.951105 3377.56
0.957225 3364.48
0.963368 3357.41
0.969511 3363.67
0.975621 3347.06
0.981748 3353.82
0.987916 3367.89
0.99406 3335.26
1.00019 3341.96
1.00632 3318.22
1.01246 3317.01
1.01859 3316.65
1.02471 3319.72
1.03085 3330.44
1.03698 3315.3
1.04314 3305.55
1.04929 3295.31
1.05541 3310.88
1.06154 3293.47
1.06769 3293.91
1.07382 3287.08
1.07993 3280.09
1.08607 3284.14
1.09222 3280.8
1.09836 3257.7
1.10449 3279.62
1.11063 3249.8
1.11677 3252.63
1.1229 3250.8
1.12903 3250.7
1.13518 3245.44
1.14131 3242.1
1.14745 3237.45
1.15359 3235.92
1.15973 3241.96
1.16584 3225
1.17197 3231.05
1.17811 3226.77
1.18424 3212.41
1.19038 3211.21
1.19652 3214.95
1.20267 3206.95
1.20881 3206.56
1.21495 3194.48
1.22108 3197.49
1.2272 3185.95
1.23334 3195.17
1.23949 3180.66
1.24562 3184.86
1.25174 3181.33
1.25789 3156.13
1.26402 3171.48
1.27014 3178.44
1.27628 3152.33
1.28244 3162.9
1.28858 3157.05
1.29471 3164.06
1.30084 3152.92
1.30697 3146.82
1.31312 3145.63
1.31925 3136.68
1.32537 3150.29
1.33151 3131.28
1.33765 3128.7
1.34378 3128.26
1.34992 3125.13
1.35606 3130.36
1.3622 3123.46
1.36833 3121.11
1.37445 3103.68
1.38059 3111.54
1.38675 3106.41
1.39288 3102.57
1.39901 3108.05
1.40515 3097.35
1.4113 3090.51
1.41742 3096.64
1.42355 3080.6
1.4297 3080.15
1.43585 3082.89
1.44198 3075.91
1.44809 3068.77
1.45423 3058.22
1.46036 3063.39
1.46649 3059.05
1.47263 3056.34
1.47877 3055.88
1.48491 3051.95
1.49104 3052.74
1.49718 3041.7
1.50333 3042.71
1.50947 3037.03
1.5156 3031.44
1.52172 3023.14
1.52787 3025.2
1.534 3016.58
1.54013 3009.08
1.54627 3007.65
1.55241 3002.59
1.55855 2996.15
1.56467 3000.2
1.5708 2989.26
