0.00783031 -1144.6
0.013688 38.8603
0.019231 -151.01
0.0249154 -502.253
0.0312784 -178.791
0.0375637 485.592
0.0433917 -221.098
0.0492413 85.7051
0.0555754 -62.073
0.0619321 -205.898
0.067871 -183.149
0.0738098 -221.44
0.0800417 -274.003
0.0862327 -92.9646
0.0921407 -183.413
0.0982031 -54.2211
0.104506 -159.301
0.110769 -173.056
0.116806 -199.128
0.122832 -241.906
0.129052 -212.06
0.135211 -181.113
0.141259 -198.927
0.147318 -169.786
0.153489 -177.962
0.159709 -209.52
0.165845 -191.725
0.171974 -246.009
0.178125 -191.503
0.184229 -206.11
0.19034 -203.859
0.196428 -198.008
0.202534 -209.594
0.208729 -187.104
0.214876 -197.811
0.220989 -187.21
0.227147 -194.168
0.23329 -188.621
0.239377 -205.153
0.245482 -196.242
0.251667 -180.83
0.257832 -209.344
0.263955 -195.892
0.270079 -191.039
0.27624 -187.048
0.282372 -168.501
0.28843 -165.286
0.294538 -198.523
0.300721 -182.464
0.30691 -188.759
0.313033 -175.115
0.319153 -182.148
0.325316 -172.013
0.33145 -176.894
0.337538 -176.413
0.343633 -173.29
0.349808 -173.1
0.355968 -168.794
0.362074 -175.532
0.368217 -162.05
0.374374 -162.075
0.380519 -160.574
0.386598 -170.844
0.392688 -169.948
0.39888 -155.725
0.405048 -157.604
0.411186 -160.059
0.417313 -157.601
0.423458 -156.73
0.429607 -153.28
0.435692 -149.869
0.441815 -149.076
0.447964 -155.559
0.454126 -149.243
0.460267 -151.499
0.466387 -148.56
0.47254 -158.829
0.478662 -146.898
0.484765 -149.571
0.490885 -147.172
0.497035 -147.75
0.503198 -146.984
0.509342 -142.638
0.515458 -143.255
0.521598 -139.31
0.527764 -133.621
0.533884 -141.073
0.54 -142.609
0.546137 -137.911
0.552299 -138.555
0.558452 -139.738
0.564573 -138.54
0.570708 -136.303
0.576825 -144.448
0.582926 -137.418
0.589034 -131.775
0.595184 -138.875
0.601379 -133.412
0.607522 -136.83
0.613639 -137.573
0.619772 -132.894
0.625918 -134.204
0.632068 -128.605
0.638161 -134.526
0.6443 -131.777
0.650464 -131.371
0.656582 -129.957
0.662703 -135.206
0.668861 -128.299
0.675024 -130.645
0.681124 -130.619
0.687237 -130.351
0.693381 -129.623
0.699536 -127.588
0.705665 -128.912
0.711789 -125.706
0.717957 -126.642
0.72409 -124.621
0.730186 -124.995
0.736317 -126.468
0.742472 -125.695
0.748622 -124.084
0.75476 -125.28
0.760888 -122.94
0.767043 -125.374
0.773185 -124.521
0.779291 -122.433
0.785407 -120.04
0.791564 -121.714
0.797719 -120.267
0.803834 -122.116
0.809972 -122.187
0.816124 -121.816
0.822261 -118.409
0.828378 -119.431
0.834502 -118.546
0.840667 -115.424
0.846816 -115.951
0.852925 -119.111
0.859047 -120.193
0.865192 -117.12
0.871341 -117.083
0.877463 -118.081
0.883569 -118.477
0.889708 -116.701
0.895864 -115.835
0.902008 -114.694
0.908149 -113.635
0.914301 -113.806
0.920448 -114.867
0.926574 -114.427
0.932687 -113.097
0.938823 -114.556
0.944975 -112.329
0.951105 -112.752
0.957225 -112.967
0.963368 -111.832
0.969511 -112.256
0.975621 -111.665
0.981748 -111.959
0.987916 -110.797
0.99406 -110.407
1.00019 -110.355
1.00632 -109.218
1.01246 -110.697
1.01859 -110.184
1.02471 -108.362
1.03085 -110.1
1.03698 -107.883
1.04314 -107.586
1.04929 -107.375
1.05541 -105.592
1.06154 -107.102
1.06769 -106.535
1.07382 -106.103
1.07993 -106.473
1.08607 -106.675
1.09222 -105.52
1.09836 -106.368
1.10449 -105.727
1.11063 -104.311
1.11677 -105.068
1.1229 -105.736
1.12903 -104.101
1.13518 -104.197
1.14131 -102.785
1.14745 -103.434
1.15359 -101.933
1.15973 -102.822
1.16584 -101.772
1.17197 -103.024
1.17811 -101.299
1.18424 -100.706
1.19038 -101.723
1.19652 -101.595
1.20267 -100.74
1.20881 -100.67
1.21495 -100.962
1.22108 -101.149
1.2272 -100.751
1.23334 -99.9346
1.23949 -98.3598
1.24562 -98.3368
1.25174 -98.6168
1.25789 -98.7133
1.26402 -98.4349
1.27014 -97.8374
1.27628 -96.9285
1.28244 -97.0941
1.28858 -96.4268
1.29471 -97.1745
1.30084 -95.4169
1.30697 -96.931
1.31312 -95.8489
1.31925 -95.5917
1.32537 -94.3935
1.33151 -95.6888
1.33765 -93.2447
1.34378 -94.459
1.34992 -94.4004
1.35606 -94.3501
1.3622 -93.1861
1.36833 -94.3459
1.37445 -93.9069
1.38059 -92.3786
1.38675 -93.4156
1.39288 -92.6568
1.39901 -92.535
1.40515 -92.5457
1.4113 -91.2237
1.41742 -92.0196
1.42355 -91.4892
1.4297 -91.1621
1.43585 -90.8683
1.44198 -90.4604
1.44809 -89.8714
1.45423 -90.0318
1.46036 -89.8884
1.46649 -90.0039
1.47263 -89.53
1.47877 -88.7707
1.48491 -87.8081
1.49104 -88.0151
1.49718 -88.1218
1.50333 -88.46
1.50947 -87.6238
1.5156 -87.7534
1.52172 -87.7376
1.52787 -87.2823
1.534 -87.1711
1.54013 -86.5379
1.54627 -86.4672
1.55241 -86.3228
1.55855 -85.6899
1.56467 -85.1067
1.5708 -85.3864
