0.00783031 1203.68
0.013688 796.173
0.019231 -1958.09
0.0249154 -107.959
0.0312784 202.473
0.0375637 -246.683
0.0433917 -318.701
0.0492413 -563.345
0.0555754 -178.994
0.0619321 -168.982
0.067871 -107.302
0.0738098 -155.094
0.0800417 -221.433
0.0862327 -176.709
0.0921407 -202.502
0.0982031 -183.686
0.104506 -205.049
0.110769 -215.584
0.116806 -138.57
0.122832 -195.086
0.129052 -170.122
0.135211 -162.19
0.141259 -215.175
0.147318 -129.815
0.153489 -230.767
0.159709 -202.699
0.165845 -172.914
0.171974 -152.496
0.178125 -166.812
0.184229 -198.685
0.19034 -164.555
0.196428 -186.284
0.202534 -175.623
0.208729 -169.353
0.214876 -172.062
0.220989 -174.88
0.227147 -169.827
0.23329 -149.788
0.239377 -164.507
0.245482 -146.254
0.251667 -153.062
0.257832 -149.64
0.263955 -139.74
0.270079 -139.861
0.27624 -139.207
0.282372 -147.083
0.28843 -126.586
0.294538 -139.16
0.300721 -136.447
0.30691 -137.456
0.313033 -130.083
0.319153 -130.37
0.325316 -122.868
0.33145 -128.378
0.337538 -123.895
0.343633 -122.899
0.349808 -118.585
0.355968 -122.259
0.362074 -124.934
0.368217 -128.899
0.374374 -122.251
0.380519 -119.051
0.386598 -115.001
0.392688 -113.645
0.39888 -115.222
0.405048 -115.651
0.411186 -112.864
0.417313 -111.069
0.423458 -112.38
0.429607 -118.108
0.435692 -105.215
0.441815 -106.572
0.447964 -106.416
0.454126 -107.441
0.460267 -105.546
0.466387 -103.475
0.47254 -101.762
0.478662 -103.017
0.484765 -103.466
0.490885 -104.261
0.497035 -100.223
0.503198 -97.9361
0.509342 -99.9607
0.515458 -98.7969
0.521598 -94.6225
0.527764 -93.0938
0.533884 -94.2804
0.54 -92.9557
0.546137 -92.1865
0.552299 -93.0238
0.558452 -91.6979
0.564573 -92.0388
0.570708 -89.0084
0.576825 -87.9206
0.582926 -93.9419
0.589034 -89.1511
0.595184 -88.0903
0.601379 -87.8629
0.607522 -89.224
0.613639 -88.3886
0.619772 -87.0759
0.625918 -83.1458
0.632068 -85.207
0.638161 -82.6135
0.6443 -80.5674
0.650464 -81.5844
0.656582 -82.2605
0.662703 -81.7718
0.668861 -80.3433
0.675024 -80.6016
0.681124 -80.4006
0.687237 -79.2039
0.693381 -79.5868
0.699536 -78.8605
0.705665 -78.3654
0.711789 -78.7413
0.717957 -77.1213
0.72409 -75.8097
0.730186 -76.5064
0.736317 -74.391
0.742472 -76.1489
0.748622 -74.7221
0.75476 -74.175
0.760888 -74.2591
0.767043 -74.6565
0.773185 -73.5572
0.779291 -72.0319
0.785407 -73.0183
0.791564 -72.2761
0.797719 -72.4228
0.803834 -71.7959
0.809972 -70.6483
0.816124 -71.5227
0.822261 -68.9941
0.828378 -70.3677
0.834502 -68.3238
0.840667 -69.1692
0.846816 -68.3323
0.852925 -67.9201
0.859047 -68.0976
0.865192 -66.3494
0.871341 -66.7859
0.877463 -66.0987
0.883569 -66.165
0.889708 -66.025
0.895864 -65.4064
0.902008 -64.9123
0.908149 -63.927
0.914301 -63.8479
0.920448 -63.723
0.926574 -63.8073
0.932687 -63.1345
0.938823 -61.914
0.944975 -62.3762
0.951105 -61.8938
0.957225 -61.3417
0.963368 -60.9862
0.969511 -60.9832
0.975621 -61.1184
0.981748 -60.3417
0.987916 -60.393
0.99406 -59.8455
1.00019 -58.1152
1.00632 -58.8408
1.01246 -58.7849
1.01859 -58.3253
1.02471 -56.7299
1.03085 -57.7995
1.03698 -56.4895
1.04314 -56.8486
1.04929 -55.649
1.05541 -55.3565
1.06154 -55.6558
1.06769 -55.2642
1.07382 -54.3931
1.07993 -54.4528
1.08607 -53.5986
1.09222 -54.6581
1.09836 -53.6733
1.10449 -53.354
1.11063 -53.21
1.11677 -52.6518
1.1229 -52.6284
1.12903 -52.534
1.13518 -51.1734
1.14131 -51.5579
1.14745 -51.2512
1.15359 -50.6894
1.15973 -50.9077
1.16584 -50.3373
1.17197 -50.4781
1.17811 -49.3728
1.18424 -49.1943
1.19038 -48.8367
1.19652 -48.8229
1.20267 -48.7005
1.20881 -48.2163
1.21495 -48.2705
1.22108 -48.0406
1.2272 -47.2419
1.23334 -48.1162
1.23949 -46.9671
1.24562 -46.1862
1.25174 -46.6662
1.25789 -45.9172
1.26402 -45.564
1.27014 -45.5536
1.27628 -45.3838
1.28244 -45.2458
1.28858 -45.0527
1.29471 -44.6147
1.30084 -44.4545
1.30697 -43.6436
1.31312 -43.7363
1.31925 -43.4937
1.32537 -43.1717
1.33151 -42.5777
1.33765 -42.1917
1.34378 -42.1637
1.34992 -42.1244
1.35606 -42.1613
1.3622 -41.3811
1.36833 -41.0183
1.37445 -40.6376
1.38059 -40.733
1.38675 -40.3829
1.39288 -40.0246
1.39901 -39.8673
1.40515 -39.791
1.4113 -39.5531
1.41742 -39.2757
1.42355 -39.2151
1.4297 -38.7843
1.43585 -38.4708
1.44198 -38.3266
1.44809 -38.1122
1.45423 -38.1866
1.46036 -37.7805
1.46649 -37.3632
1.47263 -37.2057
1.47877 -36.9933
1.48491 -36.8943
1.49104 -36.6655
1.49718 -36.5387
1.50333 -36.2311
1.50947 -36.0681
1.5156 -35.4472
1.52172 -35.3365
1.52787 -35.4041
1.534 -35.3313
1.54013 -34.9067
1.54627 -34.9473
1.55241 -34.319
1.55855 -34.0889
1.56467 -34.0414
1.5708 -33.7831
