0.00783031 11.7347
0.013688 4.83763
0.019231 2.9333
0.0249154 5.31326
0.0312784 7.43314
0.0375637 6.63496
0.0433917 2.81343
0.0492413 -0.510276
0.0555754 4.92366
0.0619321 5.79033
0.067871 4.66551
0.0738098 6.88738
0.0800417 8.32291
0.0862327 10.2944
0.0921407 11.8862
0.0982031 11.2517
0.104506 12.9442
0.110769 12.6944
0.116806 13.719
0.122832 14.8953
0.129052 16.2726
0.135211 17.3522
0.141259 16.4311
0.147318 17.1294
0.153489 19.4247
0.159709 20.4847
0.165845 20.4638
0.171974 21.3603
0.178125 22.3728
0.184229 24.4896
0.19034 24.4541
0.196428 24.9229
0.202534 25.6088
0.208729 24.9048
0.214876 26.307
0.220989 27.9989
0.227147 28.322
0.23329 27.5897
0.239377 30.361
0.245482 29.8521
0.251667 30.7691
0.257832 31.7511
0.263955 31.1975
0.270079 32.5046
0.27624 32.6122
0.282372 32.8614
0.28843 33.3224
0.294538 34.4602
0.300721 34.2887
0.30691 34.7003
0.313033 34.7011
0.319153 34.6942
0.325316 35.5685
0.33145 36.9215
0.337538 36.018
0.343633 37.15
0.349808 37.8365
0.355968 36.4257
0.362074 38.5001
0.368217 38.0575
0.374374 37.3729
0.380519 38.6578
0.386598 38.3031
0.392688 38.193
0.39888 37.9663
0.405048 38.5723
0.411186 38.337
0.417313 38.5087
0.423458 38.6253
0.429607 38.7887
0.435692 38.2144
0.441815 37.7291
0.447964 38.0017
0.454126 38.5091
0.460267 38.0787
0.466387 37.9586
0.47254 37.3757
0.478662 37.5133
0.484765 37.8654
0.490885 37.2598
0.497035 37.2099
0.503198 37.0177
0.509342 36.092
0.515458 35.917
0.521598 35.9363
0.527764 35.3439
0.533884 35.5002
0.54 35.726
0.546137 35.1507
0.552299 34.9552
0.558452 34.3176
0.564573 33.3184
0.570708 32.9774
0.576825 32.8964
0.582926 32.387
0.589034 31.7336
0.595184 30.9907
0.601379 30.6923
0.607522 30.6047
0.613639 29.9404
0.619772 29.7416
0.625918 29.7334
0.632068 28.9893
0.638161 28.8804
0.6443 27.9727
0.650464 27.8103
0.656582 27.0671
0.662703 26.6628
0.668861 26.2127
0.675024 25.2983
0.681124 25.5348
0.687237 24.7733
0.693381 24.2875
0.699536 24.1733
0.705665 23.7283
0.711789 23.1158
0.717957 22.9684
0.72409 22.5304
0.730186 22.1058
0.736317 21.738
0.742472 21.2673
0.748622 21.062
0.75476 20.3921
0.760888 20.2071
0.767043 19.803
0.773185 19.0954
0.779291 19.0712
0.785407 18.7604
0.791564 18.3081
0.797719 18.038
0.803834 17.6978
0.809972 17.3529
0.816124 17.0455
0.822261 16.5254
0.828378 16.6563
0.834502 16.2558
0.840667 15.779
0.846816 15.5038
0.852925 15.0817
0.859047 14.9196
0.865192 14.6901
0.871341 14.1686
0.877463 14.0652
0.883569 14.1943
0.889708 13.4482
0.895864 13.1548
0.902008 13.3628
0.908149 12.7804
0.914301 12.6353
0.920448 12.4516
0.926574 12.1271
0.932687 12.0171
0.938823 11.7511
0.944975 11.5256
0.951105 11.4406
0.957225 11.3299
0.963368 11.1607
0.969511 11.0866
0.975621 10.5217
0.981748 10.2705
0.987916 10.2512
0.99406 10.1865
1.00019 10.0718
1.00632 10.1223
1.01246 9.64016
1.01859 9.26256
1.02471 9.35441
1.03085 9.20416
1.03698 9.16218
1.04314 9.08169
1.04929 8.77828
1.05541 8.6735
1.06154 8.51066
1.06769 8.39479
1.07382 8.06811
1.07993 8.05761
1.08607 7.96038
1.09222 8.04945
1.09836 7.78888
1.10449 7.46511
1.11063 7.60037
1.11677 7.64868
1.1229 7.37934
1.12903 6.9018
1.13518 7.02802
1.14131 6.87555
1.14745 6.89074
1.15359 6.61641
1.15973 6.60589
1.16584 6.64733
1.17197 6.46004
1.17811 6.53664
1.18424 6.12262
1.19038 6.54882
1.19652 6.20109
1.20267 6.03173
1.20881 5.9622
1.21495 5.86465
1.22108 5.85026
1.2272 5.81286
1.23334 5.62407
1.23949 5.57606
1.24562 5.57655
1.25174 5.65081
1.25789 5.67349
1.26402 5.27291
1.27014 5.19593
1.27628 4.99775
1.28244 4.96012
1.28858 4.93067
1.29471 5.43004
1.30084 4.97945
1.30697 5.01511
1.31312 5.0537
1.31925 4.82082
1.32537 4.67521
1.33151 4.76924
1.33765 4.744
1.34378 4.63704
1.34992 4.67099
1.35606 4.4651
1.3622 4.87454
1.36833 4.53319
1.37445 4.17655
1.38059 4.43866
1.38675 4.22977
1.39288 4.52015
1.39901 4.36947
1.40515 4.29866
1.4113 4.22212
1.41742 4.46659
1.42355 4.21856
1.4297 4.28445
1.43585 4.20521
1.44198 4.18873
1.44809 4.20162
1.45423 4.0766
1.46036 4.22327
1.46649 4.18317
1.47263 3.96318
1.47877 3.7837
1.48491 4.10493
1.49104 4.01137
1.49718 3.84132
1.50333 3.96225
1.50947 3.84211
1.5156 3.81808
1.52172 3.74434
1.52787 3.9366
1.534 3.64758
1.54013 3.79503
1.54627 3.75124
1.55241 3.74307
1.55855 3.67627
1.56467 3.77367
1.5708 3.75063
