0.00783031 -1.01517
0.013688 0.505779
0.019231 -0.441707
0.0249154 1.19434
0.0312784 2.00629
0.0375637 2.22244
0.0433917 1.14655
0.0492413 1.41701
0.0555754 2.30561
0.0619321 4.45565
0.067871 4.99315
0.0738098 7.67463
0.0800417 7.46145
0.0862327 8.37113
0.0921407 10.7689
0.0982031 12.4182
0.104506 13.4808
0.110769 13.2144
0.116806 13.435
0.122832 16.7133
0.129052 16.4556
0.135211 17.7658
0.141259 19.0456
0.147318 19.1288
0.153489 19.4423
0.159709 22.1151
0.165845 21.3806
0.171974 22.0371
0.178125 24.9923
0.184229 24.3875
0.19034 27.2045
0.196428 27.0803
0.202534 28.1225
0.208729 29.9015
0.214876 30.059
0.220989 30.7819
0.227147 31.4861
0.23329 33.5771
0.239377 33.795
0.245482 35.2194
0.251667 36.0996
0.257832 35.4031
0.263955 36.1597
0.270079 37.4006
0.27624 38.9594
0.282372 39.5183
0.28843 39.4209
0.294538 41.9551
0.300721 40.4484
0.30691 42.743
0.313033 42.2597
0.319153 42.8091
0.325316 42.4286
0.33145 44.4516
0.337538 46.2041
0.343633 44.3957
0.349808 46.6325
0.355968 47.2382
0.362074 47.9268
0.368217 47.0814
0.374374 48.5304
0.380519 48.9235
0.386598 50.6061
0.392688 50.2761
0.39888 49.4522
0.405048 52.0072
0.411186 51.004
0.417313 51.4661
0.423458 53.2763
0.429607 53.9692
0.435692 54.2925
0.441815 54.7198
0.447964 55.5159
0.454126 55.0061
0.460267 55.8753
0.466387 55.8009
0.47254 55.8768
0.478662 56.9215
0.484765 57.6025
0.490885 57.8127
0.497035 58.6051
0.503198 58.584
0.509342 59.3861
0.515458 58.9985
0.521598 59.676
0.527764 60.2009
0.533884 59.7227
0.54 60.1294
0.546137 60.6006
0.552299 61.6383
0.558452 60.7217
0.564573 61.7414
0.570708 61.9616
0.576825 62.2041
0.582926 62.86
0.589034 63.6474
0.595184 63.6728
0.601379 63.6163
0.607522 63.6813
0.613639 64.0803
0.619772 64.3814
0.625918 64.1585
0.632068 65.0654
0.638161 65.288
0.6443 64.4728
0.650464 66.4045
0.656582 66.6541
0.662703 66.1194
0.668861 66.7468
0.675024 66.5791
0.681124 67.0413
0.687237 67.2083
0.693381 66.798
0.699536 67.1753
0.705665 67.7093
0.711789 68.0363
0.717957 68.2008
0.72409 68.8493
0.730186 68.5082
0.736317 68.7193
0.742472 68.894
0.748622 68.8325
0.75476 69.3924
0.760888 69.6781
0.767043 69.8774
0.773185 69.969
0.779291 69.8619
0.785407 69.9264
0.791564 70.0692
0.797719 70.4109
0.803834 70.6101
0.809972 70.1206
0.816124 70.7537
0.822261 71.3933
0.828378 71.0267
0.834502 71.0621
0.840667 71.3378
0.846816 72.2718
0.852925 71.8156
0.859047 71.8821
0.865192 71.9006
0.871341 72.0174
0.877463 71.9701
0.883569 71.9562
0.889708 72.3297
0.895864 72.2788
0.902008 72.444
0.908149 72.451
0.914301 72.8013
0.920448 72.884
0.926574 72.9413
0.932687 72.9706
0.938823 72.6734
0.944975 72.9393
0.951105 72.9868
0.957225 72.5952
0.963368 72.4647
0.969511 73.3539
0.975621 72.952
0.981748 72.6071
0.987916 72.619
0.99406 73.1514
1.00019 73.3464
1.00632 73.41
1.01246 73.3728
1.01859 73.2453
1.02471 73.9856
1.03085 73.6359
1.03698 73.2303
1.04314 73.5838
1.04929 72.9009
1.05541 73.6799
1.06154 74.1052
1.06769 73.5257
1.07382 73.4305
1.07993 73.2495
1.08607 73.2257
1.09222 73.6206
1.09836 73.5431
1.10449 73.7478
1.11063 73.7937
1.11677 73.7943
1.1229 73.4757
1.12903 73.4602
1.13518 73.5734
1.14131 73.0433
1.14745 73.4458
1.15359 73.523
1.15973 72.8106
1.16584 73.2543
1.17197 73.1612
1.17811 73.1008
1.18424 72.9223
1.19038 73.4418
1.19652 72.9956
1.20267 73.5103
1.20881 73.1719
1.21495 72.8104
1.22108 72.8751
1.2272 73.0756
1.23334 72.4684
1.23949 73.3052
1.24562 72.6628
1.25174 72.5858
1.25789 72.9778
1.26402 72.1467
1.27014 72.5943
1.27628 72.6288
1.28244 72.598
1.28858 72.3036
1.29471 72.1045
1.30084 72.1471
1.30697 71.9289
1.31312 72.1549
1.31925 71.5193
1.32537 72.5081
1.33151 71.4902
1.33765 71.4599
1.34378 71.3105
1.34992 71.1704
1.35606 71.267
1.3622 71.0953
1.36833 70.6974
1.37445 70.9288
1.38059 70.9876
1.38675 70.859
1.39288 70.8975
1.39901 70.6962
1.40515 70.1527
1.4113 70.3347
1.41742 70.2284
1.42355 70.2918
1.4297 69.8615
1.43585 70.0552
1.44198 69.6855
1.44809 69.6891
1.45423 69.2902
1.46036 69.4675
1.46649 69.2749
1.47263 69.3678
1.47877 69.1632
1.48491 68.6431
1.49104 68.6138
1.49718 68.9013
1.50333 68.3324
1.50947 68.1897
1.5156 68.3744
1.52172 68.3731
1.52787 68.2939
1.534 67.9603
1.54013 67.8526
1.54627 67.3368
1.55241 67.43
1.55855 67.5902
1.56467 67.0704
1.5708 66.8747
