0.00783031 1283.61
0.013688 884.712
0.019231 862.794
0.0249154 20.1582
0.0312784 -47.1833
0.0375637 144.579
0.0433917 1133.21
0.0492413 1150.6
0.0555754 1350.36
0.0619321 723.887
0.067871 1318.2
0.0738098 1329.7
0.0800417 1376.23
0.0862327 1563.64
0.0921407 1694.14
0.0982031 1374.07
0.104506 1632.92
0.110769 1794.4
0.116806 1745.31
0.122832 1659.66
0.129052 1798.51
0.135211 1812.84
0.141259 1709.85
0.147318 1919.31
0.153489 1859
0.159709 1890.22
0.165845 1929.14
0.171974 1925.38
0.178125 1943.39
0.184229 2035.51
0.19034 1889.29
0.196428 2039.12
0.202534 2030.18
0.208729 1978.86
0.214876 2016.86
0.220989 2017.99
0.227147 2099.71
0.23329 2055.09
0.239377 1969.76
0.245482 2048.05
0.251667 2019.69
0.257832 2006.55
0.263955 1993.22
0.270079 2027.6
0.27624 1990.29
0.282372 2009.59
0.28843 2009.86
0.294538 1987.89
0.300721 2006.18
0.30691 1976.28
0.313033 1998.75
0.319153 1994.81
0.325316 1955.78
0.33145 2014.87
0.337538 1941.87
0.343633 1975.19
0.349808 1964.06
0.355968 2003.98
0.362074 1952.06
0.368217 1958.88
0.374374 1960.86
0.380519 1951.33
0.386598 1942.63
0.392688 1942.16
0.39888 1957.36
0.405048 1926.19
0.411186 1918.88
0.417313 1950.21
0.423458 1945.54
0.429607 1921.31
0.435692 1919.89
0.441815 1925.82
0.447964 1893.71
0.454126 1922.95
0.460267 1912.62
0.466387 1905.94
0.47254 1875.21
0.478662 1887.5
0.484765 1881.09
0.490885 1870.48
0.497035 1872.88
0.503198 1852.95
0.509342 1848.98
0.515458 1845.12
0.521598 1845.33
0.527764 1839.07
0.533884 1843.91
0.54 1831.7
0.546137 1820.36
0.552299 1828.08
0.558452 1835.44
0.564573 1811.2
0.570708 1783.61
0.576825 1806.89
0.582926 1793.12
0.589034 1794.1
0.595184 1786.14
0.601379 1768.64
0.607522 1776.73
0.613639 1781.26
0.619772 1754.77
0.625918 1773.61
0.632068 1740.61
0.638161 1738.78
0.6443 1734.56
0.650464 1733.98
0.656582 1719.72
0.662703 1717.02
0.668861 1728.61
0.675024 1712.73
0.681124 1714.23
0.687237 1704.15
0.693381 1704.78
0.699536 1690.27
0.705665 1687.39
0.711789 1680.76
0.717957 1683.81
0.72409 1662.74
0.730186 1658.15
0.736317 1658.8
0.742472 1643.42
0.748622 1639.7
0.75476 1629.82
0.760888 1624.07
0.767043 1634.02
0.773185 1618.98
0.779291 1602.57
0.785407 1604.45
0.791564 1594.84
0.797719 1595.05
0.803834 1581.23
0.809972 1585.36
0.816124 1574.33
0.822261 1566.48
0.828378 1554.26
0.834502 1561.79
0.840667 1546.29
0.846816 1543.13
0.852925 1541.83
0.859047 1541.39
0.865192 1528.75
0.871341 1520.76
0.877463 1515
0.883569 1512.51
0.889708 1508.89
0.895864 1506.72
0.902008 1494.28
0.908149 1496.66
0.914301 1479.27
0.920448 1477.95
0.926574 1482.39
0.932687 1480.88
0.938823 1461.74
0.944975 1461.8
0.951105 1455.16
0.957225 1450.48
0.963368 1432.32
0.969511 1439.13
0.975621 1431.57
0.981748 1429.25
0.987916 1424.75
0.99406 1416.7
1.00019 1413.23
1.00632 1402.98
1.01246 1403.78
1.01859 1394.36
1.02471 1383.95
1.03085 1389.2
1.03698 1378.65
1.04314 1371.4
1.04929 1365.69
1.05541 1359.52
1.06154 1357.96
1.06769 1350.57
1.07382 1345.53
1.07993 1341.09
1.08607 1335.24
1.09222 1328.3
1.09836 1322.81
1.10449 1315.35
1.11063 1309.16
1.11677 1301.64
1.1229 1297.96
1.12903 1295.59
1.13518 1295.42
1.14131 1284.93
1.14745 1281.78
1.15359 1275.67
1.15973 1268.85
1.16584 1265.24
1.17197 1259.41
1.17811 1254.45
1.18424 1255.34
1.19038 1239.62
1.19652 1241.87
1.20267 1235.2
1.20881 1230.9
1.21495 1223.5
1.22108 1218.32
1.2272 1211.53
1.23334 1213.07
1.23949 1206.52
1.24562 1204.87
1.25174 1190.64
1.25789 1189.83
1.26402 1179.37
1.27014 1181.14
1.27628 1179.24
1.28244 1171.37
1.28858 1160.58
1.29471 1161.58
1.30084 1153.24
1.30697 1149.8
1.31312 1147.12
1.31925 1143.09
1.32537 1135.58
1.33151 1131.49
1.33765 1122.57
1.34378 1120.23
1.34992 1115.97
1.35606 1113.35
1.3622 1109.04
1.36833 1103.3
1.37445 1102.26
1.38059 1091.13
1.38675 1086.47
1.39288 1081.75
1.39901 1080.78
1.40515 1074.09
1.4113 1069.5
1.41742 1062.06
1.42355 1060.75
1.4297 1057.07
1.43585 1053.84
1.44198 1044.67
1.44809 1042.64
1.45423 1038.29
1.46036 1037.14
1.46649 1026.52
1.47263 1025.49
1.47877 1022.79
1.48491 1017.61
1.49104 1015.38
1.49718 1008.39
1.50333 1003.65
1.50947 996.377
1.5156 992.489
1.52172 989.19
1.52787 985.943
1.534 981.63
1.54013 977.677
1.54627 972.735
1.55241 968.269
1.55855 966.62
1.56467 960.133
1.5708 956.956
