0.00783031 -0.683597
0.013688 -1.1845
0.019231 2.60887
0.0249154 3.34951
0.0312784 1.98202
0.0375637 1.55867
0.0433917 1.04416
0.0492413 3.29566
0.0555754 3.46163
0.0619321 3.75876
0.067871 5.73223
0.0738098 6.58843
0.0800417 3.6561
0.0862327 6.23723
0.0921407 7.01642
0.0982031 8.29272
0.104506 7.87432
0.110769 5.63277
0.116806 8.83214
0.122832 8.49221
0.129052 10.2171
0.135211 6.42527
0.141259 9.95776
0.147318 8.37545
0.153489 11.1774
0.159709 11.7894
0.165845 9.49923
0.171974 10.2573
0.178125 9.2613
0.184229 8.6796
0.19034 11.0914
0.196428 11.129
0.202534 10.1666
0.208729 11.8174
0.214876 11.8439
0.220989 10.2845
0.227147 10.6315
0.23329 12.5073
0.239377 11.4329
0.245482 10.4135
0.251667 9.52927
0.257832 10.8591
0.263955 11.5686
0.270079 11.7221
0.27624 11.1371
0.282372 9.82868
0.28843 8.49942
0.294538 7.87721
0.300721 10.1899
0.30691 5.86028
0.313033 6.40729
0.319153 7.91894
0.325316 8.99048
0.33145 6.07271
0.337538 5.25855
0.343633 5.80245
0.349808 6.14553
0.355968 4.95955
0.362074 4.56143
0.368217 4.70742
0.374374 4.33012
0.380519 1.32587
0.386598 1.88521
0.392688 1.96401
0.39888 5.81389
0.405048 4.72244
0.411186 2.43059
0.417313 2.78813
0.423458 1.85341
0.429607 0.473687
0.435692 -1.21634
0.441815 0.874742
0.447964 -1.14171
0.454126 -1.58771
0.460267 -0.115965
0.466387 -0.615955
0.47254 -2.20152
0.478662 -1.48365
0.484765 -2.16576
0.490885 -3.57632
0.497035 -4.12999
0.503198 -4.81741
0.509342 -3.25016
0.515458 -4.78845
0.521598 -3.14234
0.527764 -4.80553
0.533884 -5.8116
0.54 -3.09614
0.546137 -8.12465
0.552299 -6.31429
0.558452 -5.19411
0.564573 -7.56689
0.570708 -9.40274
0.576825 -6.78162
0.582926 -9.22292
0.589034 -9.832
0.595184 -10.614
0.601379 -8.64804
0.607522 -9.34425
0.613639 -10.5312
0.619772 -11.288
0.625918 -8.93405
0.632068 -10.1562
0.638161 -11.2479
0.6443 -13.382
0.650464 -13.0856
0.656582 -12.1849
0.662703 -15.6309
0.668861 -14.7229
0.675024 -15.1441
0.681124 -16.4083
0.687237 -15.3354
0.693381 -16.5795
0.699536 -16.2325
0.705665 -17.434
0.711789 -15.3746
0.717957 -17.042
0.72409 -18.8397
0.730186 -18.3737
0.736317 -19.6611
0.742472 -18.4465
0.748622 -19.1644
0.75476 -19.4724
0.760888 -17.8994
0.767043 -20.1223
0.773185 -20.607
0.779291 -20.3813
0.785407 -17.9672
0.791564 -21.4646
0.797719 -22.1054
0.803834 -23.4853
0.809972 -21.1612
0.816124 -21.8197
0.822261 -24.487
0.828378 -25.1
0.834502 -23.2213
0.840667 -23.8844
0.846816 -23.8952
0.852925 -24.0988
0.859047 -25.1036
0.865192 -26.7095
0.871341 -24.2308
0.877463 -26.0806
0.883569 -27.3212
0.889708 -27.0685
0.895864 -27.2821
0.902008 -29.9
0.908149 -27.8809
0.914301 -30.1392
0.920448 -25.4161
0.926574 -31.0123
0.932687 -28.4815
0.938823 -31.4953
0.944975 -29.2478
0.951105 -29.6533
0.957225 -30.6831
0.963368 -31.6323
0.969511 -29.27
0.975621 -31.8979
0.981748 -31.512
0.987916 -31.3718
0.99406 -33.702
1.00019 -33.1197
1.00632 -31.8241
1.01246 -34.7708
1.01859 -33.8714
1.02471 -33.3042
1.03085 -33.9733
1.03698 -35.5199
1.04314 -34.8504
1.04929 -35.0443
1.05541 -35.6739
1.06154 -36.3876
1.06769 -35.9598
1.07382 -38.2319
1.07993 -38.7896
1.08607 -37.5402
1.09222 -38.5436
1.09836 -35.7817
1.10449 -39.2674
1.11063 -37.1045
1.11677 -38.0211
1.1229 -40.6684
1.12903 -36.9361
1.13518 -39.872
1.14131 -39.6715
1.14745 -39.896
1.15359 -40.6382
1.15973 -41.0889
1.16584 -43.3724
1.17197 -41.2837
1.17811 -40.1927
1.18424 -43.5473
1.19038 -40.6931
1.19652 -41.9211
1.20267 -43.1738
1.20881 -41.8618
1.21495 -44.6652
1.22108 -44.2958
1.2272 -42.9911
1.23334 -44.7966
1.23949 -45.6934
1.24562 -44.1844
1.25174 -44.2754
1.25789 -45.8011
1.26402 -44.9235
1.27014 -45.6852
1.27628 -45.6587
1.28244 -47.508
1.28858 -45.8156
1.29471 -46.7633
1.30084 -47.4068
1.30697 -47.0373
1.31312 -47.0104
1.31925 -47.9938
1.32537 -47.634
1.33151 -48.7097
1.33765 -49.2247
1.34378 -47.6595
1.34992 -48.8604
1.35606 -48.6204
1.3622 -47.7626
1.36833 -47.6556
1.37445 -48.7228
1.38059 -48.7111
1.38675 -48.1191
1.39288 -50.0224
1.39901 -48.2213
1.40515 -48.9372
1.4113 -50.457
1.41742 -49.6139
1.42355 -49.9027
1.4297 -50.5374
1.43585 -49.704
1.44198 -51.5739
1.44809 -53.0879
1.45423 -48.345
1.46036 -53.3111
1.46649 -51.1983
1.47263 -52.1354
1.47877 -52.4541
1.48491 -51.4031
1.49104 -50.5326
1.49718 -51.2743
1.50333 -52.3408
1.50947 -51.1031
1.5156 -51.7756
1.52172 -52.1814
1.52787 -51.2516
1.534 -52.6594
1.54013 -51.6586
1.54627 -53.1167
1.55241 -53.2757
1.55855 -53.2157
1.56467 -53.7177
1.5708 -54.3767
