0.00783031 20458.8
0.013688 25347.3
0.019231 25448.5
0.0249154 23087.7
0.0312784 20256.4
0.0375637 16852.7
0.0433917 14547.6
0.0492413 13111
0.0555754 11967.8
0.0619321 10903.9
0.067871 10258.5
0.0738098 9499.77
0.0800417 8674.19
0.0862327 7732.14
0.0921407 6903.24
0.0982031 6193.1
0.104506 5702.09
0.110769 5470.13
0.116806 4960.18
0.122832 4826.76
0.129052 4576.07
0.135211 4213.16
0.141259 3868.65
0.147318 3700.44
0.153489 3434.57
0.159709 3213.97
0.165845 3077.56
0.171974 2876.61
0.178125 2758.04
0.184229 2689.62
0.19034 2598.44
0.196428 2507.51
0.202534 2419.61
0.208729 2299.91
0.214876 2178.42
0.220989 2100.47
0.227147 2025.86
0.23329 1953.56
0.239377 1913.08
0.245482 1850.91
0.251667 1773.35
0.257832 1701.76
0.263955 1674.98
0.270079 1617.87
0.27624 1594.65
0.282372 1540.19
0.28843 1492.23
0.294538 1441.6
0.300721 1430.77
0.30691 1385.42
0.313033 1329.31
0.319153 1315.08
0.325316 1280.51
0.33145 1238.71
0.337538 1229.24
0.343633 1192.07
0.349808 1169.06
0.355968 1143.74
0.362074 1129.31
0.368217 1096.91
0.374374 1077.74
0.380519 1065.91
0.386598 1041.99
0.392688 1019.49
0.39888 994.861
0.405048 974.231
0.411186 957.906
0.417313 942.022
0.423458 927.571
0.429607 911.785
0.435692 900.789
0.441815 881.76
0.447964 858.075
0.454126 852.227
0.460267 837.791
0.466387 827.297
0.47254 813.194
0.478662 799.902
0.484765 792.323
0.490885 777.629
0.497035 763.048
0.503198 756.839
0.509342 742.281
0.515458 736.089
0.521598 720.146
0.527764 711.945
0.533884 703.127
0.54 691.812
0.546137 681.737
0.552299 672.311
0.558452 666.094
0.564573 660.092
0.570708 647.223
0.576825 635.32
0.582926 629.891
0.589034 620.804
0.595184 616.575
0.601379 607.615
0.607522 604.281
0.613639 591.224
0.619772 586.25
0.625918 573.49
0.632068 565.86
0.638161 564.185
0.6443 558.594
0.650464 550.734
0.656582 540.721
0.662703 537.84
0.668861 531.545
0.675024 526.141
0.681124 519.184
0.687237 515.117
0.693381 507.722
0.699536 498.876
0.705665 496.362
0.711789 488.224
0.717957 482.797
0.72409 479.646
0.730186 474.055
0.736317 471.095
0.742472 463.602
0.748622 457.156
0.75476 454.241
0.760888 448.122
0.767043 442.646
0.773185 439.04
0.779291 432.055
0.785407 426.031
0.791564 423.528
0.797719 422.887
0.803834 416.015
0.809972 410.564
0.816124 405.326
0.822261 403.02
0.828378 398.102
0.834502 394.463
0.840667 388.82
0.846816 386.629
0.852925 382.166
0.859047 379.841
0.865192 374.726
0.871341 367.624
0.877463 366.473
0.883569 361.965
0.889708 358.758
0.895864 354.921
0.902008 351.749
0.908149 346.953
0.914301 344.972
0.920448 339.168
0.926574 336.134
0.932687 332.162
0.938823 331.749
0.944975 327.529
0.951105 324.985
0.957225 320.201
0.963368 317.15
0.969511 313.638
0.975621 312.373
0.981748 308.933
0.987916 305.151
0.99406 304.101
1.00019 299.985
1.00632 295.57
1.01246 291.762
1.01859 289.762
1.02471 286.809
1.03085 284.437
1.03698 279.732
1.04314 278.974
1.04929 275.353
1.05541 272.596
1.06154 269.274
1.06769 267.392
1.07382 264.256
1.07993 262.441
1.08607 260.394
1.09222 257.274
1.09836 253.999
1.10449 252.76
1.11063 250.15
1.11677 246.483
1.1229 245.199
1.12903 241.599
1.13518 240.103
1.14131 236.621
1.14745 234.625
1.15359 232.66
1.15973 230.394
1.16584 228.138
1.17197 226.115
1.17811 223.969
1.18424 222.108
1.19038 219.362
1.19652 216.814
1.20267 215.199
1.20881 212.747
1.21495 211.564
1.22108 209.248
1.2272 206.796
1.23334 204.329
1.23949 202.679
1.24562 200.503
1.25174 198.955
1.25789 197.094
1.26402 195.657
1.27014 193.481
1.27628 190.693
1.28244 188.686
1.28858 186.962
1.29471 185.086
1.30084 183.367
1.30697 182.17
1.31312 179.703
1.31925 178.901
1.32537 176.451
1.33151 174.681
1.33765 172.846
1.34378 170.792
1.34992 169.322
1.35606 168.232
1.3622 165.986
1.36833 164.35
1.37445 162.681
1.38059 161.581
1.38675 159.81
1.39288 158.618
1.39901 156.563
1.40515 155.312
1.4113 154.079
1.41742 152.046
1.42355 151.023
1.4297 149.88
1.43585 147.89
1.44198 146.509
1.44809 144.972
1.45423 143.843
1.46036 142.844
1.46649 141.528
1.47263 139.788
1.47877 138.249
1.48491 137.045
1.49104 135.753
1.49718 134.467
1.50333 133.144
1.50947 131.99
1.5156 130.585
1.52172 129.175
1.52787 128.139
1.534 126.477
1.54013 125.622
1.54627 124.286
1.55241 123.601
1.55855 122.005
1.56467 121.145
1.5708 119.849
