0.00783031 2655.64
0.013688 4267.87
0.019231 3767.53
0.0249154 2905.5
0.0312784 3154.51
0.0375637 3219.72
0.0433917 2492.99
0.0492413 3064.88
0.0555754 2692.59
0.0619321 2490.16
0.067871 2242.96
0.0738098 2160.88
0.0800417 2011.1
0.0862327 1927.08
0.0921407 1997.65
0.0982031 1774.41
0.104506 1701.89
0.110769 1630.59
0.116806 1493.12
0.122832 1401.15
0.129052 1430.19
0.135211 1367.58
0.141259 1323.92
0.147318 1222.43
0.153489 1253.75
0.159709 1180.12
0.165845 1135.62
0.171974 1093.45
0.178125 1052.32
0.184229 1050.02
0.19034 1031.11
0.196428 983.271
0.202534 941.003
0.208729 950.026
0.214876 893.217
0.220989 874.343
0.227147 856.032
0.23329 840.219
0.239377 811.034
0.245482 795.34
0.251667 788.151
0.257832 774.085
0.263955 751.698
0.270079 727.665
0.27624 712.445
0.282372 702.69
0.28843 677.386
0.294538 665.286
0.300721 654.045
0.30691 642.443
0.313033 628.995
0.319153 625.135
0.325316 612.05
0.33145 587.889
0.337538 578.463
0.343633 570.4
0.349808 566.013
0.355968 556.531
0.362074 549.367
0.368217 532.964
0.374374 531.08
0.380519 522.765
0.386598 508.446
0.392688 506.285
0.39888 498.476
0.405048 493.796
0.411186 482.988
0.417313 476.39
0.423458 466.662
0.429607 465.982
0.435692 457.071
0.441815 453.144
0.447964 443.848
0.454126 442.22
0.460267 434.742
0.466387 430.809
0.47254 425.242
0.478662 416.366
0.484765 411.342
0.490885 408.798
0.497035 401.792
0.503198 398.911
0.509342 390.949
0.515458 386.296
0.521598 383.795
0.527764 379.98
0.533884 374.863
0.54 371.587
0.546137 366.565
0.552299 366.837
0.558452 360.941
0.564573 355.765
0.570708 352.578
0.576825 351.306
0.582926 343.48
0.589034 339.116
0.595184 338.421
0.601379 335.989
0.607522 331.379
0.613639 326.758
0.619772 325.158
0.625918 322.412
0.632068 319.789
0.638161 316.386
0.6443 313.309
0.650464 310.307
0.656582 306.414
0.662703 304.388
0.668861 301.699
0.675024 300.485
0.681124 297.286
0.687237 294.584
0.693381 291.596
0.699536 289.071
0.705665 286.523
0.711789 285.258
0.717957 281.376
0.72409 281.629
0.730186 276.361
0.736317 275.455
0.742472 271.928
0.748622 270.826
0.75476 268.183
0.760888 266.839
0.767043 264.032
0.773185 263.396
0.779291 259.765
0.785407 259.583
0.791564 256.273
0.797719 254.838
0.803834 253.526
0.809972 251.456
0.816124 249.299
0.822261 246.858
0.828378 245.116
0.834502 243.394
0.840667 240.953
0.846816 239.31
0.852925 237.911
0.859047 235.124
0.865192 233.942
0.871341 234.118
0.877463 230.538
0.883569 229.371
0.889708 227.934
0.895864 226.962
0.902008 223.587
0.908149 223.335
0.914301 222.552
0.920448 219.608
0.926574 218.93
0.932687 216.507
0.938823 216.843
0.944975 213.83
0.951105 212.867
0.957225 210.882
0.963368 210.274
0.969511 208.869
0.975621 206.874
0.981748 205.965
0.987916 205.072
0.99406 203.465
1.00019 202.907
1.00632 200.536
1.01246 200.279
1.01859 198.353
1.02471 196.51
1.03085 196.176
1.03698 194.158
1.04314 193.71
1.04929 192.498
1.05541 190.749
1.06154 190.637
1.06769 189.324
1.07382 187.893
1.07993 186.946
1.08607 185.711
1.09222 184.801
1.09836 183.127
1.10449 183.133
1.11063 182.2
1.11677 180.115
1.1229 179.6
1.12903 177.927
1.13518 178.032
1.14131 176.656
1.14745 175.545
1.15359 174.67
1.15973 174.422
1.16584 172.273
1.17197 171.348
1.17811 170.341
1.18424 169.669
1.19038 168.582
1.19652 167.697
1.20267 167.344
1.20881 166.048
1.21495 164.32
1.22108 164.123
1.2272 162.419
1.23334 162.876
1.23949 161.736
1.24562 161.067
1.25174 160.516
1.25789 159.058
1.26402 158.409
1.27014 157.168
1.27628 156.539
1.28244 155.656
1.28858 154.927
1.29471 154.259
1.30084 153.238
1.30697 152.282
1.31312 152.375
1.31925 150.502
1.32537 150.242
1.33151 149.281
1.33765 148.789
1.34378 148.062
1.34992 147.512
1.35606 146.525
1.3622 145.688
1.36833 144.898
1.37445 144.034
1.38059 143.341
1.38675 143.242
1.39288 142.302
1.39901 141.562
1.40515 140.911
1.4113 140.196
1.41742 139.24
1.42355 139.067
1.4297 138.509
1.43585 137.752
1.44198 137.405
1.44809 136.507
1.45423 135.554
1.46036 135.332
1.46649 134.117
1.47263 133.854
1.47877 133.04
1.48491 132.339
1.49104 132.186
1.49718 131.208
1.50333 130.802
1.50947 129.765
1.5156 129.259
1.52172 129.066
1.52787 128.46
1.534 127.605
1.54013 127.561
1.54627 126.577
1.55241 126.436
1.55855 125.579
1.56467 125.061
1.5708 124.293
