0.00783031 -4.9174
0.013688 1.50454
0.019231 -0.671495
0.0249154 14.3418
0.0312784 12.4932
0.0375637 3.88813
0.0433917 9.73117
0.0492413 7.49643
0.0555754 9.65131
0.0619321 11.2536
0.067871 11.3511
0.0738098 7.87704
0.0800417 13.0092
0.0862327 11.3178
0.0921407 12.393
0.0982031 13.08
0.104506 16.2856
0.110769 15.4978
0.116806 16.8989
0.122832 14.0428
0.129052 16.3543
0.135211 16.8899
0.141259 15.5502
0.147318 16.9627
0.153489 16.3621
0.159709 17.1948
0.165845 19.8717
0.171974 15.0901
0.178125 19.4683
0.184229 19.0746
0.19034 16.9167
0.196428 18.0704
0.202534 16.7478
0.208729 19.2293
0.214876 17.1236
0.220989 18.3105
0.227147 19.0783
0.23329 18.313
0.239377 19.0448
0.245482 19.2222
0.251667 18.1808
0.257832 20.3971
0.263955 18.6592
0.270079 16.0929
0.27624 18.6466
0.282372 17.802
0.28843 15.0143
0.294538 16.2742
0.300721 13.1292
0.30691 14.7497
0.313033 15.6892
0.319153 15.1463
0.325316 17.4359
0.33145 14.317
0.337538 14.0406
0.343633 12.595
0.349808 11.5554
0.355968 13.3642
0.362074 11.8601
0.368217 11.9425
0.374374 10.1736
0.380519 13.185
0.386598 9.84378
0.392688 8.48972
0.39888 12.2651
0.405048 5.67955
0.411186 8.42178
0.417313 9.00465
0.423458 7.33634
0.429607 7.30366
0.435692 4.03444
0.441815 4.32253
0.447964 1.97609
0.454126 2.85642
0.460267 4.87177
0.466387 2.74114
0.47254 3.19781
0.478662 4.72587
0.484765 3.52858
0.490885 3.66085
0.497035 0.934051
0.503198 3.4125
0.509342 0.00596269
0.515458 -0.479238
0.521598 -0.307633
0.527764 0.227089
0.533884 -2.52535
0.54 -4.14101
0.546137 1.40799
0.552299 -4.68423
0.558452 -4.0046
0.564573 -3.47783
0.570708 -4.24699
0.576825 -2.97621
0.582926 -7.19277
0.589034 -5.57553
0.595184 -6.50373
0.601379 -7.83434
0.607522 -7.64971
0.613639 -10.4268
0.619772 -9.54124
0.625918 -9.07218
0.632068 -9.23989
0.638161 -10.9989
0.6443 -11.7834
0.650464 -12.0923
0.656582 -11.9311
0.662703 -11.6885
0.668861 -13.1006
0.675024 -14.3809
0.681124 -12.9293
0.687237 -13.4728
0.693381 -13.1548
0.699536 -17.6487
0.705665 -15.8641
0.711789 -16.7436
0.717957 -17.2112
0.72409 -18.8789
0.730186 -18.9305
0.736317 -19.2394
0.742472 -18.2395
0.748622 -19.1256
0.75476 -19.6508
0.760888 -18.6444
0.767043 -19.8031
0.773185 -20.2723
0.779291 -21.1102
0.785407 -21.3568
0.791564 -21.0355
0.797719 -21.9966
0.803834 -22.023
0.809972 -21.6702
0.816124 -22.9041
0.822261 -21.9345
0.828378 -23.3143
0.834502 -22.7115
0.840667 -23.7746
0.846816 -23.4461
0.852925 -24.1867
0.859047 -24.0896
0.865192 -24.9981
0.871341 -23.7415
0.877463 -25.0923
0.883569 -24.7633
0.889708 -25.0419
0.895864 -24.2385
0.902008 -24.8991
0.908149 -26.4211
0.914301 -25.4687
0.920448 -26.7126
0.926574 -26.1486
0.932687 -26.7516
0.938823 -25.2712
0.944975 -26.4418
0.951105 -26.9916
0.957225 -27.1594
0.963368 -25.7581
0.969511 -27.3729
0.975621 -27.7441
0.981748 -27.5638
0.987916 -27.4374
0.99406 -27.022
1.00019 -26.8403
1.00632 -26.2102
1.01246 -27.9361
1.01859 -27.1833
1.02471 -27.7276
1.03085 -27.9073
1.03698 -27.7118
1.04314 -27.7079
1.04929 -28.9063
1.05541 -28.5473
1.06154 -28.4223
1.06769 -27.7215
1.07382 -28.8766
1.07993 -28.5192
1.08607 -27.5908
1.09222 -28.5434
1.09836 -28.7075
1.10449 -29.1882
1.11063 -28.508
1.11677 -29.8788
1.1229 -29.6922
1.12903 -28.4051
1.13518 -29.5296
1.14131 -29.8383
1.14745 -28.7586
1.15359 -29.6573
1.15973 -27.3279
1.16584 -29.014
1.17197 -29.3852
1.17811 -27.5435
1.18424 -29.1204
1.19038 -28.7744
1.19652 -29.0203
1.20267 -28.0054
1.20881 -29.0141
1.21495 -28.6695
1.22108 -29.291
1.2272 -29.5956
1.23334 -28.5767
1.23949 -29.3311
1.24562 -28.645
1.25174 -29.5579
1.25789 -29.5145
1.26402 -28.0561
1.27014 -27.3277
1.27628 -28.5109
1.28244 -29.194
1.28858 -29.2066
1.29471 -28.5102
1.30084 -29.3573
1.30697 -28.1194
1.31312 -28.1059
1.31925 -28.1771
1.32537 -29.5777
1.33151 -28.0106
1.33765 -28.3669
1.34378 -29.0328
1.34992 -28.3095
1.35606 -28.4788
1.3622 -28.0855
1.36833 -29.2506
1.37445 -28.4456
1.38059 -27.9877
1.38675 -29.4218
1.39288 -28.5608
1.39901 -28.6403
1.40515 -28.2819
1.4113 -27.8517
1.41742 -28.651
1.42355 -28.2876
1.4297 -28.7924
1.43585 -27.5464
1.44198 -27.8942
1.44809 -28.3404
1.45423 -28.6863
1.46036 -27.6551
1.46649 -28.5725
1.47263 -27.3321
1.47877 -27.4911
1.48491 -27.6256
1.49104 -28.1969
1.49718 -26.9855
1.50333 -27.2546
1.50947 -27.8044
1.5156 -27.6867
1.52172 -27.06
1.52787 -27.5996
1.534 -27.5846
1.54013 -27.5823
1.54627 -27.263
1.55241 -27.5241
1.55855 -27.2329
1.56467 -27.4166
1.5708 -26.6158
