0.00783031 18795.6
0.013688 23058.1
0.019231 23472.8
0.0249154 22142.6
0.0312784 19335.3
0.0375637 15926.9
0.0433917 14419.6
0.0492413 12817.2
0.0555754 11647.4
0.0619321 11154.5
0.067871 10481.8
0.0738098 9498.47
0.0800417 8852.56
0.0862327 7990.38
0.0921407 7203.57
0.0982031 6448.6
0.104506 6078.86
0.110769 5622.04
0.116806 5301.35
0.122832 5137.41
0.129052 5045.48
0.135211 4700.88
0.141259 4519.26
0.147318 4230.09
0.153489 4076.1
0.159709 3783.34
0.165845 3591.58
0.171974 3466.59
0.178125 3291.6
0.184229 3247.53
0.19034 3193.25
0.196428 3104.63
0.202534 2963.98
0.208729 2804.24
0.214876 2828.23
0.220989 2786.64
0.227147 2577.88
0.23329 2605.44
0.239377 2480.01
0.245482 2432.28
0.251667 2401.83
0.257832 2298.52
0.263955 2288.44
0.270079 2242.27
0.27624 2179.11
0.282372 2138.99
0.28843 2096.47
0.294538 2065.03
0.300721 2026.29
0.30691 1994.24
0.313033 1944.3
0.319153 1919.19
0.325316 1875.83
0.33145 1837.85
0.337538 1825.53
0.343633 1792.55
0.349808 1758.59
0.355968 1735.02
0.362074 1712.96
0.368217 1700.86
0.374374 1671.5
0.380519 1622.52
0.386598 1616.88
0.392688 1592.75
0.39888 1556.52
0.405048 1563.27
0.411186 1537.26
0.417313 1517.49
0.423458 1492.68
0.429607 1475.89
0.435692 1456.1
0.441815 1431.26
0.447964 1443.31
0.454126 1415.4
0.460267 1386.83
0.466387 1378.69
0.47254 1366.44
0.478662 1341.94
0.484765 1332.18
0.490885 1318.67
0.497035 1318.37
0.503198 1278.53
0.509342 1276.42
0.515458 1260.25
0.521598 1249.99
0.527764 1243.06
0.533884 1228.14
0.54 1221.7
0.546137 1190.86
0.552299 1195.72
0.558452 1179.43
0.564573 1170.22
0.570708 1153.47
0.576825 1139.03
0.582926 1132.4
0.589034 1124.13
0.595184 1110.08
0.601379 1100.88
0.607522 1094.14
0.613639 1090.89
0.619772 1071.57
0.625918 1066.34
0.632068 1046.22
0.638161 1050.28
0.6443 1042.16
0.650464 1017.04
0.656582 1022.51
0.662703 1002.2
0.668861 1004.71
0.675024 992.027
0.681124 979.749
0.687237 973.454
0.693381 960.869
0.699536 962.015
0.705665 945.922
0.711789 939.786
0.717957 931.645
0.72409 929.982
0.730186 919.316
0.736317 911.062
0.742472 896.083
0.748622 896.533
0.75476 889.095
0.760888 877.143
0.767043 872.254
0.773185 869.134
0.779291 856.978
0.785407 854.046
0.791564 848.288
0.797719 838.652
0.803834 829.604
0.809972 820.803
0.816124 818.124
0.822261 809.511
0.828378 808.11
0.834502 798.835
0.840667 791.547
0.846816 780.998
0.852925 778.122
0.859047 774.272
0.865192 771.389
0.871341 755.777
0.877463 752.578
0.883569 746.721
0.889708 742.912
0.895864 735.276
0.902008 732.142
0.908149 724.114
0.914301 719.656
0.920448 713.247
0.926574 709.252
0.932687 703.252
0.938823 696.325
0.944975 689.224
0.951105 687.209
0.957225 679.913
0.963368 670.776
0.969511 669.483
0.975621 664.162
0.981748 661.933
0.987916 652.949
0.99406 646.904
1.00019 642.755
1.00632 636.223
1.01246 635.852
1.01859 628.585
1.02471 625.056
1.03085 623.848
1.03698 612.342
1.04314 611.229
1.04929 609.125
1.05541 603.139
1.06154 596.918
1.06769 592.527
1.07382 586.818
1.07993 582.093
1.08607 578.007
1.09222 574.604
1.09836 570.457
1.10449 565.467
1.11063 559.361
1.11677 556.919
1.1229 554.74
1.12903 549.61
1.13518 545.079
1.14131 540.941
1.14745 538.921
1.15359 532.683
1.15973 525.695
1.16584 523.568
1.17197 520.386
1.17811 513.171
1.18424 512.063
1.19038 508.337
1.19652 503.316
1.20267 497.5
1.20881 496.327
1.21495 492.368
1.22108 489.515
1.2272 486.169
1.23334 480.892
1.23949 478.54
1.24562 473.824
1.25174 471.803
1.25789 467.517
1.26402 463.21
1.27014 459.591
1.27628 455.429
1.28244 452.099
1.28858 448.529
1.29471 446.2
1.30084 442.156
1.30697 437.917
1.31312 435.356
1.31925 432.091
1.32537 428.964
1.33151 426.037
1.33765 423.452
1.34378 420.139
1.34992 415.484
1.35606 415.581
1.3622 409.797
1.36833 408.034
1.37445 401.711
1.38059 401.017
1.38675 398.072
1.39288 395.757
1.39901 393.471
1.40515 388.99
1.4113 386.493
1.41742 384.427
1.42355 381.523
1.4297 378.972
1.43585 374.636
1.44198 372.085
1.44809 370.436
1.45423 368.058
1.46036 363.989
1.46649 361.111
1.47263 357.364
1.47877 356.999
1.48491 354.759
1.49104 351.452
1.49718 348.834
1.50333 346.329
1.50947 343.349
1.5156 341.308
1.52172 338.278
1.52787 335.639
1.534 332.944
1.54013 330.654
1.54627 328.134
1.55241 325.864
1.55855 324.335
1.56467 322.375
1.5708 319.053
