0.00783031 0.691072
0.013688 0.846014
0.019231 0.839259
0.0249154 0.776433
0.0312784 0.872772
0.0375637 0.922984
0.0433917 0.868077
0.0492413 0.889533
0.0555754 0.987732
0.0619321 1.06799
0.067871 1.20889
0.0738098 1.22996
0.0800417 1.36596
0.0862327 1.46409
0.0921407 1.73787
0.0982031 1.84892
0.104506 2.09874
0.110769 2.253
0.116806 2.51344
0.122832 2.84131
0.129052 3.22811
0.135211 3.55642
0.141259 3.78979
0.147318 4.13456
0.153489 4.54502
0.159709 4.91936
0.165845 5.54617
0.171974 5.72463
0.178125 6.06556
0.184229 6.72231
0.19034 7.25757
0.196428 7.85021
0.202534 8.3186
0.208729 8.82672
0.214876 9.49858
0.220989 10.2007
0.227147 10.4535
0.23329 11.2736
0.239377 11.7611
0.245482 12.5134
0.251667 13.0446
0.257832 13.6281
0.263955 14.2318
0.270079 15.0437
0.27624 15.5195
0.282372 16.2475
0.28843 17.0262
0.294538 17.6884
0.300721 18.0846
0.30691 18.7542
0.313033 19.9631
0.319153 20.281
0.325316 21.0143
0.33145 21.678
0.337538 22.7152
0.343633 23.0494
0.349808 23.7226
0.355968 24.4889
0.362074 24.8577
0.368217 25.9711
0.374374 26.3772
0.380519 27.0115
0.386598 27.8328
0.392688 28.1414
0.39888 28.7591
0.405048 29.7776
0.411186 30.2922
0.417313 30.7955
0.423458 31.5245
0.429607 32.1667
0.435692 32.6088
0.441815 33.2158
0.447964 33.7371
0.454126 34.3953
0.460267 34.6573
0.466387 35.4046
0.47254 35.8509
0.478662 36.2469
0.484765 36.6524
0.490885 37.309
0.497035 37.9064
0.503198 37.9472
0.509342 38.6509
0.515458 39.2571
0.521598 39.4421
0.527764 40.0728
0.533884 40.2523
0.54 40.8124
0.546137 40.7925
0.552299 41.0387
0.558452 41.922
0.564573 42.076
0.570708 42.3593
0.576825 42.4032
0.582926 42.6685
0.589034 42.8505
0.595184 43.2285
0.601379 43.4421
0.607522 43.5269
0.613639 44.0505
0.619772 44.2331
0.625918 44.4948
0.632068 44.2241
0.638161 44.7619
0.6443 44.729
0.650464 44.8937
0.656582 45.1125
0.662703 44.9249
0.668861 45.4026
0.675024 45.3867
0.681124 45.2447
0.687237 45.6452
0.693381 45.5978
0.699536 45.701
0.705665 46.2368
0.711789 45.9624
0.717957 45.999
0.72409 46.0242
0.730186 46.5229
0.736317 46.159
0.742472 46.2616
0.748622 46.1648
0.75476 46.0944
0.760888 46.4178
0.767043 46.3473
0.773185 46.4718
0.779291 46.3698
0.785407 46.2085
0.791564 46.4171
0.797719 46.489
0.803834 46.2397
0.809972 46.5687
0.816124 46.6297
0.822261 46.6182
0.828378 46.4974
0.834502 46.3837
0.840667 46.4127
0.846816 46.0745
0.852925 46.3349
0.859047 46.4324
0.865192 46.3949
0.871341 46.3044
0.877463 46.2135
0.883569 46.4507
0.889708 46.2922
0.895864 46.2699
0.902008 46.1912
0.908149 46.1814
0.914301 46.2952
0.920448 46.1446
0.926574 46.036
0.932687 46.1159
0.938823 46.119
0.944975 46.4067
0.951105 46.0834
0.957225 46.158
0.963368 45.9124
0.969511 45.9863
0.975621 46.0544
0.981748 46.1241
0.987916 46.0962
0.99406 45.8343
1.00019 46.0777
1.00632 46.1089
1.01246 46.129
1.01859 45.944
1.02471 45.89
1.03085 46.0376
1.03698 45.9848
1.04314 45.8724
1.04929 46.0231
1.05541 46.1014
1.06154 45.95
1.06769 45.7948
1.07382 45.712
1.07993 45.9688
1.08607 45.8435
1.09222 45.8885
1.09836 45.8254
1.10449 45.897
1.11063 45.8743
1.11677 45.7914
1.1229 46.0484
1.12903 45.9108
1.13518 45.8633
1.14131 45.729
1.14745 45.8804
1.15359 45.7825
1.15973 45.6461
1.16584 45.9071
1.17197 45.8574
1.17811 45.8472
1.18424 45.7409
1.19038 45.737
1.19652 45.9453
1.20267 45.7349
1.20881 45.6551
1.21495 45.8354
1.22108 45.8485
1.2272 45.7697
1.23334 45.8918
1.23949 45.8951
1.24562 45.977
1.25174 45.9604
1.25789 45.8409
1.26402 45.7649
1.27014 45.8376
1.27628 45.7784
1.28244 45.8034
1.28858 45.948
1.29471 45.9204
1.30084 45.9647
1.30697 45.9674
1.31312 45.9784
1.31925 45.9476
1.32537 45.9147
1.33151 46.1223
1.33765 46.0487
1.34378 45.997
1.34992 46.0257
1.35606 46.2943
1.3622 46.1874
1.36833 46.1169
1.37445 46.1784
1.38059 46.1442
1.38675 46.1569
1.39288 46.0119
1.39901 46.2742
1.40515 46.1214
1.4113 46.0896
1.41742 46.1525
1.42355 46.0937
1.4297 46.2666
1.43585 46.3112
1.44198 46.3204
1.44809 46.3569
1.45423 46.3235
1.46036 46.4232
1.46649 46.2599
1.47263 46.1352
1.47877 46.2796
1.48491 46.4313
1.49104 46.5086
1.49718 46.472
1.50333 46.3524
1.50947 46.3197
1.5156 46.5179
1.52172 46.4753
1.52787 46.5073
1.534 46.4606
1.54013 46.4948
1.54627 46.5719
1.55241 46.5074
1.55855 46.5905
1.56467 46.5945
1.5708 46.5384
