0.00783031 7175.14
0.013688 7071.88
0.019231 5340.25
0.0249154 5411.28
0.0312784 5542.29
0.0375637 5257.89
0.0433917 4868.13
0.0492413 4079.45
0.0555754 4173.48
0.0619321 3905.84
0.067871 3551.93
0.0738098 3542.01
0.0800417 3388.22
0.0862327 3275.83
0.0921407 2931
0.0982031 2859.8
0.104506 2845.06
0.110769 2434.15
0.116806 2397.53
0.122832 2249.51
0.129052 2181
0.135211 2013.68
0.141259 1969.81
0.147318 1943.36
0.153489 1851.93
0.159709 1735.81
0.165845 1624.07
0.171974 1599.36
0.178125 1543.29
0.184229 1426.26
0.19034 1436.99
0.196428 1332.58
0.202534 1352.72
0.208729 1255.77
0.214876 1217.73
0.220989 1211.38
0.227147 1141.55
0.23329 1123.77
0.239377 1084.46
0.245482 1070.56
0.251667 1032.99
0.257832 957.568
0.263955 973.571
0.270079 940.732
0.27624 924.914
0.282372 873.588
0.28843 849.813
0.294538 823.774
0.300721 803.923
0.30691 788.873
0.313033 762.82
0.319153 767.345
0.325316 754.207
0.33145 738.064
0.337538 714.087
0.343633 693.786
0.349808 687.085
0.355968 663.2
0.362074 649.64
0.368217 629.794
0.374374 622.314
0.380519 611.609
0.386598 594.652
0.392688 582.079
0.39888 564.582
0.405048 569.204
0.411186 547.763
0.417313 540.228
0.423458 544.858
0.429607 516.116
0.435692 509.792
0.441815 496.226
0.447964 486.421
0.454126 480.34
0.460267 481.605
0.466387 460.213
0.47254 455.716
0.478662 445.01
0.484765 434.596
0.490885 431.512
0.497035 431.964
0.503198 417.53
0.509342 411.982
0.515458 398.897
0.521598 397.715
0.527764 391.425
0.533884 388.48
0.54 382.375
0.546137 374.239
0.552299 371.427
0.558452 357.549
0.564573 361.745
0.570708 351.535
0.576825 351.889
0.582926 345.356
0.589034 338.512
0.595184 335.466
0.601379 326.254
0.607522 325.828
0.613639 317.276
0.619772 312.634
0.625918 309.702
0.632068 302.828
0.638161 303.217
0.6443 297.003
0.650464 296.751
0.656582 286.073
0.662703 284.364
0.668861 277.558
0.675024 279.948
0.681124 275.347
0.687237 271.49
0.693381 270.824
0.699536 261.533
0.705665 264.639
0.711789 253.166
0.717957 252.43
0.72409 251.421
0.730186 245.006
0.736317 243.231
0.742472 245.1
0.748622 239.039
0.75476 231.769
0.760888 222.344
0.767043 225.929
0.773185 223.651
0.779291 223.107
0.785407 217.889
0.791564 215.052
0.797719 212.28
0.803834 211.256
0.809972 209.3
0.816124 203.141
0.822261 200.761
0.828378 200.174
0.834502 197.383
0.840667 192.518
0.846816 194.138
0.852925 193.84
0.859047 185.945
0.865192 185.633
0.871341 185.355
0.877463 183.991
0.883569 179.686
0.889708 181.869
0.895864 176.23
0.902008 174.258
0.908149 169.552
0.914301 169.91
0.920448 166.057
0.926574 163.221
0.932687 161.996
0.938823 159.46
0.944975 159.757
0.951105 154.252
0.957225 153.182
0.963368 154.704
0.969511 150.138
0.975621 147.672
0.981748 147.898
0.987916 146.394
0.99406 142.82
1.00019 139.938
1.00632 137.971
1.01246 136.485
1.01859 134.104
1.02471 133.786
1.03085 130.348
1.03698 130.153
1.04314 128.538
1.04929 124.965
1.05541 125.449
1.06154 124.504
1.06769 123.197
1.07382 122.958
1.07993 118.401
1.08607 117.326
1.09222 115.039
1.09836 113.783
1.10449 110.928
1.11063 109.278
1.11677 111.43
1.1229 107.706
1.12903 105.06
1.13518 103.792
1.14131 102.503
1.14745 101.774
1.15359 101.916
1.15973 98.541
1.16584 98.2884
1.17197 96.9238
1.17811 95.2985
1.18424 93.969
1.19038 90.8037
1.19652 88.6088
1.20267 93.3171
1.20881 88.0719
1.21495 87.3777
1.22108 84.656
1.2272 85.9052
1.23334 82.9774
1.23949 81.0388
1.24562 80.4675
1.25174 80.0621
1.25789 78.532
1.26402 77.4263
1.27014 77.8626
1.27628 74.4468
1.28244 72.5139
1.28858 73.8446
1.29471 72.3119
1.30084 71.5376
1.30697 70.7536
1.31312 68.8738
1.31925 66.3607
1.32537 67.1874
1.33151 64.353
1.33765 63.3679
1.34378 62.6835
1.34992 62.05
1.35606 60.6373
1.3622 60.1563
1.36833 59.7225
1.37445 58.0137
1.38059 56.0019
1.38675 55.7957
1.39288 53.2581
1.39901 54.2496
1.40515 50.4866
1.4113 51.6347
1.41742 52.0015
1.42355 50.3923
1.4297 48.0752
1.43585 48.3922
1.44198 47.5948
1.44809 46.8516
1.45423 45.0816
1.46036 44.3428
1.46649 44.6228
1.47263 42.0436
1.47877 42.0382
1.48491 40.0081
1.49104 40.5397
1.49718 39.7441
1.50333 38.0718
1.50947 37.5251
1.5156 36.6418
1.52172 37.0703
1.52787 35.0465
1.534 34.4224
1.54013 33.5219
1.54627 32.1253
1.55241 31.1794
1.55855 32.5915
1.56467 29.6521
1.5708 30.5647
