0.00783031 3280.35
0.013688 670.775
0.019231 573.739
0.0249154 764.453
0.0312784 484.009
0.0375637 -208.734
0.0433917 240.239
0.0492413 81.7267
0.0555754 -339.684
0.0619321 -318.73
0.067871 -61.2228
0.0738098 4.31053
0.0800417 -220.089
0.0862327 -153.587
0.0921407 -216.607
0.0982031 -84.9946
0.104506 -148.591
0.110769 -191.427
0.116806 -140.754
0.122832 -102.272
0.129052 -170.223
0.135211 -152.12
0.141259 -151.856
0.147318 -190.64
0.153489 -182.682
0.159709 -164.141
0.165845 -151.514
0.171974 -142.528
0.178125 -171.838
0.184229 -142.06
0.19034 -163.766
0.196428 -131.199
0.202534 -167.77
0.208729 -151.345
0.214876 -142.07
0.220989 -133.453
0.227147 -142.204
0.23329 -141.373
0.239377 -125.322
0.245482 -144.358
0.251667 -165.332
0.257832 -136.31
0.263955 -133.234
0.270079 -139.207
0.27624 -131.539
0.282372 -134.656
0.28843 -122.395
0.294538 -124.405
0.300721 -122.217
0.30691 -126.217
0.313033 -122.87
0.319153 -116.285
0.325316 -118.116
0.33145 -124.518
0.337538 -123.434
0.343633 -115.495
0.349808 -114.935
0.355968 -109.944
0.362074 -107.34
0.368217 -113.134
0.374374 -110.486
0.380519 -111.405
0.386598 -106.131
0.392688 -112.521
0.39888 -112.161
0.405048 -108.431
0.411186 -105.693
0.417313 -106.705
0.423458 -102.212
0.429607 -98.1925
0.435692 -100.645
0.441815 -102.678
0.447964 -100.205
0.454126 -99.5993
0.460267 -97.2479
0.466387 -97.0053
0.47254 -98.8805
0.478662 -91.211
0.484765 -94.0847
0.490885 -87.3037
0.497035 -92.8131
0.503198 -93.7736
0.509342 -90.6707
0.515458 -90.399
0.521598 -90.8107
0.527764 -88.0346
0.533884 -90.2053
0.54 -87.3448
0.546137 -91.4831
0.552299 -85.1303
0.558452 -85.2575
0.564573 -89.0472
0.570708 -84.2525
0.576825 -83.4861
0.582926 -83.1749
0.589034 -83.8892
0.595184 -86.383
0.601379 -81.8962
0.607522 -82.7503
0.613639 -82.4788
0.619772 -80.7849
0.625918 -81.7388
0.632068 -79.8024
0.638161 -79.3778
0.6443 -79.359
0.650464 -80.0985
0.656582 -79.063
0.662703 -79.6015
0.668861 -75.864
0.675024 -76.1703
0.681124 -76.3161
0.687237 -76.0131
0.693381 -74.4978
0.699536 -74.1798
0.705665 -74.556
0.711789 -74.3012
0.717957 -75.0909
0.72409 -72.6866
0.730186 -73.1797
0.736317 -72.8981
0.742472 -71.7423
0.748622 -71.9304
0.75476 -70.4827
0.760888 -70.708
0.767043 -70.433
0.773185 -71.1385
0.779291 -68.8091
0.785407 -70.4266
0.791564 -69.2709
0.797719 -68.557
0.803834 -67.1228
0.809972 -68.186
0.816124 -66.588
0.822261 -67.2848
0.828378 -67.1793
0.834502 -66.1648
0.840667 -65.5393
0.846816 -65.3855
0.852925 -66.0402
0.859047 -64.4315
0.865192 -64.4319
0.871341 -65.0466
0.877463 -64.042
0.883569 -63.9237
0.889708 -63.6927
0.895864 -63.6641
0.902008 -61.9571
0.908149 -62.6429
0.914301 -62.7639
0.920448 -61.816
0.926574 -61.3885
0.932687 -62.3024
0.938823 -60.523
0.944975 -60.3314
0.951105 -60.6335
0.957225 -60.0789
0.963368 -59.5716
0.969511 -59.1354
0.975621 -59.7304
0.981748 -58.3482
0.987916 -58.2124
0.99406 -57.662
1.00019 -58.2475
1.00632 -57.9473
1.01246 -57.4677
1.01859 -56.3941
1.02471 -57.4026
1.03085 -55.8235
1.03698 -55.7371
1.04314 -56.4736
1.04929 -55.7932
1.05541 -55.1977
1.06154 -53.9018
1.06769 -54.7205
1.07382 -54.0407
1.07993 -54.2864
1.08607 -54.3602
1.09222 -53.546
1.09836 -53.6178
1.10449 -53.1546
1.11063 -53.2911
1.11677 -52.8631
1.1229 -52.2171
1.12903 -52.0891
1.13518 -52.3905
1.14131 -51.3202
1.14745 -51.6653
1.15359 -51.083
1.15973 -50.6815
1.16584 -50.4916
1.17197 -50.8535
1.17811 -50.2287
1.18424 -49.5603
1.19038 -49.345
1.19652 -49.5375
1.20267 -48.8839
1.20881 -48.7486
1.21495 -48.8228
1.22108 -48.54
1.2272 -48.651
1.23334 -47.7871
1.23949 -48.076
1.24562 -47.2526
1.25174 -47.031
1.25789 -47.0095
1.26402 -46.4644
1.27014 -46.7462
1.27628 -46.3956
1.28244 -45.994
1.28858 -45.5689
1.29471 -45.726
1.30084 -44.9836
1.30697 -45.1405
1.31312 -44.6724
1.31925 -44.7195
1.32537 -44.6632
1.33151 -44.3119
1.33765 -43.7268
1.34378 -43.3461
1.34992 -43.6859
1.35606 -43.7063
1.3622 -42.7456
1.36833 -43.0082
1.37445 -42.6705
1.38059 -42.5401
1.38675 -41.8981
1.39288 -42.0663
1.39901 -41.689
1.40515 -41.6273
1.4113 -41.1451
1.41742 -41.008
1.42355 -40.2561
1.4297 -40.3932
1.43585 -40.3179
1.44198 -40.3129
1.44809 -39.7512
1.45423 -39.2793
1.46036 -39.6499
1.46649 -39.3374
1.47263 -38.7915
1.47877 -38.9244
1.48491 -38.5452
1.49104 -38.2513
1.49718 -37.9629
1.50333 -37.9173
1.50947 -37.6001
1.5156 -37.5635
1.52172 -37.1062
1.52787 -37.144
1.534 -37.092
1.54013 -36.8583
1.54627 -36.5616
1.55241 -36.167
1.55855 -36.2653
1.56467 -35.8756
1.5708 -35.5864
