0.00783031 -2.61933
0.013688 -0.0988114
0.019231 0.00177472
0.0249154 2.13873
0.0312784 4.50108
0.0375637 1.50587
0.0433917 1.65287
0.0492413 2.34154
0.0555754 5.29201
0.0619321 5.27461
0.067871 4.40971
0.0738098 5.94922
0.0800417 2.81735
0.0862327 7.66325
0.0921407 9.73643
0.0982031 5.29811
0.104506 7.21759
0.110769 9.29982
0.116806 9.14643
0.122832 9.3674
0.129052 9.20132
0.135211 11.8654
0.141259 10.6376
0.147318 9.66031
0.153489 8.58035
0.159709 11.9822
0.165845 9.2085
0.171974 14.1765
0.178125 9.93786
0.184229 11.8139
0.19034 8.79426
0.196428 10.9893
0.202534 9.59338
0.208729 11.7614
0.214876 10.175
0.220989 8.1843
0.227147 10.4651
0.23329 8.68135
0.239377 13.8387
0.245482 8.74963
0.251667 10.2067
0.257832 8.22943
0.263955 11.6299
0.270079 9.11603
0.27624 6.3782
0.282372 7.64914
0.28843 8.19187
0.294538 7.67414
0.300721 8.90288
0.30691 6.98268
0.313033 8.92944
0.319153 10.7968
0.325316 9.81393
0.33145 4.98671
0.337538 8.58614
0.343633 6.6887
0.349808 6.92937
0.355968 7.10419
0.362074 6.9461
0.368217 6.44604
0.374374 4.68766
0.380519 3.74372
0.386598 3.79719
0.392688 3.03755
0.39888 3.80366
0.405048 5.30936
0.411186 3.71218
0.417313 3.7898
0.423458 2.99174
0.429607 5.25193
0.435692 1.92387
0.441815 2.06641
0.447964 0.805923
0.454126 2.253
0.460267 1.67221
0.466387 -1.2071
0.47254 1.19925
0.478662 0.026164
0.484765 -3.28197
0.490885 -0.58348
0.497035 -1.04418
0.503198 -2.07364
0.509342 -2.35838
0.515458 -2.19545
0.521598 -3.7116
0.527764 -3.35832
0.533884 -1.51984
0.54 -4.59696
0.546137 -4.5147
0.552299 -5.33927
0.558452 -6.91212
0.564573 -5.1105
0.570708 -7.30837
0.576825 -6.03547
0.582926 -7.14341
0.589034 -9.5663
0.595184 -10.1456
0.601379 -9.2773
0.607522 -8.51534
0.613639 -9.76501
0.619772 -12.3616
0.625918 -8.37421
0.632068 -10.348
0.638161 -12.4925
0.6443 -11.323
0.650464 -11.4897
0.656582 -9.58031
0.662703 -10.98
0.668861 -13.1765
0.675024 -14.5144
0.681124 -14.6815
0.687237 -14.8221
0.693381 -14.8634
0.699536 -14.7566
0.705665 -16.5777
0.711789 -17.6742
0.717957 -17.8558
0.72409 -15.7578
0.730186 -18.043
0.736317 -18.172
0.742472 -20.0119
0.748622 -19.2644
0.75476 -20.1552
0.760888 -21.9399
0.767043 -19.6991
0.773185 -19.9228
0.779291 -22.3951
0.785407 -23.6627
0.791564 -20.8633
0.797719 -23.5049
0.803834 -22.5122
0.809972 -24.0672
0.816124 -23.5368
0.822261 -25.2593
0.828378 -23.54
0.834502 -24.3453
0.840667 -22.8924
0.846816 -25.1943
0.852925 -27.2156
0.859047 -23.4777
0.865192 -27.4583
0.871341 -27.3275
0.877463 -26.6674
0.883569 -27.3997
0.889708 -25.9571
0.895864 -28.9948
0.902008 -28.6309
0.908149 -27.8786
0.914301 -28.9355
0.920448 -27.5501
0.926574 -30.1283
0.932687 -30.3597
0.938823 -31.2486
0.944975 -29.7415
0.951105 -29.7305
0.957225 -32.022
0.963368 -32.0192
0.969511 -31.349
0.975621 -33.9556
0.981748 -31.935
0.987916 -34.3629
0.99406 -33.2951
1.00019 -34.8465
1.00632 -34.293
1.01246 -33.91
1.01859 -34.9843
1.02471 -35.1327
1.03085 -33.1584
1.03698 -35.4838
1.04314 -37.2803
1.04929 -37.0888
1.05541 -38.1284
1.06154 -38.3184
1.06769 -35.4471
1.07382 -37.22
1.07993 -39.0572
1.08607 -38.0926
1.09222 -38.3669
1.09836 -39.6037
1.10449 -40.7639
1.11063 -40.4268
1.11677 -37.7259
1.1229 -40.5768
1.12903 -41.9068
1.13518 -41.4824
1.14131 -40.8672
1.14745 -41.2526
1.15359 -41.495
1.15973 -41.4968
1.16584 -40.9985
1.17197 -41.401
1.17811 -40.8528
1.18424 -43.357
1.19038 -42.1473
1.19652 -41.6896
1.20267 -43.8105
1.20881 -45.2683
1.21495 -45.0658
1.22108 -42.6843
1.2272 -45.2875
1.23334 -45.4988
1.23949 -44.9974
1.24562 -44.3697
1.25174 -46.7916
1.25789 -46.8036
1.26402 -47.6294
1.27014 -47.4243
1.27628 -47.1547
1.28244 -46.5164
1.28858 -45.3436
1.29471 -48.8117
1.30084 -46.4276
1.30697 -47.8385
1.31312 -48.1951
1.31925 -47.9474
1.32537 -48.4243
1.33151 -46.5622
1.33765 -46.9993
1.34378 -49.5725
1.34992 -48.2983
1.35606 -47.4749
1.3622 -49.1753
1.36833 -50.2456
1.37445 -49.0003
1.38059 -51.4637
1.38675 -49.8588
1.39288 -49.3393
1.39901 -50.7048
1.40515 -50.0261
1.4113 -52.356
1.41742 -50.3485
1.42355 -48.6926
1.4297 -49.2414
1.43585 -51.4876
1.44198 -50.5811
1.44809 -50.6932
1.45423 -51.1427
1.46036 -52.1622
1.46649 -50.1872
1.47263 -51.278
1.47877 -51.826
1.48491 -52.3289
1.49104 -53.9979
1.49718 -53.3646
1.50333 -53.4135
1.50947 -52.1514
1.5156 -53.3472
1.52172 -53.9799
1.52787 -52.797
1.534 -55.2324
1.54013 -53.2563
1.54627 -54.0503
1.55241 -52.2133
1.55855 -53.9379
1.56467 -54.9766
1.5708 -52.1916
