0.00783031 20435.2
0.013688 25249.4
0.019231 25336.1
0.0249154 23974.8
0.0312784 20479.3
0.0375637 17394
0.0433917 14667.8
0.0492413 13363
0.0555754 12437.3
0.0619321 10993.5
0.067871 10809.2
0.0738098 9758.14
0.0800417 9000.51
0.0862327 7819.8
0.0921407 7232.2
0.0982031 6640.84
0.104506 6318.01
0.110769 5733.44
0.116806 5307.8
0.122832 5158.4
0.129052 4819.93
0.135211 4743.04
0.141259 4609.23
0.147318 4099.58
0.153489 3944.33
0.159709 3643.95
0.165845 3527.89
0.171974 3358.27
0.178125 3261.02
0.184229 3160.6
0.19034 3089.99
0.196428 2871.16
0.202534 2858.22
0.208729 2732.83
0.214876 2618.05
0.220989 2549.73
0.227147 2431.5
0.23329 2405.62
0.239377 2311.87
0.245482 2254.05
0.251667 2251.03
0.257832 2193.4
0.263955 2094.44
0.270079 2084.64
0.27624 2010.23
0.282372 1957.55
0.28843 1909.86
0.294538 1900.68
0.300721 1822.98
0.30691 1788.59
0.313033 1755.03
0.319153 1725.61
0.325316 1704.83
0.33145 1677.32
0.337538 1618.79
0.343633 1606.29
0.349808 1553.22
0.355968 1553
0.362074 1532.01
0.368217 1498.9
0.374374 1474.29
0.380519 1459.01
0.386598 1422.17
0.392688 1409.57
0.39888 1400.08
0.405048 1366.1
0.411186 1344.93
0.417313 1330.41
0.423458 1310.97
0.429607 1284.54
0.435692 1286.58
0.441815 1259.48
0.447964 1242.19
0.454126 1222.46
0.460267 1217.88
0.466387 1198.75
0.47254 1181.49
0.478662 1166.19
0.484765 1149.67
0.490885 1138.88
0.497035 1121.04
0.503198 1105.4
0.509342 1102.25
0.515458 1087.62
0.521598 1079.23
0.527764 1064.67
0.533884 1052.65
0.54 1044.79
0.546137 1024.75
0.552299 1019.38
0.558452 1011.3
0.564573 992.517
0.570708 989.822
0.576825 972.616
0.582926 969.802
0.589034 961.85
0.595184 951.695
0.601379 941.766
0.607522 927.33
0.613639 923.261
0.619772 914.413
0.625918 896.857
0.632068 895.582
0.638161 888.046
0.6443 875.493
0.650464 866.285
0.656582 862.008
0.662703 851.061
0.668861 849.112
0.675024 842.486
0.681124 829.562
0.687237 822.475
0.693381 810.29
0.699536 808.35
0.705665 805.743
0.711789 795.875
0.717957 787.81
0.72409 778.471
0.730186 775.653
0.736317 764.922
0.742472 762.363
0.748622 752.611
0.75476 745.342
0.760888 741.466
0.767043 731.042
0.773185 726.485
0.779291 721.125
0.785407 719.604
0.791564 709.148
0.797719 700.501
0.803834 694.255
0.809972 689.193
0.816124 685.064
0.822261 675.722
0.828378 669.158
0.834502 666.272
0.840667 656.457
0.846816 654.226
0.852925 651.95
0.859047 643.764
0.865192 641.771
0.871341 634.089
0.877463 628.452
0.883569 620.176
0.889708 614.401
0.895864 612.564
0.902008 605.624
0.908149 603.415
0.914301 597.21
0.920448 589.723
0.926574 585.544
0.932687 583.346
0.938823 577.538
0.944975 569.733
0.951105 564.109
0.957225 563.454
0.963368 555.603
0.969511 552.626
0.975621 550.987
0.981748 542.925
0.987916 540.442
0.99406 536.845
1.00019 530.612
1.00632 525.594
1.01246 522.248
1.01859 516.642
1.02471 515.44
1.03085 507.409
1.03698 506.577
1.04314 501.552
1.04929 494.56
1.05541 494.271
1.06154 489.727
1.06769 481.805
1.07382 482.356
1.07993 478.797
1.08607 473.513
1.09222 469.136
1.09836 466.05
1.10449 463.344
1.11063 460.333
1.11677 454.153
1.1229 451.992
1.12903 448.328
1.13518 443.171
1.14131 439.862
1.14745 436.178
1.15359 434.176
1.15973 428.045
1.16584 425.859
1.17197 420.81
1.17811 419.945
1.18424 415.63
1.19038 411.004
1.19652 408.211
1.20267 405.975
1.20881 402.654
1.21495 399.295
1.22108 395.393
1.2272 393.551
1.23334 388.527
1.23949 386.094
1.24562 383.618
1.25174 379.482
1.25789 376.974
1.26402 373.298
1.27014 370.393
1.27628 366.799
1.28244 364.705
1.28858 361.293
1.29471 358.42
1.30084 355.19
1.30697 353.245
1.31312 350.58
1.31925 347.636
1.32537 343.961
1.33151 339.523
1.33765 339.071
1.34378 335.778
1.34992 332.561
1.35606 330.303
1.3622 327.304
1.36833 324.381
1.37445 322.008
1.38059 319.991
1.38675 316.498
1.39288 315.039
1.39901 312.247
1.40515 309.113
1.4113 307.47
1.41742 303.164
1.42355 301.298
1.4297 298.684
1.43585 296.19
1.44198 293.786
1.44809 291.983
1.45423 289.992
1.46036 288.165
1.46649 284.877
1.47263 282.26
1.47877 281.141
1.48491 277.97
1.49104 276.236
1.49718 274.266
1.50333 272.297
1.50947 268.776
1.5156 267.569
1.52172 265.154
1.52787 263.517
1.534 261.289
1.54013 258.317
1.54627 256.958
1.55241 254.448
1.55855 253.229
1.56467 250.551
1.5708 248.15
