0.00783031 3667.95
0.013688 -150.818
0.019231 613.366
0.0249154 -800.569
0.0312784 -1054.88
0.0375637 940.686
0.0433917 1183.07
0.0492413 783.127
0.0555754 673.108
0.0619321 617.29
0.067871 952.121
0.0738098 1125.19
0.0800417 1632.39
0.0862327 1283.93
0.0921407 1365.7
0.0982031 1672.81
0.104506 1526.36
0.110769 1522.68
0.116806 1616.13
0.122832 1677.84
0.129052 1749.71
0.135211 1700.15
0.141259 1852.64
0.147318 1777.54
0.153489 1954.53
0.159709 1831.59
0.165845 1936.98
0.171974 1880.73
0.178125 1943.55
0.184229 1912.72
0.19034 2001.92
0.196428 1925.07
0.202534 2048.27
0.208729 1921.67
0.214876 1985.74
0.220989 1994.66
0.227147 1994.62
0.23329 2063.49
0.239377 1963.4
0.245482 1981.81
0.251667 2067.36
0.257832 2040.6
0.263955 1998.83
0.270079 1977.22
0.27624 2039.76
0.282372 1992.47
0.28843 1990.8
0.294538 1993.93
0.300721 1992.12
0.30691 1991.87
0.313033 1972.61
0.319153 1970.4
0.325316 1986.38
0.33145 1984.67
0.337538 1962.61
0.343633 1978.02
0.349808 1936.26
0.355968 1986.34
0.362074 1954.18
0.368217 1941.12
0.374374 1967.8
0.380519 1975.64
0.386598 1938.98
0.392688 1964.35
0.39888 1964.44
0.405048 1934.18
0.411186 1923.36
0.417313 1935.41
0.423458 1919.49
0.429607 1908.71
0.435692 1932.98
0.441815 1907.74
0.447964 1913.95
0.454126 1900.98
0.460267 1910.72
0.466387 1904.04
0.47254 1868.26
0.478662 1888.2
0.484765 1872.19
0.490885 1862.01
0.497035 1855.95
0.503198 1858.49
0.509342 1857.07
0.515458 1855.5
0.521598 1835.69
0.527764 1853.71
0.533884 1829.72
0.54 1844.14
0.546137 1818.5
0.552299 1821.27
0.558452 1825.42
0.564573 1807.26
0.570708 1807.23
0.576825 1790.08
0.582926 1802.97
0.589034 1807.13
0.595184 1791.75
0.601379 1781.2
0.607522 1772.79
0.613639 1778.13
0.619772 1769.72
0.625918 1748.61
0.632068 1755.4
0.638161 1751.21
0.6443 1739.2
0.650464 1740.91
0.656582 1730.08
0.662703 1731.41
0.668861 1728.36
0.675024 1729.92
0.681124 1707.79
0.687237 1710.6
0.693381 1689.03
0.699536 1698.58
0.705665 1696.61
0.711789 1685.45
0.717957 1681.36
0.72409 1668.71
0.730186 1676.79
0.736317 1654.9
0.742472 1666.27
0.748622 1651.53
0.75476 1644.47
0.760888 1644.63
0.767043 1638.88
0.773185 1629.13
0.779291 1628.67
0.785407 1626.56
0.791564 1613.61
0.797719 1602.32
0.803834 1597.41
0.809972 1592.62
0.816124 1587.21
0.822261 1577.69
0.828378 1570.11
0.834502 1572.91
0.840667 1561.19
0.846816 1560.15
0.852925 1558.55
0.859047 1549.92
0.865192 1550.21
0.871341 1541.75
0.877463 1529.81
0.883569 1522.67
0.889708 1510.75
0.895864 1512.97
0.902008 1500.97
0.908149 1501.63
0.914301 1496.03
0.920448 1487.9
0.926574 1479.32
0.932687 1478.49
0.938823 1473.77
0.944975 1459.58
0.951105 1455.67
0.957225 1457.35
0.963368 1443.45
0.969511 1440.08
0.975621 1442.66
0.981748 1428.76
0.987916 1428.68
0.99406 1424.89
1.00019 1415.27
1.00632 1410.34
1.01246 1404.81
1.01859 1392.61
1.02471 1397.99
1.03085 1383.35
1.03698 1385.46
1.04314 1374.68
1.04929 1361.29
1.05541 1370.14
1.06154 1361.89
1.06769 1349.08
1.07382 1354.62
1.07993 1348.44
1.08607 1338.74
1.09222 1335.61
1.09836 1329.63
1.10449 1328.02
1.11063 1326.16
1.11677 1313.39
1.1229 1310.73
1.12903 1309.29
1.13518 1296.85
1.14131 1291.35
1.14745 1288.09
1.15359 1284.31
1.15973 1273.82
1.16584 1275.73
1.17197 1261.09
1.17811 1265.61
1.18424 1257.51
1.19038 1249.07
1.19652 1244.4
1.20267 1243.3
1.20881 1236.58
1.21495 1234.03
1.22108 1227.14
1.2272 1223.06
1.23334 1210.66
1.23949 1211.83
1.24562 1207.9
1.25174 1200.03
1.25789 1194.87
1.26402 1188.09
1.27014 1185.55
1.27628 1178.12
1.28244 1175.91
1.28858 1167.82
1.29471 1164.54
1.30084 1157.55
1.30697 1156.24
1.31312 1151.58
1.31925 1147
1.32537 1139.75
1.33151 1129.97
1.33765 1131.26
1.34378 1124.77
1.34992 1119.08
1.35606 1116.66
1.3622 1108.31
1.36833 1105.1
1.37445 1098.52
1.38059 1098.29
1.38675 1090.72
1.39288 1089.84
1.39901 1084.03
1.40515 1077.09
1.4113 1076.73
1.41742 1063.31
1.42355 1060.01
1.4297 1057.47
1.43585 1054.14
1.44198 1049.75
1.44809 1044.6
1.45423 1042.92
1.46036 1040.51
1.46649 1032.46
1.47263 1027.5
1.47877 1026.14
1.48491 1020.32
1.49104 1017.34
1.49718 1012.29
1.50333 1009.05
1.50947 1000.29
1.5156 996.61
1.52172 993.853
1.52787 991.608
1.534 986.984
1.54013 979.145
1.54627 978.856
1.55241 970.511
1.55855 972.044
1.56467 963.382
1.5708 958.094
