0.00783031 5998.08
0.013688 5734.29
0.019231 4952.27
0.0249154 6596.38
0.0312784 6021.91
0.0375637 5299.23
0.0433917 4795.15
0.0492413 4581.73
0.0555754 4522.92
0.0619321 3665.51
0.067871 3267.93
0.0738098 3568.98
0.0800417 3492.83
0.0862327 3112.3
0.0921407 3050.39
0.0982031 2693.59
0.104506 2643.27
0.110769 2531.77
0.116806 2376.24
0.122832 2260.27
0.129052 2152.52
0.135211 2099.88
0.141259 1940.67
0.147318 1810.86
0.153489 1791.47
0.159709 1716.43
0.165845 1712.17
0.171974 1649.52
0.178125 1525.7
0.184229 1440.84
0.19034 1423.63
0.196428 1352.53
0.202534 1322.97
0.208729 1277.5
0.214876 1191.96
0.220989 1157.79
0.227147 1158.91
0.23329 1122.4
0.239377 1097.95
0.245482 1026.63
0.251667 1025.15
0.257832 976.113
0.263955 991.256
0.270079 900.317
0.27624 907.064
0.282372 871.14
0.28843 869.993
0.294538 817.831
0.300721 822.427
0.30691 783.764
0.313033 763.468
0.319153 757.579
0.325316 737.778
0.33145 704.429
0.337538 712.9
0.343633 679.411
0.349808 672.182
0.355968 651.179
0.362074 633.769
0.368217 612.734
0.374374 596.772
0.380519 591.763
0.386598 571.528
0.392688 579.604
0.39888 550.218
0.405048 537.958
0.411186 525.816
0.417313 516.63
0.423458 510.221
0.429607 500.002
0.435692 497.406
0.441815 475.75
0.447964 461.766
0.454126 459.886
0.460267 455.211
0.466387 441.249
0.47254 434.076
0.478662 426.787
0.484765 414.683
0.490885 401.706
0.497035 405.404
0.503198 392.727
0.509342 386.098
0.515458 380.651
0.521598 359.926
0.527764 367.405
0.533884 358.191
0.54 345.826
0.546137 344.745
0.552299 333.964
0.558452 329.029
0.564573 321.352
0.570708 319.607
0.576825 316.084
0.582926 312.78
0.589034 301.19
0.595184 294.006
0.601379 288.447
0.607522 288.261
0.613639 286.173
0.619772 273.938
0.625918 274.591
0.632068 267.457
0.638161 253.882
0.6443 259.996
0.650464 255.296
0.656582 255.338
0.662703 248.224
0.668861 241.816
0.675024 234.195
0.681124 234.689
0.687237 225.926
0.693381 223.387
0.699536 218.272
0.705665 212.607
0.711789 210.23
0.717957 209.048
0.72409 206.158
0.730186 206.201
0.736317 199.469
0.742472 191.039
0.748622 189.868
0.75476 187.102
0.760888 183.403
0.767043 183.005
0.773185 176.33
0.779291 175.018
0.785407 168.124
0.791564 168.243
0.797719 165.795
0.803834 165.728
0.809972 159.29
0.816124 156.238
0.822261 154.287
0.828378 154.25
0.834502 149.336
0.840667 149.451
0.846816 144.628
0.852925 141.868
0.859047 139.996
0.865192 135.799
0.871341 133.692
0.877463 133.216
0.883569 130.383
0.889708 125.056
0.895864 126.095
0.902008 123.353
0.908149 121.36
0.914301 115.615
0.920448 118.892
0.926574 114.323
0.932687 110.624
0.938823 107.4
0.944975 108.962
0.951105 107.795
0.957225 102.671
0.963368 100.263
0.969511 97.936
0.975621 96.7865
0.981748 95.8819
0.987916 92.4556
0.99406 91.6239
1.00019 89.1202
1.00632 87.7874
1.01246 89.551
1.01859 84.81
1.02471 81.8052
1.03085 82.332
1.03698 79.9613
1.04314 78.7176
1.04929 74.4062
1.05541 74.7832
1.06154 72.0252
1.06769 71.2769
1.07382 69.7993
1.07993 66.0402
1.08607 66.6433
1.09222 65.9005
1.09836 63.7473
1.10449 59.5206
1.11063 60.1163
1.11677 59.5246
1.1229 59.1901
1.12903 53.3088
1.13518 53.3072
1.14131 52.5745
1.14745 51.2576
1.15359 48.6991
1.15973 48.7591
1.16584 50.3545
1.17197 47.6452
1.17811 47.2967
1.18424 43.5985
1.19038 43.43
1.19652 43.5633
1.20267 39.0485
1.20881 39.9102
1.21495 39.1742
1.22108 38.5822
1.2272 35.1501
1.23334 34.1762
1.23949 35.0371
1.24562 33.7798
1.25174 31.2871
1.25789 32.2976
1.26402 29.55
1.27014 28.601
1.27628 27.6501
1.28244 27.2824
1.28858 26.0335
1.29471 24.5936
1.30084 23.9747
1.30697 22.7522
1.31312 21.1751
1.31925 20.7975
1.32537 20.9023
1.33151 18.8534
1.33765 18.145
1.34378 16.7964
1.34992 16.3343
1.35606 16.0026
1.3622 14.4748
1.36833 14.7014
1.37445 14.0759
1.38059 12.5985
1.38675 13.5672
1.39288 10.7557
1.39901 10.1948
1.40515 9.31484
1.4113 9.10162
1.41742 8.10597
1.42355 7.85589
1.4297 8.15447
1.43585 5.2907
1.44198 5.71467
1.44809 4.81127
1.45423 4.35863
1.46036 1.81469
1.46649 3.02649
1.47263 2.90629
1.47877 -0.0985315
1.48491 1.19935
1.49104 -1.19134
1.49718 -0.915553
1.50333 -1.74576
1.50947 -0.276275
1.5156 -2.14182
1.52172 -3.53614
1.52787 -3.3574
1.534 -4.66848
1.54013 -4.10055
1.54627 -4.36915
1.55241 -4.73063
1.55855 -6.4597
1.56467 -6.41771
1.5708 -6.7432
