0.00783031 20288
0.013688 25691.8
0.019231 25521.2
0.0249154 23140.1
0.0312784 20347.3
0.0375637 17063.1
0.0433917 15128.8
0.0492413 13176.5
0.0555754 12134.5
0.0619321 11398.4
0.067871 10753.5
0.0738098 9919.76
0.0800417 9233.09
0.0862327 7940.29
0.0921407 7207.33
0.0982031 6516.21
0.104506 6025.72
0.110769 5533.89
0.116806 5467.57
0.122832 5280.8
0.129052 4932.14
0.135211 4609.31
0.141259 4206.93
0.147318 4003.45
0.153489 3778.07
0.159709 3540.48
0.165845 3394.87
0.171974 3277.69
0.178125 3092.29
0.184229 2934.92
0.19034 2850.32
0.196428 2783.43
0.202534 2670.15
0.208729 2586.02
0.214876 2520.67
0.220989 2366.97
0.227147 2302.52
0.23329 2213.03
0.239377 2166.27
0.245482 2049.89
0.251667 2012.41
0.257832 1943.92
0.263955 1899.36
0.270079 1871.7
0.27624 1789.09
0.282372 1733.84
0.28843 1704.39
0.294538 1654.35
0.300721 1602.06
0.30691 1591.47
0.313033 1544.31
0.319153 1494.21
0.325316 1448.28
0.33145 1448.25
0.337538 1399.01
0.343633 1364.74
0.349808 1318.56
0.355968 1297.36
0.362074 1274.56
0.368217 1239.61
0.374374 1218.5
0.380519 1198.02
0.386598 1181.17
0.392688 1145.43
0.39888 1119.55
0.405048 1112.57
0.411186 1087.69
0.417313 1062.86
0.423458 1031.44
0.429607 1027.77
0.435692 1013.29
0.441815 987.127
0.447964 977.355
0.454126 957.721
0.460267 935.764
0.466387 913.475
0.47254 899.077
0.478662 888.109
0.484765 868.681
0.490885 864.697
0.497035 844.409
0.503198 831.526
0.509342 824.037
0.515458 805.971
0.521598 786.671
0.527764 783.998
0.533884 766.446
0.54 753.607
0.546137 749.051
0.552299 730.618
0.558452 721.137
0.564573 716.351
0.570708 702.229
0.576825 694.218
0.582926 683.722
0.589034 671.439
0.595184 662.5
0.601379 657.024
0.607522 643.874
0.613639 630.982
0.619772 622.958
0.625918 617.521
0.632068 611.95
0.638161 601.196
0.6443 595.531
0.650464 584.248
0.656582 573.386
0.662703 568.58
0.668861 563.155
0.675024 558.751
0.681124 546.047
0.687237 544.584
0.693381 538.112
0.699536 526.276
0.705665 520.665
0.711789 516.927
0.717957 507.799
0.72409 506.734
0.730186 495.519
0.736317 492.605
0.742472 481.764
0.748622 476.095
0.75476 475.464
0.760888 465.642
0.767043 459.819
0.773185 453.329
0.779291 450.498
0.785407 444.807
0.791564 441.162
0.797719 436.814
0.803834 429.2
0.809972 422.446
0.816124 417.306
0.822261 414.441
0.828378 410.894
0.834502 407.733
0.840667 403.093
0.846816 395.736
0.852925 390.375
0.859047 385.95
0.865192 380.572
0.871341 375.503
0.877463 374.008
0.883569 370.2
0.889708 364.667
0.895864 361.353
0.902008 358.094
0.908149 352.457
0.914301 349.855
0.920448 346.067
0.926574 342.234
0.932687 335.99
0.938823 333.858
0.944975 330.735
0.951105 324.522
0.957225 323.702
0.963368 320.292
0.969511 316.247
0.975621 313.415
0.981748 309.036
0.987916 305.741
0.99406 302.007
1.00019 298.813
1.00632 295.505
1.01246 293.552
1.01859 288.543
1.02471 287.602
1.03085 283.032
1.03698 280.085
1.04314 278.458
1.04929 273.926
1.05541 271.583
1.06154 269.147
1.06769 265.935
1.07382 264.062
1.07993 260.91
1.08607 257.308
1.09222 255.77
1.09836 252.767
1.10449 250.481
1.11063 249.097
1.11677 246.703
1.1229 243.539
1.12903 239.564
1.13518 237.949
1.14131 236.054
1.14745 233.521
1.15359 231.27
1.15973 228.176
1.16584 226.709
1.17197 224.062
1.17811 222.147
1.18424 220.179
1.19038 218.057
1.19652 216.241
1.20267 213.86
1.20881 211.265
1.21495 209.638
1.22108 207.721
1.2272 206.272
1.23334 203.662
1.23949 201.489
1.24562 200.003
1.25174 197.644
1.25789 195.539
1.26402 193.907
1.27014 192.275
1.27628 189.875
1.28244 188.275
1.28858 186.754
1.29471 185.231
1.30084 183.829
1.30697 181.533
1.31312 179.669
1.31925 178.032
1.32537 176.088
1.33151 174.942
1.33765 172.886
1.34378 171.493
1.34992 170.084
1.35606 168.231
1.3622 166.866
1.36833 165.242
1.37445 163.209
1.38059 162.568
1.38675 160.63
1.39288 159.516
1.39901 157.424
1.40515 156.21
1.4113 155.085
1.41742 153.545
1.42355 151.582
1.4297 150.745
1.43585 149.152
1.44198 147.552
1.44809 146.857
1.45423 144.909
1.46036 144.139
1.46649 142.704
1.47263 141.247
1.47877 140.606
1.48491 139.406
1.49104 138.028
1.49718 136.684
1.50333 135.211
1.50947 134.551
1.5156 133.086
1.52172 132.197
1.52787 130.616
1.534 130.004
1.54013 128.403
1.54627 127.346
1.55241 126.055
1.55855 125.359
1.56467 124.197
1.5708 123.05
