0.00783031 -3579.62
0.013688 1448.26
0.019231 1745.99
0.0249154 1364.6
0.0312784 -230.764
0.0375637 722.109
0.0433917 1129.53
0.0492413 424
0.0555754 855.838
0.0619321 625.683
0.067871 1077.77
0.0738098 1150.66
0.0800417 1478.88
0.0862327 1474.69
0.0921407 1827.55
0.0982031 1574.83
0.104506 1597.11
0.110769 1587.05
0.116806 1877.69
0.122832 1913.04
0.129052 1653.12
0.135211 1767.04
0.141259 1764.5
0.147318 1759.81
0.153489 1740.3
0.159709 1746.54
0.165845 1863.19
0.171974 1959.37
0.178125 1878.49
0.184229 1829.5
0.19034 1931.62
0.196428 1845.77
0.202534 1882.25
0.208729 1931.38
0.214876 1961.47
0.220989 1875.1
0.227147 1928.63
0.23329 1928.18
0.239377 1960.02
0.245482 1843.84
0.251667 1900.51
0.257832 1885.58
0.263955 1933.86
0.270079 1882.1
0.27624 1932.7
0.282372 1873.26
0.28843 1920.68
0.294538 1887.96
0.300721 1876.3
0.30691 1927.54
0.313033 1865.64
0.319153 1884
0.325316 1827.6
0.33145 1874.72
0.337538 1832.89
0.343633 1833.66
0.349808 1806.8
0.355968 1823.6
0.362074 1821.1
0.368217 1806.56
0.374374 1801.6
0.380519 1798.18
0.386598 1824
0.392688 1776.89
0.39888 1774.68
0.405048 1773.74
0.411186 1773.2
0.417313 1776.85
0.423458 1723.87
0.429607 1732.84
0.435692 1743.25
0.441815 1719.43
0.447964 1723.18
0.454126 1721.44
0.460267 1699.55
0.466387 1668.06
0.47254 1669.29
0.478662 1666.63
0.484765 1647.75
0.490885 1661.73
0.497035 1647.02
0.503198 1638.73
0.509342 1636.85
0.515458 1624.22
0.521598 1605.07
0.527764 1605.68
0.533884 1585.61
0.54 1582.38
0.546137 1602.31
0.552299 1574.57
0.558452 1565.12
0.564573 1565.94
0.570708 1545.82
0.576825 1552.73
0.582926 1541.13
0.589034 1528.53
0.595184 1528.27
0.601379 1518.6
0.607522 1504.71
0.613639 1485.76
0.619772 1485.79
0.625918 1485.83
0.632068 1485.2
0.638161 1466.43
0.6443 1459.83
0.650464 1449.1
0.656582 1437.16
0.662703 1431.1
0.668861 1434.61
0.675024 1425.35
0.681124 1412.92
0.687237 1417.26
0.693381 1410.16
0.699536 1386.57
0.705665 1387.34
0.711789 1394.09
0.717957 1373.37
0.72409 1378.5
0.730186 1358.47
0.736317 1355.23
0.742472 1337.3
0.748622 1332.97
0.75476 1338.9
0.760888 1324
0.767043 1314.63
0.773185 1302.52
0.779291 1306.25
0.785407 1297.09
0.791564 1295.12
0.797719 1289.81
0.803834 1274.46
0.809972 1267.07
0.816124 1261.24
0.822261 1259.5
0.828378 1253.31
0.834502 1257.4
0.840667 1244.4
0.846816 1234.55
0.852925 1221.12
0.859047 1215.28
0.865192 1204.28
0.871341 1195.52
0.877463 1201.36
0.883569 1195.58
0.889708 1182.65
0.895864 1177.93
0.902008 1175.43
0.908149 1162.6
0.914301 1161.85
0.920448 1157.66
0.926574 1150.53
0.932687 1138.98
0.938823 1134.76
0.944975 1130.67
0.951105 1115.72
0.957225 1116.2
0.963368 1113.22
0.969511 1106.65
0.975621 1102.5
0.981748 1089.76
0.987916 1085.67
0.99406 1077.49
1.00019 1070.12
1.00632 1062.19
1.01246 1063.15
1.01859 1050.49
1.02471 1052.08
1.03085 1042.19
1.03698 1035.8
1.04314 1032.48
1.04929 1021.18
1.05541 1016.86
1.06154 1017.14
1.06769 1004.01
1.07382 1006.19
1.07993 994.433
1.08607 988.836
1.09222 987.112
1.09836 979.474
1.10449 976.868
1.11063 976.011
1.11677 969.806
1.1229 963.413
1.12903 946.83
1.13518 948.209
1.14131 945.9
1.14745 938.361
1.15359 933.306
1.15973 925.167
1.16584 924.639
1.17197 915.358
1.17811 914.866
1.18424 907.544
1.19038 903.442
1.19652 897.902
1.20267 892.917
1.20881 886.81
1.21495 883.015
1.22108 877.965
1.2272 876.148
1.23334 869.12
1.23949 864.07
1.24562 860.565
1.25174 851.303
1.25789 849.08
1.26402 843.733
1.27014 840.264
1.27628 834.437
1.28244 829.3
1.28858 825.253
1.29471 821.302
1.30084 818.795
1.30697 811.302
1.31312 807.133
1.31925 801.406
1.32537 796.754
1.33151 795.187
1.33765 788.09
1.34378 783.614
1.34992 781.592
1.35606 775.897
1.3622 771.863
1.36833 767.142
1.37445 761.431
1.38059 761.121
1.38675 756.029
1.39288 753.602
1.39901 745.05
1.40515 741.643
1.4113 739.858
1.41742 734.712
1.42355 729.219
1.4297 726.919
1.43585 722.242
1.44198 716.649
1.44809 716.274
1.45423 708.772
1.46036 708.41
1.46649 702.253
1.47263 699.131
1.47877 696.337
1.48491 693.376
1.49104 689.135
1.49718 685.975
1.50333 680.581
1.50947 678.309
1.5156 673.85
1.52172 670.968
1.52787 665.605
1.534 665.8
1.54013 658.527
1.54627 656.611
1.55241 651.089
1.55855 650.026
1.56467 646.875
1.5708 641.464
