0.00783031 4805.45
0.013688 1035.22
0.019231 818.869
0.0249154 1659.82
0.0312784 1289.95
0.0375637 -80.1847
0.0433917 936.849
0.0492413 778.073
0.0555754 -189.825
0.0619321 114.701
0.067871 635.726
0.0738098 886.795
0.0800417 496.738
0.0862327 764.026
0.0921407 681.713
0.0982031 1058.58
0.104506 949.897
0.110769 948.673
0.116806 1049.2
0.122832 1037.4
0.129052 1018.29
0.135211 1156.33
0.141259 1148.29
0.147318 1072.35
0.153489 1060.72
0.159709 1127.67
0.165845 1168.94
0.171974 1179.83
0.178125 1262.25
0.184229 1150.43
0.19034 1162.62
0.196428 1259.41
0.202534 1194.15
0.208729 1174.53
0.214876 1229.05
0.220989 1240.2
0.227147 1210.36
0.23329 1253.56
0.239377 1277.19
0.245482 1230.03
0.251667 1237.68
0.257832 1235.71
0.263955 1219.94
0.270079 1229.52
0.27624 1261.6
0.282372 1193.95
0.28843 1262.64
0.294538 1259.25
0.300721 1251.75
0.30691 1212.49
0.313033 1224.56
0.319153 1234.79
0.325316 1224.17
0.33145 1234.75
0.337538 1239.67
0.343633 1241.43
0.349808 1227.5
0.355968 1199.31
0.362074 1217.19
0.368217 1221.11
0.374374 1204.26
0.380519 1207.94
0.386598 1216.31
0.392688 1190.12
0.39888 1194.93
0.405048 1202.35
0.411186 1191.52
0.417313 1190.13
0.423458 1190.43
0.429607 1202.14
0.435692 1186.07
0.441815 1190.44
0.447964 1159.59
0.454126 1163.85
0.460267 1178.73
0.466387 1158.94
0.47254 1154.54
0.478662 1162.95
0.484765 1151.85
0.490885 1162.41
0.497035 1143.58
0.503198 1146.05
0.509342 1143.97
0.515458 1147.01
0.521598 1149.28
0.527764 1131.36
0.533884 1134.93
0.54 1119.15
0.546137 1121.33
0.552299 1111.76
0.558452 1112.95
0.564573 1131.81
0.570708 1115.21
0.576825 1112.45
0.582926 1106.31
0.589034 1098.46
0.595184 1090.48
0.601379 1102.52
0.607522 1083.64
0.613639 1094.88
0.619772 1084.77
0.625918 1088.09
0.632068 1075.61
0.638161 1076.8
0.6443 1080.25
0.650464 1079.27
0.656582 1061.49
0.662703 1055.57
0.668861 1063.72
0.675024 1047.42
0.681124 1045.1
0.687237 1042.51
0.693381 1047.64
0.699536 1049.29
0.705665 1040.33
0.711789 1027.91
0.717957 1025.38
0.72409 1025.74
0.730186 1023.87
0.736317 1025.52
0.742472 1015.47
0.748622 1011.72
0.75476 1013.7
0.760888 1006.09
0.767043 1004.73
0.773185 997.438
0.779291 997.143
0.785407 998.532
0.791564 985.271
0.797719 984.92
0.803834 977.881
0.809972 985.428
0.816124 974.012
0.822261 972.695
0.828378 969.572
0.834502 965.248
0.840667 964.523
0.846816 961.272
0.852925 948.606
0.859047 952.05
0.865192 941.644
0.871341 943.964
0.877463 940.592
0.883569 932.272
0.889708 934.448
0.895864 922.584
0.902008 923.976
0.908149 923.799
0.914301 914.285
0.920448 914.591
0.926574 909.404
0.932687 907.245
0.938823 897.815
0.944975 899.664
0.951105 892.359
0.957225 892.478
0.963368 886.146
0.969511 888.422
0.975621 878.489
0.981748 881.821
0.987916 873.66
0.99406 874.718
1.00019 867.791
1.00632 863.138
1.01246 861.691
1.01859 856.55
1.02471 857.351
1.03085 848.494
1.03698 846.009
1.04314 844.544
1.04929 845.902
1.05541 834.466
1.06154 836.438
1.06769 829.967
1.07382 825.314
1.07993 824.758
1.08607 817.474
1.09222 821.292
1.09836 811.39
1.10449 807.291
1.11063 806.868
1.11677 799.572
1.1229 796.607
1.12903 792.493
1.13518 794.073
1.14131 789.107
1.14745 783.635
1.15359 785.926
1.15973 778.085
1.16584 779.344
1.17197 773.228
1.17811 766.318
1.18424 766.629
1.19038 761.151
1.19652 760.13
1.20267 756.732
1.20881 753.515
1.21495 750.464
1.22108 746.409
1.2272 743.885
1.23334 740.667
1.23949 738.597
1.24562 730.355
1.25174 731.239
1.25789 727.014
1.26402 720.849
1.27014 721.188
1.27628 717.566
1.28244 716.479
1.28858 709.904
1.29471 706.164
1.30084 702.313
1.30697 700.039
1.31312 698.703
1.31925 693.863
1.32537 691.524
1.33151 689.579
1.33765 685.453
1.34378 680.819
1.34992 679.724
1.35606 675.421
1.3622 672.037
1.36833 669.479
1.37445 666.735
1.38059 662.069
1.38675 658.77
1.39288 655.094
1.39901 655.228
1.40515 651.932
1.4113 646.661
1.41742 646.859
1.42355 643.079
1.4297 640.196
1.43585 637.296
1.44198 634.561
1.44809 629.059
1.45423 627.22
1.46036 624.369
1.46649 622.584
1.47263 617.958
1.47877 615.854
1.48491 612.035
1.49104 607.308
1.49718 605.807
1.50333 604.082
1.50947 601.333
1.5156 596.707
1.52172 595.856
1.52787 593.387
1.534 589.23
1.54013 585.942
1.54627 582.848
1.55241 580.65
1.55855 575.385
1.56467 574.825
1.5708 572.173
