0.00783031 7799.46
0.013688 8536.23
0.019231 5755.24
0.0249154 6180.75
0.0312784 5592.68
0.0375637 5011.43
0.0433917 4878.77
0.0492413 4701.17
0.0555754 4178.65
0.0619321 3936.2
0.067871 3602.24
0.0738098 3578.11
0.0800417 3084.66
0.0862327 3177.12
0.0921407 2863
0.0982031 2672.95
0.104506 2743.92
0.110769 2356.49
0.116806 2381.58
0.122832 2191.46
0.129052 2078.7
0.135211 2068.44
0.141259 1848.8
0.147318 1878.78
0.153489 1736.99
0.159709 1729.36
0.165845 1668.2
0.171974 1551.21
0.178125 1480.24
0.184229 1492.82
0.19034 1411.92
0.196428 1345.4
0.202534 1335.38
0.208729 1292
0.214876 1182.04
0.220989 1134.66
0.227147 1128.83
0.23329 1081.68
0.239377 1056.99
0.245482 1032.09
0.251667 995.411
0.257832 955.701
0.263955 955.934
0.270079 918.324
0.27624 885.561
0.282372 865.542
0.28843 842.115
0.294538 826.696
0.300721 791.026
0.30691 775.179
0.313033 759.287
0.319153 751.064
0.325316 710.153
0.33145 695.24
0.337538 684.855
0.343633 686.287
0.349808 669.933
0.355968 643.763
0.362074 626.684
0.368217 609.528
0.374374 590.958
0.380519 591.891
0.386598 569.407
0.392688 573.931
0.39888 550.918
0.405048 539.23
0.411186 528.431
0.417313 519.799
0.423458 513.21
0.429607 497.734
0.435692 496.601
0.441815 485.398
0.447964 475.045
0.454126 459.519
0.460267 462.229
0.466387 450.028
0.47254 438.692
0.478662 427.645
0.484765 424.562
0.490885 425.965
0.497035 411.406
0.503198 407.199
0.509342 391.894
0.515458 392.406
0.521598 372.168
0.527764 365.372
0.533884 365.931
0.54 367.558
0.546137 365.287
0.552299 355.307
0.558452 345.624
0.564573 341.216
0.570708 335.656
0.576825 331.125
0.582926 327.277
0.589034 324.581
0.595184 317.01
0.601379 310.754
0.607522 306.714
0.613639 297.581
0.619772 296.901
0.625918 301.906
0.632068 291.066
0.638161 282.846
0.6443 279.847
0.650464 277.539
0.656582 274.628
0.662703 272.705
0.668861 270.527
0.675024 259.395
0.681124 260.975
0.687237 258.71
0.693381 250.909
0.699536 249.915
0.705665 246.307
0.711789 236.563
0.717957 233.352
0.72409 230.999
0.730186 232.285
0.736317 226.404
0.742472 233.287
0.748622 222.551
0.75476 223.236
0.760888 218.825
0.767043 216.508
0.773185 213.257
0.779291 206.045
0.785407 207.073
0.791564 198.294
0.797719 201.824
0.803834 198.57
0.809972 198.999
0.816124 195.56
0.822261 193.505
0.828378 189.698
0.834502 187.177
0.840667 182.913
0.846816 183.181
0.852925 177.827
0.859047 176.145
0.865192 176.293
0.871341 173.495
0.877463 170.85
0.883569 168.073
0.889708 165.727
0.895864 163.753
0.902008 163.355
0.908149 165.399
0.914301 158.092
0.920448 155.752
0.926574 153.653
0.932687 154.518
0.938823 148.458
0.944975 145.681
0.951105 146.021
0.957225 143.168
0.963368 141.787
0.969511 143.4
0.975621 140.231
0.981748 136.407
0.987916 135.581
0.99406 133.777
1.00019 131.496
1.00632 132.629
1.01246 130.506
1.01859 125.23
1.02471 124.506
1.03085 122.193
1.03698 122.429
1.04314 119.637
1.04929 117.308
1.05541 115.934
1.06154 114.302
1.06769 112.934
1.07382 114.163
1.07993 110.192
1.08607 110.574
1.09222 110.106
1.09836 105.432
1.10449 102.89
1.11063 104.124
1.11677 101.069
1.1229 102.031
1.12903 99.9602
1.13518 97.1528
1.14131 97.99
1.14745 93.6781
1.15359 94.0886
1.15973 91.3198
1.16584 90.0496
1.17197 90.5282
1.17811 90.1121
1.18424 87.5552
1.19038 86.8555
1.19652 84.2684
1.20267 84.0695
1.20881 83.3278
1.21495 82.5832
1.22108 80.2778
1.2272 79.7686
1.23334 79.4841
1.23949 76.5162
1.24562 75.9637
1.25174 74.2313
1.25789 75.1234
1.26402 71.8909
1.27014 72.6799
1.27628 71.536
1.28244 69.2987
1.28858 68.5977
1.29471 66.8553
1.30084 63.9257
1.30697 66.3222
1.31312 66.878
1.31925 62.124
1.32537 61.9361
1.33151 61.5336
1.33765 60.1729
1.34378 60.0467
1.34992 56.9789
1.35606 56.7359
1.3622 57.6036
1.36833 54.8198
1.37445 54.8092
1.38059 53.9271
1.38675 52.7862
1.39288 52.2915
1.39901 50.9613
1.40515 49.1975
1.4113 50.0363
1.41742 48.669
1.42355 48.418
1.4297 46.2164
1.43585 45.5108
1.44198 45.515
1.44809 44.9469
1.45423 43.3902
1.46036 42.1846
1.46649 41.2543
1.47263 41.6827
1.47877 41.5957
1.48491 40.1208
1.49104 38.6974
1.49718 38.3885
1.50333 37.4666
1.50947 35.8107
1.5156 34.4
1.52172 35.3908
1.52787 33.9181
1.534 33.6779
1.54013 32.1723
1.54627 32.8487
1.55241 31.2379
1.55855 29.0045
1.56467 29.5703
1.5708 29.7175
