0.00783031 0.0166375
0.013688 0.0298158
0.019231 0.043882
0.0249154 0.0593736
0.0312784 0.0849658
0.0375637 0.102396
0.0433917 0.140142
0.0492413 0.173552
0.0555754 0.247236
0.0619321 0.318044
0.067871 0.386855
0.0738098 0.508094
0.0800417 0.631104
0.0862327 0.687704
0.0921407 0.821441
0.0982031 0.891238
0.104506 1.03013
0.110769 1.17933
0.116806 1.35019
0.122832 1.54136
0.129052 1.76812
0.135211 2.01687
0.141259 2.12438
0.147318 2.37234
0.153489 2.5378
0.159709 2.81499
0.165845 3.09869
0.171974 3.33363
0.178125 3.64782
0.184229 3.98198
0.19034 4.18321
0.196428 4.74809
0.202534 4.80883
0.208729 5.26587
0.214876 5.76836
0.220989 5.94776
0.227147 6.29083
0.23329 6.66085
0.239377 6.8923
0.245482 7.34018
0.251667 7.49843
0.257832 8.0709
0.263955 8.55049
0.270079 9.03388
0.27624 9.46942
0.282372 9.8347
0.28843 10.3155
0.294538 10.6584
0.300721 11.2297
0.30691 11.9382
0.313033 12.2694
0.319153 12.5825
0.325316 13.2891
0.33145 13.6966
0.337538 14.31
0.343633 14.7398
0.349808 15.4404
0.355968 15.7346
0.362074 16.4071
0.368217 16.9088
0.374374 17.3609
0.380519 18.0576
0.386598 18.5146
0.392688 18.8158
0.39888 19.8097
0.405048 20.2057
0.411186 20.8439
0.417313 21.5572
0.423458 21.997
0.429607 22.5429
0.435692 23.1721
0.441815 23.8366
0.447964 24.5892
0.454126 25.1139
0.460267 25.6034
0.466387 26.4571
0.47254 26.8618
0.478662 27.8404
0.484765 28.1353
0.490885 29.148
0.497035 29.7117
0.503198 30.2362
0.509342 31.0688
0.515458 31.9938
0.521598 32.6419
0.527764 33.3711
0.533884 33.8073
0.54 34.3006
0.546137 35.2093
0.552299 36.0641
0.558452 37.1516
0.564573 37.3178
0.570708 38.2451
0.576825 38.9402
0.582926 39.5141
0.589034 40.1858
0.595184 41.211
0.601379 41.7738
0.607522 42.4108
0.613639 43.1459
0.619772 43.9284
0.625918 44.7833
0.632068 45.5486
0.638161 46.5129
0.6443 47.2007
0.650464 47.8607
0.656582 48.7229
0.662703 49.4981
0.668861 50.0517
0.675024 50.7746
0.681124 51.9241
0.687237 52.763
0.693381 53.3615
0.699536 54.3755
0.705665 54.8379
0.711789 55.7846
0.717957 56.4454
0.72409 57.582
0.730186 58.3674
0.736317 58.8187
0.742472 60.0597
0.748622 60.6524
0.75476 61.7583
0.760888 62.083
0.767043 62.703
0.773185 63.7026
0.779291 64.643
0.785407 65.3782
0.791564 66.2646
0.797719 67.2895
0.803834 68.061
0.809972 68.917
0.816124 69.2499
0.822261 70.2574
0.828378 71.2024
0.834502 72.0127
0.840667 72.5289
0.846816 73.2615
0.852925 73.9069
0.859047 75.0447
0.865192 75.8987
0.871341 76.8934
0.877463 77.1353
0.883569 78.3136
0.889708 78.8365
0.895864 79.5516
0.902008 80.6929
0.908149 81.911
0.914301 82.377
0.920448 82.9731
0.926574 83.9633
0.932687 84.889
0.938823 85.6796
0.944975 85.9707
0.951105 87.1136
0.957225 87.869
0.963368 88.4595
0.969511 89.3542
0.975621 89.8046
0.981748 90.865
0.987916 91.2602
0.99406 92.2936
1.00019 93.1879
1.00632 93.8785
1.01246 94.8579
1.01859 95.2535
1.02471 96.4143
1.03085 97.0539
1.03698 97.928
1.04314 97.9017
1.04929 99.0549
1.05541 99.7174
1.06154 100.025
1.06769 100.46
1.07382 101.313
1.07993 102.393
1.08607 103.257
1.09222 104.014
1.09836 104.757
1.10449 104.996
1.11063 105.54
1.11677 106.362
1.1229 106.314
1.12903 107.944
1.13518 108.483
1.14131 108.91
1.14745 110
1.15359 110.829
1.15973 110.703
1.16584 111.906
1.17197 112.292
1.17811 112.758
1.18424 113.124
1.19038 113.752
1.19652 114.163
1.20267 115.077
1.20881 115.493
1.21495 116.07
1.22108 117.08
1.2272 117.485
1.23334 117.654
1.23949 117.875
1.24562 118.958
1.25174 119.274
1.25789 120.045
1.26402 120.645
1.27014 121.031
1.27628 121.218
1.28244 122.115
1.28858 122.495
1.29471 123.114
1.30084 123.406
1.30697 123.952
1.31312 124.282
1.31925 125.124
1.32537 124.864
1.33151 125.837
1.33765 125.964
1.34378 126.493
1.34992 127.042
1.35606 127.49
1.3622 127.731
1.36833 128.318
1.37445 128.408
1.38059 129.444
1.38675 129.302
1.39288 129.83
1.39901 130.493
1.40515 130.73
1.4113 131.327
1.41742 131.253
1.42355 131.608
1.4297 132.007
1.43585 132.705
1.44198 133.01
1.44809 133.185
1.45423 133.418
1.46036 134.009
1.46649 134.103
1.47263 134.351
1.47877 135.093
1.48491 135.094
1.49104 135.455
1.49718 135.819
1.50333 136.358
1.50947 136.426
1.5156 136.923
1.52172 137.153
1.52787 137.207
1.534 137.87
1.54013 137.651
1.54627 137.899
1.55241 138.23
1.55855 138.406
1.56467 138.562
1.5708 138.443
