0.00783031 358.477
0.013688 301.706
0.019231 -1392.62
0.0249154 -106.953
0.0312784 183.628
0.0375637 393.926
0.0433917 118.509
0.0492413 -63.0722
0.0555754 -19.5942
0.0619321 109.082
0.067871 168.314
0.0738098 -142.655
0.0800417 -299.328
0.0862327 -321.792
0.0921407 -286.639
0.0982031 -229.804
0.104506 -210.428
0.110769 -196.652
0.116806 -174.392
0.122832 -226.312
0.129052 -218.288
0.135211 -207.588
0.141259 -217.138
0.147318 -178.507
0.153489 -206.96
0.159709 -230.896
0.165845 -244.197
0.171974 -242.364
0.178125 -282.527
0.184229 -277.372
0.19034 -253.506
0.196428 -293.795
0.202534 -250.81
0.208729 -251.465
0.214876 -261.138
0.220989 -254.535
0.227147 -237.093
0.23329 -243.405
0.239377 -246.9
0.245482 -244.897
0.251667 -212.641
0.257832 -242.875
0.263955 -233.981
0.270079 -241.135
0.27624 -241.593
0.282372 -237.668
0.28843 -245.878
0.294538 -231.945
0.300721 -226.611
0.30691 -249.027
0.313033 -228.867
0.319153 -232.853
0.325316 -220.175
0.33145 -230.297
0.337538 -231.902
0.343633 -213.334
0.349808 -227.948
0.355968 -217.998
0.362074 -221.459
0.368217 -223.7
0.374374 -212.852
0.380519 -215.077
0.386598 -202.859
0.392688 -204.302
0.39888 -213.841
0.405048 -206.933
0.411186 -201.286
0.417313 -204.958
0.423458 -204.864
0.429607 -201.025
0.435692 -196.594
0.441815 -192.805
0.447964 -190.896
0.454126 -187.892
0.460267 -187.898
0.466387 -192.174
0.47254 -187.427
0.478662 -191.248
0.484765 -184.827
0.490885 -186.955
0.497035 -179.229
0.503198 -175.845
0.509342 -177.502
0.515458 -179.234
0.521598 -177.759
0.527764 -175.226
0.533884 -169.628
0.54 -169.502
0.546137 -168.648
0.552299 -168.07
0.558452 -167.704
0.564573 -163.147
0.570708 -164.231
0.576825 -160.73
0.582926 -163.515
0.589034 -156.123
0.595184 -160.037
0.601379 -155.538
0.607522 -155.042
0.613639 -155.239
0.619772 -150.953
0.625918 -152.087
0.632068 -149.993
0.638161 -148.913
0.6443 -148.237
0.650464 -147.106
0.656582 -145.289
0.662703 -145.869
0.668861 -140.883
0.675024 -140.974
0.681124 -142.367
0.687237 -140.649
0.693381 -138.32
0.699536 -137.876
0.705665 -136.654
0.711789 -135.799
0.717957 -133.267
0.72409 -133.959
0.730186 -132.36
0.736317 -128.678
0.742472 -129.095
0.748622 -128.598
0.75476 -126.379
0.760888 -126.605
0.767043 -126.064
0.773185 -123.487
0.779291 -123.843
0.785407 -122.558
0.791564 -121.782
0.797719 -120.577
0.803834 -120.256
0.809972 -120.33
0.816124 -117.07
0.822261 -117.586
0.828378 -116.632
0.834502 -115.318
0.840667 -114.423
0.846816 -113.794
0.852925 -111.639
0.859047 -112.389
0.865192 -110.437
0.871341 -109.6
0.877463 -108.472
0.883569 -108.871
0.889708 -106.061
0.895864 -106.124
0.902008 -104.502
0.908149 -104.716
0.914301 -104.264
0.920448 -103.038
0.926574 -102.658
0.932687 -102.299
0.938823 -101.25
0.944975 -99.5488
0.951105 -98.0945
0.957225 -98.3123
0.963368 -98.4364
0.969511 -97.7808
0.975621 -96.15
0.981748 -95.4471
0.987916 -94.4305
0.99406 -94.2353
1.00019 -92.695
1.00632 -93.5863
1.01246 -92.0996
1.01859 -91.4317
1.02471 -90.8824
1.03085 -90.6535
1.03698 -89.1689
1.04314 -87.8723
1.04929 -87.7524
1.05541 -87.2046
1.06154 -85.6613
1.06769 -85.3205
1.07382 -85.0178
1.07993 -84.8902
1.08607 -84.2874
1.09222 -83.701
1.09836 -83.0487
1.10449 -81.6383
1.11063 -81.2933
1.11677 -80.9522
1.1229 -79.0887
1.12903 -80.1844
1.13518 -79.5878
1.14131 -78.025
1.14745 -78.0877
1.15359 -77.4794
1.15973 -76.5366
1.16584 -76.9532
1.17197 -76.2934
1.17811 -74.7678
1.18424 -75.0682
1.19038 -74.3942
1.19652 -73.6292
1.20267 -73.2853
1.20881 -72.7499
1.21495 -72.0034
1.22108 -71.3436
1.2272 -70.9559
1.23334 -69.9482
1.23949 -70.0083
1.24562 -69.1934
1.25174 -68.9432
1.25789 -68.7386
1.26402 -67.4793
1.27014 -67.5123
1.27628 -66.8539
1.28244 -66.4635
1.28858 -66.8367
1.29471 -65.9611
1.30084 -64.9979
1.30697 -63.893
1.31312 -64.1968
1.31925 -63.6016
1.32537 -62.8763
1.33151 -62.254
1.33765 -62.1612
1.34378 -61.531
1.34992 -60.9553
1.35606 -60.7092
1.3622 -59.8752
1.36833 -59.7902
1.37445 -59.2209
1.38059 -58.8674
1.38675 -58.5211
1.39288 -57.6853
1.39901 -58.2062
1.40515 -56.8679
1.4113 -57.0624
1.41742 -56.242
1.42355 -55.4095
1.4297 -55.4971
1.43585 -55.4204
1.44198 -54.8487
1.44809 -54.0042
1.45423 -53.9013
1.46036 -53.636
1.46649 -53.0411
1.47263 -52.7077
1.47877 -52.4091
1.48491 -51.9991
1.49104 -51.5599
1.49718 -51.2058
1.50333 -50.9349
1.50947 -50.4307
1.5156 -50.1632
1.52172 -49.5191
1.52787 -48.996
1.534 -49.2456
1.54013 -49.0823
1.54627 -48.0538
1.55241 -48.1579
1.55855 -47.545
1.56467 -47.3334
1.5708 -47.116
