0.00783031 -0.504769
0.013688 -0.0935288
0.019231 3.17753
0.0249154 1.28895
0.0312784 1.8795
0.0375637 0.240431
0.0433917 1.70163
0.0492413 3.36987
0.0555754 2.31204
0.0619321 1.66423
0.067871 4.45924
0.0738098 4.28047
0.0800417 4.83359
0.0862327 6.59752
0.0921407 6.99763
0.0982031 7.17145
0.104506 7.89103
0.110769 8.41587
0.116806 5.45094
0.122832 9.07456
0.129052 7.93453
0.135211 9.03753
0.141259 6.36107
0.147318 6.86336
0.153489 8.30256
0.159709 10.1556
0.165845 9.02071
0.171974 8.16246
0.178125 11.5898
0.184229 8.2536
0.19034 8.35013
0.196428 9.70398
0.202534 9.04398
0.208729 7.60606
0.214876 8.14948
0.220989 11.1361
0.227147 6.89655
0.23329 10.7578
0.239377 7.82109
0.245482 7.66438
0.251667 7.31343
0.257832 7.06429
0.263955 6.55247
0.270079 6.53475
0.27624 5.46609
0.282372 6.56799
0.28843 5.83782
0.294538 6.23087
0.300721 6.743
0.30691 3.08332
0.313033 4.55096
0.319153 2.397
0.325316 5.52495
0.33145 3.9714
0.337538 2.45313
0.343633 1.90372
0.349808 2.87688
0.355968 3.0957
0.362074 2.66273
0.368217 -0.0136647
0.374374 1.76943
0.380519 2.02842
0.386598 1.32729
0.392688 0.385817
0.39888 0.690558
0.405048 -0.0054316
0.411186 -0.0850647
0.417313 -0.2375
0.423458 -2.22047
0.429607 -3.64994
0.435692 -1.76822
0.441815 -0.929233
0.447964 -2.69957
0.454126 -3.715
0.460267 -5.41899
0.466387 -4.67432
0.47254 -5.61523
0.478662 -3.59462
0.484765 -6.33384
0.490885 -9.42828
0.497035 -4.76826
0.503198 -5.77642
0.509342 -4.76815
0.515458 -8.05334
0.521598 -10.8344
0.527764 -10.4151
0.533884 -7.86161
0.54 -10.971
0.546137 -9.16188
0.552299 -11.2639
0.558452 -13.5692
0.564573 -10.3256
0.570708 -13.011
0.576825 -10.3579
0.582926 -13.5194
0.589034 -11.4624
0.595184 -14.9509
0.601379 -14.8929
0.607522 -15.7112
0.613639 -17.5094
0.619772 -13.7686
0.625918 -14.947
0.632068 -14.3527
0.638161 -17.9862
0.6443 -16.9741
0.650464 -17.3124
0.656582 -16.4453
0.662703 -19.3647
0.668861 -19.8488
0.675024 -18.5648
0.681124 -18.7365
0.687237 -19.5185
0.693381 -19.2762
0.699536 -19.8706
0.705665 -19.6084
0.711789 -22.0857
0.717957 -20.1492
0.72409 -21.2179
0.730186 -21.9387
0.736317 -19.5282
0.742472 -22.042
0.748622 -24.055
0.75476 -22.9885
0.760888 -23.7701
0.767043 -23.2214
0.773185 -22.6854
0.779291 -24.2887
0.785407 -24.9154
0.791564 -22.9253
0.797719 -24.3507
0.803834 -26.2716
0.809972 -27.2241
0.816124 -25.1452
0.822261 -25.8574
0.828378 -25.8304
0.834502 -25.8071
0.840667 -27.677
0.846816 -27.026
0.852925 -25.857
0.859047 -27.0142
0.865192 -28.323
0.871341 -27.1864
0.877463 -26.2518
0.883569 -27.4117
0.889708 -27.1063
0.895864 -28.3143
0.902008 -27.2257
0.908149 -29.1882
0.914301 -27.419
0.920448 -28.7368
0.926574 -28.9666
0.932687 -28.2511
0.938823 -28.2147
0.944975 -29.3613
0.951105 -28.8759
0.957225 -29.4169
0.963368 -28.4606
0.969511 -29.7177
0.975621 -29.1113
0.981748 -29.8837
0.987916 -28.9706
0.99406 -30.3823
1.00019 -30.8494
1.00632 -31.5318
1.01246 -30.4914
1.01859 -31.6956
1.02471 -31.1645
1.03085 -31.5357
1.03698 -29.1417
1.04314 -30.7444
1.04929 -31.102
1.05541 -31.3537
1.06154 -32.7893
1.06769 -31.1929
1.07382 -31.4175
1.07993 -30.1357
1.08607 -31.5515
1.09222 -32.635
1.09836 -32.5514
1.10449 -31.9153
1.11063 -31.8699
1.11677 -31.0875
1.1229 -29.7918
1.12903 -33.683
1.13518 -32.0398
1.14131 -32.3184
1.14745 -31.5964
1.15359 -33.2966
1.15973 -32.1819
1.16584 -30.3241
1.17197 -31.8006
1.17811 -31.753
1.18424 -31.2106
1.19038 -31.6652
1.19652 -31.4818
1.20267 -30.4114
1.20881 -30.8089
1.21495 -31.5724
1.22108 -31.6855
1.2272 -31.7443
1.23334 -29.7328
1.23949 -30.6087
1.24562 -30.6922
1.25174 -32.5694
1.25789 -31.2026
1.26402 -32.4133
1.27014 -31.4879
1.27628 -31.4528
1.28244 -30.9844
1.28858 -31.8276
1.29471 -31.444
1.30084 -30.7891
1.30697 -30.0948
1.31312 -30.9071
1.31925 -30.9868
1.32537 -29.9976
1.33151 -30.9513
1.33765 -31.4197
1.34378 -30.3724
1.34992 -31.0445
1.35606 -30.5699
1.3622 -30.5245
1.36833 -31.5424
1.37445 -30.8019
1.38059 -30.7366
1.38675 -30.7365
1.39288 -30.2628
1.39901 -30.7839
1.40515 -30.5625
1.4113 -30.4131
1.41742 -29.3658
1.42355 -30.1136
1.4297 -30.303
1.43585 -30.3255
1.44198 -30.4764
1.44809 -29.9325
1.45423 -29.6168
1.46036 -29.7049
1.46649 -28.9117
1.47263 -29.9849
1.47877 -30.968
1.48491 -29.6005
1.49104 -30.0655
1.49718 -29.964
1.50333 -29.8715
1.50947 -30.1955
1.5156 -29.6723
1.52172 -29.3076
1.52787 -29.805
1.534 -29.5063
1.54013 -29.6818
1.54627 -29.2341
1.55241 -30.4105
1.55855 -29.8608
1.56467 -28.9706
1.5708 -29.4195
