0.00783031 7630.4
0.013688 4862.85
0.019231 4487.57
0.0249154 4469.36
0.0312784 5418.43
0.0375637 5778.81
0.0433917 5653.88
0.0492413 4390.84
0.0555754 4273.03
0.0619321 3734.56
0.067871 3675.52
0.0738098 3457.67
0.0800417 3204.8
0.0862327 2999.35
0.0921407 2880.91
0.0982031 2624.65
0.104506 2437.82
0.110769 2453.86
0.116806 2350.29
0.122832 2228.29
0.129052 2080.5
0.135211 1987.99
0.141259 1912.3
0.147318 1816.29
0.153489 1788.5
0.159709 1688.89
0.165845 1514.45
0.171974 1518.92
0.178125 1481.41
0.184229 1398.52
0.19034 1332.01
0.196428 1314.64
0.202534 1235.08
0.208729 1193.56
0.214876 1129.24
0.220989 1141.79
0.227147 1070.5
0.23329 1004.5
0.239377 977.103
0.245482 975.52
0.251667 908.09
0.257832 903.646
0.263955 842.665
0.270079 845.411
0.27624 800.583
0.282372 778.799
0.28843 764.358
0.294538 705.329
0.300721 693.494
0.30691 659.442
0.313033 649.563
0.319153 629.391
0.325316 604.533
0.33145 592.947
0.337538 561.311
0.343633 563.009
0.349808 536.819
0.355968 513.26
0.362074 505.026
0.368217 496.803
0.374374 468.119
0.380519 439.24
0.386598 427.05
0.392688 422.526
0.39888 416.849
0.405048 396.709
0.411186 384.327
0.417313 368.84
0.423458 363.301
0.429607 342.005
0.435692 336.452
0.441815 322.545
0.447964 316.154
0.454126 302.244
0.460267 293.004
0.466387 289.389
0.47254 275.112
0.478662 272.242
0.484765 253.059
0.490885 241.5
0.497035 239.383
0.503198 226.918
0.509342 221.543
0.515458 213.001
0.521598 204.502
0.527764 194.768
0.533884 186.851
0.54 176.029
0.546137 173.147
0.552299 166.951
0.558452 159.739
0.564573 155.264
0.570708 148.157
0.576825 146.336
0.582926 137.82
0.589034 130.322
0.595184 127.421
0.601379 122.415
0.607522 114.097
0.613639 106.147
0.619772 102.748
0.625918 100.297
0.632068 96.2086
0.638161 89.0705
0.6443 84.8172
0.650464 84.9655
0.656582 77.6149
0.662703 68.986
0.668861 69.911
0.675024 61.9603
0.681124 64.0391
0.687237 55.8481
0.693381 51.0074
0.699536 46.5249
0.705665 45.2266
0.711789 38.1287
0.717957 42.915
0.72409 35.0243
0.730186 31.3483
0.736317 28.9036
0.742472 26.5242
0.748622 23.5986
0.75476 19.0239
0.760888 16.7621
0.767043 9.05531
0.773185 10.5964
0.779291 9.49237
0.785407 2.45371
0.791564 0.198286
0.797719 -1.22574
0.803834 -5.27812
0.809972 -10.9868
0.816124 -7.64692
0.822261 -9.92155
0.828378 -11.7169
0.834502 -15.09
0.840667 -16.7554
0.846816 -20.4429
0.852925 -18.8247
0.859047 -23.5904
0.865192 -24.8527
0.871341 -27.073
0.877463 -28.9823
0.883569 -32.4279
0.889708 -33.628
0.895864 -33.0623
0.902008 -33.5568
0.908149 -38.6406
0.914301 -41.6183
0.920448 -40.2433
0.926574 -42.2098
0.932687 -45.4465
0.938823 -47.1015
0.944975 -47.8991
0.951105 -48.8209
0.957225 -50.3084
0.963368 -50.9494
0.969511 -51.3715
0.975621 -54.0384
0.981748 -55.5938
0.987916 -57.9132
0.99406 -55.5875
1.00019 -59.3124
1.00632 -61.2499
1.01246 -62.2457
1.01859 -62.0716
1.02471 -63.1058
1.03085 -62.1627
1.03698 -65.8548
1.04314 -63.631
1.04929 -66.5532
1.05541 -68.3336
1.06154 -68.8605
1.06769 -69.1075
1.07382 -69.3419
1.07993 -71.0129
1.08607 -71.0519
1.09222 -72.3316
1.09836 -72.4685
1.10449 -73.7275
1.11063 -74.8263
1.11677 -75.3476
1.1229 -77.7576
1.12903 -76.7402
1.13518 -76.6703
1.14131 -77.3106
1.14745 -78.6077
1.15359 -78.8691
1.15973 -79.0048
1.16584 -79.9958
1.17197 -78.5189
1.17811 -80.4087
1.18424 -80.3859
1.19038 -81.4012
1.19652 -83.1791
1.20267 -82.6708
1.20881 -83.2032
1.21495 -81.9616
1.22108 -83.6212
1.2272 -83.4037
1.23334 -84.1879
1.23949 -84.3609
1.24562 -85.0456
1.25174 -85.1234
1.25789 -83.7743
1.26402 -85.4317
1.27014 -85.8356
1.27628 -85.4384
1.28244 -86.8108
1.28858 -86.5862
1.29471 -86.6543
1.30084 -86.2573
1.30697 -86.9563
1.31312 -86.1278
1.31925 -87.3597
1.32537 -87.0749
1.33151 -87.8448
1.33765 -87.2109
1.34378 -86.941
1.34992 -88.5574
1.35606 -87.5404
1.3622 -88.7185
1.36833 -87.5314
1.37445 -87.4906
1.38059 -88.3901
1.38675 -88.5725
1.39288 -88.3871
1.39901 -88.4333
1.40515 -87.8509
1.4113 -87.5072
1.41742 -88.2765
1.42355 -88.6589
1.4297 -88.5199
1.43585 -90.0144
1.44198 -88.5266
1.44809 -89.1761
1.45423 -88.3626
1.46036 -88.8825
1.46649 -88.7756
1.47263 -88.3468
1.47877 -88.6802
1.48491 -88.5847
1.49104 -88.8426
1.49718 -88.0851
1.50333 -88.4986
1.50947 -88.1606
1.5156 -88.4993
1.52172 -87.9251
1.52787 -87.889
1.534 -88.0852
1.54013 -86.9157
1.54627 -87.3487
1.55241 -86.7589
1.55855 -86.7328
1.56467 -87.0118
1.5708 -86.3806
