0.00783031 -18.6783
0.013688 -26.0513
0.019231 -31.5147
0.0249154 -33.9743
0.0312784 -36.9561
0.0375637 -39.9493
0.0433917 -43.3585
0.0492413 -45.868
0.0555754 -49.7484
0.0619321 -56.4292
0.067871 -60.8281
0.0738098 -63.6353
0.0800417 -68.0294
0.0862327 -68.9816
0.0921407 -66.9052
0.0982031 -69.0546
0.104506 -70.4415
0.110769 -73.6205
0.116806 -76.665
0.122832 -80.3829
0.129052 -83.681
0.135211 -82.5263
0.141259 -86.7827
0.147318 -85.103
0.153489 -87.4719
0.159709 -85.1102
0.165845 -90.7524
0.171974 -88.4984
0.178125 -89.4264
0.184229 -93.4882
0.19034 -95.7634
0.196428 -97.0951
0.202534 -95.3868
0.208729 -94.8943
0.214876 -98.9714
0.220989 -97.1645
0.227147 -98.2426
0.23329 -98.3667
0.239377 -102.048
0.245482 -101.405
0.251667 -101.087
0.257832 -103.707
0.263955 -101.115
0.270079 -104.774
0.27624 -102.522
0.282372 -102.442
0.28843 -104.936
0.294538 -104.809
0.300721 -106.451
0.30691 -107.193
0.313033 -105.311
0.319153 -107.301
0.325316 -107.901
0.33145 -107.026
0.337538 -109.581
0.343633 -110.87
0.349808 -108.796
0.355968 -108.419
0.362074 -109.487
0.368217 -109.973
0.374374 -109.799
0.380519 -110.257
0.386598 -110.825
0.392688 -110.087
0.39888 -112.153
0.405048 -108.978
0.411186 -112.928
0.417313 -111.841
0.423458 -109.438
0.429607 -108.896
0.435692 -110.272
0.441815 -111.194
0.447964 -110.533
0.454126 -110.728
0.460267 -111.32
0.466387 -110.051
0.47254 -110.853
0.478662 -110.671
0.484765 -111.578
0.490885 -112.29
0.497035 -111.384
0.503198 -111.845
0.509342 -111.132
0.515458 -112.154
0.521598 -110.158
0.527764 -112.232
0.533884 -112.156
0.54 -113.889
0.546137 -111.336
0.552299 -112.617
0.558452 -111.68
0.564573 -112.35
0.570708 -111.088
0.576825 -111.44
0.582926 -110.817
0.589034 -110.453
0.595184 -110.303
0.601379 -109.924
0.607522 -111.85
0.613639 -112.229
0.619772 -111.255
0.625918 -109.328
0.632068 -109.406
0.638161 -109.269
0.6443 -110.376
0.650464 -110.217
0.656582 -109.716
0.662703 -109.864
0.668861 -109.512
0.675024 -110.764
0.681124 -108.529
0.687237 -109.256
0.693381 -108.268
0.699536 -109.607
0.705665 -109.866
0.711789 -108.721
0.717957 -107.96
0.72409 -110.037
0.730186 -108.866
0.736317 -108.384
0.742472 -107.217
0.748622 -107.974
0.75476 -106.324
0.760888 -106.757
0.767043 -108.219
0.773185 -107.02
0.779291 -106.261
0.785407 -106.344
0.791564 -104.936
0.797719 -106.225
0.803834 -106.239
0.809972 -106.606
0.816124 -106.102
0.822261 -104.998
0.828378 -105.512
0.834502 -106.43
0.840667 -105.461
0.846816 -105.325
0.852925 -105.387
0.859047 -104.813
0.865192 -104.844
0.871341 -103.601
0.877463 -104.384
0.883569 -103.621
0.889708 -103.89
0.895864 -103.218
0.902008 -102.903
0.908149 -103.135
0.914301 -103.074
0.920448 -103.495
0.926574 -103.746
0.932687 -102.589
0.938823 -102.664
0.944975 -102.342
0.951105 -102.836
0.957225 -101.651
0.963368 -101.867
0.969511 -100.866
0.975621 -101.242
0.981748 -101.547
0.987916 -101.33
0.99406 -100.003
1.00019 -100.584
1.00632 -100.993
1.01246 -100.118
1.01859 -100.478
1.02471 -100.198
1.03085 -99.1777
1.03698 -99.8162
1.04314 -99.0505
1.04929 -99.1337
1.05541 -99.01
1.06154 -98.8287
1.06769 -98.3714
1.07382 -98.6145
1.07993 -98.8446
1.08607 -97.87
1.09222 -98.701
1.09836 -97.5979
1.10449 -98.0828
1.11063 -97.4804
1.11677 -97.1522
1.1229 -98.4326
1.12903 -97.2395
1.13518 -97.2447
1.14131 -96.8351
1.14745 -97.5476
1.15359 -96.3574
1.15973 -96.0294
1.16584 -97.1392
1.17197 -96.2584
1.17811 -96.2343
1.18424 -96.5403
1.19038 -96.0849
1.19652 -95.9653
1.20267 -95.8643
1.20881 -95.6158
1.21495 -95.3163
1.22108 -95.121
1.2272 -95.4948
1.23334 -94.6085
1.23949 -94.1301
1.24562 -94.923
1.25174 -94.7392
1.25789 -94.1955
1.26402 -94.8074
1.27014 -94.0227
1.27628 -94.5875
1.28244 -94.1759
1.28858 -93.5841
1.29471 -93.8516
1.30084 -94.1944
1.30697 -93.8052
1.31312 -93.622
1.31925 -93.5092
1.32537 -92.8213
1.33151 -93.7415
1.33765 -93.0662
1.34378 -93.7481
1.34992 -93.0472
1.35606 -92.5512
1.3622 -92.4003
1.36833 -92.1219
1.37445 -92.5599
1.38059 -92.4104
1.38675 -92.9692
1.39288 -92.1537
1.39901 -92.1123
1.40515 -91.9387
1.4113 -91.9894
1.41742 -91.7223
1.42355 -92.2603
1.4297 -92.0283
1.43585 -91.3216
1.44198 -91.2341
1.44809 -91.6089
1.45423 -91.1796
1.46036 -90.9534
1.46649 -90.8071
1.47263 -90.7208
1.47877 -90.4414
1.48491 -90.5367
1.49104 -90.5527
1.49718 -90.7594
1.50333 -90.9959
1.50947 -90.2957
1.5156 -90.1786
1.52172 -90.1134
1.52787 -90.4958
1.534 -89.5924
1.54013 -89.8676
1.54627 -89.8927
1.55241 -89.5141
1.55855 -89.4321
1.56467 -89.6951
1.5708 -89.714
