0.00783031 901.805
0.013688 -2621.48
0.019231 -1500.63
0.0249154 2618.59
0.0312784 910.267
0.0375637 -144.073
0.0433917 1442.57
0.0492413 1394.91
0.0555754 345.752
0.0619321 837.007
0.067871 1038.37
0.0738098 1115.04
0.0800417 1496.79
0.0862327 1388.51
0.0921407 1693.18
0.0982031 1339.45
0.104506 1707.92
0.110769 1667.07
0.116806 1793.39
0.122832 1830.07
0.129052 1665.84
0.135211 1697.58
0.141259 1710.99
0.147318 1938.25
0.153489 1896.14
0.159709 1836.09
0.165845 1884.78
0.171974 1870.19
0.178125 1959.2
0.184229 1904.65
0.19034 1986.86
0.196428 1985.51
0.202534 1997.42
0.208729 1916.26
0.214876 2011.73
0.220989 2072.26
0.227147 2012.81
0.23329 2031.13
0.239377 1995.75
0.245482 2013.97
0.251667 1995.8
0.257832 2048.09
0.263955 2046.03
0.270079 1982.06
0.27624 1992.19
0.282372 2063.78
0.28843 2021.17
0.294538 2032.63
0.300721 2022.89
0.30691 2030.23
0.313033 2015.75
0.319153 2007.08
0.325316 2021.21
0.33145 1984.35
0.337538 2015.24
0.343633 1959.31
0.349808 1999.71
0.355968 2005.17
0.362074 1998.34
0.368217 1967.28
0.374374 1985.8
0.380519 1986.65
0.386598 1973.64
0.392688 1981.96
0.39888 1986.39
0.405048 1944.6
0.411186 1957.08
0.417313 1953.42
0.423458 1935.17
0.429607 1932.59
0.435692 1929.23
0.441815 1926.64
0.447964 1938.21
0.454126 1907.28
0.460267 1920.65
0.466387 1907.73
0.47254 1884.1
0.478662 1902.99
0.484765 1906.85
0.490885 1891.75
0.497035 1878.11
0.503198 1875.7
0.509342 1868.19
0.515458 1864.5
0.521598 1860.4
0.527764 1863.05
0.533884 1831.76
0.54 1843.5
0.546137 1831.06
0.552299 1846.74
0.558452 1827.48
0.564573 1812.87
0.570708 1820.64
0.576825 1814.86
0.582926 1814.99
0.589034 1799.51
0.595184 1794.72
0.601379 1776.91
0.607522 1780.38
0.613639 1777.04
0.619772 1770.57
0.625918 1753.73
0.632068 1764.26
0.638161 1746.06
0.6443 1742.84
0.650464 1744.94
0.656582 1747.39
0.662703 1745.42
0.668861 1720.58
0.675024 1706.17
0.681124 1707.21
0.687237 1711.55
0.693381 1688.95
0.699536 1689.06
0.705665 1692.7
0.711789 1686.61
0.717957 1685.27
0.72409 1669.99
0.730186 1667.53
0.736317 1661.19
0.742472 1650.18
0.748622 1647.38
0.75476 1638.63
0.760888 1636.78
0.767043 1622.74
0.773185 1613.03
0.779291 1608.17
0.785407 1607.48
0.791564 1603.56
0.797719 1593.23
0.803834 1596.16
0.809972 1588.99
0.816124 1583.67
0.822261 1567.71
0.828378 1563.8
0.834502 1558.42
0.840667 1562.96
0.846816 1554.9
0.852925 1546.08
0.859047 1541.5
0.865192 1538.17
0.871341 1517.12
0.877463 1517.48
0.883569 1511.68
0.889708 1487.33
0.895864 1496.27
0.902008 1498.7
0.908149 1482.87
0.914301 1487.38
0.920448 1476.74
0.926574 1471.51
0.932687 1462.08
0.938823 1455.54
0.944975 1458.04
0.951105 1444.32
0.957225 1439.26
0.963368 1436.36
0.969511 1428.96
0.975621 1412.62
0.981748 1411.07
0.987916 1410.21
0.99406 1399.68
1.00019 1398.34
1.00632 1390.11
1.01246 1380.86
1.01859 1374.93
1.02471 1375.79
1.03085 1366.24
1.03698 1360.36
1.04314 1353.89
1.04929 1348.34
1.05541 1343.69
1.06154 1344.31
1.06769 1332.68
1.07382 1327.79
1.07993 1325.49
1.08607 1314.08
1.09222 1315.53
1.09836 1302.67
1.10449 1298.13
1.11063 1296.39
1.11677 1286.02
1.1229 1286.6
1.12903 1279.57
1.13518 1272.93
1.14131 1265.71
1.14745 1263.76
1.15359 1257.22
1.15973 1242.93
1.16584 1247.26
1.17197 1245.92
1.17811 1235.86
1.18424 1229.38
1.19038 1220.52
1.19652 1220.31
1.20267 1212.67
1.20881 1209
1.21495 1201.03
1.22108 1195.33
1.2272 1187.69
1.23334 1184.23
1.23949 1181.9
1.24562 1171.22
1.25174 1163.82
1.25789 1162.26
1.26402 1157.03
1.27014 1149.86
1.27628 1147.06
1.28244 1142.89
1.28858 1134.47
1.29471 1127.98
1.30084 1124.91
1.30697 1118.17
1.31312 1110.19
1.31925 1107.54
1.32537 1102.76
1.33151 1095.51
1.33765 1094.27
1.34378 1089.63
1.34992 1085.28
1.35606 1079.74
1.3622 1075.12
1.36833 1069.37
1.37445 1060.23
1.38059 1058.87
1.38675 1051.57
1.39288 1051.37
1.39901 1046.24
1.40515 1040.17
1.4113 1034.58
1.41742 1031.97
1.42355 1024.53
1.4297 1023.09
1.43585 1015.71
1.44198 1011.75
1.44809 1004.34
1.45423 1002.91
1.46036 995.231
1.46649 996.706
1.47263 988.092
1.47877 984.065
1.48491 976.743
1.49104 975.682
1.49718 967.759
1.50333 965.705
1.50947 959.317
1.5156 958.47
1.52172 951.247
1.52787 948.619
1.534 940.991
1.54013 940.353
1.54627 932.321
1.55241 931.136
1.55855 926.87
1.56467 919.139
1.5708 919.127
