0.00783031 9893.38
0.013688 7054.83
0.019231 11010.2
0.0249154 8212.65
0.0312784 10175.4
0.0375637 9242.86
0.0433917 8979.8
0.0492413 8790.65
0.0555754 8702.73
0.0619321 9306.89
0.067871 8645.16
0.0738098 8693.45
0.0800417 8185.6
0.0862327 8171.92
0.0921407 8093.07
0.0982031 7781.75
0.104506 7735.27
0.110769 7476.43
0.116806 7123.79
0.122832 7156.01
0.129052 7195.04
0.135211 6986.67
0.141259 6999.36
0.147318 6693.58
0.153489 6636.74
0.159709 6423.26
0.165845 6433.81
0.171974 6281.21
0.178125 6242.47
0.184229 6039.78
0.19034 6153.84
0.196428 5978.76
0.202534 5869.8
0.208729 5805.61
0.214876 5746.9
0.220989 5640.71
0.227147 5566.8
0.23329 5602.02
0.239377 5525.94
0.245482 5365.96
0.251667 5299.78
0.257832 5335.5
0.263955 5166.76
0.270079 5209.48
0.27624 5174.89
0.282372 5119.13
0.28843 5093.81
0.294538 5019.71
0.300721 4943.14
0.30691 4835.47
0.313033 4864.09
0.319153 4891.85
0.325316 4776.12
0.33145 4754.61
0.337538 4651.82
0.343633 4693.94
0.349808 4623.72
0.355968 4583.9
0.362074 4622.66
0.368217 4588.1
0.374374 4473.44
0.380519 4503.52
0.386598 4433.69
0.392688 4428.69
0.39888 4373.06
0.405048 4399.39
0.411186 4336.67
0.417313 4332.81
0.423458 4339.86
0.429607 4305.48
0.435692 4246.11
0.441815 4156.97
0.447964 4262.95
0.454126 4199.81
0.460267 4199.39
0.466387 4168.47
0.47254 4166.7
0.478662 4110.3
0.484765 4068.19
0.490885 4058.02
0.497035 4043
0.503198 4011.96
0.509342 4019.21
0.515458 3979.01
0.521598 4001.63
0.527764 3938.7
0.533884 3949.78
0.54 3911.77
0.546137 3913.56
0.552299 3924.35
0.558452 3920.51
0.564573 3897.37
0.570708 3865.85
0.576825 3862.93
0.582926 3853.44
0.589034 3803.06
0.595184 3825.5
0.601379 3811.24
0.607522 3787.21
0.613639 3790.56
0.619772 3798.1
0.625918 3721.53
0.632068 3736.32
0.638161 3719.91
0.6443 3724.24
0.650464 3706.42
0.656582 3716.72
0.662703 3683.55
0.668861 3697.7
0.675024 3660.04
0.681124 3646.06
0.687237 3666.46
0.693381 3632.44
0.699536 3631.1
0.705665 3618.55
0.711789 3636.73
0.717957 3603.25
0.72409 3602.29
0.730186 3589.14
0.736317 3578.55
0.742472 3573.94
0.748622 3568.28
0.75476 3560.76
0.760888 3555.5
0.767043 3551.33
0.773185 3532.84
0.779291 3529.23
0.785407 3525.79
0.791564 3509.26
0.797719 3495.04
0.803834 3497.16
0.809972 3504.31
0.816124 3475.58
0.822261 3461.91
0.828378 3459.56
0.834502 3456.5
0.840667 3464.2
0.846816 3443.71
0.852925 3439.12
0.859047 3437.63
0.865192 3428.42
0.871341 3410.39
0.877463 3405.37
0.883569 3417.01
0.889708 3408.46
0.895864 3403.16
0.902008 3396.68
0.908149 3382.26
0.914301 3369.61
0.920448 3384.66
0.926574 3367.04
0.932687 3356.56
0.938823 3351.53
0.944975 3362.04
0.951105 3358.76
0.957225 3332.05
0.963368 3334.59
0.969511 3333.36
0.975621 3322.15
0.981748 3313.13
0.987916 3310.88
0.99406 3303.66
1.00019 3286.23
1.00632 3267.11
1.01246 3286.07
1.01859 3287.56
1.02471 3257.63
1.03085 3267.84
1.03698 3261.32
1.04314 3257.62
1.04929 3254.96
1.05541 3242.16
1.06154 3239.56
1.06769 3224.11
1.07382 3225.31
1.07993 3237.75
1.08607 3218.78
1.09222 3200.54
1.09836 3205
1.10449 3190.08
1.11063 3176.7
1.11677 3193.62
1.1229 3189.25
1.12903 3177.3
1.13518 3171.92
1.14131 3149.26
1.14745 3165.86
1.15359 3156.51
1.15973 3151.65
1.16584 3157.17
1.17197 3152.22
1.17811 3135.25
1.18424 3141.53
1.19038 3131.23
1.19652 3133.69
1.20267 3114.53
1.20881 3108.09
1.21495 3101.43
1.22108 3106.98
1.2272 3099.31
1.23334 3096.41
1.23949 3082.83
1.24562 3096.15
1.25174 3077.37
1.25789 3076.03
1.26402 3074.96
1.27014 3066.94
1.27628 3061.5
1.28244 3069.38
1.28858 3060.12
1.29471 3053.88
1.30084 3039.45
1.30697 3045.48
1.31312 3020.72
1.31925 3025.46
1.32537 3027.64
1.33151 3010.16
1.33765 3013.77
1.34378 3009.25
1.34992 3001.17
1.35606 2994.66
1.3622 3000.58
1.36833 2989.66
1.37445 2988.2
1.38059 2979.34
1.38675 2975.04
1.39288 2963.72
1.39901 2965.63
1.40515 2967.03
1.4113 2962.01
1.41742 2953.89
1.42355 2954.6
1.4297 2939.87
1.43585 2933.12
1.44198 2939.79
1.44809 2930.99
1.45423 2928.36
1.46036 2909.97
1.46649 2909.21
1.47263 2921.72
1.47877 2908.97
1.48491 2909.04
1.49104 2897.77
1.49718 2890.91
1.50333 2893.8
1.50947 2887.91
1.5156 2883.26
1.52172 2877.66
1.52787 2875.88
1.534 2860.13
1.54013 2861.09
1.54627 2861.29
1.55241 2859.88
1.55855 2861.27
1.56467 2845.85
1.5708 2836.62
