0.00783031 1.18924
0.013688 3.52285
0.019231 0.363176
0.0249154 2.21735
0.0312784 1.55301
0.0375637 2.06951
0.0433917 1.45686
0.0492413 3.51481
0.0555754 3.98401
0.0619321 6.77353
0.067871 6.98009
0.0738098 6.32274
0.0800417 7.74014
0.0862327 9.21804
0.0921407 9.45843
0.0982031 10.691
0.104506 11.8656
0.110769 13.1051
0.116806 13.5173
0.122832 15.9689
0.129052 16.9097
0.135211 16.4648
0.141259 18.3572
0.147318 19.5643
0.153489 20.61
0.159709 20.4358
0.165845 23.1848
0.171974 22.5143
0.178125 24.4271
0.184229 26.3414
0.19034 26.3657
0.196428 26.2709
0.202534 27.1766
0.208729 28.7373
0.214876 28.8053
0.220989 29.0865
0.227147 29.5963
0.23329 30.4016
0.239377 31.1738
0.245482 32.2451
0.251667 33.5914
0.257832 32.7194
0.263955 34.675
0.270079 33.7088
0.27624 33.249
0.282372 35.5864
0.28843 34.6836
0.294538 35.6907
0.300721 36.2349
0.30691 35.8891
0.313033 36.4892
0.319153 35.8187
0.325316 36.4594
0.33145 36.524
0.337538 36.7983
0.343633 36.9984
0.349808 35.4451
0.355968 37.8401
0.362074 37.3839
0.368217 36.3051
0.374374 36.6247
0.380519 37.5278
0.386598 36.1252
0.392688 35.8448
0.39888 36.1516
0.405048 35.839
0.411186 34.9225
0.417313 35.0471
0.423458 35.2784
0.429607 34.1954
0.435692 34.9744
0.441815 33.9763
0.447964 33.5618
0.454126 33.7084
0.460267 32.8499
0.466387 33.2284
0.47254 33.297
0.478662 32.4312
0.484765 31.9106
0.490885 31.6228
0.497035 29.9755
0.503198 31.0069
0.509342 29.333
0.515458 28.7754
0.521598 29.1144
0.527764 28.978
0.533884 27.5913
0.54 27.8338
0.546137 27.228
0.552299 26.8256
0.558452 26.7055
0.564573 25.7225
0.570708 25.1159
0.576825 24.4754
0.582926 24.2883
0.589034 23.7329
0.595184 23.1646
0.601379 22.5681
0.607522 22.4832
0.613639 22.1389
0.619772 22.1371
0.625918 21.129
0.632068 20.9971
0.638161 20.7451
0.6443 20.1642
0.650464 19.631
0.656582 19.7534
0.662703 19.2004
0.668861 18.6989
0.675024 18.8216
0.681124 18.4985
0.687237 18.0319
0.693381 17.7499
0.699536 17.6646
0.705665 17.2933
0.711789 16.8832
0.717957 16.7908
0.72409 16.6176
0.730186 16.4548
0.736317 16.1524
0.742472 15.7446
0.748622 15.1603
0.75476 15.7793
0.760888 15.432
0.767043 15.3397
0.773185 14.9043
0.779291 14.859
0.785407 14.8684
0.791564 14.7573
0.797719 14.296
0.803834 14.2759
0.809972 14.647
0.816124 14.4043
0.822261 14.0759
0.828378 14.0418
0.834502 14.0159
0.840667 13.9198
0.846816 13.7826
0.852925 13.7398
0.859047 13.5783
0.865192 13.3786
0.871341 13.6453
0.877463 13.6201
0.883569 13.447
0.889708 13.2469
0.895864 13.6786
0.902008 13.8217
0.908149 13.7797
0.914301 13.6884
0.920448 13.5565
0.926574 13.3557
0.932687 13.4065
0.938823 13.2106
0.944975 12.9888
0.951105 13.498
0.957225 13.2625
0.963368 13.7035
0.969511 13.2003
0.975621 13.3674
0.981748 13.1516
0.987916 13.3185
0.99406 13.2462
1.00019 12.8646
1.00632 13.3146
1.01246 13.3764
1.01859 12.9314
1.02471 13.3814
1.03085 13.3202
1.03698 13.3908
1.04314 13.1328
1.04929 13.2539
1.05541 12.9827
1.06154 13.0739
1.06769 13.132
1.07382 12.9823
1.07993 12.9516
1.08607 13.2391
1.09222 12.9056
1.09836 12.5912
1.10449 12.8128
1.11063 13.1513
1.11677 13.215
1.1229 13.3598
1.12903 12.8271
1.13518 12.8469
1.14131 12.8968
1.14745 12.9783
1.15359 12.2146
1.15973 12.8784
1.16584 12.7456
1.17197 13.0372
1.17811 12.7045
1.18424 12.8385
1.19038 12.7254
1.19652 12.5215
1.20267 12.4991
1.20881 12.4304
1.21495 12.9951
1.22108 12.7186
1.2272 12.5868
1.23334 12.3572
1.23949 12.6951
1.24562 12.4507
1.25174 12.4982
1.25789 12.6154
1.26402 12.5154
1.27014 12.3722
1.27628 12.5458
1.28244 12.5524
1.28858 12.1772
1.29471 12.2673
1.30084 12.3267
1.30697 12.4201
1.31312 12.4019
1.31925 12.2643
1.32537 12.1262
1.33151 12.3459
1.33765 12.1359
1.34378 12.2367
1.34992 12.2324
1.35606 12.2974
1.3622 12.027
1.36833 11.9998
1.37445 12.238
1.38059 12.1405
1.38675 12.0098
1.39288 12.0227
1.39901 12.0488
1.40515 11.7386
1.4113 11.7408
1.41742 12.1106
1.42355 11.6634
1.4297 11.7015
1.43585 11.6155
1.44198 11.6912
1.44809 11.6933
1.45423 11.5491
1.46036 11.7248
1.46649 11.6212
1.47263 11.705
1.47877 11.635
1.48491 11.6293
1.49104 11.4576
1.49718 11.4741
1.50333 11.6016
1.50947 11.4511
1.5156 11.3642
1.52172 11.0779
1.52787 11.115
1.534 11.1918
1.54013 11.2697
1.54627 10.9973
1.55241 10.8729
1.55855 11.1801
1.56467 11.1237
1.5708 10.9151
