0.00783031 -1331.57
0.013688 2905.14
0.019231 -2800.92
0.0249154 376.592
0.0312784 -28.2037
0.0375637 1037.46
0.0433917 -11.5856
0.0492413 -238.165
0.0555754 997.967
0.0619321 567.223
0.067871 658.754
0.0738098 715.61
0.0800417 548.093
0.0862327 677.75
0.0921407 874.967
0.0982031 512.601
0.104506 807.547
0.110769 993.374
0.116806 810.136
0.122832 873.7
0.129052 936.862
0.135211 919.085
0.141259 1008.81
0.147318 982.478
0.153489 975.117
0.159709 967.257
0.165845 1155.67
0.171974 1015.37
0.178125 1130.56
0.184229 1078.87
0.19034 1176.11
0.196428 1159.5
0.202534 1214.66
0.208729 1142.41
0.214876 1155.57
0.220989 1136.31
0.227147 1153.27
0.23329 1192.35
0.239377 1225.25
0.245482 1152.07
0.251667 1205.63
0.257832 1191.09
0.263955 1138
0.270079 1171.69
0.27624 1178.09
0.282372 1175.15
0.28843 1208.59
0.294538 1167.82
0.300721 1167.65
0.30691 1162.78
0.313033 1166.99
0.319153 1137.8
0.325316 1178.15
0.33145 1138.38
0.337538 1152.43
0.343633 1154.34
0.349808 1143.69
0.355968 1136.68
0.362074 1147.15
0.368217 1134.78
0.374374 1154.82
0.380519 1133.74
0.386598 1139.79
0.392688 1141.62
0.39888 1124.18
0.405048 1128.67
0.411186 1114.73
0.417313 1116.15
0.423458 1126.65
0.429607 1118.65
0.435692 1103.78
0.441815 1131.35
0.447964 1108.46
0.454126 1098.8
0.460267 1100.42
0.466387 1084.8
0.47254 1092.93
0.478662 1082.36
0.484765 1092.56
0.490885 1081.3
0.497035 1070.85
0.503198 1072.38
0.509342 1060.77
0.515458 1059.82
0.521598 1051.22
0.527764 1055.02
0.533884 1055.63
0.54 1056.05
0.546137 1047.33
0.552299 1038.37
0.558452 1026.77
0.564573 1024.47
0.570708 1028.6
0.576825 1030.76
0.582926 1029.41
0.589034 1012.85
0.595184 1012.82
0.601379 994.758
0.607522 1000.07
0.613639 1002.57
0.619772 987.128
0.625918 972.375
0.632068 975.622
0.638161 971.958
0.6443 968.131
0.650464 966.101
0.656582 964.243
0.662703 953.4
0.668861 952.24
0.675024 957.566
0.681124 948.731
0.687237 946.092
0.693381 945.664
0.699536 933.963
0.705665 932.014
0.711789 922.264
0.717957 922.939
0.72409 920.847
0.730186 915.278
0.736317 906.509
0.742472 904.717
0.748622 894.095
0.75476 897.276
0.760888 887.997
0.767043 884.894
0.773185 881.198
0.779291 876.305
0.785407 869.316
0.791564 866.388
0.797719 865.869
0.803834 863.138
0.809972 859.053
0.816124 856.011
0.822261 851.234
0.828378 837.977
0.834502 837.305
0.840667 838.091
0.846816 827.71
0.852925 824.342
0.859047 814.353
0.865192 817.384
0.871341 810.801
0.877463 809.865
0.883569 808.139
0.889708 798.066
0.895864 794.134
0.902008 794.085
0.908149 786.426
0.914301 784.173
0.920448 778.91
0.926574 774.151
0.932687 770.828
0.938823 763.439
0.944975 762.139
0.951105 761.872
0.957225 758.579
0.963368 751.036
0.969511 750.1
0.975621 740.453
0.981748 739.605
0.987916 733.036
0.99406 731.946
1.00019 725.145
1.00632 723.197
1.01246 718.581
1.01859 718.741
1.02471 712.759
1.03085 708.409
1.03698 700.554
1.04314 703.028
1.04929 696.235
1.05541 691.748
1.06154 687.219
1.06769 680.751
1.07382 676.92
1.07993 673.722
1.08607 671.707
1.09222 668.684
1.09836 664.196
1.10449 662.743
1.11063 655.564
1.11677 655.447
1.1229 650.308
1.12903 647.093
1.13518 646.856
1.14131 638.515
1.14745 633.79
1.15359 632.83
1.15973 628.584
1.16584 623.864
1.17197 619.887
1.17811 617.503
1.18424 613.763
1.19038 611.16
1.19652 606.552
1.20267 603.492
1.20881 599.89
1.21495 594.924
1.22108 593.312
1.2272 590.337
1.23334 583.992
1.23949 585
1.24562 578.149
1.25174 574.777
1.25789 570.951
1.26402 569.863
1.27014 563.625
1.27628 561.235
1.28244 557.078
1.28858 556.946
1.29471 552.332
1.30084 547.322
1.30697 546.616
1.31312 540.698
1.31925 538.874
1.32537 534.103
1.33151 531.02
1.33765 528.699
1.34378 522.768
1.34992 522.769
1.35606 517.981
1.3622 513.984
1.36833 512.856
1.37445 508.798
1.38059 505.78
1.38675 503.814
1.39288 502.384
1.39901 497.31
1.40515 493.926
1.4113 491.15
1.41742 488.627
1.42355 486.021
1.4297 480.54
1.43585 480.775
1.44198 476.901
1.44809 473.367
1.45423 468.921
1.46036 466.357
1.46649 465.605
1.47263 461.848
1.47877 459.056
1.48491 455.328
1.49104 452.348
1.49718 452.785
1.50333 447.354
1.50947 444.973
1.5156 441.895
1.52172 441.326
1.52787 438.042
1.534 435.233
1.54013 430.721
1.54627 427.505
1.55241 423.443
1.55855 422.935
1.56467 422.604
1.5708 418.804
