0.00783031 4403.93
0.013688 5399.17
0.019231 4643.74
0.0249154 5400.63
0.0312784 5668.93
0.0375637 5160.97
0.0433917 4357.07
0.0492413 4336.96
0.0555754 4250.19
0.0619321 3714.17
0.067871 3593.19
0.0738098 3369.74
0.0800417 3089.02
0.0862327 3072.44
0.0921407 2842.75
0.0982031 2513.6
0.104506 2546.07
0.110769 2392.65
0.116806 2246.39
0.122832 2175.26
0.129052 2011.37
0.135211 2036.12
0.141259 1895.66
0.147318 1845.37
0.153489 1789.27
0.159709 1647.17
0.165845 1595.99
0.171974 1548.88
0.178125 1396.42
0.184229 1350.19
0.19034 1296.18
0.196428 1271.58
0.202534 1209.93
0.208729 1208.29
0.214876 1175.56
0.220989 1076.16
0.227147 1028.36
0.23329 1033.04
0.239377 972.158
0.245482 977.565
0.251667 918.279
0.257832 880.591
0.263955 871.486
0.270079 823.295
0.27624 790.78
0.282372 777.372
0.28843 745.456
0.294538 737.109
0.300721 715.634
0.30691 681.119
0.313033 663.644
0.319153 647.268
0.325316 622.108
0.33145 614.075
0.337538 610.309
0.343633 569.961
0.349808 549.961
0.355968 551.1
0.362074 523.898
0.368217 506.555
0.374374 508.267
0.380519 500.036
0.386598 477.999
0.392688 465.977
0.39888 458.799
0.405048 444.896
0.411186 436.891
0.417313 424.641
0.423458 428.613
0.429607 413.568
0.435692 388.995
0.441815 382.991
0.447964 377.765
0.454126 379.492
0.460267 357.927
0.466387 348.616
0.47254 346.895
0.478662 329.483
0.484765 330.267
0.490885 316.364
0.497035 310.177
0.503198 305.033
0.509342 297.835
0.515458 287.916
0.521598 280.185
0.527764 282.316
0.533884 268.845
0.54 260.644
0.546137 261.092
0.552299 253.969
0.558452 246.556
0.564573 236.064
0.570708 236.332
0.576825 226.177
0.582926 219.681
0.589034 213.591
0.595184 214.686
0.601379 205.735
0.607522 205.871
0.613639 195.494
0.619772 192.585
0.625918 185.179
0.632068 186.429
0.638161 179.252
0.6443 168.636
0.650464 173.515
0.656582 168.867
0.662703 161.611
0.668861 154.927
0.675024 150.112
0.681124 151.291
0.687237 145.361
0.693381 140.805
0.699536 137.532
0.705665 134.359
0.711789 129.817
0.717957 131.102
0.72409 125.389
0.730186 123.518
0.736317 121.499
0.742472 114.534
0.748622 111.219
0.75476 107.508
0.760888 106.041
0.767043 102.37
0.773185 98.6992
0.779291 95.9816
0.785407 94.1595
0.791564 93.5046
0.797719 88.1445
0.803834 85.8784
0.809972 81.9484
0.816124 84.8218
0.822261 78.9027
0.828378 73.3253
0.834502 73.8667
0.840667 69.4395
0.846816 64.3512
0.852925 65.7543
0.859047 63.5314
0.865192 61.9073
0.871341 56.7148
0.877463 53.7545
0.883569 55.5309
0.889708 52.6435
0.895864 48.4428
0.902008 48.0423
0.908149 46.0001
0.914301 43.6023
0.920448 39.6878
0.926574 37.5635
0.932687 39.3508
0.938823 31.9208
0.944975 32.8984
0.951105 29.4386
0.957225 29.5378
0.963368 26.5525
0.969511 27.2643
0.975621 23.5388
0.981748 19.848
0.987916 20.2798
0.99406 19.063
1.00019 20.966
1.00632 16.4477
1.01246 15.3068
1.01859 11.8913
1.02471 11.0907
1.03085 10.2446
1.03698 10.0679
1.04314 9.87777
1.04929 5.95717
1.05541 3.6926
1.06154 1.56802
1.06769 0.731645
1.07382 -0.0430233
1.07993 1.02976
1.08607 -1.96896
1.09222 -2.08974
1.09836 -6.43166
1.10449 -5.51209
1.11063 -7.75814
1.11677 -4.8943
1.1229 -9.49444
1.12903 -8.38435
1.13518 -11.4577
1.14131 -13.0754
1.14745 -15.0266
1.15359 -15.8392
1.15973 -16.6688
1.16584 -14.2164
1.17197 -16.2412
1.17811 -18.0048
1.18424 -18.4201
1.19038 -19.941
1.19652 -21.7311
1.20267 -20.6404
1.20881 -22.3874
1.21495 -21.9058
1.22108 -26.4804
1.2272 -25.2519
1.23334 -25.0833
1.23949 -26.9295
1.24562 -26.8906
1.25174 -29.3077
1.25789 -28.9412
1.26402 -30.0162
1.27014 -28.9881
1.27628 -30.3671
1.28244 -30.7626
1.28858 -31.9197
1.29471 -33.6023
1.30084 -33.3242
1.30697 -33.8996
1.31312 -34.7623
1.31925 -34.3674
1.32537 -36.7639
1.33151 -36.6504
1.33765 -35.7045
1.34378 -36.6701
1.34992 -36.7358
1.35606 -36.9709
1.3622 -38.6105
1.36833 -40.5268
1.37445 -39.541
1.38059 -39.8473
1.38675 -41.2383
1.39288 -41.5673
1.39901 -42.187
1.40515 -40.6207
1.4113 -41.9488
1.41742 -43.066
1.42355 -44.4416
1.4297 -43.291
1.43585 -45.5358
1.44198 -43.5649
1.44809 -45.5146
1.45423 -44.9231
1.46036 -45.7981
1.46649 -45.4954
1.47263 -46.6599
1.47877 -47.3084
1.48491 -45.925
1.49104 -46.37
1.49718 -47.7476
1.50333 -48.3136
1.50947 -48.6288
1.5156 -48.3368
1.52172 -47.3596
1.52787 -48.9723
1.534 -49.9311
1.54013 -48.7529
1.54627 -50.9883
1.55241 -50.5191
1.55855 -50.0613
1.56467 -50.5803
1.5708 -49.4133
