0.00783031 19.5448
0.013688 18.532
0.019231 -6.82644
0.0249154 -2.55168
0.0312784 5.11278
0.0375637 2.46496
0.0433917 5.77072
0.0492413 4.61192
0.0555754 4.94589
0.0619321 4.23208
0.067871 5.78754
0.0738098 8.54416
0.0800417 12.3081
0.0862327 9.25433
0.0921407 12.5529
0.0982031 15.0889
0.104506 15.8139
0.110769 16.2534
0.116806 16.9611
0.122832 18.1392
0.129052 16.5277
0.135211 19.4978
0.141259 19.5052
0.147318 22.7745
0.153489 22.0501
0.159709 24.5976
0.165845 24.8846
0.171974 24.075
0.178125 27.4347
0.184229 26.9969
0.19034 27.7027
0.196428 29.851
0.202534 30.8067
0.208729 30.1411
0.214876 31.2972
0.220989 32.0709
0.227147 32.6356
0.23329 34.8189
0.239377 35.8471
0.245482 35.7131
0.251667 36.5357
0.257832 36.7687
0.263955 37.6449
0.270079 38.6701
0.27624 38.288
0.282372 40.9913
0.28843 40.6481
0.294538 41.6059
0.300721 42.0468
0.30691 43.0142
0.313033 42.9777
0.319153 44.3194
0.325316 44.2978
0.33145 44.0495
0.337538 44.8666
0.343633 46.1234
0.349808 45.8144
0.355968 46.9374
0.362074 46.8778
0.368217 47.8762
0.374374 47.9067
0.380519 49.076
0.386598 49.8037
0.392688 49.5378
0.39888 50.0884
0.405048 50.6387
0.411186 50.682
0.417313 50.6886
0.423458 51.4758
0.429607 51.5149
0.435692 51.0376
0.441815 52.0799
0.447964 52.5039
0.454126 52.4982
0.460267 53.3112
0.466387 54.2999
0.47254 53.856
0.478662 53.4527
0.484765 54.7374
0.490885 54.5973
0.497035 55.4679
0.503198 54.6832
0.509342 55.7331
0.515458 56.1087
0.521598 55.8681
0.527764 56.0109
0.533884 56.7989
0.54 57.1508
0.546137 57.1064
0.552299 55.7714
0.558452 57.5346
0.564573 56.2468
0.570708 56.5074
0.576825 57.3079
0.582926 57.6643
0.589034 56.9157
0.595184 57.3967
0.601379 57.8783
0.607522 58.017
0.613639 58.2246
0.619772 57.6957
0.625918 59.0504
0.632068 58.0059
0.638161 57.4528
0.6443 58.3878
0.650464 58.2136
0.656582 58.1709
0.662703 58.7816
0.668861 57.9679
0.675024 58.1617
0.681124 57.8581
0.687237 57.9919
0.693381 57.8038
0.699536 58.2022
0.705665 57.7806
0.711789 57.8519
0.717957 57.9355
0.72409 57.7607
0.730186 58.5483
0.736317 57.5935
0.742472 58.022
0.748622 57.7901
0.75476 58.1859
0.760888 57.9397
0.767043 57.1178
0.773185 57.3927
0.779291 57.1597
0.785407 57.1544
0.791564 56.9219
0.797719 56.9366
0.803834 56.9497
0.809972 56.3926
0.816124 56.4033
0.822261 55.8435
0.828378 56.0808
0.834502 56.1237
0.840667 55.867
0.846816 55.7178
0.852925 55.4443
0.859047 54.8569
0.865192 55.2663
0.871341 54.414
0.877463 54.4935
0.883569 53.9625
0.889708 53.8633
0.895864 53.4226
0.902008 53.6081
0.908149 52.9323
0.914301 53.2545
0.920448 52.4754
0.926574 52.8705
0.932687 52.7359
0.938823 52.0651
0.944975 51.8271
0.951105 51.6795
0.957225 51.1995
0.963368 51.2674
0.969511 51.1077
0.975621 50.678
0.981748 50.8438
0.987916 49.8056
0.99406 50.1813
1.00019 49.5303
1.00632 49.0071
1.01246 48.7841
1.01859 49.0963
1.02471 48.7987
1.03085 47.6901
1.03698 47.5774
1.04314 47.2915
1.04929 46.9743
1.05541 46.7977
1.06154 46.766
1.06769 46.561
1.07382 45.9277
1.07993 45.4208
1.08607 45.6161
1.09222 45.9385
1.09836 44.8802
1.10449 44.9423
1.11063 44.5976
1.11677 44.0549
1.1229 43.7775
1.12903 44.1139
1.13518 43.6202
1.14131 42.7529
1.14745 42.6783
1.15359 42.7833
1.15973 42.5537
1.16584 42.1292
1.17197 41.9247
1.17811 41.3261
1.18424 40.9845
1.19038 40.7116
1.19652 40.6141
1.20267 40.2824
1.20881 39.9141
1.21495 39.6184
1.22108 39.7145
1.2272 39.3124
1.23334 39.3653
1.23949 38.8712
1.24562 38.9373
1.25174 38.4261
1.25789 38.0682
1.26402 37.9214
1.27014 37.9471
1.27628 37.1293
1.28244 37.0555
1.28858 37.2389
1.29471 36.8312
1.30084 36.4149
1.30697 36.4266
1.31312 36.3747
1.31925 35.9351
1.32537 35.3872
1.33151 35.5611
1.33765 35.2181
1.34378 34.6868
1.34992 34.6654
1.35606 34.5828
1.3622 34.0451
1.36833 33.9112
1.37445 33.792
1.38059 33.8887
1.38675 33.5614
1.39288 33.4235
1.39901 33.1028
1.40515 32.6449
1.4113 32.7917
1.41742 32.4317
1.42355 32.0179
1.4297 32.0754
1.43585 32.097
1.44198 31.5114
1.44809 31.4155
1.45423 31.2003
1.46036 31.2853
1.46649 30.7878
1.47263 30.8047
1.47877 30.4068
1.48491 30.3888
1.49104 30.2018
1.49718 30.3042
1.50333 29.8076
1.50947 29.5863
1.5156 29.5299
1.52172 29.2261
1.52787 28.8637
1.534 29.0728
1.54013 28.7931
1.54627 28.4891
1.55241 28.6336
1.55855 28.6139
1.56467 28.2666
1.5708 28.1821
