0.00783031 5.17201
0.013688 -7.92665
0.019231 12.7165
0.0249154 -7.67184
0.0312784 7.45502
0.0375637 6.0169
0.0433917 3.14457
0.0492413 4.62572
0.0555754 8.83952
0.0619321 5.98495
0.067871 5.23488
0.0738098 3.81324
0.0800417 -5.96288
0.0862327 1.21432
0.0921407 -2.46077
0.0982031 -3.47023
0.104506 2.53471
0.110769 -1.49882
0.116806 0.21777
0.122832 -1.57523
0.129052 2.39673
0.135211 3.34714
0.141259 1.54116
0.147318 -1.00033
0.153489 2.06245
0.159709 1.35594
0.165845 -0.141352
0.171974 -2.1876
0.178125 -3.07924
0.184229 2.69055
0.19034 -1.79254
0.196428 -2.64644
0.202534 -3.50035
0.208729 -3.32566
0.214876 -1.11686
0.220989 -1.98983
0.227147 3.81027
0.23329 -0.352441
0.239377 -1.1433
0.245482 -1.66823
0.251667 -2.12268
0.257832 -4.48476
0.263955 -0.342735
0.270079 -3.16832
0.27624 -0.919557
0.282372 -3.97794
0.28843 -2.56821
0.294538 -5.67362
0.300721 -5.49493
0.30691 -4.62854
0.313033 -5.18933
0.319153 -1.40734
0.325316 -6.18083
0.33145 -4.54223
0.337538 -5.10905
0.343633 -7.30884
0.349808 -4.92002
0.355968 -6.32424
0.362074 -8.01245
0.368217 -6.89129
0.374374 -9.12632
0.380519 -7.47197
0.386598 -6.2552
0.392688 -8.02788
0.39888 -5.43193
0.405048 -8.1363
0.411186 -9.01434
0.417313 -9.04288
0.423458 -8.81319
0.429607 -7.62435
0.435692 -8.03275
0.441815 -7.60736
0.447964 -11.6747
0.454126 -11.7177
0.460267 -7.81526
0.466387 -9.96085
0.47254 -11.0656
0.478662 -13.9183
0.484765 -11.5708
0.490885 -11.808
0.497035 -10.3693
0.503198 -10.8575
0.509342 -10.3992
0.515458 -11.3447
0.521598 -11.77
0.527764 -11.7765
0.533884 -12.3398
0.54 -13.364
0.546137 -12.6386
0.552299 -13.9586
0.558452 -13.7852
0.564573 -14.915
0.570708 -15.1401
0.576825 -14.3943
0.582926 -15.1004
0.589034 -16.2806
0.595184 -14.9762
0.601379 -15.2307
0.607522 -15.4311
0.613639 -14.7319
0.619772 -14.4717
0.625918 -15.6077
0.632068 -17.462
0.638161 -17.1833
0.6443 -16.4278
0.650464 -21.206
0.656582 -18.5479
0.662703 -19.4309
0.668861 -18.8433
0.675024 -17.7063
0.681124 -17.6274
0.687237 -20.1529
0.693381 -18.9866
0.699536 -22.161
0.705665 -21.8923
0.711789 -21.8751
0.717957 -19.974
0.72409 -19.5989
0.730186 -20.0806
0.736317 -20.0604
0.742472 -20.5091
0.748622 -22.1799
0.75476 -22.6979
0.760888 -22.3343
0.767043 -22.2569
0.773185 -23.2755
0.779291 -24.1421
0.785407 -22.3463
0.791564 -22.7365
0.797719 -22.2019
0.803834 -24.6945
0.809972 -24.0263
0.816124 -25.3881
0.822261 -23.3193
0.828378 -26.0526
0.834502 -25.6912
0.840667 -25.7934
0.846816 -24.7579
0.852925 -27.5404
0.859047 -26.0881
0.865192 -26.4019
0.871341 -26.3415
0.877463 -24.4689
0.883569 -25.389
0.889708 -24.6342
0.895864 -23.9284
0.902008 -27.6929
0.908149 -27.9913
0.914301 -27.2938
0.920448 -25.4654
0.926574 -28.2087
0.932687 -28.4205
0.938823 -26.9783
0.944975 -28.7383
0.951105 -27.7542
0.957225 -28.9003
0.963368 -27.1432
0.969511 -27.9741
0.975621 -27.6273
0.981748 -29.173
0.987916 -30.0869
0.99406 -28.5695
1.00019 -28.4862
1.00632 -29.4001
1.01246 -29.4564
1.01859 -29.9824
1.02471 -29.4225
1.03085 -30.8662
1.03698 -29.7089
1.04314 -31.5919
1.04929 -30.6938
1.05541 -29.3272
1.06154 -30.3681
1.06769 -30.653
1.07382 -32.0398
1.07993 -31.5058
1.08607 -31.2826
1.09222 -30.2667
1.09836 -32.189
1.10449 -30.9738
1.11063 -31.6662
1.11677 -32.6624
1.1229 -33.2957
1.12903 -32.9296
1.13518 -32.2938
1.14131 -33.1319
1.14745 -33.6482
1.15359 -34.8254
1.15973 -33.9405
1.16584 -33.552
1.17197 -33.7213
1.17811 -33.146
1.18424 -32.7412
1.19038 -33.8858
1.19652 -34.675
1.20267 -34.3091
1.20881 -34.4138
1.21495 -34.9149
1.22108 -34.934
1.2272 -35.7951
1.23334 -34.0693
1.23949 -35.5973
1.24562 -36.0824
1.25174 -35.7313
1.25789 -35.228
1.26402 -35.712
1.27014 -37.2962
1.27628 -36.9817
1.28244 -36.1087
1.28858 -35.4634
1.29471 -35.7512
1.30084 -36.9709
1.30697 -36.9289
1.31312 -36.6862
1.31925 -36.9769
1.32537 -37.9893
1.33151 -37.5291
1.33765 -38.1849
1.34378 -37.8011
1.34992 -37.1856
1.35606 -38.4408
1.3622 -38.7237
1.36833 -37.8065
1.37445 -38.2885
1.38059 -38.5889
1.38675 -38.299
1.39288 -38.5819
1.39901 -38.5628
1.40515 -37.6326
1.4113 -37.9797
1.41742 -38.8487
1.42355 -38.283
1.4297 -38.4304
1.43585 -38.7407
1.44198 -39.2652
1.44809 -39.2796
1.45423 -39.6052
1.46036 -39.5493
1.46649 -39.4187
1.47263 -40.3592
1.47877 -40.7925
1.48491 -40.9633
1.49104 -42.6333
1.49718 -40.0816
1.50333 -41.549
1.50947 -40.6561
1.5156 -41.0969
1.52172 -42.9308
1.52787 -42.5156
1.534 -42.0745
1.54013 -43.0043
1.54627 -40.999
1.55241 -42.7575
1.55855 -42.5836
1.56467 -43.2426
1.5708 -43.0682
