0.00783031 6554.71
0.013688 14205.2
0.019231 11835.5
0.0249154 9990.55
0.0312784 8414.94
0.0375637 9787.36
0.0433917 9377
0.0492413 8521.86
0.0555754 9607.17
0.0619321 8545.81
0.067871 8891.7
0.0738098 8765.8
0.0800417 8300.51
0.0862327 8018.77
0.0921407 8001.86
0.0982031 7974.03
0.104506 7648.74
0.110769 7957.94
0.116806 7466.19
0.122832 7388.32
0.129052 7350.22
0.135211 7226.91
0.141259 7136.38
0.147318 6990.06
0.153489 7067.33
0.159709 6576.32
0.165845 6723.83
0.171974 6316.01
0.178125 6463.37
0.184229 6356.28
0.19034 6096.38
0.196428 6274.04
0.202534 6211.64
0.208729 5935.72
0.214876 5924.07
0.220989 5862.64
0.227147 5879.8
0.23329 5680.06
0.239377 5707.57
0.245482 5682.23
0.251667 5592.05
0.257832 5511.34
0.263955 5400.09
0.270079 5434.57
0.27624 5366.44
0.282372 5229.65
0.28843 5209.44
0.294538 5184.86
0.300721 5206.81
0.30691 5036.55
0.313033 5040.2
0.319153 4967.94
0.325316 4964.15
0.33145 4899.16
0.337538 4798.7
0.343633 4848.54
0.349808 4797
0.355968 4758.38
0.362074 4761.24
0.368217 4725.81
0.374374 4662.83
0.380519 4646.74
0.386598 4592.98
0.392688 4615.19
0.39888 4533.32
0.405048 4487.69
0.411186 4488.7
0.417313 4465.01
0.423458 4443.19
0.429607 4404.43
0.435692 4385.45
0.441815 4392.9
0.447964 4329.29
0.454126 4304.47
0.460267 4271.11
0.466387 4275.56
0.47254 4284.55
0.478662 4228.39
0.484765 4213.97
0.490885 4189.31
0.497035 4177.04
0.503198 4155.95
0.509342 4124.29
0.515458 4107.98
0.521598 4075.14
0.527764 4079.38
0.533884 4069.48
0.54 4045.53
0.546137 4024.19
0.552299 3973.35
0.558452 3963.19
0.564573 3964.43
0.570708 3921.3
0.576825 3920.62
0.582926 3926.46
0.589034 3874.72
0.595184 3871.09
0.601379 3862.23
0.607522 3864.92
0.613639 3851.71
0.619772 3802.45
0.625918 3811.75
0.632068 3775.5
0.638161 3783.09
0.6443 3764.97
0.650464 3749.78
0.656582 3737.47
0.662703 3719.26
0.668861 3710.04
0.675024 3678.61
0.681124 3675.65
0.687237 3669.49
0.693381 3691.21
0.699536 3652.27
0.705665 3636.81
0.711789 3626.34
0.717957 3635.63
0.72409 3614.02
0.730186 3607.87
0.736317 3588.13
0.742472 3595.73
0.748622 3556.01
0.75476 3555.39
0.760888 3549.55
0.767043 3533.33
0.773185 3544.96
0.779291 3539.42
0.785407 3507.89
0.791564 3488.98
0.797719 3494.52
0.803834 3500.37
0.809972 3475.89
0.816124 3457.46
0.822261 3451.5
0.828378 3457.12
0.834502 3419.53
0.840667 3423.81
0.846816 3427.04
0.852925 3408.41
0.859047 3406.41
0.865192 3398.83
0.871341 3398.39
0.877463 3383.47
0.883569 3376.97
0.889708 3356.53
0.895864 3357.53
0.902008 3347.89
0.908149 3334.83
0.914301 3329.49
0.920448 3310.8
0.926574 3331.93
0.932687 3321.51
0.938823 3297.01
0.944975 3297.24
0.951105 3276.84
0.957225 3282.85
0.963368 3269.14
0.969511 3271.52
0.975621 3268.49
0.981748 3261.8
0.987916 3247.6
0.99406 3229.05
1.00019 3235.88
1.00632 3223
1.01246 3207.56
1.01859 3217.76
1.02471 3203.53
1.03085 3199.61
1.03698 3183.64
1.04314 3176.58
1.04929 3176.97
1.05541 3164.74
1.06154 3161.32
1.06769 3173.1
1.07382 3139.14
1.07993 3137.34
1.08607 3141.61
1.09222 3142.86
1.09836 3127.36
1.10449 3114.82
1.11063 3114.92
1.11677 3115.19
1.1229 3093.64
1.12903 3090.66
1.13518 3091.24
1.14131 3081.87
1.14745 3073.3
1.15359 3065.31
1.15973 3067.14
1.16584 3062.23
1.17197 3065.79
1.17811 3047.86
1.18424 3051.54
1.19038 3028.61
1.19652 3018.23
1.20267 3022.45
1.20881 3026.55
1.21495 3008.39
1.22108 3001.92
1.2272 3009.16
1.23334 2993.34
1.23949 2983.73
1.24562 2982.68
1.25174 2993.72
1.25789 2971.4
1.26402 2968.11
1.27014 2961.49
1.27628 2959
1.28244 2942.33
1.28858 2940.04
1.29471 2936.95
1.30084 2926.15
1.30697 2918.92
1.31312 2918.34
1.31925 2911.72
1.32537 2900.24
1.33151 2901.1
1.33765 2886.78
1.34378 2880.5
1.34992 2883.43
1.35606 2877.29
1.3622 2874.56
1.36833 2864.06
1.37445 2860.06
1.38059 2850.6
1.38675 2860.22
1.39288 2840.3
1.39901 2842.8
1.40515 2831.08
1.4113 2823.99
1.41742 2820.99
1.42355 2811.3
1.4297 2804.04
1.43585 2809.68
1.44198 2795.04
1.44809 2788.03
1.45423 2788.65
1.46036 2775.6
1.46649 2781.82
1.47263 2764.05
1.47877 2768.64
1.48491 2760.99
1.49104 2752.72
1.49718 2746.45
1.50333 2757.13
1.50947 2739.01
1.5156 2733.27
1.52172 2739.84
1.52787 2724.09
1.534 2719.82
1.54013 2709.97
1.54627 2707.27
1.55241 2702.75
1.55855 2697.06
1.56467 2695.87
1.5708 2684
