0.00783031 2830.19
0.013688 5814.15
0.019231 4592.75
0.0249154 3849.09
0.0312784 2913.31
0.0375637 3220.46
0.0433917 2963.14
0.0492413 2516.06
0.0555754 2734.55
0.0619321 2339.92
0.067871 2256.27
0.0738098 2193.76
0.0800417 2026.75
0.0862327 1877.73
0.0921407 1779.4
0.0982031 1783.08
0.104506 1578.3
0.110769 1587.82
0.116806 1517.91
0.122832 1416.48
0.129052 1392.96
0.135211 1359.29
0.141259 1293.15
0.147318 1233.94
0.153489 1192.7
0.159709 1146.41
0.165845 1109.71
0.171974 1042.69
0.178125 1030.76
0.184229 1007.86
0.19034 964.222
0.196428 957.748
0.202534 922.796
0.208729 881.997
0.214876 859.235
0.220989 839.731
0.227147 822.756
0.23329 794.53
0.239377 773.867
0.245482 748.74
0.251667 741.125
0.257832 730.462
0.263955 699.792
0.270079 681.253
0.27624 680.795
0.282372 659.889
0.28843 645.947
0.294538 638.81
0.300721 610.034
0.30691 600.907
0.313033 590.831
0.319153 587.521
0.325316 574.443
0.33145 559.335
0.337538 553.844
0.343633 538.418
0.349808 526.79
0.355968 521.212
0.362074 512.774
0.368217 510.273
0.374374 496.79
0.380519 486.003
0.386598 473.933
0.392688 470.844
0.39888 466.765
0.405048 454.926
0.411186 447.529
0.417313 443.552
0.423458 435.628
0.429607 431.238
0.435692 422.64
0.441815 415.653
0.447964 410.676
0.454126 398.796
0.460267 399.591
0.466387 392.838
0.47254 389.329
0.478662 385.457
0.484765 381.274
0.490885 371.503
0.497035 370.291
0.503198 363.767
0.509342 361.064
0.515458 356.681
0.521598 352.342
0.527764 348.797
0.533884 343.835
0.54 338.102
0.546137 334.379
0.552299 331.859
0.558452 327.158
0.564573 326.685
0.570708 320.868
0.576825 319.229
0.582926 315.863
0.589034 311.231
0.595184 308.064
0.601379 303.782
0.607522 301.805
0.613639 299.014
0.619772 294.721
0.625918 292.607
0.632068 287.496
0.638161 285.875
0.6443 284.512
0.650464 281.356
0.656582 278.601
0.662703 275.901
0.668861 274.57
0.675024 271.44
0.681124 268.615
0.687237 265.897
0.693381 263.367
0.699536 259.453
0.705665 260.866
0.711789 256.159
0.717957 254.665
0.72409 253.822
0.730186 251.011
0.736317 247.838
0.742472 245.405
0.748622 244.731
0.75476 242.843
0.760888 241
0.767043 240.282
0.773185 238.18
0.779291 235.137
0.785407 233.317
0.791564 232.506
0.797719 230.702
0.803834 228.173
0.809972 227.741
0.816124 226.847
0.822261 224.76
0.828378 221.736
0.834502 221.374
0.840667 219.289
0.846816 218.048
0.852925 215.658
0.859047 215.382
0.865192 214.419
0.871341 212.633
0.877463 212.024
0.883569 209.735
0.889708 208.807
0.895864 206.388
0.902008 205.268
0.908149 205.05
0.914301 203.421
0.920448 203.054
0.926574 200.827
0.932687 199.229
0.938823 198.175
0.944975 196.357
0.951105 196.528
0.957225 194.71
0.963368 194.168
0.969511 192.533
0.975621 192.571
0.981748 190.311
0.987916 190.33
0.99406 188.48
1.00019 186.959
1.00632 186.26
1.01246 185.147
1.01859 184.549
1.02471 183.469
1.03085 182.794
1.03698 181.578
1.04314 180.718
1.04929 179.235
1.05541 178.99
1.06154 178.544
1.06769 177.21
1.07382 176.515
1.07993 175.545
1.08607 175.626
1.09222 173.343
1.09836 173.32
1.10449 172.473
1.11063 172.101
1.11677 171.02
1.1229 170.658
1.12903 169.405
1.13518 168.867
1.14131 168.423
1.14745 167.082
1.15359 166.287
1.15973 166.004
1.16584 165.541
1.17197 164.207
1.17811 163.97
1.18424 162.969
1.19038 161.821
1.19652 161.745
1.20267 160.473
1.20881 160.081
1.21495 159.733
1.22108 158.888
1.2272 158.793
1.23334 158.198
1.23949 157.799
1.24562 157.02
1.25174 156.521
1.25789 155.566
1.26402 155.68
1.27014 154.717
1.27628 154.273
1.28244 153.796
1.28858 153.064
1.29471 152.161
1.30084 151.583
1.30697 151.264
1.31312 150.977
1.31925 150.577
1.32537 149.713
1.33151 149.626
1.33765 148.685
1.34378 148.629
1.34992 148.008
1.35606 147.15
1.3622 146.382
1.36833 146.055
1.37445 145.534
1.38059 145.195
1.38675 144.765
1.39288 144.072
1.39901 144.39
1.40515 143.859
1.4113 143.201
1.41742 142.565
1.42355 142.56
1.4297 141.998
1.43585 141.295
1.44198 140.61
1.44809 140.644
1.45423 140.186
1.46036 139.76
1.46649 139.312
1.47263 138.498
1.47877 138.471
1.48491 138.447
1.49104 137.932
1.49718 137.092
1.50333 137.026
1.50947 136.877
1.5156 135.684
1.52172 135.838
1.52787 135.702
1.534 135.195
1.54013 134.654
1.54627 134.454
1.55241 133.874
1.55855 133.492
1.56467 133.041
1.5708 132.712
