0.00783031 20417.3
0.013688 25203.8
0.019231 25776.7
0.0249154 23788.9
0.0312784 20548.7
0.0375637 17432
0.0433917 14888.4
0.0492413 13183.3
0.0555754 11892.5
0.0619321 11222.8
0.067871 10673.7
0.0738098 9937.21
0.0800417 8842.62
0.0862327 7713.56
0.0921407 7225.49
0.0982031 6612.02
0.104506 5924.47
0.110769 5477.34
0.116806 5316.87
0.122832 5043.69
0.129052 4620.66
0.135211 4361.75
0.141259 4150.73
0.147318 4004.9
0.153489 3840.57
0.159709 3542.22
0.165845 3337.53
0.171974 3208.48
0.178125 3064.74
0.184229 2947.73
0.19034 2875.61
0.196428 2699.7
0.202534 2619.07
0.208729 2528.22
0.214876 2409.08
0.220989 2286.83
0.227147 2245.49
0.23329 2204.68
0.239377 2097.77
0.245482 2035.01
0.251667 2030.77
0.257832 1924.95
0.263955 1861.69
0.270079 1806.88
0.27624 1767.42
0.282372 1711.79
0.28843 1683.5
0.294538 1620.37
0.300721 1575.69
0.30691 1566.49
0.313033 1495.28
0.319153 1480.4
0.325316 1422.67
0.33145 1430.7
0.337538 1391.16
0.343633 1334.15
0.349808 1308.63
0.355968 1296.98
0.362074 1264.63
0.368217 1237.41
0.374374 1202.69
0.380519 1182.97
0.386598 1146.51
0.392688 1131.95
0.39888 1105.91
0.405048 1093.46
0.411186 1064.36
0.417313 1036.32
0.423458 1024.2
0.429607 1005.82
0.435692 987.031
0.441815 969.277
0.447964 948.486
0.454126 942.264
0.460267 923.846
0.466387 906.957
0.47254 885.531
0.478662 875.16
0.484765 856.224
0.490885 843.875
0.497035 826.842
0.503198 821.467
0.509342 805.449
0.515458 794.52
0.521598 783.142
0.527764 765.62
0.533884 760.161
0.54 745.26
0.546137 736.033
0.552299 722.257
0.558452 704.863
0.564573 695.474
0.570708 686.758
0.576825 681.071
0.582926 668.169
0.589034 659.638
0.595184 652.593
0.601379 642
0.607522 639.353
0.613639 628.802
0.619772 616.411
0.625918 608.087
0.632068 593.888
0.638161 590.232
0.6443 581.251
0.650464 572.511
0.656582 565.982
0.662703 557.685
0.668861 549.382
0.675024 547.549
0.681124 542.651
0.687237 531.87
0.693381 524
0.699536 517.152
0.705665 511.721
0.711789 507.579
0.717957 496.32
0.72409 493.015
0.730186 486.308
0.736317 481.248
0.742472 473.636
0.748622 469.938
0.75476 464.251
0.760888 456.991
0.767043 453.894
0.773185 447.063
0.779291 442.299
0.785407 435.419
0.791564 434.294
0.797719 428.926
0.803834 424.034
0.809972 416.313
0.816124 412.178
0.822261 407.106
0.828378 402.535
0.834502 397.621
0.840667 391.95
0.846816 388.904
0.852925 384.408
0.859047 380.729
0.865192 373.845
0.871341 369.266
0.877463 367.013
0.883569 361.872
0.889708 359.194
0.895864 353.771
0.902008 349.426
0.908149 346.552
0.914301 342.413
0.920448 339.774
0.926574 335.593
0.932687 331.353
0.938823 327.524
0.944975 324.98
0.951105 321.101
0.957225 316.666
0.963368 315.136
0.969511 309.841
0.975621 306.363
0.981748 304.181
0.987916 300.998
0.99406 298.08
1.00019 294.045
1.00632 291.509
1.01246 288.237
1.01859 284.976
1.02471 281.329
1.03085 279.243
1.03698 276.226
1.04314 273.584
1.04929 269.779
1.05541 268.69
1.06154 265.297
1.06769 263.36
1.07382 260.242
1.07993 256.624
1.08607 254.419
1.09222 251.145
1.09836 250.185
1.10449 247.301
1.11063 244.382
1.11677 240.693
1.1229 239.595
1.12903 237.257
1.13518 234.577
1.14131 231.526
1.14745 230.455
1.15359 226.845
1.15973 224.315
1.16584 223.044
1.17197 221.508
1.17811 219.212
1.18424 216.681
1.19038 214.046
1.19652 212.803
1.20267 210.884
1.20881 207.994
1.21495 206.349
1.22108 204.281
1.2272 201.71
1.23334 200.844
1.23949 198.825
1.24562 196.773
1.25174 195.153
1.25789 192.94
1.26402 190.652
1.27014 189.534
1.27628 188.322
1.28244 185.872
1.28858 184.734
1.29471 182.544
1.30084 181.251
1.30697 178.685
1.31312 177.631
1.31925 175.392
1.32537 173.916
1.33151 172.172
1.33765 170.206
1.34378 169.412
1.34992 166.85
1.35606 165.96
1.3622 164.703
1.36833 163.105
1.37445 161.461
1.38059 160.389
1.38675 158.954
1.39288 157.304
1.39901 156.176
1.40515 154.708
1.4113 153.359
1.41742 151.746
1.42355 150.805
1.4297 148.899
1.43585 147.565
1.44198 145.841
1.44809 144.811
1.45423 143.945
1.46036 142.273
1.46649 141.314
1.47263 140.367
1.47877 138.918
1.48491 137.672
1.49104 136.144
1.49718 135.255
1.50333 133.944
1.50947 132.981
1.5156 131.299
1.52172 130.184
1.52787 129.181
1.534 128.152
1.54013 127.064
1.54627 125.989
1.55241 124.899
1.55855 124.109
1.56467 122.688
1.5708 121.603
