0.00783031 1412.2
0.013688 -437.365
0.019231 1507.86
0.0249154 293.248
0.0312784 -1025.99
0.0375637 -335.925
0.0433917 624.473
0.0492413 255.284
0.0555754 -456.291
0.0619321 419.661
0.067871 735.267
0.0738098 591.849
0.0800417 547.885
0.0862327 563.746
0.0921407 669.494
0.0982031 979.356
0.104506 943.275
0.110769 758.921
0.116806 711.929
0.122832 1039.2
0.129052 839.181
0.135211 895.308
0.141259 894.733
0.147318 962.974
0.153489 1008.31
0.159709 1088.62
0.165845 1022.52
0.171974 1076.11
0.178125 1063.78
0.184229 1095.3
0.19034 1077.93
0.196428 1075.55
0.202534 1074.76
0.208729 1083.75
0.214876 1079.42
0.220989 1053.07
0.227147 1110.36
0.23329 1123.1
0.239377 1059.35
0.245482 1093.18
0.251667 1143.77
0.257832 1089.39
0.263955 1090.68
0.270079 1078.76
0.27624 1095.14
0.282372 1080.74
0.28843 1090.65
0.294538 1077.27
0.300721 1073.53
0.30691 1086.01
0.313033 1059.95
0.319153 1065.37
0.325316 1046.34
0.33145 1068.24
0.337538 1054.3
0.343633 1047.37
0.349808 1032.45
0.355968 1043.48
0.362074 1031.84
0.368217 1029.41
0.374374 1016.81
0.380519 1013.83
0.386598 1000.53
0.392688 997.288
0.39888 984.665
0.405048 981.563
0.411186 966.743
0.417313 962.654
0.423458 956.003
0.429607 954.616
0.435692 941.001
0.441815 940.295
0.447964 928.482
0.454126 937.028
0.460267 923.332
0.466387 921.058
0.47254 903.983
0.478662 904.41
0.484765 894.209
0.490885 886.218
0.497035 874.888
0.503198 876.747
0.509342 864.632
0.515458 867.421
0.521598 857.206
0.527764 844.668
0.533884 849.21
0.54 835.887
0.546137 834.227
0.552299 819.604
0.558452 813.397
0.564573 804.843
0.570708 801.713
0.576825 801.613
0.582926 790.783
0.589034 785.958
0.595184 783.5
0.601379 772.127
0.607522 776.104
0.613639 764.861
0.619772 758.167
0.625918 755.45
0.632068 737.479
0.638161 733.771
0.6443 729.94
0.650464 725.587
0.656582 723.721
0.662703 710.471
0.668861 708.401
0.675024 707.631
0.681124 705.545
0.687237 694.419
0.693381 688.412
0.699536 682.746
0.705665 679.523
0.711789 674.908
0.717957 664.565
0.72409 664.353
0.730186 658.486
0.736317 654.174
0.742472 644.842
0.748622 643.641
0.75476 637.766
0.760888 629.325
0.767043 629.811
0.773185 621.091
0.779291 615.636
0.785407 608.977
0.791564 612.647
0.797719 604.712
0.803834 601.191
0.809972 591.467
0.816124 588.324
0.822261 584.506
0.828378 580.527
0.834502 574.96
0.840667 569.065
0.846816 566.165
0.852925 561.416
0.859047 558.309
0.865192 550.264
0.871341 544.555
0.877463 542.211
0.883569 535.91
0.889708 536.049
0.895864 528.853
0.902008 523.536
0.908149 522.419
0.914301 517.14
0.920448 512.882
0.926574 508.655
0.932687 503.574
0.938823 501.976
0.944975 497.057
0.951105 493.008
0.957225 489.243
0.963368 487.763
0.969511 478.625
0.975621 476.127
0.981748 473.331
0.987916 469.815
0.99406 466.586
1.00019 461.757
1.00632 458.377
1.01246 454.653
1.01859 450.735
1.02471 446.095
1.03085 444.615
1.03698 438.727
1.04314 436.403
1.04929 432.075
1.05541 430.372
1.06154 427.603
1.06769 424.533
1.07382 420.881
1.07993 416.158
1.08607 412.579
1.09222 409.736
1.09836 408.448
1.10449 404.271
1.11063 400.48
1.11677 395.241
1.1229 395.171
1.12903 391.047
1.13518 387.672
1.14131 383.716
1.14745 382.727
1.15359 376.633
1.15973 373.165
1.16584 372.4
1.17197 370.303
1.17811 366.913
1.18424 363.692
1.19038 360.714
1.19652 358.432
1.20267 356.45
1.20881 352.096
1.21495 350.721
1.22108 347.337
1.2272 343.879
1.23334 342.988
1.23949 340.586
1.24562 337.332
1.25174 334.678
1.25789 331.935
1.26402 327.986
1.27014 326.762
1.27628 325.999
1.28244 321.597
1.28858 320.214
1.29471 316.928
1.30084 315.371
1.30697 311.611
1.31312 310.518
1.31925 306.902
1.32537 305.417
1.33151 302.337
1.33765 299.475
1.34378 298.73
1.34992 294.451
1.35606 293.324
1.3622 291.428
1.36833 289.148
1.37445 286.802
1.38059 285.377
1.38675 283.116
1.39288 280.905
1.39901 279.251
1.40515 277.332
1.4113 275.288
1.41742 272.381
1.42355 271.271
1.4297 268.435
1.43585 266.339
1.44198 263.854
1.44809 261.62
1.45423 261.018
1.46036 258.419
1.46649 256.871
1.47263 255.189
1.47877 253.447
1.48491 251.464
1.49104 248.764
1.49718 247.757
1.50333 245.837
1.50947 244.235
1.5156 241.355
1.52172 239.389
1.52787 238.271
1.534 236.325
1.54013 234.562
1.54627 233.368
1.55241 231.504
1.55855 230.373
1.56467 227.981
1.5708 226.327
