0.00783031 -4.56559
0.013688 6.65289
0.019231 -13.5265
0.0249154 2.39816
0.0312784 5.07462
0.0375637 3.58815
0.0433917 3.44088
0.0492413 9.01656
0.0555754 6.40815
0.0619321 7.51053
0.067871 8.70668
0.0738098 7.46153
0.0800417 11.4709
0.0862327 10.5262
0.0921407 12.946
0.0982031 15.4993
0.104506 15.377
0.110769 14.9241
0.116806 15.6671
0.122832 17.7533
0.129052 18.3869
0.135211 17.0264
0.141259 20.1035
0.147318 19.4277
0.153489 22.6009
0.159709 23.7491
0.165845 23.5121
0.171974 25.5499
0.178125 25.5843
0.184229 28.0711
0.19034 28.0206
0.196428 28.7986
0.202534 29.1214
0.208729 31.0393
0.214876 31.1708
0.220989 31.4737
0.227147 33.4322
0.23329 33.1308
0.239377 35.0653
0.245482 35.4245
0.251667 36.6062
0.257832 36.8067
0.263955 38.5875
0.270079 38.0629
0.27624 39.3736
0.282372 39.4129
0.28843 39.9575
0.294538 40.9505
0.300721 41.0845
0.30691 42.3169
0.313033 43.7022
0.319153 42.8884
0.325316 44.1911
0.33145 44.5259
0.337538 45.3007
0.343633 45.4679
0.349808 45.5875
0.355968 46.6011
0.362074 46.7948
0.368217 46.2891
0.374374 48.2648
0.380519 49.3617
0.386598 48.3797
0.392688 49.2481
0.39888 50.5344
0.405048 50.4943
0.411186 50.3253
0.417313 50.6437
0.423458 51.283
0.429607 51.4015
0.435692 51.5865
0.441815 51.8708
0.447964 52.36
0.454126 53.137
0.460267 53.0297
0.466387 53.0416
0.47254 53.8324
0.478662 53.9001
0.484765 53.9573
0.490885 54.1518
0.497035 55.4731
0.503198 55.9719
0.509342 55.1443
0.515458 55.2624
0.521598 56.9572
0.527764 56.17
0.533884 55.4734
0.54 56.389
0.546137 56.3206
0.552299 56.9626
0.558452 56.9157
0.564573 57.4603
0.570708 57.34
0.576825 57.1702
0.582926 57.6174
0.589034 57.507
0.595184 57.594
0.601379 58.4276
0.607522 58.0401
0.613639 57.9303
0.619772 57.6907
0.625918 57.5968
0.632068 58.4148
0.638161 58.6177
0.6443 58.0011
0.650464 58.3024
0.656582 58.521
0.662703 58.7115
0.668861 58.3011
0.675024 58.4333
0.681124 58.2414
0.687237 58.7345
0.693381 58.7528
0.699536 58.2662
0.705665 58.9805
0.711789 57.8081
0.717957 58.3614
0.72409 57.7465
0.730186 57.5617
0.736317 57.7774
0.742472 58.2978
0.748622 58.4386
0.75476 57.2069
0.760888 58.2867
0.767043 57.6207
0.773185 56.7813
0.779291 57.6958
0.785407 57.4729
0.791564 56.8164
0.797719 56.8962
0.803834 56.6104
0.809972 56.5036
0.816124 56.5786
0.822261 56.4958
0.828378 55.0222
0.834502 55.6227
0.840667 55.8746
0.846816 55.2597
0.852925 55.0986
0.859047 55.1922
0.865192 54.381
0.871341 54.474
0.877463 55.0107
0.883569 54.4103
0.889708 54.104
0.895864 53.9192
0.902008 53.7055
0.908149 53.2178
0.914301 53.2527
0.920448 52.7056
0.926574 52.7236
0.932687 52.4278
0.938823 52.0763
0.944975 51.5807
0.951105 51.531
0.957225 51.2896
0.963368 51.8096
0.969511 51.1934
0.975621 50.0322
0.981748 49.8256
0.987916 49.609
0.99406 49.5478
1.00019 49.6536
1.00632 49.3861
1.01246 48.8239
1.01859 48.4932
1.02471 48.4727
1.03085 48.3267
1.03698 47.8077
1.04314 47.1356
1.04929 47.0876
1.05541 47.0452
1.06154 46.2672
1.06769 46.0617
1.07382 46.0188
1.07993 45.8946
1.08607 45.61
1.09222 45.6565
1.09836 44.6285
1.10449 45.0872
1.11063 44.7187
1.11677 44.3285
1.1229 43.9901
1.12903 43.7883
1.13518 43.6196
1.14131 43.157
1.14745 42.7441
1.15359 42.8728
1.15973 42.6161
1.16584 42.0037
1.17197 42.1473
1.17811 41.465
1.18424 41.5374
1.19038 40.9745
1.19652 40.4355
1.20267 40.8457
1.20881 40.0129
1.21495 39.9926
1.22108 39.6834
1.2272 39.4148
1.23334 39.323
1.23949 39.0845
1.24562 38.6235
1.25174 38.3035
1.25789 37.8647
1.26402 37.8273
1.27014 37.7623
1.27628 37.2528
1.28244 37.3651
1.28858 37.0919
1.29471 36.7317
1.30084 36.4957
1.30697 36.0453
1.31312 35.9166
1.31925 35.5365
1.32537 35.7118
1.33151 35.1558
1.33765 35.2828
1.34378 34.9069
1.34992 34.8072
1.35606 34.8007
1.3622 34.6492
1.36833 34.1961
1.37445 33.7818
1.38059 33.9586
1.38675 33.2291
1.39288 33.0646
1.39901 33.1726
1.40515 32.7463
1.4113 32.6956
1.41742 32.3803
1.42355 32.2635
1.4297 31.897
1.43585 32.0009
1.44198 31.3873
1.44809 31.1651
1.45423 30.8707
1.46036 31.1994
1.46649 30.922
1.47263 30.7941
1.47877 30.4891
1.48491 30.2014
1.49104 30.3403
1.49718 30.1162
1.50333 29.9758
1.50947 29.6127
1.5156 29.3612
1.52172 29.3141
1.52787 29.2221
1.534 28.9821
1.54013 28.6804
1.54627 28.667
1.55241 28.5436
1.55855 28.5261
1.56467 28.0287
1.5708 27.9549
