0.00783031 755.532
0.013688 -715.768
0.019231 988.444
0.0249154 -440.987
0.0312784 -438.738
0.0375637 -216.678
0.0433917 -214.664
0.0492413 -553.835
0.0555754 -243.806
0.0619321 -329.158
0.067871 -221.183
0.0738098 -225.327
0.0800417 -192.07
0.0862327 -243.173
0.0921407 -259.718
0.0982031 -308.025
0.104506 -243.556
0.110769 -178.53
0.116806 -214.557
0.122832 -212.657
0.129052 -186.748
0.135211 -101.684
0.141259 -172.392
0.147318 -139.154
0.153489 -176.918
0.159709 -190.776
0.165845 -171.45
0.171974 -161.491
0.178125 -180.07
0.184229 -189.955
0.19034 -166.59
0.196428 -180.268
0.202534 -148.22
0.208729 -166.813
0.214876 -157.027
0.220989 -153.643
0.227147 -172.223
0.23329 -157.057
0.239377 -148.358
0.245482 -164.875
0.251667 -153.909
0.257832 -141.461
0.263955 -154.087
0.270079 -135.024
0.27624 -154.289
0.282372 -150.234
0.28843 -137.758
0.294538 -131.188
0.300721 -140.188
0.30691 -138.139
0.313033 -138.29
0.319153 -128.307
0.325316 -140.881
0.33145 -130.453
0.337538 -127.576
0.343633 -126.533
0.349808 -119.246
0.355968 -125.102
0.362074 -122.373
0.368217 -114.962
0.374374 -121.564
0.380519 -126.917
0.386598 -123.405
0.392688 -116.224
0.39888 -118.185
0.405048 -119.557
0.411186 -113.826
0.417313 -114.168
0.423458 -110.96
0.429607 -109.078
0.435692 -108.13
0.441815 -110.218
0.447964 -109.481
0.454126 -110.933
0.460267 -105.505
0.466387 -101.711
0.47254 -105.957
0.478662 -102.052
0.484765 -100.339
0.490885 -103.227
0.497035 -100.578
0.503198 -103.367
0.509342 -98.5505
0.515458 -99.4013
0.521598 -100.394
0.527764 -96.3228
0.533884 -94.5423
0.54 -95.3555
0.546137 -94.3885
0.552299 -93.0735
0.558452 -93.0424
0.564573 -91.9011
0.570708 -92.2813
0.576825 -89.2359
0.582926 -89.8359
0.589034 -88.6273
0.595184 -88.0699
0.601379 -87.9974
0.607522 -89.5709
0.613639 -86.3938
0.619772 -86.6089
0.625918 -84.9262
0.632068 -85.1749
0.638161 -85.8639
0.6443 -82.0879
0.650464 -84.6656
0.656582 -83.4467
0.662703 -83.3498
0.668861 -81.4476
0.675024 -82.1237
0.681124 -80.1062
0.687237 -82.3141
0.693381 -79.8682
0.699536 -78.8033
0.705665 -79.9868
0.711789 -76.7622
0.717957 -76.7591
0.72409 -76.8458
0.730186 -76.2807
0.736317 -75.9904
0.742472 -76.0725
0.748622 -76.1808
0.75476 -75.0601
0.760888 -74.6675
0.767043 -74.0262
0.773185 -72.6591
0.779291 -72.5858
0.785407 -72.705
0.791564 -72.2363
0.797719 -71.6143
0.803834 -71.3517
0.809972 -69.7265
0.816124 -70.2683
0.822261 -70.3916
0.828378 -67.8659
0.834502 -68.627
0.840667 -68.2751
0.846816 -68.5377
0.852925 -68.0635
0.859047 -67.7224
0.865192 -67.0509
0.871341 -66.5407
0.877463 -66.6093
0.883569 -66.1976
0.889708 -65.519
0.895864 -64.8705
0.902008 -64.9833
0.908149 -64.3219
0.914301 -63.6434
0.920448 -63.2651
0.926574 -63.0533
0.932687 -63.2827
0.938823 -62.7388
0.944975 -61.6529
0.951105 -61.6078
0.957225 -61.9301
0.963368 -61.8496
0.969511 -61.1198
0.975621 -60.6566
0.981748 -59.6123
0.987916 -59.3371
0.99406 -58.8426
1.00019 -59.5198
1.00632 -57.863
1.01246 -58.4524
1.01859 -58.6858
1.02471 -57.3385
1.03085 -57.5789
1.03698 -56.7151
1.04314 -56.1832
1.04929 -56.6483
1.05541 -56.3997
1.06154 -55.5778
1.06769 -55.5342
1.07382 -54.5667
1.07993 -54.8457
1.08607 -54.1414
1.09222 -53.886
1.09836 -53.2983
1.10449 -53.5834
1.11063 -53.0356
1.11677 -52.7228
1.1229 -52.4309
1.12903 -51.9568
1.13518 -51.5604
1.14131 -51.8482
1.14745 -51.8192
1.15359 -51.0758
1.15973 -50.7977
1.16584 -49.8998
1.17197 -50.6775
1.17811 -49.5823
1.18424 -49.5543
1.19038 -49.0113
1.19652 -48.7724
1.20267 -48.4854
1.20881 -47.9667
1.21495 -47.9564
1.22108 -47.9068
1.2272 -47.7559
1.23334 -47.2386
1.23949 -46.7106
1.24562 -46.5232
1.25174 -46.1252
1.25789 -46.0836
1.26402 -45.8375
1.27014 -45.5156
1.27628 -45.1488
1.28244 -45.5213
1.28858 -44.722
1.29471 -44.7199
1.30084 -44.1964
1.30697 -44.2332
1.31312 -43.7667
1.31925 -43.1191
1.32537 -43.1298
1.33151 -42.6279
1.33765 -42.6372
1.34378 -42.7385
1.34992 -42.1275
1.35606 -42.0353
1.3622 -41.9422
1.36833 -41.5383
1.37445 -41.3276
1.38059 -41.2551
1.38675 -40.8468
1.39288 -40.3102
1.39901 -40.4751
1.40515 -40.1399
1.4113 -40.1455
1.41742 -39.4155
1.42355 -39.4098
1.4297 -39.0301
1.43585 -38.7457
1.44198 -38.6258
1.44809 -38.2029
1.45423 -38.2951
1.46036 -37.9287
1.46649 -37.8716
1.47263 -37.6158
1.47877 -37.5756
1.48491 -37.494
1.49104 -36.9647
1.49718 -37.0171
1.50333 -36.8996
1.50947 -36.198
1.5156 -36.1643
1.52172 -35.8111
1.52787 -35.7341
1.534 -35.6501
1.54013 -35.2121
1.54627 -35.138
1.55241 -35.1685
1.55855 -34.8525
1.56467 -34.473
1.5708 -34.2506
