0.00783031 20583.2
0.013688 25330.3
0.019231 25585
0.0249154 24546.6
0.0312784 20996.5
0.0375637 17189.3
0.0433917 15216.5
0.0492413 13575.6
0.0555754 12612.4
0.0619321 11708.3
0.067871 10603.3
0.0738098 10099.7
0.0800417 9475.58
0.0862327 8384.57
0.0921407 7212.41
0.0982031 6573.36
0.104506 6150.56
0.110769 5717.56
0.116806 5567.87
0.122832 5225.87
0.129052 4973.61
0.135211 4578.44
0.141259 4503.61
0.147318 4170.59
0.153489 3937.7
0.159709 3677.12
0.165845 3645.76
0.171974 3509.71
0.178125 3300.8
0.184229 3189.9
0.19034 3095.71
0.196428 2932.26
0.202534 2855.61
0.208729 2746.45
0.214876 2667.34
0.220989 2611.67
0.227147 2497.59
0.23329 2422.46
0.239377 2352.67
0.245482 2300.09
0.251667 2248.39
0.257832 2157.98
0.263955 2142.32
0.270079 2068.92
0.27624 2033.28
0.282372 1950.64
0.28843 1928.01
0.294538 1897.75
0.300721 1873.35
0.30691 1793.36
0.313033 1762.57
0.319153 1742.78
0.325316 1712.57
0.33145 1662.06
0.337538 1642.53
0.343633 1603.9
0.349808 1579.42
0.355968 1558.11
0.362074 1548.07
0.368217 1504.37
0.374374 1478.8
0.380519 1471.63
0.386598 1448.36
0.392688 1417.37
0.39888 1403.29
0.405048 1381.51
0.411186 1358.18
0.417313 1336.17
0.423458 1312.3
0.429607 1308.22
0.435692 1284.13
0.441815 1268.8
0.447964 1252.9
0.454126 1229.86
0.460267 1205.83
0.466387 1202.61
0.47254 1196.17
0.478662 1165.21
0.484765 1165.94
0.490885 1140.67
0.497035 1128.74
0.503198 1127.17
0.509342 1098.38
0.515458 1095.13
0.521598 1076.84
0.527764 1066.62
0.533884 1054.07
0.54 1044.89
0.546137 1042.16
0.552299 1021.38
0.558452 1010.04
0.564573 993.459
0.570708 991.384
0.576825 978.449
0.582926 963.085
0.589034 961.118
0.595184 949.552
0.601379 949.428
0.607522 936.211
0.613639 920.972
0.619772 913.388
0.625918 903.08
0.632068 897.077
0.638161 890.088
0.6443 873.178
0.650464 877.81
0.656582 865.637
0.662703 855.186
0.668861 851.671
0.675024 837.607
0.681124 832.008
0.687237 827.448
0.693381 818.526
0.699536 806.01
0.705665 804.344
0.711789 797.283
0.717957 786.951
0.72409 787.443
0.730186 776.535
0.736317 766.659
0.742472 767.775
0.748622 753.892
0.75476 751.068
0.760888 740.442
0.767043 734.801
0.773185 724.535
0.779291 721
0.785407 719.842
0.791564 710.127
0.797719 704.657
0.803834 697.635
0.809972 688.674
0.816124 687.317
0.822261 684.702
0.828378 673.183
0.834502 669.88
0.840667 663.036
0.846816 656.405
0.852925 649.441
0.859047 641.619
0.865192 641.193
0.871341 634.625
0.877463 632.146
0.883569 624.302
0.889708 617.313
0.895864 612.749
0.902008 607.809
0.908149 603.372
0.914301 598.951
0.920448 594.449
0.926574 588.415
0.932687 581.183
0.938823 576.945
0.944975 574.224
0.951105 567.597
0.957225 565.966
0.963368 560.215
0.969511 554.06
0.975621 552.407
0.981748 545.195
0.987916 541.308
0.99406 535.851
1.00019 531.956
1.00632 526.175
1.01246 523.638
1.01859 520.773
1.02471 513.276
1.03085 512.795
1.03698 508.088
1.04314 502.626
1.04929 498.9
1.05541 494.773
1.06154 490.297
1.06769 486.1
1.07382 483.364
1.07993 479.874
1.08607 472.353
1.09222 469.893
1.09836 465.994
1.10449 463.092
1.11063 458.477
1.11677 456.701
1.1229 451.908
1.12903 448.183
1.13518 443.731
1.14131 440.299
1.14745 437.193
1.15359 431.518
1.15973 428.868
1.16584 425.622
1.17197 422.349
1.17811 418.29
1.18424 414.651
1.19038 410.821
1.19652 408.37
1.20267 405.883
1.20881 401.581
1.21495 398.803
1.22108 395.451
1.2272 391.79
1.23334 388.311
1.23949 384.787
1.24562 382.126
1.25174 379.09
1.25789 374.753
1.26402 373.608
1.27014 370.916
1.27628 366.637
1.28244 365.093
1.28858 360.679
1.29471 358.427
1.30084 354.964
1.30697 352.118
1.31312 349.468
1.31925 345.514
1.32537 342.991
1.33151 340.403
1.33765 337.589
1.34378 335.777
1.34992 332.729
1.35606 328.858
1.3622 327.31
1.36833 324.597
1.37445 321.224
1.38059 319.042
1.38675 316.364
1.39288 312.417
1.39901 311.535
1.40515 309.633
1.4113 307.335
1.41742 302.471
1.42355 300.885
1.4297 298.58
1.43585 295.939
1.44198 293.931
1.44809 291.262
1.45423 288.651
1.46036 285.547
1.46649 284.437
1.47263 282.374
1.47877 278.911
1.48491 276.826
1.49104 274.607
1.49718 272.684
1.50333 271.184
1.50947 267.691
1.5156 266.347
1.52172 263.467
1.52787 261.509
1.534 259.67
1.54013 256.843
1.54627 255.389
1.55241 253.354
1.55855 251.067
1.56467 248.795
1.5708 246.432
