0.00783031 1118.96
0.013688 -1055.86
0.019231 1485.29
0.0249154 71.2574
0.0312784 292.79
0.0375637 335.181
0.0433917 285.379
0.0492413 -37.3483
0.0555754 943.899
0.0619321 770.088
0.067871 967.23
0.0738098 1199.47
0.0800417 1334.42
0.0862327 1447.76
0.0921407 1119.49
0.0982031 1121.94
0.104506 1352.51
0.110769 1589.19
0.116806 1649.38
0.122832 1686.26
0.129052 1732.46
0.135211 1755.47
0.141259 1789.22
0.147318 1905.87
0.153489 1862.12
0.159709 1776.59
0.165845 1973.2
0.171974 2006.42
0.178125 1981.93
0.184229 1900.12
0.19034 1940.51
0.196428 1877.76
0.202534 2030.38
0.208729 1961.58
0.214876 2027.46
0.220989 2045.58
0.227147 1992.97
0.23329 2001.85
0.239377 2048.03
0.245482 1962.35
0.251667 2033.14
0.257832 2045.56
0.263955 2029.21
0.270079 2031.52
0.27624 1997.15
0.282372 2003.12
0.28843 2002.8
0.294538 2007.98
0.300721 2032.23
0.30691 1995.87
0.313033 1992.03
0.319153 2031.93
0.325316 1996.96
0.33145 1989.17
0.337538 1966.81
0.343633 1985.74
0.349808 2006.14
0.355968 1975.68
0.362074 2018.74
0.368217 1977.21
0.374374 1935.2
0.380519 1961.05
0.386598 1975.23
0.392688 1962
0.39888 1966.73
0.405048 1951.81
0.411186 1963.5
0.417313 1929.6
0.423458 1922.7
0.429607 1951.88
0.435692 1940.95
0.441815 1922.96
0.447964 1920.54
0.454126 1900.92
0.460267 1902.4
0.466387 1920.38
0.47254 1908.77
0.478662 1869.08
0.484765 1895.27
0.490885 1867.94
0.497035 1876.68
0.503198 1875.92
0.509342 1854.86
0.515458 1868.14
0.521598 1844.52
0.527764 1842.41
0.533884 1839.43
0.54 1840.25
0.546137 1843.47
0.552299 1819.22
0.558452 1811.63
0.564573 1792.14
0.570708 1808.65
0.576825 1809.68
0.582926 1775.55
0.589034 1800.02
0.595184 1786.52
0.601379 1797.04
0.607522 1780.82
0.613639 1774.74
0.619772 1760.72
0.625918 1753.66
0.632068 1750.8
0.638161 1749.07
0.6443 1730.9
0.650464 1743.99
0.656582 1738.16
0.662703 1722.61
0.668861 1733.48
0.675024 1712.69
0.681124 1714.16
0.687237 1709.8
0.693381 1701.66
0.699536 1688
0.705665 1690.28
0.711789 1690.81
0.717957 1675.52
0.72409 1680.02
0.730186 1672.91
0.736317 1658.6
0.742472 1667.3
0.748622 1639.06
0.75476 1647.72
0.760888 1628.68
0.767043 1628.23
0.773185 1613.55
0.779291 1618.36
0.785407 1618.07
0.791564 1608.5
0.797719 1600.1
0.803834 1589.01
0.809972 1587.56
0.816124 1589.16
0.822261 1589.68
0.828378 1570.44
0.834502 1567.23
0.840667 1559.8
0.846816 1550.93
0.852925 1538.27
0.859047 1523.1
0.865192 1535.59
0.871341 1525.63
0.877463 1523.25
0.883569 1513.25
0.889708 1506.21
0.895864 1497.74
0.902008 1497.19
0.908149 1484.34
0.914301 1489.1
0.920448 1478.09
0.926574 1469.22
0.932687 1458.21
0.938823 1456.32
0.944975 1458.57
0.951105 1440.22
0.957225 1444.43
0.963368 1433.49
0.969511 1431.19
0.975621 1427.36
0.981748 1415.88
0.987916 1412.08
0.99406 1402.78
1.00019 1398.07
1.00632 1390.79
1.01246 1389.96
1.01859 1383.08
1.02471 1373.16
1.03085 1375.15
1.03698 1370.12
1.04314 1363.3
1.04929 1353.07
1.05541 1347.46
1.06154 1344.89
1.06769 1338.71
1.07382 1335.07
1.07993 1325.84
1.08607 1313.33
1.09222 1309.79
1.09836 1306.31
1.10449 1305.34
1.11063 1294.43
1.11677 1294.19
1.1229 1285.06
1.12903 1282.34
1.13518 1273.65
1.14131 1267.53
1.14745 1265.56
1.15359 1254.68
1.15973 1249.4
1.16584 1242.46
1.17197 1238.2
1.17811 1231.98
1.18424 1223.21
1.19038 1221.38
1.19652 1216.23
1.20267 1215.44
1.20881 1205.99
1.21495 1199.7
1.22108 1196.71
1.2272 1189.2
1.23334 1182.2
1.23949 1176.67
1.24562 1171.29
1.25174 1166.91
1.25789 1158.17
1.26402 1159.57
1.27014 1155.68
1.27628 1145.28
1.28244 1146.23
1.28858 1134.66
1.29471 1133.17
1.30084 1124.78
1.30697 1119.63
1.31312 1117.78
1.31925 1107.43
1.32537 1104.3
1.33151 1100.23
1.33765 1091.51
1.34378 1093.71
1.34992 1086.2
1.35606 1080.15
1.3622 1077.71
1.36833 1069.97
1.37445 1066.04
1.38059 1059.38
1.38675 1055.41
1.39288 1046.92
1.39901 1048.95
1.40515 1044.05
1.4113 1040.52
1.41742 1028.9
1.42355 1027.34
1.4297 1023.09
1.43585 1017.99
1.44198 1013.64
1.44809 1008.99
1.45423 1003.99
1.46036 996.288
1.46649 993.278
1.47263 990.775
1.47877 982.996
1.48491 977.239
1.49104 974.56
1.49718 972.165
1.50333 968.089
1.50947 961.116
1.5156 959.48
1.52172 952.493
1.52787 947.99
1.534 944.989
1.54013 938.418
1.54627 935.565
1.55241 931.379
1.55855 925.923
1.56467 924.518
1.5708 916.241
