0.00783031 110.412
0.013688 128.145
0.019231 101.314
0.0249154 99.6772
0.0312784 75.4928
0.0375637 69.4202
0.0433917 44.1412
0.0492413 26.2489
0.0555754 16.0649
0.0619321 3.3521
0.067871 -11.0923
0.0738098 -18.8036
0.0800417 -37.0335
0.0862327 -41.6527
0.0921407 -44.2688
0.0982031 -53.2357
0.104506 -53.7556
0.110769 -64.0313
0.116806 -66.2036
0.122832 -74.1876
0.129052 -76.47
0.135211 -82.7865
0.141259 -84.2462
0.147318 -87.118
0.153489 -88.7313
0.159709 -93.8761
0.165845 -98.1819
0.171974 -97.1678
0.178125 -99.3234
0.184229 -105.773
0.19034 -105.38
0.196428 -107.073
0.202534 -108.161
0.208729 -111.982
0.214876 -108.662
0.220989 -109.483
0.227147 -111.819
0.23329 -111.207
0.239377 -113.101
0.245482 -114.747
0.251667 -114.104
0.257832 -117.974
0.263955 -121.979
0.270079 -118.66
0.27624 -120.125
0.282372 -121.412
0.28843 -122.435
0.294538 -123.465
0.300721 -126.274
0.30691 -125.841
0.313033 -126.752
0.319153 -129.12
0.325316 -128.205
0.33145 -131.657
0.337538 -127.989
0.343633 -129.829
0.349808 -132.032
0.355968 -130.897
0.362074 -131.892
0.368217 -130.382
0.374374 -133.643
0.380519 -134.991
0.386598 -136.061
0.392688 -135.346
0.39888 -135.457
0.405048 -137.814
0.411186 -137.686
0.417313 -135.982
0.423458 -136.816
0.429607 -135.498
0.435692 -138.949
0.441815 -138.965
0.447964 -137.348
0.454126 -137.552
0.460267 -139.536
0.466387 -142.106
0.47254 -139.098
0.478662 -140.397
0.484765 -143.818
0.490885 -142.158
0.497035 -142.137
0.503198 -143.152
0.509342 -141.252
0.515458 -143.128
0.521598 -143.878
0.527764 -145.188
0.533884 -142.871
0.54 -144.489
0.546137 -145.413
0.552299 -144.536
0.558452 -144.002
0.564573 -147.536
0.570708 -145.438
0.576825 -146.518
0.582926 -145.829
0.589034 -145.855
0.595184 -147.717
0.601379 -148.574
0.607522 -147.003
0.613639 -145.646
0.619772 -147.725
0.625918 -149.023
0.632068 -149.272
0.638161 -149.471
0.6443 -150.167
0.650464 -149.997
0.656582 -149.994
0.662703 -149.766
0.668861 -150.501
0.675024 -151.221
0.681124 -150.934
0.687237 -150.823
0.693381 -151.46
0.699536 -152.163
0.705665 -151.645
0.711789 -151.474
0.717957 -152.448
0.72409 -151.877
0.730186 -153.142
0.736317 -152.097
0.742472 -154.205
0.748622 -154.999
0.75476 -154.719
0.760888 -152.655
0.767043 -155.417
0.773185 -153.399
0.779291 -155.085
0.785407 -154.885
0.791564 -155.185
0.797719 -154.645
0.803834 -156.263
0.809972 -154.465
0.816124 -156.004
0.822261 -153.966
0.828378 -156.392
0.834502 -156.495
0.840667 -154.781
0.846816 -154.912
0.852925 -156.532
0.859047 -155.39
0.865192 -155.433
0.871341 -156.732
0.877463 -157.235
0.883569 -156.065
0.889708 -157.453
0.895864 -157.463
0.902008 -158.169
0.908149 -158.094
0.914301 -157.491
0.920448 -157.304
0.926574 -157.291
0.932687 -156.852
0.938823 -157.268
0.944975 -158.438
0.951105 -158.949
0.957225 -157.023
0.963368 -157.852
0.969511 -158.531
0.975621 -158.348
0.981748 -157.738
0.987916 -157.663
0.99406 -157.892
1.00019 -158.96
1.00632 -157.517
1.01246 -159.588
1.01859 -159.111
1.02471 -157.496
1.03085 -157.561
1.03698 -158.676
1.04314 -160.453
1.04929 -159.237
1.05541 -159.404
1.06154 -159.256
1.06769 -158.418
1.07382 -159.594
1.07993 -159.532
1.08607 -157.071
1.09222 -159.661
1.09836 -159.189
1.10449 -158.948
1.11063 -158.058
1.11677 -158.708
1.1229 -159.177
1.12903 -159.343
1.13518 -159.092
1.14131 -158.794
1.14745 -159.001
1.15359 -159.504
1.15973 -159.227
1.16584 -159.575
1.17197 -158.547
1.17811 -158.753
1.18424 -158.959
1.19038 -159.03
1.19652 -157.356
1.20267 -158.261
1.20881 -158.434
1.21495 -158.443
1.22108 -158.238
1.2272 -159.056
1.23334 -158.3
1.23949 -158.229
1.24562 -158.319
1.25174 -157.392
1.25789 -158.206
1.26402 -157.665
1.27014 -157.922
1.27628 -157.53
1.28244 -157.867
1.28858 -157.668
1.29471 -157.413
1.30084 -156.811
1.30697 -157.504
1.31312 -156.496
1.31925 -157.581
1.32537 -156.474
1.33151 -156.847
1.33765 -156.46
1.34378 -157.54
1.34992 -156.308
1.35606 -156.927
1.3622 -156.412
1.36833 -156.457
1.37445 -156.27
1.38059 -155.805
1.38675 -155.809
1.39288 -155.182
1.39901 -156.396
1.40515 -155.65
1.4113 -154.819
1.41742 -155.771
1.42355 -155.2
1.4297 -155.081
1.43585 -156.099
1.44198 -155.041
1.44809 -155.15
1.45423 -155.387
1.46036 -154.173
1.46649 -153.549
1.47263 -153.789
1.47877 -153.507
1.48491 -154.193
1.49104 -153.946
1.49718 -153.744
1.50333 -154.207
1.50947 -153.104
1.5156 -153.509
1.52172 -153.059
1.52787 -152.889
1.534 -152.695
1.54013 -153.128
1.54627 -152.938
1.55241 -153.741
1.55855 -153.219
1.56467 -152.672
1.5708 -152.554
