0.00783031 5851.06
0.013688 6032.77
0.019231 4735.95
0.0249154 5767.94
0.0312784 5289.94
0.0375637 4661.88
0.0433917 4343.53
0.0492413 4586.25
0.0555754 3908.25
0.0619321 4153.55
0.067871 3483.26
0.0738098 3214.24
0.0800417 3208.43
0.0862327 3073.41
0.0921407 2742.9
0.0982031 2806.34
0.104506 2424.21
0.110769 2529.18
0.116806 2268.9
0.122832 2258.8
0.129052 2076.54
0.135211 1968.11
0.141259 1897.06
0.147318 1816.44
0.153489 1750.14
0.159709 1686.87
0.165845 1623.5
0.171974 1557.52
0.178125 1496.05
0.184229 1363.76
0.19034 1336.11
0.196428 1315.96
0.202534 1241.59
0.208729 1191.83
0.214876 1137.68
0.220989 1115
0.227147 1093.39
0.23329 1027.22
0.239377 1004.18
0.245482 988.244
0.251667 933.384
0.257832 921.414
0.263955 878.516
0.270079 857.163
0.27624 814.746
0.282372 794.941
0.28843 792.911
0.294538 760.971
0.300721 714.631
0.30691 713.158
0.313033 691.057
0.319153 666.921
0.325316 661.471
0.33145 624.425
0.337538 623.607
0.343633 591.049
0.349808 575.459
0.355968 569.585
0.362074 558.961
0.368217 542.664
0.374374 516.034
0.380519 508.508
0.386598 488.641
0.392688 485.664
0.39888 472.455
0.405048 465.578
0.411186 449.074
0.417313 430.583
0.423458 422.834
0.429607 416.394
0.435692 405.03
0.441815 401.42
0.447964 383.114
0.454126 390.953
0.460267 365.125
0.466387 357.293
0.47254 353.61
0.478662 341.635
0.484765 338.737
0.490885 325.887
0.497035 321.62
0.503198 312.157
0.509342 308.799
0.515458 297.779
0.521598 299.071
0.527764 280.748
0.533884 281.679
0.54 269.495
0.546137 268.989
0.552299 263.256
0.558452 248.158
0.564573 248.326
0.570708 237.072
0.576825 236.298
0.582926 228.72
0.589034 223.079
0.595184 219.811
0.601379 216.073
0.607522 209.535
0.613639 204.386
0.619772 194.747
0.625918 195.699
0.632068 185.927
0.638161 190.158
0.6443 179.227
0.650464 175.064
0.656582 178.709
0.662703 169.716
0.668861 165.373
0.675024 157.014
0.681124 157.806
0.687237 151.596
0.693381 148.451
0.699536 145.557
0.705665 137.997
0.711789 138.167
0.717957 132.01
0.72409 127.492
0.730186 121.383
0.736317 123.117
0.742472 117.374
0.748622 113.875
0.75476 112.129
0.760888 111.132
0.767043 107.682
0.773185 101.345
0.779291 99.5187
0.785407 97.1869
0.791564 94.8235
0.797719 90.7654
0.803834 88.3246
0.809972 84.0104
0.816124 81.961
0.822261 79.4439
0.828378 80.0366
0.834502 74.4581
0.840667 75.8741
0.846816 71.032
0.852925 65.1631
0.859047 64.7819
0.865192 65.3092
0.871341 61.3072
0.877463 57.1753
0.883569 57.6783
0.889708 54.6566
0.895864 56.1362
0.902008 49.566
0.908149 48.5535
0.914301 48.265
0.920448 44.3136
0.926574 42.5593
0.932687 41.4254
0.938823 37.8142
0.944975 39.8623
0.951105 35.2152
0.957225 34.067
0.963368 32.4512
0.969511 31.9243
0.975621 28.9667
0.981748 25.5585
0.987916 27.8556
0.99406 23.1313
1.00019 22.2853
1.00632 21.9146
1.01246 17.7911
1.01859 16.6572
1.02471 16.7358
1.03085 16.2389
1.03698 12.2556
1.04314 11.9423
1.04929 9.62786
1.05541 9.07484
1.06154 7.82164
1.06769 5.95973
1.07382 4.36425
1.07993 5.71366
1.08607 1.71459
1.09222 1.08414
1.09836 0.164084
1.10449 -1.02507
1.11063 -2.18282
1.11677 -3.43237
1.1229 -6.57138
1.12903 -7.69278
1.13518 -8.42286
1.14131 -8.17598
1.14745 -10.6138
1.15359 -10.0636
1.15973 -11.6066
1.16584 -12.8144
1.17197 -12.5122
1.17811 -13.9168
1.18424 -16.6985
1.19038 -15.2838
1.19652 -15.5252
1.20267 -19.0771
1.20881 -20.2371
1.21495 -21.3441
1.22108 -21.5435
1.2272 -20.5352
1.23334 -20.2682
1.23949 -22.2221
1.24562 -23.8033
1.25174 -25.4047
1.25789 -25.8404
1.26402 -28.5233
1.27014 -26.7191
1.27628 -27.9518
1.28244 -29.6963
1.28858 -28.4235
1.29471 -30.2353
1.30084 -31.4295
1.30697 -31.7734
1.31312 -29.8602
1.31925 -33.1881
1.32537 -33.3819
1.33151 -34.9748
1.33765 -34.5749
1.34378 -34.0688
1.34992 -34.243
1.35606 -36.2475
1.3622 -37.5045
1.36833 -36.9978
1.37445 -36.895
1.38059 -37.9223
1.38675 -39.1065
1.39288 -37.7428
1.39901 -38.8248
1.40515 -39.8392
1.4113 -40.5271
1.41742 -40.4279
1.42355 -39.8208
1.4297 -41.4053
1.43585 -41.0365
1.44198 -41.9357
1.44809 -42.1924
1.45423 -42.8561
1.46036 -43.5243
1.46649 -42.6371
1.47263 -43.1869
1.47877 -44.2579
1.48491 -44.3282
1.49104 -44.6344
1.49718 -45.7053
1.50333 -46.0432
1.50947 -44.2481
1.5156 -46.9424
1.52172 -47.3634
1.52787 -45.4704
1.534 -46.4241
1.54013 -46.8468
1.54627 -47.3707
1.55241 -48.0934
1.55855 -47.7972
1.56467 -47.9302
1.5708 -48.4257
