0.00783031 -19.7515
0.013688 11.0407
0.019231 8.99269
0.0249154 -2.1445
0.0312784 -5.25944
0.0375637 5.32789
0.0433917 4.4593
0.0492413 5.92838
0.0555754 4.79302
0.0619321 6.55937
0.067871 6.15877
0.0738098 9.52759
0.0800417 8.96037
0.0862327 9.80065
0.0921407 13.2769
0.0982031 14.7522
0.104506 13.511
0.110769 17.7674
0.116806 15.686
0.122832 19.1486
0.129052 18.1951
0.135211 19.924
0.141259 21.2245
0.147318 20.7918
0.153489 23.3543
0.159709 22.1754
0.165845 25.0338
0.171974 24.1022
0.178125 25.1403
0.184229 27.0566
0.19034 27.2404
0.196428 28.584
0.202534 28.4516
0.208729 30.3358
0.214876 30.7531
0.220989 32.7089
0.227147 32.8156
0.23329 33.8448
0.239377 33.8332
0.245482 35.6459
0.251667 35.8907
0.257832 37.5318
0.263955 37.7958
0.270079 39.0152
0.27624 39.852
0.282372 39.404
0.28843 39.8907
0.294538 40.5371
0.300721 41.0283
0.30691 42.5126
0.313033 43.1556
0.319153 43.2186
0.325316 43.2128
0.33145 44.3277
0.337538 44.0149
0.343633 44.0109
0.349808 45.7792
0.355968 46.2302
0.362074 46.469
0.368217 47.0578
0.374374 48.0199
0.380519 48.487
0.386598 47.7094
0.392688 48.6537
0.39888 49.4462
0.405048 50.2534
0.411186 51.3726
0.417313 50.88
0.423458 51.3996
0.429607 51.6319
0.435692 50.9995
0.441815 51.6827
0.447964 52.003
0.454126 52.2429
0.460267 53.0016
0.466387 53.772
0.47254 53.2245
0.478662 54.8649
0.484765 54.023
0.490885 55.5843
0.497035 54.3847
0.503198 55.5392
0.509342 55.4889
0.515458 55.4935
0.521598 56.3782
0.527764 55.8035
0.533884 55.3269
0.54 56.1787
0.546137 55.9887
0.552299 56.8265
0.558452 57.4652
0.564573 56.5632
0.570708 57.3418
0.576825 57.8065
0.582926 57.2117
0.589034 57.9606
0.595184 58.3629
0.601379 57.5363
0.607522 57.8694
0.613639 57.8371
0.619772 58.4963
0.625918 58.4719
0.632068 57.5778
0.638161 58.259
0.6443 58.9696
0.650464 58.3375
0.656582 59.3274
0.662703 57.6313
0.668861 57.6248
0.675024 58.6521
0.681124 57.5723
0.687237 58.4568
0.693381 58.9392
0.699536 58.3843
0.705665 58.6129
0.711789 58.493
0.717957 58.0477
0.72409 58.4892
0.730186 58.4516
0.736317 58.4065
0.742472 58.04
0.748622 58.2294
0.75476 57.6976
0.760888 57.3067
0.767043 57.6816
0.773185 56.9888
0.779291 56.8954
0.785407 56.3649
0.791564 57.0619
0.797719 56.7318
0.803834 57.0579
0.809972 56.3456
0.816124 56.6315
0.822261 55.9073
0.828378 56.1179
0.834502 56.0035
0.840667 55.7322
0.846816 55.151
0.852925 55.2495
0.859047 54.6924
0.865192 54.3086
0.871341 54.7233
0.877463 54.0656
0.883569 54.1233
0.889708 54.094
0.895864 53.6259
0.902008 53.3787
0.908149 53.3572
0.914301 52.8731
0.920448 52.7295
0.926574 52.5807
0.932687 52.503
0.938823 51.5728
0.944975 51.5937
0.951105 50.6606
0.957225 51.0679
0.963368 50.3606
0.969511 50.4992
0.975621 50.7948
0.981748 50.3006
0.987916 49.8578
0.99406 49.5561
1.00019 49.3085
1.00632 49.114
1.01246 48.2887
1.01859 48.6621
1.02471 48.4819
1.03085 47.9591
1.03698 47.3222
1.04314 47.2739
1.04929 47.3962
1.05541 47.2017
1.06154 46.7126
1.06769 45.9677
1.07382 46.197
1.07993 45.586
1.08607 45.5065
1.09222 45.4288
1.09836 45.0567
1.10449 44.7492
1.11063 44.0427
1.11677 43.7624
1.1229 43.9473
1.12903 43.8327
1.13518 43.7869
1.14131 43.1536
1.14745 42.5507
1.15359 42.5987
1.15973 42.7572
1.16584 42.1986
1.17197 41.8406
1.17811 41.587
1.18424 41.1442
1.19038 40.7318
1.19652 40.7592
1.20267 40.8754
1.20881 40.3442
1.21495 40.1212
1.22108 39.3732
1.2272 39.1945
1.23334 39.1037
1.23949 39.1498
1.24562 38.3762
1.25174 38.3593
1.25789 38.5312
1.26402 38.0624
1.27014 37.8371
1.27628 37.6378
1.28244 37.0218
1.28858 37.1236
1.29471 36.4506
1.30084 36.4641
1.30697 36.4022
1.31312 36.013
1.31925 35.6243
1.32537 35.5238
1.33151 35.2943
1.33765 35.5299
1.34378 34.6668
1.34992 34.7062
1.35606 34.5795
1.3622 34.1442
1.36833 33.9554
1.37445 33.5105
1.38059 33.5434
1.38675 33.3575
1.39288 33.3356
1.39901 32.9524
1.40515 32.8197
1.4113 32.5944
1.41742 32.0972
1.42355 32.0709
1.4297 32.1313
1.43585 31.5892
1.44198 31.4618
1.44809 31.3335
1.45423 31.183
1.46036 30.8712
1.46649 30.7761
1.47263 30.7794
1.47877 30.8325
1.48491 30.2885
1.49104 30.0502
1.49718 29.8964
1.50333 29.8048
1.50947 29.4291
1.5156 29.6337
1.52172 29.4259
1.52787 29.1234
1.534 28.8531
1.54013 28.7836
1.54627 28.4924
1.55241 28.3351
1.55855 28.3727
1.56467 28.0024
1.5708 27.9964
