0.00783031 3823.27
0.013688 -1818.2
0.019231 -1270.01
0.0249154 554.267
0.0312784 1129.44
0.0375637 -214.81
0.0433917 161.938
0.0492413 508.61
0.0555754 471.002
0.0619321 653.254
0.067871 503.505
0.0738098 885.191
0.0800417 588.154
0.0862327 779.863
0.0921407 783.737
0.0982031 619.428
0.104506 987.864
0.110769 784.33
0.116806 863.672
0.122832 917.9
0.129052 1128.74
0.135211 978.797
0.141259 933.596
0.147318 1022.98
0.153489 1084.69
0.159709 1107.96
0.165845 993.27
0.171974 1276.82
0.178125 1175.57
0.184229 1140.94
0.19034 1162.14
0.196428 1189.14
0.202534 1196.81
0.208729 1151.75
0.214876 1193.69
0.220989 1194.17
0.227147 1223.01
0.23329 1203.64
0.239377 1209.1
0.245482 1207.1
0.251667 1186.34
0.257832 1228.99
0.263955 1222.24
0.270079 1181.74
0.27624 1192.4
0.282372 1186.41
0.28843 1208.3
0.294538 1206.98
0.300721 1197.39
0.30691 1220.11
0.313033 1179.62
0.319153 1168.54
0.325316 1174.02
0.33145 1209.32
0.337538 1190.38
0.343633 1204.62
0.349808 1166.99
0.355968 1192.41
0.362074 1196.28
0.368217 1184.55
0.374374 1159.9
0.380519 1176.3
0.386598 1155.63
0.392688 1142.22
0.39888 1140.3
0.405048 1139.01
0.411186 1140.29
0.417313 1116.62
0.423458 1130.86
0.429607 1128.99
0.435692 1144.69
0.441815 1122.35
0.447964 1102.42
0.454126 1111.03
0.460267 1113.96
0.466387 1092.99
0.47254 1085.74
0.478662 1084.52
0.484765 1082.78
0.490885 1067.71
0.497035 1093.7
0.503198 1070.33
0.509342 1065.85
0.515458 1069.02
0.521598 1063.49
0.527764 1052.53
0.533884 1048.74
0.54 1047.17
0.546137 1049.01
0.552299 1044.28
0.558452 1047.26
0.564573 1028.49
0.570708 1028.48
0.576825 1029.67
0.582926 1019.57
0.589034 1014.12
0.595184 999.524
0.601379 1003.1
0.607522 1002.88
0.613639 992.945
0.619772 987.929
0.625918 983.981
0.632068 979.409
0.638161 976.417
0.6443 973.01
0.650464 961.5
0.656582 962.382
0.662703 955.341
0.668861 951.916
0.675024 954.079
0.681124 945.037
0.687237 943.996
0.693381 935.903
0.699536 935.119
0.705665 923.303
0.711789 921.972
0.717957 918.134
0.72409 918.055
0.730186 911.847
0.736317 909.942
0.742472 904.323
0.748622 901.951
0.75476 894.782
0.760888 892.495
0.767043 887.655
0.773185 880.789
0.779291 872.588
0.785407 870.519
0.791564 871.664
0.797719 865.729
0.803834 859.222
0.809972 855.438
0.816124 854.829
0.822261 851.015
0.828378 842.495
0.834502 832.768
0.840667 829.881
0.846816 829.896
0.852925 824.441
0.859047 816.96
0.865192 811.425
0.871341 810.336
0.877463 809.213
0.883569 804.316
0.889708 793.629
0.895864 792.032
0.902008 792.526
0.908149 786.771
0.914301 779.176
0.920448 781.4
0.926574 774.854
0.932687 769.632
0.938823 761.9
0.944975 761.454
0.951105 761.227
0.957225 753.87
0.963368 745.187
0.969511 744.292
0.975621 737.933
0.981748 738.959
0.987916 735.778
0.99406 727.018
1.00019 725.692
1.00632 720.487
1.01246 716.445
1.01859 714.235
1.02471 709.051
1.03085 702.775
1.03698 701.559
1.04314 696.047
1.04929 695.459
1.05541 689.606
1.06154 685.053
1.06769 680.431
1.07382 678.091
1.07993 672.114
1.08607 672.171
1.09222 663.92
1.09836 664.081
1.10449 658.206
1.11063 653.695
1.11677 650.15
1.1229 646.388
1.12903 645.173
1.13518 638.757
1.14131 633.18
1.14745 629.608
1.15359 627.363
1.15973 623.389
1.16584 621.691
1.17197 618.307
1.17811 617.605
1.18424 610.02
1.19038 607.156
1.19652 604.562
1.20267 599.018
1.20881 596.645
1.21495 593.445
1.22108 588.473
1.2272 585.428
1.23334 580.138
1.23949 575.578
1.24562 576.504
1.25174 571.249
1.25789 568.71
1.26402 566.181
1.27014 560.529
1.27628 559.742
1.28244 555.782
1.28858 551.965
1.29471 548.545
1.30084 545.247
1.30697 542.81
1.31312 537.947
1.31925 535.878
1.32537 532.217
1.33151 530.732
1.33765 527.247
1.34378 521.813
1.34992 519.912
1.35606 517.26
1.3622 513.006
1.36833 509.461
1.37445 507.235
1.38059 505.539
1.38675 500.626
1.39288 496.506
1.39901 494.649
1.40515 491.527
1.4113 489.188
1.41742 485.259
1.42355 483.803
1.4297 479.783
1.43585 476.194
1.44198 476.001
1.44809 470.998
1.45423 468.294
1.46036 463.986
1.46649 463.328
1.47263 459.236
1.47877 456.009
1.48491 454.458
1.49104 452.192
1.49718 448.785
1.50333 446.476
1.50947 444.132
1.5156 439.518
1.52172 437.752
1.52787 434.249
1.534 431.856
1.54013 429.129
1.54627 427.086
1.55241 423.715
1.55855 421.491
1.56467 417.555
1.5708 416.618
