0.00783031 20461.1
0.013688 25363.1
0.019231 24910.3
0.0249154 23611
0.0312784 20267.2
0.0375637 17142.5
0.0433917 14593
0.0492413 13239.1
0.0555754 11969
0.0619321 10980.1
0.067871 10125.5
0.0738098 9702.37
0.0800417 8574.13
0.0862327 7669.15
0.0921407 6932.11
0.0982031 6170.84
0.104506 5677.62
0.110769 5218.11
0.116806 4940.54
0.122832 4754.4
0.129052 4463.51
0.135211 4146.82
0.141259 3997.81
0.147318 3556.72
0.153489 3475.59
0.159709 3260.39
0.165845 3021.96
0.171974 2948.9
0.178125 2768.02
0.184229 2665.42
0.19034 2554.08
0.196428 2458.09
0.202534 2390.69
0.208729 2243.55
0.214876 2191.55
0.220989 2102.18
0.227147 2036.61
0.23329 1910.25
0.239377 1878.24
0.245482 1821.32
0.251667 1752.55
0.257832 1746.14
0.263955 1656.49
0.270079 1598.46
0.27624 1564.44
0.282372 1505.39
0.28843 1464.01
0.294538 1432.82
0.300721 1396.8
0.30691 1379.96
0.313033 1318.36
0.319153 1298.8
0.325316 1261.56
0.33145 1254.63
0.337538 1201.42
0.343633 1187.63
0.349808 1161.27
0.355968 1140.39
0.362074 1116.26
0.368217 1094.49
0.374374 1066.18
0.380519 1045.2
0.386598 1025.42
0.392688 999.874
0.39888 981.528
0.405048 966.159
0.411186 950.58
0.417313 934.771
0.423458 918.238
0.429607 902.101
0.435692 894.652
0.441815 869.99
0.447964 854.186
0.454126 837.847
0.460267 835.358
0.466387 817.57
0.47254 799.132
0.478662 792.248
0.484765 773.777
0.490885 765.212
0.497035 762.506
0.503198 746.832
0.509342 728.334
0.515458 724.878
0.521598 711.064
0.527764 703.314
0.533884 693.124
0.54 683.111
0.546137 675.572
0.552299 665.779
0.558452 662.475
0.564573 647.943
0.570708 644.228
0.576825 632.715
0.582926 622.809
0.589034 616.998
0.595184 604.327
0.601379 599.095
0.607522 593.121
0.613639 581.401
0.619772 576.635
0.625918 571.421
0.632068 562.504
0.638161 555.829
0.6443 549.723
0.650464 542.003
0.656582 537.025
0.662703 531.212
0.668861 523.743
0.675024 519.892
0.681124 511.524
0.687237 507.725
0.693381 500.701
0.699536 495.72
0.705665 488.505
0.711789 484.567
0.717957 480.75
0.72409 475.499
0.730186 472.21
0.736317 465.917
0.742472 459.057
0.748622 456.316
0.75476 450.573
0.760888 444.584
0.767043 439.462
0.773185 435.171
0.779291 429.064
0.785407 424.185
0.791564 422.471
0.797719 417.738
0.803834 412.815
0.809972 408.947
0.816124 403.969
0.822261 401.448
0.828378 395.754
0.834502 389.073
0.840667 384.893
0.846816 383.226
0.852925 380.223
0.859047 374.487
0.865192 370.342
0.871341 367.363
0.877463 364.959
0.883569 360.672
0.889708 354.325
0.895864 352.267
0.902008 349.988
0.908149 345.688
0.914301 340.742
0.920448 339.99
0.926574 335.455
0.932687 332.088
0.938823 327.652
0.944975 325.078
0.951105 322.89
0.957225 319.185
0.963368 314.55
0.969511 312.769
0.975621 308.561
0.981748 306.887
0.987916 304.319
0.99406 299.714
1.00019 297.25
1.00632 294.084
1.01246 291.318
1.01859 288.893
1.02471 286.388
1.03085 282.418
1.03698 280.533
1.04314 276.663
1.04929 275.501
1.05541 272.252
1.06154 269.22
1.06769 266.603
1.07382 264.924
1.07993 260.589
1.08607 259.621
1.09222 256.233
1.09836 254.722
1.10449 251.464
1.11063 248.567
1.11677 246.389
1.1229 244.321
1.12903 242.658
1.13518 239.456
1.14131 236.401
1.14745 234.902
1.15359 232.663
1.15973 230.404
1.16584 228.128
1.17197 226.377
1.17811 224.506
1.18424 222.092
1.19038 219.681
1.19652 217.855
1.20267 215.098
1.20881 214.16
1.21495 211.371
1.22108 209.43
1.2272 207.372
1.23334 204.994
1.23949 202.61
1.24562 201.725
1.25174 199.619
1.25789 197.886
1.26402 196.53
1.27014 193.742
1.27628 192.81
1.28244 190.254
1.28858 188.501
1.29471 186.714
1.30084 185.162
1.30697 183.088
1.31312 181.133
1.31925 180.148
1.32537 178.033
1.33151 177.083
1.33765 175.21
1.34378 173.008
1.34992 171.851
1.35606 170.389
1.3622 168.438
1.36833 166.753
1.37445 165.311
1.38059 163.868
1.38675 162.163
1.39288 160.372
1.39901 159.562
1.40515 157.729
1.4113 156.419
1.41742 154.87
1.42355 153.921
1.4297 152.121
1.43585 150.504
1.44198 149.685
1.44809 147.868
1.45423 146.382
1.46036 144.835
1.46649 144.144
1.47263 142.682
1.47877 141.187
1.48491 140.168
1.49104 138.712
1.49718 137.495
1.50333 136.517
1.50947 135.279
1.5156 133.75
1.52172 132.755
1.52787 131.243
1.534 129.991
1.54013 128.833
1.54627 127.855
1.55241 126.6
1.55855 125.625
1.56467 124.159
1.5708 123.315
