0.00783031 8900.59
0.013688 9234.52
0.019231 7432.35
0.0249154 9788.94
0.0312784 9671.8
0.0375637 8857.58
0.0433917 8647.73
0.0492413 9752.74
0.0555754 8692.92
0.0619321 9554.7
0.067871 8523.84
0.0738098 8304.65
0.0800417 8508.87
0.0862327 8488.77
0.0921407 7999.38
0.0982031 8253.41
0.104506 7820.15
0.110769 8063.44
0.116806 7695.45
0.122832 7575.29
0.129052 7327.91
0.135211 7187.31
0.141259 7191.53
0.147318 6978.22
0.153489 6951.65
0.159709 6807.45
0.165845 6683.52
0.171974 6781.16
0.178125 6574.05
0.184229 6206.75
0.19034 6248.39
0.196428 6286.96
0.202534 6108.24
0.208729 5975.67
0.214876 5903.86
0.220989 5902.68
0.227147 5884.75
0.23329 5733.76
0.239377 5677.31
0.245482 5675.82
0.251667 5473.04
0.257832 5497.79
0.263955 5464.97
0.270079 5358.36
0.27624 5296.99
0.282372 5266.51
0.28843 5330.28
0.294538 5213.72
0.300721 5087.98
0.30691 5142.65
0.313033 5019.69
0.319153 4947.43
0.325316 4978.75
0.33145 4939.43
0.337538 4924.04
0.343633 4867.59
0.349808 4759.87
0.355968 4816.55
0.362074 4778.36
0.368217 4704.8
0.374374 4638.89
0.380519 4644.78
0.386598 4592.89
0.392688 4525.78
0.39888 4532.95
0.405048 4519.86
0.411186 4484.14
0.417313 4401.62
0.423458 4397.4
0.429607 4378.8
0.435692 4391.17
0.441815 4340.6
0.447964 4285.68
0.454126 4296.83
0.460267 4276.56
0.466387 4226.33
0.47254 4189.55
0.478662 4187.41
0.484765 4150.97
0.490885 4130.86
0.497035 4174.97
0.503198 4103.45
0.509342 4095.31
0.515458 4075.57
0.521598 4064.72
0.527764 4019.6
0.533884 4012.98
0.54 3984.48
0.546137 3990.8
0.552299 3978.46
0.558452 3967.39
0.564573 3919.88
0.570708 3895.68
0.576825 3909.1
0.582926 3888.54
0.589034 3864.65
0.595184 3822.58
0.601379 3830.55
0.607522 3831.92
0.613639 3798.55
0.619772 3766.02
0.625918 3770.8
0.632068 3758.32
0.638161 3752.83
0.6443 3746.73
0.650464 3710.12
0.656582 3713.88
0.662703 3691.89
0.668861 3682.16
0.675024 3687.76
0.681124 3666.3
0.687237 3652.62
0.693381 3642.83
0.699536 3628.54
0.705665 3603.09
0.711789 3601.21
0.717957 3585.86
0.72409 3588.35
0.730186 3558.99
0.736317 3571.14
0.742472 3565.84
0.748622 3546.51
0.75476 3535.42
0.760888 3531.13
0.767043 3527.99
0.773185 3493.58
0.779291 3482.7
0.785407 3483.6
0.791564 3476.51
0.797719 3475.78
0.803834 3450.71
0.809972 3441.69
0.816124 3457.72
0.822261 3436.49
0.828378 3419.4
0.834502 3398.27
0.840667 3398.38
0.846816 3394.8
0.852925 3374.88
0.859047 3357.25
0.865192 3350.07
0.871341 3355.85
0.877463 3350.94
0.883569 3344.47
0.889708 3320.83
0.895864 3328.73
0.902008 3315.83
0.908149 3320.33
0.914301 3298.73
0.920448 3309.57
0.926574 3296.59
0.932687 3272.34
0.938823 3262.98
0.944975 3269.69
0.951105 3275.07
0.957225 3249.24
0.963368 3230.68
0.969511 3235.01
0.975621 3225.59
0.981748 3228.89
0.987916 3233.4
0.99406 3204.89
1.00019 3208.2
1.00632 3199.94
1.01246 3186.43
1.01859 3182
1.02471 3169.37
1.03085 3157.55
1.03698 3159.68
1.04314 3151.73
1.04929 3151.04
1.05541 3142.92
1.06154 3139.94
1.06769 3123.62
1.07382 3122.76
1.07993 3115.87
1.08607 3118.29
1.09222 3100.88
1.09836 3101.94
1.10449 3089.05
1.11063 3082.1
1.11677 3075.6
1.1229 3068.3
1.12903 3074.15
1.13518 3057.09
1.14131 3043.92
1.14745 3032.09
1.15359 3034.88
1.15973 3028.64
1.16584 3031.64
1.17197 3027.74
1.17811 3031.75
1.18424 3005.42
1.19038 3006.64
1.19652 3001.9
1.20267 2994.22
1.20881 2986.43
1.21495 2979.28
1.22108 2966.42
1.2272 2968.58
1.23334 2952.67
1.23949 2951.76
1.24562 2958.76
1.25174 2945.64
1.25789 2939.5
1.26402 2936.67
1.27014 2922.61
1.27628 2927.9
1.28244 2919.08
1.28858 2913.37
1.29471 2911.37
1.30084 2901.91
1.30697 2905.05
1.31312 2889.41
1.31925 2885.38
1.32537 2879.07
1.33151 2877.82
1.33765 2877.21
1.34378 2861.58
1.34992 2861.69
1.35606 2855.77
1.3622 2843.87
1.36833 2841
1.37445 2837.1
1.38059 2843.51
1.38675 2826.38
1.39288 2817.72
1.39901 2810.79
1.40515 2807.81
1.4113 2805.57
1.41742 2795.66
1.42355 2796.29
1.4297 2786.82
1.43585 2780.86
1.44198 2788.02
1.44809 2773.69
1.45423 2766.21
1.46036 2753.41
1.46649 2761.83
1.47263 2749.67
1.47877 2739.79
1.48491 2739.86
1.49104 2737.63
1.49718 2730.5
1.50333 2726.69
1.50947 2727.85
1.5156 2709.1
1.52172 2707.67
1.52787 2701.24
1.534 2699.06
1.54013 2689.25
1.54627 2692.37
1.55241 2683.42
1.55855 2675.21
1.56467 2661.48
1.5708 2668.22
