0.00783031 20279.7
0.013688 25126.8
0.019231 25566.7
0.0249154 23447.4
0.0312784 19708.8
0.0375637 16828.1
0.0433917 14705.8
0.0492413 13140.9
0.0555754 11657.9
0.0619321 11289.1
0.067871 10492.2
0.0738098 9523.52
0.0800417 8426.24
0.0862327 7784.85
0.0921407 6981.58
0.0982031 6060.15
0.104506 5617.08
0.110769 5176.33
0.116806 4893.29
0.122832 4850.38
0.129052 4441.9
0.135211 4217.72
0.141259 3992.81
0.147318 3600.68
0.153489 3556.75
0.159709 3315.92
0.165845 2986.56
0.171974 2998.63
0.178125 2825.07
0.184229 2677.89
0.19034 2601.39
0.196428 2493.78
0.202534 2380.86
0.208729 2292.67
0.214876 2201.74
0.220989 2101.11
0.227147 2029.62
0.23329 1915.36
0.239377 1855.51
0.245482 1823.39
0.251667 1752.23
0.257832 1734.58
0.263955 1687.76
0.270079 1622.29
0.27624 1574.32
0.282372 1538.75
0.28843 1475.75
0.294538 1452.62
0.300721 1428.11
0.30691 1364.15
0.313033 1345.08
0.319153 1307.63
0.325316 1280.27
0.33145 1252.52
0.337538 1234.07
0.343633 1196.62
0.349808 1177.07
0.355968 1133.73
0.362074 1120.1
0.368217 1085.51
0.374374 1073.54
0.380519 1059.09
0.386598 1035.49
0.392688 1012.15
0.39888 991.122
0.405048 978.11
0.411186 952.598
0.417313 939.151
0.423458 930.679
0.429607 913.208
0.435692 898.61
0.441815 878.04
0.447964 857.167
0.454126 849.888
0.460267 829.547
0.466387 831.345
0.47254 811.966
0.478662 797.35
0.484765 781.601
0.490885 770.703
0.497035 759.265
0.503198 747.799
0.509342 740.641
0.515458 731.312
0.521598 717.726
0.527764 711.527
0.533884 698.721
0.54 692.45
0.546137 686.292
0.552299 673.535
0.558452 664.333
0.564573 658.264
0.570708 649.627
0.576825 635.359
0.582926 627.338
0.589034 620.382
0.595184 616.723
0.601379 605.353
0.607522 595.31
0.613639 596.986
0.619772 584.406
0.625918 579.451
0.632068 569.95
0.638161 563.228
0.6443 556.287
0.650464 552.694
0.656582 546.748
0.662703 539.41
0.668861 526.776
0.675024 523.27
0.681124 519.88
0.687237 513.466
0.693381 507.751
0.699536 500.781
0.705665 494.355
0.711789 492.367
0.717957 482.811
0.72409 481.041
0.730186 472.825
0.736317 465.85
0.742472 464.087
0.748622 459.731
0.75476 453.351
0.760888 450.161
0.767043 440.88
0.773185 439.863
0.779291 435.336
0.785407 428.917
0.791564 425.675
0.797719 419.747
0.803834 415.081
0.809972 413.104
0.816124 407.199
0.822261 402.738
0.828378 401.092
0.834502 394.317
0.840667 390.499
0.846816 387.741
0.852925 383.353
0.859047 380.274
0.865192 374.763
0.871341 372.001
0.877463 365.9
0.883569 362.384
0.889708 361.574
0.895864 356.553
0.902008 352.305
0.908149 347.369
0.914301 345.061
0.920448 342.953
0.926574 339.654
0.932687 337.035
0.938823 332.035
0.944975 328.404
0.951105 326.284
0.957225 321.123
0.963368 318.425
0.969511 314.673
0.975621 313.238
0.981748 309.03
0.987916 306.949
0.99406 302.543
1.00019 299.872
1.00632 296.823
1.01246 293.031
1.01859 290.197
1.02471 289.635
1.03085 285.536
1.03698 282.694
1.04314 280.607
1.04929 276.204
1.05541 275.275
1.06154 271.524
1.06769 269.4
1.07382 266.284
1.07993 263.775
1.08607 260.888
1.09222 257.839
1.09836 256.206
1.10449 254.207
1.11063 250.89
1.11677 248.095
1.1229 245.677
1.12903 244.272
1.13518 242.202
1.14131 238.631
1.14745 236.339
1.15359 234.662
1.15973 232.364
1.16584 230.4
1.17197 227.674
1.17811 226.281
1.18424 223.757
1.19038 220.712
1.19652 219.449
1.20267 217.201
1.20881 215.117
1.21495 212.788
1.22108 210.82
1.2272 208.379
1.23334 206.339
1.23949 205.325
1.24562 203.297
1.25174 201.149
1.25789 198.939
1.26402 196.984
1.27014 195.276
1.27628 193.241
1.28244 191.193
1.28858 188.785
1.29471 187.828
1.30084 186.338
1.30697 183.946
1.31312 182.431
1.31925 181.286
1.32537 179.049
1.33151 176.759
1.33765 175.793
1.34378 173.79
1.34992 171.997
1.35606 170.842
1.3622 168.987
1.36833 167.526
1.37445 165.668
1.38059 164.152
1.38675 162.492
1.39288 161.209
1.39901 159.275
1.40515 158.259
1.4113 156.859
1.41742 155.06
1.42355 154.147
1.4297 152.065
1.43585 151.244
1.44198 149.489
1.44809 148.211
1.45423 146.736
1.46036 145.648
1.46649 144.304
1.47263 142.876
1.47877 141.671
1.48491 140.74
1.49104 138.649
1.49718 137.717
1.50333 136.339
1.50947 135.203
1.5156 133.637
1.52172 132.807
1.52787 131.293
1.534 130.401
1.54013 129.123
1.54627 127.783
1.55241 126.782
1.55855 125.483
1.56467 124.149
1.5708 123.085
